# Real Time: 709.883
# Simulation Time: 12.32
# Radar Position: 877.903 -202.237 3.07143
# Radar Quat: 0.0312734 -0.00622117 0.211493 0.976859
PointSet {
 coord Coordinate { point [
881.092 -206.655 3.36054
909.069 -241.72 5.61506
913.012 -239.252 5.38678
919.976 -241.906 5.50537
921.92 -237.271 5.15499
918.139 -226.339 4.42323
918.332 -226.073 4.40356
890.469 -209.404 3.46943
890.635 -209.381 3.46667
919.653 -220.59 4.02514
924.543 -211.259 3.40114
881.091 -206.655 3.34136
909.065 -241.731 5.43949
913.031 -239.288 5.21022
919.965 -241.912 5.30326
921.895 -237.268 4.95791
918.138 -226.35 4.2597
918.322 -226.079 4.23967
890.469 -209.407 3.41892
890.628 -209.381 3.41552
919.66 -220.604 3.8663
924.546 -211.27 3.23555
881.09 -206.656 3.32218
909.061 -241.743 5.26399
919.957 -241.921 5.10143
921.872 -237.265 4.76106
918.136 -226.362 4.09618
918.311 -226.085 4.07586
890.462 -209.407 3.36824
890.562 -209.347 3.36304
919.671 -220.62 3.70745
919.911 -220.377 3.68902
924.55 -211.282 3.06992
881.089 -206.656 3.30301
909.058 -241.755 5.08851
919.954 -241.936 4.89986
921.849 -237.262 4.5644
918.135 -226.373 3.93265
918.301 -226.092 3.91212
890.462 -209.411 3.31774
890.555 -209.347 3.31222
919.686 -220.638 3.54856
919.86 -220.367 3.52897
924.555 -211.293 2.90425
924.775 -210.997 2.88324
905.7 -241.877 4.99152
881.088 -206.656 3.28384
909.055 -241.768 4.91306
919.96 -241.958 4.6986
921.827 -237.26 4.36793
918.134 -226.385 3.76912
918.292 -226.098 3.74845
890.469 -209.418 3.26734
890.566 -209.357 3.26171
919.707 -220.658 3.38957
919.83 -220.365 3.36943
924.562 -211.305 2.73851
924.725 -210.998 2.71737
905.668 -241.847 4.82084
881.087 -206.657 3.26469
909.053 -241.781 4.73762
921.806 -237.259 4.17164
918.134 -226.397 3.60557
918.283 -226.105 3.58483
890.469 -209.422 3.21681
890.56 -209.357 3.21092
892.055 -209.312 3.17475
919.738 -220.683 3.23045
919.809 -220.366 3.21013
924.571 -211.317 2.57268
924.694 -211.003 2.55161
937.561 -204.973 1.91778
936.037 -204.497 1.9237
928.333 -203.841 2.05522
927.583 -203.47 2.05024
905.649 -241.835 4.65123
881.086 -206.657 3.24553
909.052 -241.795 4.56218
921.785 -237.257 3.97551
918.134 -226.409 3.442
918.274 -226.111 3.42125
890.469 -209.426 3.16626
890.553 -209.357 3.16016
892.023 -209.424 3.12654
919.796 -220.72 3.07105
919.793 -220.371 3.05095
924.582 -211.33 2.40673
924.671 -211.009 2.38593
937.465 -207.485 1.85628
937.179 -207.043 1.83808
936.689 -206.591 1.82443
935.802 -206.119 1.81978
934.359 -205.626 1.82811
926.948 -204.835 1.9713
926.453 -204.469 1.96278
926.259 -204.122 1.94769
926.064 -203.778 1.93277
925.905 -203.438 1.91718
925.8 -203.101 1.9004
905.633 -241.828 4.48198
881.085 -206.657 3.22639
909.051 -241.81 4.38671
921.764 -237.256 3.77952
918.134 -226.421 3.27838
918.265 -226.118 3.2577
890.469 -209.429 3.1157
890.547 -209.357 3.10944
892.048 -209.316 3.06426
919.781 -220.376 2.89184
924.595 -211.343 2.24062
924.652 -211.016 2.2203
936.687 -210.336 1.83305
936.54 -209.899 1.81231
936.374 -209.463 1.79212
936.109 -209.018 1.77429
935.833 -208.577 1.75695
935.558 -208.14 1.73985
935.074 -207.688 1.72791
934.14 -207.203 1.72711
930.152 -206.482 1.80124
925.763 -205.787 1.88848
925.39 -205.426 1.87854
925.206 -205.083 1.86409
925.023 -204.742 1.84979
924.864 -204.405 1.835
924.76 -204.072 1.81886
924.675 -203.742 1.80229
924.591 -203.414 1.78578
924.506 -203.086 1.76936
906.375 -202.547 2.2638
905.619 -241.824 4.31294
881.084 -206.658 3.20725
909.05 -241.825 4.21121
921.744 -237.256 3.58365
918.135 -226.434 3.11471
918.257 -226.126 3.09417
890.499 -209.451 3.06512
890.54 -209.357 3.05876
892.023 -209.308 3.00912
919.773 -220.384 2.73275
924.612 -211.357 2.0743
924.636 -211.024 2.0547
936.207 -211.946 1.7322
935.047 -211.344 1.73564
934.935 -210.918 1.71516
934.796 -210.491 1.69547
934.542 -210.052 1.67871
934.281 -209.615 1.66239
934.024 -209.184 1.64616
933.538 -208.73 1.6361
932.563 -208.229 1.63923
927.391 -207.311 1.75467
924.659 -206.7 1.80849
924.375 -206.346 1.79746
924.194 -206.005 1.78382
924.019 -205.667 1.77016
923.859 -205.332 1.75622
923.765 -205.005 1.7405
923.681 -204.679 1.72453
923.602 -204.355 1.70852
923.52 -204.033 1.69263
923.44 -203.711 1.67674
923.36 -203.391 1.66094
923.281 -203.072 1.64513
906.385 -202.553 2.16405
906.214 -202.353 2.15808
905.606 -241.822 4.14406
881.083 -206.658 3.18811
909.051 -241.841 4.03567
921.725 -237.255 3.38791
918.137 -226.447 2.95099
918.249 -226.133 2.93067
890.493 -209.451 3.01444
890.534 -209.357 3.00811
891.726 -209.406 2.9693
892.908 -209.367 2.92598
892.32 -208.963 2.92508
892.566 -208.954 2.91596
892.819 -208.945 2.90658
919.768 -220.393 2.57364
936.566 -214.135 1.63465
924.633 -211.371 1.90769
924.623 -211.031 1.8891
933.51 -212.307 1.6421
933.409 -211.89 1.62238
933.289 -211.471 1.60324
933.042 -211.035 1.58763
932.8 -210.604 1.57212
932.529 -210.174 1.55761
932.071 -209.721 1.54858
931.06 -209.204 1.5557
924.929 -208.064 1.71153
923.587 -207.574 1.73201
923.392 -207.23 1.71952
923.224 -206.891 1.7064
923.054 -206.556 1.69347
922.904 -206.225 1.68004
922.804 -205.9 1.66517
922.728 -205.579 1.64966
922.651 -205.26 1.6342
922.574 -204.941 1.61879
922.498 -204.625 1.60342
922.419 -204.309 1.58817
922.345 -203.995 1.57285
922.267 -203.682 1.55766
922.193 -203.37 1.54243
922.116 -203.059 1.52732
906.396 -202.558 2.06418
906.216 -202.359 2.05913
906.198 -202.161 2.04837
905.594 -241.821 3.9753
881.082 -206.658 3.16898
909.051 -241.858 3.86008
920.158 -241.689 3.46362
921.706 -237.255 3.19228
918.138 -226.46 2.78721
918.242 -226.14 2.76718
890.469 -209.44 2.96394
890.528 -209.357 2.95751
891.879 -209.739 2.92598
891.284 -209.299 2.92598
890.866 -208.963 2.92456
891.074 -208.955 2.91625
891.287 -208.946 2.90771
891.514 -208.941 2.89885
891.757 -208.941 2.88961
892.007 -208.941 2.88008
892.276 -208.947 2.8701
892.542 -208.947 2.85996
892.815 -208.947 2.8495
919.766 -220.403 2.41447
935.726 -215.666 1.54187
934.905 -215.057 1.54072
933.908 -214.423 1.54502
932.922 -213.807 1.54986
932.04 -213.227 1.55259
924.664 -211.388 1.74064
924.611 -211.04 1.7235
931.612 -211.975 1.50034
931.383 -211.548 1.48574
931.135 -211.123 1.47192
930.674 -210.668 1.46475
929.614 -210.129 1.47644
923.23 -208.828 1.65514
922.61 -208.42 1.65674
922.447 -208.081 1.64418
922.285 -207.745 1.63176
922.124 -207.412 1.61941
921.974 -207.082 1.60683
921.879 -206.762 1.59251
921.808 -206.445 1.57747
921.733 -206.129 1.56259
921.661 -205.815 1.54764
921.589 -205.503 1.53276
921.518 -205.191 1.51791
921.443 -204.881 1.50321
921.372 -204.573 1.48843
921.299 -204.265 1.47375
921.226 -203.959 1.45912
921.155 -203.654 1.44445
921.081 -203.35 1.42992
921.011 -203.047 1.4153
906.409 -202.564 1.96416
906.219 -202.364 1.96012
906.197 -202.167 1.94956
906.297 -201.968 1.93414
905.584 -241.822 3.80664
881.081 -206.659 3.14986
909.053 -241.876 3.68443
920.117 -241.668 3.26188
921.687 -237.256 2.99676
918.141 -226.473 2.62336
890.75 -209.846 2.92158
890.75 -209.726 2.91568
890.469 -209.444 2.91333
890.521 -209.357 2.90694
890.758 -209.373 2.89808
890.758 -209.256 2.8923
890.758 -209.14 2.88656
890.758 -209.024 2.88085
890.818 -208.941 2.87425
891.052 -208.947 2.86491
891.282 -208.947 2.85548
891.518 -208.947 2.84576
891.761 -208.947 2.83576
892.011 -208.947 2.82544
892.268 -208.947 2.81481
892.502 -208.933 2.80442
892.78 -208.935 2.79303
919.767 -220.414 2.25522
934.897 -217.174 1.44997
934.101 -216.547 1.45026
933.281 -215.927 1.45192
932.316 -215.286 1.45855
931.361 -214.663 1.46565
930.631 -214.106 1.46672
930.545 -213.702 1.44854
930.437 -213.295 1.43112
930.237 -212.872 1.41671
924.742 -211.413 1.57179
924.602 -211.048 1.55788
929.323 -211.57 1.3848
928.231 -211.009 1.40075
922.172 -209.633 1.58424
921.687 -209.238 1.58327
921.532 -208.901 1.57136
921.377 -208.567 1.55957
921.225 -208.237 1.54778
921.075 -207.909 1.53604
920.988 -207.592 1.52216
920.918 -207.279 1.50773
920.85 -206.967 1.49325
920.78 -206.657 1.47892
920.712 -206.348 1.46452
920.643 -206.041 1.45022
920.573 -205.735 1.43596
920.506 -205.43 1.42166
920.439 -205.127 1.40738
920.37 -204.824 1.39324
920.301 -204.523 1.3791
920.233 -204.223 1.36494
920.163 -203.925 1.35091
920.095 -203.627 1.33681
919.963 -203.329 1.32543
919.636 -203.029 1.32225
906.422 -202.57 1.86397
906.221 -202.37 1.86108
906.196 -202.172 1.85073
906.292 -201.974 1.83515
917.793 -201.6 1.31897
881.406 -207.572 3.15546
905.574 -241.824 3.63805
881.08 -206.659 3.13073
909.056 -241.895 3.5087
920.087 -241.656 3.06045
921.669 -237.256 2.80133
918.144 -226.487 2.45942
890.758 -209.854 2.86929
890.758 -209.733 2.86359
890.469 -209.447 2.86269
890.515 -209.357 2.8564
890.758 -209.377 2.84669
890.758 -209.26 2.84111
890.758 -209.143 2.83556
890.758 -209.028 2.83004
890.822 -208.947 2.82331
891.045 -208.947 2.81345
891.275 -208.947 2.8033
891.486 -208.935 2.79337
891.743 -208.942 2.78231
891.992 -208.942 2.77123
892.249 -208.942 2.7598
892.514 -208.942 2.74802
892.787 -208.942 2.73585
893.079 -208.947 2.72302
919.771 -220.427 2.09584
934.058 -218.653 1.3592
933.286 -218.009 1.36095
932.544 -217.386 1.36243
931.699 -216.749 1.36774
930.788 -216.108 1.37589
929.604 -215.412 1.3936
929.278 -214.948 1.38411
929.199 -214.549 1.36668
929.097 -214.148 1.3501
928.919 -213.732 1.33619
928.719 -213.315 1.32319
928.47 -212.891 1.31202
927.989 -212.426 1.30924
924.056 -211.289 1.4295
921.163 -210.407 1.51548
920.794 -210.028 1.512
920.644 -209.693 1.50083
920.499 -209.362 1.48954
920.352 -209.033 1.47846
920.215 -208.708 1.46709
920.122 -208.393 1.45415
920.058 -208.084 1.44013
919.993 -207.775 1.42621
919.929 -207.469 1.41227
919.864 -207.164 1.39843
919.8 -206.86 1.38454
919.734 -206.557 1.37081
919.67 -206.256 1.35701
919.605 -205.957 1.34327
919.54 -205.658 1.32959
919.476 -205.361 1.31585
919.41 -205.065 1.30223
919.347 -204.77 1.28853
919.266 -204.475 1.27563
918.987 -204.173 1.27141
918.624 -203.87 1.27112
918.26 -203.574 1.2711
917.909 -203.282 1.27076
917.556 -202.996 1.27075
906.438 -202.576 1.76357
906.224 -202.376 1.76198
906.196 -202.178 1.75186
906.286 -201.98 1.73615
915.889 -201.637 1.26974
915.568 -201.378 1.26965
881.401 -207.566 3.133
905.565 -241.826 3.46951
881.079 -206.659 3.11162
909.06 -241.916 3.33288
893.81 -219.577 3.09038
894.034 -219.577 3.08094
920.063 -241.65 2.8592
921.651 -237.258 2.60599
918.147 -226.501 2.29539
890.758 -209.858 2.81705
890.784 -209.753 2.81103
890.419 -209.423 2.81306
890.509 -209.357 2.8059
890.758 -209.38 2.79528
890.758 -209.263 2.7899
890.758 -209.147 2.78454
890.758 -209.032 2.77921
890.815 -208.947 2.77257
891.038 -208.947 2.76202
891.267 -208.947 2.75117
891.493 -208.942 2.74024
891.735 -208.942 2.72874
891.984 -208.942 2.71688
892.241 -208.942 2.70465
892.506 -208.942 2.69203
892.778 -208.942 2.67901
893.07 -208.947 2.66526
919.778 -220.441 1.93629
934.774 -220.613 1.21835
932.465 -219.447 1.2724
931.738 -218.806 1.27554
931.032 -218.184 1.27857
930.175 -217.529 1.28729
929.317 -216.89 1.29675
928.085 -216.16 1.31988
927.975 -215.754 1.30447
927.903 -215.361 1.28779
927.819 -214.968 1.27158
927.648 -214.555 1.2586
927.456 -214.142 1.24655
927.213 -213.72 1.23655
926.648 -213.23 1.23883
921.679 -211.787 1.40863
920.187 -211.152 1.449
919.926 -210.791 1.44285
919.783 -210.458 1.43225
919.645 -210.129 1.42161
919.506 -209.802 1.41108
919.373 -209.48 1.40041
919.285 -209.167 1.388
919.224 -208.861 1.37454
919.163 -208.556 1.3611
919.101 -208.252 1.34773
919.042 -207.951 1.33429
918.98 -207.65 1.32101
918.92 -207.352 1.30764
918.86 -207.054 1.29431
918.8 -206.758 1.281
918.737 -206.463 1.26782
918.677 -206.169 1.25457
918.616 -205.876 1.24138
918.514 -205.582 1.23006
918.352 -205.284 1.2215
917.997 -204.976 1.22198
917.652 -204.673 1.2222
917.306 -204.376 1.2227
916.971 -204.084 1.22296
916.639 -203.797 1.22325
916.31 -203.515 1.22368
915.991 -203.239 1.22379
915.673 -202.966 1.22409
906.456 -202.582 1.6629
906.226 -202.381 1.66283
906.195 -202.184 1.65297
906.281 -201.985 1.63715
914.157 -201.67 1.22502
913.866 -201.423 1.22521
913.577 -201.18 1.22546
892.891 -226.105 3.27826
893.123 -226.102 3.2688
881.402 -207.569 3.11067
905.556 -241.83 3.30101
881.077 -206.66 3.0925
909.066 -241.94 3.15694
893.037 -220.452 3.07399
893.037 -220.196 3.06468
893.037 -219.943 3.0555
893.037 -219.695 3.04643
893.148 -219.577 3.03723
893.364 -219.577 3.02772
893.582 -219.577 3.01806
893.804 -219.577 3.00825
894.028 -219.577 2.99828
889.996 -213.546 2.95195
889.993 -213.386 2.94589
889.99 -213.228 2.93989
889.987 -213.072 2.93394
889.984 -212.918 2.92805
889.981 -212.766 2.92222
889.978 -212.616 2.91643
889.975 -212.468 2.9107
890.128 -212.451 2.90289
921.635 -237.259 2.41071
918.152 -226.515 2.13126
890.758 -209.862 2.7648
890.808 -209.77 2.75832
890.419 -209.426 2.76259
890.502 -209.357 2.75543
890.758 -209.384 2.74385
890.758 -209.267 2.73867
890.758 -209.151 2.7335
890.758 -209.035 2.72836
890.808 -208.947 2.72186
891.031 -208.947 2.71063
891.26 -208.947 2.69907
891.485 -208.942 2.68746
891.727 -208.942 2.6752
891.977 -208.942 2.66257
892.233 -208.942 2.64954
892.497 -208.942 2.6361
892.769 -208.942 2.62222
893.061 -208.947 2.60754
919.789 -220.456 1.77652
920.029 -220.213 1.75281
931.629 -220.859 1.18469
930.931 -220.204 1.18905
930.247 -219.566 1.19345
929.545 -218.934 1.19904
928.707 -218.273 1.21014
927.898 -217.634 1.22084
926.783 -216.918 1.24355
926.718 -216.528 1.22753
926.651 -216.14 1.21162
926.578 -215.753 1.196
926.417 -215.344 1.18385
926.243 -214.936 1.17235
925.992 -214.512 1.16401
925.356 -213.998 1.17125
919.869 -212.325 1.37489
919.251 -211.872 1.3842
919.076 -211.529 1.37571
918.946 -211.199 1.36552
918.813 -210.871 1.35555
918.683 -210.547 1.3455
918.564 -210.227 1.33511
918.472 -209.916 1.32363
918.413 -209.612 1.31074
918.358 -209.311 1.29774
918.3 -209.01 1.28488
918.245 -208.712 1.27192
918.187 -208.415 1.25909
918.13 -208.119 1.24624
918.073 -207.824 1.23339
918.015 -207.531 1.22067
917.959 -207.24 1.20783
917.901 -206.949 1.19509
917.846 -206.66 1.18225
917.718 -206.365 1.17288
917.38 -206.051 1.17367
917.041 -205.743 1.1747
916.717 -205.441 1.1753
916.389 -205.143 1.17625
916.07 -204.851 1.17697
915.757 -204.564 1.17767
915.444 -204.282 1.17854
915.14 -204.004 1.17914
914.839 -203.731 1.17977
914.54 -203.463 1.18054
914.248 -203.199 1.18109
913.961 -202.939 1.1816
906.478 -202.588 1.56184
906.229 -202.387 1.56362
906.194 -202.189 1.55404
906.277 -201.991 1.53814
912.545 -201.701 1.18586
909.742 -201.52 1.32527
908.607 -201.33 1.37486
908.131 -201.132 1.38872
893.117 -226.104 3.16999
881.404 -207.574 3.08832
905.548 -241.835 3.13253
881.076 -206.66 3.0734
909.079 -241.973 2.98082
893.037 -220.459 2.9913
893.037 -220.203 2.98268
893.037 -219.951 2.97416
893.037 -219.702 2.96574
893.142 -219.577 2.95665
893.357 -219.577 2.94664
893.576 -219.577 2.93648
893.797 -219.577 2.92615
889.997 -215.248 2.95424
889.994 -215.064 2.94798
889.991 -214.883 2.9418
889.988 -214.704 2.93567
889.985 -214.528 2.92961
889.982 -214.355 2.92362
889.979 -214.184 2.91768
889.976 -214.015 2.9118
889.973 -213.849 2.90598
889.97 -213.685 2.90021
889.967 -213.524 2.8945
889.964 -213.364 2.88884
889.962 -213.207 2.88322
889.959 -213.051 2.87766
889.956 -212.898 2.87214
889.953 -212.746 2.86667
889.951 -212.597 2.86125
889.948 -212.449 2.85586
890.091 -212.425 2.84786
921.618 -237.262 2.21549
918.157 -226.53 1.96699
890.758 -209.866 2.71252
890.758 -209.745 2.70746
890.419 -209.43 2.7121
890.496 -209.357 2.70499
890.723 -209.368 2.69342
890.758 -209.27 2.68742
890.758 -209.154 2.68244
890.758 -209.039 2.67749
890.801 -208.947 2.67119
891.024 -208.947 2.65928
891.253 -208.947 2.64702
891.478 -208.942 2.63471
891.72 -208.942 2.6217
891.969 -208.942 2.6083
892.225 -208.942 2.59447
892.489 -208.942 2.5802
892.761 -208.942 2.56547
893.053 -208.947 2.54986
919.804 -220.474 1.61645
919.979 -220.202 1.59459
924.073 -220.446 1.38208
924.196 -220.123 1.36033
931.96 -222.693 1.05358
930.106 -221.576 1.10329
929.446 -220.924 1.109
928.804 -220.29 1.11452
928.076 -219.639 1.12383
927.288 -218.98 1.1361
926.525 -218.344 1.14793
925.569 -217.659 1.16804
925.5 -217.271 1.15312
925.445 -216.889 1.13774
925.376 -216.506 1.12291
925.231 -216.104 1.1113
925.062 -215.698 1.1008
924.796 -215.268 1.09453
924.097 -214.727 1.1068
918.871 -213.006 1.3136
918.422 -212.586 1.3178
918.253 -212.243 1.31011
918.129 -211.915 1.30054
918.003 -211.589 1.29113
917.881 -211.267 1.28163
917.756 -210.947 1.27234
917.679 -210.64 1.26096
917.624 -210.339 1.24857
917.571 -210.041 1.23613
917.52 -209.744 1.22364
917.466 -209.448 1.2113
917.414 -209.154 1.19883
886.357 -203.638 2.6658
886.291 -203.567 2.6658
886.225 -203.497 2.6658
886.16 -203.428 2.6658
886.096 -203.36 2.6658
886.033 -203.293 2.6658
885.971 -203.227 2.6658
885.909 -203.163 2.6658
885.849 -203.099 2.6658
885.789 -203.037 2.6658
885.73 -202.975 2.6658
885.671 -202.915 2.6658
885.614 -202.855 2.6658
885.556 -202.796 2.6658
885.5 -202.739 2.6658
885.444 -202.682 2.6658
885.389 -202.626 2.6658
885.335 -202.57 2.6658
885.281 -202.516 2.6658
885.228 -202.463 2.6658
885.175 -202.41 2.6658
885.123 -202.358 2.66577
885.08 -202.307 2.6653
885.037 -202.256 2.66483
884.995 -202.206 2.66435
884.953 -202.157 2.66387
884.912 -202.108 2.66338
884.871 -202.06 2.66289
884.831 -202.012 2.66239
884.791 -201.965 2.66189
884.752 -201.918 2.66138
905.541 -241.84 2.96405
881.075 -206.66 3.05429
889.997 -217.227 2.95396
889.994 -217.011 2.94749
889.991 -216.798 2.9411
889.987 -216.589 2.9348
889.984 -216.384 2.92856
889.981 -216.182 2.9224
889.978 -215.984 2.91631
889.975 -215.788 2.91029
889.972 -215.596 2.90433
889.969 -215.407 2.89844
889.966 -215.221 2.89261
889.963 -215.037 2.88684
889.961 -214.856 2.88112
889.958 -214.678 2.87547
889.955 -214.503 2.86986
889.952 -214.33 2.86431
889.949 -214.16 2.85881
889.947 -213.992 2.85336
889.944 -213.826 2.84796
889.941 -213.663 2.8426
889.939 -213.501 2.83729
889.936 -213.342 2.83202
889.933 -213.185 2.8268
889.931 -213.03 2.82161
889.928 -212.877 2.81647
889.926 -212.726 2.81136
889.923 -212.577 2.80629
889.921 -212.43 2.80125
890.086 -212.425 2.79243
921.603 -237.264 2.02031
897.828 -216.039 2.51147
918.163 -226.546 1.80259
890.758 -209.869 2.66022
890.758 -209.748 2.65538
890.469 -209.462 2.65997
890.489 -209.358 2.65457
890.716 -209.368 2.64231
890.758 -209.274 2.63614
890.758 -209.158 2.63136
890.758 -209.042 2.62659
890.794 -208.947 2.62055
891.017 -208.947 2.60796
891.246 -208.947 2.59499
891.47 -208.942 2.582
891.712 -208.942 2.56824
891.961 -208.942 2.55407
892.217 -208.942 2.53944
892.48 -208.942 2.52435
892.752 -208.942 2.50876
893.044 -208.947 2.49223
919.825 -220.494 1.45597
919.949 -220.2 1.43591
932.841 -224.812 0.895119
923.626 -220.651 1.24326
923.696 -220.309 1.22384
923.903 -220.021 1.19883
927.399 -220.979 1.03873
926.653 -220.308 1.0517
925.908 -219.652 1.06512
925.189 -219.018 1.07803
924.375 -218.365 1.09547
924.326 -217.986 1.08072
924.273 -217.608 1.06621
924.208 -217.229 1.0522
924.077 -216.832 1.04118
923.926 -216.432 1.03113
923.631 -215.992 1.02755
920.049 -214.593 1.17221
917.936 -213.67 1.25276
917.585 -213.271 1.25422
917.448 -212.936 1.24606
917.33 -212.609 1.23712
917.213 -212.286 1.2282
917.097 -211.965 1.21932
916.988 -211.649 1.21017
916.913 -211.343 1.19941
916.856 -211.044 1.18782
916.808 -210.748 1.17583
916.76 -210.454 1.16385
916.71 -210.161 1.15198
916.663 -209.87 1.13998
886.337 -203.82 2.6462
886.277 -203.748 2.64612
886.217 -203.677 2.64603
886.158 -203.607 2.64593
886.101 -203.538 2.64581
886.044 -203.471 2.64568
885.988 -203.404 2.64554
885.933 -203.339 2.64539
885.879 -203.274 2.64523
885.826 -203.211 2.64506
885.773 -203.148 2.64487
885.721 -203.087 2.64468
885.67 -203.026 2.64448
885.62 -202.966 2.64426
885.57 -202.907 2.64404
885.521 -202.849 2.64381
885.473 -202.792 2.64356
885.425 -202.735 2.64331
885.378 -202.679 2.64305
885.332 -202.624 2.64278
885.286 -202.57 2.64251
885.241 -202.516 2.64222
885.196 -202.463 2.64193
885.152 -202.411 2.64162
885.108 -202.359 2.64131
885.065 -202.308 2.64099
885.023 -202.257 2.64067
884.981 -202.207 2.64033
884.939 -202.158 2.63999
884.898 -202.109 2.63964
884.857 -202.061 2.63928
884.817 -202.014 2.63892
884.777 -201.967 2.63854
884.738 -201.92 2.63816
884.699 -201.874 2.63778
905.534 -241.846 2.79556
881.074 -206.66 3.03518
889.979 -218.328 2.91756
889.976 -218.092 2.91132
889.973 -217.861 2.90517
889.97 -217.633 2.89909
889.966 -217.41 2.89309
889.964 -217.191 2.88715
889.961 -216.976 2.88129
889.958 -216.764 2.87549
889.955 -216.556 2.86976
889.952 -216.352 2.86409
889.949 -216.151 2.85848
889.946 -215.953 2.85292
889.944 -215.758 2.84743
889.941 -215.567 2.84198
889.938 -215.378 2.8366
889.936 -215.193 2.83126
889.933 -215.01 2.82597
889.93 -214.83 2.82073
889.928 -214.653 2.81553
889.925 -214.478 2.81038
889.923 -214.305 2.80527
889.92 -214.136 2.8002
889.918 -213.968 2.79518
889.915 -213.803 2.79019
889.913 -213.64 2.78524
889.91 -213.479 2.78033
889.908 -213.321 2.77545
889.905 -213.164 2.77061
889.903 -213.01 2.7658
889.9 -212.857 2.76102
889.898 -212.707 2.75627
889.896 -212.558 2.75155
889.91 -212.425 2.74643
890.081 -212.425 2.73702
921.588 -237.268 1.82515
897.812 -216.035 2.42725
918.17 -226.562 1.63802
918.196 -226.196 1.62258
890.758 -209.752 2.60327
890.758 -209.632 2.59865
890.483 -209.358 2.60419
890.71 -209.368 2.59123
890.758 -209.278 2.58485
890.758 -209.161 2.58026
890.758 -209.046 2.57568
890.788 -208.947 2.56994
891.01 -208.947 2.55667
891.238 -208.947 2.543
891.463 -208.942 2.52932
891.704 -208.942 2.51482
891.953 -208.942 2.49987
892.208 -208.942 2.48445
892.472 -208.942 2.46853
892.743 -208.942 2.4521
893.035 -208.947 2.43464
919.855 -220.518 1.29485
919.927 -220.202 1.27701
927.192 -222.905 0.949812
926.612 -222.263 0.957596
923.864 -220.759 1.06057
923.486 -220.238 1.06103
923.715 -219.96 1.0348
923.319 -219.444 1.03638
923.228 -219.049 1.02446
923.183 -218.674 1.01051
923.141 -218.302 0.996474
923.086 -217.929 0.983004
922.96 -217.533 0.972913
922.802 -217.131 0.964369
922.488 -216.683 0.963287
917.745 -214.838 1.17317
917.02 -214.308 1.19379
916.771 -213.935 1.19192
916.662 -213.608 1.18342
916.55 -213.282 1.17509
916.441 -212.961 1.16668
916.33 -212.642 1.15839
916.223 -212.326 1.15001
916.148 -212.022 1.14
916.106 -211.727 1.12842
916.06 -211.434 1.11699
916.017 -211.142 1.10548
915.972 -210.852 1.09401
915.926 -210.563 1.0826
915.883 -210.277 1.07108
915.839 -209.991 1.05958
886.378 -203.891 2.61702
886.317 -203.818 2.6172
886.256 -203.746 2.61737
886.197 -203.675 2.61751
886.139 -203.605 2.61764
886.081 -203.537 2.61776
886.025 -203.469 2.61785
885.969 -203.403 2.61793
885.915 -203.338 2.61799
885.861 -203.274 2.61804
885.807 -203.21 2.61807
885.755 -203.148 2.61809
885.704 -203.086 2.61809
885.653 -203.026 2.61808
885.603 -202.966 2.61806
885.553 -202.907 2.61802
885.504 -202.849 2.61797
885.456 -202.792 2.6179
885.409 -202.735 2.61782
885.362 -202.68 2.61773
885.316 -202.625 2.61763
885.27 -202.57 2.61752
885.225 -202.517 2.61739
885.181 -202.464 2.61725
885.137 -202.412 2.6171
885.093 -202.36 2.61694
885.05 -202.309 2.61677
885.008 -202.259 2.61659
884.966 -202.209 2.6164
884.925 -202.16 2.61619
884.884 -202.111 2.61598
884.843 -202.063 2.61576
884.803 -202.015 2.61552
884.764 -201.968 2.61528
884.725 -201.922 2.61502
884.686 -201.876 2.61476
884.647 -201.83 2.61449
905.528 -241.853 2.62705
895.536 -227.156 2.77858
881.073 -206.661 3.01608
893.422 -223.534 2.79844
893.131 -222.832 2.79626
889.944 -218.288 2.84788
889.941 -218.053 2.84232
889.938 -217.823 2.83682
889.936 -217.596 2.83138
889.933 -217.374 2.826
889.93 -217.156 2.82068
889.928 -216.942 2.81541
889.925 -216.731 2.8102
889.923 -216.524 2.80503
889.92 -216.32 2.79992
889.917 -216.12 2.79485
889.915 -215.923 2.78983
889.912 -215.729 2.78486
889.91 -215.538 2.77992
889.908 -215.35 2.77503
889.905 -215.165 2.77018
889.903 -214.983 2.76537
889.9 -214.804 2.7606
889.898 -214.627 2.75586
889.896 -214.453 2.75116
889.893 -214.281 2.74649
889.891 -214.112 2.74185
889.889 -213.945 2.73724
889.886 -213.78 2.73267
889.884 -213.618 2.72812
889.882 -213.458 2.7236
889.88 -213.299 2.71911
889.877 -213.143 2.71465
889.875 -212.99 2.71021
889.873 -212.837 2.7058
889.871 -212.687 2.70141
889.869 -212.539 2.69704
889.904 -212.425 2.69149
890.076 -212.425 2.68163
890.25 -212.425 2.67156
921.575 -237.272 1.62998
897.803 -216.034 2.34289
918.179 -226.58 1.47324
918.191 -226.205 1.45896
890.758 -209.756 2.55114
890.758 -209.636 2.54673
890.477 -209.358 2.55384
890.703 -209.368 2.54017
890.758 -209.281 2.53353
890.758 -209.165 2.52913
890.758 -209.05 2.52474
890.781 -208.947 2.51937
891.003 -208.947 2.50541
891.231 -208.947 2.49104
891.456 -208.942 2.47668
891.697 -208.942 2.46143
891.945 -208.942 2.44571
892.2 -208.942 2.42949
892.463 -208.942 2.41276
892.735 -208.942 2.39547
893.026 -208.947 2.3771
919.913 -220.554 1.13219
919.911 -220.206 1.11795
923.923 -221.545 0.915889
923.267 -220.899 0.93111
922.165 -220.085 0.967932
922.112 -219.706 0.955352
922.075 -219.336 0.942009
922.036 -218.968 0.928744
921.989 -218.6 0.915906
921.871 -218.208 0.906571
921.723 -217.809 0.898818
921.334 -217.33 0.903087
916.633 -215.392 1.1242
916.157 -214.934 1.13489
915.993 -214.585 1.13
915.887 -214.258 1.12227
915.785 -213.936 1.11432
915.684 -213.616 1.10642
915.579 -213.299 1.09871
915.487 -212.987 1.0904
915.414 -212.684 1.08111
915.372 -212.391 1.0702
915.331 -212.1 1.05923
915.293 -211.811 1.04814
915.25 -211.523 1.03722
915.21 -211.237 1.02619
915.169 -210.952 1.01522
915.127 -210.669 1.00428
915.081 -210.386 0.993546
914.915 -210.079 0.98959
914.635 -209.752 0.99215
886.357 -203.889 2.5879
886.296 -203.816 2.58833
886.236 -203.744 2.58874
886.177 -203.673 2.58912
886.119 -203.604 2.58948
886.062 -203.535 2.58982
886.006 -203.468 2.59014
885.95 -203.402 2.59043
885.896 -203.337 2.59071
885.842 -203.273 2.59096
885.789 -203.21 2.5912
885.737 -203.147 2.59141
885.686 -203.086 2.59161
885.635 -203.026 2.59179
885.586 -202.966 2.59195
885.536 -202.907 2.5921
885.488 -202.849 2.59223
885.44 -202.792 2.59234
885.393 -202.736 2.59243
885.346 -202.68 2.59251
885.3 -202.625 2.59257
885.255 -202.571 2.59262
885.21 -202.518 2.59265
885.165 -202.465 2.59267
885.122 -202.413 2.59267
885.079 -202.361 2.59266
885.036 -202.31 2.59264
884.994 -202.26 2.5926
884.952 -202.21 2.59255
884.911 -202.161 2.59248
884.87 -202.113 2.5924
884.829 -202.065 2.59231
884.79 -202.017 2.59221
884.75 -201.97 2.59209
884.711 -201.924 2.59196
884.672 -201.878 2.59182
884.634 -201.832 2.59167
884.596 -201.787 2.5915
895.448 -228.176 2.69698
895.642 -228.072 2.68498
895.403 -227.348 2.68247
893.125 -223.759 2.7263
881.072 -206.661 2.99697
893.16 -223.183 2.71245
889.912 -218.486 2.78349
889.909 -218.248 2.77854
889.907 -218.014 2.77364
889.904 -217.785 2.76879
889.902 -217.56 2.76399
889.9 -217.338 2.75923
889.897 -217.121 2.75451
889.895 -216.907 2.74983
889.893 -216.698 2.7452
889.89 -216.491 2.7406
889.888 -216.288 2.73603
889.886 -216.089 2.73151
889.884 -215.892 2.72702
889.881 -215.699 2.72256
889.879 -215.509 2.71813
889.877 -215.322 2.71373
889.875 -215.138 2.70937
889.873 -214.956 2.70503
889.87 -214.777 2.70072
889.868 -214.601 2.69643
889.866 -214.428 2.69217
889.864 -214.256 2.68794
889.862 -214.088 2.68373
889.86 -213.921 2.67954
889.858 -213.757 2.67537
889.856 -213.595 2.67122
889.854 -213.436 2.6671
889.851 -213.278 2.66299
889.849 -213.123 2.6589
889.847 -212.969 2.65483
889.845 -212.818 2.65078
889.843 -212.668 2.64675
889.841 -212.52 2.64272
889.899 -212.425 2.63656
890.07 -212.425 2.62624
890.244 -212.425 2.61571
921.564 -237.279 1.4347
897.785 -216.028 2.25888
918.19 -226.598 1.30819
918.185 -226.214 1.29524
890.758 -209.76 2.49897
890.459 -209.468 2.5081
890.459 -209.351 2.504
890.696 -209.368 2.48914
890.758 -209.285 2.48217
890.758 -209.169 2.47797
890.758 -209.053 2.47377
890.774 -208.947 2.46881
890.996 -208.947 2.45417
891.224 -208.947 2.4391
891.448 -208.942 2.42406
891.689 -208.942 2.40806
891.937 -208.942 2.39158
892.182 -208.937 2.37507
892.455 -208.942 2.357
892.726 -208.942 2.33887
893.017 -208.947 2.31958
922 -221.477 0.867646
919.899 -220.212 0.958677
921.024 -220.339 0.887939
920.995 -219.974 0.875164
920.964 -219.611 0.862515
920.91 -219.242 0.850988
920.809 -218.857 0.841963
920.649 -218.453 0.83603
917.576 -216.97 0.983348
915.718 -215.98 1.06842
915.349 -215.551 1.07539
915.228 -215.215 1.06931
915.129 -214.89 1.0621
915.035 -214.57 1.05468
914.941 -214.252 1.0473
914.843 -213.936 1.04014
914.752 -213.625 1.03262
914.687 -213.324 1.0237
914.653 -213.035 1.01306
914.616 -212.746 1.00258
914.58 -212.46 0.992021
914.544 -212.174 0.981482
914.506 -211.89 0.971006
914.47 -211.609 0.960405
914.434 -211.328 0.949832
914.286 -211.022 0.945719
914.023 -210.692 0.948505
913.759 -210.367 0.951436
913.494 -210.046 0.954576
913.231 -209.73 0.957721
912.979 -209.421 0.960379
886.336 -203.886 2.5589
886.276 -203.814 2.55958
886.216 -203.742 2.56022
886.157 -203.672 2.56084
886.1 -203.602 2.56143
886.043 -203.534 2.56199
885.987 -203.467 2.56253
885.932 -203.401 2.56304
885.878 -203.336 2.56353
885.824 -203.272 2.56399
885.771 -203.209 2.56442
885.72 -203.147 2.56484
885.669 -203.086 2.56523
885.618 -203.025 2.5656
885.569 -202.966 2.56594
885.52 -202.907 2.56627
885.471 -202.85 2.56658
885.424 -202.793 2.56686
885.377 -202.736 2.56713
885.33 -202.681 2.56737
885.284 -202.626 2.5676
885.239 -202.572 2.56781
885.194 -202.519 2.568
885.15 -202.466 2.56817
885.107 -202.414 2.56833
885.064 -202.362 2.56846
885.021 -202.312 2.56858
884.979 -202.261 2.56869
884.938 -202.212 2.56878
884.896 -202.163 2.56885
884.856 -202.114 2.56891
884.816 -202.066 2.56895
884.776 -202.019 2.56897
884.737 -201.972 2.56898
884.698 -201.926 2.56898
884.659 -201.88 2.56896
884.621 -201.835 2.56893
884.583 -201.79 2.56888
884.546 -201.745 2.56882
895.634 -228.071 2.57567
895.403 -227.358 2.57549
893.125 -223.767 2.63415
881.071 -206.661 2.97787
893.156 -223.186 2.62197
889.877 -218.446 2.71385
889.875 -218.208 2.70958
889.873 -217.976 2.70534
889.871 -217.747 2.70113
889.868 -217.523 2.69695
889.866 -217.303 2.6928
889.864 -217.086 2.68868
889.862 -216.873 2.68459
889.86 -216.664 2.68053
889.858 -216.459 2.67649
889.856 -216.257 2.67247
889.854 -216.058 2.66848
889.852 -215.862 2.66451
889.85 -215.67 2.66056
889.848 -215.48 2.65664
889.846 -215.294 2.65273
889.844 -215.11 2.64884
889.842 -214.929 2.64497
889.841 -214.751 2.64112
889.839 -214.576 2.63728
889.837 -214.403 2.63346
889.835 -214.232 2.62966
889.833 -214.064 2.62587
889.831 -213.898 2.62209
889.829 -213.735 2.61833
889.827 -213.573 2.61458
889.825 -213.414 2.61085
889.824 -213.257 2.60712
889.822 -213.102 2.6034
889.82 -212.949 2.5997
889.818 -212.798 2.59601
889.816 -212.649 2.59232
889.834 -212.518 2.58786
889.894 -212.425 2.58165
890.065 -212.425 2.57088
890.239 -212.425 2.5599
921.556 -237.288 1.23932
897.767 -216.023 2.17499
918.204 -226.619 1.14287
918.18 -226.222 1.13153
890.513 -209.62 2.45863
890.476 -209.481 2.45651
890.625 -209.449 2.44529
890.69 -209.368 2.43814
890.758 -209.289 2.4308
890.758 -209.172 2.42679
890.758 -209.057 2.42278
890.767 -208.947 2.41829
890.989 -208.947 2.40298
891.216 -208.947 2.38721
891.44 -208.942 2.37148
891.681 -208.942 2.35474
891.929 -208.942 2.33749
892.124 -208.914 2.3228
892.446 -208.942 2.30131
892.717 -208.942 2.28233
893.008 -208.947 2.26211
919.941 -220.589 0.809929
919.891 -220.219 0.799262
919.875 -219.867 0.78677
919.775 -219.483 0.778808
919.6 -219.071 0.775009
915.3 -217.031 0.999607
914.825 -216.546 1.01399
914.578 -216.156 1.0159
914.478 -215.827 1.00966
914.386 -215.504 1.003
914.298 -215.185 0.996116
914.211 -214.87 0.989253
914.119 -214.555 0.982626
914.039 -214.247 0.97542
913.978 -213.948 0.967065
913.948 -213.661 0.956888
913.915 -213.374 0.946905
913.884 -213.091 0.93674
913.851 -212.807 0.926735
913.819 -212.526 0.916586
913.783 -212.245 0.906718
913.645 -211.939 0.902966
913.412 -211.61 0.905084
913.155 -211.279 0.908816
912.907 -210.955 0.912055
912.657 -210.636 0.915568
912.41 -210.321 0.919051
912.173 -210.014 0.92201
911.932 -209.71 0.925328
911.694 -209.41 0.92858
911.465 -209.117 0.931342
886.315 -203.884 2.53004
886.255 -203.812 2.53096
886.196 -203.74 2.53184
886.137 -203.67 2.53269
886.08 -203.601 2.53351
886.024 -203.533 2.53429
885.968 -203.466 2.53505
885.913 -203.4 2.53577
885.859 -203.335 2.53646
885.806 -203.271 2.53713
885.754 -203.208 2.53777
885.702 -203.147 2.53838
885.651 -203.085 2.53896
885.601 -203.025 2.53952
885.552 -202.966 2.54005
885.503 -202.907 2.54055
885.455 -202.85 2.54104
885.407 -202.793 2.54149
885.36 -202.737 2.54193
885.314 -202.681 2.54234
885.269 -202.627 2.54273
885.224 -202.573 2.5431
885.179 -202.519 2.54344
885.135 -202.467 2.54377
885.092 -202.415 2.54407
885.049 -202.363 2.54436
885.006 -202.313 2.54463
884.965 -202.263 2.54487
884.923 -202.213 2.5451
884.882 -202.164 2.54531
884.842 -202.116 2.5455
884.802 -202.068 2.54567
884.762 -202.021 2.54582
884.723 -201.974 2.54596
884.684 -201.928 2.54608
884.646 -201.882 2.54618
884.608 -201.837 2.54627
884.57 -201.792 2.54634
884.533 -201.747 2.54639
884.496 -201.703 2.54643
880.985 -206.673 2.96369
893.131 -223.786 2.54169
881.07 -206.662 2.95877
893.152 -223.189 2.53147
889.842 -218.405 2.64457
889.84 -218.169 2.64096
889.839 -217.937 2.63737
889.837 -217.71 2.6338
889.835 -217.486 2.63024
889.833 -217.267 2.6267
889.832 -217.051 2.62318
889.83 -216.84 2.61966
889.828 -216.631 2.61616
889.826 -216.427 2.61268
889.825 -216.225 2.60921
889.823 -216.027 2.60574
889.821 -215.832 2.60229
889.819 -215.641 2.59885
889.818 -215.452 2.59542
889.816 -215.266 2.592
889.814 -215.083 2.58858
889.813 -214.903 2.58518
889.811 -214.725 2.58178
889.809 -214.55 2.57839
889.808 -214.378 2.57501
889.806 -214.208 2.57163
889.804 -214.04 2.56826
889.802 -213.875 2.56489
889.801 -213.712 2.56153
889.799 -213.551 2.55817
889.797 -213.392 2.55482
889.796 -213.236 2.55147
889.794 -213.081 2.54813
889.792 -212.929 2.54479
889.791 -212.778 2.54145
889.795 -212.634 2.53785
889.833 -212.521 2.53274
889.889 -212.425 2.52677
890.06 -212.425 2.51555
890.234 -212.425 2.50409
928.87 -233.577 0.439506
918.221 -226.641 0.977142
890.277 -209.602 2.42341
890.277 -209.485 2.41978
890.462 -209.477 2.40637
890.509 -209.387 2.40018
890.683 -209.368 2.38716
890.758 -209.293 2.3794
890.758 -209.176 2.37558
890.758 -209.061 2.37176
890.76 -208.947 2.3678
890.981 -208.947 2.35181
891.209 -208.947 2.33534
891.433 -208.942 2.31893
891.673 -208.942 2.30145
891.921 -208.942 2.28343
892.176 -208.942 2.26483
892.438 -208.942 2.24564
892.709 -208.942 2.22581
892.999 -208.947 2.20468
918.765 -220.086 0.717027
918.511 -219.638 0.719228
914.387 -217.569 0.946637
913.983 -217.104 0.958976
913.829 -216.748 0.956853
913.74 -216.422 0.950972
913.655 -216.101 0.944856
913.574 -215.784 0.938508
913.489 -215.468 0.932396
913.408 -215.157 0.92605
913.333 -214.85 0.9194
913.282 -214.555 0.911235
913.256 -214.27 0.901605
913.227 -213.985 0.892074
913.2 -213.704 0.882384
913.17 -213.423 0.872858
913.129 -213.139 0.86406
913.004 -212.833 0.860449
912.794 -212.504 0.86229
912.551 -212.17 0.866357
912.309 -211.842 0.870419
912.077 -211.52 0.873927
911.841 -211.202 0.877814
911.61 -210.89 0.881565
911.386 -210.583 0.884868
911.159 -210.281 0.888504
910.935 -209.983 0.892023
910.72 -209.691 0.895081
910.501 -209.402 0.898485
910.285 -209.118 0.901816
910.076 -208.839 0.904693
886.295 -203.882 2.5013
886.235 -203.809 2.50246
886.176 -203.738 2.50358
886.118 -203.668 2.50466
886.061 -203.599 2.5057
886.004 -203.532 2.50671
885.949 -203.465 2.50768
885.895 -203.399 2.50861
885.841 -203.334 2.50951
885.788 -203.271 2.51038
885.736 -203.208 2.51122
885.684 -203.146 2.51202
885.634 -203.085 2.51279
885.584 -203.025 2.51354
885.535 -202.966 2.51425
885.486 -202.908 2.51493
885.438 -202.85 2.51559
885.391 -202.793 2.51622
885.344 -202.737 2.51682
885.298 -202.682 2.5174
885.253 -202.627 2.51795
885.208 -202.573 2.51848
885.164 -202.52 2.51898
885.12 -202.468 2.51946
885.077 -202.416 2.51991
885.034 -202.365 2.52034
884.992 -202.314 2.52075
884.95 -202.264 2.52114
884.909 -202.215 2.5215
884.868 -202.166 2.52185
884.828 -202.117 2.52217
884.788 -202.07 2.52247
884.749 -202.022 2.52275
884.71 -201.976 2.52301
884.671 -201.93 2.52326
884.633 -201.884 2.52348
884.595 -201.839 2.52369
884.558 -201.794 2.52387
884.52 -201.75 2.52404
884.484 -201.706 2.52419
884.447 -201.662 2.52432
881.006 -206.639 2.94303
881.042 -206.625 2.94076
881.08 -206.612 2.93842
889.808 -218.365 2.57565
889.806 -218.13 2.5727
889.805 -217.899 2.56975
889.803 -217.673 2.56681
889.802 -217.45 2.56387
889.8 -217.232 2.56092
889.799 -217.017 2.55798
889.798 -216.806 2.55505
889.796 -216.598 2.55211
889.795 -216.395 2.54917
889.793 -216.194 2.54623
889.792 -215.997 2.54329
889.79 -215.803 2.54035
889.789 -215.611 2.53742
889.787 -215.423 2.53447
889.786 -215.238 2.53153
889.784 -215.056 2.52859
889.783 -214.876 2.52565
889.781 -214.699 2.5227
889.78 -214.525 2.51975
889.778 -214.353 2.5168
889.777 -214.184 2.51384
889.775 -214.017 2.51089
889.774 -213.852 2.50793
889.773 -213.689 2.50496
889.771 -213.529 2.502
889.77 -213.371 2.49903
889.768 -213.215 2.49605
889.766 -213.061 2.49308
889.765 -212.909 2.49009
889.764 -212.758 2.48711
889.794 -212.638 2.48255
889.831 -212.525 2.47761
889.884 -212.425 2.4719
890.055 -212.425 2.46023
890.228 -212.425 2.44831
897.731 -216.01 2.0076
927.458 -234.662 0.362777
927.03 -233.895 0.372863
926.56 -233.114 0.385397
926.109 -232.359 0.397073
925.66 -231.617 0.408921
918.247 -226.669 0.810705
890.277 -209.606 2.37291
890.277 -209.489 2.36949
890.456 -209.477 2.35589
890.503 -209.387 2.34973
890.677 -209.368 2.33622
890.758 -209.296 2.32797
890.758 -209.18 2.32435
890.758 -209.064 2.32072
890.758 -208.95 2.31707
890.974 -208.947 2.30067
891.202 -208.947 2.2835
891.425 -208.942 2.26641
891.666 -208.942 2.2482
891.913 -208.942 2.22941
892.178 -208.947 2.20938
892.44 -208.947 2.18936
892.711 -208.947 2.16867
892.99 -208.947 2.1473
913.17 -217.649 0.904243
913.087 -217.321 0.898992
913.012 -217 0.89317
912.934 -216.681 0.887574
912.859 -216.365 0.881773
912.782 -216.051 0.876159
912.708 -215.742 0.870323
912.64 -215.437 0.864099
912.597 -215.145 0.85626
912.574 -214.862 0.847082
912.552 -214.581 0.837859
912.527 -214.3 0.828801
912.488 -214.017 0.820638
912.376 -213.71 0.817199
912.164 -213.375 0.820297
911.939 -213.04 0.824392
911.709 -212.708 0.828862
911.484 -212.381 0.833136
911.266 -212.062 0.837043
911.045 -211.746 0.841232
910.828 -211.435 0.845183
910.617 -211.13 0.848873
910.404 -210.829 0.852799
910.192 -210.532 0.856643
909.987 -210.241 0.860182
909.784 -209.955 0.863623
909.58 -209.671 0.867229
909.382 -209.393 0.870546
909.185 -209.119 0.873755
908.988 -208.848 0.877141
886.335 -203.953 2.47125
886.274 -203.88 2.47269
886.215 -203.808 2.47409
886.156 -203.736 2.47544
886.098 -203.667 2.47675
886.041 -203.598 2.47801
885.985 -203.53 2.47924
885.93 -203.464 2.48042
885.876 -203.398 2.48157
885.823 -203.334 2.48267
885.77 -203.27 2.48374
885.718 -203.207 2.48477
885.667 -203.146 2.48577
885.617 -203.085 2.48673
885.567 -203.025 2.48766
885.518 -202.966 2.48855
885.47 -202.908 2.48941
885.422 -202.85 2.49024
885.375 -202.793 2.49104
885.328 -202.738 2.49181
885.283 -202.682 2.49255
885.237 -202.628 2.49326
885.193 -202.574 2.49395
885.149 -202.521 2.4946
885.105 -202.469 2.49523
885.062 -202.417 2.49583
885.02 -202.366 2.49641
884.977 -202.315 2.49696
884.936 -202.265 2.49749
884.895 -202.216 2.49799
884.854 -202.167 2.49847
884.814 -202.119 2.49892
884.774 -202.071 2.49935
884.735 -202.024 2.49976
884.696 -201.978 2.50015
884.658 -201.931 2.50051
884.62 -201.886 2.50085
884.582 -201.841 2.50118
884.545 -201.796 2.50148
884.508 -201.752 2.50176
884.471 -201.708 2.50202
884.435 -201.665 2.50226
884.399 -201.622 2.50248
 ] }
 color Color { color [
0.0545624 0 0.945438
0.503653 0 0.496347
0.510693 0 0.489307
0.578766 0 0.421234
0.562958 0 0.437042
0.469223 0 0.530777
0.469518 0 0.530482
0.144717 0 0.855283
0.146044 0 0.853956
0.456162 0 0.543838
0.475062 0 0.524938
0.0545502 0 0.94545
0.503628 0 0.496372
0.511015 0 0.488985
0.578638 0 0.421362
0.562676 0 0.437324
0.469222 0 0.530778
0.469412 0 0.530588
0.144721 0 0.855279
0.145973 0 0.854027
0.456252 0 0.543748
0.4751 0 0.5249
0.0545383 0 0.945462
0.503618 0 0.496382
0.578575 0 0.421425
0.562412 0 0.437588
0.469229 0 0.530771
0.469316 0 0.530684
0.144648 0 0.855352
0.145218 0 0.854782
0.456388 0 0.543612
0.457612 0 0.542388
0.475158 0 0.524842
0.054527 0 0.945473
0.503622 0 0.496378
0.578589 0 0.421411
0.562163 0 0.437837
0.469247 0 0.530753
0.469231 0 0.530769
0.144657 0 0.855343
0.145152 0 0.854848
0.456579 0 0.543421
0.45709 0 0.54291
0.475235 0 0.524765
0.476839 0 0.523161
0.484529 0 0.515471
0.054516 0 0.945484
0.50364 0 0.49636
0.578724 0 0.421276
0.561928 0 0.438072
0.469274 0 0.530726
0.469155 0 0.530845
0.144742 0 0.855258
0.145291 0 0.854709
0.45684 0 0.54316
0.456791 0 0.543209
0.475335 0 0.524665
0.476361 0 0.523639
0.484034 0 0.515966
0.0545058 0 0.945494
0.503672 0 0.496328
0.561707 0 0.438293
0.46931 0 0.53069
0.46909 0 0.53091
0.144755 0 0.855245
0.145229 0 0.854771
0.158225 0 0.841775
0.457215 0 0.542785
0.456594 0 0.543406
0.475458 0 0.524542
0.476085 0 0.523915
0.59732 0 0.40268
0.581891 0 0.418109
0.504658 0 0.495342
0.497064 0 0.502936
0.483767 0 0.516233
0.0544963 0 0.945504
0.503718 0 0.496282
0.5615 0 0.4385
0.469356 0 0.530644
0.469034 0 0.530966
0.144769 0 0.855231
0.145168 0 0.854832
0.15844 0 0.84156
0.457893 0 0.542107
0.456463 0 0.543537
0.475608 0 0.524392
0.475888 0 0.524112
0.598058 0 0.401942
0.594832 0 0.405168
0.589606 0 0.410394
0.580429 0 0.419571
0.565715 0 0.434285
0.491262 0 0.508738
0.486141 0 0.513859
0.484059 0 0.515941
0.481997 0 0.518003
0.480313 0 0.519687
0.479192 0 0.520808
0.483567 0 0.516433
0.0544866 0 0.945513
0.503777 0 0.496223
0.561306 0 0.438694
0.469413 0 0.530587
0.468987 0 0.531013
0.144784 0 0.855216
0.14511 0 0.85489
0.158175 0 0.841825
0.456383 0 0.543617
0.475789 0 0.524211
0.475742 0 0.524258
0.593526 0 0.406474
0.591488 0 0.408512
0.589296 0 0.410704
0.586143 0 0.413857
0.582914 0 0.417086
0.57972 0 0.42028
0.574459 0 0.425541
0.56472 0 0.43528
0.524365 0 0.475635
0.480067 0 0.519933
0.476093 0 0.523907
0.474046 0 0.525954
0.472024 0 0.527976
0.47027 0 0.52973
0.469099 0 0.530901
0.468138 0 0.531862
0.467206 0 0.532794
0.466289 0 0.533711
0.284852 0 0.715148
0.483407 0 0.516593
0.0544781 0 0.945522
0.503851 0 0.496149
0.561124 0 0.438876
0.469481 0 0.530519
0.468949 0 0.531051
0.145158 0 0.854842
0.145054 0 0.854946
0.157918 0 0.842082
0.456348 0 0.543652
0.476012 0 0.523988
0.475632 0 0.524368
0.591228 0 0.408772
0.57881 0 0.42119
0.577054 0 0.422946
0.575052 0 0.424948
0.571932 0 0.428068
0.568762 0 0.431238
0.565678 0 0.434322
0.560309 0 0.439691
0.550059 0 0.449941
0.497652 0 0.502348
0.469853 0 0.530147
0.466708 0 0.533292
0.464623 0 0.535377
0.462618 0 0.537382
0.460789 0 0.539211
0.459646 0 0.540354
0.458635 0 0.541365
0.457683 0 0.542317
0.456735 0 0.543265
0.455828 0 0.544172
0.454934 0 0.545066
0.454081 0 0.545919
0.284987 0 0.715013
0.283266 0 0.716734
0.483277 0 0.516723
0.0544698 0 0.94553
0.503942 0 0.496058
0.560956 0 0.439044
0.469559 0 0.530441
0.46892 0 0.53108
0.145103 0 0.854897
0.144999 0 0.855001
0.155717 0 0.844283
0.166134 0 0.833866
0.159094 0 0.840906
0.161294 0 0.838706
0.163562 0 0.836438
0.456353 0 0.543647
0.598744 0 0.401256
0.47629 0 0.52371
0.475554 0 0.524446
0.565301 0 0.434699
0.563574 0 0.436426
0.561696 0 0.438304
0.558566 0 0.441434
0.555511 0 0.444489
0.552207 0 0.447793
0.547044 0 0.452956
0.536334 0 0.463666
0.474049 0 0.525951
0.460141 0 0.539859
0.457824 0 0.542176
0.455799 0 0.544201
0.45378 0 0.54622
0.451992 0 0.548008
0.450727 0 0.549273
0.449717 0 0.550283
0.448729 0 0.551271
0.447765 0 0.552235
0.44683 0 0.55317
0.445895 0 0.554105
0.445018 0 0.554982
0.444139 0 0.555861
0.443308 0 0.556692
0.442476 0 0.557524
0.285134 0 0.714866
0.283321 0 0.716679
0.283141 0 0.716859
0.483171 0 0.516829
0.0544621 0 0.945538
0.504049 0 0.495951
0.57811 0 0.42189
0.560799 0 0.439201
0.469649 0 0.530351
0.468901 0 0.531099
0.144842 0 0.855158
0.144947 0 0.855053
0.158625 0 0.841375
0.151307 0 0.848693
0.146051 0 0.853949
0.147863 0 0.852137
0.149727 0 0.850273
0.151737 0 0.848263
0.15392 0 0.84608
0.156175 0 0.843825
0.15864 0 0.84136
0.16105 0 0.83895
0.163541 0 0.836459
0.456394 0 0.543606
0.593821 0 0.406179
0.584459 0 0.415541
0.573359 0 0.426641
0.562428 0 0.437572
0.552624 0 0.447376
0.476666 0 0.523334
0.475499 0 0.524501
0.546073 0 0.453927
0.54308 0 0.45692
0.539921 0 0.460079
0.53465 0 0.46535
0.523346 0 0.476654
0.458258 0 0.541742
0.451544 0 0.548456
0.449491 0 0.550509
0.447455 0 0.552545
0.445465 0 0.554535
0.443609 0 0.556391
0.442331 0 0.557669
0.441312 0 0.558688
0.440284 0 0.559716
0.439311 0 0.560689
0.438354 0 0.561646
0.437424 0 0.562576
0.436489 0 0.563511
0.435607 0 0.564393
0.43473 0 0.56527
0.433874 0 0.566126
0.433063 0 0.566937
0.432241 0 0.567759
0.431476 0 0.568524
0.285293 0 0.714707
0.283381 0 0.716619
0.283168 0 0.716832
0.284183 0 0.715817
0.483087 0 0.516913
0.0544548 0 0.945545
0.504176 0 0.495824
0.57765 0 0.42235
0.560655 0 0.439345
0.469751 0 0.530249
0.149326 0 0.850674
0.148715 0 0.851285
0.144865 0 0.855135
0.144896 0 0.855104
0.147034 0 0.852966
0.146471 0 0.853529
0.145918 0 0.854082
0.145377 0 0.854623
0.145528 0 0.854472
0.147641 0 0.852359
0.149691 0 0.850309
0.151806 0 0.848194
0.153989 0 0.846011
0.156244 0 0.843756
0.158573 0 0.841427
0.160636 0 0.839364
0.163174 0 0.836826
0.456473 0 0.543527
0.589411 0 0.410589
0.580141 0 0.419859
0.570683 0 0.429317
0.559791 0 0.440209
0.549073 0 0.450927
0.540712 0 0.459288
0.539002 0 0.460998
0.537102 0 0.462898
0.534296 0 0.465704
0.477534 0 0.522466
0.475469 0 0.524531
0.522875 0 0.477125
0.511146 0 0.488854
0.449074 0 0.550926
0.443654 0 0.556346
0.441608 0 0.558392
0.439586 0 0.560414
0.437624 0 0.562376
0.435706 0 0.564294
0.434447 0 0.565553
0.433379 0 0.566621
0.432358 0 0.567642
0.431334 0 0.568666
0.430362 0 0.569638
0.429394 0 0.570606
0.42845 0 0.57155
0.427547 0 0.572453
0.426669 0 0.573331
0.425787 0 0.574213
0.424934 0 0.575066
0.424115 0 0.575885
0.42329 0 0.57671
0.422512 0 0.577488
0.421105 0 0.578895
0.417776 0 0.582224
0.285471 0 0.714529
0.283444 0 0.716556
0.2832 0 0.7168
0.28417 0 0.71583
0.399343 0 0.600657
0.063827 0 0.936173
0.483022 0 0.516978
0.0544489 0 0.945551
0.504325 0 0.495675
0.577352 0 0.422648
0.560526 0 0.439474
0.469865 0 0.530135
0.149433 0 0.850567
0.148822 0 0.851178
0.14489 0 0.85511
0.144848 0 0.855152
0.147059 0 0.852941
0.146495 0 0.853505
0.145943 0 0.854057
0.145402 0 0.854598
0.145599 0 0.854401
0.147586 0 0.852414
0.149634 0 0.850366
0.151468 0 0.848532
0.153815 0 0.846185
0.156065 0 0.843935
0.158391 0 0.841609
0.160795 0 0.839205
0.16328 0 0.83672
0.165975 0 0.834025
0.456589 0 0.543411
0.585301 0 0.414699
0.576109 0 0.423891
0.567278 0 0.432722
0.557456 0 0.442544
0.547 0 0.453
0.533796 0 0.466204
0.529507 0 0.470493
0.527803 0 0.472197
0.525894 0 0.474106
0.523236 0 0.476764
0.520387 0 0.479613
0.517078 0 0.482922
0.511426 0 0.488574
0.470614 0 0.529386
0.44052 0 0.55948
0.436213 0 0.563787
0.434146 0 0.565854
0.43217 0 0.56783
0.430191 0 0.569809
0.428344 0 0.571656
0.42696 0 0.57304
0.4259 0 0.5741
0.424848 0 0.575152
0.423833 0 0.576167
0.422822 0 0.577178
0.421856 0 0.578144
0.420879 0 0.579121
0.41995 0 0.58005
0.419034 0 0.580966
0.418135 0 0.581865
0.417275 0 0.582725
0.416415 0 0.583585
0.415599 0 0.584401
0.414627 0 0.585373
0.411693 0 0.588307
0.407934 0 0.592066
0.404194 0 0.595806
0.400602 0 0.599398
0.397013 0 0.602987
0.28567 0 0.71433
0.283514 0 0.716486
0.283236 0 0.716764
0.284162 0 0.715838
0.380342 0 0.619658
0.377182 0 0.622818
0.0637483 0 0.936252
0.482974 0 0.517026
0.054443 0 0.945557
0.504503 0 0.495497
0.235309 0 0.764691
0.236831 0 0.763169
0.577142 0 0.422858
0.560409 0 0.439591
0.469993 0 0.530007
0.14946 0 0.85054
0.149161 0 0.850839
0.144346 0 0.855654
0.1448 0 0.8552
0.147086 0 0.852914
0.146522 0 0.853478
0.145969 0 0.854031
0.145428 0 0.854572
0.145548 0 0.854452
0.147532 0 0.852468
0.149579 0 0.850421
0.151578 0 0.848422
0.153756 0 0.846244
0.156005 0 0.843995
0.158329 0 0.841671
0.16073 0 0.83927
0.163213 0 0.836787
0.165906 0 0.834094
0.456747 0 0.543253
0.597955 0 0.402045
0.572407 0 0.427593
0.563561 0 0.436439
0.554999 0 0.445001
0.544927 0 0.455073
0.534907 0 0.465093
0.521078 0 0.478922
0.518944 0 0.481056
0.517242 0 0.482758
0.515454 0 0.484546
0.5128 0 0.4872
0.50996 0 0.49004
0.506628 0 0.493372
0.50003 0 0.49997
0.448366 0 0.551634
0.432438 0 0.567562
0.429155 0 0.570845
0.427112 0 0.572888
0.425132 0 0.574868
0.423178 0 0.576822
0.421309 0 0.578691
0.419921 0 0.580079
0.418828 0 0.581172
0.417763 0 0.582237
0.41671 0 0.58329
0.415705 0 0.584295
0.41469 0 0.58531
0.413725 0 0.586275
0.412777 0 0.587223
0.411853 0 0.588147
0.410922 0 0.589078
0.410038 0 0.589962
0.409165 0 0.590835
0.407899 0 0.592101
0.406062 0 0.593938
0.402298 0 0.597702
0.398666 0 0.601334
0.395046 0 0.604954
0.391551 0 0.608449
0.388119 0 0.611881
0.384725 0 0.615275
0.381464 0 0.618536
0.378226 0 0.621774
0.285899 0 0.714101
0.283587 0 0.716413
0.283276 0 0.716724
0.28416 0 0.71584
0.363061 0 0.636939
0.360198 0 0.639802
0.357376 0 0.642624
0.281838 0 0.718162
0.283057 0 0.716943
0.0637788 0 0.936221
0.482944 0 0.517056
0.0544379 0 0.945562
0.504725 0 0.495275
0.236817 0 0.763183
0.234851 0 0.765149
0.232928 0 0.767072
0.231047 0 0.768953
0.230884 0 0.769116
0.232316 0 0.767684
0.233776 0 0.766224
0.235267 0 0.764733
0.236788 0 0.763212
0.165571 0 0.834429
0.16446 0 0.83554
0.163372 0 0.836628
0.162306 0 0.837694
0.161261 0 0.838739
0.160237 0 0.839763
0.159234 0 0.840766
0.158251 0 0.841749
0.159307 0 0.840693
0.560308 0 0.439692
0.470135 0 0.529865
0.14949 0 0.85051
0.149457 0 0.850543
0.144373 0 0.855627
0.144755 0 0.855245
0.147114 0 0.852886
0.14655 0 0.85345
0.145997 0 0.854003
0.145456 0 0.854544
0.145497 0 0.854503
0.147481 0 0.852519
0.149526 0 0.850474
0.151523 0 0.848477
0.1537 0 0.8463
0.155947 0 0.844053
0.158268 0 0.841732
0.160667 0 0.839333
0.163149 0 0.836851
0.165839 0 0.834161
0.456949 0 0.543051
0.458205 0 0.541795
0.568936 0 0.431064
0.560209 0 0.439791
0.551699 0 0.448301
0.543064 0 0.456936
0.533074 0 0.466926
0.523449 0 0.476551
0.510701 0 0.489299
0.508971 0 0.491029
0.507259 0 0.492741
0.505515 0 0.494485
0.502891 0 0.497109
0.500161 0 0.499839
0.496678 0 0.503322
0.489262 0 0.510738
0.431947 0 0.568053
0.424891 0 0.575109
0.422429 0 0.577571
0.42045 0 0.57955
0.418463 0 0.581537
0.416543 0 0.583457
0.414753 0 0.585247
0.413262 0 0.586738
0.41214 0 0.58786
0.411071 0 0.588929
0.409998 0 0.590002
0.408977 0 0.591023
0.40795 0 0.59205
0.406957 0 0.593043
0.405989 0 0.594011
0.405021 0 0.594979
0.404102 0 0.595898
0.403186 0 0.596814
0.402315 0 0.597685
0.400734 0 0.599266
0.397063 0 0.602937
0.393412 0 0.606588
0.389919 0 0.610081
0.386422 0 0.613578
0.38304 0 0.61696
0.379725 0 0.620275
0.37644 0 0.62356
0.373268 0 0.626732
0.370151 0 0.629849
0.367063 0 0.632937
0.364075 0 0.635925
0.361148 0 0.638852
0.286176 0 0.713824
0.283664 0 0.716336
0.283321 0 0.716679
0.284164 0 0.715836
0.346978 0 0.653022
0.31895 0 0.68105
0.307644 0 0.692356
0.302949 0 0.697051
0.283036 0 0.716964
0.0638286 0 0.936171
0.482931 0 0.517069
0.0544338 0 0.945566
0.505063 0 0.494937
0.236875 0 0.763125
0.234907 0 0.765092
0.232984 0 0.767016
0.231103 0 0.768897
0.230846 0 0.769154
0.232277 0 0.767723
0.233737 0 0.766263
0.235227 0 0.764773
0.177644 0 0.822356
0.17628 0 0.82372
0.174944 0 0.825056
0.173636 0 0.826364
0.172356 0 0.827644
0.171103 0 0.828897
0.169876 0 0.830124
0.168674 0 0.831326
0.167497 0 0.832503
0.166344 0 0.833656
0.165216 0 0.834784
0.164109 0 0.835891
0.163026 0 0.836975
0.161964 0 0.838036
0.160924 0 0.839076
0.159904 0 0.840096
0.158905 0 0.841095
0.157926 0 0.842074
0.158871 0 0.841129
0.560221 0 0.439779
0.470293 0 0.529707
0.149521 0 0.850479
0.148908 0 0.851092
0.144402 0 0.855597
0.144712 0 0.855288
0.146747 0 0.853253
0.14658 0 0.85342
0.146027 0 0.853973
0.145486 0 0.854514
0.145449 0 0.854551
0.147431 0 0.852569
0.149474 0 0.850525
0.15147 0 0.84853
0.153645 0 0.846355
0.15589 0 0.84411
0.15821 0 0.84179
0.160607 0 0.839393
0.163086 0 0.836914
0.165774 0 0.834226
0.457205 0 0.542795
0.457748 0 0.542252
0.496599 0 0.503401
0.496577 0 0.503423
0.57833 0 0.42167
0.557049 0 0.442951
0.54861 0 0.45139
0.540429 0 0.459571
0.531415 0 0.468585
0.521818 0 0.478182
0.512565 0 0.487435
0.501346 0 0.498654
0.499522 0 0.500478
0.49786 0 0.50214
0.496098 0 0.503902
0.493571 0 0.506429
0.490826 0 0.509174
0.487102 0 0.512898
0.478938 0 0.521062
0.423968 0 0.576032
0.418569 0 0.581431
0.416095 0 0.583905
0.414117 0 0.585883
0.412149 0 0.587851
0.410245 0 0.589755
0.408337 0 0.591663
0.406943 0 0.593057
0.405804 0 0.594196
0.404706 0 0.595294
0.403644 0 0.596356
0.402576 0 0.597424
0.40156 0 0.59844
0.0857936 0 0.914206
0.0850231 0 0.914977
0.0842671 0 0.915733
0.0835263 0 0.916474
0.0827998 0 0.9172
0.0820867 0 0.917913
0.0813875 0 0.918612
0.0807022 0 0.919298
0.0800291 0 0.919971
0.0793687 0 0.920631
0.0787211 0 0.921279
0.0780853 0 0.921915
0.0774611 0 0.922539
0.0768477 0 0.923152
0.0762466 0 0.923753
0.0756552 0 0.924345
0.0750751 0 0.924925
0.0745054 0 0.925495
0.073946 0 0.926054
0.073396 0 0.926604
0.0728561 0 0.927144
0.0723293 0 0.927671
0.0718916 0 0.928108
0.0714621 0 0.928538
0.0710408 0 0.928959
0.0706286 0 0.929371
0.0702244 0 0.929776
0.0698274 0 0.930173
0.0694393 0 0.930561
0.0690583 0 0.930942
0.0686852 0 0.931315
0.482933 0 0.517067
0.05443 0 0.94557
0.192604 0 0.807396
0.190907 0 0.809093
0.189248 0 0.810752
0.187626 0 0.812374
0.186041 0 0.813959
0.184491 0 0.815509
0.182975 0 0.817025
0.181493 0 0.818507
0.180042 0 0.819958
0.178624 0 0.821376
0.177235 0 0.822765
0.175877 0 0.824123
0.174547 0 0.825453
0.173246 0 0.826754
0.171971 0 0.828029
0.170724 0 0.829276
0.169502 0 0.830498
0.168306 0 0.831694
0.167134 0 0.832865
0.165987 0 0.834013
0.164862 0 0.835138
0.163762 0 0.836238
0.162682 0 0.837318
0.161625 0 0.838375
0.160589 0 0.839411
0.159574 0 0.840426
0.158579 0 0.841421
0.157605 0 0.842395
0.158839 0 0.841161
0.560151 0 0.439849
0.242449 0 0.757551
0.470468 0 0.529532
0.149553 0 0.850447
0.148942 0 0.851058
0.145006 0 0.854994
0.14467 0 0.85533
0.146704 0 0.853296
0.146612 0 0.853388
0.146059 0 0.853941
0.145517 0 0.854483
0.145403 0 0.854597
0.147384 0 0.852616
0.149425 0 0.850575
0.151419 0 0.848581
0.153592 0 0.846408
0.155836 0 0.844164
0.158154 0 0.841846
0.160549 0 0.839451
0.163025 0 0.836975
0.165711 0 0.834289
0.457533 0 0.542467
0.457516 0 0.542484
0.594358 0 0.405642
0.493253 0 0.506747
0.49265 0 0.50735
0.493539 0 0.506461
0.529647 0 0.470353
0.520304 0 0.479696
0.51106 0 0.48894
0.50215 0 0.49785
0.492309 0 0.507691
0.490626 0 0.509374
0.488924 0 0.511076
0.48714 0 0.51286
0.484682 0 0.515318
0.482053 0 0.517947
0.477963 0 0.522037
0.439607 0 0.560393
0.41673 0 0.58327
0.412278 0 0.587722
0.41008 0 0.58992
0.408103 0 0.591897
0.406164 0 0.593836
0.404257 0 0.595743
0.40245 0 0.59755
0.401026 0 0.598974
0.399811 0 0.600189
0.398705 0 0.601295
0.397624 0 0.602376
0.396545 0 0.603455
0.395515 0 0.604485
0.085922 0 0.914078
0.0851961 0 0.914804
0.0844866 0 0.915513
0.0837933 0 0.916207
0.0831151 0 0.916885
0.0824513 0 0.917549
0.0818024 0 0.918198
0.0811675 0 0.918832
0.0805457 0 0.919454
0.0799377 0 0.920062
0.0793425 0 0.920658
0.07876 0 0.92124
0.0781894 0 0.921811
0.0776313 0 0.922369
0.077084 0 0.922916
0.0765482 0 0.923452
0.0760239 0 0.923976
0.0755101 0 0.92449
0.0750068 0 0.924993
0.0745138 0 0.925486
0.0740311 0 0.925969
0.0735579 0 0.926442
0.073094 0 0.926906
0.0726394 0 0.927361
0.072194 0 0.927806
0.0717577 0 0.928242
0.0713297 0 0.92867
0.0709107 0 0.929089
0.0704999 0 0.9295
0.0700971 0 0.929903
0.0697017 0 0.930298
0.069315 0 0.930685
0.0689354 0 0.931065
0.068563 0 0.931437
0.0681984 0 0.931802
0.482953 0 0.517047
0.054427 0 0.945573
0.201185 0 0.798815
0.199286 0 0.800714
0.197432 0 0.802568
0.195621 0 0.804379
0.193852 0 0.806148
0.192124 0 0.807876
0.190435 0 0.809565
0.188785 0 0.811215
0.187171 0 0.812829
0.185594 0 0.814406
0.184051 0 0.815949
0.182543 0 0.817457
0.181067 0 0.818933
0.179624 0 0.820376
0.178212 0 0.821788
0.176831 0 0.823169
0.175478 0 0.824522
0.174154 0 0.825846
0.172859 0 0.827141
0.171591 0 0.828409
0.170349 0 0.829651
0.169133 0 0.830867
0.167942 0 0.832058
0.166775 0 0.833225
0.165633 0 0.834367
0.164514 0 0.835486
0.163417 0 0.836583
0.162343 0 0.837657
0.16129 0 0.83871
0.160259 0 0.839741
0.159248 0 0.840752
0.158258 0 0.841743
0.157499 0 0.842501
0.158811 0 0.841189
0.5601 0 0.4399
0.242312 0 0.757688
0.470663 0 0.529337
0.469007 0 0.530993
0.148975 0 0.851025
0.148375 0 0.851625
0.14463 0 0.85537
0.146663 0 0.853337
0.146646 0 0.853354
0.146092 0 0.853908
0.14555 0 0.85445
0.145359 0 0.854641
0.147337 0 0.852663
0.149378 0 0.850622
0.151371 0 0.848629
0.153541 0 0.846459
0.155783 0 0.844217
0.158099 0 0.841901
0.160492 0 0.839508
0.162967 0 0.837033
0.16565 0 0.83435
0.457971 0 0.542029
0.457384 0 0.542616
0.534892 0 0.465108
0.527079 0 0.472921
0.495932 0 0.504068
0.490497 0 0.509503
0.491627 0 0.508373
0.486088 0 0.513912
0.483857 0 0.516143
0.482151 0 0.517849
0.480503 0 0.519497
0.478761 0 0.521239
0.476289 0 0.523711
0.473519 0 0.526481
0.469145 0 0.530855
0.418307 0 0.581693
0.409809 0 0.590191
0.406339 0 0.593661
0.404364 0 0.595636
0.40239 0 0.59761
0.400474 0 0.599526
0.39857 0 0.60143
0.396723 0 0.603277
0.395247 0 0.604753
0.394122 0 0.605878
0.392989 0 0.607011
0.391897 0 0.608104
0.390819 0 0.609181
0.389752 0 0.610248
0.38873 0 0.61127
0.387725 0 0.612275
0.0864689 0 0.913531
0.0857298 0 0.91427
0.085008 0 0.914992
0.0843018 0 0.915698
0.0836109 0 0.916389
0.082936 0 0.917064
0.0822754 0 0.917725
0.0816289 0 0.918371
0.0809972 0 0.919003
0.0803779 0 0.919622
0.0797722 0 0.920228
0.0791802 0 0.92082
0.0785993 0 0.921401
0.0780318 0 0.921968
0.0774753 0 0.922525
0.0769311 0 0.923069
0.0763977 0 0.923602
0.0758749 0 0.924125
0.0753634 0 0.924637
0.0748616 0 0.925138
0.0743709 0 0.925629
0.0738898 0 0.92611
0.0734181 0 0.926582
0.0729564 0 0.927044
0.0725041 0 0.927496
0.0720602 0 0.92794
0.0716254 0 0.928375
0.0711989 0 0.928801
0.0707814 0 0.929219
0.070372 0 0.929628
0.0699707 0 0.930029
0.0695775 0 0.930422
0.0691915 0 0.930808
0.0688134 0 0.931187
0.0684432 0 0.931557
0.0680792 0 0.931921
0.0677231 0 0.932277
0.482989 0 0.517011
0.305275 0 0.694725
0.0544251 0 0.945575
0.263532 0 0.736468
0.256149 0 0.743851
0.200663 0 0.799337
0.198774 0 0.801226
0.19693 0 0.80307
0.195128 0 0.804872
0.193368 0 0.806632
0.191649 0 0.808351
0.189968 0 0.810032
0.188326 0 0.811674
0.186721 0 0.813279
0.185151 0 0.814849
0.183616 0 0.816384
0.182115 0 0.817885
0.180647 0 0.819353
0.17921 0 0.82079
0.177805 0 0.822195
0.17643 0 0.82357
0.175084 0 0.824916
0.173767 0 0.826233
0.172476 0 0.827524
0.171214 0 0.828786
0.169977 0 0.830023
0.168767 0 0.831233
0.167581 0 0.832419
0.16642 0 0.83358
0.165283 0 0.834717
0.164168 0 0.835832
0.163076 0 0.836924
0.162007 0 0.837993
0.160959 0 0.839041
0.159932 0 0.840068
0.158925 0 0.841075
0.157938 0 0.842062
0.157472 0 0.842528
0.158782 0 0.841218
0.160124 0 0.839876
0.560072 0 0.439928
0.242258 0 0.757742
0.470882 0 0.529118
0.469057 0 0.530943
0.149012 0 0.850988
0.148411 0 0.851589
0.144593 0 0.855407
0.146622 0 0.853378
0.146681 0 0.853319
0.146128 0 0.853872
0.145586 0 0.854414
0.145316 0 0.854684
0.147293 0 0.852707
0.149332 0 0.850668
0.151323 0 0.848677
0.153492 0 0.846508
0.155732 0 0.844268
0.158046 0 0.841954
0.160438 0 0.839562
0.16291 0 0.83709
0.165591 0 0.834409
0.458709 0 0.541291
0.457318 0 0.542682
0.499534 0 0.500466
0.490995 0 0.509005
0.477716 0 0.522284
0.475824 0 0.524176
0.474138 0 0.525862
0.47247 0 0.52753
0.470743 0 0.529257
0.468293 0 0.531708
0.46555 0 0.53445
0.460305 0 0.539695
0.409498 0 0.590502
0.403529 0 0.596471
0.40089 0 0.59911
0.398882 0 0.601118
0.396958 0 0.603042
0.395061 0 0.604939
0.393163 0 0.606837
0.391417 0 0.608583
0.3899 0 0.6101
0.388725 0 0.611275
0.387584 0 0.612416
0.38649 0 0.61351
0.385385 0 0.614615
0.384323 0 0.615677
0.383271 0 0.616729
0.382233 0 0.617767
0.381179 0 0.618821
0.378911 0 0.621089
0.375504 0 0.624496
0.0862752 0 0.913725
0.0855402 0 0.91446
0.0848217 0 0.915178
0.0841187 0 0.915881
0.0834311 0 0.916569
0.0827586 0 0.917241
0.0821012 0 0.917899
0.081458 0 0.918542
0.0808279 0 0.919172
0.0802117 0 0.919788
0.0796092 0 0.920391
0.0790188 0 0.920981
0.078441 0 0.921559
0.0778751 0 0.922125
0.0773217 0 0.922678
0.0767791 0 0.923221
0.076248 0 0.923752
0.0757275 0 0.924272
0.0752176 0 0.924782
0.0747189 0 0.925281
0.0742297 0 0.92577
0.0737501 0 0.92625
0.0732806 0 0.926719
0.0728205 0 0.927179
0.0723697 0 0.92763
0.071928 0 0.928072
0.0714947 0 0.928505
0.0710704 0 0.92893
0.0706536 0 0.929346
0.0702457 0 0.929754
0.0698459 0 0.930154
0.0694541 0 0.930546
0.0690696 0 0.93093
0.0686929 0 0.931307
0.0683234 0 0.931677
0.0679617 0 0.932038
0.0676069 0 0.932393
0.0672584 0 0.932742
0.313182 0 0.686818
0.313413 0 0.686587
0.3061 0 0.6939
0.263631 0 0.736369
0.0544233 0 0.945577
0.259161 0 0.740839
0.20207 0 0.79793
0.200146 0 0.799854
0.198267 0 0.801733
0.196432 0 0.803568
0.194639 0 0.805361
0.192889 0 0.807111
0.191178 0 0.808822
0.189507 0 0.810493
0.187872 0 0.812128
0.186275 0 0.813725
0.184713 0 0.815287
0.183185 0 0.816815
0.181692 0 0.818308
0.18023 0 0.81977
0.178801 0 0.821199
0.177402 0 0.822598
0.176033 0 0.823967
0.174693 0 0.825307
0.173381 0 0.826619
0.172098 0 0.827902
0.170841 0 0.829159
0.16961 0 0.83039
0.168405 0 0.831595
0.167224 0 0.832776
0.166068 0 0.833932
0.164936 0 0.835064
0.163826 0 0.836174
0.162739 0 0.837261
0.161674 0 0.838326
0.16063 0 0.83937
0.159608 0 0.840392
0.158605 0 0.841395
0.157622 0 0.842378
0.157447 0 0.842553
0.158757 0 0.841243
0.160097 0 0.839903
0.560076 0 0.439924
0.242106 0 0.757894
0.471129 0 0.528871
0.469115 0 0.530885
0.14905 0 0.85095
0.145003 0 0.854997
0.144428 0 0.855572
0.146584 0 0.853416
0.146719 0 0.853281
0.146165 0 0.853835
0.145623 0 0.854377
0.145274 0 0.854726
0.14725 0 0.85275
0.149288 0 0.850712
0.151277 0 0.848723
0.153445 0 0.846555
0.155683 0 0.844317
0.15788 0 0.84212
0.160384 0 0.839616
0.162855 0 0.837145
0.165535 0 0.834465
0.48162 0 0.51838
0.457304 0 0.542696
0.468174 0 0.531826
0.466515 0 0.533485
0.464861 0 0.535139
0.463004 0 0.536996
0.460664 0 0.539336
0.457735 0 0.542265
0.42372 0 0.57628
0.402845 0 0.597155
0.397927 0 0.602073
0.395679 0 0.604321
0.393694 0 0.606306
0.391785 0 0.608215
0.389904 0 0.610096
0.388014 0 0.611986
0.386226 0 0.613774
0.384734 0 0.615266
0.383589 0 0.616411
0.382436 0 0.617564
0.38132 0 0.61868
0.38022 0 0.61978
0.37913 0 0.62087
0.378082 0 0.621918
0.37705 0 0.62295
0.374895 0 0.625105
0.371568 0 0.628432
0.36827 0 0.63173
0.364988 0 0.635012
0.361757 0 0.638243
0.358661 0 0.641339
0.0860841 0 0.913916
0.0853524 0 0.914648
0.0846364 0 0.915364
0.0839366 0 0.916063
0.083253 0 0.916747
0.082583 0 0.917417
0.0819288 0 0.918071
0.081288 0 0.918712
0.0806611 0 0.919339
0.0800472 0 0.919953
0.0794471 0 0.920553
0.0788591 0 0.921141
0.0782837 0 0.921716
0.0777209 0 0.922279
0.077169 0 0.922831
0.0766288 0 0.923371
0.0761 0 0.9239
0.0755818 0 0.924418
0.0750742 0 0.924926
0.074577 0 0.925423
0.0740894 0 0.925911
0.073612 0 0.926388
0.073144 0 0.926856
0.0726862 0 0.927314
0.0722369 0 0.927763
0.0717967 0 0.928203
0.0713648 0 0.928635
0.070942 0 0.929058
0.0705275 0 0.929473
0.070121 0 0.929879
0.0697227 0 0.930277
0.0693324 0 0.930668
0.0689492 0 0.931051
0.068574 0 0.931426
0.0682059 0 0.931794
0.0678449 0 0.932155
0.0674916 0 0.932508
0.0671444 0 0.932856
0.0668042 0 0.933196
0.313375 0 0.686625
0.306199 0 0.693801
0.263709 0 0.736291
0.0544229 0 0.945577
0.259177 0 0.740823
0.201548 0 0.798452
0.199634 0 0.800366
0.197765 0 0.802235
0.195939 0 0.804061
0.194156 0 0.805844
0.192415 0 0.807585
0.190712 0 0.809288
0.189049 0 0.810951
0.187423 0 0.812577
0.185833 0 0.814167
0.184279 0 0.815721
0.182759 0 0.817241
0.181272 0 0.818728
0.179817 0 0.820183
0.178395 0 0.821605
0.177002 0 0.822998
0.17564 0 0.82436
0.174306 0 0.825693
0.173001 0 0.826999
0.171723 0 0.828277
0.170472 0 0.829528
0.169247 0 0.830754
0.168046 0 0.831954
0.166871 0 0.833129
0.16572 0 0.83428
0.164592 0 0.835408
0.163487 0 0.836513
0.162405 0 0.837595
0.161345 0 0.838655
0.160305 0 0.839695
0.159287 0 0.840713
0.158289 0 0.841711
0.157566 0 0.842434
0.157423 0 0.842577
0.158733 0 0.841267
0.160073 0 0.839927
0.560134 0 0.439866
0.241956 0 0.758044
0.471415 0 0.528585
0.469182 0 0.530818
0.14625 0 0.85375
0.145237 0 0.854763
0.146376 0 0.853624
0.146547 0 0.853453
0.146758 0 0.853242
0.146204 0 0.853796
0.145661 0 0.854339
0.145235 0 0.854765
0.147209 0 0.852791
0.149245 0 0.850755
0.151233 0 0.848767
0.153399 0 0.846601
0.155636 0 0.844364
0.157289 0 0.842711
0.160333 0 0.839667
0.162802 0 0.837198
0.165479 0 0.834521
0.459253 0 0.540747
0.457335 0 0.542665
0.455815 0 0.544185
0.453426 0 0.546574
0.450261 0 0.549739
0.402699 0 0.597301
0.39651 0 0.60349
0.392814 0 0.607186
0.390727 0 0.609273
0.388756 0 0.611244
0.386859 0 0.613141
0.384991 0 0.615009
0.383112 0 0.616888
0.38137 0 0.61863
0.379866 0 0.620134
0.378714 0 0.621286
0.377548 0 0.622452
0.376434 0 0.623566
0.375312 0 0.624688
0.374235 0 0.625765
0.373128 0 0.626872
0.370994 0 0.629006
0.367895 0 0.632105
0.364572 0 0.635428
0.361383 0 0.638617
0.358197 0 0.641803
0.355066 0 0.644934
0.352069 0 0.647931
0.349058 0 0.650942
0.346104 0 0.653896
0.343272 0 0.656728
0.0858948 0 0.914105
0.0851663 0 0.914834
0.0844543 0 0.915546
0.0837571 0 0.916243
0.0830759 0 0.916924
0.0824099 0 0.91759
0.0817573 0 0.918243
0.0811196 0 0.91888
0.0804959 0 0.919504
0.0798845 0 0.920116
0.0792867 0 0.920713
0.0787018 0 0.921298
0.0781288 0 0.921871
0.0775676 0 0.922432
0.077018 0 0.922982
0.0764801 0 0.92352
0.0759528 0 0.924047
0.075437 0 0.924563
0.0749317 0 0.925068
0.074436 0 0.925564
0.0739506 0 0.926049
0.0734755 0 0.926524
0.0730091 0 0.926991
0.0725527 0 0.927447
0.0721056 0 0.927894
0.0716669 0 0.928333
0.0712366 0 0.928763
0.0708152 0 0.929185
0.0704029 0 0.929597
0.0699979 0 0.930002
0.069601 0 0.930399
0.0692114 0 0.930789
0.0688305 0 0.93117
0.0684559 0 0.931544
0.0680893 0 0.931911
0.0677296 0 0.93227
0.0673778 0 0.932622
0.067032 0 0.932968
0.0666925 0 0.933308
0.0663605 0 0.93364
0.0540257 0 0.945974
0.263917 0 0.736083
0.0544227 0 0.945577
0.259195 0 0.740805
0.201031 0 0.798969
0.199127 0 0.800873
0.197268 0 0.802732
0.195452 0 0.804548
0.193678 0 0.806322
0.191945 0 0.808055
0.190251 0 0.809749
0.188596 0 0.811404
0.186978 0 0.813022
0.185396 0 0.814604
0.183849 0 0.81615
0.182336 0 0.817664
0.180857 0 0.819143
0.179409 0 0.820591
0.177993 0 0.822007
0.176607 0 0.823393
0.175251 0 0.824749
0.173924 0 0.826076
0.172624 0 0.827376
0.171351 0 0.828649
0.170106 0 0.829894
0.168886 0 0.831114
0.167692 0 0.832308
0.166521 0 0.833479
0.165375 0 0.834625
0.164252 0 0.835748
0.163153 0 0.836847
0.162074 0 0.837926
0.161019 0 0.838981
0.159983 0 0.840017
0.158969 0 0.841031
0.158052 0 0.841948
0.157598 0 0.842402
0.157402 0 0.842598
0.158712 0 0.841288
0.16005 0 0.83995
0.598899 0 0.401101
0.471755 0 0.528245
0.144146 0 0.855854
0.143555 0 0.856445
0.145118 0 0.854882
0.145082 0 0.854918
0.146513 0 0.853487
0.146799 0 0.853201
0.146245 0 0.853755
0.145702 0 0.854298
0.145198 0 0.854802
0.14717 0 0.85283
0.149205 0 0.850795
0.151191 0 0.848809
0.153356 0 0.846644
0.155591 0 0.844409
0.157899 0 0.842101
0.160285 0 0.839715
0.162752 0 0.837248
0.165427 0 0.834573
0.446527 0 0.553473
0.442417 0 0.557583
0.396314 0 0.603686
0.390802 0 0.609198
0.388038 0 0.611962
0.386003 0 0.613997
0.384045 0 0.615955
0.38216 0 0.617841
0.380262 0 0.619738
0.378438 0 0.621562
0.376696 0 0.623304
0.375246 0 0.624754
0.374073 0 0.625927
0.372901 0 0.627099
0.371776 0 0.628224
0.370642 0 0.629358
0.369406 0 0.630594
0.367326 0 0.632674
0.364377 0 0.635623
0.36111 0 0.63889
0.35789 0 0.64211
0.354809 0 0.645191
0.351713 0 0.648287
0.348684 0 0.651316
0.34577 0 0.65423
0.342846 0 0.657154
0.339983 0 0.660017
0.337233 0 0.662767
0.33447 0 0.66553
0.331757 0 0.668243
0.329151 0 0.670849
0.0857079 0 0.914292
0.084982 0 0.915018
0.0842733 0 0.915727
0.0835792 0 0.916421
0.0829012 0 0.917099
0.0822377 0 0.917762
0.0815883 0 0.918412
0.0809538 0 0.919046
0.0803317 0 0.919668
0.0797234 0 0.920277
0.079128 0 0.920872
0.0785454 0 0.921455
0.0779748 0 0.922025
0.0774159 0 0.922584
0.0768687 0 0.923131
0.076333 0 0.923667
0.0758081 0 0.924192
0.0752938 0 0.924706
0.0747907 0 0.925209
0.0742973 0 0.925703
0.0738135 0 0.926187
0.0733399 0 0.92666
0.0728757 0 0.927124
0.0724209 0 0.927579
0.0719752 0 0.928025
0.071538 0 0.928462
0.0711099 0 0.92889
0.07069 0 0.92931
0.0702791 0 0.929721
0.0698756 0 0.930124
0.0694802 0 0.93052
0.069092 0 0.930908
0.0687125 0 0.931288
0.0683394 0 0.931661
0.0679741 0 0.932026
0.0676159 0 0.932384
0.0672647 0 0.932735
0.0669204 0 0.93308
0.0665823 0 0.933418
0.0662509 0 0.933749
0.0659264 0 0.934074
0.0538772 0 0.946123
0.0539684 0 0.946032
0.0540823 0 0.945918
0.20052 0 0.79948
0.198625 0 0.801375
0.196776 0 0.803224
0.194969 0 0.805031
0.193204 0 0.806796
0.19148 0 0.80852
0.189795 0 0.810205
0.188148 0 0.811853
0.186537 0 0.813463
0.184963 0 0.815037
0.183424 0 0.816576
0.181918 0 0.818081
0.180446 0 0.819554
0.179005 0 0.820995
0.177595 0 0.822405
0.176216 0 0.823784
0.174866 0 0.825134
0.173545 0 0.826455
0.172251 0 0.827749
0.170984 0 0.829016
0.169744 0 0.830256
0.16853 0 0.83147
0.16734 0 0.83266
0.166175 0 0.833825
0.165034 0 0.834966
0.163916 0 0.836084
0.162821 0 0.837179
0.161748 0 0.838252
0.160696 0 0.839304
0.159665 0 0.840335
0.158655 0 0.841345
0.158086 0 0.841914
0.157631 0 0.842369
0.157383 0 0.842617
0.158691 0 0.841309
0.16003 0 0.83997
0.241653 0 0.758347
0.59283 0 0.40717
0.585058 0 0.414942
0.576898 0 0.423102
0.569066 0 0.430934
0.561337 0 0.438663
0.472199 0 0.527801
0.144188 0 0.855812
0.143597 0 0.856403
0.145086 0 0.854914
0.145049 0 0.854952
0.146479 0 0.853521
0.146842 0 0.853158
0.146288 0 0.853712
0.145745 0 0.854255
0.145213 0 0.854787
0.147133 0 0.852867
0.149166 0 0.850834
0.151151 0 0.848849
0.153314 0 0.846686
0.155547 0 0.844453
0.157971 0 0.842029
0.160357 0 0.839643
0.162823 0 0.837177
0.165375 0 0.834625
0.385491 0 0.614509
0.383426 0 0.616574
0.381492 0 0.618508
0.37955 0 0.62045
0.377672 0 0.622328
0.375792 0 0.624208
0.373978 0 0.626022
0.372258 0 0.627742
0.370835 0 0.629165
0.369656 0 0.630344
0.368504 0 0.631496
0.367343 0 0.632657
0.366053 0 0.633947
0.36402 0 0.63598
0.360968 0 0.639032
0.3578 0 0.6422
0.354619 0 0.645381
0.351515 0 0.648485
0.348513 0 0.651487
0.34551 0 0.65449
0.342586 0 0.657414
0.339743 0 0.660257
0.336904 0 0.663096
0.334117 0 0.665883
0.331414 0 0.668586
0.328765 0 0.671235
0.326127 0 0.673873
0.323568 0 0.676432
0.32106 0 0.67894
0.31856 0 0.68144
0.0862614 0 0.913739
0.0855221 0 0.914478
0.0848002 0 0.9152
0.084094 0 0.915906
0.0834039 0 0.916596
0.0827283 0 0.917272
0.082068 0 0.917932
0.081421 0 0.918579
0.0807889 0 0.919211
0.0801699 0 0.91983
0.079564 0 0.920436
0.078971 0 0.921029
0.0783908 0 0.921609
0.0778224 0 0.922178
0.0772659 0 0.922734
0.076721 0 0.923279
0.0761876 0 0.923812
0.075665 0 0.924335
0.075153 0 0.924847
0.0746507 0 0.925349
0.0741596 0 0.92584
0.073678 0 0.926322
0.0732059 0 0.926794
0.072744 0 0.927256
0.0722906 0 0.927709
0.0718464 0 0.928154
0.0714114 0 0.928589
0.0709848 0 0.929015
0.0705664 0 0.929434
0.0701562 0 0.929844
0.0697549 0 0.930245
0.0693609 0 0.930639
0.0689741 0 0.931026
0.0685953 0 0.931405
0.0682244 0 0.931776
0.0678598 0 0.93214
0.067503 0 0.932497
0.0671532 0 0.932847
0.0668096 0 0.93319
0.0664736 0 0.933526
0.0661429 0 0.933857
0.0658198 0 0.93418
0.0655027 0 0.934497
 ] }
}
