# Real Time: 927.104
# Simulation Time: 27.8
# Radar Position: 866.879 -254.022 3.04829
# Radar Quat: -0.00396725 0.00775402 0.735048 0.677959
PointSet {
 coord Coordinate { point [
847.778 -273.741 3.4406
856.361 -271.883 3.42523
856.484 -271.96 3.42776
856.556 -272.127 3.4322
854.555 -284.447 3.72612
856.199 -280.919 3.6495
858.36 -276.851 3.56347
855.038 -287.941 3.81993
853.208 -296.008 4.01207
853.526 -296.025 4.01554
856.222 -292.097 3.93965
855.145 -300.983 4.16207
859.763 -287.397 3.85417
860.833 -283.373 3.75973
859.273 -292.326 3.97943
860.365 -290.85 3.95327
860.935 -296.178 4.10303
863.649 -280.969 3.73081
863.584 -285.216 3.84406
863.236 -293.867 4.072
865.267 -276.883 3.64338
864.145 -297.236 4.17579
864.125 -309.994 4.51962
865.017 -306.888 4.44923
866.353 -290.823 4.03601
866.671 -282.353 3.81226
867.154 -295.108 4.16444
868.313 -305.8 4.47204
868.41 -298.161 4.26744
869.024 -305.465 4.47484
868.485 -287.024 3.96811
868.715 -287.01 3.97167
872.047 -290.821 4.13412
872.321 -290.901 4.14147
872.772 -288.876 4.09593
872.428 -282.047 3.90707
872.614 -281.958 3.90843
873.032 -278.686 3.83033
873.178 -278.539 3.82955
873.352 -278.504 3.83231
875.36 -284.382 4.02977
856.362 -271.883 3.3527
856.484 -271.961 3.35523
856.556 -272.128 3.35929
854.556 -284.449 3.61136
856.202 -280.915 3.54821
858.361 -276.852 3.47825
855.038 -287.946 3.69441
853.216 -295.989 3.85734
853.529 -296.023 3.86142
856.225 -292.094 3.80135
855.147 -300.985 3.99291
859.765 -287.395 3.73479
860.835 -283.373 3.65491
859.276 -292.322 3.84281
860.365 -290.86 3.82271
860.939 -296.168 3.95395
863.651 -280.97 3.63587
863.586 -285.215 3.73431
863.24 -293.854 3.93179
865.269 -276.882 3.56312
864.146 -297.253 4.02476
864.128 -309.997 4.32379
865.02 -306.893 4.26441
866.355 -290.823 3.90729
866.672 -282.346 3.71298
867.156 -295.105 4.0207
868.315 -305.75 4.28976
868.412 -298.17 4.11322
869.026 -305.455 4.29458
868.487 -287.038 3.85288
868.718 -287.022 3.85637
872.048 -290.814 4.00396
872.326 -290.92 4.01155
872.775 -288.881 3.97242
872.429 -282.044 3.80703
872.616 -281.958 3.80865
873.033 -278.684 3.74132
873.179 -278.538 3.74091
873.353 -278.505 3.74369
875.361 -284.381 3.91944
856.364 -271.882 3.28019
856.485 -271.962 3.28271
856.557 -272.129 3.28639
854.557 -284.452 3.49664
856.205 -280.912 3.44698
858.362 -276.854 3.39304
855.038 -287.952 3.56889
853.225 -295.971 3.70281
853.532 -296.021 3.70736
856.228 -292.091 3.6631
855.149 -300.987 3.82376
859.767 -287.394 3.61545
860.836 -283.373 3.5501
859.278 -292.319 3.70624
860.365 -290.872 3.69211
860.942 -296.159 3.80499
863.652 -280.972 3.54095
863.588 -285.214 3.6246
863.243 -293.841 3.79172
865.27 -276.88 3.48289
864.147 -297.269 3.87363
864.13 -310.001 4.128
865.023 -306.9 4.07963
866.357 -290.824 3.77861
866.674 -282.34 3.61377
867.158 -295.103 3.87702
868.316 -305.709 4.10804
868.415 -298.18 3.95897
869.028 -305.444 4.11443
868.49 -287.053 3.73756
868.72 -287.033 3.74101
872.048 -290.807 3.87388
872.33 -290.938 3.88152
872.777 -288.887 3.84891
872.43 -282.042 3.70702
872.617 -281.959 3.70888
868.16 -259.827 3.18864
873.034 -278.683 3.65234
873.18 -278.537 3.6523
873.354 -278.505 3.65507
875.362 -284.38 3.80913
883.659 -309.575 4.464
856.365 -271.882 3.20769
856.486 -271.963 3.21019
856.558 -272.129 3.21349
854.557 -284.457 3.38192
856.208 -280.909 3.34579
858.362 -276.857 3.30782
855.038 -287.958 3.44334
853.233 -295.955 3.54844
853.535 -296.02 3.55333
856.231 -292.088 3.52489
855.151 -300.989 3.65462
859.77 -287.392 3.49613
860.838 -283.373 3.44531
859.281 -292.315 3.5697
860.365 -290.885 3.56147
860.946 -296.15 3.65612
863.653 -280.973 3.44602
863.589 -285.214 3.51491
863.246 -293.83 3.65176
865.271 -276.879 3.40269
864.148 -297.286 3.72242
864.133 -310.005 3.9322
865.025 -306.908 3.89485
866.359 -290.825 3.64995
866.675 -282.334 3.51461
867.161 -295.102 3.73338
868.318 -305.672 3.9267
868.418 -298.19 3.80469
869.03 -305.434 3.93437
868.492 -287.067 3.62216
868.722 -287.045 3.62559
872.094 -307.216 4.01478
872.05 -290.803 3.74391
872.335 -290.957 3.7514
872.78 -288.893 3.72536
872.431 -282.039 3.60704
872.619 -281.96 3.60912
868.16 -259.823 3.16764
873.034 -278.682 3.56338
873.18 -278.535 3.5637
873.356 -278.505 3.56647
875.363 -284.378 3.69885
883.661 -309.572 4.26112
856.367 -271.882 3.13521
856.487 -271.964 3.13768
856.559 -272.13 3.1406
854.556 -284.463 3.26719
856.211 -280.906 3.24464
858.363 -276.859 3.22261
855.038 -287.965 3.31777
853.24 -295.939 3.39422
853.538 -296.02 3.39935
856.234 -292.085 3.38672
855.153 -300.992 3.48549
859.772 -287.39 3.37684
860.84 -283.374 3.34053
859.284 -292.312 3.43322
860.364 -290.9 3.43078
860.949 -296.142 3.50735
863.655 -280.974 3.35111
863.591 -285.215 3.40524
863.249 -293.82 3.51193
865.273 -276.879 3.32251
864.15 -297.303 3.57111
864.136 -310.009 3.73641
865.027 -306.922 3.7101
866.361 -290.827 3.52131
866.677 -282.329 3.41552
867.163 -295.101 3.58977
868.319 -305.638 3.74568
868.42 -298.201 3.65037
869.033 -305.424 3.75441
868.494 -287.081 3.50668
868.725 -287.056 3.5101
872.095 -307.197 3.82773
872.051 -290.799 3.614
872.34 -290.976 3.62117
872.783 -288.898 3.6018
872.432 -282.036 3.5071
872.62 -281.96 3.50937
868.159 -259.82 3.14666
873.035 -278.681 3.47444
873.181 -278.534 3.47513
873.357 -278.506 3.47788
875.364 -284.377 3.5886
883.663 -309.57 4.05829
856.368 -271.882 3.06273
856.488 -271.964 3.06517
856.56 -272.131 3.06771
854.554 -284.473 3.15245
856.213 -280.904 3.14352
858.363 -276.862 3.13739
855.037 -287.974 3.19217
853.248 -295.925 3.24014
853.54 -296.021 3.24538
856.238 -292.083 3.24859
855.156 -300.994 3.31637
859.774 -287.389 3.25758
860.841 -283.374 3.23577
859.287 -292.308 3.29678
860.363 -290.919 3.30003
860.953 -296.135 3.35865
863.656 -280.976 3.2562
863.593 -285.215 3.29559
863.252 -293.811 3.37219
865.274 -276.878 3.24236
864.151 -297.319 3.4197
864.139 -310.015 3.54062
866.363 -290.83 3.39267
866.678 -282.324 3.31649
866.876 -282.381 3.32018
867.165 -295.101 3.44619
868.321 -305.606 3.56494
868.423 -298.212 3.496
869.035 -305.414 3.57454
868.497 -287.096 3.39111
868.727 -287.067 3.39455
872.097 -307.188 3.64094
872.052 -290.795 3.48413
872.785 -288.904 3.47821
872.433 -282.034 3.40719
872.621 -281.961 3.40964
868.159 -259.817 3.1257
873.036 -278.679 3.38552
873.182 -278.533 3.38658
873.358 -278.506 3.38929
875.366 -284.375 3.47837
883.665 -309.568 3.85551
877.823 -287.66 3.55083
856.37 -271.881 2.99026
856.489 -271.965 2.99266
854.55 -284.489 3.03762
856.216 -280.903 3.04242
858.364 -276.865 3.05215
855.036 -287.983 3.06651
853.255 -295.911 3.08617
853.543 -296.022 3.09142
856.24 -292.08 3.11048
855.158 -300.996 3.14723
859.776 -287.387 3.13833
860.843 -283.374 3.131
859.289 -292.309 3.16037
860.956 -296.128 3.21001
863.657 -280.978 3.16128
863.594 -285.217 3.18594
863.255 -293.805 3.23253
865.275 -276.879 3.1622
864.152 -297.336 3.26818
864.141 -310.021 3.3448
866.364 -290.833 3.26401
866.68 -282.32 3.21749
866.878 -282.353 3.22084
867.167 -295.101 3.30263
868.323 -305.576 3.38443
868.426 -298.224 3.34156
869.037 -305.404 3.39475
868.499 -287.111 3.27545
868.729 -287.079 3.27892
872.099 -307.182 3.45424
872.054 -290.792 3.35429
872.788 -288.91 3.35458
872.434 -282.031 3.30731
872.623 -281.961 3.3099
868.159 -259.814 3.10478
873.037 -278.678 3.29661
873.183 -278.532 3.29805
873.36 -278.507 3.30071
875.366 -284.374 3.36816
883.667 -309.565 3.65275
877.814 -287.627 3.4268
878.052 -287.56 3.43019
856.371 -271.881 2.91779
856.49 -271.966 2.92014
845.21 -292.129 2.78208
845.661 -291.949 2.78949
845.926 -292.098 2.7946
846.068 -292.473 2.79822
846.212 -292.854 2.80188
856.218 -280.903 2.94133
858.181 -276.869 2.96376
858.364 -276.869 2.96689
855.034 -287.996 2.94078
853.262 -295.898 2.9323
853.545 -296.024 2.93744
856.244 -292.078 2.97239
855.16 -300.999 2.97808
859.779 -287.386 3.0191
860.845 -283.374 3.02624
859.291 -292.31 3.02397
860.959 -296.122 3.06143
863.659 -280.979 3.06635
863.596 -285.218 3.07628
863.257 -293.803 3.09292
865.276 -276.879 3.08205
864.154 -297.353 3.11655
864.144 -310.028 3.14895
866.366 -290.836 3.13535
866.681 -282.316 3.11853
866.879 -282.331 3.12172
867.169 -295.103 3.15906
868.325 -305.546 3.20415
868.428 -298.237 3.18704
869.04 -305.393 3.21504
868.502 -287.125 3.15969
868.732 -287.091 3.16322
872.101 -307.176 3.26759
872.055 -290.788 3.22449
872.791 -288.915 3.23092
872.434 -282.029 3.20744
872.625 -281.962 3.21016
868.158 -259.811 3.08388
873.038 -278.677 3.20771
873.184 -278.53 3.20952
873.361 -278.507 3.21212
875.368 -284.373 3.25796
883.669 -309.563 3.45001
877.808 -287.602 3.30308
878.061 -287.58 3.30677
885.377 -308.291 3.47189
856.373 -271.881 2.84533
856.49 -271.967 2.84761
845.344 -291.899 2.63146
845.791 -291.723 2.64011
846.02 -291.932 2.64453
846.162 -292.305 2.64724
846.306 -292.682 2.64996
846.452 -293.065 2.6527
846.599 -293.452 2.65546
856.219 -280.903 2.84023
858.19 -276.851 2.87841
858.364 -276.873 2.8816
853.268 -295.886 2.77851
853.546 -296.027 2.78344
849.585 -309.882 2.7037
850.125 -309.506 2.71362
850.463 -309.792 2.7195
850.803 -310.079 2.72539
856.247 -292.075 2.83432
851.49 -310.658 2.73722
855.162 -301.001 2.8089
859.781 -287.384 2.89987
860.846 -283.375 2.92147
859.293 -292.311 2.88755
860.962 -296.117 2.91287
863.66 -280.981 2.9714
863.597 -285.221 2.96661
863.258 -293.816 2.95328
865.277 -276.881 3.00189
864.155 -297.37 2.96479
864.147 -310.036 2.95303
866.368 -290.84 3.00665
866.683 -282.314 3.01959
866.881 -282.313 3.02274
867.171 -295.104 3.01548
868.327 -305.518 3.02406
868.431 -298.25 3.03243
869.042 -305.383 3.03539
868.504 -287.14 3.04381
868.734 -287.102 3.04742
872.104 -307.171 3.08097
872.056 -290.784 3.0947
874.499 -303.148 3.12051
872.793 -288.921 3.10722
872.435 -282.027 3.10758
872.626 -281.963 3.11041
868.158 -259.809 3.06299
873.039 -278.675 3.11882
873.185 -278.529 3.121
873.362 -278.508 3.12352
875.369 -284.371 3.14777
883.671 -309.561 3.24728
877.802 -287.58 3.17954
885.378 -308.287 3.27156
878.376 -286.978 3.18774
829.859 -297.498 2.12502
829.928 -298.036 2.12554
830.002 -298.577 2.12613
830.077 -299.125 2.1267
830.15 -299.683 2.12719
830.225 -300.248 2.12765
830.301 -300.82 2.12811
830.38 -301.399 2.12857
847.003 -283.455 2.53884
847.375 -283.344 2.54723
844.098 -292.211 2.45186
856.374 -271.88 2.77286
856.491 -271.968 2.77508
845.475 -291.672 2.48264
845.884 -291.561 2.49158
846.114 -291.767 2.49576
846.255 -292.138 2.49757
846.399 -292.513 2.49937
846.545 -292.892 2.50118
846.692 -293.276 2.50298
856.221 -280.905 2.73912
858.195 -276.84 2.79311
858.364 -276.877 2.79626
853.275 -295.874 2.62481
853.548 -296.032 2.6294
849.753 -309.35 2.50465
850.186 -309.314 2.51302
850.524 -309.598 2.51826
850.863 -309.883 2.5235
856.25 -292.073 2.69626
851.548 -310.46 2.534
851.894 -310.751 2.53926
855.165 -301.004 2.63971
859.784 -287.383 2.78065
860.848 -283.375 2.8167
859.296 -292.312 2.75112
860.965 -296.112 2.76435
863.661 -280.983 2.87644
863.599 -285.224 2.85691
862.743 -303.352 2.76316
865.279 -276.882 2.92172
864.156 -297.387 2.81292
864.15 -310.047 2.75705
866.37 -290.844 2.87792
866.684 -282.313 2.92065
866.882 -282.296 2.92389
867.174 -295.107 2.87189
868.329 -305.491 2.84417
868.434 -298.264 2.87771
869.044 -305.373 2.85581
868.507 -287.155 2.92784
868.737 -287.114 2.93155
872.106 -307.167 2.89439
872.058 -290.78 2.96494
874.5 -303.137 2.94683
872.796 -288.927 2.98347
872.436 -282.024 3.00775
872.628 -281.963 3.01065
868.158 -259.807 3.04212
873.04 -278.674 3.02994
873.186 -278.528 3.03249
873.364 -278.509 3.03493
875.37 -284.37 3.03758
883.673 -309.558 3.04457
877.798 -287.561 3.05617
885.38 -308.284 3.07125
878.375 -286.971 3.06572
878.555 -286.749 3.0688
832.38 -295.116 1.99931
832.462 -295.605 1.99905
832.544 -296.103 1.9987
832.631 -296.6 1.99846
832.717 -297.106 1.99814
832.803 -297.62 1.99772
832.891 -298.14 1.99726
832.981 -298.665 1.99681
833.078 -299.19 1.99649
833.17 -299.729 1.99595
833.265 -300.274 1.99538
833.362 -300.825 1.99483
833.464 -301.378 1.99431
833.566 -301.941 1.99372
846.762 -283.37 2.40943
847.137 -283.259 2.41895
847.505 -283.15 2.42828
847.825 -283.107 2.43606
847.903 -283.436 2.43602
847.981 -283.77 2.43595
848.06 -284.107 2.43586
844.24 -291.977 2.30109
856.376 -271.88 2.7004
856.492 -271.969 2.70254
845.605 -291.448 2.33558
845.888 -291.56 2.34132
846.168 -291.673 2.34699
846.348 -291.972 2.34919
846.491 -292.344 2.3501
846.637 -292.721 2.35098
846.784 -293.102 2.35185
856.221 -280.907 2.63798
856.386 -281.042 2.6405
858.2 -276.832 2.70784
858.363 -276.882 2.71089
853.281 -295.863 2.47118
853.548 -296.038 2.4753
849.913 -308.843 2.30916
850.248 -309.123 2.31379
850.584 -309.405 2.31841
850.922 -309.689 2.32302
856.253 -292.071 2.55822
851.605 -310.262 2.33221
851.95 -310.552 2.33678
855.167 -301.006 2.47049
859.786 -287.382 2.66144
860.85 -283.375 2.71192
859.298 -292.313 2.61469
860.969 -296.108 2.61585
863.663 -280.985 2.78147
863.6 -285.228 2.74718
862.748 -303.336 2.59033
865.28 -276.884 2.84153
864.158 -297.404 2.66092
864.152 -310.062 2.56094
866.372 -290.848 2.74916
866.686 -282.315 2.8217
866.884 -282.28 2.82514
867.176 -295.111 2.72826
868.331 -305.465 2.66446
868.437 -298.28 2.72289
869.047 -305.367 2.67626
868.509 -287.169 2.81176
868.739 -287.126 2.81559
872.108 -307.163 2.70783
872.059 -290.777 2.8352
874.503 -303.141 2.77313
872.799 -288.932 2.85968
872.438 -282.022 2.90792
872.629 -281.964 2.91089
868.158 -259.805 3.02127
873.041 -278.673 2.94107
873.187 -278.527 2.94398
873.365 -278.509 2.94632
875.371 -284.368 2.9274
883.675 -309.556 2.84187
877.794 -287.544 2.93293
885.382 -308.281 2.87097
878.375 -286.964 2.94375
878.558 -286.751 2.94733
834.616 -293.004 1.88788
834.706 -293.453 1.88696
834.796 -293.91 1.88593
834.889 -294.368 1.88495
834.986 -294.829 1.88401
835.08 -295.299 1.88287
835.181 -295.769 1.88187
835.28 -296.248 1.88072
835.381 -296.732 1.87952
835.487 -297.217 1.87839
835.591 -297.713 1.87708
835.696 -298.216 1.87571
846.521 -283.285 2.27951
846.899 -283.175 2.29017
847.27 -283.066 2.30063
847.635 -282.959 2.31089
847.868 -283.047 2.31608
847.991 -283.302 2.31703
848.07 -283.633 2.31615
848.15 -283.968 2.31524
848.231 -284.308 2.31428
843.789 -292.132 2.13397
844.274 -291.926 2.14788
856.378 -271.88 2.62794
856.493 -271.97 2.62998
845.61 -291.445 2.18522
845.891 -291.558 2.19107
846.172 -291.672 2.19686
846.382 -291.915 2.1997
846.533 -292.271 2.20004
846.687 -292.631 2.20034
846.842 -292.996 2.20061
841.964 -303.344 1.986
842.102 -303.936 1.98361
846.901 -295.71 2.17598
842.864 -306.97 1.97195
843.226 -307.155 1.97847
856.222 -280.912 2.53677
856.402 -281.006 2.53982
858.204 -276.825 2.62261
858.362 -276.889 2.62545
853.287 -295.853 2.31762
853.548 -296.047 2.32111
849.975 -308.655 2.11189
850.308 -308.934 2.11592
850.643 -309.214 2.11992
850.981 -309.497 2.12391
856.256 -292.068 2.42018
851.661 -310.067 2.1318
852.005 -310.354 2.13571
852.351 -310.644 2.1396
855.169 -301.009 2.30125
859.788 -287.38 2.54223
860.852 -283.375 2.60714
859.3 -292.313 2.47824
860.627 -291.006 2.51808
860.972 -296.105 2.46737
863.664 -280.987 2.68647
863.602 -285.233 2.6374
862.751 -303.325 2.41754
865.281 -276.887 2.76131
864.159 -297.421 2.50879
866.374 -290.853 2.62036
866.688 -282.323 2.72266
866.885 -282.264 2.72649
867.178 -295.116 2.58458
868.333 -305.44 2.4849
868.44 -298.297 2.56793
869.049 -305.362 2.49674
868.512 -287.184 2.69557
868.742 -287.138 2.69954
872.111 -307.16 2.52128
872.061 -290.773 2.70548
874.507 -303.148 2.59936
872.802 -288.938 2.73584
872.439 -282.02 2.80811
872.631 -281.965 2.81111
868.158 -259.803 3.00043
873.042 -278.672 2.85219
873.188 -278.525 2.85548
873.367 -278.51 2.85771
875.372 -284.367 2.81723
883.677 -309.554 2.63918
877.791 -287.529 2.80979
885.384 -308.279 2.67069
878.374 -286.957 2.82182
878.56 -286.753 2.82583
836.61 -291.121 1.7883
836.706 -291.535 1.78685
836.805 -291.952 1.78543
836.905 -292.374 1.78392
837.006 -292.8 1.78235
837.111 -293.228 1.7808
837.213 -293.665 1.77905
837.319 -294.106 1.77731
837.43 -294.545 1.77567
837.538 -294.996 1.77378
846.279 -283.2 2.14904
846.66 -283.09 2.16088
847.033 -282.981 2.17248
847.401 -282.875 2.18386
847.656 -282.931 2.19024
847.874 -283.041 2.19496
848.079 -283.169 2.19911
848.158 -283.498 2.19744
848.238 -283.83 2.19572
848.319 -284.168 2.19394
848.401 -284.51 2.1921
844.282 -291.917 1.9939
856.379 -271.88 2.55547
856.494 -271.97 2.55741
845.614 -291.444 2.03483
845.895 -291.557 2.04081
846.175 -291.67 2.04674
846.382 -291.919 2.04903
846.534 -292.275 2.04852
846.687 -292.636 2.04796
846.842 -293 2.04735
842.149 -302.985 1.80207
846.714 -294.639 2.02335
846.605 -295.585 2.00858
846.899 -295.72 2.01419
842.483 -306.834 1.76109
842.948 -306.792 1.77311
843.249 -307.111 1.77632
856.221 -280.919 2.43547
856.411 -280.987 2.43904
858.208 -276.82 2.53739
858.361 -276.896 2.53993
853.293 -295.843 2.16411
853.548 -296.058 2.16679
850.036 -308.468 1.91595
850.368 -308.745 1.91939
850.703 -309.024 1.92279
851.039 -309.305 1.92615
856.259 -292.066 2.28214
851.718 -309.872 1.93277
852.06 -310.158 1.93602
852.405 -310.446 1.93924
855.172 -301.011 2.13197
859.79 -287.379 2.42302
860.853 -283.376 2.50234
859.302 -292.314 2.34178
860.632 -290.989 2.38726
860.974 -296.102 2.31888
863.665 -280.99 2.59144
863.603 -285.239 2.52755
862.755 -303.317 2.24477
865.282 -276.89 2.68106
865.438 -276.962 2.6827
866.376 -290.858 2.49151
866.887 -282.25 2.62793
867.181 -295.123 2.44083
868.335 -305.415 2.3055
868.443 -298.316 2.41282
869.052 -305.356 2.31725
868.514 -287.199 2.57926
868.744 -287.149 2.5834
872.113 -307.157 2.33473
872.062 -290.769 2.57578
874.511 -303.158 2.4255
872.805 -288.944 2.61194
872.44 -282.018 2.7083
872.633 -281.966 2.71132
868.158 -259.801 2.9796
873.043 -278.67 2.76333
873.189 -278.524 2.76698
873.368 -278.51 2.76908
875.374 -284.366 2.70706
883.68 -309.552 2.43648
877.788 -287.515 2.68674
885.385 -308.276 2.47041
878.373 -286.95 2.69994
878.562 -286.755 2.70431
847.293 -278.354 2.1205
847.421 -278.545 2.12198
847.56 -278.722 2.12396
847.7 -278.9 2.12593
839.102 -290.606 1.70497
838.96 -291.332 1.69085
839.035 -291.779 1.68706
839.147 -292.183 1.68493
841.543 -289.399 1.79567
846.365 -283.082 2.02831
846.757 -282.952 2.04187
847.143 -282.825 2.05513
847.443 -282.816 2.06418
847.662 -282.926 2.06906
847.88 -283.036 2.07388
848.097 -283.145 2.07865
848.246 -283.363 2.0798
848.326 -283.694 2.07728
848.407 -284.029 2.07469
848.49 -284.368 2.07202
844.29 -291.908 1.83997
856.381 -271.879 2.483
856.495 -271.971 2.48483
845.617 -291.442 1.88444
845.898 -291.556 1.89055
846.179 -291.669 1.89661
846.383 -291.923 1.89831
846.535 -292.279 1.89696
846.688 -292.64 1.89553
846.843 -293.004 1.89404
842.296 -302.7 1.61874
846.826 -294.419 1.87127
846.559 -295.686 1.84404
846.839 -295.852 1.84881
842.98 -304.827 1.60309
843.16 -305.374 1.599
843.344 -305.926 1.59488
843.529 -306.491 1.59049
843.72 -307.057 1.58617
843.912 -307.635 1.58161
844.108 -308.22 1.577
844.307 -308.815 1.5722
844.513 -309.413 1.56746
856.217 -280.931 2.33395
856.419 -280.971 2.33829
858.211 -276.815 2.45219
858.359 -276.906 2.4543
853.299 -295.833 2.01065
853.545 -296.074 2.01225
850.097 -308.282 1.72132
850.428 -308.558 1.72418
850.762 -308.836 1.72698
851.097 -309.115 1.72973
856.262 -292.064 2.14411
851.774 -309.679 1.73509
852.115 -309.963 1.7377
852.459 -310.249 1.74025
855.174 -301.014 1.96266
859.793 -287.378 2.3038
860.855 -283.376 2.39754
859.304 -292.315 2.2053
860.636 -290.981 2.25635
860.977 -296.1 2.17039
863.667 -280.992 2.49639
863.604 -285.247 2.41762
862.758 -303.309 2.07204
865.283 -276.894 2.60077
865.44 -276.945 2.60259
866.378 -290.863 2.36261
866.889 -282.236 2.52944
867.183 -295.133 2.29697
868.337 -305.391 2.12624
868.446 -298.337 2.25751
869.054 -305.351 2.13777
868.517 -287.214 2.46283
868.746 -287.161 2.46717
872.116 -307.154 2.14819
872.063 -290.765 2.44609
874.515 -303.17 2.25152
872.808 -288.95 2.488
872.441 -282.016 2.6085
872.634 -281.967 2.61152
868.158 -259.8 2.95877
873.044 -278.669 2.67446
873.19 -278.523 2.67848
873.369 -278.511 2.68045
875.375 -284.364 2.59688
883.682 -309.549 2.23379
877.786 -287.503 2.56376
885.387 -308.273 2.27014
878.372 -286.943 2.5781
878.565 -286.757 2.58276
847.697 -278.198 2.02713
847.805 -278.41 2.02735
847.936 -278.596 2.02868
848.076 -278.77 2.03047
848.211 -278.953 2.03191
848.343 -279.141 2.03313
849.818 -277.479 2.10836
850.106 -277.425 2.11854
846.379 -283.065 1.90461
846.771 -282.936 1.91931
847.156 -282.809 1.93369
847.449 -282.81 1.94293
847.668 -282.92 1.94791
847.885 -283.03 1.95282
848.103 -283.14 1.95769
848.32 -283.249 1.9625
848.413 -283.558 1.95991
848.494 -283.891 1.95652
848.577 -284.228 1.95305
848.554 -284.75 1.94299
856.382 -271.879 2.41052
856.496 -271.972 2.41223
845.621 -291.441 1.73403
845.902 -291.554 1.74029
846.183 -291.667 1.74647
846.383 -291.927 1.74754
846.535 -292.284 1.74534
846.689 -292.644 1.74305
846.844 -293.009 1.74068
843.849 -299.627 1.53035
846.785 -294.507 1.71069
846.447 -295.923 1.67423
846.779 -295.984 1.68236
844.533 -301.53 1.51332
844.712 -302.018 1.50888
844.894 -302.511 1.50434
845.079 -303.011 1.49968
845.267 -303.516 1.49497
845.457 -304.032 1.48998
845.651 -304.552 1.48496
845.851 -305.073 1.47999
846.051 -305.607 1.47472
854.812 -284.493 2.1249
856.426 -280.958 2.23758
858.214 -276.811 2.36699
858.356 -276.919 2.36846
847.116 -308.366 1.44705
854.808 -287.926 2.05576
847.569 -309.526 1.43496
847.804 -310.11 1.42894
848.04 -310.712 1.42253
853.305 -295.824 1.85723
853.54 -296.1 1.85729
850.158 -308.098 1.52799
850.488 -308.373 1.53027
850.82 -308.649 1.53249
851.154 -308.926 1.53464
856.265 -292.062 2.00607
851.829 -309.487 1.53876
852.17 -309.77 1.54072
852.505 -310.086 1.54176
855.176 -301.016 1.79331
859.795 -287.377 2.18458
860.857 -283.376 2.29271
859.306 -292.316 2.06879
860.639 -290.975 2.12542
860.98 -296.099 2.02186
863.668 -280.995 2.4013
863.384 -285.251 2.30354
863.605 -285.258 2.30756
863.006 -293.669 2.1135
862.762 -303.302 1.89931
865.284 -276.898 2.52043
865.442 -276.933 2.52248
866.38 -290.868 2.23366
866.89 -282.222 2.43104
867.185 -295.147 2.15293
868.34 -305.369 1.9471
868.45 -298.364 2.1019
869.057 -305.346 1.95831
868.519 -287.229 2.34629
868.749 -287.173 2.35083
872.119 -307.151 1.96163
872.065 -290.762 2.31641
874.52 -303.183 2.07741
872.81 -288.956 2.364
872.442 -282.014 2.5087
872.636 -281.968 2.51169
868.158 -259.798 2.93795
873.045 -278.668 2.58559
873.19 -278.521 2.58998
873.371 -278.511 2.59179
875.376 -284.363 2.48671
883.684 -309.547 2.03108
877.784 -287.492 2.44083
885.389 -308.271 2.06986
878.371 -286.935 2.4563
878.567 -286.759 2.46118
886.347 -303.086 2.18041
848.423 -277.622 1.95551
848.673 -277.64 1.96396
848.893 -277.694 1.97067
848.973 -277.935 1.96883
849.818 -277.139 2.0134
850.145 -277.03 2.02678
850.428 -276.977 2.03751
850.3 -277.501 2.0229
849.969 -278.331 1.99529
847.603 -282.159 1.83954
847.487 -282.757 1.82373
847.674 -282.915 1.82678
847.891 -283.025 1.8318
848.109 -283.134 1.83675
848.326 -283.244 1.84165
852.665 -276.746 2.11689
853.156 -276.305 2.14192
853.333 -276.365 2.1464
853.872 -275.816 2.1752
856.384 -271.879 2.33803
856.497 -271.973 2.33962
854.612 -275.591 2.2034
854.879 -275.468 2.21439
855.026 -275.557 2.21706
855.081 -275.818 2.21313
846.536 -292.288 1.59367
846.689 -292.648 1.59051
846.844 -293.013 1.58726
845.221 -296.913 1.45266
846.7 -294.685 1.54612
845.552 -297.767 1.44364
846.676 -296.206 1.51162
845.898 -298.631 1.43459
846.074 -299.07 1.42988
846.253 -299.516 1.42502
846.436 -299.965 1.42013
846.62 -300.422 1.41501
846.81 -300.876 1.41007
847.001 -301.342 1.40478
847.196 -301.81 1.3995
847.394 -302.286 1.39398
854.817 -284.487 2.01047
856.432 -280.946 2.13689
858.217 -276.807 2.2818
848.221 -304.237 1.37117
848.436 -304.743 1.36507
854.814 -287.914 1.93028
848.879 -305.764 1.35275
849.106 -306.288 1.34626
849.338 -306.811 1.33989
853.31 -295.815 1.70383
849.845 -307.786 1.32961
850.217 -307.915 1.33595
850.547 -308.188 1.33765
850.878 -308.463 1.33929
851.211 -308.739 1.34085
856.268 -292.06 1.86802
851.884 -309.296 1.34374
852.224 -309.577 1.34507
854.866 -300.876 1.62002
855.179 -301.019 1.62392
859.797 -287.375 2.06535
860.858 -283.377 2.18787
859.309 -292.317 1.93226
860.641 -290.972 1.99445
860.982 -296.099 1.87329
863.669 -280.998 2.30618
863.388 -285.232 2.19412
863.605 -285.273 2.19727
863.012 -293.629 1.97528
862.765 -303.296 1.72658
865.285 -276.904 2.44001
865.444 -276.924 2.44237
864.836 -313.464 1.50583
866.382 -290.874 2.10463
866.892 -282.209 2.3327
867.188 -295.175 2.0084
868.342 -305.346 1.76807
869.06 -305.34 1.77885
868.522 -287.244 2.22962
868.751 -287.185 2.2344
872.121 -307.149 1.77506
872.066 -290.758 2.18673
874.525 -303.196 1.90316
872.813 -288.962 2.23993
872.443 -282.012 2.4089
872.638 -281.969 2.41184
868.158 -259.797 2.91714
868.556 -260.702 2.89839
873.191 -278.52 2.50148
873.372 -278.512 2.50312
875.377 -284.362 2.37652
883.686 -309.545 1.82836
877.782 -287.481 2.31794
885.391 -308.268 1.86957
878.371 -286.928 2.33453
878.569 -286.761 2.33957
886.343 -303.069 1.99626
871.047 -264.284 2.82815
848.9 -277.347 1.87437
849.067 -277.468 1.87795
849.706 -276.957 1.91271
850.033 -276.85 1.92708
850.393 -276.691 1.94376
850.727 -276.561 1.95881
850.99 -276.525 1.96909
851.233 -276.512 1.97814
851.473 -276.5 1.987
851.711 -276.487 1.99574
851.946 -276.476 2.0043
852.18 -276.463 2.01281
852.439 -276.407 2.02314
852.71 -276.327 2.03443
853.271 -275.776 2.06676
853.532 -275.694 2.07764
853.789 -275.613 2.08835
854.043 -275.532 2.09887
856.385 -271.878 2.26554
856.498 -271.974 2.26699
854.803 -275.257 2.13097
855.005 -275.245 2.13795
855.096 -275.432 2.13635
855.179 -275.64 2.13392
855.197 -275.972 2.12631
847.224 -291.629 1.48057
847.385 -291.964 1.47735
847.548 -292.304 1.47398
847.717 -292.637 1.47096
847.88 -292.992 1.46704
847.953 -293.54 1.45542
847.944 -294.281 1.43625
847.924 -295.066 1.41551
847.905 -295.875 1.39415
856.544 -277.219 2.13672
856.766 -277.155 2.14504
856.956 -277.159 2.1506
857.136 -277.184 2.15529
857.314 -277.214 2.1597
857.491 -277.245 2.16404
857.666 -277.278 2.16822
857.84 -277.312 2.17232
858.22 -276.804 2.19661
858.188 -277.381 2.18032
858.361 -277.415 2.18426
858.534 -277.447 2.1882
858.707 -277.48 2.19207
858.878 -277.515 2.19579
859.05 -277.548 2.19953
859.215 -277.6 2.20256
859.387 -277.634 2.2062
859.556 -277.673 2.20959
859.712 -277.754 2.21145
859.872 -277.826 2.21361
860.043 -277.86 2.21705
860.205 -277.924 2.21941
860.367 -277.991 2.22166
860.524 -278.075 2.22325
860.681 -278.162 2.22471
860.837 -278.258 2.22587
860.992 -278.362 2.22671
861.149 -278.458 2.2278
861.31 -278.545 2.22917
861.468 -278.643 2.23018
861.627 -278.744 2.23104
861.785 -278.852 2.23162
861.937 -278.998 2.231
862.098 -279.106 2.23158
862.263 -279.195 2.23273
862.425 -279.311 2.233
862.586 -279.433 2.23308
862.745 -279.581 2.23232
862.898 -279.779 2.22995
860.985 -296.1 1.72466
863.67 -281 2.21102
863.392 -285.219 2.08466
863.017 -293.597 1.83705
862.768 -303.291 1.55385
865.286 -276.91 2.35952
865.446 -276.916 2.36227
864.837 -313.536 1.29578
866.384 -290.88 1.97554
866.893 -282.196 2.23443
867.32 -311.974 1.38156
868.344 -305.325 1.58914
869.062 -305.335 1.59941
868.525 -287.26 2.11281
868.754 -287.197 2.11786
872.124 -307.147 1.58846
872.068 -290.754 2.05706
874.529 -303.211 1.72876
872.816 -288.967 2.11581
872.444 -282.01 2.30909
872.639 -281.97 2.31197
868.158 -259.795 2.89633
868.555 -260.7 2.87421
873.192 -278.519 2.41297
873.374 -278.512 2.41444
875.378 -284.36 2.26633
883.688 -309.543 1.62561
877.781 -287.472 2.19508
885.393 -308.265 1.66926
878.37 -286.921 2.21279
878.572 -286.763 2.21792
886.341 -303.058 1.81206
871.046 -264.281 2.78937
871.11 -264.233 2.79079
849.569 -276.808 1.81069
849.957 -276.622 1.83043
850.347 -276.426 1.85044
850.683 -276.294 1.86667
850.977 -276.214 1.87997
851.223 -276.197 1.8898
851.461 -276.186 1.8991
851.704 -276.165 1.90883
851.976 -276.098 1.92075
852.255 -276.014 1.93331
852.519 -275.947 1.94482
852.774 -275.888 1.95579
853.204 -275.55 1.98045
853.451 -275.492 1.99094
853.707 -275.412 2.00233
853.96 -275.334 2.01349
856.216 -271.883 2.18682
856.387 -271.878 2.19303
856.498 -271.975 2.19433
854.971 -274.964 2.05928
855.092 -275.092 2.05996
855.214 -275.222 2.0606
855.302 -275.413 2.05833
855.471 -275.459 2.06279
855.61 -275.56 2.06467
855.712 -275.732 2.0633
854.133 -279.244 1.91163
854.319 -279.314 1.91581
854.5 -279.395 1.91945
856.183 -276.33 2.06185
854.991 -279.276 1.93881
856.461 -276.554 2.0644
856.616 -276.632 2.06709
857.708 -274.601 2.16056
856.94 -276.759 2.0736
857.121 -276.777 2.07872
857.3 -276.797 2.08367
857.478 -276.82 2.08844
857.654 -276.843 2.09313
857.829 -276.87 2.09759
858.001 -276.901 2.10184
858.223 -276.801 2.1114
858.335 -276.988 2.1091
858.497 -277.043 2.1122
858.66 -277.097 2.11527
858.817 -277.167 2.11765
858.977 -277.23 2.12028
859.142 -277.277 2.12352
859.298 -277.35 2.12565
859.453 -277.43 2.12749
859.61 -277.502 2.12958
859.769 -277.57 2.13182
859.929 -277.636 2.13409
860.091 -277.695 2.13657
860.253 -277.756 2.13897
860.418 -277.809 2.14163
860.574 -277.891 2.14313
860.73 -277.98 2.14431
860.885 -278.073 2.14535
861.041 -278.164 2.14642
861.196 -278.265 2.14708
861.353 -278.361 2.14792
861.511 -278.457 2.14877
861.669 -278.551 2.1496
861.826 -278.66 2.14989
861.984 -278.771 2.1501
862.142 -278.882 2.15026
862.302 -278.993 2.15038
862.462 -279.106 2.15046
862.624 -279.216 2.15059
862.788 -279.323 2.15081
862.953 -279.431 2.15099
863.119 -279.539 2.15111
863.285 -279.648 2.15119
863.453 -279.757 2.15125
863.622 -279.869 2.15119
863.792 -279.986 2.15094
863.96 -280.126 2.14984
864.129 -280.281 2.14827
864.298 -280.446 2.14629
864.465 -280.665 2.14251
862.772 -303.285 1.38111
865.287 -276.918 2.27891
865.448 -276.909 2.28217
864.841 -313.491 1.08902
866.386 -290.886 1.84637
866.895 -282.184 2.13621
867.323 -312 1.17807
868.346 -305.305 1.41029
869.065 -305.33 1.41996
868.527 -287.275 1.99588
868.756 -287.209 2.00121
872.127 -307.145 1.40184
872.069 -290.75 1.92739
874.534 -303.227 1.55419
872.819 -288.973 1.99161
872.445 -282.008 2.20927
872.641 -281.971 2.21206
868.158 -259.794 2.87553
868.555 -260.699 2.85
873.193 -278.517 2.32445
873.375 -278.513 2.32572
875.379 -284.359 2.15612
883.691 -309.541 1.42284
877.78 -287.465 2.07222
885.395 -308.263 1.46894
878.369 -286.914 2.09108
878.574 -286.765 2.09623
886.341 -303.051 1.62779
871.045 -264.277 2.75062
871.109 -264.23 2.75211
871.152 -264.131 2.75505
850.3 -276.166 1.75817
850.679 -275.977 1.77887
850.958 -275.918 1.79185
851.221 -275.876 1.80364
851.544 -275.742 1.82042
851.798 -275.703 1.83167
852.076 -275.623 1.84498
852.327 -275.578 1.8562
852.529 -275.603 1.86337
852.85 -275.442 1.88054
853.132 -275.335 1.89458
853.375 -275.282 1.90549
853.626 -275.213 1.91712
853.88 -275.133 1.92916
854.141 -275.038 1.94181
856.22 -271.878 2.11422
856.389 -271.878 2.12051
856.499 -271.976 2.12165
855.125 -274.695 1.98869
855.299 -274.724 1.99414
855.471 -274.755 1.99941
855.645 -274.782 2.00486
855.819 -274.806 2.01034
855.993 -274.827 2.01584
856.167 -274.848 2.0213
856.342 -274.865 2.02688
856.519 -274.876 2.03268
856.692 -274.893 2.0381
857.178 -274.254 2.07495
857.361 -274.231 2.0819
857.507 -274.289 2.08492
857.649 -274.354 2.08756
857.789 -274.423 2.09001
857.934 -274.482 2.09287
858.076 -274.547 2.09537
858.213 -274.623 2.09731
857.628 -276.459 2.01863
857.796 -276.496 2.02276
857.956 -276.552 2.02595
858.114 -276.613 2.02888
858.267 -276.688 2.03114
858.417 -276.772 2.03294
858.567 -276.854 2.03477
858.723 -276.923 2.03717
858.88 -276.988 2.03967
859.035 -277.062 2.04178
859.19 -277.135 2.04385
859.346 -277.207 2.04591
859.5 -277.285 2.04772
859.656 -277.36 2.04959
859.811 -277.436 2.05137
859.972 -277.495 2.05384
860.142 -277.523 2.0576
860.305 -277.575 2.06027
860.468 -277.628 2.06283
860.628 -277.693 2.06489
860.785 -277.771 2.06632
860.937 -277.869 2.06693
861.09 -277.967 2.06751
861.245 -278.063 2.06811
861.399 -278.163 2.06858
861.553 -278.27 2.06869
861.71 -278.368 2.06915
861.866 -278.472 2.06933
862.024 -278.571 2.0697
862.183 -278.674 2.06986
862.342 -278.778 2.06998
862.503 -278.883 2.07003
862.664 -278.988 2.07005
862.827 -279.09 2.07014
862.991 -279.192 2.07021
863.156 -279.295 2.07022
863.322 -279.398 2.0702
863.489 -279.501 2.07015
863.657 -279.608 2.06995
863.826 -279.716 2.06965
863.994 -279.838 2.0688
864.162 -279.98 2.06718
864.33 -280.132 2.06516
864.501 -280.284 2.06309
865.275 -273.2 2.33112
864.847 -280.595 2.05871
865.287 -276.928 2.19814
865.45 -276.904 2.20206
865.381 -281.074 2.05154
865.562 -281.237 2.049
865.746 -281.41 2.04607
865.931 -281.598 2.04259
866.388 -290.893 1.71712
866.896 -282.172 2.03805
867.326 -312.026 0.974355
868.348 -305.286 1.23152
869.067 -305.324 1.24051
868.53 -287.291 1.8788
868.759 -287.221 1.88445
872.129 -307.143 1.21518
872.071 -290.747 1.79772
874.54 -303.243 1.37945
872.822 -288.979 1.86734
872.446 -282.006 2.10944
872.643 -281.972 2.11213
868.158 -259.793 2.85474
873.048 -278.662 2.23005
873.194 -278.516 2.23592
873.376 -278.513 2.23699
875.381 -284.358 2.0459
883.693 -309.539 1.22004
877.78 -287.458 1.94936
885.396 -308.26 1.26859
878.368 -286.907 1.96939
878.577 -286.767 1.9745
886.342 -303.047 1.44342
871.044 -264.273 2.71188
871.108 -264.226 2.71343
871.149 -264.123 2.71677
871.212 -264.077 2.71826
851.851 -274.386 1.78201
852.012 -274.467 1.78641
852.294 -274.375 1.80122
852.457 -274.449 1.80582
852.641 -274.49 1.81227
852.86 -274.478 1.82174
853.003 -274.577 1.82458
852.95 -274.971 1.80988
853.404 -274.597 1.84036
853.533 -274.714 1.84186
853.546 -275.015 1.83272
853.811 -274.92 1.8464
854.119 -274.746 1.86436
854.412 -274.591 1.88103
856.222 -271.878 2.04137
856.39 -271.878 2.04795
856.5 -271.977 2.04892
855.308 -274.374 1.92306
855.486 -274.392 1.92925
855.662 -274.41 1.9353
855.888 -274.333 1.94643
856.117 -274.247 1.95788
856.336 -274.173 1.96855
856.574 -274.057 1.9813
856.804 -273.952 1.99327
857.006 -273.895 2.0026
857.158 -273.938 2.00655
857.287 -274.027 2.0081
857.433 -274.081 2.01138
857.578 -274.137 2.01448
857.725 -274.189 2.01773
857.875 -274.234 2.02134
858.053 -274.212 2.02823
858.218 -274.217 2.03366
858.367 -274.259 2.03717
858.494 -274.354 2.038
858.622 -274.449 2.03881
859.213 -273.371 2.0971
859.367 -273.378 2.10183
859.519 -273.387 2.1064
858.474 -276.62 1.95522
858.626 -276.695 1.95726
858.777 -276.776 1.95899
858.93 -276.849 1.96106
859.084 -276.922 1.9631
859.239 -276.993 1.9652
859.388 -277.081 1.96641
859.541 -277.16 1.96801
859.696 -277.233 1.96986
859.853 -277.303 1.97183
860.024 -277.324 1.976
860.193 -277.351 1.97979
860.356 -277.396 1.98272
860.517 -277.452 1.98512
860.678 -277.507 1.98746
860.836 -277.577 1.98914
860.99 -277.66 1.99016
861.143 -277.754 1.99067
861.297 -277.846 1.9912
861.45 -277.943 1.99152
861.604 -278.044 1.99161
861.758 -278.146 1.99166
861.914 -278.246 1.9917
862.07 -278.346 1.99175
862.228 -278.446 1.99179
862.386 -278.546 1.99177
862.546 -278.646 1.99174
862.706 -278.745 1.99167
862.868 -278.846 1.99155
863.03 -278.946 1.99139
863.194 -279.047 1.99118
863.358 -279.149 1.99091
863.524 -279.251 1.99059
863.69 -279.355 1.99014
863.857 -279.461 1.9896
864.025 -279.572 1.98881
864.193 -279.696 1.98745
864.361 -279.834 1.98549
864.529 -279.984 1.983
865.273 -273.231 2.26239
864.872 -280.288 1.97784
865.287 -276.942 2.11711
865.451 -276.899 2.12191
865.4 -280.756 1.96946
865.579 -280.915 1.9665
865.761 -281.075 1.96346
865.945 -281.236 1.96036
866.131 -281.4 1.95716
866.319 -281.565 1.95384
866.51 -281.733 1.95043
866.703 -281.902 1.94693
866.898 -282.097 1.94238
867.096 -282.294 1.93774
867.296 -282.505 1.93255
868.351 -305.267 1.05274
869.07 -305.319 1.061
868.532 -287.307 1.76153
868.761 -287.233 1.76754
872.132 -307.142 1.02843
872.072 -290.743 1.668
874.545 -303.26 1.20447
872.825 -288.985 1.74296
872.447 -282.004 2.00957
872.644 -281.973 2.01213
868.158 -259.793 2.83386
878.272 -302.402 1.26451
878.515 -301.929 1.28383
873.049 -278.661 2.14111
873.195 -278.515 2.14735
873.378 -278.514 2.1482
879.864 -301.64 1.30101
875.382 -284.356 1.93563
883.695 -309.537 1.01714
877.779 -287.452 1.82643
885.398 -308.257 1.06814
878.367 -286.9 1.84768
878.579 -286.769 1.85269
886.343 -303.045 1.25893
871.043 -264.27 2.67316
871.107 -264.222 2.67478
871.148 -264.12 2.6784
871.211 -264.073 2.67995
871.275 -264.027 2.68147
852.712 -273.503 1.76141
852.804 -273.665 1.76
853.056 -273.6 1.77334
853.213 -273.667 1.778
853.34 -273.778 1.77974
853.512 -273.823 1.78563
854.435 -272.733 1.86316
854.588 -272.786 1.86792
854.007 -273.98 1.80139
854.151 -274.062 1.80459
854.299 -274.138 1.80813
854.546 -274.054 1.8214
854.76 -274.017 1.8316
856.223 -271.877 1.96851
856.392 -271.877 1.97539
856.501 -271.978 1.97619
855.536 -273.975 1.86467
855.776 -273.874 1.87793
856.008 -273.783 1.89046
856.237 -273.69 1.90288
856.459 -273.604 1.91477
856.68 -273.517 1.92657
856.873 -273.477 1.93547
857.014 -273.538 1.93851
857.146 -273.615 1.94064
857.268 -273.715 1.94143
857.389 -273.818 1.94201
857.524 -273.891 1.94418
857.663 -273.956 1.9468
857.884 -273.841 1.95921
858.145 -273.627 1.97687
858.451 -273.301 2.0004
858.686 -273.127 2.01547
858.864 -273.077 2.02366
859.024 -273.068 2.02955
859.18 -273.067 2.03496
859.326 -273.089 2.03905
859.464 -273.129 2.04215
859.595 -273.189 2.04413
859.79 -273.076 2.05506
859.962 -273.019 2.06299
860.173 -272.846 2.07678
860.275 -272.98 2.07465
860.358 -273.171 2.06964
859.287 -276.853 1.88746
859.437 -276.934 1.88889
859.588 -277.017 1.89015
859.736 -277.108 1.89099
859.896 -277.164 1.89354
860.064 -277.193 1.89735
860.745 -275.422 1.98996
860.892 -275.474 1.99214
861.038 -275.533 1.99394
860.726 -277.333 1.91086
860.885 -277.389 1.91303
861.04 -277.465 1.91422
861.195 -277.545 1.91516
861.349 -277.628 1.91591
861.503 -277.715 1.91646
861.656 -277.812 1.91648
861.81 -277.909 1.91644
861.964 -278.007 1.91635
862.119 -278.107 1.91612
862.274 -278.207 1.91582
862.431 -278.308 1.91548
862.589 -278.407 1.91519
862.748 -278.507 1.91485
862.908 -278.606 1.91447
863.069 -278.705 1.9141
863.231 -278.804 1.91368
863.394 -278.904 1.91317
863.558 -279.005 1.91258
863.722 -279.107 1.91192
863.888 -279.21 1.91114
864.055 -279.316 1.91021
864.222 -279.427 1.90906
864.39 -279.545 1.90751
864.557 -279.69 1.90476
864.726 -279.839 1.90182
864.896 -279.987 1.89884
865.287 -276.971 2.03533
865.453 -276.894 2.04177
865.418 -280.444 1.88929
865.596 -280.6 1.88592
865.776 -280.757 1.88245
865.958 -280.916 1.87889
866.142 -281.076 1.87525
866.328 -281.236 1.87154
866.516 -281.399 1.86772
866.706 -281.565 1.86376
866.899 -281.732 1.8597
867.094 -281.9 1.85554
867.292 -282.07 1.8513
867.491 -282.244 1.84685
867.694 -282.426 1.84205
867.898 -282.576 1.83857
868.105 -282.721 1.83523
868.314 -282.888 1.83094
868.533 -283.176 1.82155
872.135 -307.14 0.841683
872.073 -290.739 1.53832
874.55 -303.278 1.02935
872.827 -288.991 1.61854
872.448 -282.002 1.90972
872.646 -281.974 1.91212
868.159 -259.795 2.81294
878.21 -302.128 1.10165
878.452 -301.66 1.12217
873.05 -278.66 2.05219
873.196 -278.514 2.0588
873.379 -278.515 2.05941
879.81 -301.435 1.13653
875.383 -284.355 1.82537
883.697 -309.535 0.814254
877.78 -287.448 1.70349
885.4 -308.255 0.867727
878.367 -286.893 1.72604
878.581 -286.771 1.73087
886.346 -303.045 1.07435
871.042 -264.266 2.63447
871.106 -264.219 2.63615
871.147 -264.116 2.64004
871.21 -264.07 2.64165
871.274 -264.023 2.64324
871.349 -264.004 2.64367
854.336 -271.522 1.82477
854.479 -271.581 1.82923
854.925 -271.201 1.86375
855.034 -271.301 1.86505
854.711 -272.044 1.82266
854.832 -272.136 1.82467
854.948 -272.236 1.82608
855.326 -271.931 1.85441
855.457 -272.001 1.85756
855.593 -272.066 1.86103
855.753 -272.09 1.86706
855.895 -272.141 1.87125
856.225 -271.877 1.89564
856.393 -271.877 1.90282
856.502 -271.978 1.90343
856.248 -272.721 1.86349
856.426 -272.71 1.87134
856.543 -272.808 1.87228
856.481 -273.24 1.85247
856.675 -273.2 1.86192
856.845 -273.204 1.86864
856.987 -273.257 1.8722
857.136 -273.299 1.87637
857.265 -273.378 1.87823
857.393 -273.461 1.87984
857.554 -273.475 1.88551
857.734 -273.447 1.89356
858.011 -273.203 1.91424
858.287 -272.952 1.93509
858.465 -272.909 1.94355
858.605 -272.951 1.94697
858.771 -272.93 1.95393
858.931 -272.922 1.9601
859.084 -272.925 1.96552
859.232 -272.94 1.97013
859.375 -272.969 1.97395
859.527 -272.971 1.97919
859.695 -272.928 1.98686
859.873 -272.854 1.99618
860.112 -272.608 2.01489
860.268 -272.582 2.0213
860.426 -272.546 2.02812
860.549 -272.611 2.02932
860.673 -272.676 2.03051
860.79 -272.759 2.0307
860.408 -274.426 1.94541
860.534 -274.527 1.94489
860.645 -274.677 1.94177
860.746 -274.871 1.93629
860.869 -274.993 1.9347
860.998 -275.1 1.93383
861.125 -275.217 1.93238
861.254 -275.327 1.93129
861.383 -275.448 1.92964
861.082 -277.301 1.83807
861.24 -277.365 1.83966
861.393 -277.447 1.84025
861.549 -277.521 1.84123
861.705 -277.594 1.84222
861.86 -277.675 1.84275
862.013 -277.772 1.84246
862.167 -277.87 1.84202
862.321 -277.969 1.84152
862.476 -278.069 1.84095
862.632 -278.169 1.84031
862.789 -278.27 1.83962
862.948 -278.368 1.839
863.107 -278.467 1.83834
863.267 -278.565 1.83764
863.429 -278.663 1.83691
863.591 -278.763 1.83609
863.754 -278.863 1.83516
863.919 -278.966 1.83411
864.084 -279.07 1.83296
864.25 -279.174 1.83175
864.417 -279.282 1.83029
865.135 -273.288 2.12169
864.751 -279.548 1.82495
864.92 -279.694 1.82156
865.09 -279.842 1.81809
865.454 -276.891 1.96161
865.436 -280.14 1.81094
865.612 -280.293 1.80718
865.79 -280.446 1.80332
865.97 -280.601 1.79936
866.152 -280.758 1.79529
866.336 -280.915 1.79116
866.522 -281.074 1.78694
866.71 -281.235 1.78256
866.9 -281.398 1.77807
867.093 -281.563 1.77345
867.288 -281.734 1.76852
867.486 -281.908 1.7634
867.686 -282.091 1.75784
867.888 -282.237 1.75398
868.091 -282.359 1.75115
868.296 -282.489 1.74788
868.503 -282.633 1.74395
868.714 -282.789 1.73946
868.93 -282.992 1.73274
869.154 -283.241 1.72393
869.386 -283.563 1.71177
869.633 -283.979 1.69538
872.137 -307.139 0.654887
872.803 -309.88 0.535631
873.281 -310.614 0.506726
873.771 -311.358 0.477346
874.274 -312.115 0.447345
874.79 -312.884 0.416771
872.075 -290.735 1.40861
874.556 -303.296 0.85402
872.83 -288.998 1.49405
868.039 -259.834 2.78971
872.648 -281.976 1.81207
868.159 -259.797 2.79201
878.149 -301.857 0.940575
878.39 -301.393 0.962276
873.051 -278.658 1.96324
873.197 -278.512 1.97022
873.381 -278.515 1.97059
879.757 -301.232 0.973422
875.384 -284.353 1.71508
883.7 -309.533 0.611326
877.781 -287.446 1.58048
885.402 -308.252 0.667272
878.366 -286.886 1.60441
878.584 -286.773 1.60899
886.35 -303.048 0.889618
871.041 -264.262 2.59578
871.105 -264.215 2.59754
871.146 -264.113 2.6017
871.209 -264.066 2.60338
871.273 -264.019 2.60502
871.35 -264.004 2.60526
871.424 -263.981 2.6058
855.273 -270.455 1.83667
855.367 -270.566 1.83675
855.458 -270.682 1.83647
855.532 -270.826 1.83416
855.992 -270.388 1.87354
856.128 -270.431 1.8781
856.243 -270.506 1.88041
856.345 -270.601 1.88119
856.436 -270.716 1.88059
856.519 -270.843 1.87908
856.644 -270.904 1.88214
856.768 -270.965 1.88518
856.841 -271.115 1.8821
856.908 -271.275 1.87828
857.023 -271.355 1.87991
857.292 -271.16 1.89986
857.41 -271.231 1.9019
857.293 -271.737 1.87511
857.005 -272.58 1.8265
857.295 -272.343 1.84897
857.423 -272.409 1.85139
857.571 -272.438 1.85624
857.731 -272.439 1.86274
857.866 -272.492 1.86589
858.121 -272.29 1.88511
858.238 -272.375 1.88598
858.351 -272.468 1.88631
858.454 -272.586 1.88505
858.556 -272.707 1.8836
858.683 -272.775 1.88542
858.849 -272.75 1.89287
858.996 -272.769 1.89754
859.136 -272.801 1.90133
859.285 -272.814 1.90623
859.439 -272.808 1.91219
859.609 -272.76 1.92054
859.809 -272.631 1.93368
860.05 -272.381 1.95384
860.192 -272.392 1.95834
860.345 -272.368 1.96476
860.501 -272.334 1.97172
860.647 -272.327 1.97706
860.804 -272.284 1.98433
860.962 -272.232 1.99209
861.121 -272.175 1.99998
861.269 -272.145 2.00627
861.406 -272.151 2.01042
861.207 -273.304 1.94925
861.101 -274.186 1.90388
861.264 -274.147 1.91081
861.403 -274.192 1.91293
861.536 -274.261 1.91367
861.666 -274.344 1.9136
861.755 -274.597 1.90401
861.694 -275.485 1.8594
861.436 -277.268 1.76577
861.593 -277.33 1.76721
861.75 -277.398 1.76833
861.905 -277.473 1.76901
862.059 -277.554 1.76928
862.214 -277.64 1.76921
862.367 -277.734 1.76871
862.521 -277.832 1.76793
862.675 -277.931 1.7671
862.831 -278.03 1.76619
862.987 -278.13 1.7652
863.145 -278.23 1.76414
863.303 -278.329 1.76313
863.463 -278.426 1.76217
863.624 -278.525 1.76104
863.786 -278.625 1.75984
863.948 -278.726 1.75853
864.692 -273.608 2.02843
864.277 -278.93 1.75573
864.443 -279.033 1.75418
865.132 -273.331 2.05163
864.777 -279.263 1.74976
864.943 -279.407 1.74603
865.112 -279.552 1.7422
865.456 -276.888 1.88142
865.454 -279.844 1.73428
865.628 -279.992 1.73021
865.804 -280.142 1.72597
865.982 -280.294 1.72163
866.161 -280.447 1.71718
866.343 -280.601 1.71262
866.527 -280.757 1.70796
866.713 -280.914 1.70322
866.901 -281.073 1.69828
867.092 -281.241 1.69293
867.285 -281.414 1.68724
867.48 -281.59 1.68139
867.678 -281.761 1.67574
867.877 -281.902 1.67152
868.077 -282.018 1.66851
868.279 -282.133 1.66547
868.484 -282.257 1.66197
868.691 -282.398 1.65753
868.9 -282.547 1.65269
869.113 -282.703 1.64746
869.329 -282.863 1.64197
869.551 -283.071 1.63411
869.781 -283.322 1.62412
870.02 -283.629 1.61134
870.267 -283.959 1.59741
870.52 -284.301 1.58289
870.779 -284.648 1.56811
873.315 -301.891 0.738787
872.076 -290.732 1.2789
874.148 -302.906 0.695505
874.561 -303.315 0.678479
875.016 -303.938 0.651095
872.833 -289.004 1.36946
875.919 -304.988 0.605528
876.385 -305.52 0.5823
876.86 -306.056 0.558776
868.037 -259.818 2.76954
868.075 -259.799 2.77064
868.114 -259.782 2.77168
868.153 -259.764 2.77269
879.39 -308.828 0.435154
878.088 -301.588 0.781258
878.328 -301.13 0.804113
873.052 -278.657 1.87428
873.198 -278.511 1.88163
873.382 -278.516 1.88174
879.705 -301.03 0.811646
875.385 -284.352 1.60478
877.782 -287.445 1.45735
885.404 -308.249 0.466775
878.365 -286.879 1.4828
878.586 -286.775 1.48706
886.354 -303.053 0.70471
871.04 -264.259 2.55712
871.104 -264.211 2.55894
871.148 -264.116 2.56305
871.211 -264.068 2.56483
871.274 -264.021 2.56657
871.35 -264.004 2.56682
871.423 -263.978 2.56751
871.488 -263.936 2.56888
 ] }
 color Color { color [
0.274565 0 0.725435
0.207316 0 0.792684
0.207365 0 0.792635
0.208454 0 0.791546
0.328337 0 0.671663
0.289462 0 0.710538
0.243722 0 0.756278
0.359346 0 0.640654
0.441665 0 0.558335
0.440851 0 0.559149
0.395485 0 0.604515
0.484175 0 0.515825
0.341348 0 0.658652
0.299758 0 0.700242
0.390628 0 0.609372
0.374104 0 0.625896
0.425868 0 0.574132
0.27149 0 0.72851
0.31378 0 0.68622
0.400244 0 0.599756
0.229261 0 0.770739
0.433156 0 0.566844
0.560588 0 0.439412
0.529176 0 0.470824
0.368177 0 0.631823
0.283417 0 0.716583
0.411019 0 0.588981
0.518172 0 0.481828
0.441829 0 0.558171
0.515073 0 0.484927
0.330538 0 0.669462
0.330525 0 0.669475
0.371759 0 0.628241
0.37295 0 0.62705
0.35364 0 0.64636
0.285822 0 0.714178
0.285317 0 0.714683
0.254316 0 0.745684
0.253254 0 0.746746
0.253356 0 0.746644
0.315382 0 0.684618
0.207294 0 0.792706
0.207355 0 0.792645
0.208443 0 0.791557
0.328328 0 0.671672
0.289394 0 0.710606
0.243718 0 0.756282
0.35937 0 0.64063
0.441425 0 0.558575
0.440789 0 0.559211
0.395419 0 0.604581
0.484155 0 0.515845
0.341301 0 0.658699
0.299734 0 0.700266
0.390558 0 0.609442
0.374179 0 0.625821
0.425726 0 0.574274
0.271476 0 0.728524
0.313741 0 0.686259
0.400075 0 0.599925
0.229223 0 0.770777
0.433283 0 0.566717
0.560572 0 0.439428
0.529179 0 0.470821
0.368146 0 0.631854
0.283327 0 0.716673
0.410959 0 0.589041
0.517629 0 0.482371
0.44188 0 0.55812
0.514926 0 0.485074
0.330653 0 0.669347
0.330609 0 0.669391
0.371656 0 0.628344
0.3731 0 0.6269
0.353666 0 0.646335
0.285768 0 0.714232
0.285296 0 0.714704
0.25428 0 0.74572
0.253219 0 0.746781
0.253337 0 0.746663
0.315339 0 0.684661
0.207275 0 0.792725
0.207349 0 0.792651
0.208436 0 0.791564
0.328335 0 0.671665
0.289335 0 0.710665
0.243721 0 0.756279
0.359405 0 0.640595
0.441205 0 0.558795
0.44074 0 0.55926
0.395359 0 0.604641
0.484141 0 0.515859
0.341258 0 0.658742
0.299712 0 0.700288
0.390493 0 0.609507
0.374269 0 0.625731
0.425599 0 0.574401
0.271468 0 0.728532
0.313711 0 0.686289
0.39992 0 0.60008
0.229191 0 0.770809
0.433415 0 0.566585
0.560566 0 0.439434
0.529204 0 0.470796
0.368127 0 0.631873
0.283243 0 0.716757
0.410909 0 0.589091
0.517182 0 0.482818
0.441941 0 0.558059
0.514785 0 0.485215
0.330772 0 0.669228
0.330697 0 0.669303
0.371558 0 0.628442
0.373256 0 0.626744
0.353695 0 0.646305
0.285719 0 0.714281
0.285279 0 0.714721
0.0594601 0 0.94054
0.254247 0 0.745753
0.253187 0 0.746813
0.253322 0 0.746678
0.315299 0 0.684701
0.580493 0 0.419507
0.207258 0 0.792742
0.207345 0 0.792655
0.208431 0 0.791569
0.328365 0 0.671635
0.289285 0 0.710715
0.243727 0 0.756273
0.359449 0 0.640551
0.441005 0 0.558995
0.440703 0 0.559297
0.395304 0 0.604696
0.484134 0 0.515866
0.34122 0 0.65878
0.299695 0 0.700305
0.390433 0 0.609567
0.374377 0 0.625623
0.425485 0 0.574515
0.271464 0 0.728536
0.313689 0 0.686311
0.39978 0 0.60022
0.229166 0 0.770834
0.433554 0 0.566446
0.56057 0 0.43943
0.529258 0 0.470742
0.36812 0 0.63188
0.283167 0 0.716833
0.410869 0 0.589131
0.516781 0 0.483219
0.442014 0 0.557986
0.51465 0 0.48535
0.330895 0 0.669105
0.330791 0 0.669209
0.53458 0 0.46542
0.371492 0 0.628508
0.373422 0 0.626578
0.35373 0 0.64627
0.285673 0 0.714327
0.285266 0 0.714734
0.0594219 0 0.940578
0.254218 0 0.745782
0.253157 0 0.746843
0.25331 0 0.74669
0.315263 0 0.684737
0.580429 0 0.419571
0.207244 0 0.792756
0.207343 0 0.792657
0.208429 0 0.791571
0.328419 0 0.671581
0.289243 0 0.710757
0.243742 0 0.756258
0.359507 0 0.640493
0.44082 0 0.55918
0.440679 0 0.559321
0.395255 0 0.604745
0.484134 0 0.515866
0.341186 0 0.658814
0.299682 0 0.700318
0.390376 0 0.609624
0.37451 0 0.62549
0.425383 0 0.574617
0.271464 0 0.728536
0.313675 0 0.686325
0.399658 0 0.600342
0.229148 0 0.770852
0.433699 0 0.566301
0.560588 0 0.439412
0.529363 0 0.470637
0.368121 0 0.631879
0.283099 0 0.716901
0.41084 0 0.58916
0.516414 0 0.483586
0.442098 0 0.557902
0.514521 0 0.485479
0.331023 0 0.668977
0.330889 0 0.669111
0.534364 0 0.465636
0.371435 0 0.628565
0.373595 0 0.626405
0.353768 0 0.646232
0.285631 0 0.714369
0.285257 0 0.714743
0.0593845 0 0.940616
0.254191 0 0.745809
0.253131 0 0.746869
0.253302 0 0.746698
0.315232 0 0.684768
0.580372 0 0.419628
0.207232 0 0.792768
0.207344 0 0.792656
0.208429 0 0.791571
0.328511 0 0.671489
0.289213 0 0.710787
0.243761 0 0.756239
0.35958 0 0.64042
0.440651 0 0.559349
0.440666 0 0.559334
0.395212 0 0.604788
0.484138 0 0.515862
0.341157 0 0.658843
0.299672 0 0.700328
0.390329 0 0.609671
0.374693 0 0.625307
0.425292 0 0.574708
0.271469 0 0.728531
0.31367 0 0.68633
0.399557 0 0.600443
0.229138 0 0.770862
0.433849 0 0.566151
0.56062 0 0.43938
0.368132 0 0.631868
0.283039 0 0.716961
0.283603 0 0.716397
0.410821 0 0.589179
0.516072 0 0.483928
0.442193 0 0.557807
0.514399 0 0.485601
0.331154 0 0.668846
0.330991 0 0.669009
0.534252 0 0.465748
0.371382 0 0.628618
0.353811 0 0.646189
0.285594 0 0.714406
0.285252 0 0.714749
0.0593479 0 0.940652
0.254168 0 0.745832
0.253108 0 0.746892
0.253297 0 0.746703
0.315204 0 0.684795
0.580324 0 0.419676
0.353769 0 0.646231
0.207223 0 0.792777
0.207348 0 0.792652
0.328675 0 0.671325
0.289192 0 0.710808
0.243788 0 0.756212
0.359672 0 0.640328
0.440495 0 0.559505
0.440666 0 0.559334
0.395174 0 0.604826
0.484149 0 0.515851
0.341133 0 0.658867
0.299666 0 0.700334
0.390327 0 0.609673
0.425214 0 0.574786
0.271478 0 0.728522
0.313674 0 0.686326
0.399484 0 0.600516
0.229134 0 0.770866
0.434005 0 0.565995
0.560664 0 0.439336
0.368152 0 0.631848
0.282991 0 0.717009
0.283313 0 0.716687
0.410814 0 0.589186
0.515753 0 0.484247
0.4423 0 0.5577
0.514284 0 0.485716
0.331293 0 0.668707
0.331097 0 0.668903
0.53417 0 0.46583
0.371334 0 0.628666
0.353859 0 0.646141
0.285561 0 0.714439
0.28525 0 0.71475
0.0593161 0 0.940684
0.254148 0 0.745852
0.253088 0 0.746912
0.253294 0 0.746706
0.31518 0 0.68482
0.580283 0 0.419717
0.353418 0 0.646582
0.353528 0 0.646472
0.207216 0 0.792784
0.207354 0 0.792646
0.438377 0 0.561623
0.434598 0 0.565402
0.434611 0 0.565389
0.437228 0 0.562772
0.439898 0 0.560102
0.289183 0 0.710817
0.24447 0 0.75553
0.243822 0 0.756178
0.359798 0 0.640202
0.440353 0 0.559647
0.440683 0 0.559317
0.395142 0 0.604858
0.484166 0 0.515834
0.341113 0 0.658887
0.299664 0 0.700336
0.390329 0 0.609671
0.425147 0 0.574853
0.271492 0 0.728508
0.313688 0 0.686312
0.399459 0 0.600541
0.229137 0 0.770863
0.434168 0 0.565832
0.560727 0 0.439273
0.36818 0 0.631819
0.282953 0 0.717047
0.283097 0 0.716903
0.410818 0 0.589182
0.515451 0 0.484549
0.44242 0 0.55758
0.514173 0 0.485827
0.331434 0 0.668566
0.331209 0 0.668791
0.534104 0 0.465896
0.371291 0 0.628709
0.353911 0 0.646089
0.285532 0 0.714468
0.285252 0 0.714748
0.0592934 0 0.940707
0.25413 0 0.74587
0.253071 0 0.746929
0.253296 0 0.746704
0.315161 0 0.684839
0.580248 0 0.419752
0.353144 0 0.646856
0.353732 0 0.646268
0.573367 0 0.426633
0.207212 0 0.792788
0.207363 0 0.792637
0.435735 0 0.564265
0.432002 0 0.567998
0.432715 0 0.567285
0.435309 0 0.564691
0.437955 0 0.562045
0.440656 0 0.559344
0.443412 0 0.556588
0.289186 0 0.710814
0.244273 0 0.755727
0.243864 0 0.756136
0.440222 0 0.559778
0.440717 0 0.559283
0.584767 0 0.415233
0.579597 0 0.420403
0.581366 0 0.418634
0.583174 0 0.416826
0.395115 0 0.604885
0.586909 0 0.413091
0.48419 0 0.51581
0.341097 0 0.658903
0.299665 0 0.700335
0.390336 0 0.609664
0.425091 0 0.574909
0.27151 0 0.72849
0.313712 0 0.686288
0.399588 0 0.600412
0.229148 0 0.770852
0.434337 0 0.565663
0.560811 0 0.439189
0.368216 0 0.631784
0.282929 0 0.717071
0.282909 0 0.717091
0.410835 0 0.589164
0.515168 0 0.484832
0.442553 0 0.557446
0.51407 0 0.48593
0.33158 0 0.66842
0.331325 0 0.668675
0.534054 0 0.465946
0.371251 0 0.628749
0.497133 0 0.502867
0.353968 0 0.646032
0.285508 0 0.714492
0.285258 0 0.714742
0.0592714 0 0.940729
0.254116 0 0.745884
0.253056 0 0.746944
0.2533 0 0.7467
0.315145 0 0.684855
0.580222 0 0.419778
0.352915 0 0.647085
0.573321 0 0.426679
0.349043 0 0.650957
0.571098 0 0.428902
0.57476 0 0.42524
0.578443 0 0.421557
0.582197 0 0.417803
0.58607 0 0.41393
0.590022 0 0.409978
0.594042 0 0.405958
0.598133 0 0.401867
0.3552 0 0.6448
0.3522 0 0.6478
0.444715 0 0.555285
0.20721 0 0.79279
0.207374 0 0.792626
0.433129 0 0.566871
0.430153 0 0.569847
0.43084 0 0.56916
0.433412 0 0.566588
0.436035 0 0.563965
0.438712 0 0.561288
0.441443 0 0.558557
0.289203 0 0.710797
0.244161 0 0.755839
0.243916 0 0.756084
0.440102 0 0.559898
0.440769 0 0.559231
0.579209 0 0.420791
0.577595 0 0.422405
0.579352 0 0.420648
0.581147 0 0.418853
0.395094 0 0.604906
0.584855 0 0.415145
0.586771 0 0.413229
0.484219 0 0.515781
0.341085 0 0.658915
0.299671 0 0.700329
0.390348 0 0.609652
0.425047 0 0.574953
0.271532 0 0.728468
0.313747 0 0.686253
0.495038 0 0.504962
0.229166 0 0.770834
0.434512 0 0.565488
0.560925 0 0.439075
0.36826 0 0.63174
0.282925 0 0.717075
0.282741 0 0.717259
0.410867 0 0.589133
0.514901 0 0.485099
0.442702 0 0.557298
0.513972 0 0.486028
0.33173 0 0.66827
0.331445 0 0.668555
0.534017 0 0.465983
0.371217 0 0.628783
0.497034 0 0.502966
0.35403 0 0.64597
0.285487 0 0.714513
0.285269 0 0.714731
0.0592499 0 0.94075
0.254105 0 0.745895
0.253045 0 0.746955
0.253308 0 0.746692
0.315133 0 0.684867
0.580201 0 0.419799
0.35272 0 0.64728
0.573295 0 0.426705
0.348972 0 0.651028
0.347471 0 0.652529
0.536657 0 0.463343
0.53989 0 0.46011
0.543217 0 0.456783
0.546534 0 0.453466
0.549941 0 0.450059
0.55345 0 0.44655
0.557023 0 0.442977
0.560649 0 0.439351
0.564253 0 0.435747
0.568026 0 0.431974
0.571868 0 0.428132
0.575761 0 0.424239
0.579687 0 0.420313
0.58371 0 0.41629
0.355871 0 0.644129
0.352842 0 0.647158
0.349882 0 0.650118
0.347764 0 0.652236
0.350099 0 0.649901
0.352483 0 0.647517
0.354918 0 0.645082
0.442006 0 0.557994
0.20721 0 0.79279
0.207388 0 0.792612
0.430559 0 0.569441
0.430145 0 0.569855
0.429773 0 0.570227
0.431536 0 0.568464
0.434137 0 0.565863
0.43679 0 0.56321
0.439498 0 0.560502
0.289237 0 0.710763
0.289889 0 0.710111
0.244079 0 0.755921
0.243977 0 0.756023
0.439994 0 0.560006
0.440844 0 0.559156
0.573908 0 0.426092
0.575614 0 0.424386
0.577358 0 0.422642
0.579141 0 0.420859
0.395079 0 0.604921
0.582824 0 0.417176
0.584726 0 0.415274
0.484255 0 0.515745
0.341078 0 0.658922
0.299679 0 0.700321
0.390365 0 0.609635
0.425014 0 0.574986
0.271559 0 0.728441
0.313794 0 0.686206
0.494891 0 0.505109
0.229191 0 0.770809
0.434693 0 0.565307
0.561091 0 0.438909
0.368311 0 0.631689
0.282948 0 0.717052
0.282587 0 0.717413
0.410915 0 0.589085
0.514649 0 0.485351
0.442867 0 0.557133
0.513923 0 0.486077
0.331884 0 0.668116
0.33157 0 0.668429
0.533988 0 0.466012
0.371187 0 0.628813
0.497077 0 0.502923
0.354095 0 0.645905
0.285469 0 0.714531
0.285283 0 0.714717
0.0592294 0 0.940771
0.254096 0 0.745904
0.253037 0 0.746963
0.253319 0 0.746681
0.315126 0 0.684874
0.580189 0 0.419811
0.352549 0 0.647451
0.573278 0 0.426722
0.348902 0 0.651098
0.347501 0 0.652499
0.506144 0 0.493856
0.509046 0 0.490954
0.51203 0 0.48797
0.515028 0 0.484972
0.518048 0 0.481952
0.521189 0 0.478811
0.524307 0 0.475693
0.527527 0 0.472473
0.530812 0 0.469188
0.534106 0 0.465894
0.537517 0 0.462483
0.541002 0 0.458998
0.356564 0 0.643436
0.353507 0 0.646493
0.350519 0 0.649481
0.347597 0 0.652403
0.347046 0 0.652954
0.348514 0 0.651486
0.350877 0 0.649123
0.353288 0 0.646712
0.355751 0 0.644249
0.445691 0 0.554309
0.441426 0 0.558574
0.207213 0 0.792787
0.207405 0 0.792595
0.430536 0 0.569464
0.430142 0 0.569858
0.42977 0 0.57023
0.4309 0 0.5691
0.433322 0 0.566678
0.435792 0 0.564208
0.438313 0 0.561687
0.552686 0 0.447314
0.557361 0 0.442639
0.462366 0 0.537634
0.581498 0 0.418502
0.581702 0 0.418298
0.289293 0 0.710707
0.289517 0 0.710483
0.244016 0 0.755984
0.244052 0 0.755948
0.439898 0 0.560102
0.440946 0 0.559054
0.571959 0 0.428041
0.573653 0 0.426347
0.575385 0 0.424615
0.577155 0 0.422845
0.395069 0 0.604931
0.580813 0 0.419187
0.582701 0 0.417299
0.584631 0 0.415369
0.484297 0 0.515703
0.341076 0 0.658924
0.299692 0 0.700308
0.390386 0 0.609614
0.375124 0 0.624876
0.424993 0 0.575007
0.271591 0 0.728409
0.313855 0 0.686145
0.494799 0 0.505201
0.229225 0 0.770775
0.434881 0 0.565119
0.36837 0 0.63163
0.283041 0 0.716959
0.282445 0 0.717555
0.41098 0 0.58902
0.514413 0 0.485587
0.443051 0 0.556949
0.513887 0 0.486113
0.332044 0 0.667956
0.3317 0 0.6683
0.533974 0 0.466026
0.371162 0 0.628838
0.497171 0 0.502829
0.354166 0 0.645834
0.285456 0 0.714544
0.285301 0 0.714699
0.0592096 0 0.94079
0.254091 0 0.745908
0.253032 0 0.746968
0.253333 0 0.746667
0.315122 0 0.684878
0.580184 0 0.419816
0.352401 0 0.647599
0.573268 0 0.426732
0.348839 0 0.651161
0.347533 0 0.652467
0.478971 0 0.521029
0.481588 0 0.518412
0.484224 0 0.515776
0.48692 0 0.51308
0.489665 0 0.510334
0.492435 0 0.507565
0.495308 0 0.504692
0.498212 0 0.501788
0.501104 0 0.498896
0.504126 0 0.495874
0.357281 0 0.642719
0.354197 0 0.645803
0.35118 0 0.64882
0.348232 0 0.651768
0.34728 0 0.65272
0.346996 0 0.653004
0.346946 0 0.653054
0.349287 0 0.650713
0.351677 0 0.648323
0.354116 0 0.645884
0.356607 0 0.643393
0.441341 0 0.558659
0.207219 0 0.792781
0.207424 0 0.792576
0.430539 0 0.569461
0.430145 0 0.569855
0.429772 0 0.570228
0.430966 0 0.569034
0.433388 0 0.566612
0.43586 0 0.56414
0.43838 0 0.56162
0.548683 0 0.451317
0.453591 0 0.546409
0.462555 0 0.537445
0.462494 0 0.537506
0.581894 0 0.418106
0.579567 0 0.420433
0.581243 0 0.418757
0.289383 0 0.710617
0.289318 0 0.710682
0.243968 0 0.756032
0.244141 0 0.755859
0.439812 0 0.560188
0.441081 0 0.558919
0.570029 0 0.429971
0.571712 0 0.428288
0.573432 0 0.426568
0.57519 0 0.42481
0.395065 0 0.604935
0.578823 0 0.421177
0.580698 0 0.419302
0.582614 0 0.417386
0.484344 0 0.515656
0.341078 0 0.658922
0.299709 0 0.700291
0.390412 0 0.609588
0.374969 0 0.625031
0.424985 0 0.575015
0.271627 0 0.728373
0.313931 0 0.686069
0.494736 0 0.505264
0.229267 0 0.770733
0.229878 0 0.770122
0.368436 0 0.631564
0.282312 0 0.717688
0.411068 0 0.588932
0.514192 0 0.485808
0.443259 0 0.556741
0.513857 0 0.486143
0.33221 0 0.66779
0.331833 0 0.668167
0.533968 0 0.466032
0.371141 0 0.628859
0.497294 0 0.502706
0.354241 0 0.645759
0.285448 0 0.714552
0.285323 0 0.714677
0.0591931 0 0.940807
0.254089 0 0.745911
0.25303 0 0.74697
0.25335 0 0.74665
0.315122 0 0.684878
0.580187 0 0.419813
0.352271 0 0.647729
0.573266 0 0.426734
0.34878 0 0.65122
0.34757 0 0.65243
0.312494 0 0.687506
0.313187 0 0.686813
0.313719 0 0.686281
0.314263 0 0.685737
0.45954 0 0.54046
0.466194 0 0.533806
0.469339 0 0.530661
0.471937 0 0.528063
0.435318 0 0.564682
0.35586 0 0.64414
0.352545 0 0.647455
0.349308 0 0.650692
0.347535 0 0.652465
0.347233 0 0.652767
0.346949 0 0.653051
0.346683 0 0.653317
0.347717 0 0.652283
0.350085 0 0.649915
0.352502 0 0.647498
0.35497 0 0.64503
0.441261 0 0.558739
0.207227 0 0.792773
0.207445 0 0.792555
0.430547 0 0.569453
0.430153 0 0.569847
0.42978 0 0.57022
0.431037 0 0.568963
0.43346 0 0.56654
0.435932 0 0.564068
0.438454 0 0.561546
0.545525 0 0.454475
0.451159 0 0.548841
0.463705 0 0.536295
0.463981 0 0.536019
0.561642 0 0.438358
0.565839 0 0.434161
0.570088 0 0.429912
0.574486 0 0.425514
0.578895 0 0.421105
0.583444 0 0.416556
0.588055 0 0.411945
0.592789 0 0.407211
0.597543 0 0.402457
0.289534 0 0.710466
0.28917 0 0.71083
0.24393 0 0.75607
0.244256 0 0.755744
0.439735 0 0.560265
0.441276 0 0.558724
0.56812 0 0.43188
0.569791 0 0.430209
0.5715 0 0.4285
0.573246 0 0.426754
0.395066 0 0.604934
0.576854 0 0.423146
0.578716 0 0.421284
0.580618 0 0.419382
0.484398 0 0.515602
0.341085 0 0.658915
0.299729 0 0.700271
0.390443 0 0.609557
0.374909 0 0.625091
0.42499 0 0.57501
0.271667 0 0.728333
0.31403 0 0.68597
0.494687 0 0.505313
0.229318 0 0.770682
0.229725 0 0.770275
0.36851 0 0.63149
0.282189 0 0.717811
0.411187 0 0.588812
0.513985 0 0.486015
0.4435 0 0.5565
0.513833 0 0.486167
0.33238 0 0.66762
0.331971 0 0.668029
0.53397 0 0.46603
0.371124 0 0.628876
0.497439 0 0.502561
0.35432 0 0.64568
0.285442 0 0.714558
0.285348 0 0.714652
0.0591822 0 0.940818
0.25409 0 0.74591
0.253031 0 0.746969
0.25337 0 0.74663
0.315126 0 0.684874
0.580197 0 0.419803
0.35216 0 0.64784
0.57327 0 0.42673
0.348726 0 0.651274
0.347611 0 0.652389
0.308788 0 0.691212
0.309783 0 0.690217
0.310448 0 0.689552
0.310981 0 0.689019
0.311624 0 0.688376
0.312344 0 0.687656
0.290208 0 0.709792
0.28808 0 0.71192
0.355678 0 0.644322
0.352366 0 0.647634
0.349132 0 0.650868
0.347493 0 0.652507
0.347191 0 0.652809
0.346907 0 0.653093
0.34664 0 0.65336
0.346391 0 0.653609
0.348512 0 0.651488
0.350907 0 0.649093
0.353352 0 0.646648
0.357947 0 0.642053
0.207237 0 0.792763
0.20747 0 0.79253
0.430559 0 0.569441
0.430165 0 0.569835
0.429793 0 0.570207
0.431115 0 0.568885
0.433538 0 0.566462
0.436011 0 0.563989
0.438533 0 0.561467
0.511129 0 0.488871
0.452178 0 0.547822
0.466374 0 0.533626
0.465484 0 0.534516
0.525237 0 0.474763
0.528904 0 0.471096
0.532633 0 0.467367
0.536435 0 0.463565
0.540291 0 0.459709
0.544275 0 0.455725
0.548301 0 0.451699
0.552346 0 0.447654
0.556532 0 0.443468
0.327863 0 0.672137
0.289047 0 0.710953
0.243901 0 0.756099
0.244416 0 0.755584
0.578479 0 0.421521
0.360026 0 0.639974
0.587895 0 0.412105
0.592657 0 0.407343
0.597602 0 0.402398
0.43967 0 0.56033
0.441581 0 0.558419
0.56623 0 0.43377
0.56789 0 0.43211
0.569587 0 0.430413
0.571321 0 0.428679
0.395073 0 0.604927
0.574905 0 0.425095
0.576754 0 0.423246
0.578973 0 0.421027
0.484458 0 0.515542
0.341097 0 0.658903
0.299753 0 0.700247
0.390479 0 0.609521
0.374881 0 0.625119
0.425009 0 0.574991
0.271712 0 0.728288
0.314328 0 0.685672
0.314158 0 0.685842
0.398468 0 0.601532
0.494654 0 0.505346
0.22938 0 0.77062
0.229622 0 0.770378
0.36859 0 0.63141
0.282073 0 0.717927
0.411357 0 0.588643
0.513792 0 0.486208
0.443806 0 0.556194
0.513816 0 0.486184
0.332553 0 0.667447
0.332114 0 0.667886
0.533982 0 0.466018
0.371112 0 0.628888
0.497603 0 0.502397
0.354404 0 0.645596
0.285441 0 0.714559
0.285378 0 0.714622
0.059172 0 0.940828
0.254094 0 0.745906
0.253035 0 0.746965
0.253394 0 0.746606
0.315134 0 0.684866
0.580214 0 0.419786
0.352065 0 0.647935
0.573281 0 0.426719
0.348673 0 0.651327
0.347657 0 0.652343
0.527923 0 0.472077
0.299802 0 0.700198
0.298411 0 0.701589
0.297495 0 0.702505
0.298944 0 0.701056
0.287503 0 0.712497
0.284687 0 0.715313
0.2826 0 0.7174
0.287609 0 0.712391
0.296316 0 0.703684
0.341283 0 0.658717
0.346881 0 0.653119
0.347153 0 0.652847
0.346869 0 0.653131
0.346603 0 0.653397
0.346353 0 0.653647
0.268195 0 0.731805
0.261858 0 0.738142
0.261445 0 0.738555
0.253951 0 0.746049
0.207251 0 0.79275
0.207497 0 0.792503
0.24828 0 0.75172
0.245895 0 0.754105
0.24596 0 0.75404
0.247988 0 0.752012
0.433621 0 0.566379
0.436094 0 0.563906
0.438617 0 0.561383
0.480752 0 0.519248
0.454194 0 0.545806
0.48694 0 0.51306
0.46798 0 0.53202
0.493232 0 0.506768
0.49647 0 0.50353
0.49978 0 0.50022
0.503121 0 0.496879
0.506564 0 0.493436
0.509973 0 0.490027
0.51352 0 0.48648
0.517087 0 0.482913
0.520759 0 0.479241
0.327825 0 0.672175
0.288944 0 0.711056
0.243881 0 0.756119
0.535962 0 0.464038
0.539963 0 0.460037
0.359932 0 0.640068
0.548097 0 0.451903
0.552314 0 0.447686
0.556529 0 0.443471
0.439614 0 0.560386
0.564241 0 0.435759
0.56436 0 0.43564
0.566009 0 0.433991
0.567694 0 0.432306
0.569417 0 0.430583
0.395085 0 0.604915
0.572976 0 0.427024
0.574813 0 0.425187
0.483906 0 0.516094
0.484523 0 0.515477
0.341112 0 0.658888
0.299781 0 0.700219
0.39052 0 0.60948
0.374878 0 0.625122
0.425044 0 0.574956
0.271761 0 0.728239
0.314167 0 0.685833
0.314338 0 0.685662
0.398097 0 0.601903
0.494634 0 0.505366
0.229453 0 0.770547
0.229547 0 0.770453
0.594974 0 0.405026
0.368678 0 0.631323
0.281965 0 0.718035
0.411674 0 0.588326
0.513614 0 0.486386
0.513805 0 0.486195
0.332733 0 0.667267
0.332261 0 0.667739
0.534003 0 0.465997
0.371105 0 0.628895
0.497784 0 0.502216
0.354493 0 0.645507
0.285445 0 0.714555
0.285412 0 0.714588
0.0591625 0 0.940838
0.0688913 0 0.931109
0.253042 0 0.746958
0.25342 0 0.74658
0.315145 0 0.684855
0.58024 0 0.41976
0.351988 0 0.648012
0.573299 0 0.426701
0.348626 0 0.651374
0.347707 0 0.652293
0.527783 0 0.472217
0.110785 0 0.889215
0.294737 0 0.705263
0.294679 0 0.705321
0.286743 0 0.713257
0.28393 0 0.71607
0.280517 0 0.719483
0.2775 0 0.7225
0.275686 0 0.724314
0.274177 0 0.725823
0.272711 0 0.727289
0.271267 0 0.728733
0.269863 0 0.730137
0.268465 0 0.731535
0.266587 0 0.733413
0.264448 0 0.735552
0.256786 0 0.743214
0.254713 0 0.745287
0.252676 0 0.747324
0.250674 0 0.749326
0.207266 0 0.792734
0.207526 0 0.792474
0.24446 0 0.75554
0.243358 0 0.756642
0.244554 0 0.755446
0.245982 0 0.754018
0.248821 0 0.751179
0.424622 0 0.575378
0.42686 0 0.57314
0.429152 0 0.570848
0.431367 0 0.568633
0.43384 0 0.56616
0.438456 0 0.561544
0.445187 0 0.554813
0.452398 0 0.547602
0.459828 0 0.540172
0.25412 0 0.74588
0.252635 0 0.747365
0.251914 0 0.748086
0.251434 0 0.748566
0.251031 0 0.748968
0.250644 0 0.749356
0.250302 0 0.749698
0.249981 0 0.750019
0.243868 0 0.756132
0.249387 0 0.750613
0.249105 0 0.750895
0.248819 0 0.751181
0.248553 0 0.751447
0.248329 0 0.751671
0.248096 0 0.751904
0.248073 0 0.751927
0.247865 0 0.752135
0.247731 0 0.752269
0.248051 0 0.751949
0.248283 0 0.751717
0.248133 0 0.751867
0.248308 0 0.751692
0.248515 0 0.751485
0.24892 0 0.75108
0.24937 0 0.75063
0.249913 0 0.750087
0.250556 0 0.749444
0.251125 0 0.748875
0.251615 0 0.748385
0.252216 0 0.747784
0.252867 0 0.747133
0.253609 0 0.746391
0.254732 0 0.745268
0.255484 0 0.744516
0.256062 0 0.743938
0.256919 0 0.743081
0.257844 0 0.742156
0.25904 0 0.74096
0.260757 0 0.739243
0.425096 0 0.574903
0.271815 0 0.728185
0.31406 0 0.68594
0.397818 0 0.602182
0.494625 0 0.505375
0.229539 0 0.770461
0.229491 0 0.770509
0.595748 0 0.404252
0.368772 0 0.631228
0.281864 0 0.718136
0.579781 0 0.420219
0.513451 0 0.486549
0.513799 0 0.486201
0.33292 0 0.66708
0.332411 0 0.667588
0.534032 0 0.465968
0.371102 0 0.628898
0.497981 0 0.502019
0.354586 0 0.645414
0.285453 0 0.714548
0.285449 0 0.714551
0.0591538 0 0.940846
0.0688739 0 0.931126
0.253053 0 0.746947
0.253449 0 0.746551
0.31516 0 0.684839
0.580272 0 0.419728
0.351926 0 0.648074
0.573325 0 0.426675
0.348584 0 0.651416
0.34776 0 0.65224
0.527714 0 0.472286
0.110756 0 0.889244
0.110562 0 0.889438
0.286426 0 0.713574
0.282597 0 0.717403
0.278688 0 0.721312
0.275643 0 0.724357
0.273268 0 0.726732
0.271696 0 0.728304
0.270242 0 0.729758
0.268681 0 0.731319
0.266594 0 0.733406
0.264343 0 0.735657
0.262331 0 0.737669
0.26044 0 0.73956
0.255262 0 0.744738
0.253456 0 0.746544
0.251425 0 0.748574
0.249439 0 0.750561
0.208201 0 0.791799
0.207285 0 0.792715
0.207558 0 0.792442
0.241111 0 0.758889
0.241637 0 0.758363
0.242176 0 0.757824
0.243435 0 0.756565
0.243041 0 0.756959
0.243284 0 0.756716
0.244334 0 0.755666
0.28283 0 0.71717
0.282618 0 0.717382
0.282543 0 0.717457
0.247598 0 0.752402
0.279348 0 0.720652
0.248436 0 0.751564
0.248498 0 0.751502
0.225477 0 0.774523
0.248341 0 0.751659
0.247784 0 0.752216
0.247267 0 0.752733
0.246793 0 0.753207
0.246338 0 0.753662
0.24594 0 0.75406
0.245596 0 0.754404
0.243863 0 0.756137
0.245222 0 0.754778
0.245172 0 0.754828
0.245131 0 0.754869
0.24527 0 0.75473
0.245343 0 0.754657
0.245257 0 0.754743
0.245465 0 0.754535
0.245749 0 0.754251
0.24597 0 0.75403
0.246152 0 0.753848
0.246326 0 0.753674
0.246444 0 0.753556
0.246584 0 0.753416
0.246655 0 0.753345
0.24704 0 0.75296
0.247515 0 0.752485
0.248033 0 0.751967
0.248546 0 0.751454
0.249172 0 0.750828
0.249754 0 0.750246
0.250337 0 0.749663
0.250926 0 0.749074
0.251671 0 0.748329
0.252442 0 0.747558
0.25323 0 0.74677
0.254034 0 0.745966
0.254854 0 0.745146
0.255667 0 0.744333
0.256454 0 0.743546
0.257261 0 0.742739
0.258087 0 0.741913
0.258926 0 0.741074
0.25978 0 0.74022
0.26067 0 0.73933
0.261621 0 0.738379
0.262827 0 0.737173
0.264177 0 0.735823
0.265655 0 0.734345
0.267672 0 0.732328
0.494627 0 0.505373
0.229644 0 0.770356
0.229449 0 0.770551
0.595365 0 0.404635
0.368873 0 0.631127
0.28177 0 0.71823
0.5801 0 0.4199
0.513302 0 0.486698
0.513801 0 0.486199
0.33311 0 0.66689
0.332568 0 0.667432
0.53407 0 0.46593
0.371104 0 0.628896
0.498192 0 0.501808
0.354684 0 0.645316
0.285464 0 0.714536
0.285491 0 0.714509
0.0591457 0 0.940854
0.0688742 0 0.931126
0.253066 0 0.746934
0.253482 0 0.746518
0.31518 0 0.68482
0.580312 0 0.419688
0.351881 0 0.648119
0.573357 0 0.426643
0.348545 0 0.651455
0.347819 0 0.652181
0.527693 0 0.472307
0.110728 0 0.889272
0.110534 0 0.889466
0.109789 0 0.890211
0.276924 0 0.723076
0.273146 0 0.726854
0.271016 0 0.728984
0.269135 0 0.730865
0.266165 0 0.733835
0.264382 0 0.735618
0.262143 0 0.737857
0.260352 0 0.739648
0.259438 0 0.740562
0.256325 0 0.743675
0.253886 0 0.746114
0.252126 0 0.747874
0.250201 0 0.749799
0.248173 0 0.751827
0.246 0 0.754
0.208167 0 0.791833
0.207305 0 0.792695
0.207592 0 0.792408
0.238043 0 0.761957
0.237443 0 0.762557
0.236882 0 0.763118
0.236276 0 0.763724
0.235663 0 0.764337
0.235041 0 0.764959
0.234425 0 0.765575
0.233781 0 0.766219
0.23308 0 0.76692
0.232467 0 0.767533
0.224587 0 0.775413
0.223592 0 0.776408
0.223504 0 0.776496
0.223505 0 0.776495
0.223551 0 0.776449
0.223502 0 0.776498
0.223536 0 0.776464
0.223704 0 0.776296
0.242916 0 0.757084
0.242619 0 0.757381
0.242545 0 0.757455
0.242534 0 0.757466
0.242682 0 0.757318
0.24294 0 0.75706
0.243191 0 0.756809
0.243308 0 0.756692
0.243404 0 0.756596
0.243592 0 0.756408
0.243791 0 0.756209
0.243993 0 0.756007
0.244257 0 0.755743
0.244507 0 0.755493
0.244783 0 0.755217
0.244889 0 0.755111
0.244676 0 0.755324
0.244732 0 0.755268
0.244813 0 0.755187
0.245021 0 0.754979
0.245386 0 0.754614
0.245961 0 0.754039
0.246544 0 0.753456
0.247125 0 0.752875
0.247742 0 0.752258
0.248455 0 0.751545
0.249079 0 0.750921
0.249782 0 0.750218
0.250437 0 0.749563
0.251148 0 0.748852
0.251875 0 0.748125
0.252622 0 0.747378
0.25338 0 0.74662
0.254124 0 0.745876
0.254877 0 0.745123
0.25565 0 0.74435
0.256431 0 0.743569
0.257227 0 0.742773
0.258064 0 0.741936
0.258934 0 0.741066
0.259952 0 0.740048
0.26118 0 0.73882
0.262523 0 0.737477
0.263884 0 0.736116
0.192589 0 0.807411
0.266693 0 0.733307
0.229773 0 0.770227
0.22942 0 0.77058
0.271121 0 0.728879
0.272653 0 0.727347
0.274301 0 0.725699
0.276105 0 0.723895
0.368981 0 0.631019
0.281682 0 0.718318
0.580429 0 0.419571
0.513169 0 0.486831
0.513809 0 0.486191
0.333308 0 0.666692
0.332728 0 0.667272
0.534116 0 0.465884
0.37111 0 0.62889
0.498417 0 0.501583
0.354787 0 0.645213
0.285479 0 0.714521
0.285536 0 0.714464
0.0591387 0 0.940861
0.254142 0 0.745858
0.253083 0 0.746917
0.253517 0 0.746482
0.315204 0 0.684796
0.580359 0 0.419641
0.351852 0 0.648148
0.573397 0 0.426603
0.348513 0 0.651487
0.347881 0 0.652119
0.52771 0 0.47229
0.110702 0 0.889298
0.110508 0 0.889492
0.109719 0 0.890281
0.109538 0 0.890462
0.253407 0 0.746593
0.253104 0 0.746896
0.250708 0 0.749292
0.250359 0 0.749641
0.249637 0 0.750363
0.248298 0 0.751702
0.248303 0 0.751697
0.251879 0 0.748121
0.246253 0 0.753747
0.246529 0 0.753471
0.248989 0 0.751011
0.246772 0 0.753228
0.243662 0 0.756338
0.240804 0 0.759196
0.208189 0 0.791811
0.207329 0 0.792671
0.207629 0 0.792371
0.234385 0 0.765615
0.233665 0 0.766335
0.232972 0 0.767028
0.231208 0 0.768791
0.229368 0 0.770632
0.227684 0 0.772316
0.225553 0 0.774447
0.223576 0 0.776424
0.222154 0 0.777846
0.221869 0 0.778131
0.222099 0 0.777901
0.221958 0 0.778042
0.221855 0 0.778145
0.22172 0 0.77828
0.221507 0 0.778493
0.220584 0 0.779416
0.219972 0 0.780028
0.219774 0 0.780226
0.220162 0 0.779838
0.220557 0 0.779443
0.208342 0 0.791658
0.207846 0 0.792154
0.207381 0 0.792619
0.241352 0 0.758648
0.241534 0 0.758466
0.241785 0 0.758215
0.241964 0 0.758036
0.242148 0 0.757852
0.242322 0 0.757678
0.242695 0 0.757305
0.242982 0 0.757018
0.243214 0 0.756786
0.24342 0 0.75658
0.243128 0 0.756872
0.242921 0 0.757079
0.242906 0 0.757094
0.243013 0 0.756987
0.243135 0 0.756865
0.24341 0 0.75659
0.243836 0 0.756164
0.244384 0 0.755616
0.244927 0 0.755073
0.245523 0 0.754477
0.246176 0 0.753824
0.246839 0 0.753161
0.247509 0 0.752491
0.24818 0 0.75182
0.248856 0 0.751144
0.249547 0 0.750453
0.250246 0 0.749754
0.250956 0 0.749044
0.251681 0 0.748319
0.252419 0 0.747581
0.253173 0 0.746827
0.253943 0 0.746057
0.254729 0 0.745271
0.255551 0 0.744449
0.256395 0 0.743605
0.257305 0 0.742694
0.25836 0 0.74164
0.259565 0 0.740435
0.260904 0 0.739096
0.192925 0 0.807075
0.263646 0 0.736354
0.229944 0 0.770056
0.2294 0 0.7706
0.267964 0 0.732036
0.26946 0 0.730541
0.270981 0 0.729019
0.272523 0 0.727477
0.274098 0 0.725902
0.27571 0 0.72429
0.277353 0 0.722647
0.279027 0 0.720973
0.280973 0 0.719027
0.28295 0 0.71705
0.285079 0 0.714921
0.513053 0 0.486947
0.513823 0 0.486177
0.33351 0 0.666489
0.332891 0 0.667109
0.53417 0 0.46583
0.371121 0 0.628879
0.498655 0 0.501345
0.354895 0 0.645105
0.285498 0 0.714502
0.285586 0 0.714414
0.0591553 0 0.940845
0.497353 0 0.502647
0.493315 0 0.506685
0.254162 0 0.745838
0.253103 0 0.746897
0.253556 0 0.746444
0.493876 0 0.506124
0.31523 0 0.68477
0.580415 0 0.419585
0.35184 0 0.64816
0.573443 0 0.426557
0.348484 0 0.651516
0.347948 0 0.652052
0.52776 0 0.47224
0.110676 0 0.889324
0.110483 0 0.889517
0.109694 0 0.890306
0.109514 0 0.890486
0.109339 0 0.890661
0.241216 0 0.758784
0.242 0 0.758
0.240007 0 0.759993
0.239647 0 0.760353
0.239838 0 0.760162
0.239246 0 0.760754
0.225031 0 0.774969
0.22462 0 0.77538
0.23782 0 0.76218
0.237734 0 0.762266
0.237585 0 0.762415
0.235563 0 0.764437
0.234128 0 0.765872
0.208215 0 0.791785
0.207355 0 0.792645
0.207669 0 0.792331
0.229823 0 0.770177
0.227763 0 0.772237
0.225837 0 0.774163
0.223925 0 0.776075
0.222108 0 0.777892
0.220301 0 0.779699
0.219058 0 0.780942
0.218967 0 0.781033
0.219055 0 0.780945
0.219411 0 0.780589
0.219811 0 0.780189
0.219897 0 0.780103
0.219892 0 0.780108
0.217926 0 0.782074
0.214896 0 0.785104
0.21067 0 0.78933
0.208133 0 0.791867
0.206974 0 0.793026
0.206278 0 0.793722
0.205675 0 0.794325
0.205337 0 0.794663
0.205202 0 0.794798
0.205294 0 0.794706
0.203551 0 0.796449
0.202413 0 0.797587
0.200066 0 0.799934
0.200995 0 0.799005
0.202529 0 0.797471
0.240885 0 0.759115
0.241182 0 0.758818
0.241515 0 0.758485
0.241938 0 0.758062
0.242004 0 0.757996
0.241803 0 0.758197
0.222874 0 0.777126
0.222969 0 0.777031
0.223148 0 0.776852
0.241363 0 0.758637
0.241506 0 0.758494
0.24186 0 0.75814
0.242269 0 0.757731
0.24272 0 0.75728
0.243215 0 0.756785
0.243828 0 0.756172
0.244455 0 0.755545
0.245096 0 0.754904
0.245771 0 0.754229
0.246461 0 0.753539
0.247166 0 0.752834
0.247861 0 0.752139
0.24857 0 0.75143
0.249291 0 0.750709
0.250011 0 0.749989
0.250747 0 0.749253
0.251506 0 0.748494
0.252283 0 0.747717
0.25308 0 0.74692
0.253909 0 0.746091
0.254772 0 0.745228
0.255688 0 0.744312
0.256697 0 0.743303
0.257984 0 0.742016
0.259317 0 0.740683
0.260665 0 0.739335
0.230265 0 0.769735
0.229391 0 0.770609
0.264884 0 0.735116
0.266345 0 0.733655
0.267834 0 0.732166
0.269351 0 0.730649
0.270893 0 0.729107
0.272456 0 0.727544
0.274053 0 0.725947
0.275687 0 0.724313
0.277352 0 0.722648
0.279048 0 0.720952
0.280769 0 0.719231
0.282547 0 0.717453
0.284413 0 0.715587
0.285975 0 0.714025
0.28751 0 0.71249
0.289278 0 0.710722
0.292268 0 0.707732
0.534232 0 0.465768
0.371136 0 0.628864
0.498905 0 0.501095
0.355007 0 0.644993
0.285521 0 0.714479
0.285639 0 0.714361
0.0591796 0 0.94082
0.494606 0 0.505394
0.490613 0 0.509387
0.254185 0 0.745815
0.253126 0 0.746874
0.253598 0 0.746402
0.491821 0 0.508179
0.315262 0 0.684738
0.580477 0 0.419523
0.351848 0 0.648152
0.573497 0 0.426503
0.348459 0 0.651541
0.348019 0 0.651981
0.527841 0 0.472159
0.110653 0 0.889347
0.110459 0 0.889541
0.109671 0 0.890329
0.10949 0 0.890509
0.109316 0 0.890684
0.10945 0 0.89055
0.21566 0 0.78434
0.215307 0 0.784693
0.209627 0 0.790373
0.209825 0 0.790175
0.217797 0 0.782203
0.217885 0 0.782115
0.218082 0 0.781918
0.213461 0 0.786539
0.21334 0 0.78666
0.213161 0 0.786839
0.21252 0 0.78748
0.212211 0 0.787789
0.208244 0 0.791756
0.207383 0 0.792617
0.20771 0 0.79229
0.215425 0 0.784575
0.214453 0 0.785547
0.21474 0 0.78526
0.218833 0 0.781167
0.217568 0 0.782432
0.216802 0 0.783198
0.216616 0 0.783384
0.216317 0 0.783683
0.216444 0 0.783556
0.216618 0 0.783382
0.21604 0 0.78396
0.215013 0 0.784987
0.211623 0 0.788377
0.208186 0 0.791814
0.20706 0 0.79294
0.206877 0 0.793123
0.206026 0 0.793974
0.205321 0 0.794679
0.204755 0 0.795245
0.20434 0 0.79566
0.204073 0 0.795927
0.203536 0 0.796464
0.202531 0 0.797469
0.201204 0 0.798796
0.198071 0 0.801929
0.19729 0 0.80271
0.196425 0 0.803575
0.196642 0 0.803358
0.196863 0 0.803137
0.197278 0 0.802722
0.214337 0 0.785663
0.214932 0 0.785068
0.21604 0 0.78396
0.217615 0 0.782385
0.218433 0 0.781567
0.219113 0 0.780887
0.219908 0 0.780092
0.220639 0 0.779361
0.221482 0 0.778518
0.240203 0 0.759797
0.240448 0 0.759552
0.240895 0 0.759105
0.241267 0 0.758733
0.241637 0 0.758363
0.242101 0 0.757899
0.242732 0 0.757268
0.243394 0 0.756606
0.244071 0 0.755929
0.244767 0 0.755233
0.245477 0 0.754523
0.246202 0 0.753798
0.246913 0 0.753087
0.247637 0 0.752363
0.248372 0 0.751628
0.249114 0 0.750886
0.249879 0 0.750121
0.250667 0 0.749333
0.251486 0 0.748514
0.252326 0 0.747674
0.253183 0 0.746817
0.254094 0 0.745906
0.193676 0 0.806324
0.256436 0 0.743564
0.257764 0 0.742236
0.259114 0 0.740886
0.22939 0 0.77061
0.261877 0 0.738123
0.263305 0 0.736695
0.26476 0 0.73524
0.266242 0 0.733758
0.267751 0 0.732249
0.269282 0 0.730718
0.270836 0 0.729164
0.272429 0 0.727571
0.274055 0 0.725945
0.275713 0 0.724287
0.277447 0 0.722553
0.279225 0 0.720775
0.281109 0 0.718891
0.282627 0 0.717373
0.283926 0 0.716074
0.285323 0 0.714677
0.286871 0 0.713129
0.288549 0 0.711451
0.290726 0 0.709274
0.293376 0 0.706624
0.296778 0 0.703222
0.301138 0 0.698862
0.534302 0 0.465698
0.562277 0 0.437723
0.5701 0 0.4299
0.578062 0 0.421938
0.586198 0 0.413802
0.594496 0 0.405504
0.371156 0 0.628844
0.499168 0 0.500832
0.355124 0 0.644876
0.0593225 0 0.940677
0.285697 0 0.714303
0.0592047 0 0.940795
0.491895 0 0.508105
0.487946 0 0.512054
0.254211 0 0.745789
0.253152 0 0.746848
0.253643 0 0.746357
0.489789 0 0.510211
0.315297 0 0.684703
0.580547 0 0.419453
0.351876 0 0.648124
0.573557 0 0.426443
0.348438 0 0.651562
0.348095 0 0.651905
0.52795 0 0.47205
0.110631 0 0.889369
0.110437 0 0.889563
0.109649 0 0.890351
0.109469 0 0.890531
0.109295 0 0.890705
0.109467 0 0.890533
0.109561 0 0.890439
0.201548 0 0.798452
0.20192 0 0.79808
0.202353 0 0.797647
0.20313 0 0.79687
0.196912 0 0.803088
0.196528 0 0.803472
0.19652 0 0.80348
0.196773 0 0.803227
0.197261 0 0.802739
0.197904 0 0.802096
0.197775 0 0.802225
0.19765 0 0.80235
0.198568 0 0.801432
0.199615 0 0.800385
0.199736 0 0.800264
0.196713 0 0.803287
0.196759 0 0.803241
0.20177 0 0.79823
0.21057 0 0.78943
0.207111 0 0.792889
0.207113 0 0.792887
0.206695 0 0.793305
0.205986 0 0.794014
0.205861 0 0.794139
0.202926 0 0.797074
0.203193 0 0.796807
0.203555 0 0.796445
0.2042 0 0.7958
0.204881 0 0.795119
0.204987 0 0.795013
0.204097 0 0.795903
0.203697 0 0.796303
0.203453 0 0.796547
0.20301 0 0.79699
0.202375 0 0.797625
0.201311 0 0.798689
0.199383 0 0.800617
0.196186 0 0.803814
0.195795 0 0.804205
0.195055 0 0.804945
0.194214 0 0.805786
0.193664 0 0.806336
0.19276 0 0.80724
0.191763 0 0.808237
0.19074 0 0.80926
0.190003 0 0.809997
0.189653 0 0.810347
0.201289 0 0.798711
0.210069 0 0.789931
0.209249 0 0.790751
0.209314 0 0.790686
0.209634 0 0.790366
0.210105 0 0.789895
0.212348 0 0.787652
0.221125 0 0.778875
0.239092 0 0.760908
0.239349 0 0.760651
0.239665 0 0.760335
0.240066 0 0.759934
0.240545 0 0.759455
0.24109 0 0.75891
0.241717 0 0.758283
0.242399 0 0.757601
0.243096 0 0.756904
0.243807 0 0.756193
0.244537 0 0.755463
0.245285 0 0.754715
0.246024 0 0.753976
0.246756 0 0.753244
0.247522 0 0.752478
0.248305 0 0.751695
0.249112 0 0.750888
0.197341 0 0.802659
0.25077 0 0.74923
0.251632 0 0.748368
0.194138 0 0.805862
0.253621 0 0.746379
0.254919 0 0.745081
0.256242 0 0.743758
0.229398 0 0.770602
0.258952 0 0.741048
0.260337 0 0.739663
0.261758 0 0.738242
0.263206 0 0.736794
0.264681 0 0.735319
0.266183 0 0.733817
0.26771 0 0.73229
0.269259 0 0.730741
0.270853 0 0.729147
0.272535 0 0.727465
0.27429 0 0.72571
0.276085 0 0.723915
0.277848 0 0.722152
0.279324 0 0.720676
0.280559 0 0.719441
0.281803 0 0.718197
0.283144 0 0.716856
0.284683 0 0.715317
0.28631 0 0.71369
0.288021 0 0.711979
0.289791 0 0.710209
0.292058 0 0.707942
0.294775 0 0.705225
0.298078 0 0.701922
0.301636 0 0.698364
0.305328 0 0.694672
0.30909 0 0.69091
0.483546 0 0.516454
0.371181 0 0.628819
0.494773 0 0.505227
0.499444 0 0.500556
0.50632 0 0.49368
0.355245 0 0.644755
0.518195 0 0.481805
0.524259 0 0.475741
0.530407 0 0.469593
0.059174 0 0.940826
0.0590655 0 0.940935
0.0589705 0 0.941029
0.0588827 0 0.941117
0.562767 0 0.437233
0.489219 0 0.510781
0.485313 0 0.514687
0.25424 0 0.74576
0.253181 0 0.746819
0.253692 0 0.746308
0.487781 0 0.512219
0.315336 0 0.684664
0.351929 0 0.648071
0.573624 0 0.426376
0.348419 0 0.651581
0.348174 0 0.651826
0.528088 0 0.471912
0.11061 0 0.88939
0.110416 0 0.889584
0.109701 0 0.890299
0.109512 0 0.890488
0.10933 0 0.89067
0.109485 0 0.890515
0.109541 0 0.890459
0.109437 0 0.890563
 ] }
}
