# Real Time: 708.491
# Simulation Time: 12.22
# Radar Position: 877.637 -201.981 3.06004
# Radar Quat: 0.027477 -0.00801766 0.195142 0.980357
PointSet {
 coord Coordinate { point [
905.51 -241.862 5.34257
880.914 -206.222 3.29803
913.771 -243.037 5.30744
921.828 -237.326 4.84427
918.135 -226.37 4.19632
918.306 -226.088 4.1776
890.462 -209.457 3.40456
890.479 -209.347 3.39774
919.665 -220.573 3.83607
924.557 -211.168 3.27102
905.503 -241.868 5.17253
880.913 -206.222 3.27916
913.762 -243.043 5.11633
921.81 -237.326 4.64639
918.134 -226.381 4.03147
918.297 -226.094 4.01255
890.462 -209.46 3.35272
890.473 -209.347 3.3459
919.672 -220.587 3.67592
924.554 -211.176 3.10427
906.338 -202.522 2.82172
905.497 -241.875 5.00258
880.912 -206.222 3.26031
913.753 -243.049 4.9253
921.793 -237.327 4.44865
918.134 -226.392 3.86661
918.289 -226.1 3.84757
890.485 -209.357 3.29443
892.074 -209.23 3.26429
919.682 -220.601 3.51574
919.939 -220.363 3.49885
924.552 -211.185 2.93754
906.345 -202.527 2.72146
906.206 -202.325 2.71303
905.492 -241.882 4.83269
880.911 -206.222 3.24147
913.745 -243.055 4.73431
913.178 -239.15 4.51883
921.777 -237.328 4.25105
918.134 -226.403 3.70174
918.28 -226.106 3.68263
890.479 -209.357 3.24261
892.025 -209.335 3.21434
892.038 -209.216 3.20752
919.697 -220.618 3.3555
919.882 -220.349 3.33764
924.55 -211.194 2.7708
906.353 -202.533 2.62114
906.207 -202.33 2.61329
906.205 -202.131 2.60328
905.487 -241.891 4.66287
880.909 -206.222 3.22263
913.736 -243.061 4.54339
913.162 -239.148 4.33901
920.16 -241.767 4.33143
921.761 -237.329 4.05359
918.134 -226.414 3.53686
918.273 -226.113 3.51775
890.473 -209.357 3.19083
892.023 -209.465 3.16471
892.041 -209.347 3.15803
919.717 -220.637 3.19514
919.851 -220.345 3.17692
924.55 -211.204 2.60404
932.498 -203.449 2.05116
906.361 -202.538 2.52074
906.209 -202.335 2.51354
906.204 -202.136 2.50359
906.332 -201.936 2.49102
905.483 -241.9 4.4931
880.908 -206.222 3.2038
913.728 -243.067 4.35252
913.151 -239.15 4.15945
920.114 -241.739 4.12732
921.746 -237.331 3.85624
918.135 -226.425 3.37195
918.265 -226.119 3.3529
890.469 -209.358 3.1391
892.023 -209.469 3.10809
892.023 -209.342 3.10148
919.745 -220.659 3.0346
919.829 -220.345 3.0164
924.551 -211.213 2.43725
936.964 -205.655 1.86676
935.532 -205.161 1.87504
927.997 -204.391 2.01123
927.113 -204.003 2.01215
926.908 -203.65 1.99913
926.729 -203.301 1.98569
906.369 -202.543 2.42027
906.21 -202.34 2.41376
906.202 -202.141 2.4039
906.326 -201.941 2.391
926.259 -201.591 1.91058
905.48 -241.911 4.32336
880.907 -206.223 3.18498
913.72 -243.074 4.16168
913.141 -239.154 3.98002
920.082 -241.725 3.92389
921.731 -237.334 3.65899
918.136 -226.437 3.207
918.257 -226.125 3.18808
890.469 -209.362 3.0874
892.045 -209.484 3.05144
919.793 -220.691 2.87372
919.812 -220.348 2.85598
924.553 -211.223 2.2704
937.12 -209.445 1.84521
936.965 -209.005 1.82726
936.72 -208.558 1.81134
936.47 -208.115 1.79573
936.227 -207.677 1.78018
935.778 -207.224 1.76939
934.946 -206.746 1.76755
933.584 -206.239 1.77848
926.319 -205.342 1.92744
925.912 -204.975 1.91989
925.743 -204.628 1.90692
925.579 -204.283 1.89398
925.425 -203.942 1.88092
925.34 -203.605 1.86623
925.273 -203.27 1.85118
906.378 -202.549 2.31971
906.212 -202.346 2.31395
906.201 -202.146 2.3042
906.32 -201.947 2.29099
924.931 -201.61 1.77684
924.864 -201.281 1.76207
905.478 -241.923 4.15363
880.906 -206.223 3.16617
913.712 -243.08 3.97087
913.133 -239.16 3.80066
920.058 -241.718 3.72079
921.718 -237.338 3.46182
918.137 -226.449 3.042
918.25 -226.132 3.02328
890.469 -209.365 3.03569
890.684 -209.368 3.02943
892.08 -209.506 2.99455
919.8 -220.353 2.69562
924.555 -211.233 2.10348
936.237 -211.431 1.76102
935.479 -210.895 1.75721
935.394 -210.47 1.73862
935.233 -210.036 1.72188
935.005 -209.596 1.70685
934.772 -209.16 1.69214
934.53 -208.727 1.67784
934.038 -208.269 1.66989
933.032 -207.766 1.6751
927.362 -206.821 1.79914
925.044 -206.261 1.84115
924.794 -205.906 1.83099
924.633 -205.563 1.81867
924.474 -205.222 1.80641
924.34 -204.886 1.7936
924.257 -204.554 1.7795
924.193 -204.224 1.76493
924.126 -203.896 1.7505
924.062 -203.569 1.73601
923.996 -203.243 1.72165
906.388 -202.554 2.21905
906.214 -202.351 2.2141
906.2 -202.151 2.20448
906.314 -201.952 2.191
923.673 -201.627 1.65017
923.609 -201.307 1.63598
923.546 -200.987 1.6218
905.477 -241.936 3.98389
880.905 -206.223 3.14736
913.705 -243.087 3.78007
913.126 -239.166 3.62133
920.038 -241.714 3.51792
921.707 -237.343 3.26471
918.139 -226.461 2.87694
918.243 -226.139 2.85849
890.469 -209.368 2.98396
890.678 -209.368 2.97709
891.775 -209.351 2.9402
892.023 -209.352 2.93213
892.045 -209.237 2.92598
891.742 -208.961 2.92294
891.977 -208.953 2.91483
892.217 -208.945 2.90649
892.475 -208.941 2.8978
892.749 -208.941 2.88877
893.03 -208.941 2.87945
919.791 -220.359 2.53526
924.559 -211.243 1.93648
935.353 -212.96 1.65804
934.132 -212.319 1.66768
933.835 -211.86 1.65512
933.751 -211.442 1.63743
933.596 -211.015 1.62164
933.377 -210.581 1.60763
933.158 -210.151 1.59383
932.904 -209.72 1.58111
932.374 -209.256 1.57608
931.227 -208.723 1.58835
924.431 -207.534 1.75831
923.896 -207.143 1.75698
923.722 -206.799 1.74575
923.569 -206.459 1.73403
923.416 -206.122 1.72244
923.294 -205.789 1.71006
923.216 -205.463 1.69642
923.157 -205.139 1.6823
923.093 -204.816 1.66835
923.033 -204.494 1.65431
922.97 -204.173 1.64042
922.91 -203.854 1.62646
922.847 -203.535 1.61266
922.787 -203.217 1.59878
906.398 -202.559 2.11827
906.215 -202.356 2.11421
906.199 -202.156 2.10473
906.309 -201.957 2.09101
922.48 -201.643 1.53004
922.419 -201.331 1.51637
922.359 -201.02 1.50271
922.298 -200.709 1.48909
905.478 -241.953 3.81416
880.904 -206.223 3.12856
913.698 -243.094 3.5893
913.12 -239.174 3.44202
920.021 -241.714 3.31519
921.698 -237.35 3.06765
918.141 -226.473 2.71182
918.236 -226.146 2.69371
890.469 -209.372 2.93222
890.672 -209.368 2.92477
890.75 -209.292 2.91853
890.75 -209.172 2.91312
890.758 -209.058 2.90766
890.761 -208.941 2.90227
890.985 -208.941 2.8942
891.215 -208.941 2.8859
891.452 -208.941 2.87737
891.707 -208.947 2.86843
891.957 -208.947 2.85938
892.215 -208.947 2.85007
892.48 -208.947 2.84047
892.753 -208.947 2.83057
893.035 -208.947 2.82035
919.786 -220.367 2.37487
935.344 -215.07 1.55439
934.439 -214.449 1.55799
933.481 -213.83 1.56369
932.339 -213.19 1.57505
924.564 -211.253 1.76936
924.794 -210.957 1.74658
932.031 -211.945 1.52632
931.829 -211.517 1.51311
931.623 -211.093 1.50016
931.316 -210.657 1.49032
930.695 -210.176 1.49
926.819 -209.225 1.58742
923.195 -208.366 1.6799
922.837 -207.994 1.67502
922.692 -207.655 1.66382
922.545 -207.318 1.65276
922.403 -206.985 1.64166
922.278 -206.655 1.63013
922.22 -206.335 1.61649
922.161 -206.016 1.60294
922.102 -205.698 1.58941
922.045 -205.381 1.57589
921.985 -205.065 1.56245
921.928 -204.751 1.54896
921.869 -204.437 1.53558
921.812 -204.125 1.52215
921.754 -203.813 1.5088
921.697 -203.503 1.49545
921.637 -203.193 1.4822
906.409 -202.565 2.01736
906.217 -202.361 2.01428
906.198 -202.161 2.00497
906.304 -201.962 1.99102
921.291 -201.659 1.41807
921.101 -201.357 1.40991
920.721 -201.062 1.40914
920.341 -200.771 1.40858
919.974 -200.485 1.40777
881.233 -207.157 3.13465
880.903 -206.223 3.10977
913.691 -243.101 3.39853
913.114 -239.182 3.26272
920.008 -241.716 3.11256
921.701 -237.366 2.87055
918.143 -226.486 2.54662
890.758 -209.788 2.88711
890.758 -209.664 2.88177
890.469 -209.375 2.88047
890.666 -209.368 2.87249
890.758 -209.299 2.86595
890.758 -209.18 2.86074
890.758 -209.061 2.85555
890.765 -208.947 2.85028
890.99 -208.947 2.84151
891.22 -208.947 2.8325
891.456 -208.947 2.82322
891.7 -208.947 2.81368
891.92 -208.933 2.80438
892.181 -208.934 2.79422
892.462 -208.942 2.7835
892.735 -208.942 2.77275
893.027 -208.947 2.76145
919.783 -220.375 2.21442
935.043 -217.137 1.45647
934.286 -216.515 1.45784
933.527 -215.905 1.45982
932.606 -215.269 1.46706
931.708 -214.653 1.47427
930.835 -214.057 1.48142
930.771 -213.653 1.46493
930.689 -213.248 1.44901
930.54 -212.831 1.43525
924.571 -211.264 1.60213
924.742 -210.956 1.58057
929.805 -211.547 1.4038
929.013 -211.031 1.41121
922.947 -209.635 1.58999
922.007 -209.157 1.60517
921.839 -208.814 1.59548
921.698 -208.477 1.58497
921.562 -208.144 1.57438
921.424 -207.813 1.56398
921.322 -207.49 1.55243
921.259 -207.173 1.53957
921.204 -206.858 1.52649
921.15 -206.545 1.51339
921.094 -206.232 1.50037
921.04 -205.922 1.48733
920.984 -205.611 1.47441
920.93 -205.303 1.46139
920.874 -204.995 1.4485
920.82 -204.688 1.43558
920.765 -204.383 1.42269
920.71 -204.078 1.40982
920.655 -203.775 1.39696
920.602 -203.472 1.38407
920.546 -203.17 1.3713
906.421 -202.57 1.9163
906.219 -202.366 1.91431
906.197 -202.166 1.90518
906.299 -201.967 1.89104
919.188 -201.681 1.35186
918.839 -201.396 1.35167
918.497 -201.115 1.35141
918.155 -200.839 1.35133
917.826 -200.567 1.35094
917.494 -200.3 1.35085
881.238 -207.166 3.11264
880.901 -206.223 3.09098
913.684 -243.109 3.20777
893.725 -219.582 3.09696
893.947 -219.577 3.0882
913.109 -239.191 3.0834
919.998 -241.723 2.90997
918.147 -226.499 2.38134
890.8 -209.817 2.83301
890.758 -209.668 2.82862
890.469 -209.379 2.82869
890.66 -209.368 2.82024
890.758 -209.303 2.81343
890.758 -209.183 2.80842
890.758 -209.064 2.80343
890.759 -208.947 2.79844
890.983 -208.947 2.78899
891.213 -208.947 2.77927
891.44 -208.942 2.76947
891.683 -208.942 2.75918
891.932 -208.942 2.74859
892.189 -208.942 2.73767
892.454 -208.942 2.72642
892.727 -208.942 2.71482
893.019 -208.947 2.70259
919.783 -220.385 2.05388
933.973 -218.56 1.36017
933.242 -217.925 1.36307
932.541 -217.31 1.36558
931.726 -216.676 1.37215
930.857 -216.041 1.38104
929.603 -215.323 1.40277
929.396 -214.885 1.39165
929.339 -214.488 1.37586
929.262 -214.089 1.36073
929.114 -213.676 1.34806
928.931 -213.259 1.33664
928.744 -212.844 1.32554
928.329 -212.386 1.32235
924.579 -211.274 1.43474
921.48 -210.342 1.52696
921.012 -209.939 1.52854
920.872 -209.602 1.51877
920.741 -209.269 1.50875
920.611 -208.939 1.49882
920.482 -208.611 1.4889
920.392 -208.292 1.47762
920.33 -207.979 1.46536
920.281 -207.669 1.45267
920.228 -207.359 1.44013
920.178 -207.052 1.42752
920.128 -206.745 1.41491
920.077 -206.44 1.40237
920.024 -206.135 1.38991
919.974 -205.832 1.37736
919.921 -205.53 1.36497
919.87 -205.229 1.35249
919.818 -204.929 1.34007
919.765 -204.629 1.32768
919.715 -204.331 1.31523
919.651 -204.034 1.30333
919.465 -203.732 1.2966
919.114 -203.427 1.29697
918.765 -203.127 1.29747
906.435 -202.575 1.81506
906.221 -202.371 1.81429
906.196 -202.171 1.80537
906.294 -201.972 1.79105
917.116 -201.702 1.29893
916.799 -201.43 1.29926
916.491 -201.163 1.2993
916.182 -200.9 1.29965
915.882 -200.641 1.29971
915.583 -200.386 1.29992
915.286 -200.134 1.30022
880.9 -206.223 3.07219
893.037 -220.585 3.07587
893.037 -220.323 3.06691
893.037 -220.065 3.05808
893.037 -219.811 3.04936
893.05 -219.577 3.04074
893.269 -219.577 3.03187
893.49 -219.577 3.02287
893.714 -219.577 3.01373
893.941 -219.577 3.00445
913.105 -239.2 2.90407
890.008 -213.592 2.9558
889.995 -213.418 2.9501
889.992 -213.256 2.94438
889.989 -213.097 2.93871
889.987 -212.939 2.93311
889.984 -212.783 2.92755
889.981 -212.63 2.92205
889.978 -212.478 2.91661
890.134 -212.46 2.90933
918.15 -226.512 2.21596
890.795 -209.817 2.77957
890.758 -209.671 2.77545
890.469 -209.382 2.7769
890.654 -209.368 2.76802
890.758 -209.306 2.76089
890.758 -209.186 2.75608
890.758 -209.068 2.7513
890.758 -208.95 2.74653
890.977 -208.947 2.7365
891.207 -208.947 2.72607
891.433 -208.942 2.71559
891.676 -208.942 2.70455
891.925 -208.942 2.69318
892.182 -208.942 2.68146
892.446 -208.942 2.66938
892.719 -208.942 2.65692
893.011 -208.947 2.64377
919.786 -220.396 1.89321
932.954 -219.964 1.26413
932.205 -219.3 1.26995
931.529 -218.673 1.27392
930.843 -218.054 1.27869
930.006 -217.403 1.28904
929.192 -216.773 1.29919
928.067 -216.07 1.3206
928.016 -215.677 1.30544
927.963 -215.286 1.29038
927.898 -214.895 1.2758
927.744 -214.483 1.26446
927.576 -214.071 1.25373
927.38 -213.657 1.2441
926.886 -213.179 1.24562
922.12 -211.767 1.40608
920.335 -211.062 1.45801
920.068 -210.696 1.45377
919.937 -210.362 1.44454
919.815 -210.032 1.43504
919.69 -209.704 1.42575
919.572 -209.381 1.41623
919.484 -209.064 1.40562
919.436 -208.756 1.39347
919.388 -208.45 1.3813
919.341 -208.145 1.36915
919.292 -207.841 1.35708
919.246 -207.538 1.34492
919.197 -207.236 1.3329
919.151 -206.936 1.32077
919.101 -206.637 1.30879
919.055 -206.339 1.29667
919.005 -206.042 1.28474
918.958 -205.747 1.27266
918.908 -205.452 1.26074
918.845 -205.157 1.2494
918.672 -204.855 1.24293
918.345 -204.547 1.24343
918.012 -204.243 1.2444
917.683 -203.944 1.24537
917.366 -203.65 1.24598
917.048 -203.361 1.24684
916.736 -203.076 1.24759
906.451 -202.581 1.7136
906.224 -202.376 1.71422
906.196 -202.176 1.70553
906.289 -201.977 1.69106
915.241 -201.72 1.25097
914.953 -201.461 1.25163
914.674 -201.206 1.25202
914.392 -200.955 1.2527
914.114 -200.708 1.25336
913.665 -200.471 1.26263
910.273 -200.382 1.4199
909.724 -200.184 1.43587
880.899 -206.223 3.05341
893.037 -220.592 2.99154
893.037 -220.329 2.98328
893.037 -220.072 2.97513
893.037 -219.818 2.96708
893.045 -219.577 2.95909
893.263 -219.577 2.94972
893.484 -219.577 2.94021
893.708 -219.577 2.93054
889.997 -215.326 2.95397
889.994 -215.138 2.94798
889.991 -214.952 2.94207
889.988 -214.769 2.93622
889.985 -214.589 2.93044
889.982 -214.411 2.92472
889.98 -214.236 2.91906
889.977 -214.063 2.91347
889.974 -213.893 2.90793
889.971 -213.725 2.90245
889.969 -213.559 2.89702
889.966 -213.396 2.89164
889.963 -213.234 2.88632
889.96 -213.075 2.88105
889.958 -212.918 2.87582
889.955 -212.763 2.87064
889.953 -212.609 2.86551
889.95 -212.458 2.86042
890.086 -212.425 2.85309
918.155 -226.525 2.05047
890.758 -209.799 2.72695
890.758 -209.675 2.72227
890.469 -209.385 2.72509
890.648 -209.368 2.71583
890.758 -209.31 2.70834
890.758 -209.19 2.70373
890.758 -209.071 2.69914
890.758 -208.953 2.69457
890.97 -208.947 2.68404
891.2 -208.947 2.67291
891.426 -208.942 2.66173
891.669 -208.942 2.64994
891.918 -208.942 2.6378
892.175 -208.942 2.62528
892.439 -208.942 2.61238
892.711 -208.942 2.59907
893.003 -208.947 2.58499
919.791 -220.409 1.73238
933.218 -221.793 1.12486
931.171 -220.643 1.17832
930.514 -220.001 1.1839
929.882 -219.38 1.18903
929.145 -218.736 1.19842
928.355 -218.088 1.21018
927.599 -217.465 1.22126
926.733 -216.821 1.23694
926.687 -216.435 1.22246
926.639 -216.05 1.20815
926.568 -215.661 1.1947
926.425 -215.254 1.18413
926.268 -214.848 1.17413
926.017 -214.421 1.16793
925.37 -213.9 1.17748
919.828 -212.201 1.38187
919.296 -211.765 1.3893
919.15 -211.425 1.38147
919.033 -211.095 1.37253
918.916 -210.768 1.36367
918.8 -210.443 1.35485
918.685 -210.121 1.34605
918.614 -209.81 1.33545
918.568 -209.506 1.32382
918.524 -209.203 1.31214
918.481 -208.902 1.30043
918.436 -208.601 1.28879
918.393 -208.303 1.2771
918.348 -208.005 1.26549
918.303 -207.709 1.25389
918.259 -207.413 1.24225
918.213 -207.119 1.23074
918.169 -206.826 1.2191
918.123 -206.534 1.20758
918.074 -206.243 1.19621
917.909 -205.942 1.19023
917.584 -205.628 1.19176
917.268 -205.32 1.1931
916.958 -205.017 1.1943
916.648 -204.719 1.19571
916.347 -204.427 1.19684
916.048 -204.138 1.19802
915.753 -203.855 1.19924
915.466 -203.576 1.20018
915.177 -203.301 1.20141
914.892 -203.03 1.2026
906.47 -202.586 1.61184
906.226 -202.381 1.6141
906.195 -202.181 1.60566
906.285 -201.982 1.59105
913.536 -201.737 1.20731
913.272 -201.49 1.20832
912.955 -201.247 1.2122
909.469 -201.095 1.38298
908.96 -200.889 1.39857
908.484 -200.69 1.41272
908.027 -200.496 1.42611
903.945 -200.508 1.6357
903.796 -200.332 1.63422
880.898 -206.223 3.03464
889.998 -217.579 2.95567
889.995 -217.354 2.94939
889.992 -217.132 2.94319
889.989 -216.914 2.93708
889.985 -216.7 2.93105
889.983 -216.49 2.92509
889.98 -216.283 2.91921
889.977 -216.08 2.9134
889.974 -215.879 2.90766
889.971 -215.682 2.90198
889.968 -215.488 2.89637
889.965 -215.297 2.89082
889.963 -215.109 2.88534
889.96 -214.924 2.87991
889.957 -214.742 2.87454
889.955 -214.562 2.86923
889.952 -214.385 2.86397
889.949 -214.21 2.85876
889.947 -214.038 2.8536
889.944 -213.868 2.84849
889.942 -213.701 2.84343
889.939 -213.536 2.83841
889.937 -213.373 2.83344
889.934 -213.212 2.82851
889.932 -213.053 2.82362
889.929 -212.897 2.81878
889.927 -212.742 2.81397
889.925 -212.589 2.8092
889.922 -212.438 2.80447
890.082 -212.425 2.79638
897.845 -216.031 2.53621
918.16 -226.54 1.88486
890.758 -209.802 2.67352
890.758 -209.678 2.66906
890.469 -209.389 2.67327
890.642 -209.368 2.66367
890.758 -209.313 2.65576
890.758 -209.193 2.65135
890.758 -209.074 2.64696
890.758 -208.956 2.64258
890.964 -208.947 2.63161
891.194 -208.947 2.61978
891.42 -208.942 2.60791
891.662 -208.942 2.59537
891.911 -208.942 2.58246
892.167 -208.942 2.56914
892.431 -208.942 2.55541
892.703 -208.942 2.54125
892.995 -208.947 2.52625
919.8 -220.422 1.57133
923.871 -220.685 1.36787
924.034 -220.375 1.34692
924.114 -220.033 1.32896
930.132 -221.952 1.0882
929.504 -221.3 1.09501
928.894 -220.666 1.10159
928.271 -220.04 1.10905
927.519 -219.38 1.12191
926.781 -218.739 1.13474
925.539 -217.942 1.16795
925.446 -217.542 1.15622
925.406 -217.161 1.14247
925.368 -216.783 1.12863
925.3 -216.398 1.11605
925.156 -215.993 1.10663
925.002 -215.589 1.09769
924.692 -215.145 1.09535
921.002 -213.786 1.23525
918.726 -212.858 1.31765
918.386 -212.464 1.3189
918.262 -212.13 1.31106
918.154 -211.803 1.30261
918.043 -211.478 1.29436
917.935 -211.157 1.28602
917.834 -210.839 1.27742
917.767 -210.531 1.26736
886.352 -203.76 2.6658
886.289 -203.684 2.6658
886.227 -203.609 2.6658
886.166 -203.535 2.6658
886.105 -203.463 2.6658
886.045 -203.392 2.6658
885.986 -203.322 2.6658
885.928 -203.253 2.6658
885.87 -203.185 2.6658
885.814 -203.118 2.6658
885.757 -203.052 2.6658
885.702 -202.987 2.6658
885.647 -202.923 2.6658
885.592 -202.86 2.6658
885.538 -202.798 2.6658
885.485 -202.737 2.6658
885.432 -202.677 2.6658
885.38 -202.617 2.6658
885.329 -202.559 2.6658
885.278 -202.501 2.6658
885.227 -202.444 2.6658
885.177 -202.388 2.6658
885.128 -202.332 2.6658
885.079 -202.278 2.6658
885.03 -202.224 2.6658
884.982 -202.17 2.6658
884.934 -202.118 2.6658
884.887 -202.066 2.6658
884.84 -202.015 2.6658
884.794 -201.964 2.6658
884.751 -201.914 2.66561
884.71 -201.865 2.66539
884.669 -201.816 2.66515
884.628 -201.768 2.66492
884.588 -201.721 2.66467
884.548 -201.673 2.66442
884.509 -201.627 2.66416
884.47 -201.581 2.6639
884.431 -201.535 2.66363
884.393 -201.49 2.66335
889.975 -218.483 2.90993
889.972 -218.241 2.90398
880.897 -206.224 3.01586
889.966 -217.77 2.89232
889.963 -217.542 2.8866
889.96 -217.317 2.88095
889.958 -217.096 2.87538
889.955 -216.879 2.86987
889.952 -216.666 2.86442
889.95 -216.457 2.85904
889.947 -216.25 2.85372
889.944 -216.048 2.84846
889.942 -215.848 2.84326
889.939 -215.652 2.83811
889.936 -215.459 2.83302
889.934 -215.268 2.82798
889.931 -215.081 2.82298
889.929 -214.897 2.81804
889.927 -214.715 2.81314
889.924 -214.536 2.80829
889.922 -214.359 2.80348
889.919 -214.185 2.79872
889.917 -214.014 2.79399
889.915 -213.844 2.78931
889.912 -213.678 2.78466
889.91 -213.513 2.78006
889.908 -213.351 2.77548
889.905 -213.19 2.77095
889.903 -213.032 2.76644
889.901 -212.876 2.76197
889.899 -212.722 2.75753
889.897 -212.569 2.75313
889.902 -212.425 2.74857
890.077 -212.425 2.73968
897.83 -216.026 2.45066
918.166 -226.554 1.71911
890.758 -209.806 2.62008
890.758 -209.682 2.61583
890.469 -209.392 2.62142
890.636 -209.368 2.61154
890.758 -209.316 2.60316
890.758 -209.197 2.59896
890.758 -209.078 2.59476
890.758 -208.96 2.59058
890.957 -208.947 2.57922
891.187 -208.947 2.56668
891.413 -208.942 2.55412
891.655 -208.942 2.54084
891.904 -208.942 2.52715
892.16 -208.942 2.51304
892.424 -208.942 2.49849
892.695 -208.942 2.48347
892.986 -208.947 2.46755
919.812 -220.438 1.41001
920.029 -220.181 1.38826
929.107 -223.236 0.998575
923.628 -220.597 1.20334
923.655 -220.235 1.18788
923.83 -219.933 1.16629
926.659 -220.641 1.03513
925.949 -219.985 1.04934
925.26 -219.351 1.06308
924.29 -218.629 1.08912
924.204 -218.233 1.07817
924.172 -217.858 1.06498
924.135 -217.484 1.05198
924.056 -217.099 1.04086
923.929 -216.701 1.03185
923.761 -216.294 1.02476
923.352 -215.818 1.02843
918.222 -213.955 1.24333
917.702 -213.498 1.25398
917.514 -213.143 1.24986
917.4 -212.812 1.2425
917.299 -212.488 1.23462
917.194 -212.165 1.22692
917.094 -211.846 1.21907
916.996 -211.53 1.21113
916.945 -211.228 1.20105
916.907 -210.93 1.19035
916.873 -210.634 1.17949
886.333 -203.821 2.6383
886.269 -203.744 2.63862
886.206 -203.669 2.63893
886.144 -203.595 2.63922
886.083 -203.522 2.63949
886.023 -203.45 2.63975
885.964 -203.379 2.63998
885.906 -203.31 2.6402
885.849 -203.242 2.64041
885.792 -203.175 2.6406
885.737 -203.109 2.64077
885.682 -203.043 2.64093
885.629 -202.979 2.64108
885.576 -202.916 2.64121
885.524 -202.854 2.64133
885.472 -202.793 2.64143
885.422 -202.732 2.64152
885.372 -202.673 2.6416
885.322 -202.614 2.64167
885.274 -202.556 2.64172
885.226 -202.499 2.64176
885.178 -202.442 2.64179
885.132 -202.386 2.64181
885.086 -202.332 2.64182
885.04 -202.277 2.64181
884.995 -202.224 2.6418
884.951 -202.171 2.64177
884.907 -202.119 2.64174
884.864 -202.067 2.64169
884.821 -202.016 2.64163
884.778 -201.966 2.64157
884.737 -201.916 2.64149
884.695 -201.867 2.64141
884.654 -201.818 2.64131
884.614 -201.77 2.6412
884.574 -201.722 2.64109
884.534 -201.675 2.64097
884.495 -201.629 2.64084
884.456 -201.582 2.6407
884.418 -201.537 2.64055
884.38 -201.492 2.64039
884.342 -201.447 2.64022
895.816 -228.155 2.77442
895.44 -227.235 2.77211
893.143 -223.656 2.80197
893.223 -223.45 2.79367
893.166 -223.06 2.78777
889.939 -218.441 2.83856
889.937 -218.2 2.83329
880.896 -206.224 2.9971
889.931 -217.732 2.82296
889.929 -217.504 2.81788
889.926 -217.28 2.81286
889.924 -217.061 2.80789
889.921 -216.844 2.80298
889.919 -216.632 2.79812
889.917 -216.423 2.79331
889.914 -216.218 2.78855
889.912 -216.016 2.78384
889.91 -215.817 2.77917
889.907 -215.622 2.77454
889.905 -215.429 2.76996
889.903 -215.24 2.76542
889.9 -215.053 2.76091
889.898 -214.869 2.75645
889.896 -214.688 2.75202
889.894 -214.509 2.74762
889.892 -214.334 2.74327
889.889 -214.16 2.73894
889.887 -213.989 2.73465
889.885 -213.82 2.73038
889.883 -213.654 2.72615
889.881 -213.49 2.72195
889.879 -213.328 2.71777
889.877 -213.168 2.71362
889.875 -213.011 2.7095
889.873 -212.855 2.7054
889.871 -212.701 2.70133
889.869 -212.549 2.69728
889.897 -212.425 2.69235
890.072 -212.425 2.68301
890.25 -212.425 2.67348
897.814 -216.021 2.36519
918.174 -226.57 1.55319
890.758 -209.809 2.5666
890.758 -209.685 2.56258
890.469 -209.395 2.56954
890.63 -209.368 2.55942
890.758 -209.32 2.55054
890.758 -209.2 2.54654
890.758 -209.081 2.54254
890.758 -208.963 2.53855
890.951 -208.947 2.52685
891.18 -208.947 2.5136
891.406 -208.942 2.50037
891.648 -208.942 2.48633
891.897 -208.942 2.47187
892.153 -208.942 2.45696
892.416 -208.942 2.44159
892.688 -208.942 2.42573
892.978 -208.947 2.40888
928.125 -224.511 0.907888
919.829 -220.455 1.24832
919.989 -220.174 1.22869
926.36 -222.511 0.938891
925.793 -221.877 0.948984
923.435 -220.53 1.03838
923.493 -220.182 1.02194
923.657 -219.876 1.00076
923.03 -219.269 1.01502
923.002 -218.896 1.00256
922.976 -218.527 0.989984
922.946 -218.159 0.977605
922.867 -217.776 0.96748
922.742 -217.38 0.959527
922.551 -216.965 0.954732
919.57 -215.645 1.08151
917.145 -214.55 1.18368
916.779 -214.133 1.18909
916.657 -213.797 1.18295
916.56 -213.472 1.17568
916.465 -213.15 1.16837
916.368 -212.83 1.16116
916.273 -212.513 1.15388
916.184 -212.2 1.14634
916.143 -211.902 1.13646
916.111 -211.608 1.12612
916.077 -211.315 1.11585
916.046 -211.023 1.10547
916.011 -210.733 1.09525
886.376 -203.896 2.60765
886.311 -203.818 2.60826
886.247 -203.741 2.60885
886.184 -203.666 2.60941
886.123 -203.592 2.60995
886.062 -203.519 2.61047
886.002 -203.448 2.61096
885.944 -203.378 2.61144
885.886 -203.308 2.61189
885.829 -203.24 2.61232
885.773 -203.173 2.61273
885.718 -203.107 2.61312
885.664 -203.042 2.61349
885.61 -202.978 2.61384
885.558 -202.915 2.61417
885.506 -202.853 2.61449
885.455 -202.792 2.61479
885.404 -202.732 2.61507
885.354 -202.672 2.61533
885.305 -202.614 2.61558
885.257 -202.556 2.61581
885.209 -202.499 2.61603
885.162 -202.442 2.61623
885.116 -202.387 2.61641
885.07 -202.332 2.61659
885.024 -202.278 2.61674
884.98 -202.224 2.61689
884.935 -202.172 2.61701
884.892 -202.12 2.61713
884.849 -202.068 2.61723
884.806 -202.017 2.61732
884.764 -201.967 2.6174
884.722 -201.917 2.61746
884.681 -201.868 2.61751
884.64 -201.819 2.61755
884.6 -201.771 2.61758
884.56 -201.724 2.61759
884.521 -201.677 2.6176
884.481 -201.63 2.61759
884.443 -201.584 2.61757
884.405 -201.539 2.61754
884.367 -201.494 2.6175
884.329 -201.449 2.61745
884.292 -201.405 2.61739
895.436 -227.24 2.66423
893.13 -223.646 2.70913
893.157 -223.367 2.70246
893.146 -223.042 2.69673
889.904 -218.4 2.76755
889.901 -218.16 2.76297
880.895 -206.224 2.97833
889.897 -217.694 2.75395
889.895 -217.467 2.74951
889.893 -217.244 2.7451
889.89 -217.025 2.74074
889.888 -216.81 2.73643
889.886 -216.598 2.73214
889.884 -216.39 2.7279
889.882 -216.186 2.72369
889.88 -215.985 2.71952
889.878 -215.786 2.71538
889.876 -215.592 2.71127
889.874 -215.4 2.70719
889.872 -215.211 2.70314
889.87 -215.025 2.69912
889.868 -214.842 2.69513
889.866 -214.661 2.69117
889.864 -214.483 2.68723
889.862 -214.308 2.68331
889.86 -214.135 2.67942
889.858 -213.965 2.67555
889.856 -213.797 2.67171
889.854 -213.631 2.66789
889.852 -213.467 2.66408
889.85 -213.306 2.6603
889.848 -213.147 2.65654
889.846 -212.989 2.65279
889.845 -212.834 2.64906
889.843 -212.681 2.64535
889.841 -212.529 2.64166
889.892 -212.425 2.63615
890.067 -212.425 2.62635
890.245 -212.425 2.61635
897.805 -216.02 2.27956
918.183 -226.586 1.38709
890.758 -209.813 2.51311
890.758 -209.689 2.5093
890.459 -209.393 2.51805
890.625 -209.369 2.5073
890.758 -209.323 2.4979
890.758 -209.203 2.4941
890.758 -209.084 2.4903
890.758 -208.966 2.4865
890.945 -208.947 2.47451
891.174 -208.947 2.46056
891.399 -208.942 2.44664
891.641 -208.942 2.43186
891.89 -208.942 2.41663
892.128 -208.934 2.4017
892.409 -208.942 2.38473
892.68 -208.942 2.36802
892.97 -208.947 2.35026
924.873 -223.07 0.86546
919.853 -220.475 1.08613
919.963 -220.172 1.06871
922.989 -221.1 0.913324
921.927 -220.289 0.95065
921.859 -219.901 0.941009
921.84 -219.535 0.929003
921.816 -219.17 0.917205
921.79 -218.806 0.905549
921.705 -218.422 0.896769
921.586 -218.029 0.889693
921.33 -217.591 0.889473
916.69 -215.625 1.10818
916.146 -215.134 1.12395
915.917 -214.758 1.12411
915.829 -214.433 1.11725
915.738 -214.11 1.11054
915.65 -213.79 1.10369
915.56 -213.473 1.09699
915.472 -213.158 1.09024
915.409 -212.853 1.08218
915.365 -212.556 1.07315
915.334 -212.264 1.06339
915.306 -211.974 1.05351
915.277 -211.686 1.04364
915.247 -211.399 1.03382
915.218 -211.113 1.02389
915.187 -210.828 1.01412
915.156 -210.545 1.0043
886.354 -203.893 2.57748
886.289 -203.815 2.57836
886.225 -203.739 2.57921
886.163 -203.664 2.58003
886.102 -203.59 2.58082
886.041 -203.517 2.58158
885.982 -203.446 2.58231
885.924 -203.376 2.58302
885.866 -203.307 2.58369
885.81 -203.239 2.58435
885.754 -203.172 2.58498
885.699 -203.106 2.58558
885.645 -203.041 2.58616
885.592 -202.978 2.58671
885.539 -202.915 2.58725
885.488 -202.853 2.58776
885.437 -202.792 2.58825
885.387 -202.732 2.58872
885.337 -202.672 2.58917
885.288 -202.614 2.5896
885.24 -202.556 2.59
885.193 -202.499 2.59039
885.146 -202.443 2.59076
885.099 -202.387 2.59112
885.054 -202.333 2.59145
885.009 -202.279 2.59177
884.964 -202.225 2.59207
884.92 -202.173 2.59235
884.876 -202.12 2.59261
884.833 -202.069 2.59286
884.791 -202.018 2.5931
884.749 -201.968 2.59332
884.707 -201.918 2.59352
884.666 -201.869 2.59371
884.626 -201.821 2.59388
884.586 -201.773 2.59404
884.546 -201.726 2.59418
884.507 -201.679 2.59431
884.468 -201.632 2.59443
884.429 -201.586 2.59453
884.391 -201.541 2.59462
884.354 -201.496 2.5947
884.316 -201.451 2.59476
884.279 -201.407 2.59481
884.243 -201.364 2.59485
893.13 -223.654 2.61603
893.151 -223.367 2.61026
880.783 -206.263 2.96598
889.868 -218.359 2.69692
889.866 -218.12 2.69301
880.893 -206.224 2.95957
889.863 -217.656 2.68529
889.861 -217.43 2.68147
889.859 -217.208 2.67768
889.857 -216.99 2.67392
889.855 -216.775 2.67019
889.853 -216.565 2.66648
889.851 -216.357 2.6628
889.85 -216.154 2.65914
889.848 -215.953 2.6555
889.846 -215.756 2.65188
889.844 -215.562 2.64828
889.842 -215.371 2.64471
889.841 -215.182 2.64115
889.839 -214.997 2.63761
889.837 -214.815 2.63409
889.835 -214.635 2.63058
889.834 -214.457 2.62709
889.832 -214.283 2.62362
889.83 -214.11 2.62016
889.828 -213.94 2.61672
889.827 -213.773 2.61329
889.825 -213.608 2.60987
889.823 -213.445 2.60646
889.821 -213.284 2.60307
889.82 -213.125 2.59969
889.818 -212.968 2.59632
889.816 -212.813 2.59296
889.815 -212.66 2.58961
889.831 -212.525 2.58556
889.887 -212.425 2.57998
890.062 -212.425 2.56971
890.239 -212.425 2.55923
897.799 -216.022 2.19382
918.193 -226.604 1.22074
890.758 -209.816 2.45959
890.7 -209.659 2.45863
890.494 -209.417 2.46456
890.625 -209.372 2.45496
890.758 -209.327 2.44523
890.758 -209.207 2.44163
890.758 -209.088 2.43803
890.758 -208.97 2.43443
890.938 -208.947 2.4222
891.167 -208.947 2.40755
891.392 -208.942 2.39294
891.634 -208.942 2.37741
891.882 -208.942 2.36141
892.121 -208.934 2.34577
892.401 -208.942 2.3279
892.672 -208.942 2.31035
892.951 -208.942 2.29222
921.584 -221.611 0.849701
919.889 -220.501 0.923078
919.944 -220.174 0.908498
920.708 -220.148 0.857609
920.694 -219.789 0.846301
920.666 -219.427 0.835635
920.581 -219.045 0.82793
920.448 -218.647 0.822771
920.031 -218.145 0.832517
915.571 -216.14 1.05582
915.23 -215.715 1.0631
915.101 -215.372 1.05928
915.018 -215.049 1.05302
914.935 -214.728 1.0468
914.854 -214.411 1.04045
914.771 -214.096 1.03425
914.69 -213.784 1.02797
914.634 -213.482 1.02031
914.599 -213.189 1.01149
914.575 -212.901 1.00202
914.549 -212.613 0.992691
914.525 -212.328 0.983206
914.498 -212.044 0.973837
914.472 -211.761 0.964409
914.447 -211.479 0.954937
914.414 -211.197 0.945897
914.198 -210.872 0.947333
913.946 -210.543 0.951015
913.701 -210.22 0.954383
886.331 -203.89 2.54746
886.267 -203.812 2.5486
886.204 -203.736 2.54971
886.142 -203.661 2.55078
886.081 -203.588 2.55181
886.021 -203.515 2.55282
885.962 -203.444 2.55378
885.904 -203.374 2.55472
885.846 -203.305 2.55562
885.79 -203.237 2.5565
885.735 -203.171 2.55734
885.68 -203.105 2.55816
885.626 -203.04 2.55894
885.574 -202.977 2.5597
885.521 -202.914 2.56043
885.47 -202.852 2.56114
885.419 -202.791 2.56182
885.369 -202.731 2.56248
885.32 -202.672 2.56311
885.271 -202.614 2.56371
885.223 -202.556 2.5643
885.176 -202.499 2.56486
885.129 -202.443 2.5654
885.083 -202.388 2.56591
885.038 -202.333 2.56641
884.993 -202.279 2.56689
884.948 -202.226 2.56734
884.905 -202.173 2.56778
884.861 -202.121 2.56819
884.819 -202.07 2.56859
884.776 -202.019 2.56896
884.734 -201.969 2.56932
884.693 -201.92 2.56966
884.652 -201.871 2.56999
884.612 -201.822 2.57029
884.572 -201.775 2.57058
884.532 -201.727 2.57085
884.493 -201.68 2.5711
884.454 -201.634 2.57134
884.416 -201.588 2.57157
884.378 -201.543 2.57177
884.341 -201.498 2.57196
884.303 -201.453 2.57214
884.267 -201.409 2.5723
884.23 -201.366 2.57245
884.194 -201.323 2.57258
893.145 -223.367 2.51805
880.786 -206.269 2.94719
889.833 -218.318 2.62662
889.832 -218.08 2.62338
880.892 -206.224 2.9408
889.828 -217.618 2.61695
889.827 -217.393 2.61375
889.825 -217.172 2.61057
889.824 -216.954 2.60741
889.822 -216.741 2.60425
889.821 -216.531 2.60111
889.819 -216.325 2.59798
889.817 -216.122 2.59486
889.816 -215.922 2.59175
889.814 -215.725 2.58865
889.813 -215.532 2.58557
889.811 -215.342 2.58249
889.81 -215.154 2.57941
889.808 -214.969 2.57635
889.807 -214.787 2.57329
889.805 -214.608 2.57024
889.804 -214.431 2.5672
889.802 -214.257 2.56417
889.801 -214.086 2.56114
889.799 -213.916 2.55811
889.798 -213.749 2.55509
889.796 -213.585 2.55208
889.795 -213.422 2.54907
889.793 -213.262 2.54606
889.791 -213.103 2.54306
889.79 -212.947 2.54005
889.789 -212.793 2.53706
889.792 -212.644 2.53387
889.83 -212.528 2.52913
889.882 -212.425 2.52379
890.057 -212.425 2.51306
890.234 -212.425 2.50211
890.277 -209.653 2.43311
890.277 -209.532 2.42987
890.385 -209.477 2.42123
890.479 -209.412 2.41324
890.625 -209.376 2.40258
890.758 -209.33 2.39252
890.758 -209.21 2.38912
890.758 -209.091 2.38572
890.758 -208.973 2.38231
890.932 -208.947 2.36989
891.16 -208.947 2.35454
891.386 -208.942 2.33925
891.627 -208.942 2.32298
891.875 -208.942 2.30621
892.113 -208.934 2.28986
892.393 -208.942 2.27109
892.664 -208.942 2.25268
892.943 -208.942 2.23368
919.609 -220.738 0.787955
919.601 -220.385 0.777214
919.576 -220.026 0.767305
919.479 -219.639 0.761379
919.315 -219.228 0.759182
915.012 -217.142 0.986284
914.586 -216.669 0.999909
914.378 -216.29 1.00146
914.301 -215.967 0.995766
914.225 -215.646 0.990043
914.149 -215.327 0.984325
914.075 -215.013 0.978488
913.998 -214.7 0.972803
913.927 -214.391 0.966799
913.884 -214.095 0.959146
913.853 -213.804 0.950797
913.833 -213.518 0.941838
913.811 -213.234 0.932881
913.79 -212.951 0.923885
913.767 -212.669 0.914978
913.726 -212.384 0.907134
913.667 -212.095 0.900349
913.473 -211.771 0.901638
913.232 -211.438 0.905841
912.997 -211.112 0.909781
912.767 -210.791 0.913523
912.535 -210.474 0.917465
912.309 -210.163 0.921104
912.087 -209.857 0.924652
886.309 -203.886 2.51756
886.245 -203.809 2.51897
886.182 -203.733 2.52033
886.121 -203.659 2.52165
886.06 -203.585 2.52293
886 -203.513 2.52417
885.941 -203.442 2.52537
885.884 -203.372 2.52654
885.827 -203.304 2.52766
885.771 -203.236 2.52876
885.716 -203.17 2.52981
885.661 -203.104 2.53084
885.608 -203.04 2.53183
885.555 -202.976 2.53279
885.503 -202.913 2.53372
885.452 -202.852 2.53462
885.402 -202.791 2.53549
885.352 -202.731 2.53633
885.303 -202.672 2.53714
885.255 -202.614 2.53793
885.207 -202.556 2.53868
885.16 -202.499 2.53942
885.113 -202.443 2.54012
885.067 -202.388 2.5408
885.022 -202.334 2.54146
884.977 -202.28 2.54209
884.933 -202.227 2.5427
884.889 -202.174 2.54329
884.846 -202.122 2.54385
884.804 -202.071 2.54439
884.761 -202.021 2.54491
884.72 -201.971 2.54541
884.679 -201.921 2.54589
884.638 -201.872 2.54634
884.598 -201.824 2.54678
884.558 -201.776 2.5472
884.518 -201.729 2.5476
884.479 -201.682 2.54798
884.441 -201.636 2.54834
884.403 -201.59 2.54868
884.365 -201.545 2.549
884.327 -201.5 2.54931
884.29 -201.456 2.5496
884.254 -201.412 2.54987
884.217 -201.368 2.55013
884.181 -201.325 2.55037
884.146 -201.282 2.55059
880.772 -206.252 2.92904
880.807 -206.237 2.92691
880.843 -206.222 2.92475
880.878 -206.207 2.92258
889.794 -217.58 2.54897
889.793 -217.356 2.54639
889.792 -217.136 2.54381
889.791 -216.919 2.54123
889.789 -216.707 2.53865
889.788 -216.498 2.53607
889.787 -216.292 2.53349
889.785 -216.09 2.5309
889.784 -215.891 2.52832
889.783 -215.695 2.52574
889.782 -215.502 2.52315
889.78 -215.313 2.52056
889.779 -215.126 2.51797
889.778 -214.942 2.51538
889.776 -214.76 2.51279
889.775 -214.582 2.51019
889.774 -214.406 2.50759
889.773 -214.232 2.50499
889.771 -214.061 2.50238
889.77 -213.892 2.49977
889.769 -213.726 2.49716
889.767 -213.562 2.49454
889.766 -213.4 2.49192
889.765 -213.24 2.4893
889.763 -213.082 2.48667
889.762 -212.926 2.48404
889.761 -212.772 2.4814
889.79 -212.648 2.47727
889.829 -212.532 2.4727
889.878 -212.425 2.46764
890.052 -212.425 2.45645
890.229 -212.425 2.44503
928.029 -234.067 0.39854
927.605 -233.309 0.409117
927.158 -232.55 0.421053
890.277 -209.656 2.38127
890.277 -209.536 2.37825
890.379 -209.477 2.36969
890.585 -209.477 2.35547
890.719 -209.433 2.34504
890.758 -209.334 2.33979
890.758 -209.214 2.3366
890.758 -209.095 2.3334
890.758 -208.976 2.33019
890.925 -208.947 2.31762
891.154 -208.947 2.30157
891.379 -208.942 2.2856
891.62 -208.942 2.26858
891.868 -208.942 2.25105
892.123 -208.942 2.23297
892.396 -208.947 2.21371
892.667 -208.947 2.19445
892.946 -208.947 2.17456
918.403 -220.209 0.696827
915.23 -218.475 0.870929
914.003 -217.635 0.932933
913.702 -217.208 0.94123
913.587 -216.865 0.938686
913.518 -216.543 0.933485
913.447 -216.224 0.92831
913.378 -215.909 0.923081
913.307 -215.595 0.917916
913.238 -215.285 0.912666
913.172 -214.978 0.907251
913.139 -214.686 0.899746
913.122 -214.401 0.891335
913.105 -214.118 0.882798
913.087 -213.836 0.874349
913.07 -213.556 0.865738
913.027 -213.269 0.858758
912.944 -212.971 0.854248
912.744 -212.641 0.857061
912.521 -212.307 0.861396
912.296 -211.978 0.865904
912.079 -211.655 0.870041
911.862 -211.337 0.874176
911.645 -211.023 0.878412
911.436 -210.715 0.882248
911.226 -210.411 0.886166
911.016 -210.111 0.89015
910.814 -209.816 0.893768
910.611 -209.526 0.897423
886.287 -203.883 2.48781
886.224 -203.806 2.48948
886.161 -203.73 2.49109
886.1 -203.656 2.49266
886.039 -203.583 2.49418
885.98 -203.511 2.49566
885.921 -203.44 2.49709
885.864 -203.37 2.49848
885.807 -203.302 2.49983
885.752 -203.235 2.50114
885.697 -203.168 2.50241
885.643 -203.103 2.50364
885.589 -203.039 2.50484
885.537 -202.975 2.506
885.485 -202.913 2.50712
885.434 -202.851 2.50821
885.384 -202.79 2.50927
885.335 -202.731 2.51029
885.286 -202.672 2.51129
885.238 -202.614 2.51225
885.19 -202.556 2.51318
885.143 -202.5 2.51408
885.097 -202.444 2.51495
885.051 -202.389 2.51579
885.006 -202.334 2.51661
884.962 -202.28 2.5174
884.918 -202.227 2.51816
884.874 -202.175 2.51889
884.831 -202.123 2.5196
884.789 -202.072 2.52029
884.747 -202.022 2.52095
884.705 -201.972 2.52159
884.664 -201.922 2.5222
884.624 -201.874 2.52279
884.584 -201.825 2.52336
884.544 -201.778 2.52391
884.505 -201.73 2.52443
884.466 -201.684 2.52493
884.427 -201.638 2.52541
884.389 -201.592 2.52588
884.352 -201.547 2.52632
884.314 -201.502 2.52674
884.278 -201.458 2.52714
884.241 -201.414 2.52752
884.205 -201.37 2.52789
884.169 -201.327 2.52823
884.133 -201.285 2.52856
884.098 -201.242 2.52887
880.806 -206.237 2.90829
880.842 -206.222 2.9061
880.877 -206.207 2.90389
889.761 -217.542 2.48132
889.76 -217.319 2.47935
889.759 -217.1 2.47736
889.758 -216.884 2.47537
889.757 -216.673 2.47335
889.756 -216.464 2.47133
889.755 -216.261 2.46925
889.755 -216.06 2.46715
889.755 -215.863 2.46504
889.755 -215.669 2.46291
889.755 -215.478 2.46077
889.755 -215.29 2.45862
889.755 -215.105 2.45645
889.755 -214.923 2.45427
889.755 -214.743 2.45208
889.755 -214.566 2.44988
889.755 -214.392 2.44766
889.755 -214.22 2.44543
889.755 -214.05 2.44319
889.755 -213.883 2.44093
889.755 -213.718 2.43866
889.755 -213.555 2.43638
889.755 -213.394 2.43409
889.755 -213.235 2.43178
889.755 -213.079 2.42946
889.755 -212.924 2.42713
889.755 -212.772 2.42479
889.789 -212.651 2.42065
889.828 -212.535 2.41625
889.873 -212.425 2.41149
890.047 -212.425 2.39984
890.225 -212.425 2.38795
897.747 -216.004 1.93853
926.821 -235.778 0.311017
926.469 -235.037 0.32028
926.069 -234.275 0.332385
925.651 -233.516 0.345531
925.246 -232.776 0.35816
924.844 -232.052 0.370658
924.457 -231.348 0.382499
922.175 -229.485 0.503062
890.277 -209.66 2.32941
890.277 -209.539 2.3266
890.374 -209.477 2.31818
890.579 -209.477 2.30334
890.719 -209.436 2.29224
890.758 -209.337 2.28704
890.758 -209.217 2.28405
890.758 -209.098 2.28105
890.758 -208.98 2.27803
890.919 -208.947 2.26537
891.147 -208.947 2.24862
891.372 -208.942 2.23197
891.623 -208.947 2.21361
891.871 -208.947 2.19529
892.126 -208.947 2.17641
892.389 -208.947 2.15693
892.659 -208.947 2.13682
892.938 -208.947 2.11606
912.874 -217.743 0.881666
912.81 -217.421 0.877041
912.748 -217.102 0.872316
912.684 -216.786 0.867696
912.621 -216.472 0.862933
912.556 -216.161 0.858308
912.494 -215.853 0.853512
912.446 -215.553 0.847803
912.42 -215.264 0.84066
912.405 -214.981 0.832781
912.391 -214.7 0.824753
912.379 -214.421 0.816594
912.338 -214.134 0.81029
912.233 -213.826 0.808127
912.016 -213.485 0.813218
911.807 -213.15 0.817876
911.597 -212.819 0.822617
911.388 -212.493 0.827407
911.188 -212.174 0.83168
910.984 -211.859 0.836228
910.781 -211.547 0.840737
910.588 -211.243 0.844712
910.39 -210.941 0.849021
910.194 -210.643 0.85327
910.003 -210.351 0.857237
904.583 -208.746 1.21806
909.624 -209.778 0.865061
909.438 -209.497 0.868859
886.33 -203.958 2.45622
886.265 -203.88 2.4582
886.202 -203.803 2.46012
886.14 -203.728 2.46198
886.079 -203.653 2.4638
886.019 -203.58 2.46556
885.96 -203.509 2.46727
885.901 -203.438 2.46893
885.844 -203.369 2.47055
885.788 -203.3 2.47212
885.732 -203.233 2.47364
885.678 -203.167 2.47512
885.624 -203.102 2.47656
885.571 -203.038 2.47796
885.519 -202.974 2.47931
885.467 -202.912 2.48063
885.417 -202.851 2.48191
885.367 -202.79 2.48315
885.317 -202.73 2.48436
885.269 -202.672 2.48553
885.221 -202.613 2.48667
885.174 -202.556 2.48777
885.127 -202.5 2.48883
885.081 -202.444 2.48987
885.035 -202.389 2.49088
884.99 -202.335 2.49185
884.946 -202.281 2.49279
884.902 -202.228 2.49371
884.859 -202.176 2.49459
884.816 -202.124 2.49545
884.774 -202.073 2.49627
884.732 -202.023 2.49708
884.691 -201.973 2.49785
884.65 -201.924 2.4986
884.61 -201.875 2.49932
884.57 -201.827 2.50002
884.53 -201.779 2.50069
884.491 -201.732 2.50134
884.452 -201.686 2.50197
884.414 -201.639 2.50257
884.376 -201.594 2.50315
884.339 -201.549 2.50371
884.301 -201.504 2.50424
884.265 -201.46 2.50475
884.228 -201.416 2.50524
884.192 -201.373 2.50572
884.156 -201.33 2.50617
884.121 -201.287 2.5066
884.086 -201.245 2.50701
884.051 -201.203 2.5074
880.84 -206.222 2.88745
880.876 -206.207 2.8852
889.755 -217.541 2.41249
889.755 -217.32 2.41108
889.755 -217.102 2.40964
889.755 -216.887 2.40818
889.755 -216.677 2.40669
889.755 -216.47 2.40517
889.755 -216.266 2.40363
889.755 -216.066 2.40206
889.755 -215.868 2.40047
889.755 -215.674 2.39885
889.755 -215.483 2.3972
889.755 -215.295 2.39554
889.755 -215.11 2.39385
889.755 -214.928 2.39213
889.755 -214.748 2.3904
889.755 -214.571 2.38864
889.755 -214.396 2.38686
889.755 -214.224 2.38506
889.755 -214.054 2.38323
889.755 -213.887 2.38139
889.755 -213.722 2.37952
889.755 -213.559 2.37764
889.755 -213.398 2.37573
889.755 -213.24 2.3738
889.755 -213.083 2.37185
889.755 -212.929 2.36988
889.755 -212.776 2.3679
889.788 -212.654 2.36401
889.827 -212.538 2.35977
889.868 -212.425 2.35536
890.042 -212.425 2.34325
889.021 -211.43 2.40004
888.953 -211.241 2.40198
888.887 -211.057 2.40384
888.822 -210.876 2.40563
888.759 -210.699 2.40734
888.697 -210.527 2.40897
888.637 -210.358 2.41053
888.577 -210.192 2.41202
888.519 -210.031 2.41345
888.462 -209.872 2.41481
888.411 -209.72 2.4158
888.377 -209.583 2.4158
888.343 -209.447 2.4158
888.309 -209.312 2.4158
888.275 -209.18 2.4158
888.24 -209.049 2.4158
888.206 -208.92 2.4158
888.172 -208.793 2.4158
888.138 -208.667 2.4158
888.103 -208.543 2.4158
919.512 -227.852 0.483383
890.277 -209.663 2.27752
890.277 -209.543 2.27493
890.368 -209.477 2.26668
890.573 -209.477 2.25123
890.558 -209.348 2.24949
890.758 -209.341 2.23426
890.758 -209.22 2.23147
890.758 -209.101 2.22867
890.137 -208.651 2.26514
890.912 -208.947 2.21315
891.141 -208.947 2.1957
891.375 -208.947 2.17773
891.616 -208.947 2.15922
891.864 -208.947 2.14014
892.119 -208.947 2.12047
892.381 -208.947 2.10017
892.633 -208.939 2.0804
892.977 -208.969 2.0545
911.932 -217.33 0.808104
911.877 -217.019 0.803782
911.818 -216.71 0.799707
911.763 -216.404 0.795332
911.722 -216.107 0.789977
911.71 -215.824 0.782695
911.701 -215.545 0.775125
911.69 -215.266 0.767616
911.652 -214.978 0.761911
911.49 -214.646 0.764551
911.289 -214.303 0.769915
911.088 -213.966 0.775271
910.896 -213.636 0.78005
910.7 -213.308 0.785203
910.507 -212.986 0.790146
910.32 -212.67 0.794729
910.129 -212.357 0.799587
909.943 -212.05 0.804209
905.06 -210.316 1.13756
904.976 -210.082 1.13625
904.644 -209.779 1.15244
904.478 -209.528 1.15707
903.86 -209.156 1.19379
903.743 -208.929 1.19511
903.772 -208.741 1.18597
903.95 -208.592 1.16604
904.093 -208.432 1.14849
904.172 -208.255 1.13549
886.307 -203.955 2.42648
886.243 -203.877 2.42871
886.18 -203.8 2.43089
886.119 -203.725 2.433
886.058 -203.651 2.43506
885.998 -203.578 2.43706
885.939 -203.507 2.439
885.881 -203.436 2.44089
885.825 -203.367 2.44273
885.769 -203.299 2.44452
885.713 -203.232 2.44625
885.659 -203.166 2.44795
885.606 -203.101 2.44959
885.553 -203.037 2.45119
885.501 -202.973 2.45274
885.45 -202.911 2.45425
885.399 -202.85 2.45571
885.35 -202.79 2.45714
885.3 -202.73 2.45853
885.252 -202.671 2.45987
885.204 -202.613 2.46118
885.157 -202.556 2.46245
885.111 -202.5 2.46369
885.065 -202.444 2.46489
885.02 -202.389 2.46605
884.975 -202.335 2.46718
884.931 -202.282 2.46828
884.887 -202.229 2.46934
884.844 -202.177 2.47037
884.801 -202.125 2.47137
884.759 -202.074 2.47235
884.717 -202.024 2.47329
884.676 -201.974 2.4742
884.636 -201.925 2.47508
884.595 -201.876 2.47593
884.556 -201.828 2.47676
884.516 -201.781 2.47756
884.477 -201.734 2.47833
884.439 -201.687 2.47908
884.401 -201.641 2.4798
884.363 -201.596 2.4805
884.326 -201.551 2.48117
884.289 -201.506 2.48182
884.252 -201.462 2.48244
884.216 -201.418 2.48304
884.18 -201.375 2.48362
884.144 -201.332 2.48417
884.109 -201.289 2.4847
884.074 -201.247 2.48521
884.039 -201.206 2.4857
884.005 -201.164 2.48617
 ] }
 color Color { color [
0.487101 0 0.512899
0.0536521 0 0.946348
0.547389 0 0.452611
0.566154 0 0.433846
0.472893 0 0.527107
0.472911 0 0.527089
0.148494 0 0.851506
0.148092 0 0.851908
0.459637 0 0.540363
0.478119 0 0.521881
0.487034 0 0.512966
0.0536378 0 0.946362
0.5473 0 0.4527
0.565961 0 0.434039
0.472905 0 0.527095
0.472828 0 0.527172
0.1485 0 0.8515
0.148029 0 0.851972
0.45973 0 0.54027
0.4781 0 0.5219
0.287077 0 0.712923
0.486982 0 0.513018
0.0536244 0 0.946376
0.547218 0 0.452782
0.56578 0 0.43422
0.472926 0 0.527074
0.472754 0 0.527246
0.148169 0 0.851831
0.16156 0 0.83844
0.459865 0 0.540135
0.461256 0 0.538744
0.478095 0 0.521905
0.287159 0 0.712841
0.28573 0 0.71427
0.486948 0 0.513052
0.0536115 0 0.946389
0.547146 0 0.452854
0.514484 0 0.485516
0.565613 0 0.434387
0.472956 0 0.527044
0.472689 0 0.527311
0.14811 0 0.85189
0.161592 0 0.838408
0.161173 0 0.838827
0.460052 0 0.539948
0.460666 0 0.539334
0.478108 0 0.521892
0.287249 0 0.712751
0.285759 0 0.714241
0.285722 0 0.714278
0.486932 0 0.513068
0.0535992 0 0.946401
0.547081 0 0.452919
0.514304 0 0.485696
0.582472 0 0.417528
0.565461 0 0.434539
0.472997 0 0.527003
0.472634 0 0.527366
0.148054 0 0.851946
0.162171 0 0.837829
0.161788 0 0.838212
0.460303 0 0.539697
0.460356 0 0.539644
0.478136 0 0.521864
0.548903 0 0.451097
0.287347 0 0.712653
0.285792 0 0.714208
0.285727 0 0.714273
0.287011 0 0.712989
0.486933 0 0.513067
0.0535881 0 0.946412
0.547025 0 0.452975
0.514197 0 0.485803
0.581908 0 0.418092
0.565323 0 0.434677
0.473046 0 0.526954
0.472587 0 0.527413
0.148017 0 0.851983
0.162185 0 0.837815
0.161603 0 0.838397
0.460652 0 0.539348
0.460153 0 0.539847
0.47818 0 0.52182
0.59453 0 0.40547
0.579947 0 0.420053
0.504287 0 0.495713
0.495288 0 0.504712
0.493105 0 0.506895
0.49122 0 0.50878
0.287451 0 0.712549
0.28583 0 0.71417
0.285737 0 0.714263
0.28697 0 0.71303
0.486371 0 0.513629
0.486955 0 0.513045
0.0535771 0 0.946423
0.546979 0 0.453021
0.514127 0 0.485873
0.581552 0 0.418448
0.565206 0 0.434794
0.473106 0 0.526894
0.472549 0 0.527451
0.148033 0 0.851967
0.162446 0 0.837554
0.461221 0 0.538779
0.46002 0 0.53998
0.47824 0 0.52176
0.599625 0 0.400375
0.597549 0 0.402451
0.59461 0 0.40539
0.591655 0 0.408345
0.588801 0 0.411199
0.58391 0 0.41609
0.57522 0 0.42478
0.561237 0 0.438763
0.488113 0 0.511887
0.483813 0 0.516187
0.481932 0 0.518068
0.480117 0 0.519883
0.478429 0 0.521571
0.477463 0 0.522537
0.476689 0 0.523311
0.287566 0 0.712434
0.285872 0 0.714128
0.285749 0 0.714251
0.286935 0 0.713065
0.47313 0 0.52687
0.472502 0 0.527498
0.487 0 0.513
0.0535668 0 0.946433
0.546943 0 0.453057
0.514082 0 0.485918
0.581292 0 0.418708
0.565107 0 0.434893
0.473176 0 0.526824
0.472519 0 0.527481
0.148049 0 0.851951
0.14994 0 0.85006
0.162864 0 0.837136
0.459937 0 0.540063
0.478317 0 0.521683
0.593717 0 0.406283
0.5854 0 0.4146
0.583927 0 0.416073
0.58172 0 0.41828
0.578877 0 0.421123
0.576009 0 0.423991
0.573082 0 0.426918
0.567674 0 0.432326
0.557141 0 0.442859
0.499763 0 0.500237
0.476155 0 0.523845
0.47336 0 0.52664
0.471488 0 0.528512
0.46966 0 0.53034
0.468107 0 0.531893
0.46709 0 0.53291
0.466282 0 0.533718
0.465468 0 0.534532
0.464713 0 0.535287
0.463955 0 0.536045
0.287689 0 0.712311
0.285918 0 0.714082
0.285767 0 0.714233
0.286907 0 0.713093
0.460597 0 0.539403
0.459996 0 0.540004
0.459424 0 0.540576
0.487072 0 0.512928
0.0535577 0 0.946442
0.546916 0 0.453084
0.514059 0 0.485941
0.5811 0 0.4189
0.565037 0 0.434963
0.473256 0 0.526744
0.472497 0 0.527503
0.148068 0 0.851932
0.149889 0 0.850111
0.159448 0 0.840552
0.161657 0 0.838343
0.161327 0 0.838673
0.157391 0 0.842609
0.159461 0 0.840539
0.161593 0 0.838407
0.16391 0 0.83609
0.166389 0 0.833611
0.168951 0 0.831049
0.459898 0 0.540102
0.478411 0 0.521589
0.587682 0 0.412318
0.574502 0 0.425498
0.570778 0 0.429222
0.569238 0 0.430762
0.567021 0 0.432979
0.56419 0 0.43581
0.561382 0 0.438618
0.558263 0 0.441737
0.552385 0 0.447615
0.540328 0 0.459672
0.471404 0 0.528596
0.465644 0 0.534356
0.463548 0 0.536452
0.461694 0 0.538306
0.45986 0 0.54014
0.458356 0 0.541644
0.457328 0 0.542672
0.456501 0 0.543499
0.455658 0 0.544342
0.454879 0 0.545121
0.454087 0 0.545913
0.453351 0 0.546649
0.4526 0 0.5474
0.451907 0 0.548093
0.287824 0 0.712176
0.285968 0 0.714032
0.285789 0 0.714211
0.286884 0 0.713116
0.448711 0 0.551289
0.44814 0 0.55186
0.447595 0 0.552405
0.447066 0 0.552934
0.487183 0 0.512817
0.0535487 0 0.946451
0.546899 0 0.453101
0.514054 0 0.485946
0.580965 0 0.419035
0.565011 0 0.434989
0.473347 0 0.526653
0.472485 0 0.527515
0.148089 0 0.851911
0.14984 0 0.85016
0.15015 0 0.84985
0.149571 0 0.850429
0.149084 0 0.850916
0.148567 0 0.851433
0.150551 0 0.849449
0.152598 0 0.847402
0.154708 0 0.845292
0.157014 0 0.842986
0.159263 0 0.840737
0.161584 0 0.838416
0.163983 0 0.836017
0.166461 0 0.833539
0.169024 0 0.830976
0.459898 0 0.540102
0.591925 0 0.408075
0.581742 0 0.418258
0.571071 0 0.428929
0.558589 0 0.441411
0.478523 0 0.521477
0.480215 0 0.519785
0.553212 0 0.446788
0.550471 0 0.449529
0.547725 0 0.452275
0.543986 0 0.456014
0.537103 0 0.462897
0.497345 0 0.502655
0.460247 0 0.539753
0.456199 0 0.543801
0.454327 0 0.545673
0.452467 0 0.547533
0.450675 0 0.549325
0.44908 0 0.55092
0.448188 0 0.551812
0.447305 0 0.552695
0.446449 0 0.553551
0.445626 0 0.554374
0.444809 0 0.555191
0.44404 0 0.55596
0.443271 0 0.556729
0.442544 0 0.557456
0.441828 0 0.558172
0.441139 0 0.558861
0.440452 0 0.559548
0.287972 0 0.712028
0.286023 0 0.713977
0.285815 0 0.714185
0.286867 0 0.713133
0.436865 0 0.563135
0.435001 0 0.564999
0.431253 0 0.568747
0.427532 0 0.572468
0.423956 0 0.576044
0.063035 0 0.936965
0.0535404 0 0.94646
0.546892 0 0.453108
0.514064 0 0.485936
0.580883 0 0.419117
0.565139 0 0.434861
0.47345 0 0.52655
0.15269 0 0.84731
0.152062 0 0.847938
0.148111 0 0.851889
0.149793 0 0.850207
0.150253 0 0.849747
0.149674 0 0.850326
0.149106 0 0.850894
0.14864 0 0.85136
0.150625 0 0.849375
0.152672 0 0.847328
0.154782 0 0.845218
0.15696 0 0.84304
0.158877 0 0.841123
0.161229 0 0.838771
0.163805 0 0.836195
0.16628 0 0.83372
0.16896 0 0.83104
0.459935 0 0.540065
0.593949 0 0.406051
0.58506 0 0.41494
0.576212 0 0.423788
0.565751 0 0.434249
0.555594 0 0.444406
0.545742 0 0.454258
0.544243 0 0.455757
0.542598 0 0.457402
0.540294 0 0.459706
0.478655 0 0.521345
0.479757 0 0.520243
0.530644 0 0.469356
0.521937 0 0.478063
0.459762 0 0.540238
0.449709 0 0.550291
0.447509 0 0.55249
0.445619 0 0.554381
0.443808 0 0.556192
0.441991 0 0.558009
0.440567 0 0.559433
0.439564 0 0.560436
0.438658 0 0.561342
0.437789 0 0.562211
0.436929 0 0.563071
0.436105 0 0.563895
0.435276 0 0.564724
0.434504 0 0.565496
0.433724 0 0.566276
0.432982 0 0.567018
0.432261 0 0.567739
0.431559 0 0.568441
0.430883 0 0.569117
0.430237 0 0.569763
0.429588 0 0.570412
0.288135 0 0.711865
0.286082 0 0.713918
0.285845 0 0.714155
0.286856 0 0.713144
0.415877 0 0.584123
0.412421 0 0.587579
0.40905 0 0.59095
0.405708 0 0.594292
0.402505 0 0.597495
0.399297 0 0.600703
0.063134 0 0.936866
0.0535333 0 0.946467
0.546898 0 0.453102
0.23846 0 0.76154
0.239929 0 0.760071
0.514089 0 0.485911
0.580856 0 0.419144
0.473566 0 0.526434
0.153213 0 0.846787
0.152087 0 0.847913
0.148135 0 0.851865
0.149748 0 0.850252
0.150277 0 0.849723
0.149698 0 0.850302
0.14913 0 0.85087
0.148593 0 0.851407
0.150577 0 0.849423
0.152622 0 0.847378
0.154619 0 0.845381
0.156794 0 0.843206
0.159037 0 0.840963
0.161353 0 0.838647
0.163747 0 0.836253
0.16622 0 0.83378
0.168898 0 0.831102
0.460007 0 0.539993
0.587496 0 0.412504
0.578711 0 0.421289
0.570297 0 0.429703
0.560759 0 0.439241
0.550716 0 0.449284
0.536769 0 0.463231
0.533701 0 0.466299
0.5322 0 0.4678
0.530538 0 0.469462
0.528167 0 0.471833
0.525482 0 0.474518
0.522777 0 0.477223
0.517781 0 0.482219
0.478808 0 0.521192
0.446597 0 0.553403
0.441259 0 0.558741
0.439287 0 0.560713
0.437438 0 0.562562
0.435617 0 0.564383
0.433838 0 0.566162
0.432479 0 0.567521
0.431426 0 0.568574
0.430518 0 0.569482
0.4296 0 0.5704
0.428732 0 0.571268
0.427889 0 0.572111
0.427056 0 0.572944
0.42623 0 0.57377
0.425454 0 0.574546
0.424665 0 0.575335
0.423922 0 0.576078
0.423189 0 0.576811
0.422472 0 0.577528
0.421797 0 0.578203
0.421014 0 0.578986
0.419023 0 0.580977
0.415402 0 0.584598
0.411825 0 0.588175
0.288315 0 0.711685
0.286146 0 0.713854
0.285879 0 0.714121
0.28685 0 0.71315
0.395196 0 0.604804
0.392052 0 0.607948
0.389032 0 0.610968
0.386002 0 0.613998
0.383093 0 0.616907
0.380205 0 0.619795
0.377354 0 0.622646
0.0535261 0 0.946474
0.241513 0 0.758487
0.2395 0 0.7605
0.237531 0 0.762469
0.235607 0 0.764393
0.233927 0 0.766073
0.235372 0 0.764628
0.236847 0 0.763153
0.238351 0 0.761649
0.239887 0 0.760113
0.514128 0 0.485872
0.169674 0 0.830326
0.168392 0 0.831608
0.167277 0 0.832723
0.166184 0 0.833816
0.165113 0 0.834887
0.164063 0 0.835937
0.163035 0 0.836965
0.162027 0 0.837973
0.163102 0 0.836898
0.473693 0 0.526307
0.153176 0 0.846824
0.152113 0 0.847887
0.148161 0 0.851839
0.149705 0 0.850295
0.150303 0 0.849697
0.149724 0 0.850276
0.149156 0 0.850844
0.1486 0 0.8514
0.15053 0 0.84947
0.152574 0 0.847426
0.15457 0 0.84543
0.156743 0 0.843257
0.158985 0 0.841015
0.161299 0 0.838701
0.16369 0 0.83631
0.166162 0 0.833838
0.168838 0 0.831162
0.460113 0 0.539887
0.581943 0 0.418057
0.572792 0 0.427208
0.564463 0 0.435537
0.556096 0 0.443904
0.546216 0 0.453784
0.53664 0 0.46336
0.523902 0 0.476098
0.522373 0 0.477627
0.520856 0 0.479144
0.519244 0 0.480756
0.516744 0 0.483256
0.514134 0 0.485866
0.511281 0 0.488719
0.50539 0 0.49461
0.455767 0 0.544233
0.436828 0 0.563172
0.433473 0 0.566527
0.431531 0 0.568469
0.42971 0 0.57029
0.427878 0 0.572122
0.426152 0 0.573848
0.424749 0 0.575251
0.423774 0 0.576226
0.422832 0 0.577168
0.421913 0 0.578087
0.421001 0 0.578999
0.420137 0 0.579863
0.419265 0 0.580735
0.418448 0 0.581552
0.417615 0 0.582385
0.41684 0 0.58316
0.416048 0 0.583952
0.415312 0 0.584688
0.414563 0 0.585437
0.4137 0 0.5863
0.411761 0 0.588239
0.408295 0 0.591705
0.40479 0 0.59521
0.40135 0 0.59865
0.398054 0 0.601946
0.394767 0 0.605233
0.391563 0 0.608437
0.288519 0 0.711481
0.286213 0 0.713787
0.285918 0 0.714082
0.28685 0 0.71315
0.376485 0 0.623515
0.373636 0 0.626364
0.370892 0 0.629108
0.368138 0 0.631862
0.365438 0 0.634562
0.36105 0 0.63895
0.327166 0 0.672834
0.321787 0 0.678213
0.0535203 0 0.94648
0.241567 0 0.758433
0.239553 0 0.760447
0.237584 0 0.762416
0.235658 0 0.764342
0.233891 0 0.766109
0.235336 0 0.764664
0.23681 0 0.76319
0.238314 0 0.761686
0.181906 0 0.818094
0.180507 0 0.819493
0.179137 0 0.820863
0.177796 0 0.822204
0.176484 0 0.823516
0.175198 0 0.824802
0.17394 0 0.82606
0.172708 0 0.827292
0.171501 0 0.828499
0.17032 0 0.82968
0.169163 0 0.830837
0.168029 0 0.831971
0.166918 0 0.833082
0.165829 0 0.834171
0.164763 0 0.835237
0.163718 0 0.836282
0.162694 0 0.837306
0.161691 0 0.838309
0.162518 0 0.837481
0.473835 0 0.526165
0.15277 0 0.84723
0.152142 0 0.847858
0.148189 0 0.851811
0.149665 0 0.850335
0.150331 0 0.849669
0.149752 0 0.850248
0.149184 0 0.850816
0.148628 0 0.851372
0.150486 0 0.849514
0.152528 0 0.847472
0.154523 0 0.845477
0.156694 0 0.843306
0.158934 0 0.841066
0.161247 0 0.838753
0.163637 0 0.836363
0.166106 0 0.833894
0.16878 0 0.83122
0.460257 0 0.539743
0.590386 0 0.409614
0.567251 0 0.432749
0.558951 0 0.441049
0.550985 0 0.449015
0.541965 0 0.458035
0.532472 0 0.467528
0.523391 0 0.476609
0.513223 0 0.486777
0.51169 0 0.48831
0.510156 0 0.489844
0.508423 0 0.491577
0.505961 0 0.494039
0.503402 0 0.496598
0.499901 0 0.500099
0.492352 0 0.507648
0.434444 0 0.565556
0.428252 0 0.571748
0.426068 0 0.573932
0.424213 0 0.575787
0.422383 0 0.577617
0.420585 0 0.579415
0.418825 0 0.581175
0.41754 0 0.58246
0.416535 0 0.583465
0.415569 0 0.584431
0.414634 0 0.585366
0.413711 0 0.586289
0.412822 0 0.587178
0.411938 0 0.588062
0.411076 0 0.588924
0.410246 0 0.589754
0.409411 0 0.590589
0.408628 0 0.591372
0.40784 0 0.59216
0.407039 0 0.592961
0.405094 0 0.594906
0.40157 0 0.59843
0.398152 0 0.601848
0.394824 0 0.605176
0.391513 0 0.608487
0.38832 0 0.61168
0.385173 0 0.614827
0.382074 0 0.617926
0.379086 0 0.620914
0.376094 0 0.623906
0.37316 0 0.62684
0.288757 0 0.711243
0.286285 0 0.713715
0.285961 0 0.714038
0.286855 0 0.713145
0.359477 0 0.640523
0.356865 0 0.643135
0.353747 0 0.646253
0.318891 0 0.681109
0.313864 0 0.686136
0.30918 0 0.69082
0.304706 0 0.695294
0.263877 0 0.736123
0.262503 0 0.737497
0.0535147 0 0.946485
0.199031 0 0.800969
0.197248 0 0.802752
0.195507 0 0.804493
0.193805 0 0.806195
0.192141 0 0.807859
0.190515 0 0.809485
0.188925 0 0.811075
0.18737 0 0.81263
0.18585 0 0.81415
0.184362 0 0.815638
0.182907 0 0.817093
0.181483 0 0.818517
0.18009 0 0.81991
0.178727 0 0.821273
0.177392 0 0.822608
0.176086 0 0.823915
0.174806 0 0.825194
0.173554 0 0.826446
0.172328 0 0.827672
0.171126 0 0.828874
0.16995 0 0.83005
0.168798 0 0.831202
0.167669 0 0.832331
0.166562 0 0.833438
0.165479 0 0.834521
0.164417 0 0.835583
0.163377 0 0.836623
0.162357 0 0.837643
0.161358 0 0.838642
0.16249 0 0.83751
0.246186 0 0.753814
0.473992 0 0.526008
0.152801 0 0.847199
0.152172 0 0.847828
0.148218 0 0.851782
0.149626 0 0.850374
0.150361 0 0.849639
0.149781 0 0.850219
0.149213 0 0.850787
0.148657 0 0.851343
0.150444 0 0.849556
0.152484 0 0.847516
0.154478 0 0.845522
0.156647 0 0.843353
0.158886 0 0.841114
0.161197 0 0.838803
0.163585 0 0.836415
0.166053 0 0.833947
0.168725 0 0.831275
0.46044 0 0.53956
0.499029 0 0.500971
0.499397 0 0.500603
0.498896 0 0.501104
0.562001 0 0.437999
0.553834 0 0.446166
0.545918 0 0.454082
0.537938 0 0.462062
0.528657 0 0.471343
0.519591 0 0.480409
0.505268 0 0.494732
0.503142 0 0.496858
0.501595 0 0.498405
0.500111 0 0.499889
0.498338 0 0.501662
0.495804 0 0.504196
0.493207 0 0.506793
0.489021 0 0.510979
0.449807 0 0.550193
0.425405 0 0.574595
0.421122 0 0.578878
0.419109 0 0.580891
0.417284 0 0.582716
0.41545 0 0.58455
0.41368 0 0.58632
0.412006 0 0.587994
0.410704 0 0.589296
0.0890344 0 0.910966
0.08827 0 0.91173
0.0875199 0 0.91248
0.0867841 0 0.913216
0.0860624 0 0.913938
0.0853537 0 0.914646
0.0846589 0 0.915341
0.0839768 0 0.916023
0.0833067 0 0.916693
0.0826492 0 0.917351
0.082004 0 0.917996
0.0813704 0 0.91863
0.0807474 0 0.919253
0.0801365 0 0.919863
0.079536 0 0.920464
0.0789465 0 0.921054
0.0783664 0 0.921634
0.0777972 0 0.922203
0.0772379 0 0.922762
0.0766885 0 0.923312
0.0761481 0 0.923852
0.0756166 0 0.924383
0.0750947 0 0.924905
0.0745823 0 0.925418
0.0740777 0 0.925922
0.0735818 0 0.926418
0.0730943 0 0.926906
0.0726145 0 0.927386
0.072143 0 0.927857
0.0716798 0 0.92832
0.0712576 0 0.928742
0.0708491 0 0.929151
0.0704495 0 0.929551
0.070057 0 0.929943
0.0696726 0 0.930327
0.0692953 0 0.930705
0.0689259 0 0.931074
0.0685636 0 0.931436
0.0682082 0 0.931792
0.0678605 0 0.932139
0.206051 0 0.793949
0.204102 0 0.795898
0.05351 0 0.94649
0.200341 0 0.799659
0.198525 0 0.801475
0.196752 0 0.803248
0.195019 0 0.804981
0.193326 0 0.806674
0.191671 0 0.808329
0.190053 0 0.809947
0.188471 0 0.811529
0.186923 0 0.813077
0.18541 0 0.81459
0.18393 0 0.81607
0.182482 0 0.817518
0.181065 0 0.818936
0.179678 0 0.820322
0.17832 0 0.82168
0.176992 0 0.823008
0.175692 0 0.824308
0.174418 0 0.825582
0.173172 0 0.826828
0.17195 0 0.82805
0.170755 0 0.829245
0.169584 0 0.830416
0.168436 0 0.831564
0.167312 0 0.832688
0.166211 0 0.833789
0.165132 0 0.834868
0.164075 0 0.835925
0.163039 0 0.836961
0.162024 0 0.837976
0.161124 0 0.838876
0.162462 0 0.837538
0.246047 0 0.753953
0.474165 0 0.525835
0.152833 0 0.847167
0.152204 0 0.847796
0.14825 0 0.85175
0.149589 0 0.850411
0.150392 0 0.849608
0.149813 0 0.850187
0.149245 0 0.850755
0.148688 0 0.851312
0.150402 0 0.849598
0.152441 0 0.847559
0.154434 0 0.845566
0.156602 0 0.843398
0.158839 0 0.841161
0.161149 0 0.838851
0.163535 0 0.836465
0.166001 0 0.834
0.168671 0 0.831329
0.460671 0 0.539329
0.461644 0 0.538356
0.557243 0 0.442757
0.496512 0 0.503488
0.495417 0 0.504583
0.495956 0 0.504044
0.524932 0 0.475068
0.515972 0 0.484028
0.507316 0 0.492684
0.495736 0 0.504264
0.493616 0 0.506384
0.492094 0 0.507906
0.490563 0 0.509437
0.488608 0 0.511392
0.486189 0 0.513811
0.483365 0 0.516635
0.478064 0 0.521936
0.423541 0 0.576459
0.417269 0 0.582731
0.414501 0 0.585499
0.412526 0 0.587474
0.410708 0 0.589292
0.408885 0 0.591115
0.407134 0 0.592866
0.405439 0 0.594561
0.404241 0 0.595759
0.403206 0 0.596794
0.402229 0 0.597771
0.08899 0 0.91101
0.0882057 0 0.911794
0.0874391 0 0.912561
0.08669 0 0.91331
0.0859576 0 0.914042
0.0852422 0 0.914758
0.0845416 0 0.915458
0.0838571 0 0.916143
0.0831876 0 0.916812
0.0825325 0 0.917468
0.0818914 0 0.918109
0.0812642 0 0.918736
0.0806508 0 0.919349
0.0800496 0 0.91995
0.079462 0 0.920538
0.0788862 0 0.921114
0.0783222 0 0.921678
0.0777707 0 0.922229
0.07723 0 0.92277
0.0767007 0 0.923299
0.0761821 0 0.923818
0.075674 0 0.924326
0.0751762 0 0.924824
0.0746889 0 0.925311
0.074211 0 0.925789
0.0737432 0 0.926257
0.0732848 0 0.926715
0.0728349 0 0.927165
0.0723949 0 0.927605
0.0719632 0 0.928037
0.0715398 0 0.92846
0.0711247 0 0.928875
0.0707184 0 0.929282
0.0703202 0 0.92968
0.0699292 0 0.930071
0.0695463 0 0.930454
0.0691704 0 0.93083
0.0688025 0 0.931198
0.0684416 0 0.931558
0.0680876 0 0.931912
0.0677406 0 0.932259
0.0674006 0 0.932599
0.318693 0 0.681307
0.308999 0 0.691001
0.266523 0 0.733477
0.265314 0 0.734686
0.261834 0 0.738166
0.20551 0 0.79449
0.203572 0 0.796428
0.0535057 0 0.946494
0.199831 0 0.800169
0.198025 0 0.801975
0.19626 0 0.80374
0.194536 0 0.805464
0.192852 0 0.807148
0.191205 0 0.808795
0.189595 0 0.810405
0.18802 0 0.81198
0.18648 0 0.81352
0.184974 0 0.815026
0.183501 0 0.816499
0.18206 0 0.81794
0.180649 0 0.819351
0.17927 0 0.82073
0.177918 0 0.822082
0.176596 0 0.823404
0.175302 0 0.824698
0.174034 0 0.825966
0.172793 0 0.827207
0.171577 0 0.828423
0.170387 0 0.829613
0.16922 0 0.83078
0.168078 0 0.831922
0.16696 0 0.83304
0.165863 0 0.834137
0.164789 0 0.835211
0.163736 0 0.836264
0.162704 0 0.837296
0.161693 0 0.838307
0.1611 0 0.8389
0.162437 0 0.837563
0.163804 0 0.836196
0.245912 0 0.754088
0.474358 0 0.525642
0.152867 0 0.847133
0.152238 0 0.847762
0.148283 0 0.851717
0.149553 0 0.850447
0.150426 0 0.849574
0.149846 0 0.850154
0.149278 0 0.850722
0.148721 0 0.851279
0.150363 0 0.849637
0.152401 0 0.847599
0.154392 0 0.845608
0.156558 0 0.843442
0.158794 0 0.841205
0.161102 0 0.838898
0.163487 0 0.836513
0.165951 0 0.834049
0.168619 0 0.83138
0.55329 0 0.44671
0.460957 0 0.539043
0.46131 0 0.53869
0.529144 0 0.470856
0.521476 0 0.478524
0.494534 0 0.505466
0.493789 0 0.506211
0.4942 0 0.5058
0.486171 0 0.513829
0.484598 0 0.515401
0.483084 0 0.516916
0.481557 0 0.518443
0.479545 0 0.520455
0.477079 0 0.522921
0.47395 0 0.52605
0.441478 0 0.558522
0.415024 0 0.584976
0.410281 0 0.589719
0.408137 0 0.591863
0.406279 0 0.593721
0.404466 0 0.595534
0.402663 0 0.597337
0.400914 0 0.599086
0.39925 0 0.60075
0.398104 0 0.601896
0.397075 0 0.602925
0.396055 0 0.603945
0.395078 0 0.604922
0.39409 0 0.60591
0.0895807 0 0.910419
0.0887826 0 0.911217
0.0880016 0 0.911998
0.0872391 0 0.912761
0.0864933 0 0.913507
0.0857649 0 0.914235
0.0850521 0 0.914948
0.0843547 0 0.915645
0.0836734 0 0.916327
0.0830065 0 0.916993
0.0823545 0 0.917645
0.0817166 0 0.918283
0.0810919 0 0.918908
0.0804809 0 0.919519
0.0798829 0 0.920117
0.0792968 0 0.920703
0.0787242 0 0.921276
0.0781626 0 0.921837
0.0776127 0 0.922387
0.0770743 0 0.922926
0.0765474 0 0.923453
0.0760311 0 0.923969
0.0755252 0 0.924475
0.0750298 0 0.92497
0.074544 0 0.925456
0.0740684 0 0.925932
0.0736021 0 0.926398
0.0731452 0 0.926855
0.0726976 0 0.927302
0.0722591 0 0.927741
0.0718289 0 0.928171
0.071407 0 0.928593
0.0709941 0 0.929006
0.0705893 0 0.929411
0.0701917 0 0.929808
0.0698023 0 0.930198
0.0694207 0 0.930579
0.0690471 0 0.930953
0.0686799 0 0.93132
0.0683204 0 0.93168
0.0679679 0 0.932032
0.0676223 0 0.932378
0.0672829 0 0.932717
0.0669503 0 0.93305
0.309033 0 0.690967
0.266378 0 0.733622
0.264274 0 0.735726
0.261581 0 0.738419
0.204976 0 0.795024
0.203048 0 0.796952
0.0535025 0 0.946498
0.199325 0 0.800675
0.197529 0 0.802471
0.195774 0 0.804226
0.194058 0 0.805942
0.192382 0 0.807618
0.190743 0 0.809257
0.189141 0 0.810859
0.187574 0 0.812426
0.186042 0 0.813958
0.184543 0 0.815457
0.183077 0 0.816923
0.181643 0 0.818357
0.180239 0 0.819761
0.178865 0 0.821135
0.177521 0 0.822479
0.176204 0 0.823796
0.174915 0 0.825085
0.173654 0 0.826346
0.172418 0 0.827582
0.171208 0 0.828792
0.170023 0 0.829977
0.168861 0 0.831139
0.167724 0 0.832276
0.16661 0 0.83339
0.165518 0 0.834482
0.164449 0 0.835551
0.1634 0 0.8366
0.162373 0 0.837627
0.161366 0 0.838634
0.161077 0 0.838923
0.162413 0 0.837587
0.16378 0 0.83622
0.245861 0 0.754139
0.474574 0 0.525426
0.152904 0 0.847096
0.152275 0 0.847725
0.148209 0 0.851791
0.149529 0 0.850471
0.150462 0 0.849538
0.149881 0 0.850119
0.149313 0 0.850687
0.148756 0 0.851244
0.150326 0 0.849674
0.152362 0 0.847638
0.154352 0 0.845649
0.156516 0 0.843484
0.158751 0 0.841249
0.160867 0 0.839133
0.16344 0 0.83656
0.165903 0 0.834097
0.168569 0 0.831431
0.517767 0 0.482233
0.461322 0 0.538678
0.46113 0 0.53887
0.492649 0 0.507351
0.479717 0 0.520283
0.477618 0 0.522382
0.47609 0 0.52391
0.474544 0 0.525456
0.472998 0 0.527002
0.470855 0 0.529145
0.468384 0 0.531616
0.464489 0 0.535511
0.41414 0 0.58586
0.407397 0 0.592603
0.40403 0 0.59597
0.402177 0 0.597823
0.400326 0 0.599674
0.398538 0 0.601462
0.396753 0 0.603247
0.395009 0 0.604991
0.393558 0 0.606442
0.392326 0 0.607674
0.39126 0 0.60874
0.390238 0 0.609762
0.389235 0 0.610765
0.388241 0 0.611759
0.387288 0 0.612712
0.386325 0 0.613675
0.385389 0 0.614611
0.0893717 0 0.910628
0.0885769 0 0.911423
0.0878 0 0.9122
0.0870409 0 0.912959
0.0862984 0 0.913702
0.0855733 0 0.914427
0.0848638 0 0.915136
0.0841704 0 0.91583
0.0834916 0 0.916508
0.0828279 0 0.917172
0.0821784 0 0.917822
0.0815429 0 0.918457
0.0809213 0 0.919079
0.0803128 0 0.919687
0.0797171 0 0.920283
0.0791342 0 0.920866
0.0785632 0 0.921437
0.0780047 0 0.921995
0.0774571 0 0.922543
0.076921 0 0.923079
0.0763957 0 0.923604
0.0758817 0 0.924118
0.0753782 0 0.924622
0.0748843 0 0.925116
0.0744007 0 0.925599
0.0739266 0 0.926073
0.0734627 0 0.926537
0.0730073 0 0.926993
0.0725611 0 0.927439
0.0721241 0 0.927876
0.0716962 0 0.928304
0.0712757 0 0.928724
0.0708643 0 0.929136
0.0704609 0 0.929539
0.0700657 0 0.929934
0.0696776 0 0.930322
0.0692976 0 0.930702
0.0689246 0 0.931075
0.0685588 0 0.931441
0.0682007 0 0.931799
0.0678497 0 0.93215
0.0675048 0 0.932495
0.0671668 0 0.932833
0.0668356 0 0.933164
0.0665113 0 0.933489
0.266453 0 0.733547
0.26425 0 0.73575
0.0531506 0 0.946849
0.204447 0 0.795553
0.202529 0 0.797471
0.0534994 0 0.946501
0.198826 0 0.801174
0.197039 0 0.802961
0.195292 0 0.804708
0.193586 0 0.806414
0.191918 0 0.808082
0.190287 0 0.809713
0.188693 0 0.811307
0.187133 0 0.812867
0.185609 0 0.814391
0.184117 0 0.815883
0.182658 0 0.817342
0.18123 0 0.81877
0.179833 0 0.820167
0.178465 0 0.821535
0.177127 0 0.822873
0.175816 0 0.824184
0.174533 0 0.825467
0.173277 0 0.826723
0.172047 0 0.827953
0.170842 0 0.829158
0.169662 0 0.830338
0.168506 0 0.831494
0.167374 0 0.832626
0.166264 0 0.833736
0.165178 0 0.834822
0.164112 0 0.835888
0.163069 0 0.836931
0.162045 0 0.837955
0.161283 0 0.838717
0.161056 0 0.838944
0.162391 0 0.837609
0.163757 0 0.836243
0.245855 0 0.754145
0.474817 0 0.525183
0.152942 0 0.847058
0.151646 0 0.848354
0.148648 0 0.851352
0.149566 0 0.850434
0.150499 0 0.849501
0.149919 0 0.850081
0.14935 0 0.85065
0.148793 0 0.851207
0.150289 0 0.849711
0.152325 0 0.847675
0.154313 0 0.845687
0.156477 0 0.843523
0.158709 0 0.841291
0.160823 0 0.839177
0.163396 0 0.836604
0.165856 0 0.834144
0.168401 0 0.831599
0.48183 0 0.51817
0.461824 0 0.538176
0.461032 0 0.538968
0.467984 0 0.532016
0.466469 0 0.533531
0.464849 0 0.535151
0.462642 0 0.537358
0.45995 0 0.54005
0.454262 0 0.545738
0.405402 0 0.594598
0.400735 0 0.599265
0.398359 0 0.601641
0.396506 0 0.603494
0.394678 0 0.605322
0.392905 0 0.607095
0.391133 0 0.608867
0.389406 0 0.610594
0.387974 0 0.612026
0.386783 0 0.613217
0.38574 0 0.61426
0.384686 0 0.615314
0.383681 0 0.616319
0.382674 0 0.617326
0.381696 0 0.618304
0.380744 0 0.619256
0.379732 0 0.620268
0.376866 0 0.623134
0.373646 0 0.626354
0.370529 0 0.629471
0.0891645 0 0.910836
0.0883738 0 0.911626
0.0876003 0 0.9124
0.0868445 0 0.913155
0.0861061 0 0.913894
0.0853835 0 0.914617
0.084678 0 0.915322
0.0839871 0 0.916013
0.0833115 0 0.916689
0.082651 0 0.917349
0.0820047 0 0.917995
0.0813716 0 0.918628
0.0807525 0 0.919248
0.0801471 0 0.919853
0.0795538 0 0.920446
0.0789733 0 0.921027
0.0784046 0 0.921595
0.0778477 0 0.922152
0.0773032 0 0.922697
0.0767687 0 0.923231
0.0762464 0 0.923754
0.0757339 0 0.924266
0.075232 0 0.924768
0.0747404 0 0.92526
0.0742591 0 0.925741
0.0737865 0 0.926214
0.0733241 0 0.926676
0.0728709 0 0.927129
0.072427 0 0.927573
0.0719915 0 0.928008
0.0715643 0 0.928436
0.0711461 0 0.928854
0.0707361 0 0.929264
0.0703342 0 0.929666
0.0699404 0 0.93006
0.0695538 0 0.930446
0.0691752 0 0.930825
0.0688037 0 0.931196
0.0684393 0 0.931561
0.0680819 0 0.931918
0.0677323 0 0.932268
0.0673888 0 0.932611
0.0670522 0 0.932948
0.0667225 0 0.933277
0.0663988 0 0.933601
0.0660811 0 0.933919
0.264228 0 0.735772
0.0532175 0 0.946782
0.203923 0 0.796077
0.202015 0 0.797985
0.0534971 0 0.946503
0.198331 0 0.801669
0.196553 0 0.803447
0.194815 0 0.805185
0.193117 0 0.806883
0.191457 0 0.808543
0.189835 0 0.810165
0.188248 0 0.811752
0.186697 0 0.813303
0.185179 0 0.814821
0.183695 0 0.816305
0.182242 0 0.817758
0.180821 0 0.819179
0.17943 0 0.82057
0.178069 0 0.821931
0.176737 0 0.823263
0.175432 0 0.824568
0.174155 0 0.825845
0.172904 0 0.827096
0.17168 0 0.82832
0.17048 0 0.82952
0.169305 0 0.830695
0.168154 0 0.831846
0.167027 0 0.832973
0.165922 0 0.834078
0.164839 0 0.835161
0.163779 0 0.836221
0.162739 0 0.837261
0.161781 0 0.838219
0.161313 0 0.838687
0.161037 0 0.838963
0.162372 0 0.837628
0.163737 0 0.836263
0.147997 0 0.852003
0.147378 0 0.852622
0.148028 0 0.851972
0.148515 0 0.851485
0.149605 0 0.850395
0.150538 0 0.849462
0.149958 0 0.850042
0.149389 0 0.850611
0.148831 0 0.851169
0.150255 0 0.849745
0.152289 0 0.847711
0.154277 0 0.845723
0.156439 0 0.843561
0.15867 0 0.84133
0.160778 0 0.839222
0.163354 0 0.836646
0.165813 0 0.834187
0.168355 0 0.831645
0.460293 0 0.539707
0.45879 0 0.54121
0.457146 0 0.542854
0.454741 0 0.545259
0.451643 0 0.548357
0.403869 0 0.596131
0.398149 0 0.601851
0.394836 0 0.605164
0.392959 0 0.607041
0.391116 0 0.608884
0.389303 0 0.610697
0.387541 0 0.612459
0.38578 0 0.61422
0.384105 0 0.615895
0.382759 0 0.617241
0.381562 0 0.618438
0.380493 0 0.619507
0.379443 0 0.620557
0.378418 0 0.621582
0.377395 0 0.622605
0.376204 0 0.623796
0.374848 0 0.625152
0.37212 0 0.62788
0.368933 0 0.631067
0.365836 0 0.634164
0.362818 0 0.637182
0.359808 0 0.640192
0.356893 0 0.643107
0.354033 0 0.645967
0.0889598 0 0.91104
0.0881718 0 0.911828
0.0874024 0 0.912598
0.0866506 0 0.913349
0.0859148 0 0.914085
0.0851962 0 0.914804
0.0844932 0 0.915507
0.0838055 0 0.916194
0.0831331 0 0.916867
0.0824751 0 0.917525
0.0818319 0 0.918168
0.081202 0 0.918798
0.0805853 0 0.919415
0.0799823 0 0.920018
0.0793914 0 0.920609
0.0788132 0 0.921187
0.0782477 0 0.921752
0.0776931 0 0.922307
0.0771502 0 0.92285
0.0766188 0 0.923381
0.0760972 0 0.923903
0.0755879 0 0.924412
0.0750874 0 0.924913
0.0745981 0 0.925402
0.0741183 0 0.925882
0.073648 0 0.926352
0.0731871 0 0.926813
0.0727362 0 0.927264
0.072293 0 0.927707
0.0718597 0 0.92814
0.0714348 0 0.928565
0.071018 0 0.928982
0.0706095 0 0.929391
0.0702083 0 0.929792
0.0698159 0 0.930184
0.0694308 0 0.930569
0.0690536 0 0.930946
0.0686836 0 0.931316
0.0683206 0 0.931679
0.0679646 0 0.932035
0.0676164 0 0.932384
0.0672744 0 0.932726
0.0669385 0 0.933062
0.0666101 0 0.93339
0.0662871 0 0.933713
0.0659716 0 0.934028
0.0656612 0 0.934339
0.0530024 0 0.946998
0.0530928 0 0.946907
0.0531863 0 0.946814
0.053283 0 0.946717
0.197841 0 0.802159
0.196072 0 0.803928
0.194343 0 0.805657
0.192654 0 0.807346
0.191002 0 0.808998
0.189387 0 0.810613
0.187808 0 0.812192
0.186264 0 0.813736
0.184754 0 0.815246
0.183276 0 0.816724
0.181831 0 0.818169
0.180416 0 0.819584
0.179032 0 0.820968
0.177677 0 0.822323
0.17635 0 0.82365
0.175052 0 0.824948
0.17378 0 0.82622
0.172535 0 0.827465
0.171316 0 0.828684
0.170121 0 0.829879
0.168952 0 0.831048
0.167806 0 0.832194
0.166683 0 0.833317
0.165583 0 0.834417
0.164505 0 0.835495
0.163449 0 0.836551
0.162414 0 0.837586
0.161814 0 0.838186
0.161345 0 0.838655
0.16102 0 0.83898
0.162354 0 0.837646
0.163719 0 0.836281
0.598001 0 0.401999
0.590369 0 0.409631
0.582566 0 0.417434
0.148038 0 0.851962
0.147418 0 0.852582
0.148001 0 0.851999
0.149785 0 0.850215
0.150733 0 0.849267
0.150579 0 0.849421
0.149998 0 0.850002
0.149429 0 0.850571
0.148872 0 0.851128
0.150223 0 0.849777
0.152257 0 0.847743
0.154242 0 0.845758
0.156403 0 0.843597
0.158634 0 0.841366
0.160936 0 0.839064
0.163431 0 0.836569
0.16589 0 0.83411
0.168432 0 0.831568
0.447181 0 0.552819
0.411109 0 0.588891
0.396498 0 0.603502
0.392057 0 0.607943
0.389677 0 0.610323
0.387818 0 0.612182
0.385984 0 0.614016
0.384187 0 0.615813
0.382406 0 0.617594
0.380668 0 0.619332
0.378985 0 0.621015
0.377694 0 0.622306
0.376581 0 0.623419
0.375508 0 0.624492
0.374436 0 0.625564
0.37341 0 0.62659
0.372124 0 0.627876
0.370443 0 0.629557
0.367563 0 0.632437
0.364471 0 0.635529
0.361394 0 0.638606
0.358419 0 0.641581
0.355487 0 0.644513
0.352578 0 0.647422
0.349773 0 0.650227
0.346994 0 0.653006
0.344241 0 0.655759
0.341584 0 0.658416
0.338956 0 0.661044
0.0887562 0 0.911244
0.0879723 0 0.912028
0.087207 0 0.912793
0.0864577 0 0.913542
0.0857259 0 0.914274
0.0850106 0 0.914989
0.0843108 0 0.915689
0.0836264 0 0.916374
0.0829565 0 0.917044
0.0823016 0 0.917698
0.0816609 0 0.918339
0.0810334 0 0.918967
0.0804198 0 0.91958
0.0798192 0 0.920181
0.0792314 0 0.920769
0.0786556 0 0.921344
0.0780916 0 0.921908
0.0775394 0 0.922461
0.0769988 0 0.923001
0.0764697 0 0.92353
0.0759505 0 0.924049
0.0754426 0 0.924557
0.0749445 0 0.925056
0.0744567 0 0.925543
0.0739792 0 0.926021
0.0735111 0 0.926489
0.0730517 0 0.926948
0.0726023 0 0.927398
0.0721613 0 0.927839
0.0717295 0 0.92827
0.0713053 0 0.928695
0.0708908 0 0.929109
0.0704837 0 0.929516
0.0700847 0 0.929915
0.069693 0 0.930307
0.0693093 0 0.930691
0.0689336 0 0.931066
0.068565 0 0.931435
0.0682034 0 0.931797
0.0678489 0 0.932151
0.0675013 0 0.932499
0.0671607 0 0.932839
0.0668262 0 0.933174
0.0664985 0 0.933501
0.0661777 0 0.933822
0.065862 0 0.934138
0.0655531 0 0.934447
0.0652509 0 0.934749
0.0530922 0 0.946908
0.0531857 0 0.946814
0.0532819 0 0.946718
0.197356 0 0.802644
0.195596 0 0.804404
0.193875 0 0.806125
0.192194 0 0.807806
0.19055 0 0.80945
0.188943 0 0.811057
0.187384 0 0.812616
0.185863 0 0.814137
0.184376 0 0.815624
0.18292 0 0.81708
0.181496 0 0.818504
0.180104 0 0.819896
0.17874 0 0.82126
0.177406 0 0.822594
0.176101 0 0.823899
0.174822 0 0.825178
0.173571 0 0.826429
0.172346 0 0.827654
0.171146 0 0.828854
0.169971 0 0.830029
0.168821 0 0.831179
0.167693 0 0.832307
0.166589 0 0.833411
0.165508 0 0.834492
0.164448 0 0.835552
0.16341 0 0.83659
0.162392 0 0.837608
0.161848 0 0.838152
0.16138 0 0.83862
0.161005 0 0.838995
0.162339 0 0.837661
0.163704 0 0.836296
0.245426 0 0.754574
0.597407 0 0.402593
0.590327 0 0.409673
0.582755 0 0.417245
0.575087 0 0.424913
0.56765 0 0.43235
0.560362 0 0.439638
0.553326 0 0.446674
0.52409 0 0.47591
0.14808 0 0.85192
0.147461 0 0.852539
0.147977 0 0.852023
0.14976 0 0.85024
0.150776 0 0.849224
0.150622 0 0.849378
0.150041 0 0.849959
0.149472 0 0.850528
0.148914 0 0.851086
0.150194 0 0.849806
0.152226 0 0.847774
0.15421 0 0.84579
0.156482 0 0.843518
0.158712 0 0.841288
0.161015 0 0.838985
0.163392 0 0.836608
0.16585 0 0.83415
0.168391 0 0.831609
0.386638 0 0.613362
0.384755 0 0.615245
0.382917 0 0.617083
0.381087 0 0.618913
0.379309 0 0.620691
0.377533 0 0.622467
0.375813 0 0.624187
0.374271 0 0.625729
0.372994 0 0.627006
0.371859 0 0.628141
0.370766 0 0.629234
0.369711 0 0.630289
0.368367 0 0.631633
0.366369 0 0.633631
0.363224 0 0.636776
0.360191 0 0.639809
0.357186 0 0.642814
0.354213 0 0.645787
0.35136 0 0.64864
0.348503 0 0.651497
0.34569 0 0.65431
0.342996 0 0.657004
0.340286 0 0.659714
0.337621 0 0.662379
0.335032 0 0.664968
0.278432 0 0.721568
0.329973 0 0.670027
0.32751 0 0.67249
0.0893538 0 0.910646
0.0885551 0 0.911445
0.0877753 0 0.912225
0.0870126 0 0.912987
0.0862674 0 0.913733
0.0855388 0 0.914461
0.0848268 0 0.915173
0.0841295 0 0.915871
0.0834483 0 0.916552
0.0827816 0 0.917218
0.0821299 0 0.91787
0.0814916 0 0.918508
0.0808672 0 0.919133
0.080256 0 0.919744
0.0796578 0 0.920342
0.0790723 0 0.920928
0.0784989 0 0.921501
0.0779372 0 0.922063
0.0773873 0 0.922613
0.076849 0 0.923151
0.0763215 0 0.923679
0.0758054 0 0.924195
0.075299 0 0.924701
0.0748032 0 0.925197
0.0743176 0 0.925682
0.0738417 0 0.926158
0.0733751 0 0.926625
0.0729179 0 0.927082
0.07247 0 0.92753
0.0720305 0 0.927969
0.0716002 0 0.9284
0.0711781 0 0.928822
0.0707643 0 0.929236
0.0703587 0 0.929641
0.0699612 0 0.930039
0.0695717 0 0.930428
0.0691895 0 0.930811
0.0688152 0 0.931185
0.0684472 0 0.931553
0.0680871 0 0.931913
0.067734 0 0.932266
0.0673878 0 0.932612
0.0670478 0 0.932952
0.0667155 0 0.933284
0.0663885 0 0.933612
0.0660682 0 0.933932
0.0657548 0 0.934245
0.0654465 0 0.934554
0.0651449 0 0.934855
0.0648491 0 0.935151
0.0531856 0 0.946814
0.053282 0 0.946718
0.197338 0 0.802662
0.195594 0 0.804406
0.193889 0 0.806111
0.192223 0 0.807777
0.190595 0 0.809405
0.189003 0 0.810997
0.187447 0 0.812553
0.185925 0 0.814075
0.184437 0 0.815563
0.182981 0 0.817019
0.181556 0 0.818444
0.180163 0 0.819837
0.178799 0 0.821201
0.177464 0 0.822536
0.176158 0 0.823842
0.174879 0 0.825121
0.173627 0 0.826373
0.172402 0 0.827598
0.171201 0 0.828799
0.170026 0 0.829974
0.168875 0 0.831125
0.167747 0 0.832253
0.166642 0 0.833358
0.16556 0 0.83444
0.1645 0 0.8355
0.163461 0 0.836539
0.162443 0 0.837557
0.161885 0 0.838115
0.161416 0 0.838584
0.160992 0 0.839008
0.162326 0 0.837674
0.1481 0 0.8519
0.146376 0 0.853624
0.144699 0 0.855301
0.143066 0 0.856934
0.141476 0 0.858524
0.139927 0 0.860073
0.138419 0 0.861581
0.136948 0 0.863052
0.135514 0 0.864486
0.134117 0 0.865883
0.132818 0 0.867182
0.131743 0 0.868257
0.130684 0 0.869316
0.129641 0 0.870359
0.128614 0 0.871386
0.127601 0 0.872399
0.126605 0 0.873395
0.125623 0 0.874377
0.124656 0 0.875344
0.123702 0 0.876298
0.492895 0 0.507105
0.148125 0 0.851875
0.147505 0 0.852495
0.147954 0 0.852046
0.149735 0 0.850265
0.14896 0 0.85104
0.150667 0 0.849333
0.150086 0 0.849914
0.149516 0 0.850484
0.141912 0 0.858088
0.150165 0 0.849835
0.152196 0 0.847804
0.15429 0 0.84571
0.15645 0 0.84355
0.158679 0 0.841321
0.16098 0 0.83902
0.163356 0 0.836644
0.165612 0 0.834388
0.168873 0 0.831127
0.376413 0 0.623587
0.374656 0 0.625344
0.372883 0 0.627117
0.371183 0 0.628817
0.369667 0 0.630333
0.368484 0 0.631516
0.367364 0 0.632636
0.36625 0 0.63375
0.364865 0 0.635135
0.362182 0 0.637818
0.359105 0 0.640895
0.356069 0 0.643931
0.353163 0 0.646837
0.350235 0 0.649765
0.347378 0 0.652622
0.344612 0 0.655388
0.34184 0 0.65816
0.339139 0 0.660861
0.287259 0 0.712741
0.285793 0 0.714207
0.281756 0 0.718244
0.279469 0 0.720531
0.272514 0 0.727486
0.270791 0 0.729209
0.270603 0 0.729397
0.271971 0 0.728029
0.272986 0 0.727014
0.273346 0 0.726654
0.0891512 0 0.910849
0.0883559 0 0.911644
0.0875794 0 0.912421
0.0868207 0 0.913179
0.0860788 0 0.913921
0.0853535 0 0.914647
0.0846447 0 0.915355
0.0839506 0 0.916049
0.0832727 0 0.916727
0.0826091 0 0.917391
0.0819598 0 0.91804
0.0813239 0 0.918676
0.0807028 0 0.919297
0.0800939 0 0.919906
0.079498 0 0.920502
0.0789149 0 0.921085
0.0783438 0 0.921656
0.0777853 0 0.922215
0.0772377 0 0.922762
0.076701 0 0.923299
0.0761757 0 0.923824
0.0756611 0 0.924339
0.0751571 0 0.924843
0.0746635 0 0.925337
0.0741795 0 0.925821
0.073705 0 0.926295
0.0732407 0 0.926759
0.072785 0 0.927215
0.0723385 0 0.927661
0.0719013 0 0.928099
0.0714724 0 0.928528
0.0710518 0 0.928948
0.0706403 0 0.92936
0.0702361 0 0.929764
0.06984 0 0.93016
0.069452 0 0.930548
0.0690711 0 0.930929
0.0686975 0 0.931302
0.0683317 0 0.931668
0.0679723 0 0.932028
0.0676206 0 0.932379
0.0672758 0 0.932724
0.0669373 0 0.933063
0.0666056 0 0.933394
0.0662799 0 0.93372
0.0659611 0 0.934039
0.0656483 0 0.934352
0.0653414 0 0.934659
0.0650404 0 0.93496
0.0647452 0 0.935255
0.064456 0 0.935544
 ] }
}
