# Real Time: 768.541
# Simulation Time: 16.51
# Radar Position: 880.667 -219.07 3.15752
# Radar Quat: 0.0147224 -0.0046265 0.744883 0.667017
PointSet {
 coord Coordinate { point [
875.038 -225.182 3.58079
875.086 -225.216 3.57974
875.134 -225.25 3.57871
875.497 -224.926 3.5537
875.541 -224.958 3.55275
875.586 -224.99 3.5518
875.631 -225.022 3.55086
875.675 -225.054 3.54993
875.418 -225.454 3.57271
875.465 -225.488 3.57174
875.512 -225.522 3.57079
875.559 -225.556 3.56984
875.606 -225.59 3.5689
875.654 -225.623 3.56798
875.701 -225.657 3.56706
875.748 -225.691 3.56615
876.084 -225.329 3.54125
876.128 -225.361 3.54041
876.172 -225.393 3.53958
876.216 -225.425 3.53876
876.26 -225.457 3.53795
876.305 -225.489 3.53714
876.076 -225.928 3.56004
876.123 -225.962 3.5592
876.17 -225.996 3.55837
872.984 -231.098 3.84593
873.069 -231.151 3.84421
873.153 -231.204 3.84251
873.238 -231.257 3.84083
873.323 -231.31 3.83915
873.408 -231.364 3.8375
873.492 -231.417 3.83585
873.577 -231.47 3.83422
873.662 -231.523 3.83261
873.747 -231.577 3.83101
873.832 -231.63 3.82942
873.917 -231.683 3.82784
874.002 -231.737 3.82628
874.087 -231.79 3.82473
874.173 -231.844 3.8232
874.258 -231.897 3.82167
874.344 -231.951 3.82016
874.429 -232.005 3.81866
874.515 -232.059 3.81718
874.601 -232.113 3.8157
874.687 -232.167 3.81424
874.773 -232.221 3.81279
878.159 -257.754 4.57564
886.769 -265.448 4.60148
886.878 -261.653 4.46789
887.994 -262.868 4.4812
888.286 -262.736 4.46931
887.826 -258.459 4.334
892.627 -264.667 4.42992
875.058 -225.16 3.55021
875.105 -225.194 3.54919
875.47 -224.873 3.52589
875.515 -224.905 3.52495
875.559 -224.937 3.52402
875.604 -224.969 3.5231
875.648 -225.001 3.52219
875.692 -225.033 3.5213
875.736 -225.065 3.52041
875.483 -225.465 3.54136
875.53 -225.499 3.54042
875.577 -225.533 3.53949
875.624 -225.566 3.53857
875.671 -225.6 3.53765
875.718 -225.634 3.53674
876.048 -225.285 3.51414
876.092 -225.317 3.51331
876.136 -225.349 3.51248
876.18 -225.381 3.51166
876.224 -225.413 3.51085
876.268 -225.445 3.51005
876.312 -225.477 3.50925
876.092 -225.904 3.52973
876.139 -225.937 3.52889
876.186 -225.971 3.52805
876.233 -226.005 3.52722
873.068 -231.15 3.79411
873.153 -231.203 3.79241
873.238 -231.256 3.79073
873.322 -231.309 3.78905
873.407 -231.362 3.78738
873.492 -231.415 3.78573
873.577 -231.469 3.78409
873.662 -231.522 3.78246
873.746 -231.575 3.78084
873.831 -231.628 3.77923
873.916 -231.682 3.77763
874.002 -231.735 3.77604
874.087 -231.789 3.77447
874.172 -231.842 3.7729
874.258 -231.896 3.77134
874.343 -231.95 3.7698
874.429 -232.003 3.76826
874.514 -232.057 3.76674
874.6 -232.111 3.76522
874.686 -232.165 3.76371
874.773 -232.219 3.76222
878.155 -257.751 4.44002
886.766 -265.463 4.43841
886.873 -261.655 4.31753
887.99 -262.872 4.32611
888.281 -262.732 4.3143
887.824 -258.475 4.19449
892.619 -264.656 4.26495
875.077 -225.138 3.51985
875.125 -225.172 3.51887
875.47 -224.872 3.49851
875.514 -224.904 3.4976
875.559 -224.937 3.4967
875.603 -224.969 3.4958
875.647 -225.001 3.49492
875.691 -225.033 3.49403
875.735 -225.065 3.49316
875.608 -225.31 3.50397
875.653 -225.343 3.50306
875.699 -225.376 3.50216
875.745 -225.409 3.50127
875.791 -225.442 3.50038
875.836 -225.475 3.4995
876.047 -225.285 3.48695
876.091 -225.317 3.48612
876.135 -225.349 3.4853
876.179 -225.381 3.48448
876.223 -225.413 3.48366
876.267 -225.445 3.48285
876.311 -225.477 3.48205
876.355 -225.509 3.48125
876.248 -225.771 3.49182
876.293 -225.804 3.49099
876.248 -225.98 3.49712
873.068 -231.148 3.74404
873.153 -231.201 3.74234
873.238 -231.255 3.74065
873.322 -231.308 3.73897
873.407 -231.361 3.73729
873.492 -231.414 3.73563
873.576 -231.467 3.73398
873.661 -231.52 3.73233
873.746 -231.574 3.73069
873.831 -231.627 3.72906
873.916 -231.68 3.72744
874.001 -231.734 3.72583
874.086 -231.787 3.72423
874.172 -231.841 3.72263
874.257 -231.894 3.72104
874.343 -231.948 3.71946
874.428 -232.002 3.71789
874.514 -232.056 3.71632
874.6 -232.109 3.71476
874.686 -232.163 3.71321
874.772 -232.218 3.71167
873.438 -278.557 5.02061
878.152 -257.749 4.30444
886.763 -265.481 4.27533
886.869 -261.658 4.16722
887.986 -262.876 4.17103
888.275 -262.729 4.15936
887.824 -258.497 4.05504
892.611 -264.645 4.1001
875.212 -224.991 3.48292
875.425 -224.84 3.47206
875.469 -224.872 3.47117
875.514 -224.905 3.47028
875.558 -224.937 3.46939
875.602 -224.969 3.46852
875.646 -225.001 3.46764
875.691 -225.033 3.46677
875.735 -225.066 3.46591
875.779 -225.098 3.46505
875.671 -225.321 3.47376
875.716 -225.354 3.47287
875.762 -225.387 3.47199
875.807 -225.42 3.47111
876.003 -225.253 3.4606
876.047 -225.285 3.45977
876.091 -225.317 3.45894
876.135 -225.349 3.45811
876.178 -225.381 3.45729
876.222 -225.413 3.45648
876.266 -225.445 3.45566
876.31 -225.477 3.45485
876.354 -225.509 3.45405
876.263 -225.748 3.46256
876.308 -225.781 3.46173
876.263 -225.956 3.46723
873.068 -231.147 3.69399
873.153 -231.2 3.69229
873.237 -231.253 3.69059
873.322 -231.306 3.68891
873.407 -231.359 3.68722
873.491 -231.413 3.68555
873.576 -231.466 3.68388
873.661 -231.519 3.68222
873.746 -231.572 3.68057
873.831 -231.626 3.67892
873.916 -231.679 3.67728
874.001 -231.732 3.67564
874.086 -231.786 3.67401
874.171 -231.839 3.67238
874.257 -231.893 3.67076
874.342 -231.946 3.66914
874.428 -232 3.66753
874.514 -232.054 3.66593
874.599 -232.108 3.66433
874.685 -232.162 3.66273
874.772 -232.216 3.66114
873.432 -278.553 4.81112
878.148 -257.746 4.1689
886.76 -265.5 4.11221
886.864 -261.661 4.01695
887.981 -262.879 4.01595
888.269 -262.725 4.00447
887.825 -258.533 3.91574
888.103 -258.491 3.90731
892.602 -264.634 3.93536
875.179 -224.942 3.45481
875.225 -224.976 3.4539
875.424 -224.84 3.44471
875.468 -224.873 3.44383
875.513 -224.905 3.44296
875.557 -224.937 3.4421
875.601 -224.969 3.44123
875.646 -225.002 3.44037
875.69 -225.034 3.43952
875.734 -225.066 3.43866
875.778 -225.098 3.43782
875.681 -225.307 3.44504
875.726 -225.34 3.44417
875.772 -225.373 3.44331
875.817 -225.406 3.44245
876.002 -225.254 3.43342
876.046 -225.286 3.43259
876.09 -225.318 3.43176
876.134 -225.35 3.43094
876.178 -225.381 3.43011
876.222 -225.413 3.42929
876.266 -225.445 3.42848
876.31 -225.477 3.42766
876.354 -225.509 3.42685
876.398 -225.542 3.42604
876.315 -225.769 3.43316
876.36 -225.803 3.43237
873.068 -231.146 3.64396
873.152 -231.199 3.64226
873.237 -231.252 3.64056
873.322 -231.305 3.63887
873.406 -231.358 3.63718
873.491 -231.411 3.63549
873.576 -231.464 3.63381
873.661 -231.518 3.63214
873.745 -231.571 3.63046
873.83 -231.624 3.6288
873.915 -231.677 3.62713
874 -231.731 3.62547
874.086 -231.784 3.62381
874.171 -231.838 3.62215
874.256 -231.891 3.6205
874.342 -231.945 3.61885
874.427 -231.999 3.6172
874.513 -232.053 3.61556
874.599 -232.106 3.61391
874.685 -232.16 3.61227
874.771 -232.214 3.61063
865.218 -276.946 4.81544
873.427 -278.55 4.6017
878.144 -257.744 4.03341
886.758 -265.522 3.94902
886.86 -261.666 3.86669
887.977 -262.883 3.86088
888.264 -262.721 3.84964
888.091 -258.452 3.76658
892.594 -264.624 3.77073
875.179 -224.942 3.42662
875.379 -224.808 3.41821
875.423 -224.84 3.41735
875.468 -224.873 3.4165
875.512 -224.905 3.41565
875.557 -224.937 3.4148
875.601 -224.97 3.41395
875.645 -225.002 3.41311
875.689 -225.034 3.41226
875.733 -225.066 3.41142
875.778 -225.098 3.41059
875.822 -225.13 3.40975
875.726 -225.34 3.41617
875.771 -225.373 3.41531
875.957 -225.222 3.40707
876.001 -225.254 3.40624
876.045 -225.286 3.40541
876.089 -225.318 3.40459
876.133 -225.35 3.40376
876.177 -225.382 3.40294
876.221 -225.414 3.40212
876.265 -225.446 3.40129
876.309 -225.478 3.40047
876.353 -225.51 3.39965
876.397 -225.542 3.39884
876.315 -225.769 3.40513
876.359 -225.803 3.40433
873.068 -231.144 3.59395
873.152 -231.197 3.59224
873.237 -231.25 3.59054
873.321 -231.304 3.58885
873.406 -231.357 3.58715
873.491 -231.41 3.58546
873.576 -231.463 3.58376
873.66 -231.516 3.58207
873.745 -231.569 3.58038
873.83 -231.623 3.57869
873.915 -231.676 3.57701
874 -231.729 3.57532
874.085 -231.783 3.57363
874.171 -231.836 3.57195
874.256 -231.89 3.57026
874.341 -231.944 3.56857
874.427 -231.997 3.56689
874.513 -232.051 3.5652
874.599 -232.105 3.56352
874.685 -232.159 3.56183
874.771 -232.213 3.56014
865.221 -276.916 4.60543
873.421 -278.546 4.39233
878.141 -257.741 3.89796
886.756 -265.548 3.78575
886.856 -261.672 3.71643
887.973 -262.887 3.70579
888.258 -262.718 3.69486
888.082 -258.431 3.62636
892.586 -264.614 3.60621
875.178 -224.943 3.39843
875.378 -224.808 3.39084
875.423 -224.841 3.39
875.467 -224.873 3.38917
875.512 -224.905 3.38834
875.556 -224.938 3.3875
875.6 -224.97 3.38667
875.644 -225.002 3.38584
875.689 -225.034 3.38501
875.733 -225.066 3.38418
875.777 -225.098 3.38336
875.821 -225.13 3.38253
875.725 -225.341 3.38816
875.77 -225.374 3.38731
875.957 -225.222 3.37989
876.001 -225.254 3.37906
876.045 -225.286 3.37824
876.089 -225.318 3.37741
876.133 -225.35 3.37659
876.176 -225.382 3.37576
876.22 -225.414 3.37494
876.264 -225.446 3.37411
876.308 -225.478 3.37329
876.352 -225.51 3.37246
876.396 -225.542 3.37163
876.424 -225.599 3.37162
876.359 -225.803 3.37629
873.067 -231.143 3.54395
873.152 -231.196 3.54225
873.237 -231.249 3.54055
873.321 -231.302 3.53884
873.406 -231.355 3.53714
873.491 -231.408 3.53543
873.575 -231.462 3.53373
873.66 -231.515 3.53202
873.745 -231.568 3.53031
873.83 -231.621 3.52861
873.915 -231.675 3.5269
874 -231.728 3.52518
874.085 -231.781 3.52347
874.17 -231.835 3.52175
874.255 -231.888 3.52004
874.341 -231.942 3.51832
874.426 -231.996 3.51659
874.512 -232.05 3.51487
874.598 -232.103 3.51314
874.684 -232.157 3.51141
874.77 -232.211 3.50967
865.221 -276.898 4.39589
873.416 -278.542 4.18301
878.137 -257.738 3.76253
886.755 -265.579 3.62236
886.853 -261.678 3.56615
887.968 -262.89 3.5507
888.253 -262.714 3.54012
888.075 -258.417 3.48637
892.578 -264.605 3.44177
893.524 -260.96 3.36471
875.378 -224.809 3.36347
875.422 -224.841 3.36265
875.466 -224.873 3.36184
875.511 -224.906 3.36102
875.555 -224.938 3.36021
875.6 -224.97 3.35939
875.644 -225.002 3.35858
875.688 -225.034 3.35776
875.732 -225.066 3.35694
875.776 -225.099 3.35613
875.82 -225.131 3.35531
875.838 -225.197 3.35557
875.77 -225.374 3.35931
875.956 -225.222 3.35271
876 -225.254 3.35189
876.044 -225.286 3.35106
876.088 -225.318 3.35024
876.132 -225.35 3.34941
876.176 -225.382 3.34859
876.22 -225.414 3.34776
876.264 -225.446 3.34693
876.308 -225.478 3.3461
876.352 -225.51 3.34527
876.396 -225.542 3.34443
877.481 -223.969 3.29839
876.358 -225.803 3.34825
873.067 -231.142 3.49397
873.152 -231.195 3.49227
873.236 -231.248 3.49056
873.321 -231.301 3.48885
873.406 -231.354 3.48714
873.49 -231.407 3.48543
873.575 -231.46 3.48371
873.66 -231.513 3.48199
873.745 -231.567 3.48026
873.829 -231.62 3.47853
873.914 -231.673 3.4768
873.999 -231.727 3.47506
874.085 -231.78 3.47332
874.17 -231.833 3.47158
874.255 -231.887 3.46983
874.341 -231.941 3.46807
874.426 -231.994 3.46631
874.512 -232.048 3.46455
874.598 -232.102 3.46278
874.684 -232.156 3.461
874.77 -232.21 3.45922
865.219 -276.886 4.18661
873.411 -278.539 3.97373
878.133 -257.736 3.62713
886.755 -265.617 3.45882
886.849 -261.685 3.41584
887.964 -262.894 3.39559
888.247 -262.71 3.38542
888.069 -258.407 3.3465
892.571 -264.595 3.27742
893.525 -260.98 3.21174
875.421 -224.841 3.3353
875.466 -224.873 3.33451
875.51 -224.906 3.33371
875.555 -224.938 3.33291
875.599 -224.97 3.33211
875.643 -225.002 3.33131
875.687 -225.035 3.33051
875.731 -225.067 3.3297
875.776 -225.099 3.3289
875.82 -225.131 3.32809
875.837 -225.197 3.3282
875.769 -225.374 3.33132
875.955 -225.222 3.32553
875.999 -225.254 3.32471
876.043 -225.286 3.32389
876.087 -225.318 3.32307
876.131 -225.35 3.32224
876.175 -225.382 3.32141
876.219 -225.414 3.32058
876.263 -225.446 3.31975
876.307 -225.478 3.31891
876.351 -225.51 3.31807
876.395 -225.542 3.31723
876.423 -225.599 3.31699
876.358 -225.803 3.32021
873.067 -231.14 3.44401
873.152 -231.193 3.4423
873.236 -231.246 3.44059
873.321 -231.299 3.43888
873.405 -231.353 3.43716
873.49 -231.406 3.43543
873.575 -231.459 3.4337
873.66 -231.512 3.43197
873.744 -231.565 3.43022
873.829 -231.618 3.42848
873.914 -231.672 3.42672
873.999 -231.725 3.42496
874.084 -231.778 3.42319
874.169 -231.832 3.42141
874.255 -231.885 3.41963
874.34 -231.939 3.41784
874.426 -231.993 3.41604
874.511 -232.047 3.41424
874.597 -232.1 3.41243
874.683 -232.154 3.4106
874.769 -232.208 3.40878
865.215 -276.879 3.97752
873.406 -278.535 3.76447
878.13 -257.733 3.49175
886.845 -261.693 3.26548
887.96 -262.898 3.24046
888.242 -262.707 3.23074
888.064 -258.401 3.20672
892.563 -264.586 3.11313
893.526 -261 3.05864
892.264 -255.071 3.05585
875.465 -224.874 3.30717
875.51 -224.906 3.3064
875.554 -224.938 3.30562
875.598 -224.97 3.30483
875.642 -225.003 3.30405
875.687 -225.035 3.30326
875.731 -225.067 3.30246
875.775 -225.099 3.30167
875.819 -225.131 3.30087
875.837 -225.197 3.30084
875.768 -225.374 3.30332
875.955 -225.223 3.29834
875.999 -225.255 3.29753
876.043 -225.287 3.29671
876.089 -225.316 3.29583
876.133 -225.348 3.295
876.177 -225.379 3.29417
876.221 -225.411 3.29333
876.265 -225.443 3.29249
876.306 -225.478 3.29172
876.35 -225.511 3.29088
876.394 -225.543 3.29003
876.422 -225.599 3.28967
876.357 -225.803 3.29217
873.067 -231.139 3.39405
873.151 -231.192 3.39235
873.236 -231.245 3.39064
873.321 -231.298 3.38892
873.405 -231.351 3.38719
873.49 -231.404 3.38545
873.575 -231.457 3.38371
873.659 -231.511 3.38196
873.744 -231.564 3.3802
873.829 -231.617 3.37843
873.914 -231.67 3.37665
873.999 -231.724 3.37487
874.084 -231.777 3.37307
874.169 -231.831 3.37126
874.254 -231.884 3.36945
874.34 -231.938 3.36763
874.425 -231.991 3.36579
874.511 -232.045 3.36395
874.597 -232.099 3.36209
874.683 -232.153 3.36022
874.769 -232.207 3.35835
865.21 -276.879 3.76853
873.4 -278.531 3.55526
878.126 -257.731 3.3564
886.842 -261.701 3.11508
887.956 -262.901 3.08532
888.236 -262.703 3.0761
888.059 -258.398 3.06697
892.555 -264.577 2.94892
893.527 -261.02 2.90539
892.26 -255.072 2.92378
875.521 -224.892 3.27879
875.566 -224.924 3.27803
875.61 -224.956 3.27726
875.654 -224.988 3.27649
875.699 -225.02 3.27571
875.73 -225.067 3.27522
875.774 -225.099 3.27444
875.818 -225.131 3.27365
875.836 -225.197 3.27347
875.768 -225.374 3.27532
875.954 -225.223 3.27116
875.998 -225.255 3.27035
876.042 -225.287 3.26954
876.104 -225.294 3.26829
876.148 -225.326 3.26746
876.192 -225.358 3.26663
876.236 -225.389 3.2658
876.28 -225.421 3.26496
876.306 -225.479 3.26454
876.35 -225.511 3.26368
876.394 -225.543 3.26283
876.422 -225.6 3.26235
876.356 -225.803 3.26413
873.067 -231.138 3.34411
873.151 -231.191 3.34241
873.236 -231.244 3.34069
873.32 -231.297 3.33897
873.405 -231.35 3.33723
873.49 -231.403 3.33549
873.574 -231.456 3.33373
873.659 -231.509 3.33196
873.744 -231.562 3.33019
873.829 -231.616 3.3284
873.914 -231.669 3.3266
873.998 -231.722 3.32479
874.084 -231.776 3.32296
874.169 -231.829 3.32113
874.254 -231.883 3.31928
874.339 -231.936 3.31742
874.425 -231.99 3.31555
874.511 -232.044 3.31366
874.596 -232.097 3.31177
874.682 -232.151 3.30986
874.768 -232.205 3.30793
865.203 -276.886 3.5596
873.395 -278.528 3.34607
878.122 -257.728 3.22107
886.839 -261.709 2.96462
887.951 -262.905 2.93014
888.231 -262.702 2.92147
888.054 -258.397 2.92723
892.548 -264.568 2.78478
893.528 -261.04 2.752
892.256 -255.074 2.79169
875.583 -224.904 3.25048
875.627 -224.936 3.24973
875.671 -224.968 3.24898
875.715 -224.999 3.24822
875.73 -225.067 3.24798
875.774 -225.099 3.2472
875.818 -225.132 3.24642
875.835 -225.197 3.24611
875.767 -225.375 3.24732
875.953 -225.223 3.24398
875.997 -225.255 3.24317
876.041 -225.287 3.24236
876.119 -225.273 3.24094
876.163 -225.304 3.24012
876.207 -225.336 3.23929
876.25 -225.367 3.23845
876.294 -225.399 3.23761
876.305 -225.479 3.23735
876.349 -225.511 3.23649
876.393 -225.543 3.23562
876.421 -225.6 3.23503
876.356 -225.803 3.23609
873.067 -231.136 3.29418
873.151 -231.189 3.29248
873.236 -231.242 3.29076
873.32 -231.295 3.28903
873.405 -231.348 3.28729
873.489 -231.402 3.28553
873.574 -231.455 3.28376
873.659 -231.508 3.28198
873.744 -231.561 3.28019
873.828 -231.614 3.27838
873.913 -231.668 3.27655
873.998 -231.721 3.27472
874.083 -231.774 3.27287
874.168 -231.828 3.271
874.254 -231.881 3.26912
874.339 -231.935 3.26723
874.425 -231.988 3.26532
874.51 -232.042 3.2634
874.596 -232.096 3.26146
874.682 -232.15 3.2595
874.768 -232.204 3.25753
865.193 -276.904 3.35066
878.53 -227.303 3.18525
878.608 -227.236 3.18356
878.685 -227.17 3.18189
878.761 -227.106 3.18024
878.835 -227.043 3.17862
878.907 -226.981 3.17702
878.979 -226.92 3.17545
879.049 -226.86 3.17389
879.117 -226.802 3.17236
879.185 -226.744 3.17085
879.251 -226.687 3.16936
879.3 -226.724 3.16798
879.346 -226.776 3.16661
873.39 -278.524 3.1369
878.119 -257.726 3.08575
887.068 -265.631 2.79277
886.835 -261.718 2.8141
887.947 -262.908 2.77494
888.226 -262.701 2.76684
888.05 -258.4 2.78747
892.54 -264.56 2.62069
893.529 -261.06 2.59847
892.252 -255.075 2.6596
875.634 -224.927 3.22251
875.678 -224.959 3.22177
875.722 -224.99 3.22103
875.729 -225.068 3.22074
875.773 -225.1 3.21997
875.817 -225.132 3.2192
875.835 -225.197 3.21874
875.766 -225.375 3.21932
875.953 -225.223 3.21679
875.997 -225.255 3.21599
876.041 -225.287 3.21518
876.118 -225.273 3.21396
876.163 -225.304 3.21313
876.206 -225.336 3.2123
876.25 -225.367 3.21147
876.294 -225.399 3.21063
876.304 -225.479 3.21016
876.348 -225.511 3.20929
876.392 -225.543 3.20841
876.42 -225.6 3.20771
876.355 -225.804 3.20805
873.066 -231.135 3.24427
873.151 -231.188 3.24256
873.235 -231.241 3.24084
873.32 -231.294 3.2391
873.405 -231.347 3.23735
873.489 -231.4 3.23559
873.574 -231.453 3.23381
873.659 -231.506 3.23201
873.743 -231.56 3.2302
873.828 -231.613 3.22837
873.913 -231.666 3.22652
873.998 -231.719 3.22466
874.083 -231.773 3.22278
874.168 -231.826 3.22089
874.253 -231.88 3.21898
874.339 -231.933 3.21705
874.424 -231.987 3.2151
874.51 -232.041 3.21314
874.596 -232.094 3.21115
874.681 -232.148 3.20915
874.768 -232.202 3.20714
876.795 -228.759 3.18479
876.912 -228.659 3.1829
877.027 -228.561 3.18104
877.139 -228.467 3.17922
877.248 -228.374 3.17744
877.354 -228.284 3.17569
877.458 -228.195 3.17397
877.559 -228.109 3.17228
877.658 -228.025 3.17063
877.755 -227.943 3.169
877.849 -227.863 3.1674
877.941 -227.784 3.16582
878.032 -227.707 3.16427
878.12 -227.632 3.16274
878.207 -227.558 3.16124
878.292 -227.486 3.15976
878.375 -227.416 3.1583
878.456 -227.347 3.15686
878.536 -227.279 3.15545
878.614 -227.212 3.15405
878.69 -227.147 3.15267
878.765 -227.083 3.15131
878.839 -227.02 3.14996
878.912 -226.959 3.14863
878.983 -226.898 3.14732
879.052 -226.839 3.14603
879.121 -226.781 3.14475
879.188 -226.723 3.14348
879.254 -226.667 3.14223
879.309 -226.671 3.14084
879.355 -226.723 3.13933
873.385 -278.521 2.92776
878.115 -257.723 2.95044
887.061 -265.618 2.6288
886.832 -261.728 2.6635
887.943 -262.912 2.61971
888.221 -262.7 2.61222
888.047 -258.405 2.64765
892.533 -264.552 2.45665
884.867 -232.729 2.92664
884.949 -232.657 2.92423
882.944 -226.085 3.0358
882.986 -226.047 3.03455
883.04 -226.046 3.03265
883.095 -226.045 3.03073
883.149 -226.044 3.02879
875.678 -224.959 3.1947
875.722 -224.991 3.19397
875.728 -225.068 3.19349
875.772 -225.1 3.19273
875.816 -225.132 3.19197
875.834 -225.197 3.19137
875.766 -225.375 3.19132
875.952 -225.224 3.18961
875.996 -225.256 3.18881
876.04 -225.288 3.188
876.117 -225.274 3.18698
876.162 -225.304 3.18616
876.206 -225.336 3.18533
876.249 -225.368 3.18449
876.293 -225.399 3.18364
876.304 -225.479 3.18296
876.348 -225.511 3.18209
876.392 -225.543 3.1812
876.42 -225.6 3.18039
878.054 -223.144 3.17192
878.081 -223.166 3.17136
873.151 -231.187 3.19265
873.235 -231.24 3.19093
873.32 -231.293 3.18919
873.404 -231.346 3.18743
873.489 -231.399 3.18565
873.574 -231.452 3.18386
873.658 -231.505 3.18204
873.743 -231.558 3.18021
873.828 -231.611 3.17837
873.913 -231.665 3.1765
873.998 -231.718 3.17461
874.766 -230.452 3.17133
874.943 -230.303 3.16943
875.114 -230.158 3.16758
875.28 -230.017 3.16577
875.44 -229.882 3.164
875.596 -229.75 3.16228
875.747 -229.622 3.16059
875.893 -229.499 3.15894
876.035 -229.378 3.15733
876.173 -229.262 3.15574
876.307 -229.148 3.15419
876.437 -229.038 3.15267
876.564 -228.93 3.15118
876.688 -228.826 3.14971
876.808 -228.724 3.14828
876.925 -228.625 3.14686
877.039 -228.528 3.14547
877.15 -228.434 3.14411
877.258 -228.342 3.14276
877.364 -228.253 3.14144
877.467 -228.165 3.14014
877.568 -228.08 3.13885
877.667 -227.996 3.13759
877.763 -227.914 3.13634
877.857 -227.835 3.13511
877.949 -227.757 3.1339
878.039 -227.68 3.1327
878.127 -227.606 3.13152
878.214 -227.533 3.13035
878.298 -227.461 3.12919
878.381 -227.391 3.12805
878.462 -227.322 3.12693
878.541 -227.255 3.12581
878.619 -227.189 3.12471
878.695 -227.124 3.12361
878.77 -227.06 3.12253
878.844 -226.998 3.12146
878.916 -226.937 3.1204
878.987 -226.877 3.11935
879.056 -226.818 3.11831
879.124 -226.76 3.11728
879.191 -226.703 3.11626
879.257 -226.647 3.11524
879.309 -226.665 3.1138
879.355 -226.719 3.11212
879.401 -226.774 3.11042
873.38 -278.517 2.71863
878.112 -257.72 2.81515
887.056 -265.614 2.46478
886.829 -261.738 2.51282
887.939 -262.915 2.46445
888.216 -262.699 2.45761
888.044 -258.413 2.50774
882.206 -226.089 3.0358
882.248 -226.047 3.03478
882.299 -226.047 3.03303
882.351 -226.046 3.03128
882.402 -226.045 3.02951
882.454 -226.044 3.02773
882.506 -226.043 3.02593
882.558 -226.042 3.02412
882.61 -226.041 3.02229
882.663 -226.04 3.02045
882.715 -226.039 3.01859
882.768 -226.038 3.01672
882.821 -226.037 3.01483
882.874 -226.036 3.01292
882.928 -226.036 3.011
882.981 -226.035 3.00906
883.035 -226.034 3.0071
883.089 -226.033 3.00513
883.144 -226.032 3.00314
883.199 -226.031 3.00113
875.721 -224.991 3.16692
875.728 -225.068 3.16624
875.772 -225.1 3.16549
875.816 -225.132 3.16474
875.834 -225.198 3.164
875.765 -225.375 3.16331
875.951 -225.224 3.16241
875.995 -225.256 3.16162
876.039 -225.288 3.16082
876.117 -225.274 3.16
876.161 -225.304 3.15918
876.205 -225.336 3.15835
876.249 -225.368 3.1575
876.292 -225.399 3.15665
876.303 -225.48 3.15576
876.347 -225.512 3.15488
876.391 -225.544 3.15399
876.419 -225.6 3.15307
878.055 -223.143 3.15489
878.081 -223.165 3.15431
873.151 -231.185 3.14275
873.235 -231.238 3.14102
873.32 -231.291 3.13928
873.404 -231.344 3.13751
873.489 -231.398 3.13572
873.573 -231.451 3.13392
873.658 -231.504 3.13209
873.743 -231.557 3.13024
873.827 -231.61 3.12837
873.912 -231.663 3.12648
873.997 -231.717 3.12457
874.791 -230.402 3.12659
874.967 -230.254 3.12544
875.137 -230.11 3.12431
875.301 -229.972 3.1232
875.461 -229.837 3.12211
875.615 -229.707 3.12103
875.765 -229.58 3.11997
875.911 -229.457 3.11893
876.052 -229.338 3.11791
876.189 -229.222 3.11689
876.323 -229.11 3.11589
876.452 -229 3.11491
876.578 -228.894 3.11393
876.701 -228.79 3.11297
876.821 -228.689 3.11202
876.937 -228.591 3.11108
877.051 -228.495 3.11015
877.161 -228.402 3.10923
877.269 -228.311 3.10832
877.375 -228.222 3.10742
877.477 -228.135 3.10653
877.578 -228.05 3.10564
877.676 -227.967 3.10476
877.772 -227.886 3.10389
877.865 -227.807 3.10303
877.957 -227.73 3.10217
878.047 -227.654 3.10132
878.134 -227.58 3.10048
878.22 -227.507 3.09964
878.304 -227.436 3.09881
878.387 -227.366 3.09798
878.467 -227.298 3.09716
878.547 -227.231 3.09634
878.624 -227.165 3.09553
878.7 -227.101 3.09472
878.775 -227.038 3.09392
878.848 -226.976 3.09312
878.92 -226.915 3.09232
878.99 -226.855 3.09153
879.06 -226.797 3.09074
879.128 -226.739 3.08996
879.195 -226.683 3.08918
879.26 -226.627 3.0884
879.308 -226.664 3.08675
879.354 -226.718 3.08491
879.4 -226.773 3.08304
873.375 -278.513 2.50951
878.108 -257.718 2.67987
881.446 -226.088 3.0358
881.491 -226.047 3.03493
881.541 -226.047 3.03335
881.591 -226.046 3.03177
881.64 -226.045 3.03017
881.69 -226.044 3.02855
881.74 -226.043 3.02693
881.79 -226.043 3.02529
881.84 -226.042 3.02364
881.89 -226.041 3.02198
881.94 -226.04 3.0203
881.991 -226.039 3.01861
882.041 -226.038 3.01691
882.092 -226.038 3.0152
882.142 -226.037 3.01346
882.193 -226.036 3.01172
882.244 -226.035 3.00996
882.295 -226.034 3.00818
882.347 -226.033 3.00639
882.398 -226.032 3.00459
882.45 -226.031 3.00277
882.502 -226.03 3.00093
882.554 -226.03 2.99908
882.606 -226.029 2.99721
882.658 -226.028 2.99533
882.711 -226.027 2.99343
882.763 -226.026 2.99151
882.816 -226.025 2.98958
882.869 -226.024 2.98762
882.923 -226.023 2.98565
882.976 -226.022 2.98366
883.03 -226.021 2.98165
883.084 -226.02 2.97963
883.139 -226.019 2.97758
883.193 -226.018 2.97552
883.248 -226.017 2.97343
875.727 -225.068 3.13898
875.771 -225.1 3.13825
875.815 -225.132 3.13751
875.833 -225.198 3.13663
875.764 -225.376 3.1353
875.951 -225.224 3.13522
875.995 -225.256 3.13443
876.039 -225.288 3.13363
876.116 -225.274 3.13301
876.161 -225.304 3.13219
876.204 -225.336 3.13136
876.248 -225.368 3.13052
876.292 -225.4 3.12966
876.302 -225.48 3.12856
876.346 -225.512 3.12767
876.39 -225.544 3.12678
876.419 -225.6 3.12574
878.065 -223.126 3.13796
878.092 -223.148 3.13737
878.118 -223.169 3.13677
878.145 -223.191 3.13616
878.172 -223.212 3.13554
873.404 -231.343 3.0876
873.489 -231.396 3.0858
873.573 -231.449 3.08398
873.658 -231.502 3.08214
873.742 -231.555 3.08028
873.827 -231.609 3.07839
873.912 -231.662 3.07648
874.635 -230.504 3.08265
874.816 -230.352 3.08224
874.99 -230.205 3.08182
875.159 -230.063 3.08141
875.323 -229.926 3.08098
875.481 -229.793 3.08055
875.635 -229.663 3.08012
875.784 -229.538 3.07968
875.929 -229.417 3.07923
876.069 -229.298 3.07879
876.205 -229.184 3.07834
876.338 -229.072 3.07788
876.467 -228.964 3.07742
876.592 -228.858 3.07696
876.715 -228.755 3.07649
876.834 -228.655 3.07602
876.949 -228.558 3.07555
877.062 -228.463 3.07507
877.173 -228.37 3.07459
877.28 -228.279 3.07411
877.385 -228.191 3.07362
877.487 -228.105 3.07313
877.587 -228.021 3.07264
877.685 -227.938 3.07215
877.78 -227.858 3.07165
877.873 -227.779 3.07115
877.965 -227.702 3.07064
878.054 -227.627 3.07014
878.141 -227.554 3.06963
878.227 -227.481 3.06912
878.311 -227.411 3.0686
878.393 -227.342 3.06809
878.473 -227.274 3.06757
878.552 -227.207 3.06704
878.629 -227.142 3.06652
878.705 -227.078 3.06599
878.779 -227.015 3.06546
878.852 -226.954 3.06493
878.924 -226.893 3.0644
878.994 -226.834 3.06386
879.063 -226.776 3.06332
879.131 -226.718 3.06278
879.198 -226.662 3.06224
879.263 -226.61 3.06165
879.308 -226.664 3.05969
879.353 -226.718 3.0577
879.399 -226.773 3.05567
873.37 -278.51 2.30039
878.105 -257.715 2.54459
881.096 -226.041 3.02282
881.145 -226.041 3.02133
881.194 -226.04 3.01982
881.243 -226.039 3.01831
881.292 -226.038 3.01678
881.341 -226.038 3.01524
881.391 -226.037 3.01369
881.44 -226.036 3.01212
881.489 -226.035 3.01054
881.539 -226.034 3.00895
881.588 -226.034 3.00735
881.638 -226.033 3.00573
881.688 -226.032 3.0041
881.737 -226.031 3.00246
881.787 -226.03 3.0008
881.837 -226.03 2.99913
881.887 -226.029 2.99744
881.937 -226.028 2.99574
881.988 -226.027 2.99403
882.038 -226.026 2.9923
882.088 -226.025 2.99055
882.139 -226.024 2.98879
882.19 -226.024 2.98702
882.241 -226.023 2.98523
882.292 -226.022 2.98342
882.343 -226.021 2.9816
882.394 -226.02 2.97976
882.446 -226.019 2.9779
882.498 -226.018 2.97603
882.55 -226.017 2.97414
882.602 -226.016 2.97223
882.654 -226.015 2.9703
882.706 -226.014 2.96836
882.759 -226.013 2.96639
882.812 -226.012 2.96441
882.865 -226.011 2.96241
882.918 -226.01 2.96039
882.971 -226.009 2.95835
883.025 -226.008 2.95629
883.079 -226.007 2.95421
883.133 -226.006 2.95212
883.188 -226.005 2.94999
883.242 -226.004 2.94785
883.297 -226.003 2.94569
875.77 -225.101 3.111
875.814 -225.133 3.11027
875.832 -225.198 3.10925
875.764 -225.376 3.10728
875.95 -225.224 3.10802
875.994 -225.256 3.10723
876.038 -225.288 3.10643
876.115 -225.275 3.10601
876.16 -225.305 3.1052
876.204 -225.336 3.10437
876.247 -225.368 3.10352
876.291 -225.4 3.10266
876.302 -225.48 3.10136
876.346 -225.512 3.10046
876.39 -225.544 3.09956
876.418 -225.6 3.09841
878.067 -223.123 3.12103
878.093 -223.145 3.12043
878.12 -223.166 3.11981
878.147 -223.187 3.11919
878.173 -223.209 3.11856
873.404 -231.342 3.03769
873.488 -231.395 3.03589
873.573 -231.448 3.03406
873.658 -231.501 3.0322
873.742 -231.554 3.03032
873.827 -231.607 3.02841
873.912 -231.66 3.02647
874.661 -230.453 3.03793
874.841 -230.303 3.03827
875.014 -230.158 3.03858
875.182 -230.017 3.03886
875.344 -229.881 3.03911
875.502 -229.749 3.03933
875.654 -229.621 3.03953
875.803 -229.497 3.0397
875.946 -229.376 3.03984
876.086 -229.259 3.03997
876.222 -229.145 3.04007
876.353 -229.035 3.04015
876.482 -228.927 3.04021
876.606 -228.822 3.04025
876.728 -228.72 3.04027
876.846 -228.621 3.04027
876.962 -228.524 3.04026
877.074 -228.43 3.04023
877.184 -228.338 3.04018
877.291 -228.248 3.04012
877.395 -228.161 3.04005
877.497 -228.075 3.03995
877.596 -227.992 3.03985
877.694 -227.91 3.03973
877.789 -227.83 3.0396
877.881 -227.752 3.03946
877.972 -227.676 3.0393
878.061 -227.601 3.03914
878.148 -227.528 3.03896
878.234 -227.456 3.03877
878.317 -227.386 3.03857
878.399 -227.317 3.03836
878.479 -227.25 3.03814
878.557 -227.184 3.03791
878.634 -227.119 3.03767
878.71 -227.055 3.03742
878.784 -226.993 3.03716
878.857 -226.932 3.0369
878.928 -226.872 3.03662
878.998 -226.813 3.03634
879.067 -226.755 3.03605
879.135 -226.698 3.03575
879.201 -226.642 3.03544
879.262 -226.609 3.03476
879.307 -226.663 3.03264
879.353 -226.717 3.03049
879.399 -226.772 3.0283
873.364 -278.506 2.09128
878.101 -257.713 2.40931
881.046 -226.03 3.00008
881.094 -226.029 2.99859
881.143 -226.029 2.99709
881.192 -226.028 2.99558
881.241 -226.027 2.99406
881.29 -226.026 2.99252
881.34 -226.025 2.99097
881.389 -226.025 2.98941
881.438 -226.024 2.98783
881.487 -226.023 2.98624
881.537 -226.022 2.98464
881.586 -226.022 2.98302
881.635 -226.021 2.98138
881.685 -226.02 2.97974
881.735 -226.019 2.97807
881.784 -226.018 2.97639
881.834 -226.017 2.9747
881.884 -226.017 2.97299
881.934 -226.016 2.97127
881.985 -226.015 2.96953
882.035 -226.014 2.96777
882.085 -226.013 2.966
882.136 -226.012 2.96421
882.186 -226.011 2.9624
882.237 -226.01 2.96058
882.288 -226.009 2.95874
882.339 -226.008 2.95688
882.391 -226.007 2.95501
882.442 -226.007 2.95312
882.494 -226.006 2.9512
882.545 -226.005 2.94927
882.597 -226.004 2.94733
882.649 -226.003 2.94536
882.702 -226.002 2.94337
882.754 -226.001 2.94136
882.807 -226 2.93934
882.86 -225.999 2.93729
882.913 -225.998 2.93522
882.966 -225.997 2.93313
883.02 -225.996 2.93102
883.074 -225.994 2.92889
883.128 -225.993 2.92674
883.182 -225.992 2.92456
883.237 -225.991 2.92236
883.292 -225.99 2.92014
883.347 -225.989 2.9179
875.814 -225.133 3.08302
875.7 -225.365 3.07976
875.745 -225.399 3.07898
875.949 -225.224 3.08081
875.993 -225.256 3.08003
876.037 -225.288 3.07923
876.114 -225.275 3.07901
876.159 -225.305 3.07821
876.203 -225.337 3.07738
876.247 -225.368 3.07653
876.29 -225.4 3.07566
876.301 -225.48 3.07414
876.345 -225.512 3.07324
876.389 -225.544 3.07233
876.289 -225.798 3.06841
878.067 -223.122 3.1041
878.094 -223.144 3.10348
878.12 -223.165 3.10285
878.147 -223.186 3.10222
878.174 -223.208 3.10157
873.404 -231.34 2.98779
873.488 -231.393 2.98598
873.573 -231.446 2.98413
873.657 -231.5 2.98226
873.742 -231.553 2.98036
873.827 -231.606 2.97843
873.911 -231.659 2.97648
874.687 -230.403 2.99359
874.865 -230.254 2.99467
875.037 -230.11 2.9957
875.204 -229.971 2.99666
875.365 -229.836 2.99757
875.522 -229.705 2.99844
875.674 -229.578 2.99925
875.821 -229.455 3.00002
875.964 -229.336 3.00075
876.103 -229.22 3.00144
876.238 -229.107 3.00208
876.369 -228.997 3.00269
876.496 -228.891 3.00326
876.62 -228.787 3.0038
876.741 -228.686 3.0043
876.859 -228.587 3.00477
876.974 -228.491 3.00521
877.086 -228.398 3.00562
877.195 -228.306 3.006
877.301 -228.217 3.00636
877.405 -228.13 3.00669
877.506 -228.045 3.00699
877.605 -227.963 3.00727
877.702 -227.881 3.00752
877.797 -227.802 3.00776
877.889 -227.725 3.00797
877.98 -227.649 3.00815
878.069 -227.575 3.00832
878.155 -227.502 3.00847
878.24 -227.431 3.0086
878.323 -227.361 3.00871
878.405 -227.293 3.00881
878.484 -227.226 3.00888
878.563 -227.16 3.00894
878.639 -227.096 3.00898
878.715 -227.033 3.00901
878.789 -226.971 3.00902
878.861 -226.91 3.00901
878.932 -226.85 3.00899
879.002 -226.792 3.00896
879.071 -226.734 3.00891
879.138 -226.678 3.00885
879.204 -226.622 3.00878
879.262 -226.609 3.00786
879.307 -226.662 3.00559
879.352 -226.716 3.00328
879.398 -226.771 3.00093
873.359 -278.502 1.88216
878.098 -257.71 2.27403
880.999 -226.102 2.97525
881.044 -226.018 2.97593
881.093 -226.017 2.97445
881.142 -226.016 2.97294
881.191 -226.016 2.97142
881.24 -226.015 2.96989
881.289 -226.014 2.96835
881.338 -226.013 2.96679
881.387 -226.013 2.96521
881.436 -226.012 2.96362
881.485 -226.011 2.96202
881.534 -226.01 2.9604
881.584 -226.009 2.95877
881.633 -226.009 2.95711
881.683 -226.008 2.95545
881.732 -226.007 2.95377
881.782 -226.006 2.95207
881.831 -226.005 2.95035
881.881 -226.004 2.94862
881.931 -226.003 2.94687
881.981 -226.003 2.94511
882.032 -226.002 2.94333
882.082 -226.001 2.94153
882.132 -226 2.93971
882.183 -225.999 2.93787
882.234 -225.998 2.93602
882.285 -225.997 2.93415
882.336 -225.996 2.93225
882.387 -225.995 2.93035
882.438 -225.994 2.92842
882.49 -225.993 2.92647
882.541 -225.992 2.9245
882.593 -225.991 2.92251
882.645 -225.99 2.9205
882.697 -225.989 2.91847
882.75 -225.988 2.91642
882.802 -225.987 2.91435
882.855 -225.986 2.91225
882.908 -225.985 2.91014
882.961 -225.984 2.908
883.015 -225.983 2.90584
883.069 -225.982 2.90366
883.123 -225.981 2.90145
883.177 -225.98 2.89922
883.231 -225.978 2.89696
883.286 -225.977 2.89468
883.341 -225.976 2.89238
883.396 -225.975 2.89005
875.651 -225.427 3.05059
875.697 -225.46 3.0498
875.743 -225.494 3.04901
875.993 -225.257 3.05283
876.037 -225.289 3.05203
876.111 -225.279 3.05194
876.155 -225.311 3.05111
876.198 -225.343 3.05027
876.242 -225.375 3.04942
876.285 -225.407 3.04854
876.3 -225.48 3.04693
876.344 -225.512 3.04602
876.388 -225.544 3.0451
876.248 -225.861 3.03915
878.067 -223.121 3.08717
878.094 -223.143 3.08654
878.12 -223.164 3.0859
878.147 -223.185 3.08525
878.174 -223.207 3.08458
873.403 -231.339 2.9379
873.488 -231.392 2.93607
873.572 -231.445 2.93421
873.657 -231.498 2.93233
873.742 -231.551 2.93041
873.826 -231.604 2.92846
873.911 -231.658 2.92648
874.712 -230.353 2.94965
874.889 -230.205 2.95145
875.06 -230.063 2.95317
875.226 -229.925 2.95481
875.386 -229.791 2.95638
875.542 -229.662 2.95787
875.693 -229.536 2.9593
875.839 -229.414 2.96066
875.981 -229.296 2.96195
876.119 -229.181 2.96319
876.253 -229.069 2.96438
876.384 -228.96 2.9655
876.511 -228.855 2.96658
876.634 -228.752 2.9676
876.755 -228.651 2.96858
876.872 -228.554 2.96951
876.986 -228.458 2.9704
877.097 -228.366 2.97124
877.206 -228.275 2.97205
877.312 -228.187 2.97281
877.415 -228.1 2.97354
877.516 -228.016 2.97423
877.615 -227.934 2.97489
877.711 -227.853 2.97551
877.805 -227.775 2.9761
877.897 -227.698 2.97666
877.988 -227.622 2.97719
878.076 -227.549 2.97769
878.162 -227.477 2.97816
878.247 -227.406 2.97861
878.329 -227.337 2.97903
878.411 -227.269 2.97942
878.49 -227.202 2.97979
878.568 -227.137 2.98013
878.645 -227.073 2.98045
878.72 -227.01 2.98075
878.793 -226.949 2.98102
878.865 -226.888 2.98128
878.936 -226.829 2.98151
879.006 -226.771 2.98173
879.074 -226.713 2.98192
879.141 -226.657 2.9821
879.207 -226.602 2.98225
879.261 -226.608 2.98097
879.306 -226.661 2.97854
879.352 -226.716 2.97607
879.398 -226.771 2.97356
879.444 -226.826 2.97099
873.354 -278.499 1.67304
878.094 -257.708 2.13874
880.994 -226.007 2.95335
881.043 -226.006 2.95187
881.092 -226.005 2.95038
881.14 -226.004 2.94887
881.189 -226.004 2.94735
881.238 -226.003 2.94581
881.287 -226.002 2.94425
881.336 -226.001 2.94268
881.385 -226.001 2.9411
881.434 -226 2.93949
881.483 -225.999 2.93788
881.532 -225.998 2.93624
881.581 -225.997 2.93459
881.631 -225.996 2.93293
881.68 -225.996 2.93124
881.73 -225.995 2.92954
881.779 -225.994 2.92782
881.829 -225.993 2.92608
881.879 -225.992 2.92433
881.928 -225.991 2.92256
881.978 -225.99 2.92077
882.029 -225.989 2.91896
882.079 -225.989 2.91713
882.129 -225.988 2.91529
882.18 -225.987 2.91342
882.23 -225.986 2.91154
882.281 -225.985 2.90963
882.332 -225.984 2.90771
882.383 -225.983 2.90576
882.434 -225.982 2.9038
882.486 -225.981 2.90181
882.537 -225.98 2.89981
882.589 -225.979 2.89778
882.641 -225.978 2.89573
882.693 -225.977 2.89366
882.745 -225.976 2.89156
882.798 -225.975 2.88944
882.85 -225.974 2.8873
882.903 -225.973 2.88514
882.956 -225.971 2.88295
883.01 -225.97 2.88074
883.063 -225.969 2.87851
883.117 -225.968 2.87624
883.171 -225.967 2.87396
883.226 -225.966 2.87165
883.28 -225.965 2.86931
883.335 -225.963 2.86694
883.39 -225.962 2.86455
883.446 -225.961 2.86214
875.697 -225.46 3.02139
875.742 -225.494 3.0206
875.992 -225.257 3.0256
876.036 -225.289 3.02481
876.094 -225.302 3.02441
876.138 -225.334 3.02358
876.181 -225.366 3.02274
876.225 -225.398 3.02187
876.268 -225.43 3.02099
876.3 -225.481 3.0197
876.344 -225.513 3.01878
876.201 -225.827 3.0117
876.247 -225.861 3.01071
878.068 -223.12 3.07024
878.094 -223.142 3.0696
878.121 -223.163 3.06894
878.147 -223.184 3.06828
878.174 -223.206 3.0676
873.403 -231.338 2.88799
873.488 -231.391 2.88615
873.572 -231.444 2.88428
873.657 -231.497 2.88238
873.741 -231.55 2.88044
873.826 -231.603 2.87848
873.911 -231.656 2.87647
874.738 -230.303 2.90606
874.913 -230.157 2.90858
875.083 -230.016 2.91099
875.248 -229.88 2.91329
875.407 -229.747 2.9155
875.562 -229.619 2.91761
875.712 -229.494 2.91964
875.857 -229.374 2.92158
875.999 -229.256 2.92344
876.136 -229.142 2.92522
876.269 -229.031 2.92693
876.399 -228.924 2.92857
876.525 -228.819 2.93014
876.648 -228.717 2.93165
876.768 -228.617 2.9331
876.884 -228.52 2.93448
876.998 -228.426 2.93581
877.109 -228.334 2.93709
877.217 -228.244 2.93831
877.322 -228.156 2.93948
877.425 -228.07 2.9406
877.525 -227.987 2.94167
877.624 -227.905 2.9427
877.72 -227.825 2.94369
877.814 -227.747 2.94464
877.905 -227.671 2.94554
877.995 -227.596 2.94641
878.083 -227.523 2.94723
878.169 -227.451 2.94802
878.253 -227.381 2.94878
878.336 -227.312 2.9495
878.416 -227.245 2.95019
878.496 -227.179 2.95085
878.573 -227.114 2.95147
878.65 -227.05 2.95207
878.724 -226.988 2.95263
878.798 -226.927 2.95317
878.87 -226.867 2.95368
878.94 -226.808 2.95417
879.01 -226.75 2.95463
879.078 -226.693 2.95506
879.145 -226.637 2.95547
879.211 -226.582 2.95585
879.261 -226.607 2.95407
879.305 -226.661 2.95148
879.351 -226.715 2.94886
879.397 -226.77 2.94618
879.444 -226.825 2.94345
873.349 -278.495 1.46383
878.357 -253.732 2.12218
878.609 -253.582 2.1204
878.846 -253.658 2.11178
879.079 -253.853 2.09942
879.316 -254.037 2.08725
880.993 -225.995 2.92936
881.041 -225.994 2.92788
881.09 -225.993 2.92638
881.139 -225.992 2.92487
881.188 -225.992 2.92334
881.236 -225.991 2.92179
881.285 -225.99 2.92023
881.334 -225.989 2.91865
881.383 -225.989 2.91705
881.432 -225.988 2.91544
881.481 -225.987 2.91381
881.53 -225.986 2.91216
881.579 -225.985 2.91049
881.628 -225.984 2.90881
881.678 -225.984 2.90711
881.727 -225.983 2.90539
881.776 -225.982 2.90365
881.826 -225.981 2.90189
881.876 -225.98 2.90011
881.925 -225.979 2.89832
881.975 -225.978 2.8965
882.025 -225.977 2.89467
882.076 -225.976 2.89281
882.126 -225.975 2.89094
882.176 -225.975 2.88904
882.227 -225.974 2.88713
882.277 -225.973 2.88519
882.328 -225.972 2.88324
882.379 -225.971 2.88126
882.43 -225.97 2.87926
882.482 -225.969 2.87723
882.533 -225.968 2.87519
882.585 -225.967 2.87312
882.636 -225.966 2.87103
882.689 -225.964 2.86892
882.741 -225.963 2.86678
882.793 -225.962 2.86462
882.846 -225.961 2.86243
882.899 -225.96 2.86022
882.952 -225.959 2.85798
883.005 -225.958 2.85572
883.058 -225.957 2.85344
883.112 -225.956 2.85112
883.166 -225.954 2.84878
883.22 -225.953 2.84642
883.275 -225.952 2.84403
883.329 -225.951 2.8416
883.384 -225.95 2.83915
883.44 -225.948 2.83668
883.495 -225.947 2.83417
875.742 -225.494 2.99219
875.788 -225.527 2.99139
876.035 -225.289 2.99759
876.079 -225.321 2.99678
876.123 -225.353 2.99596
876.167 -225.385 2.99511
877.916 -222.983 3.05723
877.942 -223.004 3.05665
877.968 -223.025 3.05605
877.994 -223.047 3.05545
878.021 -223.068 3.05483
878.047 -223.089 3.0542
878.074 -223.11 3.05356
878.1 -223.132 3.0529
878.127 -223.153 3.05223
878.153 -223.174 3.05156
878.18 -223.196 3.05086
878.206 -223.217 3.05016
878.233 -223.238 3.04944
878.26 -223.26 3.04871
878.287 -223.281 3.04797
878.314 -223.303 3.04721
873.826 -231.602 2.82851
874.575 -230.416 2.85917
874.763 -230.254 2.86286
874.937 -230.11 2.86608
875.106 -229.97 2.86916
875.269 -229.835 2.87212
875.428 -229.703 2.87496
875.581 -229.576 2.87768
875.731 -229.453 2.8803
875.875 -229.333 2.88281
876.016 -229.217 2.88523
876.152 -229.104 2.88755
876.285 -228.994 2.88978
876.414 -228.887 2.89192
876.539 -228.783 2.89398
876.662 -228.682 2.89596
876.781 -228.583 2.89787
876.897 -228.487 2.8997
877.01 -228.393 2.90147
877.12 -228.302 2.90316
877.227 -228.213 2.90479
877.332 -228.126 2.90637
877.435 -228.041 2.90788
877.535 -227.958 2.90933
877.633 -227.877 2.91073
877.728 -227.797 2.91207
877.822 -227.72 2.91337
877.913 -227.644 2.91461
878.003 -227.57 2.91581
878.09 -227.497 2.91696
878.176 -227.426 2.91807
878.26 -227.356 2.91913
878.342 -227.288 2.92015
878.422 -227.221 2.92113
878.501 -227.155 2.92207
878.579 -227.091 2.92298
878.655 -227.028 2.92385
878.729 -226.966 2.92468
878.802 -226.905 2.92548
878.874 -226.845 2.92624
878.944 -226.787 2.92697
879.014 -226.729 2.92767
879.081 -226.673 2.92834
879.148 -226.617 2.92898
879.214 -226.562 2.92959
879.26 -226.607 2.92717
879.305 -226.66 2.92443
879.35 -226.714 2.92165
879.396 -226.769 2.91881
879.443 -226.825 2.91591
873.344 -278.492 1.25466
876.622 -253.928 2.03591
877.091 -251.894 2.09598
877.342 -251.704 2.09671
877.57 -251.721 2.09063
877.861 -253.801 2.01067
878.131 -253.455 2.01605
878.382 -253.31 2.01479
878.629 -253.184 2.01287
878.873 -253.095 2.00966
879.104 -253.248 1.99819
879.341 -253.288 1.99043
879.571 -253.585 1.97379
880.992 -225.983 2.90545
881.04 -225.982 2.90397
881.089 -225.981 2.90247
881.137 -225.98 2.90095
881.186 -225.98 2.89941
881.235 -225.979 2.89786
881.283 -225.978 2.89629
881.332 -225.977 2.8947
881.381 -225.977 2.89309
881.43 -225.976 2.89146
881.479 -225.975 2.88982
881.528 -225.974 2.88816
881.577 -225.973 2.88648
881.626 -225.972 2.88478
881.675 -225.972 2.88306
881.724 -225.971 2.88132
881.774 -225.97 2.87956
881.823 -225.969 2.87778
881.873 -225.968 2.87598
881.923 -225.967 2.87416
881.972 -225.966 2.87232
882.022 -225.965 2.87046
882.072 -225.964 2.86858
882.123 -225.963 2.86668
882.173 -225.962 2.86476
882.223 -225.961 2.86281
882.274 -225.96 2.86084
882.324 -225.959 2.85885
882.375 -225.958 2.85684
882.426 -225.957 2.8548
882.478 -225.956 2.85274
882.529 -225.955 2.85066
882.58 -225.954 2.84855
882.632 -225.953 2.84642
882.684 -225.952 2.84427
882.736 -225.951 2.84209
882.789 -225.95 2.83988
882.841 -225.949 2.83765
882.894 -225.948 2.83539
882.947 -225.947 2.83311
883 -225.945 2.8308
883.053 -225.944 2.82846
883.107 -225.943 2.82609
883.161 -225.942 2.8237
883.215 -225.941 2.82128
883.269 -225.939 2.81883
883.324 -225.938 2.81635
883.379 -225.937 2.81384
883.434 -225.936 2.8113
883.489 -225.934 2.80874
883.545 -225.933 2.80613
875.787 -225.528 2.96298
876.035 -225.289 2.97037
876.079 -225.321 2.96956
876.123 -225.353 2.96873
877.9 -222.947 3.04142
877.926 -222.968 3.04085
877.952 -222.989 3.04026
877.978 -223.01 3.03966
878.005 -223.031 3.03904
878.031 -223.052 3.03842
878.057 -223.073 3.03778
878.083 -223.095 3.03713
878.11 -223.116 3.03646
878.136 -223.137 3.03578
878.163 -223.158 3.03509
878.189 -223.179 3.03439
878.216 -223.201 3.03367
878.242 -223.222 3.03294
878.269 -223.243 3.03219
878.296 -223.265 3.03143
878.323 -223.286 3.03066
878.35 -223.308 3.02988
874.568 -230.428 2.81367
874.787 -230.205 2.82002
874.961 -230.062 2.82393
875.128 -229.924 2.82768
875.291 -229.79 2.83128
875.448 -229.66 2.83474
875.601 -229.534 2.83806
875.749 -229.412 2.84126
875.893 -229.293 2.84434
876.033 -229.178 2.8473
876.168 -229.066 2.85014
876.3 -228.957 2.85289
876.429 -228.851 2.85553
876.554 -228.748 2.85807
876.675 -228.647 2.86052
876.794 -228.55 2.86288
876.909 -228.454 2.86516
877.021 -228.361 2.86735
877.131 -228.271 2.86946
877.238 -228.182 2.8715
877.343 -228.096 2.87346
877.445 -228.011 2.87536
877.544 -227.929 2.87719
877.642 -227.848 2.87895
877.737 -227.77 2.88065
877.83 -227.693 2.88229
877.921 -227.617 2.88387
878.01 -227.544 2.88539
878.097 -227.471 2.88686
878.182 -227.401 2.88828
878.266 -227.332 2.88965
878.348 -227.264 2.89096
878.428 -227.197 2.89223
878.507 -227.132 2.89346
878.584 -227.068 2.89464
878.66 -227.005 2.89578
878.734 -226.944 2.89687
878.807 -226.883 2.89793
878.878 -226.824 2.89894
878.948 -226.766 2.89992
879.017 -226.708 2.90086
879.085 -226.652 2.90176
879.152 -226.597 2.90263
879.215 -226.553 2.90311
879.259 -226.606 2.90027
879.304 -226.659 2.89738
879.35 -226.714 2.89444
879.396 -226.768 2.89143
879.442 -226.824 2.88838
875.748 -251.505 2.02482
876.034 -251.131 2.03307
876.261 -251.138 2.02792
876.486 -251.158 2.02226
876.728 -251.041 2.02139
876.981 -250.815 2.02435
877.231 -250.584 2.02748
877.476 -250.36 2.0304
877.715 -250.171 2.03202
877.953 -249.953 2.03471
878.184 -249.785 2.03556
878.416 -249.57 2.03811
878.63 -249.56 2.03313
878.846 -249.52 2.02918
879.083 -249.076 2.04019
879.318 -248.533 2.05504
879.537 -248.225 2.06113
879.746 -248.049 2.06233
879.951 -247.959 2.06022
880.152 -248.014 2.05252
880.352 -248.161 2.04124
880.554 -248.393 2.02651
880.76 -248.647 2.01076
880.969 -248.909 1.99455
881.181 -249.16 1.97858
881.391 -249.153 1.97258
881.6 -249.098 1.9684
881.806 -248.993 1.96615
880.99 -225.971 2.88162
881.039 -225.97 2.88014
881.087 -225.969 2.87863
881.136 -225.969 2.87711
881.184 -225.968 2.87556
881.233 -225.967 2.874
881.282 -225.966 2.87242
881.33 -225.965 2.87082
881.379 -225.965 2.86921
881.428 -225.964 2.86757
881.477 -225.963 2.86591
881.525 -225.962 2.86423
881.574 -225.961 2.86254
881.624 -225.96 2.86082
881.673 -225.96 2.85908
881.722 -225.959 2.85733
881.771 -225.958 2.85555
881.821 -225.957 2.85375
881.87 -225.956 2.85193
881.92 -225.955 2.85009
881.969 -225.954 2.84822
882.019 -225.953 2.84634
882.069 -225.952 2.84443
882.119 -225.951 2.8425
882.169 -225.95 2.84055
882.22 -225.949 2.83857
882.27 -225.948 2.83657
882.321 -225.947 2.83455
882.372 -225.946 2.8325
882.423 -225.945 2.83043
882.474 -225.944 2.82833
882.525 -225.943 2.82621
882.576 -225.942 2.82407
882.628 -225.941 2.8219
882.68 -225.94 2.8197
882.732 -225.939 2.81747
882.784 -225.938 2.81523
882.836 -225.936 2.81295
882.889 -225.935 2.81065
882.942 -225.934 2.80831
882.995 -225.933 2.80595
883.048 -225.932 2.80357
883.101 -225.931 2.80115
883.155 -225.929 2.7987
883.209 -225.928 2.79623
883.263 -225.927 2.79372
883.318 -225.926 2.79119
883.373 -225.924 2.78862
883.428 -225.923 2.78602
883.483 -225.922 2.78339
883.539 -225.92 2.78072
883.595 -225.919 2.77803
875.858 -225.527 2.93492
876.072 -225.33 2.94203
877.77 -223.07 3.02025
877.91 -222.932 3.02517
877.936 -222.953 3.02459
877.962 -222.974 3.02399
877.988 -222.995 3.02338
878.015 -223.016 3.02276
878.041 -223.037 3.02213
878.067 -223.058 3.02148
878.093 -223.079 3.02082
878.119 -223.1 3.02014
878.146 -223.121 3.01945
878.172 -223.142 3.01875
878.199 -223.163 3.01803
878.225 -223.185 3.0173
878.251 -223.206 3.01656
878.278 -223.227 3.0158
878.305 -223.248 3.01503
878.332 -223.27 3.01424
878.358 -223.291 3.01344
878.385 -223.313 3.01262
874.812 -230.157 2.77755
874.984 -230.015 2.78213
875.151 -229.878 2.78653
875.312 -229.746 2.79076
875.469 -229.617 2.79483
875.62 -229.492 2.79875
875.768 -229.371 2.80252
875.911 -229.253 2.80615
876.05 -229.139 2.80964
876.185 -229.028 2.81301
876.316 -228.92 2.81626
876.443 -228.815 2.81939
876.568 -228.713 2.82241
876.689 -228.613 2.82532
876.806 -228.516 2.82813
876.921 -228.422 2.83084
877.033 -228.329 2.83345
877.142 -228.239 2.83598
877.249 -228.152 2.83842
877.353 -228.066 2.84077
877.454 -227.982 2.84305
877.554 -227.9 2.84524
877.651 -227.82 2.84736
877.745 -227.742 2.84941
877.838 -227.666 2.85139
877.929 -227.591 2.8533
878.017 -227.518 2.85515
878.104 -227.446 2.85694
878.189 -227.376 2.85866
878.272 -227.307 2.86033
878.354 -227.24 2.86194
878.434 -227.174 2.8635
878.512 -227.109 2.865
878.589 -227.045 2.86645
878.665 -226.983 2.86786
878.738 -226.922 2.86921
878.811 -226.862 2.87052
878.882 -226.803 2.87178
878.952 -226.745 2.873
879.021 -226.688 2.87418
879.089 -226.632 2.87532
879.155 -226.577 2.87641
879.214 -226.552 2.87637
879.259 -226.605 2.87337
879.304 -226.659 2.87033
879.349 -226.713 2.86722
879.395 -226.768 2.86406
879.442 -226.823 2.86084
876.027 -249.65 1.98142
876.731 -246.298 2.10641
876.955 -246.079 2.11082
877.155 -246.019 2.10905
877.336 -246.102 2.10168
877.511 -246.243 2.09191
877.667 -246.571 2.07465
877.828 -246.892 2.05751
878.049 -246.639 2.063
878.266 -246.379 2.06879
878.467 -246.265 2.06872
878.662 -246.21 2.06624
878.856 -246.168 2.06323
879.047 -246.141 2.05953
879.237 -246.129 2.05517
879.427 -246.119 2.05064
879.617 -246.101 2.04637
879.807 -246.088 2.04186
879.996 -246.065 2.03767
880.185 -246.049 2.03315
880.374 -246.028 2.02878
880.562 -246 2.02459
880.75 -245.97 2.02046
880.938 -245.935 2.0165
881.125 -245.902 2.01233
881.311 -245.847 2.0091
881.496 -245.793 2.00576
881.681 -245.746 2.00208
880.989 -225.959 2.85787
881.038 -225.958 2.85638
881.086 -225.957 2.85487
881.134 -225.957 2.85334
881.183 -225.956 2.85179
881.231 -225.955 2.85022
881.28 -225.954 2.84863
881.328 -225.954 2.84703
881.377 -225.953 2.8454
881.426 -225.952 2.84375
881.474 -225.951 2.84208
881.523 -225.95 2.84039
881.572 -225.949 2.83868
881.621 -225.948 2.83694
881.67 -225.948 2.83519
881.719 -225.947 2.83341
881.769 -225.946 2.83161
881.818 -225.945 2.82979
881.867 -225.944 2.82795
881.917 -225.943 2.82609
881.966 -225.942 2.8242
882.016 -225.941 2.82229
882.066 -225.94 2.82035
882.116 -225.939 2.81839
882.166 -225.938 2.81641
882.216 -225.937 2.81441
882.267 -225.936 2.81238
882.317 -225.935 2.81032
882.368 -225.934 2.80824
882.419 -225.933 2.80613
882.47 -225.932 2.804
882.521 -225.931 2.80184
882.572 -225.93 2.79966
882.624 -225.929 2.79745
882.675 -225.928 2.79521
882.727 -225.926 2.79295
882.779 -225.925 2.79065
882.832 -225.924 2.78833
882.884 -225.923 2.78598
882.937 -225.922 2.7836
882.99 -225.921 2.78119
883.043 -225.919 2.77876
883.096 -225.918 2.77629
883.15 -225.917 2.77379
883.204 -225.916 2.77126
883.258 -225.914 2.7687
883.312 -225.913 2.7661
883.367 -225.912 2.76348
883.422 -225.91 2.76082
883.477 -225.909 2.75813
883.533 -225.908 2.7554
883.588 -225.906 2.75264
883.644 -225.905 2.74984
 ] }
 color Color { color [
0.0832005 0 0.916799
0.0831303 0 0.91687
0.0830643 0 0.916936
0.0782233 0 0.921777
0.0781692 0 0.921831
0.0781191 0 0.921881
0.0780733 0 0.921927
0.078031 0 0.921969
0.0827589 0 0.917241
0.0827227 0 0.917277
0.0826909 0 0.917309
0.0826632 0 0.917337
0.0826393 0 0.917361
0.0826198 0 0.91738
0.0826045 0 0.917395
0.0825935 0 0.917406
0.0776805 0 0.922319
0.0776776 0 0.922322
0.0776786 0 0.922321
0.0776839 0 0.922316
0.0776928 0 0.922307
0.0777057 0 0.922294
0.0826312 0 0.917369
0.0826533 0 0.917347
0.0826796 0 0.91732
0.142895 0 0.857105
0.142889 0 0.857111
0.142891 0 0.857109
0.1429 0 0.8571
0.142915 0 0.857085
0.142938 0 0.857062
0.142968 0 0.857032
0.143004 0 0.856996
0.143048 0 0.856952
0.143099 0 0.856901
0.143157 0 0.856843
0.143221 0 0.856779
0.143294 0 0.856706
0.143373 0 0.856627
0.143459 0 0.856541
0.143552 0 0.856448
0.143653 0 0.856347
0.143761 0 0.856239
0.143876 0 0.856124
0.143998 0 0.856002
0.144128 0 0.855872
0.144265 0 0.855735
0.387911 0 0.612089
0.468006 0 0.531994
0.430543 0 0.569457
0.444269 0 0.555731
0.443458 0 0.556542
0.400522 0 0.599478
0.471566 0 0.528434
0.082891 0 0.917109
0.0828215 0 0.917178
0.0779911 0 0.922009
0.0779332 0 0.922067
0.0778794 0 0.922121
0.0778306 0 0.922169
0.0777884 0 0.922212
0.0777497 0 0.92225
0.0777151 0 0.922285
0.0824169 0 0.917583
0.0823854 0 0.917615
0.0823576 0 0.917642
0.0823343 0 0.917666
0.0823149 0 0.917685
0.0822996 0 0.9177
0.0775226 0 0.922477
0.0775184 0 0.922482
0.0775186 0 0.922481
0.077522 0 0.922478
0.0775294 0 0.922471
0.0775406 0 0.922459
0.0775556 0 0.922444
0.082326 0 0.917674
0.0823481 0 0.917652
0.0823742 0 0.917626
0.082404 0 0.917596
0.142856 0 0.857144
0.142857 0 0.857143
0.142866 0 0.857134
0.142882 0 0.857118
0.142904 0 0.857096
0.142934 0 0.857066
0.142971 0 0.857029
0.143014 0 0.856986
0.143065 0 0.856935
0.143123 0 0.856877
0.143188 0 0.856812
0.14326 0 0.85674
0.143339 0 0.856661
0.143425 0 0.856575
0.143519 0 0.856481
0.143619 0 0.856381
0.143727 0 0.856273
0.143842 0 0.856158
0.143964 0 0.856036
0.144094 0 0.855906
0.14423 0 0.85577
0.387842 0 0.612158
0.468103 0 0.531897
0.430506 0 0.569494
0.444256 0 0.555744
0.443367 0 0.556633
0.400632 0 0.599368
0.471397 0 0.528603
0.0825854 0 0.917415
0.0825162 0 0.917484
0.0779755 0 0.922024
0.077921 0 0.922079
0.0778706 0 0.922129
0.0778244 0 0.922176
0.0777821 0 0.922218
0.0777434 0 0.922257
0.0777089 0 0.922291
0.0804173 0 0.919583
0.0803867 0 0.919613
0.0803595 0 0.91964
0.080337 0 0.919663
0.0803179 0 0.919682
0.0803031 0 0.919697
0.0775164 0 0.922484
0.0775121 0 0.922488
0.0775117 0 0.922488
0.0775157 0 0.922484
0.077523 0 0.922477
0.0775341 0 0.922466
0.0775493 0 0.922451
0.0775679 0 0.922432
0.0803498 0 0.91965
0.0803754 0 0.919625
0.0821018 0 0.917898
0.142824 0 0.857176
0.142825 0 0.857175
0.142834 0 0.857166
0.14285 0 0.85715
0.142872 0 0.857128
0.142902 0 0.857098
0.142939 0 0.857061
0.142983 0 0.857017
0.143033 0 0.856967
0.143091 0 0.856909
0.143156 0 0.856844
0.143228 0 0.856772
0.143307 0 0.856693
0.143393 0 0.856607
0.143487 0 0.856514
0.143587 0 0.856413
0.143695 0 0.856305
0.14381 0 0.85619
0.143932 0 0.856068
0.144061 0 0.855939
0.144198 0 0.855802
0.599544 0 0.400456
0.387777 0 0.612224
0.468228 0 0.531772
0.43049 0 0.56951
0.444247 0 0.555753
0.443283 0 0.556717
0.400813 0 0.599187
0.471236 0 0.528764
0.080582 0 0.919418
0.0780276 0 0.921972
0.0779697 0 0.92203
0.0779158 0 0.922084
0.0778655 0 0.922135
0.0778192 0 0.922181
0.0777769 0 0.922223
0.0777382 0 0.922262
0.0777032 0 0.922297
0.0776727 0 0.922327
0.0800937 0 0.919906
0.0800671 0 0.919933
0.0800443 0 0.919956
0.0800256 0 0.919974
0.0775191 0 0.922481
0.077511 0 0.922489
0.0775068 0 0.922493
0.0775066 0 0.922493
0.0775104 0 0.92249
0.0775176 0 0.922482
0.0775288 0 0.922471
0.077544 0 0.922456
0.0775625 0 0.922437
0.0800574 0 0.919943
0.0800822 0 0.919918
0.0818024 0 0.918198
0.142794 0 0.857206
0.142795 0 0.857205
0.142804 0 0.857196
0.142819 0 0.857181
0.142842 0 0.857158
0.142872 0 0.857128
0.142909 0 0.857091
0.142952 0 0.857048
0.143003 0 0.856997
0.143061 0 0.856939
0.143126 0 0.856874
0.143198 0 0.856802
0.143277 0 0.856723
0.143363 0 0.856637
0.143456 0 0.856544
0.143557 0 0.856443
0.143664 0 0.856336
0.143779 0 0.856221
0.143901 0 0.856099
0.144031 0 0.855969
0.144167 0 0.855833
0.599451 0 0.400549
0.387716 0 0.612284
0.468383 0 0.531617
0.430489 0 0.569511
0.444245 0 0.555755
0.443204 0 0.556796
0.40114 0 0.59886
0.401236 0 0.598764
0.471084 0 0.528916
0.0804329 0 0.919567
0.0803655 0 0.919635
0.0780234 0 0.921977
0.0779654 0 0.922035
0.077911 0 0.922089
0.0778611 0 0.922139
0.0778148 0 0.922185
0.0777721 0 0.922228
0.0777339 0 0.922266
0.0776988 0 0.922301
0.0776678 0 0.922332
0.0799085 0 0.920091
0.0798845 0 0.920116
0.0798646 0 0.920135
0.0798486 0 0.920151
0.0775146 0 0.922485
0.0775067 0 0.922493
0.0775024 0 0.922498
0.077502 0 0.922498
0.0775059 0 0.922494
0.0775132 0 0.922487
0.0775243 0 0.922476
0.0775394 0 0.922461
0.077558 0 0.922442
0.0775809 0 0.922419
0.0799326 0 0.920067
0.0799778 0 0.920022
0.142765 0 0.857235
0.142767 0 0.857233
0.142776 0 0.857224
0.142791 0 0.857209
0.142814 0 0.857186
0.142844 0 0.857156
0.14288 0 0.85712
0.142924 0 0.857076
0.142975 0 0.857025
0.143032 0 0.856968
0.143097 0 0.856903
0.143169 0 0.856831
0.143248 0 0.856752
0.143334 0 0.856666
0.143427 0 0.856573
0.143528 0 0.856472
0.143635 0 0.856364
0.143751 0 0.85625
0.143873 0 0.856127
0.144002 0 0.855998
0.144138 0 0.855862
0.59926 0 0.40074
0.599366 0 0.400634
0.387661 0 0.612339
0.468572 0 0.531428
0.430503 0 0.569497
0.444247 0 0.555753
0.443131 0 0.556869
0.400809 0 0.599191
0.470941 0 0.529059
0.0804295 0 0.919571
0.0780819 0 0.921918
0.0780201 0 0.92198
0.0779616 0 0.922038
0.0779078 0 0.922092
0.0778573 0 0.922143
0.077811 0 0.922189
0.0777688 0 0.922231
0.0777301 0 0.92227
0.0776956 0 0.922304
0.0776646 0 0.922335
0.0776372 0 0.922363
0.0798809 0 0.920119
0.0798611 0 0.920139
0.0775226 0 0.922477
0.0775109 0 0.922489
0.077503 0 0.922497
0.0774992 0 0.922501
0.0774988 0 0.922501
0.0775022 0 0.922498
0.0775094 0 0.922491
0.0775206 0 0.922479
0.0775357 0 0.922464
0.0775547 0 0.922445
0.0775772 0 0.922423
0.0799287 0 0.920071
0.0799729 0 0.920027
0.142739 0 0.857261
0.142741 0 0.85726
0.142749 0 0.857251
0.142765 0 0.857235
0.142787 0 0.857213
0.142817 0 0.857183
0.142854 0 0.857146
0.142898 0 0.857102
0.142948 0 0.857052
0.143006 0 0.856994
0.143071 0 0.856929
0.143142 0 0.856858
0.143222 0 0.856778
0.143307 0 0.856693
0.143401 0 0.856599
0.143501 0 0.856499
0.143609 0 0.856391
0.143724 0 0.856276
0.143846 0 0.856154
0.143975 0 0.856025
0.144112 0 0.855888
0.598912 0 0.401088
0.599289 0 0.400711
0.387609 0 0.612391
0.468798 0 0.531202
0.430532 0 0.569468
0.444254 0 0.555746
0.443064 0 0.556936
0.400564 0 0.599436
0.470805 0 0.529194
0.080427 0 0.919573
0.0780792 0 0.921921
0.0780172 0 0.921983
0.0779595 0 0.922041
0.077905 0 0.922095
0.0778552 0 0.922145
0.0778087 0 0.922191
0.077766 0 0.922234
0.0777278 0 0.922272
0.0776928 0 0.922307
0.0776618 0 0.922338
0.0776349 0 0.922365
0.0798784 0 0.920122
0.0798586 0 0.920141
0.0775203 0 0.92248
0.0775086 0 0.922491
0.0775005 0 0.922499
0.0774963 0 0.922504
0.077496 0 0.922504
0.0774999 0 0.9225
0.0775071 0 0.922493
0.0775183 0 0.922482
0.0775333 0 0.922467
0.0775522 0 0.922448
0.0775747 0 0.922425
0.0779021 0 0.922098
0.0799685 0 0.920031
0.142714 0 0.857286
0.142716 0 0.857284
0.142724 0 0.857276
0.14274 0 0.85726
0.142763 0 0.857237
0.142793 0 0.857207
0.142829 0 0.857171
0.142872 0 0.857127
0.142923 0 0.857077
0.142981 0 0.857019
0.143046 0 0.856954
0.143118 0 0.856882
0.143197 0 0.856803
0.143283 0 0.856717
0.143376 0 0.856624
0.143476 0 0.856524
0.143584 0 0.856416
0.143699 0 0.856301
0.143821 0 0.856179
0.14395 0 0.85605
0.144086 0 0.855914
0.598683 0 0.401317
0.599219 0 0.400781
0.387563 0 0.612437
0.46908 0 0.53092
0.430572 0 0.569428
0.444266 0 0.555734
0.443003 0 0.556997
0.400396 0 0.599604
0.470679 0 0.529321
0.438195 0 0.561805
0.0780775 0 0.921923
0.0780155 0 0.921984
0.0779576 0 0.922042
0.0779038 0 0.922096
0.0778533 0 0.922147
0.077807 0 0.922193
0.0777648 0 0.922235
0.0777261 0 0.922274
0.0776914 0 0.922309
0.0776606 0 0.922339
0.0776332 0 0.922367
0.0780411 0 0.921959
0.0798567 0 0.920143
0.0775185 0 0.922482
0.0775068 0 0.922493
0.0774987 0 0.922501
0.0774951 0 0.922505
0.0774947 0 0.922505
0.0774981 0 0.922502
0.0775053 0 0.922495
0.0775169 0 0.922483
0.0775314 0 0.922469
0.0775504 0 0.92245
0.0775729 0 0.922427
0.0584578 0 0.941542
0.0799657 0 0.920034
0.142691 0 0.857309
0.142693 0 0.857307
0.142701 0 0.857299
0.142717 0 0.857283
0.14274 0 0.85726
0.142769 0 0.857231
0.142806 0 0.857194
0.142849 0 0.85715
0.1429 0 0.8571
0.142958 0 0.857042
0.143023 0 0.856977
0.143095 0 0.856905
0.143173 0 0.856827
0.143259 0 0.856741
0.143353 0 0.856647
0.143453 0 0.856547
0.143561 0 0.856439
0.143675 0 0.856325
0.143797 0 0.856203
0.143926 0 0.856074
0.144063 0 0.855937
0.598533 0 0.401467
0.599157 0 0.400843
0.387521 0 0.612479
0.469451 0 0.530549
0.430625 0 0.569375
0.444283 0 0.555717
0.442948 0 0.557052
0.40028 0 0.59972
0.470561 0 0.529439
0.438383 0 0.561617
0.0780153 0 0.921985
0.0779568 0 0.922043
0.077903 0 0.922097
0.0778525 0 0.922147
0.0778063 0 0.922194
0.0777639 0 0.922236
0.0777254 0 0.922275
0.0776907 0 0.922309
0.0776597 0 0.92234
0.0776329 0 0.922367
0.0780396 0 0.92196
0.0798561 0 0.920144
0.0775178 0 0.922482
0.0775064 0 0.922494
0.0774985 0 0.922502
0.0774942 0 0.922506
0.0774937 0 0.922506
0.0774977 0 0.922502
0.0775049 0 0.922495
0.077516 0 0.922484
0.077531 0 0.922469
0.07755 0 0.92245
0.0775725 0 0.922427
0.0778974 0 0.922103
0.0799631 0 0.920037
0.14267 0 0.85733
0.142672 0 0.857328
0.14268 0 0.85732
0.142696 0 0.857304
0.142718 0 0.857282
0.142748 0 0.857252
0.142785 0 0.857215
0.142828 0 0.857172
0.142879 0 0.857121
0.142937 0 0.857063
0.143001 0 0.856999
0.143073 0 0.856927
0.143152 0 0.856848
0.143238 0 0.856762
0.143331 0 0.856669
0.143432 0 0.856568
0.143539 0 0.856461
0.143654 0 0.856346
0.143776 0 0.856224
0.143905 0 0.856095
0.144041 0 0.855959
0.59845 0 0.40155
0.599102 0 0.400898
0.387484 0 0.612516
0.430687 0 0.569313
0.444307 0 0.555693
0.442897 0 0.557104
0.400206 0 0.599794
0.470451 0 0.529549
0.438576 0 0.561424
0.378232 0 0.621768
0.0779574 0 0.922043
0.0779036 0 0.922096
0.0778531 0 0.922147
0.0778068 0 0.922193
0.0777645 0 0.922236
0.0777258 0 0.922274
0.0776913 0 0.922309
0.0776603 0 0.92234
0.0776329 0 0.922367
0.0780385 0 0.921961
0.0798565 0 0.920143
0.0775182 0 0.922482
0.0775065 0 0.922494
0.0774984 0 0.922502
0.0774601 0 0.92254
0.077457 0 0.922543
0.0774582 0 0.922542
0.0774632 0 0.922537
0.0774716 0 0.922528
0.0775314 0 0.922469
0.07755 0 0.92245
0.0775729 0 0.922427
0.0778964 0 0.922104
0.079962 0 0.920038
0.142651 0 0.857349
0.142652 0 0.857348
0.142661 0 0.857339
0.142676 0 0.857324
0.142699 0 0.857301
0.142729 0 0.857271
0.142765 0 0.857235
0.142809 0 0.857191
0.142859 0 0.857141
0.142917 0 0.857083
0.142982 0 0.857018
0.143054 0 0.856946
0.143132 0 0.856868
0.143219 0 0.856781
0.143311 0 0.856688
0.143412 0 0.856588
0.143519 0 0.856481
0.143634 0 0.856366
0.143756 0 0.856244
0.143885 0 0.856115
0.144021 0 0.855979
0.598436 0 0.401564
0.599055 0 0.400945
0.387451 0 0.612549
0.43076 0 0.56924
0.444335 0 0.555665
0.442853 0 0.557147
0.400167 0 0.599833
0.47035 0 0.52965
0.438776 0 0.561224
0.378237 0 0.621763
0.0777144 0 0.922286
0.0776623 0 0.922338
0.0776143 0 0.922386
0.0775705 0 0.92243
0.07753 0 0.92247
0.0776923 0 0.922308
0.0776613 0 0.922339
0.0776345 0 0.922366
0.0780388 0 0.921961
0.0798581 0 0.920142
0.0775197 0 0.92248
0.077508 0 0.922492
0.0774999 0 0.9225
0.0771911 0 0.922809
0.0771886 0 0.922811
0.0771898 0 0.92281
0.0771944 0 0.922806
0.0772031 0 0.922797
0.0775325 0 0.922468
0.0775515 0 0.922449
0.077574 0 0.922426
0.077896 0 0.922104
0.0799619 0 0.920038
0.142633 0 0.857367
0.142634 0 0.857366
0.142643 0 0.857357
0.142659 0 0.857341
0.142681 0 0.857319
0.142711 0 0.857289
0.142747 0 0.857253
0.142791 0 0.857209
0.142842 0 0.857158
0.142899 0 0.857101
0.142964 0 0.857036
0.143036 0 0.856964
0.143115 0 0.856885
0.1432 0 0.8568
0.143294 0 0.856706
0.143394 0 0.856606
0.143501 0 0.856499
0.143616 0 0.856384
0.143738 0 0.856262
0.143867 0 0.856133
0.144003 0 0.855997
0.598501 0 0.401499
0.599015 0 0.400985
0.387423 0 0.612577
0.430844 0 0.569156
0.444369 0 0.555631
0.442839 0 0.557161
0.400161 0 0.599839
0.470257 0 0.529743
0.438981 0 0.561019
0.378248 0 0.621752
0.0773939 0 0.922606
0.0773462 0 0.922654
0.0773024 0 0.922698
0.0772622 0 0.922738
0.0776944 0 0.922306
0.0776634 0 0.922337
0.0776366 0 0.922363
0.0780403 0 0.92196
0.0798601 0 0.92014
0.0775218 0 0.922478
0.0775101 0 0.92249
0.0775021 0 0.922498
0.0769292 0 0.923071
0.0769229 0 0.923077
0.0769237 0 0.923076
0.0769286 0 0.923071
0.076937 0 0.923063
0.0775351 0 0.922465
0.0775535 0 0.922447
0.0775764 0 0.922424
0.0778972 0 0.922103
0.079963 0 0.920037
0.142617 0 0.857383
0.142618 0 0.857382
0.142627 0 0.857373
0.142643 0 0.857357
0.142665 0 0.857335
0.142695 0 0.857305
0.142731 0 0.857269
0.142775 0 0.857225
0.142825 0 0.857175
0.142883 0 0.857117
0.142948 0 0.857052
0.14302 0 0.85698
0.143099 0 0.856901
0.143185 0 0.856815
0.143277 0 0.856723
0.143378 0 0.856622
0.143485 0 0.856515
0.1436 0 0.8564
0.143722 0 0.856278
0.143851 0 0.856149
0.143987 0 0.856013
0.598691 0 0.401309
0.0850625 0 0.914937
0.0842201 0 0.91578
0.083398 0 0.916602
0.0825956 0 0.917404
0.0818125 0 0.918187
0.0810479 0 0.918952
0.0803014 0 0.919699
0.0795721 0 0.920428
0.07886 0 0.92114
0.078164 0 0.921836
0.0774837 0 0.922516
0.0777589 0 0.922241
0.0781916 0 0.921808
0.598983 0 0.401017
0.3874 0 0.6126
0.470009 0 0.529991
0.430938 0 0.569062
0.444407 0 0.555593
0.44283 0 0.55717
0.400187 0 0.599813
0.470172 0 0.529828
0.439192 0 0.560808
0.378266 0 0.621734
0.0772275 0 0.922773
0.0771853 0 0.922815
0.0771467 0 0.922853
0.0776975 0 0.922302
0.077667 0 0.922333
0.0776397 0 0.92236
0.0780423 0 0.921958
0.0798636 0 0.920136
0.0775249 0 0.922475
0.0775131 0 0.922487
0.0775055 0 0.922494
0.0769334 0 0.923067
0.0769165 0 0.923083
0.0769201 0 0.92308
0.0769272 0 0.923073
0.0769382 0 0.923062
0.0775381 0 0.922462
0.077557 0 0.922443
0.0775794 0 0.922421
0.0778994 0 0.922101
0.079965 0 0.920035
0.142602 0 0.857398
0.142604 0 0.857396
0.142613 0 0.857387
0.142629 0 0.857371
0.142651 0 0.857349
0.14268 0 0.85732
0.142717 0 0.857283
0.142761 0 0.857239
0.142811 0 0.857189
0.142869 0 0.857131
0.142934 0 0.857066
0.143005 0 0.856995
0.143084 0 0.856916
0.14317 0 0.85683
0.143263 0 0.856737
0.143363 0 0.856637
0.14347 0 0.85653
0.143585 0 0.856415
0.143707 0 0.856293
0.143836 0 0.856164
0.143972 0 0.856028
0.104346 0 0.895654
0.102984 0 0.897016
0.101661 0 0.898339
0.100377 0 0.899623
0.0991296 0 0.90087
0.0979175 0 0.902082
0.096739 0 0.903261
0.0955928 0 0.904407
0.0944781 0 0.905522
0.0933932 0 0.906607
0.0923372 0 0.907663
0.0913095 0 0.90869
0.0903082 0 0.909692
0.089333 0 0.910667
0.0883828 0 0.911617
0.0874568 0 0.912543
0.086554 0 0.913446
0.0856736 0 0.914326
0.0848148 0 0.915185
0.0839774 0 0.916023
0.0831599 0 0.91684
0.0823623 0 0.917638
0.0815834 0 0.918417
0.0808232 0 0.919177
0.0800808 0 0.919919
0.0793555 0 0.920644
0.078647 0 0.921353
0.0779549 0 0.922045
0.0772787 0 0.922721
0.0772234 0 0.922777
0.0776501 0 0.92235
0.598958 0 0.401042
0.387382 0 0.612618
0.469887 0 0.530113
0.431042 0 0.568958
0.444451 0 0.555549
0.442827 0 0.557173
0.400246 0 0.599754
0.470096 0 0.529904
0.142926 0 0.857074
0.142479 0 0.857521
0.0737654 0 0.926235
0.0735396 0 0.92646
0.0737033 0 0.926297
0.0738712 0 0.926129
0.0740431 0 0.925957
0.0771894 0 0.922811
0.0771508 0 0.922849
0.0777019 0 0.922298
0.0776711 0 0.922329
0.0776441 0 0.922356
0.0780457 0 0.921954
0.0798676 0 0.920132
0.0775288 0 0.922471
0.0775176 0 0.922482
0.0775096 0 0.92249
0.0769386 0 0.923061
0.0769204 0 0.92308
0.0769242 0 0.923076
0.0769313 0 0.923069
0.0769426 0 0.923057
0.077542 0 0.922458
0.077561 0 0.922439
0.0775839 0 0.922416
0.0779019 0 0.922098
0.0484023 0 0.951598
0.0484477 0 0.951552
0.142592 0 0.857408
0.142601 0 0.857399
0.142616 0 0.857384
0.142639 0 0.857361
0.142668 0 0.857332
0.142705 0 0.857295
0.142748 0 0.857252
0.142799 0 0.857201
0.142856 0 0.857144
0.142921 0 0.857079
0.142993 0 0.857007
0.128215 0 0.871785
0.126075 0 0.873925
0.12401 0 0.87599
0.122018 0 0.877982
0.120094 0 0.879906
0.118235 0 0.881765
0.116438 0 0.883562
0.114699 0 0.885301
0.113018 0 0.886982
0.11139 0 0.88861
0.109813 0 0.890187
0.108285 0 0.891715
0.106803 0 0.893197
0.105367 0 0.894633
0.103974 0 0.896026
0.102622 0 0.897378
0.101308 0 0.898692
0.100033 0 0.899967
0.0987944 0 0.901206
0.0975899 0 0.90241
0.0964194 0 0.903581
0.095281 0 0.904719
0.0941733 0 0.905827
0.0930955 0 0.906905
0.0920467 0 0.907953
0.0910251 0 0.908975
0.0900302 0 0.90997
0.089061 0 0.910939
0.0881167 0 0.911883
0.087196 0 0.912804
0.0862986 0 0.913701
0.0854235 0 0.914576
0.0845697 0 0.91543
0.083737 0 0.916263
0.0829244 0 0.917076
0.0821312 0 0.917869
0.0813568 0 0.918643
0.0806009 0 0.919399
0.0798623 0 0.920138
0.0791413 0 0.920859
0.0784367 0 0.921563
0.0777483 0 0.922252
0.0770753 0 0.922925
0.07716 0 0.92284
0.0776159 0 0.922384
0.078081 0 0.921919
0.59894 0 0.40106
0.387368 0 0.612632
0.469858 0 0.530142
0.431156 0 0.568844
0.444501 0 0.555499
0.44283 0 0.557171
0.40034 0 0.59966
0.0718663 0 0.928134
0.0715559 0 0.928444
0.0716628 0 0.928337
0.0717734 0 0.928227
0.0718876 0 0.928112
0.072006 0 0.927994
0.0721283 0 0.927872
0.0722541 0 0.927746
0.0723843 0 0.927616
0.0725181 0 0.927482
0.0726563 0 0.927344
0.0727983 0 0.927202
0.0729445 0 0.927055
0.0730948 0 0.926905
0.0732492 0 0.926751
0.0734077 0 0.926592
0.0735706 0 0.926429
0.0737376 0 0.926262
0.0739093 0 0.926091
0.0740851 0 0.925915
0.0771563 0 0.922844
0.0777069 0 0.922293
0.0776759 0 0.922324
0.0776491 0 0.922351
0.0780495 0 0.921951
0.0798731 0 0.920127
0.0775343 0 0.922466
0.0775225 0 0.922478
0.0775144 0 0.922486
0.0769445 0 0.923055
0.0769258 0 0.923074
0.0769291 0 0.923071
0.0769366 0 0.923063
0.0769475 0 0.923052
0.0775473 0 0.922453
0.0775663 0 0.922434
0.0775886 0 0.922411
0.0779059 0 0.922094
0.0483926 0 0.951607
0.0484371 0 0.951563
0.142581 0 0.857419
0.14259 0 0.85741
0.142605 0 0.857395
0.142628 0 0.857372
0.142657 0 0.857343
0.142694 0 0.857306
0.142738 0 0.857262
0.142788 0 0.857212
0.142845 0 0.857155
0.14291 0 0.85709
0.142982 0 0.857018
0.127654 0 0.872346
0.125532 0 0.874468
0.123486 0 0.876514
0.12151 0 0.87849
0.119602 0 0.880398
0.117758 0 0.882242
0.115975 0 0.884025
0.114251 0 0.885749
0.112583 0 0.887417
0.110967 0 0.889033
0.109402 0 0.890598
0.107885 0 0.892115
0.106415 0 0.893585
0.104989 0 0.895011
0.103606 0 0.896394
0.102263 0 0.897737
0.100959 0 0.899041
0.0996927 0 0.900307
0.098462 0 0.901538
0.097266 0 0.902734
0.0961031 0 0.903897
0.0949721 0 0.905028
0.0938718 0 0.906128
0.0928012 0 0.907199
0.0917587 0 0.908241
0.0907436 0 0.909256
0.0897547 0 0.910245
0.0887915 0 0.911208
0.087853 0 0.912147
0.0869379 0 0.913062
0.0860458 0 0.913954
0.0851758 0 0.914824
0.0843271 0 0.915673
0.083499 0 0.916501
0.0826913 0 0.917309
0.0819026 0 0.918097
0.0811324 0 0.918868
0.0803805 0 0.919619
0.0796462 0 0.920354
0.078929 0 0.921071
0.0782283 0 0.921772
0.0775435 0 0.922456
0.0768742 0 0.923126
0.077156 0 0.922844
0.077612 0 0.922388
0.0780771 0 0.921923
0.598929 0 0.401071
0.387359 0 0.612641
0.070626 0 0.929374
0.0702743 0 0.929726
0.0703266 0 0.929673
0.0703823 0 0.929618
0.0704416 0 0.929558
0.0705043 0 0.929496
0.0705706 0 0.929429
0.0706406 0 0.929359
0.0707138 0 0.929286
0.0707909 0 0.929209
0.0708715 0 0.929129
0.0709558 0 0.929044
0.0710435 0 0.928956
0.0711351 0 0.928865
0.0712303 0 0.92877
0.0713293 0 0.928671
0.0714319 0 0.928568
0.0715383 0 0.928462
0.0716485 0 0.928352
0.0717624 0 0.928238
0.0718804 0 0.92812
0.0720021 0 0.927998
0.0721275 0 0.927872
0.0722571 0 0.927743
0.0723905 0 0.927609
0.0725283 0 0.927472
0.0726697 0 0.92733
0.0728153 0 0.927185
0.072965 0 0.927035
0.073119 0 0.926881
0.0732771 0 0.926723
0.0734391 0 0.926561
0.0736057 0 0.926394
0.0737767 0 0.926223
0.0739519 0 0.926048
0.0741316 0 0.925868
0.0777133 0 0.922287
0.0776824 0 0.922318
0.0776549 0 0.922345
0.0780548 0 0.921945
0.0798794 0 0.920121
0.0775401 0 0.92246
0.0775283 0 0.922472
0.0775207 0 0.922479
0.0769516 0 0.923048
0.0769316 0 0.923068
0.0769353 0 0.923065
0.0769424 0 0.923058
0.0769538 0 0.923046
0.0775536 0 0.922446
0.0775721 0 0.922428
0.0775949 0 0.922405
0.0779108 0 0.922089
0.0481981 0 0.951802
0.0482353 0 0.951765
0.0482757 0 0.951724
0.0483179 0 0.951682
0.0483629 0 0.951637
0.142619 0 0.857381
0.142648 0 0.857352
0.142685 0 0.857315
0.142729 0 0.857271
0.142779 0 0.857221
0.142837 0 0.857163
0.142901 0 0.857099
0.129281 0 0.870719
0.127099 0 0.872901
0.124996 0 0.875004
0.122966 0 0.877034
0.121007 0 0.878993
0.119115 0 0.880885
0.117286 0 0.882714
0.115518 0 0.884482
0.113807 0 0.886193
0.112152 0 0.887848
0.110548 0 0.889452
0.108995 0 0.891005
0.10749 0 0.89251
0.10603 0 0.89397
0.104615 0 0.895385
0.103242 0 0.896758
0.101908 0 0.898092
0.100613 0 0.899387
0.0993556 0 0.900644
0.0981333 0 0.901867
0.0969453 0 0.903055
0.09579 0 0.90421
0.0946666 0 0.905333
0.0935734 0 0.906427
0.0925094 0 0.907491
0.0914736 0 0.908526
0.0904648 0 0.909535
0.0894823 0 0.910518
0.0885251 0 0.911475
0.0875921 0 0.912408
0.0866823 0 0.913318
0.0857955 0 0.914204
0.0849305 0 0.91507
0.0840869 0 0.915913
0.0832635 0 0.916736
0.0824601 0 0.91754
0.0816759 0 0.918324
0.0809102 0 0.91909
0.0801627 0 0.919837
0.0794323 0 0.920568
0.0787188 0 0.921281
0.078022 0 0.921978
0.0773406 0 0.922659
0.0767066 0 0.923293
0.0771534 0 0.922847
0.0776093 0 0.922391
0.0780742 0 0.921926
0.598926 0 0.401074
0.387354 0 0.612646
0.0698627 0 0.930137
0.0698874 0 0.930113
0.0699153 0 0.930085
0.0699469 0 0.930053
0.0699817 0 0.930018
0.0700199 0 0.92998
0.0700616 0 0.929938
0.0701068 0 0.929893
0.0701554 0 0.929845
0.0702075 0 0.929793
0.0702631 0 0.929737
0.0703222 0 0.929678
0.0703846 0 0.929615
0.0704507 0 0.929549
0.0705202 0 0.92948
0.0705936 0 0.929406
0.0706703 0 0.92933
0.0707505 0 0.929249
0.0708345 0 0.929165
0.0709221 0 0.929078
0.0710132 0 0.928987
0.0711082 0 0.928892
0.0712069 0 0.928793
0.071309 0 0.928691
0.0714152 0 0.928585
0.0715248 0 0.928475
0.0716385 0 0.928361
0.0717558 0 0.928244
0.0718771 0 0.928123
0.0720024 0 0.927998
0.0721314 0 0.927869
0.0722644 0 0.927736
0.0724014 0 0.927599
0.0725426 0 0.927457
0.0726876 0 0.927312
0.0728369 0 0.927163
0.0729901 0 0.92701
0.0731477 0 0.926852
0.0733093 0 0.926691
0.0734753 0 0.926525
0.0736456 0 0.926354
0.0738202 0 0.92618
0.0739992 0 0.926001
0.0741827 0 0.925817
0.0776891 0 0.922311
0.0776623 0 0.922338
0.0780608 0 0.921939
0.0798864 0 0.920114
0.0775474 0 0.922453
0.0775357 0 0.922464
0.0775275 0 0.922473
0.0769601 0 0.92304
0.0769383 0 0.923062
0.0769421 0 0.923058
0.0769495 0 0.923051
0.0769604 0 0.92304
0.0775604 0 0.92244
0.0775792 0 0.922421
0.0776017 0 0.922398
0.077916 0 0.922084
0.048163 0 0.951837
0.0482005 0 0.9518
0.0482403 0 0.95176
0.0482828 0 0.951717
0.0483274 0 0.951673
0.142612 0 0.857388
0.142641 0 0.857359
0.142678 0 0.857322
0.142721 0 0.857279
0.142772 0 0.857228
0.142829 0 0.857171
0.142894 0 0.857106
0.128714 0 0.871286
0.126552 0 0.873448
0.124466 0 0.875534
0.122454 0 0.877546
0.120511 0 0.879489
0.118635 0 0.881365
0.11682 0 0.88318
0.115066 0 0.884934
0.113369 0 0.886631
0.111726 0 0.888274
0.110135 0 0.889865
0.108593 0 0.891407
0.107099 0 0.892901
0.10565 0 0.89435
0.104245 0 0.895755
0.102881 0 0.897119
0.101557 0 0.898443
0.100271 0 0.899729
0.0990224 0 0.900978
0.0978083 0 0.902192
0.0966284 0 0.903372
0.0954806 0 0.904519
0.0943646 0 0.905635
0.0932781 0 0.906722
0.092221 0 0.907779
0.0911915 0 0.908809
0.090189 0 0.909811
0.0892125 0 0.910788
0.088261 0 0.911739
0.0873335 0 0.912666
0.0864294 0 0.913571
0.0855478 0 0.914452
0.0846879 0 0.915312
0.0838489 0 0.916151
0.0830307 0 0.916969
0.0822317 0 0.917768
0.081452 0 0.918548
0.0806904 0 0.91931
0.0799467 0 0.920053
0.0792206 0 0.920779
0.078511 0 0.921489
0.0778177 0 0.922182
0.0771402 0 0.92286
0.0767047 0 0.923295
0.0771515 0 0.922849
0.0776072 0 0.922393
0.078072 0 0.921928
0.598929 0 0.401071
0.387355 0 0.612645
0.0697249 0 0.930275
0.0697461 0 0.930254
0.0697706 0 0.930229
0.0697985 0 0.930201
0.0698298 0 0.93017
0.0698647 0 0.930135
0.0699028 0 0.930097
0.0699443 0 0.930056
0.0699892 0 0.930011
0.0700378 0 0.929962
0.0700898 0 0.92991
0.070145 0 0.929855
0.0702039 0 0.929796
0.0702662 0 0.929734
0.0703322 0 0.929668
0.0704016 0 0.929598
0.0704743 0 0.929526
0.0705509 0 0.929449
0.0706308 0 0.929369
0.0707146 0 0.929285
0.0708018 0 0.929198
0.0708928 0 0.929107
0.0709873 0 0.929013
0.0710855 0 0.928914
0.0711875 0 0.928813
0.0712931 0 0.928707
0.0714024 0 0.928598
0.0715156 0 0.928484
0.0716328 0 0.928367
0.0717536 0 0.928246
0.0718783 0 0.928122
0.0720071 0 0.927993
0.0721395 0 0.92786
0.0722761 0 0.927724
0.0724167 0 0.927583
0.0725611 0 0.927439
0.07271 0 0.92729
0.0728628 0 0.927137
0.0730196 0 0.92698
0.0731808 0 0.926819
0.0733463 0 0.926654
0.0735158 0 0.926484
0.0736899 0 0.92631
0.073868 0 0.926132
0.0740511 0 0.925949
0.0742382 0 0.925762
0.07767 0 0.92233
0.080198 0 0.919802
0.0801802 0 0.91982
0.0775551 0 0.922445
0.0775433 0 0.922457
0.0775357 0 0.922464
0.076969 0 0.923031
0.0769465 0 0.923054
0.0769503 0 0.92305
0.0769572 0 0.923043
0.0769685 0 0.923031
0.0775686 0 0.922431
0.0775874 0 0.922413
0.0776099 0 0.92239
0.0802826 0 0.919717
0.0481547 0 0.951845
0.0481922 0 0.951808
0.0482322 0 0.951768
0.0482747 0 0.951725
0.0483193 0 0.951681
0.142606 0 0.857394
0.142636 0 0.857364
0.142672 0 0.857328
0.142716 0 0.857284
0.142766 0 0.857234
0.142824 0 0.857176
0.142888 0 0.857112
0.128153 0 0.871847
0.12601 0 0.87399
0.123942 0 0.876058
0.121947 0 0.878053
0.12002 0 0.87998
0.118159 0 0.881841
0.116359 0 0.883641
0.114619 0 0.885381
0.112935 0 0.887065
0.111304 0 0.888696
0.109725 0 0.890275
0.108196 0 0.891804
0.106712 0 0.893287
0.105274 0 0.894726
0.103879 0 0.896121
0.102524 0 0.897476
0.10121 0 0.89879
0.0999327 0 0.900067
0.0986923 0 0.901308
0.0974866 0 0.902513
0.0963142 0 0.903686
0.0951743 0 0.904826
0.0940652 0 0.905935
0.0929859 0 0.907014
0.0919355 0 0.908064
0.0909123 0 0.909088
0.0899162 0 0.910084
0.0889456 0 0.911054
0.0880001 0 0.912
0.0870779 0 0.912922
0.0861792 0 0.913821
0.0853026 0 0.914697
0.0844479 0 0.915552
0.0836137 0 0.916386
0.0827999 0 0.9172
0.0820054 0 0.917995
0.0812299 0 0.91877
0.0804726 0 0.919527
0.0797333 0 0.920267
0.0790107 0 0.920989
0.0783051 0 0.921695
0.0776156 0 0.922384
0.0769415 0 0.923059
0.0767038 0 0.923296
0.0771505 0 0.922849
0.077606 0 0.922394
0.0780709 0 0.921929
0.598941 0 0.401059
0.387361 0 0.612639
0.0704232 0 0.929577
0.0696095 0 0.93039
0.0696306 0 0.930369
0.069655 0 0.930345
0.0696828 0 0.930317
0.0697141 0 0.930286
0.0697488 0 0.930251
0.0697869 0 0.930213
0.0698282 0 0.930172
0.0698732 0 0.930127
0.0699214 0 0.930079
0.0699731 0 0.930027
0.0700282 0 0.929972
0.070087 0 0.929913
0.070149 0 0.929851
0.0702147 0 0.929785
0.0702838 0 0.929716
0.0703565 0 0.929644
0.0704328 0 0.929567
0.0705125 0 0.929488
0.0705958 0 0.929404
0.0706828 0 0.929317
0.0707734 0 0.929227
0.0708675 0 0.929132
0.0709656 0 0.929034
0.071067 0 0.928933
0.0711723 0 0.928828
0.0712814 0 0.928719
0.0713942 0 0.928606
0.0715107 0 0.928489
0.0716313 0 0.928369
0.0717556 0 0.928244
0.0718837 0 0.928116
0.0720159 0 0.927984
0.0721521 0 0.927848
0.0722919 0 0.927708
0.0724361 0 0.927564
0.0725844 0 0.927416
0.0727365 0 0.927263
0.0728929 0 0.927107
0.0730537 0 0.926946
0.0732183 0 0.926782
0.0733872 0 0.926613
0.0735606 0 0.926439
0.0737383 0 0.926262
0.0739205 0 0.92608
0.0741072 0 0.925893
0.0742982 0 0.925702
0.0809853 0 0.919015
0.080965 0 0.919035
0.0809491 0 0.919051
0.0775524 0 0.922448
0.0775444 0 0.922456
0.0770236 0 0.922976
0.0770258 0 0.922974
0.0770319 0 0.922968
0.0770425 0 0.922958
0.0770566 0 0.922943
0.0775771 0 0.922423
0.0775961 0 0.922404
0.0776189 0 0.922381
0.0810339 0 0.918966
0.0481472 0 0.951853
0.0481847 0 0.951815
0.0482243 0 0.951776
0.0482666 0 0.951733
0.0483117 0 0.951688
0.142602 0 0.857398
0.142632 0 0.857368
0.142668 0 0.857332
0.142712 0 0.857288
0.142763 0 0.857237
0.14282 0 0.85718
0.142885 0 0.857115
0.127598 0 0.872402
0.125474 0 0.874526
0.123424 0 0.876576
0.121445 0 0.878555
0.119535 0 0.880465
0.117688 0 0.882312
0.115903 0 0.884097
0.114177 0 0.885823
0.112506 0 0.887494
0.110888 0 0.889112
0.10932 0 0.89068
0.107802 0 0.892198
0.106329 0 0.89367
0.104902 0 0.895098
0.103516 0 0.896484
0.102172 0 0.897828
0.100866 0 0.899134
0.0995981 0 0.900402
0.0983656 0 0.901634
0.0971682 0 0.902832
0.0960035 0 0.903996
0.094871 0 0.905129
0.0937691 0 0.906231
0.0926965 0 0.907304
0.0916526 0 0.908347
0.0906362 0 0.909364
0.089646 0 0.910354
0.0886814 0 0.911319
0.0877413 0 0.912259
0.0868247 0 0.913175
0.0859312 0 0.914069
0.08506 0 0.91494
0.0842101 0 0.91579
0.0833807 0 0.916619
0.0825714 0 0.917429
0.0817815 0 0.918218
0.0810104 0 0.91899
0.0802574 0 0.919743
0.0795217 0 0.920478
0.0788032 0 0.921197
0.0781013 0 0.921899
0.0774154 0 0.922585
0.076745 0 0.923255
0.0767039 0 0.923296
0.0771504 0 0.92285
0.077606 0 0.922394
0.0780708 0 0.921929
0.0785451 0 0.921455
0.598959 0 0.401041
0.387371 0 0.612629
0.0694778 0 0.930522
0.0694954 0 0.930505
0.0695165 0 0.930484
0.0695408 0 0.930459
0.0695686 0 0.930431
0.0695998 0 0.9304
0.0696343 0 0.930366
0.0696722 0 0.930328
0.0697134 0 0.930287
0.0697581 0 0.930242
0.0698063 0 0.930194
0.0698579 0 0.930142
0.0699129 0 0.930087
0.0699713 0 0.930029
0.0700332 0 0.929967
0.0700986 0 0.929901
0.0701674 0 0.929833
0.0702399 0 0.92976
0.0703159 0 0.929684
0.0703953 0 0.929605
0.0704786 0 0.929521
0.0705651 0 0.929435
0.0706555 0 0.929345
0.0707492 0 0.929251
0.070847 0 0.929153
0.0709481 0 0.929052
0.071053 0 0.928947
0.0711616 0 0.928838
0.0712743 0 0.928726
0.0713902 0 0.92861
0.0715102 0 0.92849
0.0716342 0 0.928366
0.0717619 0 0.928238
0.0718937 0 0.928106
0.0720293 0 0.927971
0.0721687 0 0.927831
0.0723125 0 0.927687
0.07246 0 0.92754
0.0726116 0 0.927388
0.0727677 0 0.927232
0.0729276 0 0.927072
0.0730918 0 0.926908
0.0732603 0 0.92674
0.0734329 0 0.926567
0.0736099 0 0.92639
0.0737914 0 0.926209
0.0739774 0 0.926023
0.0741679 0 0.925832
0.0743628 0 0.925637
0.0809755 0 0.919025
0.0809595 0 0.91904
0.0775622 0 0.922438
0.0775545 0 0.922446
0.0773147 0 0.922685
0.0773171 0 0.922683
0.0773237 0 0.922676
0.0773338 0 0.922666
0.0773479 0 0.922652
0.0775872 0 0.922413
0.0776062 0 0.922394
0.0810165 0 0.918983
0.0810442 0 0.918956
0.0481401 0 0.95186
0.0481774 0 0.951823
0.0482174 0 0.951783
0.0482598 0 0.95174
0.0483042 0 0.951696
0.1426 0 0.8574
0.14263 0 0.85737
0.142666 0 0.857334
0.14271 0 0.85729
0.14276 0 0.85724
0.142818 0 0.857182
0.142882 0 0.857118
0.12705 0 0.87295
0.124944 0 0.875056
0.122911 0 0.877089
0.12095 0 0.87905
0.119054 0 0.880946
0.117223 0 0.882777
0.115452 0 0.884548
0.113739 0 0.886261
0.112081 0 0.887919
0.110475 0 0.889525
0.10892 0 0.89108
0.107412 0 0.892588
0.105951 0 0.894049
0.104533 0 0.895467
0.103158 0 0.896842
0.101823 0 0.898177
0.100526 0 0.899474
0.0992663 0 0.900734
0.0980424 0 0.901958
0.0968525 0 0.903148
0.0956959 0 0.904304
0.0945707 0 0.905429
0.0934755 0 0.906524
0.0924101 0 0.90759
0.0913726 0 0.908627
0.0903625 0 0.909638
0.0893782 0 0.910622
0.0884195 0 0.911581
0.0874849 0 0.912515
0.086574 0 0.913426
0.0856858 0 0.914314
0.0848193 0 0.915181
0.0839744 0 0.916026
0.0831498 0 0.91685
0.0823452 0 0.917655
0.0815596 0 0.91844
0.0807926 0 0.919207
0.0800436 0 0.919956
0.0793123 0 0.920688
0.0785976 0 0.921402
0.0778992 0 0.922101
0.077217 0 0.922783
0.0765501 0 0.92345
0.0767049 0 0.923295
0.0771513 0 0.922849
0.0776069 0 0.922393
0.0780716 0 0.921928
0.078546 0 0.921454
0.598985 0 0.401015
0.347547 0 0.652453
0.345893 0 0.654107
0.346517 0 0.653483
0.348353 0 0.651646
0.350097 0 0.649903
0.069365 0 0.930635
0.0693825 0 0.930617
0.0694034 0 0.930597
0.0694278 0 0.930572
0.0694553 0 0.930545
0.0694865 0 0.930514
0.0695209 0 0.930479
0.0695585 0 0.930441
0.0695997 0 0.9304
0.0696443 0 0.930356
0.0696922 0 0.930308
0.0697436 0 0.930256
0.0697987 0 0.930201
0.0698567 0 0.930143
0.0699185 0 0.930081
0.0699837 0 0.930016
0.0700522 0 0.929948
0.0701245 0 0.929876
0.0702003 0 0.9298
0.0702795 0 0.929721
0.0703622 0 0.929638
0.0704485 0 0.929551
0.0705386 0 0.929461
0.0706322 0 0.929368
0.0707295 0 0.929271
0.0708303 0 0.92917
0.0709348 0 0.929065
0.0710433 0 0.928957
0.0711552 0 0.928845
0.0712711 0 0.928729
0.0713906 0 0.928609
0.0715142 0 0.928486
0.0716415 0 0.928358
0.0717725 0 0.928227
0.0719078 0 0.928092
0.0720468 0 0.927953
0.07219 0 0.92781
0.072337 0 0.927663
0.0724883 0 0.927512
0.0726435 0 0.927356
0.0728028 0 0.927197
0.0729666 0 0.927033
0.0731346 0 0.926865
0.0733065 0 0.926693
0.0734829 0 0.926517
0.0736637 0 0.926336
0.0738491 0 0.926151
0.0740387 0 0.925961
0.0742331 0 0.925767
0.0744319 0 0.925568
0.0809703 0 0.91903
0.0809584 0 0.919042
0.0775652 0 0.922435
0.0775613 0 0.922439
0.0775609 0 0.922439
0.0775646 0 0.922435
0.0478497 0 0.95215
0.0478734 0 0.952127
0.0478995 0 0.9521
0.0479283 0 0.952072
0.0479589 0 0.952041
0.0479918 0 0.952008
0.0480271 0 0.951973
0.0480645 0 0.951935
0.0481042 0 0.951896
0.0481465 0 0.951854
0.0481914 0 0.951809
0.048238 0 0.951762
0.0482874 0 0.951713
0.048339 0 0.951661
0.0483929 0 0.951607
0.0484492 0 0.951551
0.142818 0 0.857182
0.128817 0 0.871183
0.126508 0 0.873492
0.12442 0 0.87558
0.122405 0 0.877595
0.120459 0 0.879541
0.118579 0 0.881421
0.116763 0 0.883237
0.115006 0 0.884994
0.113306 0 0.886694
0.111661 0 0.888339
0.110067 0 0.889933
0.108524 0 0.891476
0.107027 0 0.892973
0.105576 0 0.894424
0.104169 0 0.895831
0.102803 0 0.897197
0.101477 0 0.898523
0.100189 0 0.899811
0.0989381 0 0.901062
0.0977226 0 0.902277
0.0965407 0 0.903459
0.0953912 0 0.904609
0.0942734 0 0.905727
0.0931853 0 0.906815
0.0921264 0 0.907874
0.0910955 0 0.908905
0.0900913 0 0.909909
0.0891133 0 0.910887
0.0881603 0 0.91184
0.0872314 0 0.912769
0.0863257 0 0.913674
0.085443 0 0.914557
0.0845818 0 0.915418
0.0837413 0 0.916259
0.0829214 0 0.917079
0.0821211 0 0.917879
0.08134 0 0.91866
0.080577 0 0.919423
0.0798324 0 0.920168
0.0791047 0 0.920895
0.0783939 0 0.921606
0.0776994 0 0.922301
0.0770207 0 0.922979
0.0763572 0 0.923643
0.0767068 0 0.923293
0.0771533 0 0.922847
0.0776087 0 0.922391
0.0780735 0 0.921927
0.0785475 0 0.921453
0.599018 0 0.400982
0.351101 0 0.648899
0.330362 0 0.669638
0.328203 0 0.671797
0.328152 0 0.671848
0.34863 0 0.65137
0.344978 0 0.655022
0.343355 0 0.656645
0.341939 0 0.658061
0.340917 0 0.659083
0.342337 0 0.657663
0.342642 0 0.657358
0.34553 0 0.65447
0.0692533 0 0.930747
0.0692709 0 0.930729
0.0692917 0 0.930708
0.0693159 0 0.930684
0.0693435 0 0.930656
0.0693744 0 0.930626
0.0694087 0 0.930591
0.0694463 0 0.930554
0.0694873 0 0.930513
0.0695317 0 0.930468
0.0695795 0 0.93042
0.0696309 0 0.930369
0.0696855 0 0.930314
0.0697435 0 0.930256
0.069805 0 0.930195
0.0698701 0 0.93013
0.0699385 0 0.930062
0.0700104 0 0.92999
0.0700857 0 0.929914
0.070165 0 0.929835
0.0702472 0 0.929753
0.0703334 0 0.929667
0.0704232 0 0.929577
0.0705164 0 0.929484
0.0706132 0 0.929387
0.0707138 0 0.929286
0.0708181 0 0.929182
0.070926 0 0.929074
0.0710377 0 0.928962
0.0711531 0 0.928847
0.0712722 0 0.928728
0.0713952 0 0.928605
0.0715221 0 0.928478
0.0716528 0 0.928347
0.0717874 0 0.928213
0.071926 0 0.928074
0.0720688 0 0.927931
0.0722152 0 0.927785
0.0723659 0 0.927634
0.0725209 0 0.927479
0.0726796 0 0.92732
0.0728427 0 0.927157
0.0730099 0 0.92699
0.0731816 0 0.926818
0.0733574 0 0.926643
0.0735376 0 0.926462
0.0737222 0 0.926278
0.0739109 0 0.926089
0.0741048 0 0.925895
0.0743028 0 0.925697
0.0745056 0 0.925494
0.0809706 0 0.919029
0.0775771 0 0.922423
0.0775728 0 0.922427
0.0775727 0 0.922427
0.0476481 0 0.952352
0.0476695 0 0.95233
0.047693 0 0.952307
0.0477188 0 0.952281
0.0477472 0 0.952253
0.0477776 0 0.952222
0.0478104 0 0.95219
0.0478454 0 0.952155
0.0478825 0 0.952118
0.0479222 0 0.952078
0.047964 0 0.952036
0.0480083 0 0.951992
0.0480546 0 0.951945
0.0481034 0 0.951897
0.0481546 0 0.951845
0.0482084 0 0.951792
0.0482641 0 0.951736
0.0483226 0 0.951677
0.128973 0 0.871027
0.125973 0 0.874027
0.123902 0 0.876098
0.121904 0 0.878096
0.119974 0 0.880026
0.11811 0 0.88189
0.116308 0 0.883692
0.114564 0 0.885436
0.112878 0 0.887122
0.111245 0 0.888755
0.109664 0 0.890336
0.108131 0 0.891869
0.106646 0 0.893354
0.105205 0 0.894795
0.103808 0 0.896192
0.102451 0 0.897549
0.101135 0 0.898865
0.0998559 0 0.900144
0.0986134 0 0.901387
0.0974059 0 0.902594
0.0962317 0 0.903768
0.0950898 0 0.90491
0.0939791 0 0.906021
0.0928982 0 0.907102
0.0918458 0 0.908154
0.0908212 0 0.909179
0.0898235 0 0.910177
0.0888512 0 0.911149
0.0879037 0 0.912096
0.0869804 0 0.91302
0.08608 0 0.91392
0.0852021 0 0.914798
0.0843459 0 0.915654
0.0835103 0 0.91649
0.0826951 0 0.917305
0.0818995 0 0.918101
0.0811226 0 0.918877
0.080364 0 0.919636
0.0796232 0 0.920377
0.0788994 0 0.921101
0.0781924 0 0.921808
0.0775016 0 0.922498
0.0768263 0 0.923174
0.0762721 0 0.923728
0.0767097 0 0.92329
0.077156 0 0.922844
0.0776114 0 0.922389
0.0780762 0 0.921924
0.0785503 0 0.92145
0.328261 0 0.671739
0.324142 0 0.675858
0.323899 0 0.676101
0.323796 0 0.676204
0.322327 0 0.677673
0.319785 0 0.680215
0.317216 0 0.682784
0.314726 0 0.685274
0.312615 0 0.687385
0.310225 0 0.689775
0.308359 0 0.691641
0.306039 0 0.693961
0.305787 0 0.694213
0.305253 0 0.694747
0.300693 0 0.699307
0.295146 0 0.704854
0.291983 0 0.708017
0.290144 0 0.709856
0.28919 0 0.71081
0.289705 0 0.710295
0.291142 0 0.708858
0.293455 0 0.706545
0.296002 0 0.703998
0.298637 0 0.701363
0.301176 0 0.698825
0.301153 0 0.698847
0.300666 0 0.699334
0.299692 0 0.700308
0.0691429 0 0.930857
0.0691602 0 0.93084
0.0691812 0 0.930819
0.0692053 0 0.930795
0.0692327 0 0.930767
0.0692635 0 0.930736
0.0692978 0 0.930702
0.0693353 0 0.930665
0.0693762 0 0.930624
0.0694206 0 0.930579
0.0694681 0 0.930532
0.0695191 0 0.930481
0.0695737 0 0.930426
0.0696316 0 0.930368
0.0696929 0 0.930307
0.0697576 0 0.930242
0.0698257 0 0.930174
0.0698975 0 0.930102
0.0699726 0 0.930027
0.0700513 0 0.929949
0.0701335 0 0.929867
0.0702194 0 0.929781
0.0703088 0 0.929691
0.0704017 0 0.929598
0.0704983 0 0.929502
0.0705984 0 0.929402
0.0707023 0 0.929298
0.0708098 0 0.92919
0.0709212 0 0.929079
0.0710363 0 0.928964
0.071155 0 0.928845
0.0712776 0 0.928722
0.0714042 0 0.928596
0.0715343 0 0.928466
0.0716685 0 0.928331
0.0718067 0 0.928193
0.0719489 0 0.928051
0.072095 0 0.927905
0.072245 0 0.927755
0.0723994 0 0.927601
0.0725576 0 0.927442
0.0727202 0 0.92728
0.0728867 0 0.927113
0.0730577 0 0.926942
0.0732328 0 0.926767
0.0734124 0 0.926588
0.0735964 0 0.926404
0.0737849 0 0.926215
0.0739778 0 0.926022
0.0741752 0 0.925825
0.074377 0 0.925623
0.0745838 0 0.925416
0.0805498 0 0.91945
0.0776904 0 0.92231
0.0494122 0 0.950588
0.0474697 0 0.95253
0.0474909 0 0.952509
0.0475144 0 0.952486
0.0475401 0 0.95246
0.047568 0 0.952432
0.0475985 0 0.952401
0.0476305 0 0.95237
0.0476656 0 0.952334
0.0477024 0 0.952298
0.0477416 0 0.952258
0.0477835 0 0.952217
0.047827 0 0.952173
0.0478731 0 0.952127
0.047922 0 0.952078
0.0479725 0 0.952027
0.0480255 0 0.951974
0.0480811 0 0.951919
0.048139 0 0.951861
0.0481994 0 0.951801
0.125443 0 0.874557
0.12339 0 0.87661
0.121409 0 0.878591
0.119495 0 0.880505
0.117645 0 0.882355
0.115858 0 0.884142
0.114128 0 0.885872
0.112454 0 0.887546
0.110834 0 0.889166
0.109264 0 0.890736
0.107743 0 0.892257
0.106269 0 0.893731
0.104839 0 0.895161
0.103451 0 0.896549
0.102104 0 0.897896
0.100796 0 0.899204
0.0995262 0 0.900474
0.0982923 0 0.901708
0.0970925 0 0.902907
0.0959261 0 0.904074
0.0947915 0 0.905208
0.093688 0 0.906312
0.0926138 0 0.907386
0.091568 0 0.908432
0.0905498 0 0.90945
0.089558 0 0.910442
0.0885917 0 0.911408
0.0876498 0 0.91235
0.086732 0 0.913268
0.0858371 0 0.914163
0.0849643 0 0.915036
0.0841128 0 0.915887
0.083282 0 0.916718
0.0824711 0 0.917529
0.0816799 0 0.91832
0.0809074 0 0.919093
0.0801528 0 0.919847
0.079416 0 0.920584
0.0786961 0 0.921304
0.0779928 0 0.922007
0.0773055 0 0.922695
0.076634 0 0.923366
0.0762758 0 0.923724
0.0767133 0 0.923287
0.0771597 0 0.92284
0.0776151 0 0.922385
0.0780797 0 0.92192
0.0785538 0 0.921446
0.30953 0 0.69047
0.275312 0 0.724688
0.272837 0 0.727163
0.271981 0 0.728019
0.27257 0 0.72743
0.273767 0 0.726233
0.276859 0 0.723141
0.279884 0 0.720116
0.27715 0 0.72285
0.27436 0 0.72564
0.273059 0 0.726941
0.272365 0 0.727635
0.271806 0 0.728194
0.271418 0 0.728582
0.271193 0 0.728807
0.271004 0 0.728996
0.270751 0 0.729249
0.270551 0 0.729449
0.270273 0 0.729727
0.270071 0 0.729929
0.269832 0 0.730168
0.269546 0 0.730454
0.269248 0 0.730752
0.268907 0 0.731093
0.268612 0 0.731388
0.2681 0 0.7319
0.267612 0 0.732388
0.267204 0 0.732796
0.0690335 0 0.930966
0.069051 0 0.930949
0.0690718 0 0.930928
0.069096 0 0.930904
0.0691233 0 0.930877
0.069154 0 0.930846
0.069188 0 0.930812
0.0692255 0 0.930775
0.0692662 0 0.930734
0.0693104 0 0.93069
0.0693578 0 0.930642
0.0694088 0 0.930591
0.069463 0 0.930537
0.0695207 0 0.930479
0.0695819 0 0.930418
0.0696463 0 0.930354
0.0697143 0 0.930286
0.0697859 0 0.930214
0.0698608 0 0.930139
0.0699393 0 0.930061
0.0700211 0 0.929979
0.0701067 0 0.929893
0.0701958 0 0.929804
0.0702883 0 0.929712
0.0703847 0 0.929615
0.0704846 0 0.929515
0.0705881 0 0.929412
0.0706951 0 0.929305
0.0708062 0 0.929194
0.0709208 0 0.929079
0.071039 0 0.928961
0.0711613 0 0.928839
0.0712872 0 0.928713
0.0714174 0 0.928583
0.0715508 0 0.928449
0.0716886 0 0.928311
0.0718302 0 0.92817
0.0719756 0 0.928024
0.0721253 0 0.927875
0.0722791 0 0.927721
0.0724371 0 0.927563
0.0725988 0 0.927401
0.0727649 0 0.927235
0.0729353 0 0.927065
0.0731098 0 0.92689
0.0732888 0 0.926711
0.073472 0 0.926528
0.0736598 0 0.92634
0.073852 0 0.926148
0.0740488 0 0.925951
0.0742499 0 0.92575
0.0744559 0 0.925544
0.0746664 0 0.925334
 ] }
}
