# Real Time: 922.068
# Simulation Time: 27.44
# Radar Position: 866.759 -252.397 3.07228
# Radar Quat: -0.000714956 0.00418146 0.762715 0.646721
PointSet {
 coord Coordinate { point [
844.817 -271.623 3.64541
845.126 -271.621 3.64244
845.43 -271.619 3.63955
845.729 -271.617 3.63673
846.023 -271.615 3.63399
846.313 -271.614 3.63131
846.599 -271.612 3.6287
846.88 -271.61 3.62616
847.157 -271.609 3.62369
847.431 -271.607 3.62127
847.7 -271.605 3.61892
847.767 -271.808 3.62241
847.768 -272.08 3.62787
847.77 -272.356 3.63344
847.772 -272.636 3.63912
847.773 -272.92 3.64491
847.775 -273.208 3.65081
847.777 -273.501 3.65684
847.778 -273.798 3.66298
838.785 -302.577 4.35808
856.23 -271.896 3.5707
856.412 -271.884 3.56973
856.516 -272.018 3.57254
854.612 -284.471 3.87896
856.182 -280.921 3.78944
858.275 -276.832 3.68614
854.995 -287.889 3.96353
853.325 -295.972 4.16628
853.605 -296.149 4.17073
856.314 -292.118 4.07032
855.09 -300.89 4.29185
859.871 -287.402 3.95534
860.888 -283.37 3.85415
859.463 -292.429 4.08345
860.967 -296.238 4.18611
863.586 -281.006 3.80145
863.785 -281.041 3.80313
863.584 -285.217 3.91061
862.915 -303.262 4.37611
865.251 -276.881 3.70164
864.023 -309.963 4.55577
864.933 -306.853 4.47971
866.545 -290.783 4.07065
866.801 -282.365 3.85306
867.118 -295.109 4.18685
868.327 -305.767 4.47229
868.423 -298.161 4.275
869.059 -305.444 4.46897
868.502 -287.002 3.98523
868.749 -287.066 3.98872
872.205 -307.095 4.53606
867.389 -257.911 3.22075
871.954 -290.874 4.11381
872.213 -290.769 4.11344
874.653 -302.877 4.44858
872.732 -288.91 4.07035
872.457 -282 3.88993
872.67 -281.992 3.89193
845.129 -271.619 3.54126
845.432 -271.617 3.53916
845.731 -271.616 3.53712
846.025 -271.614 3.53513
846.315 -271.612 3.5332
846.601 -271.61 3.53132
846.882 -271.609 3.52949
847.16 -271.607 3.52772
847.433 -271.606 3.52599
847.703 -271.604 3.5243
847.767 -271.809 3.52751
847.768 -272.081 3.53229
847.77 -272.357 3.53716
847.772 -272.637 3.54213
847.773 -272.921 3.5472
847.775 -273.209 3.55237
847.777 -273.502 3.55764
847.779 -273.799 3.56301
838.786 -302.577 4.15735
856.233 -271.893 3.49313
856.413 -271.883 3.49256
856.517 -272.018 3.49513
854.615 -284.465 3.75893
856.184 -280.917 3.68298
858.276 -276.829 3.59563
854.995 -287.89 3.83285
853.33 -295.961 4.00666
853.604 -296.155 4.01118
856.315 -292.116 3.92672
855.091 -300.89 4.11753
859.872 -287.401 3.8306
860.889 -283.37 3.74393
859.464 -292.428 3.9412
860.971 -296.213 4.03099
863.587 -281.005 3.70075
863.785 -281.049 3.7026
863.585 -285.216 3.79528
862.916 -303.261 4.19781
865.251 -276.879 3.61581
864.025 -309.962 4.35433
864.934 -306.85 4.28922
866.546 -290.793 3.93668
866.802 -282.35 3.74792
867.119 -295.104 4.03743
868.326 -305.729 4.28481
868.425 -298.171 4.11515
869.06 -305.434 4.28317
868.504 -287.017 3.86444
868.75 -287.072 3.86742
872.206 -307.096 4.34395
871.953 -290.867 3.97791
872.213 -290.765 3.97786
874.658 -302.899 4.27052
872.734 -288.918 3.94118
872.457 -281.999 3.78449
872.671 -281.993 3.78641
845.435 -271.616 3.4388
845.734 -271.614 3.43754
846.028 -271.612 3.43631
846.318 -271.611 3.43513
846.604 -271.609 3.43397
846.885 -271.607 3.43286
847.162 -271.606 3.43178
847.436 -271.604 3.43073
847.705 -271.603 3.42972
847.767 -271.81 3.43261
847.769 -272.082 3.43671
847.77 -272.358 3.4409
847.772 -272.638 3.44516
847.773 -272.922 3.4495
847.775 -273.21 3.45393
847.777 -273.503 3.45845
847.779 -273.8 3.46305
838.787 -302.578 3.95665
856.235 -271.889 3.41559
856.414 -271.883 3.41541
856.517 -272.018 3.41774
854.618 -284.46 3.63898
856.186 -280.914 3.57659
858.278 -276.827 3.50516
854.996 -287.892 3.70219
853.334 -295.95 3.84716
853.603 -296.163 3.85165
856.316 -292.115 3.78316
855.092 -300.89 3.94324
859.873 -287.401 3.70589
860.889 -283.371 3.63374
859.465 -292.427 3.79896
860.975 -296.194 3.87618
863.588 -281.003 3.60009
863.784 -281.058 3.60204
863.585 -285.214 3.67999
862.916 -303.261 4.01955
865.252 -276.879 3.53001
864.026 -309.961 4.15294
864.935 -306.848 4.09878
866.546 -290.803 3.80266
866.802 -282.335 3.64291
867.119 -295.1 3.88808
868.326 -305.694 4.09769
868.426 -298.181 3.95527
869.06 -305.425 4.09748
868.505 -287.033 3.74356
868.75 -287.078 3.74612
872.206 -307.097 4.15188
871.953 -290.861 3.84209
872.213 -290.762 3.84232
874.662 -302.922 4.09234
872.736 -288.926 3.81199
872.457 -281.998 3.67908
872.671 -281.994 3.68089
845.736 -271.613 3.33799
846.031 -271.611 3.33752
846.32 -271.609 3.33708
846.606 -271.608 3.33665
846.887 -271.606 3.33625
847.165 -271.604 3.33586
847.438 -271.603 3.3355
847.707 -271.601 3.33515
847.767 -271.811 3.33771
847.769 -272.083 3.34114
847.77 -272.358 3.34463
847.772 -272.638 3.34819
847.773 -272.923 3.35181
847.775 -273.211 3.3555
847.777 -273.504 3.35926
847.779 -273.801 3.3631
838.788 -302.579 3.75596
856.238 -271.886 3.33809
856.415 -271.883 3.33826
856.518 -272.019 3.34035
854.62 -284.456 3.5191
856.188 -280.911 3.47024
858.279 -276.824 3.41471
854.996 -287.893 3.57153
853.338 -295.939 3.68776
853.6 -296.175 3.69213
856.318 -292.113 3.63962
855.093 -300.89 3.76897
859.874 -287.4 3.58119
860.89 -283.371 3.52354
859.466 -292.426 3.65675
860.567 -290.946 3.6388
860.978 -296.178 3.72157
863.588 -281.002 3.49945
863.784 -281.068 3.50147
863.586 -285.213 3.56473
862.918 -303.261 3.84131
865.252 -276.878 3.44423
864.027 -309.96 3.95157
864.936 -306.846 3.90839
866.547 -290.814 3.66859
866.803 -282.321 3.53803
867.12 -295.096 3.73878
868.326 -305.661 3.91085
868.427 -298.192 3.79534
869.061 -305.416 3.91186
868.506 -287.049 3.62259
868.751 -287.085 3.62481
872.207 -307.098 3.95982
871.953 -290.854 3.70633
872.213 -290.758 3.70683
874.666 -302.945 3.91403
872.738 -288.935 3.68275
872.458 -281.998 3.57368
872.672 -281.995 3.57539
846.033 -271.61 3.23876
846.323 -271.608 3.23905
846.608 -271.606 3.23936
846.89 -271.605 3.23967
847.167 -271.603 3.23998
847.44 -271.601 3.2403
847.71 -271.6 3.24062
847.767 -271.812 3.24282
847.769 -272.084 3.24557
847.77 -272.359 3.24837
847.772 -272.639 3.25122
847.773 -272.924 3.25412
847.775 -273.212 3.25707
847.777 -273.505 3.26008
847.779 -273.802 3.26314
838.79 -302.58 3.5553
856.24 -271.882 3.26062
856.415 -271.882 3.26113
856.518 -272.019 3.26297
854.622 -284.454 3.39928
856.19 -280.909 3.36393
858.281 -276.822 3.3243
854.996 -287.895 3.44088
853.343 -295.929 3.52846
853.596 -296.194 3.53262
856.319 -292.112 3.49612
855.094 -300.891 3.59473
859.875 -287.399 3.45652
860.891 -283.372 3.41336
859.467 -292.426 3.51458
860.57 -290.931 3.50221
860.98 -296.165 3.56711
863.589 -281.001 3.39883
863.783 -281.084 3.40088
863.587 -285.213 3.44949
863.043 -293.872 3.55072
862.919 -303.26 3.6631
865.253 -276.879 3.35848
864.028 -309.959 3.75024
864.938 -306.844 3.71804
866.548 -290.824 3.53447
866.803 -282.308 3.43327
867.121 -295.093 3.58953
868.326 -305.629 3.7243
868.428 -298.204 3.63537
869.061 -305.406 3.72634
868.508 -287.065 3.50153
868.753 -287.093 3.50348
872.208 -307.099 3.76779
871.952 -290.848 3.57063
872.213 -290.755 3.57138
874.671 -302.969 3.73559
872.74 -288.943 3.55347
872.458 -281.997 3.4683
872.673 -281.995 3.4699
846.326 -271.606 3.14106
846.611 -271.605 3.14209
846.892 -271.603 3.14311
847.169 -271.601 3.14412
847.443 -271.6 3.14512
847.712 -271.598 3.14611
847.767 -271.813 3.14794
847.769 -272.085 3.15001
847.77 -272.361 3.15212
847.772 -272.64 3.15426
847.774 -272.925 3.15643
847.775 -273.213 3.15865
847.777 -273.506 3.1609
847.779 -273.803 3.1632
838.791 -302.581 3.35466
856.241 -271.882 3.18321
856.416 -271.882 3.18401
856.519 -272.019 3.1856
854.623 -284.452 3.2795
856.191 -280.908 3.25766
858.282 -276.82 3.23392
854.997 -287.897 3.31023
853.347 -295.919 3.36926
856.321 -292.11 3.35265
855.096 -300.891 3.4205
859.876 -287.399 3.33187
860.891 -283.372 3.30319
859.468 -292.426 3.37242
860.573 -290.923 3.36579
860.983 -296.152 3.41278
863.59 -281.001 3.29824
863.587 -285.213 3.33428
863.048 -293.826 3.40486
862.92 -303.26 3.48491
865.253 -276.88 3.27274
864.029 -309.958 3.54895
864.939 -306.842 3.52773
866.548 -290.836 3.40029
866.804 -282.295 3.32862
867.122 -295.089 3.44033
868.326 -305.598 3.538
868.429 -298.215 3.47534
869.062 -305.397 3.54091
868.509 -287.081 3.38037
868.754 -287.102 3.38211
872.209 -307.099 3.57577
871.952 -290.841 3.435
872.213 -290.751 3.43597
874.675 -302.993 3.55701
872.742 -288.952 3.42415
872.458 -281.996 3.36294
872.673 -281.996 3.36441
846.614 -271.603 3.04484
846.895 -271.602 3.04657
847.172 -271.6 3.04828
847.445 -271.598 3.04996
847.714 -271.597 3.05162
847.767 -271.814 3.05305
847.769 -272.086 3.05444
847.77 -272.362 3.05585
847.772 -272.642 3.05729
847.774 -272.926 3.05874
847.775 -273.214 3.06022
847.777 -273.507 3.06172
847.779 -273.804 3.06324
838.792 -302.582 3.15401
856.242 -271.882 3.10581
856.417 -271.882 3.10689
856.519 -272.019 3.10823
854.624 -284.452 3.15974
856.192 -280.908 3.15141
858.283 -276.819 3.14355
854.997 -287.899 3.17958
853.351 -295.91 3.21014
856.322 -292.109 3.20918
855.097 -300.891 3.24628
859.877 -287.398 3.20722
860.892 -283.373 3.19302
859.469 -292.426 3.23026
860.574 -290.917 3.22943
860.985 -296.142 3.25855
863.59 -281 3.19765
863.588 -285.213 3.21907
863.052 -293.793 3.25939
862.921 -303.26 3.30673
865.253 -276.882 3.18699
864.03 -309.957 3.34766
864.94 -306.841 3.33744
866.549 -290.847 3.26604
866.804 -282.283 3.22406
867.122 -295.087 3.29115
868.326 -305.569 3.35192
868.431 -298.228 3.31523
869.062 -305.387 3.35555
868.511 -287.097 3.2591
868.755 -287.111 3.26069
872.21 -307.1 3.38375
871.952 -290.835 3.29941
872.213 -290.748 3.30059
874.68 -303.018 3.37827
872.744 -288.961 3.29478
873.011 -288.987 3.29657
872.459 -281.995 3.25759
872.674 -281.997 3.25893
873.142 -278.572 3.24441
846.897 -271.6 2.95005
847.174 -271.599 2.95245
847.447 -271.597 2.95482
847.717 -271.596 2.95714
847.767 -271.815 2.95814
847.769 -272.087 2.95886
847.77 -272.363 2.95958
847.772 -272.642 2.96031
847.774 -272.927 2.96104
847.775 -273.215 2.96178
847.777 -273.508 2.96253
847.779 -273.805 2.96328
838.793 -302.582 2.95336
856.243 -271.881 3.02841
856.418 -271.881 3.02978
856.52 -272.019 3.03085
854.625 -284.454 3.03998
856.192 -280.909 3.04515
858.284 -276.817 3.05319
854.997 -287.901 3.0489
853.355 -295.901 3.05109
856.323 -292.107 3.06573
855.098 -300.891 3.07205
859.878 -287.398 3.08257
860.892 -283.373 3.08285
859.47 -292.425 3.08811
860.576 -290.914 3.09312
860.987 -296.132 3.10439
863.591 -281 3.09707
863.589 -285.214 3.10385
863.055 -293.764 3.11415
862.922 -303.259 3.12855
865.254 -276.884 3.10124
864.031 -309.956 3.14638
864.941 -306.84 3.14716
866.55 -290.859 3.13171
866.805 -282.271 3.11959
867.123 -295.084 3.142
868.327 -305.54 3.16606
868.432 -298.241 3.15503
869.063 -305.378 3.17026
868.512 -287.113 3.13773
868.756 -287.12 3.1392
872.211 -307.101 3.19172
871.952 -290.828 3.16387
872.213 -290.744 3.16523
874.685 -303.044 3.19935
872.746 -288.97 3.16534
873.01 -288.979 3.16684
872.459 -281.995 3.15224
872.674 -281.998 3.15343
873.143 -278.572 3.15023
873.314 -278.48 3.15099
847.177 -271.597 2.85664
847.45 -271.596 2.85968
847.719 -271.594 2.86268
847.767 -271.815 2.86323
847.769 -272.087 2.86327
847.77 -272.363 2.8633
847.772 -272.643 2.86332
847.774 -272.928 2.86333
847.775 -273.216 2.86333
847.777 -273.509 2.86332
847.779 -273.806 2.8633
838.794 -302.583 2.75269
844.877 -292.313 2.82138
856.243 -271.881 2.95101
856.419 -271.881 2.95267
856.52 -272.02 2.95348
854.624 -284.456 2.92019
856.192 -280.912 2.93887
858.285 -276.816 2.96284
854.998 -287.903 2.91821
853.359 -295.892 2.89209
850.01 -309.602 2.84271
850.358 -309.901 2.84505
856.325 -292.106 2.92229
855.099 -300.892 2.89781
859.879 -287.397 2.95793
860.893 -283.374 2.97267
859.471 -292.425 2.94596
860.577 -290.912 2.95682
860.99 -296.123 2.9503
863.592 -280.999 2.99648
863.589 -285.215 2.98863
863.059 -293.736 2.96911
862.923 -303.259 2.95037
865.254 -276.887 3.01546
864.033 -309.956 2.9451
864.942 -306.839 2.95687
866.55 -290.871 2.99729
866.806 -282.259 3.0152
867.124 -295.082 2.99286
868.327 -305.512 2.98038
868.433 -298.254 2.99474
869.064 -305.371 2.98502
868.514 -287.129 3.01623
868.757 -287.13 3.01764
872.213 -307.102 2.99968
871.952 -290.821 3.02838
872.214 -290.74 3.0299
874.69 -303.072 3.02024
872.748 -288.979 3.03584
873.01 -288.975 3.03717
872.459 -281.994 3.04689
872.675 -281.999 3.04793
873.143 -278.571 3.05605
873.314 -278.48 3.05698
847.452 -271.594 2.76457
847.722 -271.593 2.76822
847.767 -271.817 2.76831
847.769 -272.089 2.76767
847.77 -272.365 2.767
847.772 -272.645 2.76631
847.774 -272.929 2.7656
847.775 -273.217 2.76486
847.777 -273.51 2.7641
847.779 -273.808 2.76331
844.541 -292.265 2.65877
845.007 -292.078 2.66477
856.244 -271.881 2.87361
856.419 -271.881 2.87556
856.521 -272.02 2.8761
846.209 -292.504 2.67633
846.363 -292.9 2.67632
846.518 -293.3 2.6763
854.624 -284.461 2.80037
856.191 -280.917 2.83255
858.287 -276.815 2.8725
854.998 -287.905 2.7875
853.363 -295.883 2.73316
850.078 -309.374 2.63625
850.427 -309.663 2.63798
850.778 -309.954 2.63969
851.131 -310.247 2.64139
856.326 -292.105 2.77885
855.1 -300.892 2.72357
859.88 -287.397 2.83329
860.894 -283.374 2.86248
859.472 -292.426 2.8038
860.578 -290.91 2.82054
860.992 -296.116 2.79625
863.593 -280.999 2.8959
863.59 -285.217 2.8734
863.062 -293.711 2.82425
862.924 -303.259 2.77218
865.255 -276.891 2.92965
864.034 -309.955 2.74382
864.943 -306.838 2.76659
866.551 -290.884 2.86278
866.806 -282.248 2.91089
867.125 -295.081 2.84372
868.327 -305.485 2.7949
868.435 -298.268 2.83435
869.065 -305.365 2.79982
868.515 -287.146 2.89461
868.759 -287.14 2.89601
872.214 -307.103 2.80763
871.951 -290.815 2.89293
872.214 -290.737 2.89458
874.696 -303.101 2.84092
872.75 -288.988 2.90626
873.011 -288.973 2.90751
872.46 -281.993 2.94155
872.676 -282 2.94242
873.143 -278.57 2.96188
873.315 -278.48 2.96297
875.275 -284.388 2.94011
845.947 -273.386 2.63665
846.027 -273.6 2.63689
826.452 -294.238 2.22357
826.738 -294.525 2.22666
826.925 -294.919 2.22761
827.026 -295.411 2.22666
827.169 -295.861 2.22655
847.777 -273.511 2.66487
847.779 -273.809 2.66331
827.543 -297.306 2.22463
827.648 -297.823 2.2234
844.203 -292.217 2.49525
844.674 -292.03 2.5027
845.136 -291.845 2.51
856.245 -271.881 2.79621
856.42 -271.881 2.79845
856.521 -272.02 2.79871
846.303 -292.324 2.52137
846.456 -292.716 2.5204
846.612 -293.114 2.51939
846.769 -293.516 2.51833
854.622 -284.468 2.68048
856.188 -280.925 2.72615
856.381 -281.017 2.72754
858.288 -276.814 2.78216
854.998 -287.908 2.65677
853.366 -295.875 2.57428
849.661 -309.329 2.42498
850.138 -309.175 2.43111
850.486 -309.463 2.43221
850.836 -309.752 2.43328
851.188 -310.043 2.43432
856.327 -292.104 2.63541
855.101 -300.893 2.54932
859.881 -287.396 2.70864
860.895 -283.375 2.75228
859.473 -292.426 2.66163
860.579 -290.91 2.68424
860.994 -296.109 2.64224
863.593 -280.999 2.79531
863.591 -285.219 2.75814
863.065 -293.686 2.67956
862.925 -303.259 2.59399
865.255 -276.896 2.84381
865.423 -276.966 2.84437
864.035 -309.955 2.54254
864.945 -306.838 2.5763
866.552 -290.898 2.72817
866.807 -282.237 2.80665
867.126 -295.079 2.69459
868.328 -305.458 2.60959
868.436 -298.284 2.67385
869.066 -305.36 2.61465
868.517 -287.163 2.77288
868.76 -287.15 2.77431
872.215 -307.104 2.61557
871.951 -290.808 2.75751
872.214 -290.733 2.75929
874.702 -303.133 2.66137
872.753 -288.998 2.77662
873.011 -288.972 2.77785
872.46 -281.992 2.83621
872.677 -282.001 2.83689
873.144 -278.57 2.86771
873.315 -278.48 2.86896
875.275 -284.388 2.82441
846.123 -273.503 2.53573
829.037 -291.553 2.08801
829.308 -291.82 2.09094
829.497 -292.174 2.09167
829.607 -292.616 2.09026
829.748 -293.029 2.08957
829.892 -293.443 2.0889
830.035 -293.864 2.0881
830.184 -294.282 2.08738
830.32 -294.719 2.08623
830.436 -295.185 2.08445
830.553 -295.657 2.08259
830.668 -296.136 2.08059
830.789 -296.615 2.07865
830.912 -297.099 2.07664
831.034 -297.59 2.07451
831.163 -298.079 2.07247
831.289 -298.58 2.07021
831.416 -299.086 2.0679
831.547 -299.594 2.06557
831.684 -300.103 2.06329
831.817 -300.623 2.0608
831.957 -301.144 2.05835
846.816 -283.419 2.46187
847.194 -283.304 2.46886
847.565 -283.19 2.47571
847.818 -283.262 2.47889
847.903 -283.612 2.47674
847.988 -283.967 2.47453
844.338 -291.981 2.33972
844.805 -291.797 2.34846
845.263 -291.615 2.35701
856.246 -271.88 2.71881
856.421 -271.88 2.72133
856.522 -272.02 2.72132
846.396 -292.145 2.36779
846.549 -292.535 2.36587
846.704 -292.929 2.36389
846.861 -293.329 2.36184
854.619 -284.479 2.56047
856.183 -280.941 2.61956
856.392 -280.991 2.62154
858.289 -276.813 2.69182
854.998 -287.91 2.52601
853.37 -295.867 2.41544
849.818 -308.808 2.22514
850.198 -308.978 2.22739
850.544 -309.263 2.22787
850.893 -309.551 2.22831
851.244 -309.84 2.2287
856.329 -292.103 2.49197
851.953 -310.425 2.22934
855.102 -300.893 2.37505
859.882 -287.396 2.584
860.895 -283.376 2.64208
859.474 -292.427 2.51945
860.58 -290.91 2.54793
860.996 -296.103 2.48826
863.594 -281 2.69471
863.591 -285.222 2.64286
863.069 -293.662 2.53501
862.927 -303.259 2.41579
865.255 -276.902 2.75791
865.425 -276.944 2.75861
864.037 -309.954 2.34124
864.946 -306.838 2.386
866.283 -290.964 2.5911
866.553 -290.912 2.59345
866.808 -282.226 2.70247
867.127 -295.079 2.54545
868.328 -305.432 2.42445
868.438 -298.3 2.51321
869.067 -305.355 2.4295
868.519 -287.18 2.65102
868.761 -287.161 2.65252
872.216 -307.105 2.42349
871.951 -290.802 2.62214
872.214 -290.73 2.62402
874.709 -303.171 2.48152
872.755 -289.008 2.64689
873.012 -288.972 2.64818
872.461 -281.992 2.73087
872.678 -282.002 2.73136
873.144 -278.569 2.77354
873.316 -278.48 2.77494
875.276 -284.387 2.70872
847.148 -272.737 2.46145
847.149 -273.022 2.45862
847.151 -273.312 2.45572
847.153 -273.605 2.45274
832.013 -290.542 1.96937
832.156 -290.923 1.96828
832.301 -291.305 1.96716
832.45 -291.686 1.96609
832.595 -292.077 1.96477
832.745 -292.465 1.96353
832.888 -292.866 1.96197
833.009 -293.299 1.95955
833.134 -293.732 1.95717
833.259 -294.172 1.95464
833.387 -294.613 1.95213
833.516 -295.059 1.94951
833.648 -295.509 1.94685
833.781 -295.961 1.94413
833.914 -296.422 1.94124
834.05 -296.884 1.93837
834.191 -297.347 1.9355
834.331 -297.818 1.93246
834.478 -298.288 1.92949
834.621 -298.769 1.92628
834.768 -299.253 1.92304
834.92 -299.737 1.91983
835.071 -300.23 1.91644
846.565 -283.334 2.32962
846.945 -283.219 2.33774
847.32 -283.106 2.34569
847.688 -282.995 2.35348
847.909 -283.117 2.35573
847.993 -283.464 2.35272
848.079 -283.816 2.34964
848.166 -284.173 2.34648
848.255 -284.536 2.34323
844.401 -291.873 2.18319
844.876 -291.671 2.19366
845.342 -291.473 2.2039
856.247 -271.88 2.6414
856.422 -271.88 2.64422
856.523 -272.021 2.64392
846.442 -292.057 2.21365
846.602 -292.432 2.21105
846.764 -292.812 2.20838
846.917 -293.216 2.2052
842.122 -304.007 1.98317
842.619 -306.828 1.95125
843 -306.994 1.95449
854.613 -284.497 2.44022
856.399 -280.973 2.51558
858.29 -276.812 2.60148
854.999 -287.913 2.39522
853.374 -295.86 2.25665
849.913 -308.499 2.02513
850.257 -308.781 2.02506
850.602 -309.066 2.02494
850.95 -309.352 2.02475
851.3 -309.639 2.0245
856.33 -292.101 2.34853
852.007 -310.22 2.02382
852.364 -310.513 2.02338
855.104 -300.894 2.20077
859.883 -287.395 2.45934
860.896 -283.376 2.53186
859.475 -292.427 2.37725
860.581 -290.911 2.4116
860.997 -296.098 2.3343
863.595 -281 2.5941
863.592 -285.225 2.52753
863.072 -293.639 2.39061
862.928 -303.259 2.23758
865.255 -276.909 2.67194
865.426 -276.931 2.67287
864.038 -309.954 2.13993
864.947 -306.839 2.19568
866.284 -290.952 2.45648
866.554 -290.928 2.45859
866.808 -282.216 2.59836
867.128 -295.078 2.3963
868.328 -305.407 2.23946
868.44 -298.317 2.35243
869.067 -305.35 2.24437
868.52 -287.197 2.52902
868.763 -287.172 2.53065
872.218 -307.106 2.23138
871.951 -290.796 2.48678
867.676 -258.81 2.97358
872.758 -289.019 2.51707
873.013 -288.972 2.5185
872.461 -281.991 2.62552
872.679 -282.004 2.6258
873.144 -278.568 2.67937
873.316 -278.48 2.68091
875.276 -284.387 2.59301
847.149 -273.023 2.35911
847.151 -273.313 2.35547
847.153 -273.606 2.35175
838.909 -282.966 2.04356
834.159 -288.692 1.86164
834.305 -289.042 1.8603
834.446 -289.4 1.85871
834.594 -289.755 1.85723
834.741 -290.114 1.85564
834.894 -290.469 1.85415
835.044 -290.833 1.85242
835.192 -291.202 1.85054
835.318 -291.604 1.84766
835.448 -292.005 1.8448
835.577 -292.415 1.84174
835.712 -292.82 1.83884
835.845 -293.234 1.83568
835.984 -293.647 1.83261
836.122 -294.066 1.82937
836.264 -294.487 1.82612
836.406 -294.912 1.82276
836.552 -295.339 1.81936
836.696 -295.775 1.81575
836.847 -296.208 1.81226
836.997 -296.649 1.80857
846.313 -283.249 2.19685
846.696 -283.135 2.20612
847.073 -283.022 2.21519
847.444 -282.912 2.22407
847.71 -282.961 2.2284
847.936 -283.075 2.23091
848.083 -283.317 2.22986
848.169 -283.667 2.22593
848.257 -284.021 2.22189
848.345 -284.381 2.21775
844.407 -291.865 2.02487
844.882 -291.663 2.03676
845.348 -291.465 2.04839
856.248 -271.88 2.56399
856.423 -271.88 2.56709
856.523 -272.021 2.56651
846.442 -292.06 2.05786
846.602 -292.435 2.05435
846.764 -292.815 2.05074
846.883 -293.291 2.04472
846.396 -295.05 2.00677
847.084 -294.358 2.02997
846.829 -295.688 2.00305
843.053 -306.877 1.74929
856.406 -280.957 2.40967
858.291 -276.812 2.51113
854.999 -287.916 2.2644
848.801 -309.309 1.79075
853.377 -295.853 2.09788
849.973 -308.305 1.82477
850.315 -308.586 1.82411
850.66 -308.869 1.82338
851.007 -309.154 1.82258
851.356 -309.44 1.8217
856.332 -292.1 2.20508
852.06 -310.017 1.81972
852.416 -310.309 1.81861
855.105 -300.895 2.02646
859.884 -287.395 2.33468
860.897 -283.377 2.42162
859.475 -292.428 2.23503
860.582 -290.913 2.27523
860.999 -296.094 2.18033
863.595 -281 2.49348
863.592 -285.23 2.41215
863.075 -293.617 2.24634
862.929 -303.259 2.05934
865.255 -276.919 2.58588
865.427 -276.92 2.58715
864.04 -309.954 1.9386
864.948 -306.84 2.00532
866.285 -290.947 2.32181
866.554 -290.944 2.32359
866.809 -282.206 2.4943
867.129 -295.079 2.24712
868.329 -305.382 2.05462
868.441 -298.337 2.19147
869.068 -305.345 2.05925
868.522 -287.214 2.40689
868.764 -287.182 2.40868
872.219 -307.107 2.03925
871.952 -290.793 2.35142
872.215 -290.723 2.35351
872.76 -289.03 2.38715
873.014 -288.972 2.38879
872.462 -281.99 2.52017
872.679 -282.005 2.52022
873.145 -278.567 2.58519
873.317 -278.48 2.58687
875.277 -284.387 2.4773
883.69 -309.541 2.00982
847.151 -273.314 2.25521
847.153 -273.608 2.25074
841.205 -280.444 1.99567
839.399 -282.854 1.91297
839.378 -283.31 1.90524
835.995 -287.627 1.75332
836.16 -287.937 1.75239
844.041 -279.148 2.08612
844.24 -279.293 2.08857
844.345 -279.552 2.08684
844.499 -279.751 2.08724
844.46 -280.194 2.07894
844.345 -280.742 2.06704
837.485 -289.966 1.75049
837.537 -290.445 1.74356
837.669 -290.825 1.7401
837.808 -291.202 1.73679
837.946 -291.585 1.73327
838.088 -291.969 1.72977
838.227 -292.361 1.72602
838.375 -292.748 1.72247
838.521 -293.143 1.71865
838.671 -293.537 1.71488
841.811 -289.487 1.85658
846.438 -283.062 2.07357
846.826 -282.938 2.08418
847.199 -282.828 2.09418
847.49 -282.841 2.10007
847.715 -282.955 2.10271
847.941 -283.069 2.10529
848.166 -283.182 2.10783
848.258 -283.519 2.10337
848.346 -283.87 2.09848
848.435 -284.227 2.09347
848.525 -284.589 2.08834
844.888 -291.655 1.87991
845.354 -291.457 1.89293
856.249 -271.879 2.48658
856.424 -271.879 2.48996
856.524 -272.021 2.48909
846.442 -292.063 1.90203
846.602 -292.438 1.89759
846.764 -292.818 1.89305
846.847 -293.367 1.88362
846.553 -294.722 1.85101
847.049 -294.437 1.86574
846.768 -295.825 1.8326
843.198 -304.543 1.5919
843.416 -305.037 1.58567
843.639 -305.532 1.57941
843.863 -306.039 1.57284
844.093 -306.544 1.56633
844.326 -307.057 1.55963
844.564 -307.571 1.55293
844.804 -308.096 1.54593
854.838 -284.585 2.20199
856.411 -280.944 2.30381
858.291 -276.812 2.42076
854.999 -287.918 2.13353
848.967 -308.787 1.59587
853.381 -295.846 1.93914
850.032 -308.113 1.62577
850.374 -308.393 1.62452
850.717 -308.674 1.6232
851.063 -308.957 1.62178
851.411 -309.241 1.62029
856.333 -292.099 2.06162
852.113 -309.815 1.61702
852.468 -310.105 1.61525
855.106 -300.895 1.85213
859.885 -287.394 2.21
860.897 -283.377 2.31137
859.476 -292.428 2.09279
860.582 -290.915 2.13882
861 -296.091 2.02634
863.596 -281.001 2.39283
863.592 -285.235 2.29669
863.077 -293.595 2.10219
862.93 -303.259 1.88108
865.255 -276.931 2.49966
865.428 -276.911 2.50145
864.041 -309.954 1.73724
864.95 -306.841 1.81493
866.286 -290.945 2.1871
866.555 -290.963 2.18841
866.809 -282.196 2.39029
867.13 -295.079 2.09791
868.329 -305.358 1.86991
868.443 -298.359 2.03029
869.069 -305.34 1.87415
868.523 -287.232 2.28461
868.765 -287.193 2.28662
872.22 -307.108 1.84709
871.952 -290.789 2.21606
872.215 -290.719 2.21826
872.763 -289.042 2.25711
873.014 -288.973 2.25905
872.462 -281.989 2.41481
872.68 -282.006 2.41462
873.145 -278.567 2.491
873.317 -278.48 2.49282
875.277 -284.386 2.36157
883.691 -309.541 1.80157
869.912 -262.742 2.84083
842.323 -278.843 1.92259
842.674 -278.832 1.93242
842.91 -278.942 1.93685
843.189 -279.004 1.94327
843.815 -278.663 1.96644
844.125 -278.677 1.97447
844.41 -278.715 1.98134
844.699 -278.745 1.98843
844.897 -278.883 1.99098
844.895 -279.266 1.98358
845.081 -279.421 1.98539
846.08 -278.546 2.02818
846.715 -278.11 2.05298
847.001 -278.112 2.06023
847.239 -278.173 2.06501
847.458 -278.256 2.06885
847.608 -278.434 2.06897
847.755 -278.614 2.06896
847.907 -278.791 2.06906
848.051 -278.981 2.06867
842.503 -287.392 1.76057
842.667 -287.68 1.75852
849.809 -277.586 2.13988
849.827 -277.943 2.1328
846.841 -282.916 1.95746
847.225 -282.789 1.9691
847.495 -282.835 1.97433
847.72 -282.949 1.97705
847.946 -283.062 1.97971
848.171 -283.176 1.98231
848.347 -283.372 1.98194
848.434 -283.721 1.97622
848.524 -284.075 1.97035
848.614 -284.434 1.96435
844.894 -291.647 1.7231
845.36 -291.449 1.7375
856.249 -271.879 2.40915
856.425 -271.879 2.41282
856.524 -272.022 2.41166
846.442 -292.065 1.74615
846.602 -292.441 1.7408
846.764 -292.82 1.73532
846.812 -293.442 1.72192
846.643 -294.538 1.6931
844.322 -300.261 1.51406
846.706 -295.962 1.66105
844.74 -301.131 1.50172
844.954 -301.569 1.49547
845.17 -302.016 1.48894
845.39 -302.462 1.48243
845.613 -302.916 1.47571
845.84 -303.369 1.469
846.069 -303.832 1.462
846.303 -304.294 1.45502
846.539 -304.764 1.44781
846.781 -305.235 1.4406
854.85 -284.555 2.08288
856.416 -280.932 2.19798
847.524 -306.682 1.41788
858.292 -276.812 2.33038
848.04 -307.668 1.4021
854.999 -287.921 2.00262
848.572 -308.674 1.38575
849.006 -308.668 1.39274
853.384 -295.839 1.78041
850.091 -307.922 1.42809
850.431 -308.2 1.42627
850.774 -308.48 1.42436
851.119 -308.761 1.42235
851.466 -309.044 1.42023
856.334 -292.098 1.91815
852.166 -309.615 1.41571
852.49 -310.02 1.40991
855.107 -300.896 1.67776
859.886 -287.394 2.0853
860.898 -283.378 2.20109
859.477 -292.428 1.95054
860.583 -290.918 2.00236
861.002 -296.09 1.87232
863.596 -281.002 2.29216
863.592 -285.242 2.18115
863.08 -293.574 1.95816
862.931 -303.258 1.70279
865.254 -276.95 2.41316
865.429 -276.904 2.41576
864.042 -309.954 1.53584
864.951 -306.843 1.62448
866.287 -290.944 2.05234
866.556 -290.986 2.05296
866.81 -282.187 2.28632
867.131 -295.081 1.94865
868.33 -305.335 1.68532
868.445 -298.389 1.86873
869.07 -305.335 1.68905
868.525 -287.25 2.16218
868.767 -287.204 2.16447
872.221 -307.109 1.65488
871.952 -290.786 2.0807
872.216 -290.715 2.08302
872.766 -289.055 2.12694
873.015 -288.975 2.12928
872.462 -281.989 2.30944
872.681 -282.007 2.30899
873.145 -278.566 2.3968
873.318 -278.48 2.39876
875.278 -284.386 2.24583
883.692 -309.54 1.5933
869.911 -262.739 2.80302
869.965 -262.658 2.80487
843.15 -278.31 1.83228
843.497 -278.29 1.843
843.849 -278.259 1.854
844.143 -278.289 1.86196
844.42 -278.335 1.86902
844.688 -278.389 1.8756
844.959 -278.436 1.88235
845.309 -278.384 1.89347
845.652 -278.336 1.90423
846.221 -277.999 1.92769
846.571 -277.926 1.9391
846.875 -277.906 1.94794
847.147 -277.922 1.9551
847.449 -277.896 1.96395
847.715 -277.913 1.97079
848.17 -277.67 1.98862
848.054 -278.204 1.97318
848.2 -278.382 1.97291
848.369 -278.53 1.9739
848.87 -278.199 1.9948
849.795 -277.231 2.04177
850.107 -277.144 2.05187
850.425 -277.042 2.06245
850.1 -277.918 2.0331
847.237 -282.773 1.84341
847.5 -282.829 1.84862
847.726 -282.943 1.85142
847.951 -283.056 1.85416
848.176 -283.17 1.85683
848.401 -283.283 1.85943
848.522 -283.573 1.85509
848.611 -283.924 1.84838
853.191 -276.344 2.14735
853.381 -276.398 2.1504
853.927 -275.801 2.1782
856.25 -271.879 2.33171
856.425 -271.879 2.33567
856.525 -272.022 2.3342
854.962 -275.416 2.21146
855.056 -275.632 2.20789
846.764 -292.823 1.57753
846.777 -293.517 1.55958
846.568 -294.697 1.52402
845.686 -297.353 1.43503
846.608 -296.178 1.48555
846.095 -298.132 1.4228
846.301 -298.532 1.41631
846.512 -298.932 1.40981
846.725 -299.336 1.40318
846.944 -299.737 1.39662
847.162 -300.149 1.3897
847.386 -300.56 1.38283
847.611 -300.977 1.37573
847.841 -301.396 1.36857
848.074 -301.816 1.36136
854.858 -284.537 1.96359
856.421 -280.922 2.09218
848.792 -303.105 1.3387
858.293 -276.812 2.23998
858.204 -277.638 2.21533
858.399 -277.64 2.21864
858.587 -277.664 2.22118
858.765 -277.716 2.22271
858.942 -277.772 2.22404
859.135 -277.773 2.22716
859.33 -277.768 2.23045
859.513 -277.802 2.2324
859.698 -277.824 2.23466
859.869 -277.897 2.23521
860.054 -277.922 2.2373
860.23 -277.976 2.23837
860.396 -278.076 2.23792
860.568 -278.152 2.23822
860.739 -278.232 2.23835
860.906 -278.336 2.23767
861.072 -278.445 2.23681
861.244 -278.533 2.23655
861.416 -278.626 2.23614
861.586 -278.73 2.23533
861.756 -278.839 2.23431
861.921 -278.984 2.23214
862.093 -279.1 2.23087
862.27 -279.189 2.2304
862.442 -279.313 2.2288
862.616 -279.436 2.22718
862.787 -279.592 2.22452
862.959 -279.746 2.22191
863.146 -279.803 2.22227
863.325 -279.93 2.22041
863.502 -280.084 2.21769
863.597 -281.002 2.19147
863.592 -285.251 2.06546
863.083 -293.553 1.81423
862.933 -303.259 1.52447
863.996 -297.536 1.70384
865.43 -276.898 2.33006
864.044 -309.954 1.33441
864.952 -306.845 1.43396
866.288 -290.944 1.91753
866.811 -282.178 2.18238
867.132 -295.083 1.79933
868.33 -305.312 1.50084
869.071 -305.33 1.50395
868.527 -287.268 2.03959
868.768 -287.215 2.0422
872.222 -307.11 1.46264
871.952 -290.782 1.94534
872.216 -290.712 1.94779
872.769 -289.07 1.99661
873.016 -288.976 1.99946
872.463 -281.988 2.20405
872.682 -282.009 2.20333
873.145 -278.565 2.30259
873.318 -278.48 2.30467
875.278 -284.386 2.13006
883.693 -309.539 1.38499
869.91 -262.736 2.76522
869.964 -262.655 2.76728
870.029 -262.611 2.76824
844.818 -276.818 1.79789
844.185 -277.881 1.75272
844.488 -277.895 1.76193
844.729 -277.977 1.76754
844.957 -278.074 1.77229
845.274 -278.061 1.78243
845.762 -277.837 1.80289
846.093 -277.795 1.81402
846.392 -277.788 1.82326
846.72 -277.738 1.83439
846.99 -277.76 1.84189
847.313 -277.707 1.85284
847.608 -277.687 1.86203
847.996 -277.538 1.87721
848.306 -277.486 1.88757
848.612 -277.435 1.8977
848.874 -277.439 1.90509
849.029 -277.592 1.9055
849.688 -277.019 1.93919
850.012 -276.915 1.95101
850.355 -276.777 1.96421
850.702 -276.625 1.97783
850.965 -276.593 1.98586
851.22 -276.569 1.99345
851.47 -276.549 2.00067
851.718 -276.529 2.00782
851.962 -276.51 2.01479
852.206 -276.49 2.02171
852.47 -276.43 2.03025
852.745 -276.346 2.03967
853.3 -275.771 2.06997
853.565 -275.684 2.07911
853.828 -275.596 2.0882
854.088 -275.508 2.09713
856.251 -271.878 2.25426
856.426 -271.878 2.25851
856.525 -272.022 2.25674
855.04 -275.265 2.12718
855.138 -275.47 2.1235
855.219 -275.714 2.11824
847.618 -291.788 1.46997
847.815 -292.087 1.46563
848.015 -292.382 1.4614
848.215 -292.686 1.45682
848.417 -292.992 1.45217
848.608 -293.328 1.44626
848.707 -293.887 1.4316
848.762 -294.563 1.41237
856.494 -276.904 2.1109
856.688 -276.922 2.1144
856.865 -276.976 2.11639
857.06 -276.988 2.12
857.252 -277.002 2.12345
857.444 -277.017 2.12679
857.633 -277.037 2.12989
857.82 -277.057 2.13291
858.006 -277.081 2.13572
858.294 -276.812 2.14955
858.375 -277.134 2.14101
858.548 -277.192 2.14235
858.728 -277.231 2.14439
858.903 -277.283 2.14588
859.079 -277.331 2.14747
859.254 -277.38 2.14895
859.42 -277.464 2.14912
859.587 -277.541 2.14948
859.76 -277.603 2.15038
859.932 -277.669 2.15107
860.104 -277.735 2.15174
860.277 -277.796 2.1525
860.453 -277.849 2.15354
860.619 -277.94 2.15313
860.786 -278.035 2.15258
860.953 -278.13 2.15197
861.12 -278.228 2.15123
861.288 -278.329 2.15032
861.457 -278.427 2.14952
861.627 -278.524 2.14868
861.796 -278.632 2.14742
861.965 -278.746 2.14593
862.135 -278.861 2.14438
862.306 -278.976 2.14278
862.478 -279.092 2.14112
862.653 -279.2 2.13966
862.829 -279.309 2.13816
863.005 -279.42 2.13658
863.183 -279.531 2.13493
863.362 -279.639 2.13332
863.543 -279.747 2.13173
863.724 -279.86 2.12989
863.904 -279.993 2.12734
864.085 -280.14 2.12427
864.266 -280.298 2.12081
864.45 -280.459 2.11719
864.635 -280.618 2.11361
865.34 -273.179 2.36712
865.011 -280.949 2.10594
865.431 -276.893 2.24436
864.045 -309.954 1.13293
864.953 -306.848 1.24337
866.288 -290.945 1.78266
866.811 -282.169 2.07848
867.133 -295.086 1.64993
868.331 -305.29 1.31646
869.072 -305.325 1.31885
868.528 -287.287 1.91683
868.769 -287.227 1.91983
872.224 -307.111 1.27034
871.953 -290.778 1.80998
872.216 -290.708 1.81254
872.773 -289.088 1.86603
873.017 -288.978 1.8696
872.463 -281.987 2.09865
872.683 -282.01 2.09763
873.146 -278.565 2.20837
873.319 -278.48 2.21057
875.279 -284.385 2.01428
883.693 -309.538 1.17664
869.909 -262.732 2.72744
869.964 -262.652 2.72971
870.029 -262.608 2.73074
870.074 -262.507 2.73367
847.722 -273.882 1.8589
847.806 -274.092 1.85621
847.814 -274.391 1.84851
847.572 -274.991 1.82434
847.752 -275.098 1.82744
847.96 -275.171 1.83233
847.705 -275.812 1.80646
847.441 -276.479 1.77951
846.981 -277.41 1.73882
847.254 -277.422 1.74728
847.509 -277.454 1.75447
847.811 -277.42 1.76497
848.212 -277.249 1.78243
848.509 -277.21 1.79277
848.786 -277.195 1.80178
849.156 -277.045 1.81746
849.538 -276.87 1.83414
849.884 -276.737 1.84847
850.283 -276.519 1.86687
850.631 -276.368 1.88165
850.926 -276.288 1.89273
851.192 -276.245 1.9018
851.44 -276.227 1.90951
851.688 -276.207 1.91722
851.962 -276.139 1.9271
852.249 -276.044 1.93811
852.525 -275.962 1.94833
852.79 -275.892 1.95786
853.214 -275.546 1.98023
853.468 -275.479 1.98922
853.731 -275.393 1.999
853.99 -275.308 2.0086
854.252 -275.21 2.01862
856.252 -271.878 2.17679
856.427 -271.878 2.18133
856.526 -272.022 2.17925
855.136 -275.078 2.04566
855.266 -275.217 2.04444
855.415 -275.319 2.04485
855.567 -275.415 2.04548
855.698 -275.556 2.04406
855.825 -275.708 2.04213
855.954 -275.858 2.04026
854.854 -278.735 1.91924
856.165 -276.274 2.03144
856.331 -276.348 2.0328
857.278 -274.593 2.11298
857.535 -274.415 2.12474
857.687 -274.486 2.12571
857.839 -274.555 2.12676
857.992 -274.622 2.12778
857.403 -276.613 2.04758
857.592 -276.628 2.05105
857.779 -276.644 2.0544
857.959 -276.676 2.05703
858.13 -276.735 2.05846
858.3 -276.795 2.05981
858.467 -276.865 2.06066
858.63 -276.949 2.06095
858.8 -277.01 2.06209
858.969 -277.076 2.063
859.135 -277.15 2.06349
859.301 -277.225 2.06394
859.469 -277.299 2.06436
859.635 -277.378 2.06454
859.801 -277.457 2.06468
859.973 -277.519 2.06546
860.153 -277.55 2.06742
860.327 -277.601 2.06849
860.501 -277.656 2.0694
860.671 -277.726 2.06963
860.838 -277.814 2.06916
861.002 -277.914 2.06813
861.168 -278.013 2.0671
861.334 -278.112 2.06605
861.5 -278.22 2.0646
861.667 -278.324 2.06327
861.835 -278.429 2.06183
862.005 -278.529 2.06059
862.175 -278.635 2.05906
862.346 -278.741 2.05749
862.518 -278.848 2.05584
862.692 -278.952 2.05426
862.866 -279.055 2.05269
863.042 -279.159 2.05103
863.219 -279.263 2.04931
863.397 -279.367 2.04757
863.576 -279.473 2.04571
863.755 -279.581 2.04373
863.936 -279.697 2.04139
864.116 -279.82 2.03878
864.296 -279.975 2.0349
864.477 -280.131 2.03094
864.66 -280.288 2.02692
864.846 -280.447 2.0228
865.033 -280.607 2.01856
865.432 -276.889 2.15864
865.413 -280.934 2.00979
865.606 -281.099 2.00525
865.801 -281.265 2.00066
865.999 -281.438 1.99574
866.199 -281.605 1.99105
866.401 -281.775 1.98615
866.605 -281.952 1.98099
866.812 -282.161 1.9746
867.134 -295.09 1.50044
868.331 -305.269 1.13217
869.073 -305.32 1.13374
868.53 -287.307 1.79388
868.771 -287.238 1.79736
867.235 -257.917 2.86904
867.273 -257.9 2.86975
872.225 -307.112 1.078
871.953 -290.775 1.67462
872.216 -290.705 1.6773
873.018 -288.98 1.73968
872.464 -281.986 1.99322
872.683 -282.012 1.99191
878.229 -302.444 1.24415
878.48 -301.947 1.26108
873.146 -278.564 2.11413
873.319 -278.48 2.11645
879.443 -301.409 1.27649
875.279 -284.385 1.89847
883.694 -309.538 0.968225
869.909 -262.729 2.68966
869.963 -262.649 2.69214
870.028 -262.605 2.69324
870.074 -262.504 2.69646
870.138 -262.461 2.69751
848.439 -273.367 1.79926
848.506 -273.587 1.79522
848.61 -273.767 1.79362
848.87 -273.762 1.803
848.985 -273.929 1.80204
849.086 -274.113 1.80006
849.556 -273.84 1.82462
849.698 -273.97 1.82556
849.498 -274.54 1.80124
849.695 -274.605 1.80597
849.71 -274.91 1.79699
849.535 -275.474 1.77352
849.54 -275.808 1.76321
849.287 -276.505 1.73281
849.483 -276.587 1.73662
849.963 -276.266 1.76248
850.238 -276.227 1.77257
850.611 -276.039 1.79054
850.901 -275.967 1.80208
851.163 -275.931 1.81144
851.452 -275.848 1.82321
851.749 -275.747 1.8357
852.032 -275.663 1.84715
852.307 -275.585 1.85807
852.518 -275.606 1.86374
852.838 -275.445 1.87867
853.126 -275.328 1.89114
853.377 -275.268 1.90051
853.634 -275.192 1.91058
853.896 -275.103 1.92113
854.163 -274.997 1.9324
854.442 -274.865 1.94483
856.253 -271.878 2.09928
856.428 -271.878 2.10411
856.526 -272.023 2.10171
855.377 -274.61 1.97941
855.566 -274.622 1.98405
855.751 -274.641 1.98826
855.935 -274.658 1.99245
856.119 -274.676 1.99659
856.307 -274.679 2.0013
856.502 -274.667 2.00667
856.891 -274.222 2.03252
857.132 -274.093 2.04316
857.299 -274.124 2.04612
857.456 -274.179 2.04789
857.61 -274.24 2.04934
857.768 -274.29 2.05121
857.928 -274.336 2.05322
858.08 -274.401 2.05434
858.254 -274.408 2.05802
858.41 -274.462 2.0595
858.554 -274.55 2.05938
858.052 -276.422 1.97814
858.205 -276.526 1.97749
858.363 -276.617 1.97742
858.525 -276.696 1.97778
858.688 -276.775 1.97813
858.852 -276.85 1.97862
859.017 -276.925 1.97908
859.182 -276.998 1.97951
859.345 -277.083 1.97943
859.509 -277.165 1.9794
859.674 -277.241 1.97958
859.841 -277.316 1.97975
860.023 -277.335 1.98234
860.203 -277.361 1.98455
860.377 -277.409 1.98573
860.549 -277.466 1.98649
860.721 -277.52 1.9873
860.889 -277.599 1.98701
861.054 -277.685 1.98632
861.219 -277.78 1.98524
861.385 -277.875 1.98411
861.55 -277.977 1.98264
861.715 -278.081 1.98105
861.882 -278.183 1.97947
862.05 -278.285 1.97785
862.219 -278.386 1.97625
862.389 -278.488 1.97458
862.56 -278.59 1.97285
862.732 -278.691 1.97109
862.905 -278.793 1.96927
863.079 -278.894 1.96742
863.255 -278.996 1.96549
863.431 -279.099 1.96348
863.608 -279.204 1.96138
863.786 -279.309 1.95917
863.965 -279.418 1.95678
864.145 -279.533 1.95409
864.324 -279.667 1.95058
864.504 -279.811 1.94661
865.19 -273.248 2.21698
864.868 -280.12 1.93768
865.054 -280.277 1.93308
865.432 -276.886 2.07287
865.429 -280.595 1.9235
865.62 -280.757 1.91855
865.813 -280.92 1.91349
866.009 -281.085 1.90834
866.206 -281.25 1.9031
866.406 -281.417 1.89773
866.608 -281.587 1.89221
866.812 -281.759 1.88658
867.019 -281.932 1.88082
867.228 -282.107 1.87496
867.44 -282.282 1.86901
867.654 -282.467 1.86266
867.871 -282.634 1.85692
868.089 -282.782 1.85194
868.313 -283.011 1.8436
868.772 -287.249 1.67473
867.275 -257.92 2.84949
872.226 -307.113 0.885535
871.953 -290.771 1.5392
872.216 -290.701 1.542
873.019 -288.983 1.60968
872.464 -281.986 1.88775
872.684 -282.013 1.88611
878.165 -302.161 1.07583
878.415 -301.669 1.09406
873.146 -278.563 2.01984
873.32 -278.48 2.02227
879.39 -301.2 1.10776
875.28 -284.385 1.78259
880.225 -301.584 1.08828
883.695 -309.537 0.759755
869.962 -262.646 2.65458
870.027 -262.602 2.65577
870.073 -262.501 2.65927
870.137 -262.458 2.6604
870.201 -262.415 2.6615
849.323 -272.639 1.75872
849.601 -272.6 1.77052
850.029 -272.376 1.79388
850.278 -272.36 1.80374
850.551 -272.311 1.8155
850.749 -272.352 1.82145
850.904 -272.443 1.82411
850.826 -272.834 1.80821
850.956 -272.962 1.80862
851.1 -273.072 1.81004
851.209 -273.229 1.80859
851.301 -273.412 1.80556
851.565 -273.358 1.81667
851.309 -274.029 1.78454
851.464 -274.131 1.78629
851.616 -274.238 1.78776
851.754 -274.364 1.78799
851.888 -274.499 1.78775
852.094 -274.524 1.7937
852.378 -274.428 1.80654
852.558 -274.488 1.81025
852.789 -274.466 1.81857
852.962 -274.533 1.82171
852.924 -274.944 1.80548
853.381 -274.545 1.83455
853.521 -274.664 1.83457
853.649 -274.803 1.83337
853.828 -274.856 1.83691
854.136 -274.679 1.85292
854.457 -274.47 1.87042
854.758 -274.288 1.88625
856.254 -271.878 2.02177
856.429 -271.878 2.02689
856.527 -272.023 2.02418
855.536 -274.301 1.9084
855.779 -274.2 1.91916
856.023 -274.092 1.93019
856.268 -273.973 1.9416
856.506 -273.865 1.95233
856.74 -273.757 1.96286
856.941 -273.714 1.96998
857.119 -273.719 1.97445
857.25 -273.826 1.97367
857.383 -273.933 1.97284
857.529 -274.009 1.97357
857.684 -274.063 1.97531
857.878 -274.024 1.9817
858.095 -273.921 1.99117
858.391 -273.611 2.01089
858.695 -273.269 2.03202
858.913 -273.132 2.04276
859.087 -273.108 2.04779
859.253 -273.105 2.05169
859.399 -273.152 2.0531
859.546 -273.201 2.05437
859.683 -273.276 2.0543
859.918 -273.056 2.06846
860.146 -272.844 2.08211
860.259 -272.986 2.07862
860.334 -273.254 2.06905
859.39 -276.934 1.89629
859.554 -277.01 1.89641
859.713 -277.106 1.89552
859.883 -277.168 1.89622
860.062 -277.195 1.8985
860.712 -275.423 1.98543
860.877 -275.449 1.98736
861.034 -275.504 1.98789
861.139 -275.783 1.97792
860.937 -277.393 1.90598
861.103 -277.47 1.90551
861.269 -277.554 1.90472
861.435 -277.638 1.90387
861.601 -277.727 1.90271
861.766 -277.826 1.90108
861.932 -277.925 1.89939
862.098 -278.026 1.89756
862.265 -278.128 1.89564
862.433 -278.231 1.89361
862.602 -278.334 1.89158
862.772 -278.434 1.88957
862.943 -278.535 1.88751
863.116 -278.636 1.88541
863.289 -278.736 1.88326
863.464 -278.837 1.88103
863.639 -278.94 1.87868
863.816 -279.044 1.87625
863.993 -279.15 1.87364
864.172 -279.259 1.87084
864.351 -279.371 1.86788
864.53 -279.499 1.86419
865.188 -273.284 2.14217
864.891 -279.802 1.85451
865.074 -279.954 1.84954
865.433 -276.883 1.9871
865.445 -280.265 1.83923
865.634 -280.423 1.83389
865.825 -280.583 1.82844
866.018 -280.744 1.82286
866.213 -280.906 1.81717
866.411 -281.069 1.8114
866.61 -281.234 1.8055
866.812 -281.401 1.79943
867.016 -281.57 1.79323
867.223 -281.743 1.78685
867.432 -281.92 1.78019
867.644 -282.108 1.77299
867.858 -282.269 1.76692
868.072 -282.391 1.76247
868.289 -282.523 1.75753
868.509 -282.673 1.75175
868.731 -282.831 1.74557
868.961 -283.06 1.73625
869.199 -283.34 1.7246
867.233 -257.887 2.83134
867.27 -257.873 2.83203
867.308 -257.859 2.83268
867.345 -257.846 2.83332
867.388 -257.881 2.83182
871.954 -290.768 1.40381
872.217 -290.697 1.40672
873.021 -288.985 1.47965
872.464 -281.985 1.78227
872.685 -282.014 1.78031
878.102 -301.88 0.909409
878.351 -301.394 0.928902
873.147 -278.563 1.92556
873.32 -278.48 1.9281
879.337 -300.992 0.940459
875.28 -284.385 1.66671
880.168 -301.372 0.919128
883.696 -309.538 0.551196
869.961 -262.643 2.61704
870.026 -262.599 2.61831
870.08 -262.523 2.62098
870.145 -262.481 2.62215
870.209 -262.438 2.62328
870.283 -262.426 2.62307
850.848 -271.129 1.77898
850.965 -271.258 1.77912
851.118 -271.342 1.78225
851.277 -271.419 1.78576
851.454 -271.472 1.79079
851.64 -271.513 1.79654
851.856 -271.511 1.80494
852.005 -271.596 1.80752
852.135 -271.705 1.80846
852.256 -271.825 1.80863
852.381 -271.942 1.80896
852.518 -272.042 1.81031
852.65 -272.148 1.81118
852.749 -272.302 1.80902
852.834 -272.479 1.80535
853.045 -272.473 1.81317
852.631 -273.393 1.7632
852.74 -273.55 1.76098
852.898 -273.632 1.76333
853.167 -273.54 1.77627
853.303 -273.655 1.7764
853.452 -273.748 1.77785
854.379 -272.571 1.85563
854.541 -272.622 1.85901
854.699 -272.679 1.86196
854.866 -272.721 1.86573
854.298 -274.039 1.79426
854.58 -273.896 1.80909
854.754 -273.937 1.81298
854.944 -273.951 1.81839
856.255 -271.877 1.94425
856.43 -271.877 1.94965
856.528 -272.023 1.94662
855.87 -273.649 1.85926
856.111 -273.541 1.87101
856.346 -273.438 1.88229
856.563 -273.368 1.89154
856.768 -273.317 1.8996
856.923 -273.367 1.90192
857.073 -273.429 1.90352
857.207 -273.524 1.90324
857.345 -273.613 1.90325
857.504 -273.655 1.90579
857.676 -273.666 1.90994
857.93 -273.476 1.92489
858.268 -273.073 1.95122
858.482 -272.959 1.96174
858.635 -272.994 1.96411
858.814 -272.96 1.97011
858.983 -272.95 1.97476
859.145 -272.953 1.97862
859.301 -272.973 1.98151
859.456 -272.994 1.98426
859.628 -272.964 1.98966
859.814 -272.888 1.99733
860.049 -272.661 2.01284
860.229 -272.589 2.02011
860.398 -272.547 2.0257
860.538 -272.592 2.02677
860.681 -272.629 2.02814
860.808 -272.724 2.02652
860.475 -274.434 1.94222
860.602 -274.573 1.93852
860.721 -274.753 1.9327
860.849 -274.902 1.92842
860.989 -275.012 1.9261
861.128 -275.129 1.9234
861.266 -275.254 1.92027
861.404 -275.389 1.91656
861.489 -275.763 1.90089
861.311 -277.363 1.82405
861.478 -277.439 1.82341
861.646 -277.51 1.82295
861.813 -277.59 1.82199
861.98 -277.672 1.82089
862.145 -277.771 1.81886
862.31 -277.872 1.81675
862.476 -277.973 1.81453
862.644 -278.075 1.81225
862.812 -278.177 1.80989
862.981 -278.28 1.80744
863.152 -278.38 1.80507
863.324 -278.479 1.80268
863.497 -278.579 1.80022
863.67 -278.681 1.7976
863.845 -278.784 1.7949
864.021 -278.888 1.79204
864.714 -273.629 2.04744
864.376 -279.099 1.78611
864.555 -279.21 1.78277
864.733 -279.34 1.7785
864.913 -279.489 1.77324
865.094 -279.64 1.76788
865.434 -276.881 1.90129
865.461 -279.943 1.75684
865.648 -280.097 1.75118
865.837 -280.253 1.74534
866.027 -280.41 1.73938
866.22 -280.569 1.73329
866.415 -280.729 1.72708
866.612 -280.89 1.72079
866.812 -281.052 1.71435
867.014 -281.222 1.70753
867.218 -281.396 1.70043
867.425 -281.578 1.69287
867.634 -281.756 1.68546
867.845 -281.912 1.67904
868.057 -282.029 1.6744
868.27 -282.145 1.66971
868.486 -282.27 1.66451
868.705 -282.414 1.65838
868.926 -282.565 1.65183
869.151 -282.723 1.64488
867.233 -257.885 2.81201
867.27 -257.871 2.81277
867.307 -257.856 2.81351
867.345 -257.841 2.81423
867.388 -257.882 2.81233
870.634 -284.365 1.56906
870.906 -284.716 1.55255
871.954 -290.764 1.26841
872.217 -290.694 1.27144
874.361 -303.208 0.683284
874.783 -303.579 0.665214
875.21 -303.948 0.647099
873.022 -288.988 1.34956
876.082 -304.682 0.610638
876.526 -305.046 0.592331
872.465 -281.984 1.67677
872.686 -282.016 1.67445
877.903 -306.159 0.535408
878.371 -306.513 0.516906
878.844 -306.863 0.498399
878.039 -301.603 0.744804
878.287 -301.121 0.765534
873.147 -278.562 1.83125
873.32 -278.48 1.8339
879.284 -300.786 0.774528
875.281 -284.385 1.55081
880.111 -301.162 0.751379
882.841 -309.567 0.348416
883.363 -309.88 0.329996
870.064 -262.971 2.56366
870.025 -262.596 2.58086
870.09 -262.553 2.58217
870.154 -262.509 2.58344
870.219 -262.466 2.58469
870.283 -262.423 2.5859
870.346 -262.381 2.58705
852.4 -269.541 1.81815
852.42 -269.763 1.81054
852.367 -270.078 1.79631
852.353 -270.35 1.78534
852.377 -270.579 1.77742
852.432 -270.772 1.77217
852.506 -270.944 1.76841
852.575 -271.123 1.76412
852.638 -271.313 1.75911
853.391 -270.566 1.81859
853.54 -270.63 1.82187
853.625 -270.782 1.81904
853.061 -271.859 1.75364
853.224 -271.917 1.7575
853.404 -271.946 1.76314
853.589 -271.968 1.76918
853.752 -272.021 1.77308
854.306 -271.472 1.81634
854.462 -271.523 1.81994
854.914 -271.106 1.85384
855.219 -270.908 1.87315
855.126 -271.352 1.851
854.883 -272.057 1.8123
855.254 -271.746 1.83859
855.404 -271.801 1.84145
855.55 -271.862 1.84378
855.694 -271.926 1.8459
855.84 -271.987 1.84814
856.004 -272.015 1.85235
856.255 -271.877 1.8667
856.43 -271.877 1.87239
856.528 -272.023 1.86903
856.454 -272.507 1.84509
856.58 -272.609 1.8445
856.701 -272.722 1.84321
856.823 -272.833 1.84197
857.016 -272.797 1.84946
857.211 -272.754 1.85724
857.433 -272.647 1.86875
857.615 -272.623 1.87516
857.767 -272.663 1.87776
857.905 -272.735 1.87842
858.08 -272.718 1.88414
858.318 -272.55 1.89859
858.43 -272.681 1.8956
858.546 -272.801 1.89317
858.707 -272.812 1.89695
858.876 -272.8 1.90202
859.038 -272.806 1.90595
859.195 -272.82 1.90936
859.356 -272.822 1.91331
859.521 -272.811 1.91797
859.725 -272.685 1.92903
859.944 -272.507 1.94288
860.139 -272.388 1.95322
860.302 -272.365 1.95819
860.472 -272.312 1.96467
860.63 -272.296 1.96905
860.799 -272.24 1.97555
860.971 -272.165 1.98299
861.135 -272.116 1.98892
861.293 -272.084 1.99388
861.436 -272.103 1.9959
861.572 -272.146 1.9966
861.235 -274.049 1.89649
861.387 -274.084 1.89777
861.536 -274.133 1.89826
861.684 -274.184 1.89861
861.795 -274.405 1.88972
861.897 -274.678 1.8781
861.519 -277.244 1.74411
861.689 -277.301 1.74425
861.857 -277.37 1.7437
862.023 -277.449 1.74257
862.189 -277.532 1.74112
862.355 -277.62 1.73937
862.52 -277.719 1.73702
862.685 -277.819 1.73454
862.852 -277.918 1.73207
863.02 -278.019 1.7294
863.189 -278.12 1.72671
863.358 -278.223 1.72384
863.529 -278.325 1.72099
863.701 -278.423 1.71828
863.874 -278.525 1.7153
864.048 -278.631 1.71205
864.718 -273.583 1.97504
864.4 -278.837 1.70568
865.036 -273.354 1.99015
864.755 -279.055 1.69848
864.934 -279.185 1.69371
865.113 -279.331 1.68808
865.434 -276.88 1.81543
865.477 -279.628 1.67635
865.661 -279.778 1.67033
865.848 -279.93 1.66414
866.036 -280.084 1.65781
866.227 -280.239 1.65135
866.42 -280.396 1.64476
866.615 -280.555 1.63797
866.812 -280.719 1.6309
867.011 -280.891 1.62333
867.213 -281.068 1.61545
867.418 -281.246 1.60743
867.624 -281.412 1.59999
867.833 -281.561 1.59334
868.042 -281.674 1.5884
868.253 -281.788 1.5834
868.465 -281.902 1.57828
868.68 -282.022 1.57279
868.898 -282.162 1.56622
869.119 -282.307 1.55931
867.233 -257.884 2.79269
867.27 -257.869 2.79349
867.307 -257.854 2.79427
867.345 -257.839 2.79503
867.388 -257.883 2.79281
870.517 -283.392 1.50539
870.775 -283.693 1.49002
871.042 -284.023 1.47313
871.317 -284.369 1.45531
871.597 -284.718 1.43726
871.884 -285.074 1.41875
872.178 -285.438 1.39973
872.494 -285.898 1.37578
875.035 -298.802 0.722136
875.401 -298.972 0.712292
872.465 -281.984 1.57124
872.687 -282.018 1.56854
876.52 -299.48 0.681902
876.897 -299.638 0.672012
877.281 -299.808 0.661402
877.666 -299.971 0.651022
878.054 -300.132 0.640579
873.147 -278.561 1.73692
873.321 -278.48 1.73967
879.239 -300.609 0.608546
875.281 -284.384 1.43486
880.045 -300.917 0.586898
880.452 -301.068 0.575946
880.863 -301.218 0.564901
881.277 -301.366 0.553776
881.694 -301.513 0.542556
870.063 -262.968 2.52493
870.025 -262.593 2.54342
870.089 -262.55 2.5448
870.154 -262.506 2.54615
870.218 -262.463 2.54747
870.282 -262.42 2.54875
870.39 -262.503 2.54346
870.526 -262.656 2.53444
 ] }
 color Color { color [
0.291787 0 0.708213
0.28946 0 0.71054
0.287185 0 0.712815
0.284958 0 0.715042
0.28278 0 0.71722
0.280648 0 0.719352
0.278562 0 0.721438
0.276519 0 0.723481
0.27452 0 0.72548
0.272563 0 0.727437
0.270645 0 0.729355
0.271623 0 0.728377
0.273563 0 0.726437
0.275545 0 0.724455
0.277569 0 0.722431
0.279637 0 0.720363
0.28175 0 0.71825
0.283909 0 0.716091
0.286115 0 0.713885
0.574647 0 0.425353
0.221659 0 0.778341
0.220687 0 0.779313
0.221394 0 0.778606
0.343069 0 0.656931
0.304306 0 0.695694
0.25873 0 0.74127
0.374012 0 0.625988
0.456122 0 0.543878
0.456994 0 0.543006
0.410832 0 0.589168
0.498918 0 0.501082
0.356869 0 0.643131
0.315338 0 0.684662
0.407036 0 0.592964
0.442355 0 0.557645
0.287941 0 0.712059
0.28807 0 0.71193
0.32984 0 0.67016
0.510265 0 0.489735
0.245382 0 0.754618
0.576501 0 0.423499
0.545046 0 0.454954
0.383992 0 0.616008
0.29978 0 0.70022
0.427278 0 0.572722
0.534114 0 0.465886
0.458097 0 0.541903
0.531151 0 0.468849
0.346604 0 0.653396
0.347385 0 0.652615
0.54988 0 0.45012
0.0555155 0 0.944484
0.388399 0 0.611601
0.387715 0 0.612285
0.511123 0 0.488877
0.370119 0 0.629881
0.301571 0 0.698429
0.301911 0 0.698089
0.289412 0 0.710588
0.287137 0 0.712862
0.284911 0 0.715088
0.282734 0 0.717266
0.280603 0 0.719397
0.278517 0 0.721483
0.276475 0 0.723525
0.274476 0 0.725524
0.272519 0 0.727481
0.270603 0 0.729397
0.271612 0 0.728388
0.273552 0 0.726448
0.275533 0 0.724467
0.277557 0 0.722443
0.279625 0 0.720375
0.281737 0 0.718263
0.283896 0 0.716104
0.286103 0 0.713897
0.574607 0 0.425393
0.221601 0 0.778399
0.220665 0 0.779335
0.221377 0 0.778623
0.342974 0 0.657026
0.304235 0 0.695765
0.258679 0 0.741321
0.373996 0 0.626004
0.455965 0 0.544035
0.457019 0 0.542981
0.410782 0 0.589218
0.498878 0 0.501122
0.356832 0 0.643168
0.315317 0 0.684683
0.406997 0 0.593003
0.442072 0 0.557928
0.287899 0 0.712101
0.288127 0 0.711873
0.329797 0 0.670203
0.510218 0 0.489782
0.245348 0 0.754652
0.576441 0 0.423559
0.544974 0 0.455026
0.38406 0 0.61594
0.299604 0 0.700396
0.427196 0 0.572804
0.53369 0 0.46631
0.45816 0 0.54184
0.531011 0 0.468989
0.346731 0 0.653269
0.347407 0 0.652593
0.549842 0 0.450158
0.3883 0 0.6117
0.387646 0 0.612354
0.511303 0 0.488697
0.370168 0 0.629832
0.301538 0 0.698462
0.301893 0 0.698107
0.287093 0 0.712907
0.284868 0 0.715132
0.28269 0 0.71731
0.28056 0 0.71944
0.278474 0 0.721526
0.276433 0 0.723567
0.274434 0 0.725566
0.272478 0 0.727522
0.270562 0 0.729438
0.271604 0 0.728396
0.273544 0 0.726456
0.275525 0 0.724475
0.27755 0 0.72245
0.279617 0 0.720383
0.28173 0 0.71827
0.283889 0 0.716111
0.286095 0 0.713905
0.574574 0 0.425426
0.221546 0 0.778454
0.220646 0 0.779354
0.221363 0 0.778637
0.342896 0 0.657104
0.304176 0 0.695825
0.258635 0 0.741365
0.373986 0 0.626014
0.455817 0 0.544183
0.457071 0 0.542929
0.410736 0 0.589264
0.498843 0 0.501157
0.356801 0 0.643199
0.3153 0 0.6847
0.406958 0 0.593042
0.441848 0 0.558152
0.287864 0 0.712136
0.288195 0 0.711805
0.329761 0 0.670239
0.510176 0 0.489824
0.245323 0 0.754677
0.576388 0 0.423612
0.544911 0 0.455089
0.384135 0 0.615865
0.299437 0 0.700563
0.427123 0 0.572877
0.533301 0 0.466699
0.458231 0 0.541769
0.530878 0 0.469122
0.346863 0 0.653137
0.347444 0 0.652556
0.549811 0 0.450189
0.388206 0 0.611794
0.387582 0 0.612418
0.511493 0 0.488507
0.370224 0 0.629776
0.301509 0 0.698491
0.301876 0 0.698124
0.284828 0 0.715172
0.282651 0 0.717349
0.280521 0 0.719479
0.278436 0 0.721564
0.276395 0 0.723605
0.274397 0 0.725603
0.272441 0 0.727559
0.270525 0 0.729475
0.271599 0 0.728401
0.273539 0 0.726461
0.27552 0 0.72448
0.277544 0 0.722456
0.279612 0 0.720388
0.281725 0 0.718275
0.283884 0 0.716116
0.28609 0 0.71391
0.574548 0 0.425452
0.221493 0 0.778507
0.220629 0 0.779371
0.221351 0 0.778649
0.342835 0 0.657165
0.304128 0 0.695872
0.258596 0 0.741404
0.373981 0 0.626019
0.45568 0 0.54432
0.457168 0 0.542832
0.410695 0 0.589305
0.498815 0 0.501185
0.356773 0 0.643227
0.315286 0 0.684714
0.406925 0 0.593075
0.390469 0 0.609531
0.44166 0 0.55834
0.287836 0 0.712164
0.288287 0 0.711713
0.329732 0 0.670268
0.510142 0 0.489858
0.245306 0 0.754694
0.576343 0 0.423657
0.544857 0 0.455143
0.384217 0 0.615783
0.29928 0 0.70072
0.427059 0 0.572941
0.532935 0 0.467065
0.458313 0 0.541687
0.530752 0 0.469248
0.347 0 0.653
0.347497 0 0.652503
0.549786 0 0.450214
0.388116 0 0.611884
0.387522 0 0.612478
0.511696 0 0.488304
0.370286 0 0.629714
0.301483 0 0.698517
0.301866 0 0.698134
0.282615 0 0.717385
0.280485 0 0.719515
0.2784 0 0.7216
0.27636 0 0.72364
0.274362 0 0.725638
0.272407 0 0.727593
0.270491 0 0.729509
0.271598 0 0.728402
0.273538 0 0.726462
0.275519 0 0.724481
0.277543 0 0.722457
0.279611 0 0.720389
0.281724 0 0.718276
0.283883 0 0.716117
0.286089 0 0.713911
0.574529 0 0.425471
0.221441 0 0.778558
0.220614 0 0.779386
0.221343 0 0.778657
0.342791 0 0.657209
0.304092 0 0.695908
0.258562 0 0.741438
0.373982 0 0.626018
0.455551 0 0.544449
0.457343 0 0.542657
0.410661 0 0.589339
0.498795 0 0.501205
0.356751 0 0.643249
0.315276 0 0.684724
0.406904 0 0.593096
0.390303 0 0.609697
0.441501 0 0.558499
0.287812 0 0.712188
0.288429 0 0.711571
0.329711 0 0.670289
0.416435 0 0.583565
0.510114 0 0.489886
0.245299 0 0.754701
0.576305 0 0.423695
0.544812 0 0.455188
0.384308 0 0.615692
0.299132 0 0.700868
0.427003 0 0.572997
0.532589 0 0.467411
0.458405 0 0.541595
0.53063 0 0.46937
0.347143 0 0.652857
0.347563 0 0.652437
0.549768 0 0.450232
0.38803 0 0.611969
0.387467 0 0.612533
0.511912 0 0.488088
0.370352 0 0.629648
0.301461 0 0.698539
0.301859 0 0.698141
0.280451 0 0.719549
0.278367 0 0.721633
0.276327 0 0.723673
0.27433 0 0.72567
0.272375 0 0.727625
0.27046 0 0.72954
0.271601 0 0.728399
0.273541 0 0.726459
0.275523 0 0.724477
0.277547 0 0.722453
0.279615 0 0.720385
0.281728 0 0.718272
0.283887 0 0.716113
0.286093 0 0.713907
0.574517 0 0.425483
0.221429 0 0.778571
0.220603 0 0.779397
0.221337 0 0.778663
0.342764 0 0.657236
0.30407 0 0.69593
0.258533 0 0.741467
0.373988 0 0.626012
0.455431 0 0.544569
0.410632 0 0.589368
0.498781 0 0.501219
0.356732 0 0.643268
0.31527 0 0.68473
0.406889 0 0.593111
0.390205 0 0.609795
0.441363 0 0.558637
0.287795 0 0.712205
0.329698 0 0.670302
0.415965 0 0.584035
0.510092 0 0.489908
0.245301 0 0.754699
0.576276 0 0.423724
0.544776 0 0.455224
0.384405 0 0.615595
0.298993 0 0.701007
0.426956 0 0.573044
0.532263 0 0.467737
0.458506 0 0.541494
0.530517 0 0.469483
0.347291 0 0.652709
0.347636 0 0.652364
0.549757 0 0.450243
0.38795 0 0.61205
0.387417 0 0.612583
0.51214 0 0.48786
0.370428 0 0.629572
0.301442 0 0.698558
0.301857 0 0.698143
0.278338 0 0.721662
0.276299 0 0.723701
0.274302 0 0.725698
0.272347 0 0.727653
0.270433 0 0.729567
0.271607 0 0.728393
0.273547 0 0.726453
0.275528 0 0.724472
0.277552 0 0.722448
0.279621 0 0.720379
0.281734 0 0.718266
0.283893 0 0.716107
0.286099 0 0.713901
0.574513 0 0.425487
0.22142 0 0.77858
0.220594 0 0.779406
0.221334 0 0.778666
0.342754 0 0.657246
0.304064 0 0.695936
0.258509 0 0.741491
0.373999 0 0.626001
0.455321 0 0.544679
0.410607 0 0.589393
0.498772 0 0.501228
0.356718 0 0.643282
0.315268 0 0.684732
0.406874 0 0.593126
0.39014 0 0.60986
0.441243 0 0.558757
0.287783 0 0.712217
0.329693 0 0.670307
0.415622 0 0.584378
0.510077 0 0.489923
0.245312 0 0.754688
0.576254 0 0.423746
0.544749 0 0.455251
0.384512 0 0.615488
0.298861 0 0.701139
0.426918 0 0.573082
0.531954 0 0.468046
0.458619 0 0.541381
0.530409 0 0.469591
0.347444 0 0.652556
0.347719 0 0.652282
0.549752 0 0.450248
0.387875 0 0.612125
0.387372 0 0.612628
0.512382 0 0.487618
0.370508 0 0.629492
0.371214 0 0.628786
0.301428 0 0.698572
0.301859 0 0.698141
0.269429 0 0.730571
0.276273 0 0.723727
0.274277 0 0.725723
0.272322 0 0.727678
0.270409 0 0.729591
0.271616 0 0.728384
0.273556 0 0.726444
0.275538 0 0.724462
0.277562 0 0.722438
0.27963 0 0.72037
0.281743 0 0.718257
0.283902 0 0.716098
0.286109 0 0.713891
0.574515 0 0.425485
0.221415 0 0.778585
0.220588 0 0.779412
0.221333 0 0.778667
0.342764 0 0.657236
0.304075 0 0.695925
0.25849 0 0.74151
0.374016 0 0.625984
0.45522 0 0.54478
0.410587 0 0.589413
0.498768 0 0.501232
0.356708 0 0.643292
0.31527 0 0.68473
0.406862 0 0.593138
0.390098 0 0.609902
0.44114 0 0.55886
0.287776 0 0.712224
0.329696 0 0.670304
0.415323 0 0.584677
0.510068 0 0.489932
0.245333 0 0.754667
0.57624 0 0.42376
0.544732 0 0.455268
0.384626 0 0.615374
0.298736 0 0.701264
0.426889 0 0.573111
0.53166 0 0.46834
0.458742 0 0.541258
0.530309 0 0.469691
0.347605 0 0.652395
0.347807 0 0.652193
0.549755 0 0.450245
0.387804 0 0.612196
0.387331 0 0.612669
0.512641 0 0.487359
0.370596 0 0.629404
0.371126 0 0.628874
0.301417 0 0.698583
0.301863 0 0.698137
0.269419 0 0.730581
0.268942 0 0.731058
0.274256 0 0.725744
0.272301 0 0.727699
0.270388 0 0.729612
0.271628 0 0.728372
0.273568 0 0.726432
0.27555 0 0.72445
0.277575 0 0.722425
0.279643 0 0.720357
0.281756 0 0.718244
0.283916 0 0.716084
0.286123 0 0.713877
0.574524 0 0.425476
0.455214 0 0.544786
0.221411 0 0.778589
0.220584 0 0.779416
0.221335 0 0.778665
0.342793 0 0.657207
0.304104 0 0.695896
0.258476 0 0.741524
0.374038 0 0.625962
0.455127 0 0.544873
0.596067 0 0.403933
0.597982 0 0.402018
0.410575 0 0.589425
0.498774 0 0.501226
0.356704 0 0.643296
0.315276 0 0.684724
0.406868 0 0.593132
0.390077 0 0.609923
0.441054 0 0.558946
0.287774 0 0.712226
0.329707 0 0.670293
0.415047 0 0.584953
0.510066 0 0.489934
0.245364 0 0.754636
0.576234 0 0.423766
0.544724 0 0.455276
0.38475 0 0.61525
0.29862 0 0.70138
0.426869 0 0.573131
0.53138 0 0.46862
0.458879 0 0.541121
0.530237 0 0.469763
0.347768 0 0.652232
0.347906 0 0.652094
0.549764 0 0.450236
0.387738 0 0.612262
0.387295 0 0.612705
0.512919 0 0.487081
0.370689 0 0.629311
0.371086 0 0.628914
0.301409 0 0.698591
0.301873 0 0.698127
0.269412 0 0.730588
0.268942 0 0.731058
0.272283 0 0.727717
0.270369 0 0.729631
0.271644 0 0.728356
0.273585 0 0.726415
0.275567 0 0.724433
0.277592 0 0.722408
0.27966 0 0.72034
0.281774 0 0.718226
0.283933 0 0.716067
0.28614 0 0.71386
0.45643 0 0.54357
0.452536 0 0.547464
0.221409 0 0.778591
0.220583 0 0.779417
0.221341 0 0.778659
0.450672 0 0.549328
0.453501 0 0.546499
0.456388 0 0.543612
0.342846 0 0.657154
0.30416 0 0.69584
0.258468 0 0.741532
0.374067 0 0.625933
0.455044 0 0.544956
0.593704 0 0.406296
0.595514 0 0.404486
0.597363 0 0.402637
0.599253 0 0.400747
0.410567 0 0.589433
0.498785 0 0.501215
0.356703 0 0.643297
0.315285 0 0.684715
0.406879 0 0.593121
0.39007 0 0.60993
0.440983 0 0.559017
0.287777 0 0.712223
0.329728 0 0.670272
0.414794 0 0.585206
0.510071 0 0.489929
0.245407 0 0.754593
0.576236 0 0.423764
0.544725 0 0.455275
0.384885 0 0.615115
0.29851 0 0.70149
0.426858 0 0.573142
0.531114 0 0.468886
0.459027 0 0.540973
0.530194 0 0.469806
0.347938 0 0.652062
0.348011 0 0.651989
0.549781 0 0.450219
0.387676 0 0.612324
0.387264 0 0.612736
0.513222 0 0.486778
0.37079 0 0.62921
0.371068 0 0.628932
0.301405 0 0.698595
0.301889 0 0.698111
0.269408 0 0.730592
0.268945 0 0.731055
0.331056 0 0.668944
0.295615 0 0.704386
0.296575 0 0.703425
0.581037 0 0.418963
0.581133 0 0.418867
0.582718 0 0.417282
0.585632 0 0.414368
0.587984 0 0.412016
0.283954 0 0.716046
0.286162 0 0.713838
0.59627 0 0.40373
0.599494 0 0.400506
0.457681 0 0.542319
0.453744 0 0.546256
0.449895 0 0.550105
0.221411 0 0.778589
0.220585 0 0.779415
0.221349 0 0.778651
0.448657 0 0.551343
0.45146 0 0.54854
0.454321 0 0.545679
0.45724 0 0.54276
0.34293 0 0.65707
0.304256 0 0.695744
0.304453 0 0.695547
0.258464 0 0.741536
0.3741 0 0.6259
0.454969 0 0.545031
0.594477 0 0.405523
0.591644 0 0.408356
0.593441 0 0.406559
0.595278 0 0.404722
0.597154 0 0.402846
0.410564 0 0.589436
0.498802 0 0.501198
0.356707 0 0.643293
0.315298 0 0.684702
0.406891 0 0.593109
0.390076 0 0.609924
0.440926 0 0.559074
0.287784 0 0.712216
0.329759 0 0.670241
0.414556 0 0.585444
0.510083 0 0.489917
0.245462 0 0.754538
0.246061 0 0.753939
0.576245 0 0.423755
0.544737 0 0.455263
0.38503 0 0.61497
0.298408 0 0.701592
0.426857 0 0.573143
0.530862 0 0.469138
0.45919 0 0.54081
0.530156 0 0.469844
0.348114 0 0.651886
0.348122 0 0.651878
0.549804 0 0.450196
0.387619 0 0.612381
0.387237 0 0.612763
0.513558 0 0.486442
0.370899 0 0.629102
0.371066 0 0.628934
0.301404 0 0.698596
0.301907 0 0.698093
0.269408 0 0.730592
0.268951 0 0.731049
0.331059 0 0.668941
0.295228 0 0.704772
0.543794 0 0.456206
0.543844 0 0.456156
0.545127 0 0.454873
0.547609 0 0.452391
0.549706 0 0.450294
0.55181 0 0.44819
0.553995 0 0.446005
0.556151 0 0.443849
0.558566 0 0.441434
0.561353 0 0.438647
0.564204 0 0.435796
0.567153 0 0.432847
0.570089 0 0.429911
0.573084 0 0.426916
0.576163 0 0.423837
0.579216 0 0.420784
0.58241 0 0.41759
0.585661 0 0.414339
0.588939 0 0.411061
0.592211 0 0.407789
0.595626 0 0.404374
0.59904 0 0.40096
0.368847 0 0.631153
0.365842 0 0.634158
0.362902 0 0.637098
0.362185 0 0.637815
0.364735 0 0.635265
0.367339 0 0.632661
0.454984 0 0.545016
0.451093 0 0.548907
0.447289 0 0.552711
0.221415 0 0.778585
0.220589 0 0.779411
0.221359 0 0.778641
0.446665 0 0.553335
0.449444 0 0.550556
0.452278 0 0.547722
0.455172 0 0.544828
0.343058 0 0.656942
0.304439 0 0.695561
0.30419 0 0.69581
0.258465 0 0.741535
0.37414 0 0.62586
0.454904 0 0.545096
0.589062 0 0.410938
0.589607 0 0.410393
0.591391 0 0.408609
0.593214 0 0.406786
0.595078 0 0.404922
0.410568 0 0.589432
0.598927 0 0.401073
0.498825 0 0.501175
0.356715 0 0.643285
0.315316 0 0.684684
0.406911 0 0.593089
0.390095 0 0.609905
0.440884 0 0.559116
0.287797 0 0.712203
0.329799 0 0.670201
0.414332 0 0.585668
0.510101 0 0.489899
0.245531 0 0.754469
0.245857 0 0.754143
0.576262 0 0.423738
0.544758 0 0.455242
0.38573 0 0.61427
0.385189 0 0.614811
0.298313 0 0.701687
0.426865 0 0.573135
0.530623 0 0.469377
0.45937 0 0.54063
0.530125 0 0.469875
0.348296 0 0.651704
0.34824 0 0.65176
0.549834 0 0.450166
0.387566 0 0.612434
0.387215 0 0.612785
0.513959 0 0.486041
0.371015 0 0.628986
0.371076 0 0.628924
0.301408 0 0.698592
0.301929 0 0.698071
0.269411 0 0.730589
0.268961 0 0.731039
0.331067 0 0.668933
0.282613 0 0.717387
0.284661 0 0.715339
0.286753 0 0.713247
0.28889 0 0.71111
0.516094 0 0.483906
0.51796 0 0.48204
0.519849 0 0.480151
0.521723 0 0.478277
0.523726 0 0.476274
0.525707 0 0.474293
0.527847 0 0.472153
0.530406 0 0.469594
0.532964 0 0.467036
0.535604 0 0.464396
0.53825 0 0.46175
0.540967 0 0.459033
0.543714 0 0.456286
0.546502 0 0.453498
0.549391 0 0.450609
0.552288 0 0.447712
0.555197 0 0.444803
0.558203 0 0.441797
0.561191 0 0.438809
0.564318 0 0.435682
0.567472 0 0.432528
0.570626 0 0.429374
0.573889 0 0.426111
0.369523 0 0.630477
0.36649 0 0.63351
0.363523 0 0.636477
0.360621 0 0.639379
0.360495 0 0.639506
0.363021 0 0.636979
0.3656 0 0.6344
0.368234 0 0.631766
0.370923 0 0.629076
0.453769 0 0.546231
0.449681 0 0.550319
0.445688 0 0.554312
0.221422 0 0.778578
0.220596 0 0.779404
0.221373 0 0.778627
0.445693 0 0.554307
0.448315 0 0.551685
0.450991 0 0.549009
0.453945 0 0.546055
0.571991 0 0.428009
0.595547 0 0.404453
0.59553 0 0.40447
0.343272 0 0.656728
0.304007 0 0.695993
0.25847 0 0.74153
0.374185 0 0.625815
0.454847 0 0.545153
0.585856 0 0.414144
0.58759 0 0.41241
0.589362 0 0.410638
0.591173 0 0.408827
0.593023 0 0.406977
0.410576 0 0.589424
0.596845 0 0.403155
0.598818 0 0.401182
0.498855 0 0.501145
0.356728 0 0.643272
0.315337 0 0.684663
0.406938 0 0.593062
0.390124 0 0.609876
0.440856 0 0.559144
0.287814 0 0.712186
0.329851 0 0.670149
0.414122 0 0.585878
0.510125 0 0.489875
0.245616 0 0.754384
0.245731 0 0.754269
0.576288 0 0.423712
0.54479 0 0.45521
0.385633 0 0.614367
0.385362 0 0.614638
0.298224 0 0.701776
0.426883 0 0.573117
0.530397 0 0.469603
0.459569 0 0.540431
0.530101 0 0.469899
0.348485 0 0.651515
0.348365 0 0.651636
0.549871 0 0.450129
0.387534 0 0.612466
0.0647932 0 0.935207
0.371141 0 0.628859
0.371097 0 0.628903
0.301414 0 0.698586
0.301958 0 0.698042
0.269417 0 0.730583
0.268974 0 0.731026
0.33108 0 0.66892
0.284692 0 0.715308
0.286785 0 0.713215
0.288922 0 0.711078
0.413664 0 0.586336
0.488012 0 0.511988
0.489654 0 0.510346
0.491406 0 0.508594
0.493121 0 0.506879
0.494891 0 0.505109
0.496627 0 0.503373
0.498468 0 0.501532
0.500379 0 0.499621
0.502712 0 0.497288
0.505044 0 0.494956
0.507473 0 0.492527
0.509846 0 0.490154
0.512334 0 0.487666
0.514801 0 0.485199
0.517346 0 0.482654
0.519909 0 0.480091
0.522529 0 0.477471
0.525177 0 0.474823
0.527924 0 0.472076
0.530634 0 0.469366
0.53344 0 0.46656
0.370222 0 0.629778
0.367161 0 0.632839
0.364167 0 0.635833
0.361238 0 0.638762
0.360242 0 0.639758
0.360022 0 0.639978
0.361327 0 0.638673
0.363882 0 0.636118
0.366491 0 0.633509
0.369155 0 0.630845
0.453702 0 0.546298
0.449615 0 0.550385
0.445623 0 0.554377
0.221432 0 0.778568
0.220606 0 0.779395
0.221389 0 0.778611
0.44575 0 0.55425
0.448373 0 0.551627
0.451049 0 0.548951
0.454802 0 0.545198
0.472762 0 0.527238
0.463568 0 0.536432
0.476707 0 0.523293
0.594289 0 0.405711
0.303862 0 0.696138
0.258481 0 0.741519
0.374237 0 0.625763
0.596922 0 0.403078
0.454799 0 0.545201
0.583872 0 0.416128
0.585594 0 0.414406
0.587354 0 0.412646
0.589152 0 0.410848
0.59099 0 0.40901
0.410589 0 0.589411
0.594786 0 0.405214
0.596744 0 0.403256
0.498891 0 0.501109
0.356746 0 0.643254
0.315362 0 0.684639
0.406967 0 0.593033
0.390163 0 0.609837
0.440843 0 0.559157
0.287836 0 0.712164
0.329916 0 0.670084
0.413923 0 0.586077
0.510156 0 0.489844
0.245724 0 0.754276
0.24564 0 0.75436
0.576321 0 0.423679
0.544832 0 0.455168
0.385606 0 0.614394
0.385553 0 0.614447
0.298143 0 0.701857
0.426912 0 0.573088
0.530183 0 0.469817
0.459792 0 0.540208
0.530082 0 0.469918
0.348679 0 0.651321
0.348494 0 0.651506
0.549914 0 0.450086
0.387521 0 0.612479
0.387186 0 0.612814
0.371277 0 0.628723
0.371127 0 0.628873
0.301425 0 0.698575
0.301989 0 0.698011
0.269426 0 0.730574
0.268991 0 0.731009
0.331096 0 0.668904
0.596093 0 0.403907
0.28682 0 0.71318
0.288958 0 0.711042
0.379577 0 0.620423
0.409577 0 0.590423
0.413128 0 0.586872
0.467899 0 0.532101
0.469162 0 0.530838
0.351099 0 0.648901
0.350921 0 0.649078
0.352244 0 0.647756
0.352805 0 0.647195
0.356496 0 0.643504
0.361498 0 0.638502
0.476461 0 0.523539
0.479928 0 0.520072
0.482152 0 0.517848
0.484329 0 0.515671
0.486592 0 0.513408
0.488858 0 0.511142
0.491223 0 0.508777
0.493523 0 0.506477
0.495928 0 0.504072
0.498329 0 0.501671
0.447162 0 0.552838
0.368002 0 0.631998
0.364834 0 0.635166
0.361878 0 0.638122
0.360433 0 0.639567
0.360195 0 0.639805
0.359974 0 0.640026
0.359771 0 0.640229
0.362185 0 0.637815
0.364769 0 0.635231
0.367408 0 0.632592
0.370103 0 0.629897
0.449554 0 0.550446
0.445564 0 0.554436
0.221444 0 0.778556
0.220618 0 0.779382
0.221408 0 0.778592
0.445814 0 0.554186
0.448437 0 0.551563
0.451114 0 0.548886
0.455674 0 0.544326
0.469171 0 0.530829
0.46447 0 0.53553
0.478242 0 0.521758
0.572409 0 0.427591
0.576025 0 0.423975
0.579661 0 0.420339
0.583433 0 0.416567
0.587193 0 0.412807
0.591041 0 0.408959
0.594902 0 0.405098
0.598898 0 0.401102
0.343353 0 0.656647
0.303744 0 0.696256
0.258497 0 0.741503
0.374293 0 0.625707
0.591483 0 0.408517
0.45476 0 0.54524
0.581908 0 0.418092
0.583618 0 0.416382
0.585366 0 0.414634
0.587152 0 0.412848
0.588977 0 0.411023
0.410609 0 0.589391
0.592747 0 0.407253
0.594692 0 0.405308
0.498933 0 0.501067
0.356767 0 0.643233
0.31539 0 0.68461
0.407002 0 0.592998
0.390213 0 0.609787
0.440847 0 0.559153
0.287863 0 0.712137
0.329994 0 0.670006
0.413735 0 0.586265
0.510193 0 0.489807
0.245867 0 0.754133
0.245572 0 0.754428
0.576362 0 0.423638
0.544884 0 0.455116
0.385609 0 0.614391
0.38577 0 0.61423
0.298068 0 0.701932
0.426951 0 0.573049
0.529982 0 0.470018
0.460051 0 0.539949
0.530071 0 0.469929
0.348883 0 0.651117
0.348628 0 0.651372
0.549965 0 0.450035
0.387514 0 0.612486
0.387178 0 0.612822
0.371427 0 0.628573
0.371164 0 0.628836
0.301441 0 0.698559
0.302024 0 0.697976
0.269439 0 0.730561
0.26901 0 0.73099
0.331117 0 0.668883
0.596129 0 0.403871
0.108173 0 0.891827
0.360257 0 0.639743
0.357799 0 0.642201
0.357031 0 0.642969
0.355634 0 0.644366
0.348936 0 0.651064
0.34701 0 0.65299
0.345445 0 0.654555
0.343807 0 0.656193
0.343605 0 0.656395
0.346576 0 0.653424
0.346614 0 0.653386
0.33354 0 0.66646
0.32619 0 0.67381
0.324445 0 0.675555
0.323489 0 0.676511
0.322831 0 0.677169
0.323374 0 0.676626
0.323959 0 0.676041
0.32451 0 0.67549
0.325222 0 0.674778
0.425998 0 0.574002
0.427437 0 0.572563
0.303755 0 0.696245
0.306621 0 0.693379
0.364607 0 0.635393
0.361453 0 0.638547
0.360389 0 0.639611
0.360151 0 0.639849
0.35993 0 0.64007
0.359727 0 0.640272
0.360507 0 0.639493
0.363067 0 0.636933
0.365681 0 0.634319
0.36835 0 0.63165
0.4495 0 0.5505
0.445511 0 0.554489
0.221459 0 0.778541
0.220633 0 0.779367
0.221429 0 0.778571
0.445882 0 0.554118
0.448506 0 0.551494
0.451183 0 0.548817
0.456547 0 0.543453
0.467162 0 0.532838
0.528852 0 0.471148
0.479791 0 0.520209
0.535011 0 0.464989
0.538131 0 0.461869
0.541356 0 0.458644
0.544582 0 0.455418
0.547896 0 0.452104
0.551212 0 0.448788
0.554638 0 0.445362
0.558068 0 0.441932
0.561589 0 0.438411
0.565121 0 0.434879
0.343067 0 0.656933
0.303645 0 0.696355
0.576157 0 0.423843
0.258517 0 0.741482
0.583791 0 0.416209
0.374356 0 0.625644
0.591669 0 0.408331
0.590292 0 0.409708
0.45473 0 0.54527
0.579965 0 0.420035
0.581663 0 0.418337
0.583399 0 0.416601
0.585173 0 0.414827
0.586985 0 0.413015
0.410633 0 0.589368
0.590729 0 0.409271
0.593868 0 0.406132
0.49898 0 0.50102
0.356793 0 0.643207
0.315423 0 0.684577
0.407038 0 0.592962
0.390271 0 0.609729
0.440866 0 0.559134
0.287894 0 0.712106
0.330091 0 0.669909
0.413558 0 0.586442
0.510237 0 0.489763
0.246078 0 0.753922
0.245522 0 0.754478
0.576411 0 0.423589
0.544949 0 0.455051
0.385633 0 0.614367
0.386033 0 0.613967
0.298 0 0.702
0.427002 0 0.572998
0.529794 0 0.470206
0.460388 0 0.539612
0.530066 0 0.469934
0.349094 0 0.650906
0.348768 0 0.651232
0.550022 0 0.449978
0.387511 0 0.612489
0.387175 0 0.612825
0.371593 0 0.628407
0.371209 0 0.628791
0.301459 0 0.698541
0.302062 0 0.697938
0.269455 0 0.730545
0.269033 0 0.730967
0.331142 0 0.668858
0.596172 0 0.403828
0.108149 0 0.891851
0.107535 0 0.892465
0.350777 0 0.649223
0.348291 0 0.651709
0.345716 0 0.654284
0.343998 0 0.656002
0.342533 0 0.657467
0.341199 0 0.658801
0.339811 0 0.660189
0.337168 0 0.662832
0.334621 0 0.665379
0.328416 0 0.671584
0.32566 0 0.67434
0.323632 0 0.676368
0.322086 0 0.677914
0.320047 0 0.679953
0.318582 0 0.681418
0.313923 0 0.686077
0.318916 0 0.681084
0.319512 0 0.680488
0.319742 0 0.680258
0.314156 0 0.685844
0.300928 0 0.699072
0.298457 0 0.701543
0.295839 0 0.704161
0.304949 0 0.69505
0.361296 0 0.638704
0.36035 0 0.63965
0.360112 0 0.639888
0.359891 0 0.640109
0.359688 0 0.640312
0.359503 0 0.640497
0.361385 0 0.638615
0.363975 0 0.636025
0.275386 0 0.724614
0.274927 0 0.725073
0.267057 0 0.732943
0.221477 0 0.778523
0.220651 0 0.779349
0.221454 0 0.778546
0.258797 0 0.741203
0.2603 0 0.7397
0.451258 0 0.548742
0.457436 0 0.542564
0.468972 0 0.531028
0.496775 0 0.503225
0.482221 0 0.517779
0.502138 0 0.497862
0.504944 0 0.495056
0.507762 0 0.492238
0.510625 0 0.489375
0.513476 0 0.486524
0.516446 0 0.483554
0.519409 0 0.480591
0.522447 0 0.477553
0.525515 0 0.474485
0.528606 0 0.471394
0.342904 0 0.657096
0.303563 0 0.696437
0.538247 0 0.461753
0.258542 0 0.741458
0.266651 0 0.733349
0.266049 0 0.733951
0.265688 0 0.734312
0.265642 0 0.734358
0.265655 0 0.734345
0.265104 0 0.734896
0.264497 0 0.735503
0.264312 0 0.735688
0.264024 0 0.735976
0.264277 0 0.735723
0.264038 0 0.735962
0.264124 0 0.735876
0.264692 0 0.735308
0.26502 0 0.73498
0.265402 0 0.734598
0.266044 0 0.733956
0.266745 0 0.733255
0.26725 0 0.73275
0.267807 0 0.732193
0.26849 0 0.73151
0.269246 0 0.730754
0.270369 0 0.729631
0.271205 0 0.728795
0.271782 0 0.728218
0.272726 0 0.727274
0.273678 0 0.726322
0.274969 0 0.725031
0.276246 0 0.723754
0.27656 0 0.72344
0.277594 0 0.722406
0.278911 0 0.721089
0.28793 0 0.71207
0.330215 0 0.669785
0.413391 0 0.586609
0.510288 0 0.489712
0.452443 0 0.547557
0.245487 0 0.754513
0.576468 0 0.423532
0.545025 0 0.454975
0.385671 0 0.614329
0.297939 0 0.702061
0.427067 0 0.572933
0.529619 0 0.470381
0.530067 0 0.469933
0.349312 0 0.650688
0.348915 0 0.651085
0.550086 0 0.449914
0.387512 0 0.612488
0.387177 0 0.612823
0.371776 0 0.628224
0.371263 0 0.628737
0.301481 0 0.698519
0.302106 0 0.697894
0.269474 0 0.730526
0.26906 0 0.73094
0.331171 0 0.668829
0.596222 0 0.403778
0.108126 0 0.891874
0.107514 0 0.892486
0.107292 0 0.892708
0.328547 0 0.671453
0.340698 0 0.659302
0.338802 0 0.661198
0.337839 0 0.662161
0.337093 0 0.662907
0.334945 0 0.665055
0.330104 0 0.669896
0.32768 0 0.67232
0.325743 0 0.674257
0.323306 0 0.676694
0.321813 0 0.678187
0.319411 0 0.680589
0.317464 0 0.682536
0.313934 0 0.686066
0.311666 0 0.688334
0.309452 0 0.690548
0.307952 0 0.692048
0.308298 0 0.691702
0.299821 0 0.700179
0.297126 0 0.702874
0.294056 0 0.705944
0.290864 0 0.709136
0.289152 0 0.710848
0.287555 0 0.712445
0.286049 0 0.713951
0.284557 0 0.715443
0.283111 0 0.71689
0.281671 0 0.718329
0.279791 0 0.720209
0.277667 0 0.722333
0.269906 0 0.730094
0.267836 0 0.732164
0.265774 0 0.734226
0.263748 0 0.736252
0.221497 0 0.778503
0.220671 0 0.779329
0.221481 0 0.778519
0.257129 0 0.742871
0.258516 0 0.741484
0.260337 0 0.739663
0.438243 0 0.561757
0.440084 0 0.559916
0.4419 0 0.5581
0.443817 0 0.556183
0.445757 0 0.554243
0.448049 0 0.551951
0.452765 0 0.547235
0.458759 0 0.541241
0.26587 0 0.73413
0.265293 0 0.734707
0.265132 0 0.734868
0.264519 0 0.735481
0.26395 0 0.73605
0.263408 0 0.736592
0.26293 0 0.73707
0.262473 0 0.737527
0.26207 0 0.73793
0.258573 0 0.741427
0.261353 0 0.738647
0.26136 0 0.73864
0.261169 0 0.738831
0.261131 0 0.738869
0.261063 0 0.738937
0.261025 0 0.738975
0.261358 0 0.738642
0.261635 0 0.738365
0.261761 0 0.738239
0.261943 0 0.738057
0.262133 0 0.737867
0.262294 0 0.737706
0.262374 0 0.737626
0.262871 0 0.737129
0.263408 0 0.736592
0.263961 0 0.736039
0.264552 0 0.735448
0.265193 0 0.734807
0.265804 0 0.734196
0.266426 0 0.733574
0.267167 0 0.732833
0.267978 0 0.732022
0.268807 0 0.731193
0.269653 0 0.730347
0.270516 0 0.729484
0.271319 0 0.728681
0.272138 0 0.727862
0.272981 0 0.727019
0.273842 0 0.726158
0.274694 0 0.725306
0.275541 0 0.724459
0.276463 0 0.723537
0.277593 0 0.722407
0.27888 0 0.72112
0.280281 0 0.719719
0.281733 0 0.718266
0.283174 0 0.716826
0.208421 0 0.791579
0.286216 0 0.713784
0.245464 0 0.754536
0.576533 0 0.423467
0.545115 0 0.454885
0.385723 0 0.614277
0.297886 0 0.702114
0.427144 0 0.572856
0.529456 0 0.470544
0.530075 0 0.469925
0.349541 0 0.650459
0.349066 0 0.650934
0.550157 0 0.449843
0.387519 0 0.612481
0.387183 0 0.612817
0.372004 0 0.627996
0.371323 0 0.628677
0.301507 0 0.698493
0.302156 0 0.697845
0.269496 0 0.730504
0.26909 0 0.73091
0.331205 0 0.668795
0.59628 0 0.40372
0.108104 0 0.891896
0.107494 0 0.892506
0.107272 0 0.892728
0.106449 0 0.893551
0.287314 0 0.712686
0.288331 0 0.711669
0.290545 0 0.709455
0.296682 0 0.703318
0.296337 0 0.703663
0.295563 0 0.704437
0.30214 0 0.69786
0.308994 0 0.691006
0.31916 0 0.68084
0.317557 0 0.682443
0.316253 0 0.683747
0.314151 0 0.685849
0.310365 0 0.689635
0.308284 0 0.691716
0.306522 0 0.693478
0.30314 0 0.69686
0.299508 0 0.700492
0.296435 0 0.703565
0.292364 0 0.707636
0.289162 0 0.710838
0.286853 0 0.713147
0.28503 0 0.71497
0.283532 0 0.716468
0.282028 0 0.717972
0.27999 0 0.72001
0.27767 0 0.72233
0.275535 0 0.724465
0.273566 0 0.726434
0.268428 0 0.731572
0.266575 0 0.733425
0.26452 0 0.73548
0.262506 0 0.737494
0.260381 0 0.739619
0.22152 0 0.77848
0.220694 0 0.779306
0.22151 0 0.77849
0.255067 0 0.744933
0.255715 0 0.744285
0.255961 0 0.744039
0.25615 0 0.74385
0.256853 0 0.743147
0.257685 0 0.742315
0.258503 0 0.741497
0.289266 0 0.710734
0.261424 0 0.738576
0.261434 0 0.738566
0.241554 0 0.758446
0.238911 0 0.76109
0.238987 0 0.761013
0.239043 0 0.760957
0.239105 0 0.760895
0.259802 0 0.740198
0.25927 0 0.74073
0.258765 0 0.741235
0.258441 0 0.741559
0.258423 0 0.741577
0.258425 0 0.741575
0.258551 0 0.741449
0.258824 0 0.741176
0.258875 0 0.741125
0.258986 0 0.741014
0.259206 0 0.740794
0.259434 0 0.740566
0.259669 0 0.740331
0.259966 0 0.740034
0.260275 0 0.739725
0.260417 0 0.739583
0.260251 0 0.739749
0.260316 0 0.739684
0.26042 0 0.73958
0.260701 0 0.739299
0.261166 0 0.738834
0.261777 0 0.738223
0.262386 0 0.737614
0.263001 0 0.736999
0.263724 0 0.736276
0.264414 0 0.735586
0.265134 0 0.734866
0.2658 0 0.7342
0.266546 0 0.733454
0.267302 0 0.732698
0.268079 0 0.731921
0.268838 0 0.731162
0.269596 0 0.730404
0.270377 0 0.729623
0.271175 0 0.728825
0.271981 0 0.728019
0.272816 0 0.727184
0.273685 0 0.726315
0.274652 0 0.725348
0.275691 0 0.724309
0.27707 0 0.72293
0.278474 0 0.721526
0.279894 0 0.720106
0.281343 0 0.718657
0.282828 0 0.717172
0.245453 0 0.754547
0.28588 0 0.71412
0.28745 0 0.71255
0.289037 0 0.710963
0.290712 0 0.709288
0.292331 0 0.707669
0.294007 0 0.705993
0.295756 0 0.704244
0.297839 0 0.702161
0.427237 0 0.572762
0.529306 0 0.470694
0.530089 0 0.469911
0.34978 0 0.65022
0.349223 0 0.650777
0.0554444 0 0.944556
0.0553108 0 0.944689
0.550235 0 0.449765
0.38753 0 0.61247
0.387195 0 0.612805
0.37139 0 0.62861
0.301537 0 0.698463
0.302206 0 0.697794
0.51377 0 0.48623
0.509496 0 0.490504
0.269522 0 0.730478
0.269122 0 0.730878
0.506585 0 0.493415
0.331242 0 0.668758
0.596345 0 0.403655
0.108083 0 0.891917
0.107475 0 0.892525
0.107254 0 0.892746
0.106431 0 0.893569
0.106223 0 0.893777
0.278742 0 0.721258
0.27997 0 0.72003
0.280663 0 0.719337
0.278942 0 0.721058
0.279494 0 0.720506
0.280276 0 0.719724
0.275193 0 0.724807
0.275325 0 0.724675
0.281049 0 0.718951
0.280348 0 0.719652
0.282687 0 0.717313
0.288255 0 0.711745
0.290905 0 0.709095
0.298039 0 0.701961
0.297559 0 0.702441
0.292152 0 0.707848
0.290256 0 0.709744
0.286592 0 0.713408
0.284361 0 0.715639
0.282613 0 0.717387
0.28032 0 0.71968
0.277857 0 0.722143
0.275622 0 0.724378
0.273501 0 0.726499
0.272563 0 0.727437
0.269525 0 0.730475
0.267038 0 0.732962
0.265246 0 0.734754
0.26329 0 0.73671
0.261219 0 0.738781
0.25898 0 0.74102
0.256471 0 0.743529
0.221546 0 0.778454
0.22072 0 0.77928
0.221543 0 0.778457
0.249832 0 0.750168
0.24908 0 0.75092
0.248422 0 0.751578
0.247771 0 0.752229
0.247126 0 0.752874
0.246348 0 0.753652
0.245415 0 0.754585
0.239748 0 0.760252
0.237583 0 0.762417
0.237194 0 0.762806
0.237078 0 0.762922
0.237035 0 0.762965
0.236895 0 0.763105
0.23672 0 0.76328
0.236753 0 0.763247
0.236185 0 0.763815
0.236131 0 0.763869
0.236452 0 0.763548
0.255771 0 0.744229
0.256239 0 0.743761
0.256571 0 0.743429
0.2568 0 0.7432
0.257032 0 0.742968
0.257232 0 0.742769
0.25744 0 0.74256
0.25765 0 0.74235
0.257983 0 0.742017
0.258305 0 0.741695
0.258577 0 0.741423
0.258849 0 0.741151
0.258547 0 0.741453
0.258333 0 0.741667
0.258365 0 0.741635
0.258494 0 0.741506
0.25861 0 0.74139
0.258991 0 0.741009
0.259465 0 0.740535
0.260034 0 0.739966
0.260614 0 0.739386
0.261278 0 0.738722
0.261968 0 0.738032
0.262658 0 0.737342
0.263358 0 0.736642
0.264056 0 0.735944
0.26477 0 0.73523
0.265497 0 0.734503
0.266232 0 0.733768
0.266983 0 0.733017
0.267742 0 0.732258
0.268521 0 0.731479
0.269318 0 0.730682
0.27014 0 0.72986
0.270988 0 0.729012
0.27188 0 0.72812
0.272846 0 0.727154
0.274014 0 0.725986
0.275297 0 0.724703
0.209278 0 0.790722
0.278109 0 0.721891
0.27955 0 0.720451
0.245452 0 0.754548
0.282531 0 0.717469
0.284063 0 0.715937
0.285624 0 0.714376
0.287211 0 0.712789
0.288819 0 0.711181
0.290464 0 0.709536
0.292145 0 0.707855
0.293858 0 0.706142
0.295603 0 0.704397
0.297377 0 0.702623
0.299174 0 0.700826
0.301073 0 0.698927
0.302822 0 0.697178
0.304381 0 0.695619
0.306783 0 0.693217
0.349384 0 0.650616
0.0555197 0 0.94448
0.550319 0 0.449681
0.387546 0 0.612454
0.387211 0 0.612789
0.371462 0 0.628538
0.30157 0 0.69843
0.302262 0 0.697738
0.510929 0 0.489071
0.506702 0 0.493298
0.269551 0 0.730449
0.269158 0 0.730842
0.504487 0 0.495513
0.331284 0 0.668716
0.510353 0 0.489647
0.596417 0 0.403583
0.107458 0 0.892542
0.107237 0 0.892763
0.106414 0 0.893586
0.106206 0 0.893794
0.106004 0 0.893996
0.267484 0 0.732516
0.265376 0 0.734624
0.260904 0 0.739096
0.259182 0 0.740818
0.257067 0 0.742933
0.256141 0 0.743859
0.255886 0 0.744114
0.259448 0 0.740552
0.25966 0 0.74034
0.259665 0 0.740335
0.260262 0 0.739738
0.261187 0 0.738813
0.259189 0 0.740811
0.266139 0 0.733861
0.26608 0 0.73392
0.266083 0 0.733917
0.266339 0 0.733661
0.266697 0 0.733303
0.265767 0 0.734233
0.263395 0 0.736605
0.262925 0 0.737075
0.26149 0 0.73851
0.261136 0 0.738864
0.264836 0 0.735164
0.259046 0 0.740954
0.259342 0 0.740658
0.259894 0 0.740106
0.259448 0 0.740552
0.256377 0 0.743623
0.252983 0 0.747017
0.249933 0 0.750067
0.221575 0 0.778425
0.220749 0 0.779251
0.221577 0 0.778423
0.246391 0 0.753609
0.244389 0 0.755611
0.242328 0 0.757672
0.240179 0 0.759821
0.238169 0 0.761831
0.236196 0 0.763804
0.234948 0 0.765052
0.234262 0 0.765738
0.234699 0 0.765301
0.235147 0 0.764853
0.235261 0 0.764739
0.235156 0 0.764844
0.23405 0 0.76595
0.23228 0 0.76772
0.228296 0 0.771704
0.223996 0 0.776004
0.221932 0 0.778068
0.221097 0 0.778903
0.220503 0 0.779497
0.220448 0 0.779552
0.220423 0 0.779577
0.22069 0 0.77931
0.217857 0 0.782143
0.215132 0 0.784868
0.216136 0 0.783864
0.218468 0 0.781532
0.256465 0 0.743535
0.256728 0 0.743272
0.25721 0 0.74279
0.257345 0 0.742655
0.257131 0 0.742869
0.238316 0 0.761684
0.238157 0 0.761843
0.238305 0 0.761695
0.240767 0 0.759233
0.256911 0 0.743089
0.257298 0 0.742702
0.257757 0 0.742243
0.258229 0 0.741771
0.258767 0 0.741233
0.259412 0 0.740588
0.26007 0 0.73993
0.26076 0 0.73924
0.261472 0 0.738528
0.262207 0 0.737793
0.262941 0 0.737059
0.263672 0 0.736328
0.264417 0 0.735583
0.265169 0 0.734831
0.265933 0 0.734067
0.266716 0 0.733284
0.267525 0 0.732475
0.268352 0 0.731648
0.269224 0 0.730776
0.270136 0 0.729864
0.271084 0 0.728916
0.272198 0 0.727802
0.209663 0 0.790337
0.274952 0 0.725048
0.27636 0 0.72364
0.245461 0 0.754539
0.279263 0 0.720737
0.28076 0 0.71924
0.282285 0 0.717715
0.283838 0 0.716162
0.285419 0 0.714581
0.287019 0 0.712981
0.288651 0 0.711349
0.290323 0 0.709677
0.292026 0 0.707974
0.293775 0 0.706225
0.295586 0 0.704414
0.297524 0 0.702476
0.299206 0 0.700794
0.300516 0 0.699484
0.301938 0 0.698062
0.303556 0 0.696444
0.305267 0 0.694733
0.307705 0 0.692295
0.310682 0 0.689318
0.0551577 0 0.944842
0.0550487 0 0.944951
0.0549503 0 0.94505
0.0548518 0 0.945148
0.0552504 0 0.94475
0.387567 0 0.612433
0.387232 0 0.612768
0.371541 0 0.628459
0.301608 0 0.698392
0.302321 0 0.697679
0.508127 0 0.491873
0.503947 0 0.496053
0.269584 0 0.730416
0.269197 0 0.730803
0.502414 0 0.497586
0.331331 0 0.668669
0.508229 0 0.491771
0.596513 0 0.403487
0.107442 0 0.892558
0.107221 0 0.892779
0.106663 0 0.893337
0.106463 0 0.893537
0.106269 0 0.893731
0.106396 0 0.893604
0.246111 0 0.753889
0.246344 0 0.753656
0.246008 0 0.753992
0.245597 0 0.754403
0.244897 0 0.755103
0.244055 0 0.755945
0.242705 0 0.757295
0.242467 0 0.757533
0.242545 0 0.757455
0.242772 0 0.757228
0.242968 0 0.757032
0.242966 0 0.757034
0.243059 0 0.756941
0.243736 0 0.756264
0.244707 0 0.755293
0.243456 0 0.756544
0.253407 0 0.746593
0.25411 0 0.74589
0.253926 0 0.746073
0.251682 0 0.748317
0.251926 0 0.748074
0.251915 0 0.748085
0.237005 0 0.762995
0.236601 0 0.763399
0.236278 0 0.763722
0.235793 0 0.764207
0.250056 0 0.749943
0.247414 0 0.752586
0.246918 0 0.753082
0.246119 0 0.753881
0.221607 0 0.778393
0.22078 0 0.77922
0.221615 0 0.778385
0.239106 0 0.760894
0.237041 0 0.762959
0.235062 0 0.764938
0.233482 0 0.766518
0.232134 0 0.767866
0.231921 0 0.768079
0.231853 0 0.768147
0.232157 0 0.767843
0.232402 0 0.767598
0.232143 0 0.767857
0.231564 0 0.768436
0.228822 0 0.771178
0.223799 0 0.776201
0.22193 0 0.77807
0.221691 0 0.778309
0.220721 0 0.779279
0.220022 0 0.779978
0.21948 0 0.78052
0.219129 0 0.780871
0.218807 0 0.781193
0.217947 0 0.782053
0.216629 0 0.783371
0.21372 0 0.78628
0.212474 0 0.787526
0.211563 0 0.788437
0.211568 0 0.788432
0.211511 0 0.788489
0.212061 0 0.787939
0.229434 0 0.770566
0.230427 0 0.769573
0.231851 0 0.768149
0.232967 0 0.767033
0.233681 0 0.766319
0.234473 0 0.765527
0.235355 0 0.764645
0.236358 0 0.763642
0.239816 0 0.760184
0.255839 0 0.744161
0.256233 0 0.743767
0.256587 0 0.743413
0.257046 0 0.742954
0.257532 0 0.742468
0.258211 0 0.741789
0.258907 0 0.741093
0.259625 0 0.740375
0.260357 0 0.739643
0.261105 0 0.738895
0.261873 0 0.738127
0.262624 0 0.737376
0.263381 0 0.736619
0.264151 0 0.735849
0.264955 0 0.735045
0.265779 0 0.734221
0.266633 0 0.733367
0.213546 0 0.786454
0.268389 0 0.731611
0.269347 0 0.730653
0.270501 0 0.729499
0.271861 0 0.728139
0.273246 0 0.726754
0.245479 0 0.754521
0.276084 0 0.723916
0.277536 0 0.722464
0.279026 0 0.720974
0.280542 0 0.719458
0.282087 0 0.717913
0.28366 0 0.71634
0.285252 0 0.714748
0.286875 0 0.713125
0.288581 0 0.711419
0.290349 0 0.709651
0.292216 0 0.707784
0.294052 0 0.705948
0.295679 0 0.704321
0.29693 0 0.703071
0.298189 0 0.701811
0.29956 0 0.70044
0.301129 0 0.698871
0.302791 0 0.697209
0.304538 0 0.695462
0.0551497 0 0.94485
0.0550352 0 0.944965
0.0549238 0 0.945076
0.0548158 0 0.945184
0.0552699 0 0.94473
0.322374 0 0.677626
0.326189 0 0.673811
0.387592 0 0.612408
0.387257 0 0.612743
0.514322 0 0.485678
0.518633 0 0.481367
0.522958 0 0.477042
0.371626 0 0.628374
0.531669 0 0.468331
0.536046 0 0.463954
0.301649 0 0.698351
0.302385 0 0.697615
0.549631 0 0.450369
0.554064 0 0.445936
0.5585 0 0.4415
0.505361 0 0.494639
0.501227 0 0.498773
0.26962 0 0.73038
0.26924 0 0.73076
0.500363 0 0.499637
0.331382 0 0.668618
0.50613 0 0.49387
0.594513 0 0.405487
0.598953 0 0.401047
0.110901 0 0.889099
0.107206 0 0.892794
0.106991 0 0.893009
0.106782 0 0.893218
0.106579 0 0.893421
0.106382 0 0.893618
0.106198 0 0.893802
0.223982 0 0.776018
0.225565 0 0.774435
0.228342 0 0.771658
0.230538 0 0.769462
0.232191 0 0.767809
0.233365 0 0.766635
0.234277 0 0.765723
0.235283 0 0.764717
0.236421 0 0.763579
0.22592 0 0.77408
0.225552 0 0.774448
0.226292 0 0.773708
0.238362 0 0.761638
0.2379 0 0.7621
0.237116 0 0.762884
0.236257 0 0.763743
0.235786 0 0.764214
0.228149 0 0.771851
0.227722 0 0.772278
0.22177 0 0.77823
0.218466 0 0.781534
0.222735 0 0.777265
0.230037 0 0.769963
0.225454 0 0.774546
0.225159 0 0.774841
0.224956 0 0.775044
0.224793 0 0.775207
0.224607 0 0.775393
0.224059 0 0.775941
0.221641 0 0.778359
0.220815 0 0.779185
0.221656 0 0.778344
0.226302 0 0.773698
0.226639 0 0.773361
0.227105 0 0.772895
0.227563 0 0.772437
0.226401 0 0.773599
0.225183 0 0.774817
0.223268 0 0.776732
0.222299 0 0.777701
0.222037 0 0.777963
0.222136 0 0.777864
0.22129 0 0.77871
0.21881 0 0.78119
0.219588 0 0.780412
0.220262 0 0.779738
0.219772 0 0.780228
0.219038 0 0.780962
0.218518 0 0.781482
0.218093 0 0.781907
0.217566 0 0.782434
0.216903 0 0.783097
0.215032 0 0.784968
0.21263 0 0.78737
0.210886 0 0.789114
0.210153 0 0.789847
0.209133 0 0.790867
0.208507 0 0.791493
0.207478 0 0.792522
0.206268 0 0.793732
0.205341 0 0.794659
0.204598 0 0.795402
0.204411 0 0.795589
0.204476 0 0.795524
0.223766 0 0.776234
0.223738 0 0.776262
0.223858 0 0.776142
0.224006 0 0.775994
0.225921 0 0.774079
0.228365 0 0.771635
0.254283 0 0.745717
0.254499 0 0.745501
0.254844 0 0.745156
0.255302 0 0.744698
0.255821 0 0.744179
0.256398 0 0.743602
0.257091 0 0.742909
0.257809 0 0.742191
0.258528 0 0.741472
0.259282 0 0.740718
0.260044 0 0.739956
0.260838 0 0.739162
0.26163 0 0.73837
0.262396 0 0.737604
0.263214 0 0.736786
0.264085 0 0.735915
0.213121 0 0.786879
0.265804 0 0.734195
0.210557 0 0.789443
0.267686 0 0.732314
0.268856 0 0.731144
0.270195 0 0.729805
0.245507 0 0.754493
0.27297 0 0.72703
0.27439 0 0.72561
0.275844 0 0.724156
0.277326 0 0.722674
0.278836 0 0.721164
0.280373 0 0.719627
0.281951 0 0.718049
0.283584 0 0.716416
0.285318 0 0.714682
0.287115 0 0.712885
0.288941 0 0.711059
0.290652 0 0.709348
0.29221 0 0.70779
0.293431 0 0.706569
0.294663 0 0.705338
0.29592 0 0.70408
0.297251 0 0.702749
0.298797 0 0.701203
0.300412 0 0.699588
0.0551426 0 0.944857
0.055028 0 0.944972
0.0549166 0 0.945083
0.0548086 0 0.945191
0.0552931 0 0.944707
0.312608 0 0.687392
0.315923 0 0.684077
0.319545 0 0.680455
0.323358 0 0.676642
0.327219 0 0.672781
0.331179 0 0.668821
0.335244 0 0.664756
0.340302 0 0.659698
0.471959 0 0.528041
0.474283 0 0.525717
0.301694 0 0.698306
0.302454 0 0.697546
0.481431 0 0.518569
0.483766 0 0.516234
0.486247 0 0.513753
0.488682 0 0.511318
0.49113 0 0.50887
0.269659 0 0.730341
0.269285 0 0.730715
0.498618 0 0.501382
0.331438 0 0.668562
0.50367 0 0.49633
0.506222 0 0.493778
0.508793 0 0.491207
0.511381 0 0.488619
0.513987 0 0.486013
0.110887 0 0.889113
0.107193 0 0.892807
0.106978 0 0.893022
0.106769 0 0.893231
0.106566 0 0.893434
0.106369 0 0.893631
0.107513 0 0.892487
0.109419 0 0.890581
 ] }
}
