# Real Time: 845.047
# Simulation Time: 21.96
# Radar Position: 872.461 -232.065 3.235
# Radar Quat: 0.00208202 0.00563612 0.833659 0.552246
PointSet {
 coord Coordinate { point [
819.727 -260.079 4.66832
820.388 -260.195 4.66048
821.038 -260.31 4.65283
821.676 -260.422 4.64538
822.045 -260.68 4.64533
821.953 -261.2 4.65826
821.861 -261.727 4.67141
821.767 -262.26 4.68478
821.671 -262.8 4.69837
821.575 -263.346 4.71219
842.835 -271.649 4.65337
843.267 -271.646 4.64911
843.693 -271.644 4.64495
844.115 -271.641 4.64088
844.533 -271.639 4.6369
844.947 -271.636 4.63301
845.357 -271.634 4.62921
845.763 -271.631 4.62549
846.165 -271.629 4.62186
846.563 -271.627 4.61831
846.957 -271.624 4.61484
847.349 -271.622 4.61145
847.736 -271.62 4.60814
847.769 -272.189 4.62467
847.773 -272.818 4.64328
847.776 -273.463 4.66238
856.372 -271.887 4.55794
866.102 -248.436 3.77834
868.621 -242.145 3.56966
868.691 -242.176 3.57032
868.76 -242.206 3.57098
868.994 -241.775 3.5564
869.06 -241.804 3.55706
869.126 -241.834 3.55773
869.193 -241.864 3.55841
869.259 -241.894 3.5591
869.177 -242.393 3.57522
869.247 -242.424 3.57597
869.317 -242.456 3.57673
869.387 -242.487 3.57751
869.457 -242.519 3.5783
869.664 -242.059 3.56302
869.732 -242.089 3.5638
869.799 -242.119 3.56459
869.866 -242.149 3.56539
869.81 -242.678 3.58245
869.881 -242.71 3.58331
868.612 -248.468 3.77077
868.633 -248.906 3.78483
868.626 -249.505 3.80411
868.618 -250.146 3.82476
868.609 -250.834 3.84693
868.599 -251.573 3.87079
865.21 -276.914 4.69352
872.044 -237.03 3.39772
868.651 -286.869 5.0189
819.731 -260.079 4.45965
820.392 -260.196 4.45365
821.041 -260.31 4.44781
821.679 -260.423 4.44211
822.045 -260.682 4.44283
821.953 -261.203 4.45458
821.86 -261.73 4.46653
821.766 -262.263 4.47866
821.671 -262.802 4.49099
821.575 -263.348 4.50353
842.839 -271.646 4.48043
843.27 -271.644 4.47708
843.696 -271.641 4.4738
844.119 -271.639 4.4706
844.537 -271.636 4.46748
844.95 -271.634 4.46442
845.36 -271.631 4.46144
845.766 -271.629 4.45853
846.168 -271.627 4.45568
846.566 -271.624 4.4529
846.96 -271.622 4.45019
847.351 -271.62 4.44754
847.739 -271.617 4.44496
847.769 -272.191 4.45999
847.773 -272.821 4.47674
847.776 -273.465 4.49391
856.373 -271.887 4.40772
868.334 -242.678 3.54779
868.636 -242.106 3.53071
868.766 -241.972 3.52652
868.928 -241.743 3.51954
868.995 -241.772 3.52014
869.061 -241.8 3.52075
869.128 -241.829 3.52137
869.195 -241.858 3.522
869.261 -241.887 3.52264
869.189 -242.354 3.53606
869.259 -242.385 3.53678
869.329 -242.416 3.5375
869.399 -242.447 3.53824
869.598 -242.026 3.52582
869.666 -242.055 3.52651
869.733 -242.084 3.52722
869.801 -242.113 3.52794
869.868 -242.143 3.52867
869.936 -242.172 3.5294
869.891 -242.669 3.54371
868.613 -248.465 3.71168
868.634 -248.907 3.72436
868.626 -249.506 3.74159
868.618 -250.147 3.76004
868.609 -250.834 3.77985
868.6 -251.574 3.80118
868.589 -252.372 3.82421
865.213 -276.902 4.53427
872.044 -237.029 3.38014
868.65 -286.886 4.82729
820.395 -260.197 4.24688
821.044 -260.311 4.24284
821.682 -260.424 4.2389
822.044 -260.685 4.24036
821.952 -261.206 4.25093
821.86 -261.732 4.26167
821.766 -262.265 4.27257
821.67 -262.805 4.28365
821.574 -263.351 4.29491
842.843 -271.644 4.30755
843.274 -271.641 4.3051
843.7 -271.639 4.30272
844.122 -271.636 4.30039
844.54 -271.634 4.29812
844.954 -271.631 4.2959
845.363 -271.629 4.29373
845.769 -271.627 4.29162
846.171 -271.624 4.28957
846.569 -271.622 4.28756
846.963 -271.619 4.28561
847.354 -271.617 4.2837
847.742 -271.615 4.28184
847.769 -272.193 4.29535
847.773 -272.823 4.31023
847.776 -273.467 4.32548
856.374 -271.886 4.25754
868.337 -242.669 3.50763
868.713 -241.905 3.48788
868.78 -241.935 3.48848
868.929 -241.742 3.48339
868.995 -241.771 3.48398
869.062 -241.8 3.48457
869.129 -241.828 3.48517
869.195 -241.857 3.48577
869.262 -241.886 3.48639
869.329 -241.915 3.48701
869.323 -242.178 3.4936
869.392 -242.208 3.49428
869.46 -242.239 3.49497
869.599 -242.025 3.48944
869.666 -242.054 3.49011
869.733 -242.083 3.49078
869.801 -242.113 3.49146
869.869 -242.142 3.49215
869.937 -242.171 3.49284
869.943 -242.455 3.50002
868.614 -248.462 3.65261
868.634 -248.908 3.66389
868.626 -249.507 3.67908
868.618 -250.148 3.69533
868.609 -250.835 3.71279
868.6 -251.575 3.73158
868.589 -252.372 3.75186
865.215 -276.893 4.37522
872.045 -237.029 3.36256
868.649 -286.904 4.63563
821.048 -260.312 4.0379
821.686 -260.424 4.03573
822.044 -260.688 4.0379
821.952 -261.208 4.04729
821.859 -261.735 4.05682
821.765 -262.268 4.06649
821.67 -262.808 4.07631
821.574 -263.354 4.08629
840.973 -271.782 4.14429
841.424 -271.779 4.14257
841.871 -271.776 4.14089
842.291 -271.802 4.1399
842.846 -271.641 4.13472
843.277 -271.639 4.13318
843.704 -271.636 4.13168
844.126 -271.634 4.13022
844.543 -271.631 4.1288
844.957 -271.629 4.12742
845.367 -271.626 4.12607
845.772 -271.624 4.12477
846.174 -271.622 4.1235
846.572 -271.619 4.12226
846.966 -271.617 4.12107
847.357 -271.615 4.1199
847.745 -271.612 4.11877
847.769 -272.195 4.13072
847.773 -272.825 4.14372
847.776 -273.47 4.15705
856.375 -271.886 4.10739
868.341 -242.66 3.46755
868.716 -241.896 3.45077
868.863 -241.713 3.44669
868.929 -241.742 3.44725
868.996 -241.77 3.44782
869.062 -241.799 3.44839
869.129 -241.828 3.44897
869.196 -241.856 3.44956
869.262 -241.885 3.45015
869.329 -241.914 3.45075
869.329 -242.161 3.4561
869.397 -242.19 3.45673
869.532 -241.995 3.45246
869.599 -242.024 3.45308
869.666 -242.053 3.45371
869.734 -242.083 3.45435
869.801 -242.112 3.45499
869.869 -242.141 3.45564
869.937 -242.17 3.45629
870.005 -242.2 3.45696
870.019 -242.459 3.46264
868.634 -248.909 3.60343
868.626 -249.507 3.61657
868.618 -250.148 3.63064
868.609 -250.836 3.64573
868.6 -251.576 3.66199
868.59 -252.373 3.67953
865.216 -276.886 4.21633
872.045 -237.028 3.345
868.649 -286.922 4.44388
821.689 -260.425 3.83259
822.043 -260.69 3.83545
821.952 -261.211 3.84366
821.859 -261.738 3.85198
821.765 -262.271 3.86043
821.669 -262.811 3.86899
821.573 -263.357 3.87769
840.977 -271.779 3.96714
841.428 -271.776 3.9664
841.875 -271.774 3.96569
842.291 -271.804 3.96561
842.85 -271.639 3.96195
843.281 -271.636 3.96132
843.707 -271.634 3.9607
844.129 -271.631 3.96011
844.547 -271.629 3.95954
844.96 -271.626 3.95899
845.37 -271.624 3.95847
845.776 -271.622 3.95796
846.177 -271.619 3.95748
846.575 -271.617 3.95702
846.97 -271.615 3.95658
847.36 -271.612 3.95616
847.748 -271.61 3.95575
847.769 -272.198 3.9661
847.773 -272.827 3.97723
847.776 -273.472 3.98864
856.377 -271.885 3.95727
868.345 -242.651 3.42754
868.717 -241.896 3.41387
868.864 -241.712 3.41057
868.93 -241.741 3.41112
868.996 -241.769 3.41167
869.063 -241.798 3.41223
869.129 -241.827 3.41279
869.196 -241.856 3.41335
869.263 -241.884 3.41392
869.33 -241.913 3.4145
869.388 -241.97 3.41558
869.398 -242.189 3.41962
869.532 -241.995 3.41614
869.599 -242.024 3.41673
869.667 -242.053 3.41733
869.734 -242.082 3.41793
869.802 -242.111 3.41853
869.869 -242.14 3.41914
869.937 -242.17 3.41976
870.005 -242.199 3.42038
870.02 -242.458 3.42519
868.634 -248.909 3.54298
868.626 -249.508 3.55407
868.618 -250.149 3.56594
868.609 -250.837 3.57869
868.6 -251.577 3.5924
868.59 -252.374 3.6072
863.478 -285.286 4.21105
865.218 -276.881 4.05755
872.045 -237.028 3.32744
868.648 -286.94 4.25204
822.043 -260.693 3.63301
821.951 -261.214 3.64003
821.858 -261.741 3.64715
821.764 -262.274 3.65437
821.669 -262.814 3.66168
821.573 -263.36 3.66909
840.981 -271.776 3.79005
841.432 -271.774 3.79029
841.879 -271.771 3.79054
842.291 -271.807 3.79132
842.854 -271.636 3.78924
843.284 -271.634 3.7895
843.711 -271.631 3.78977
844.133 -271.629 3.79005
844.55 -271.626 3.79033
844.964 -271.624 3.79062
845.373 -271.622 3.79091
845.779 -271.619 3.79121
846.181 -271.617 3.79152
846.579 -271.614 3.79182
846.973 -271.612 3.79214
847.363 -271.61 3.79246
847.751 -271.608 3.79278
847.769 -272.2 3.8015
847.773 -272.83 3.81076
847.776 -273.474 3.82024
856.378 -271.884 3.80718
868.349 -242.641 3.3876
868.717 -241.895 3.37699
868.864 -241.711 3.37447
868.93 -241.74 3.375
868.997 -241.769 3.37554
869.063 -241.797 3.37608
869.13 -241.826 3.37662
869.196 -241.855 3.37716
869.263 -241.884 3.37771
869.33 -241.913 3.37826
869.388 -241.97 3.37922
869.439 -242.052 3.38054
869.533 -241.994 3.37984
869.6 -242.023 3.3804
869.667 -242.052 3.38096
869.735 -242.081 3.38152
869.802 -242.11 3.38209
869.87 -242.139 3.38266
869.938 -242.169 3.38323
870.006 -242.198 3.38381
870.063 -242.273 3.38505
868.634 -248.91 3.48254
868.626 -249.509 3.49158
868.618 -250.15 3.50126
868.609 -250.838 3.51165
868.6 -251.578 3.52282
868.59 -252.376 3.53488
863.483 -285.261 4.02209
865.219 -276.879 3.89886
866.831 -282.439 3.98695
872.045 -237.027 3.30989
868.647 -286.959 4.06012
872.08 -290.805 4.12769
821.951 -261.217 3.4364
821.858 -261.744 3.44232
821.764 -262.277 3.4483
821.668 -262.817 3.45436
821.572 -263.363 3.46049
840.985 -271.774 3.61299
841.436 -271.771 3.61422
841.883 -271.769 3.61543
842.291 -271.809 3.61704
842.858 -271.634 3.61656
843.288 -271.631 3.61773
843.714 -271.629 3.61888
844.136 -271.626 3.62003
844.554 -271.624 3.62116
844.967 -271.621 3.62228
845.377 -271.619 3.6234
845.782 -271.617 3.6245
846.184 -271.614 3.62559
846.582 -271.612 3.62666
846.976 -271.61 3.62773
847.367 -271.607 3.62879
847.754 -271.605 3.62984
847.769 -272.202 3.63688
847.773 -272.832 3.64427
847.777 -273.477 3.65183
856.379 -271.884 3.6571
868.353 -242.632 3.34774
868.718 -241.894 3.34011
868.865 -241.711 3.33837
868.931 -241.739 3.33889
868.997 -241.768 3.33941
869.064 -241.797 3.33993
869.13 -241.825 3.34046
869.197 -241.854 3.34098
869.264 -241.883 3.3415
869.33 -241.912 3.34202
869.389 -241.969 3.34286
869.44 -242.049 3.34394
869.533 -241.993 3.34354
869.6 -242.022 3.34407
869.668 -242.051 3.3446
869.735 -242.08 3.34512
869.803 -242.109 3.34565
869.87 -242.139 3.34618
869.938 -242.168 3.34672
870.006 -242.197 3.34725
870.064 -242.272 3.34828
868.634 -248.911 3.42208
868.626 -249.51 3.42908
868.618 -250.151 3.43657
868.609 -250.839 3.4446
868.6 -251.579 3.45324
868.59 -252.377 3.46256
863.487 -285.244 3.8334
865.219 -276.879 3.74022
866.836 -282.402 3.80942
872.045 -237.026 3.29235
868.646 -286.979 3.86807
872.081 -290.799 3.92239
872.487 -281.974 3.82013
821.857 -261.746 3.23747
821.763 -262.28 3.24222
821.668 -262.819 3.24702
821.572 -263.366 3.25187
840.989 -271.771 3.43598
841.44 -271.769 3.43818
841.886 -271.766 3.44035
842.291 -271.811 3.44274
842.861 -271.631 3.44392
843.292 -271.629 3.44599
843.718 -271.626 3.44803
844.14 -271.624 3.45004
844.557 -271.621 3.45202
844.971 -271.619 3.45398
845.38 -271.617 3.45591
845.785 -271.614 3.45781
846.187 -271.612 3.45969
846.585 -271.61 3.46154
846.979 -271.607 3.46336
847.37 -271.605 3.46516
847.757 -271.603 3.46694
847.769 -272.205 3.47226
847.773 -272.835 3.47778
847.777 -273.479 3.48342
856.38 -271.883 3.50704
868.357 -242.622 3.30795
868.718 -241.893 3.30324
868.865 -241.71 3.30228
868.931 -241.739 3.30279
869.006 -241.744 3.30313
869.072 -241.773 3.30364
869.138 -241.802 3.30414
869.205 -241.832 3.30465
869.264 -241.882 3.3053
869.331 -241.911 3.3058
869.389 -241.969 3.30651
869.441 -242.046 3.30736
869.534 -241.992 3.30725
869.601 -242.021 3.30775
869.675 -242.025 3.30805
869.742 -242.055 3.30855
869.809 -242.084 3.30905
869.877 -242.114 3.30954
869.938 -242.167 3.31021
870.006 -242.196 3.3107
870.064 -242.271 3.31153
868.634 -248.912 3.36163
868.626 -249.511 3.36658
868.618 -250.152 3.37188
868.609 -250.84 3.37755
868.6 -251.58 3.38365
868.59 -252.378 3.39023
863.49 -285.231 3.64487
865.22 -276.88 3.58161
866.84 -282.371 3.6322
872.045 -237.026 3.27481
868.645 -286.998 3.67591
872.081 -290.794 3.71715
872.488 -281.973 3.64574
872.888 -288.875 3.70361
821.763 -262.283 3.03611
821.667 -262.823 3.03966
821.571 -263.369 3.04323
840.538 -271.771 3.25575
840.994 -271.769 3.25899
841.445 -271.766 3.26217
841.891 -271.763 3.26531
842.291 -271.814 3.26843
842.865 -271.629 3.2713
843.296 -271.626 3.27427
843.722 -271.624 3.2772
844.144 -271.621 3.28008
844.561 -271.619 3.28291
844.974 -271.616 3.2857
845.384 -271.614 3.28845
845.789 -271.612 3.29115
846.19 -271.609 3.29381
846.588 -271.607 3.29643
846.982 -271.605 3.29901
847.373 -271.603 3.30155
847.76 -271.6 3.30405
847.769 -272.207 3.30762
847.773 -272.837 3.31127
847.777 -273.482 3.31499
856.382 -271.883 3.35699
868.4 -242.513 3.26792
868.719 -241.893 3.26638
868.866 -241.709 3.2662
868.932 -241.738 3.26669
869.016 -241.718 3.26702
869.084 -241.74 3.26748
869.15 -241.769 3.26796
869.216 -241.797 3.26844
869.265 -241.881 3.26911
869.331 -241.91 3.26958
869.389 -241.968 3.27016
869.443 -242.043 3.27079
869.534 -241.992 3.27097
869.601 -242.021 3.27143
869.682 -241.999 3.27171
869.751 -242.022 3.27214
869.818 -242.051 3.27259
869.886 -242.08 3.27304
869.939 -242.166 3.2737
870.007 -242.196 3.27415
870.064 -242.271 3.27477
868.634 -248.913 3.30117
868.626 -249.512 3.30408
868.618 -250.154 3.30718
868.61 -250.841 3.3105
868.6 -251.581 3.31406
868.59 -252.379 3.3179
863.493 -285.22 3.45645
865.22 -276.885 3.42299
866.844 -282.343 3.45522
872.045 -237.025 3.25727
868.645 -287.018 3.48362
872.082 -290.788 3.51194
872.488 -281.972 3.47136
872.888 -288.881 3.50516
873.136 -278.579 3.45707
821.667 -262.826 2.83228
821.57 -263.372 2.83457
840.542 -271.769 3.0778
840.998 -271.766 3.08203
841.449 -271.763 3.0862
841.895 -271.761 3.09029
842.291 -271.817 3.0941
842.869 -271.626 3.09871
843.3 -271.623 3.10259
843.725 -271.621 3.1064
844.147 -271.619 3.11014
844.565 -271.616 3.11383
844.978 -271.614 3.11745
845.387 -271.612 3.12101
845.792 -271.609 3.12452
846.194 -271.607 3.12796
846.591 -271.605 3.13135
846.985 -271.602 3.13469
847.376 -271.6 3.13797
847.763 -271.598 3.1412
847.769 -272.21 3.14297
847.773 -272.84 3.14475
847.777 -273.485 3.14654
856.383 -271.882 3.20694
868.404 -242.502 3.22865
868.719 -241.892 3.22953
868.866 -241.709 3.23013
868.932 -241.737 3.2306
869.016 -241.717 3.2311
869.084 -241.739 3.23156
869.151 -241.768 3.23203
869.217 -241.797 3.23248
869.265 -241.881 3.23292
869.332 -241.91 3.23337
869.39 -241.968 3.23381
869.444 -242.04 3.23425
869.534 -241.991 3.23469
869.602 -242.02 3.23512
869.683 -241.998 3.23555
869.752 -242.021 3.23596
869.819 -242.05 3.23638
869.886 -242.079 3.23679
869.939 -242.166 3.23721
870.007 -242.195 3.23761
870.065 -242.27 3.23803
868.634 -248.914 3.24071
868.627 -249.514 3.24157
868.618 -250.155 3.24247
868.61 -250.843 3.24343
868.6 -251.583 3.24446
868.59 -252.381 3.24556
863.495 -285.211 3.26811
865.219 -276.892 3.26436
866.848 -282.317 3.27844
872.045 -237.024 3.23974
868.644 -287.038 3.29119
872.083 -290.783 3.30678
872.488 -281.972 3.29698
872.889 -288.888 3.30667
873.137 -278.578 3.29452
873.462 -278.566 3.29535
821.57 -263.375 2.62588
840.546 -271.766 2.89987
841.002 -271.763 2.90511
841.453 -271.761 2.91025
841.899 -271.758 2.9153
842.291 -271.819 2.91976
842.873 -271.623 2.92615
843.303 -271.621 2.93093
843.729 -271.619 2.93562
844.151 -271.616 2.94024
844.568 -271.614 2.94477
844.981 -271.611 2.94922
845.391 -271.609 2.9536
845.796 -271.607 2.95791
846.197 -271.605 2.96214
846.595 -271.602 2.9663
846.989 -271.6 2.97039
847.379 -271.598 2.97441
847.766 -271.596 2.97836
847.769 -272.212 2.9783
847.773 -272.843 2.9782
847.777 -273.487 2.97808
856.384 -271.882 3.0569
868.408 -242.492 3.18946
868.72 -241.891 3.19268
868.867 -241.708 3.19406
868.933 -241.736 3.19452
869.017 -241.716 3.19518
869.085 -241.739 3.19565
869.151 -241.767 3.19609
869.217 -241.796 3.19653
869.266 -241.88 3.19674
869.332 -241.909 3.19717
869.39 -241.967 3.19747
869.445 -242.037 3.19773
869.535 -241.99 3.19842
869.602 -242.019 3.19882
869.683 -241.997 3.19939
869.752 -242.021 3.1998
869.819 -242.05 3.20017
869.886 -242.079 3.20055
869.94 -242.165 3.20072
870.008 -242.194 3.20108
870.065 -242.27 3.20128
868.634 -248.916 3.18024
868.627 -249.515 3.17905
868.619 -250.156 3.17776
868.61 -250.844 3.17636
868.6 -251.584 3.17485
868.59 -252.382 3.1732
863.497 -285.203 3.07984
865.218 -276.903 3.10566
866.851 -282.292 3.10184
866.305 -290.911 3.08081
872.045 -237.024 3.22222
868.643 -287.059 3.09862
872.083 -290.777 3.10166
872.489 -281.971 3.12261
872.889 -288.895 3.10813
873.137 -278.577 3.13198
873.462 -278.566 3.13283
822.066 -263.56 2.42636
821.982 -264.105 2.4262
840.55 -271.763 2.72197
841.006 -271.761 2.72821
841.457 -271.758 2.73433
841.903 -271.756 2.74034
842.292 -271.822 2.74539
842.877 -271.621 2.75362
843.307 -271.618 2.7593
843.733 -271.616 2.76487
844.155 -271.614 2.77035
844.572 -271.611 2.77573
844.985 -271.609 2.78102
845.394 -271.607 2.78622
845.799 -271.604 2.79132
846.201 -271.602 2.79634
846.598 -271.6 2.80127
846.992 -271.598 2.80611
847.383 -271.595 2.81087
847.766 -271.599 2.81549
847.769 -272.215 2.81361
847.773 -272.845 2.81164
847.777 -273.49 2.80959
856.386 -271.881 2.90687
868.413 -242.482 3.15034
868.72 -241.89 3.15584
868.867 -241.707 3.15799
868.933 -241.736 3.15844
869.018 -241.715 3.15927
869.085 -241.738 3.15974
869.152 -241.766 3.16016
869.218 -241.795 3.16058
869.266 -241.879 3.16057
869.333 -241.908 3.16097
869.39 -241.967 3.16114
869.446 -242.034 3.16124
869.535 -241.989 3.16216
869.602 -242.018 3.16252
869.684 -241.996 3.16325
869.752 -242.02 3.16364
869.82 -242.049 3.16398
869.887 -242.078 3.16431
869.94 -242.164 3.16423
870.008 -242.193 3.16455
870.065 -242.269 3.16454
868.634 -248.917 3.11976
868.627 -249.516 3.11652
868.619 -250.157 3.11303
868.61 -250.846 3.10928
868.6 -251.586 3.10523
868.59 -252.384 3.10084
863.499 -285.196 2.89161
865.216 -276.922 2.94683
866.855 -282.268 2.9254
866.306 -290.906 2.87414
872.046 -237.023 3.20469
868.643 -287.08 2.9059
872.084 -290.772 2.89658
872.489 -281.97 2.94825
872.89 -288.902 2.90954
873.138 -278.576 2.96945
873.462 -278.565 2.97031
825.964 -261.577 2.29759
826.449 -261.721 2.30757
826.561 -262.105 2.30997
826.523 -262.591 2.30927
826.525 -263.054 2.30933
826.899 -263.267 2.31684
826.119 -264.28 2.30102
824.917 -265.612 2.27666
824.903 -266.122 2.27616
824.593 -266.852 2.26964
824.39 -267.516 2.2652
840.555 -271.761 2.54409
841.01 -271.758 2.55132
841.561 -271.627 2.56061
842.016 -271.611 2.56779
842.292 -271.825 2.571
842.295 -272.403 2.56815
842.298 -272.991 2.5652
842.302 -273.591 2.56213
845.812 -271.588 2.62497
846.071 -271.8 2.62749
845.888 -273.316 2.61606
856.387 -271.88 2.75683
868.417 -242.471 3.11131
868.716 -241.902 3.11885
868.868 -241.706 3.12193
868.934 -241.735 3.12237
869.018 -241.714 3.12337
869.086 -241.737 3.12384
869.152 -241.766 3.12424
869.218 -241.794 3.12463
869.267 -241.879 3.12439
869.333 -241.907 3.12477
869.391 -241.966 3.1248
869.429 -242.091 3.1241
869.536 -241.989 3.12589
869.603 -242.018 3.12623
869.684 -241.995 3.12711
869.753 -242.019 3.12748
869.82 -242.048 3.12778
869.887 -242.077 3.12807
869.94 -242.163 3.12775
870.008 -242.193 3.12803
870.023 -242.453 3.12588
868.634 -248.918 3.05927
868.627 -249.517 3.05398
868.619 -250.159 3.0483
868.61 -250.847 3.04219
868.6 -251.587 3.0356
868.59 -252.385 3.02846
863.501 -285.191 2.7034
866.858 -282.246 2.74911
866.307 -290.906 2.66745
872.046 -237.023 3.18717
868.642 -287.101 2.71302
872.085 -290.766 2.69152
872.49 -281.969 2.77388
872.891 -288.91 2.71089
873.138 -278.575 2.80691
873.463 -278.565 2.80778
829.25 -259.916 2.18439
829.292 -260.317 2.18473
829.574 -260.563 2.19084
829.484 -261.058 2.18781
829.481 -261.499 2.18684
829.504 -261.926 2.18646
829.553 -262.339 2.18661
829.566 -262.781 2.1858
829.591 -263.218 2.18525
829.51 -263.739 2.18199
829.299 -264.362 2.17548
829.106 -264.982 2.16932
828.651 -265.813 2.15661
828.448 -266.462 2.15002
828.463 -266.948 2.14869
828.122 -267.726 2.13846
827.009 -269.148 2.10901
840.559 -271.758 2.36623
841.015 -271.755 2.37446
841.704 -271.447 2.38909
842.074 -271.538 2.39498
842.292 -271.827 2.39658
842.731 -271.821 2.40431
843.164 -271.819 2.41183
843.533 -271.898 2.41754
843.681 -272.281 2.41697
844.106 -272.279 2.42417
844.526 -272.276 2.43124
844.941 -272.274 2.43818
845.869 -271.507 2.46001
846.132 -271.712 2.46256
846.166 -272.267 2.45828
846.983 -271.617 2.47715
847.143 -271.978 2.47648
847.147 -272.596 2.47099
847.151 -273.228 2.46533
846.567 -283.371 2.35893
847.095 -283.208 2.36783
847.617 -283.048 2.37654
847.931 -283.309 2.37807
848.08 -283.924 2.37366
856.389 -271.88 2.60679
868.421 -242.461 3.07234
868.704 -241.936 3.08144
868.868 -241.706 3.08587
868.935 -241.734 3.08629
869.019 -241.713 3.08747
869.086 -241.738 3.08792
869.152 -241.766 3.08831
869.219 -241.794 3.08869
869.267 -241.878 3.08823
869.334 -241.907 3.08858
869.32 -242.195 3.08509
869.389 -242.224 3.08544
869.536 -241.988 3.08964
869.603 -242.017 3.08994
869.685 -241.994 3.09097
869.752 -242.023 3.09126
869.819 -242.051 3.09153
869.887 -242.08 3.0918
869.941 -242.162 3.09128
870.009 -242.192 3.09151
870.014 -242.488 3.08798
868.634 -248.919 2.99876
868.627 -249.519 2.99142
868.619 -250.16 2.98355
868.61 -250.848 2.97508
868.601 -251.588 2.96595
868.59 -252.387 2.95607
863.503 -285.186 2.51522
871.908 -236.991 3.16934
871.944 -236.99 3.16954
868.641 -287.122 2.51998
872.085 -290.761 2.48649
872.491 -281.969 2.5995
872.891 -288.917 2.51217
873.139 -278.574 2.64438
873.463 -278.565 2.64525
842.362 -251.753 2.37694
842.302 -252.094 2.37413
842.244 -252.439 2.37128
842.186 -252.788 2.36838
842.129 -253.14 2.36545
842.072 -253.495 2.36248
842.017 -253.854 2.35946
833.007 -260.735 2.09844
833.059 -261.12 2.0979
833.081 -261.531 2.09641
833.23 -261.849 2.09853
833.172 -262.328 2.09458
833.175 -262.766 2.09227
833.033 -263.323 2.08565
833.121 -263.703 2.08565
832.991 -264.265 2.07915
833.039 -264.687 2.07778
833.129 -265.078 2.07754
832.742 -265.879 2.06316
832.409 -266.649 2.05018
828.027 -270.982 1.91698
827.995 -271.562 1.91228
832.337 -276.03 1.97533
832.567 -276.396 1.97699
832.845 -276.71 1.98007
833.052 -277.107 1.98079
833.323 -277.433 1.98345
833.793 -277.525 1.99243
834.538 -277.285 2.01023
835.182 -277.154 2.02481
835.468 -277.45 2.02774
836.125 -277.284 2.04277
836.495 -277.469 2.04838
841.715 -271.435 2.21482
842.083 -271.53 2.22115
842.231 -271.911 2.22007
842.735 -271.819 2.23093
843.168 -271.816 2.23935
843.533 -271.901 2.24547
839.59 -280.105 2.07983
845.879 -271.494 2.29411
846.143 -271.698 2.29659
846.169 -272.265 2.29048
846.987 -271.614 2.31281
847.143 -271.981 2.31126
847.147 -272.599 2.30395
847.151 -273.231 2.29641
846.186 -283.236 2.154
846.718 -283.075 2.16434
847.242 -282.915 2.17447
847.672 -282.939 2.18064
848.025 -283.116 2.18352
848.212 -283.648 2.1791
848.364 -284.268 2.17287
856.39 -271.879 2.45674
868.387 -242.55 3.03154
868.684 -241.988 3.04341
868.753 -242.017 3.04385
868.935 -241.734 3.05023
869.008 -241.743 3.05098
869.075 -241.771 3.05138
869.141 -241.799 3.05175
869.208 -241.827 3.05212
869.268 -241.877 3.05206
869.334 -241.906 3.05239
869.302 -242.255 3.04682
869.371 -242.284 3.04713
869.501 -242.107 3.0512
869.604 -242.016 3.05365
869.676 -242.028 3.05421
869.743 -242.057 3.05446
869.811 -242.085 3.0547
869.878 -242.114 3.05493
869.941 -242.162 3.0548
870.009 -242.191 3.05499
869.999 -242.555 3.04927
868.635 -248.92 2.93824
868.627 -249.52 2.92886
868.619 -250.161 2.91879
868.61 -250.85 2.90796
868.601 -251.59 2.89628
868.591 -252.388 2.88366
868.58 -253.253 2.86997
863.505 -285.183 2.32703
871.911 -236.969 3.15226
871.945 -236.977 3.15232
871.979 -236.986 3.15237
872.013 -236.994 3.15242
868.64 -287.144 2.32677
872.086 -290.755 2.28148
872.491 -281.968 2.42512
872.892 -288.925 2.31338
873.139 -278.573 2.48184
873.464 -278.565 2.4827
875.419 -284.374 2.39193
846.012 -249.627 2.36898
845.982 -249.915 2.36645
845.953 -250.205 2.36389
845.925 -250.498 2.3613
845.899 -250.793 2.35868
845.873 -251.091 2.35602
845.849 -251.391 2.35333
845.826 -251.693 2.3506
845.804 -251.999 2.34785
845.784 -252.306 2.34505
845.764 -252.617 2.34223
845.746 -252.929 2.33937
845.73 -253.245 2.33647
845.715 -253.563 2.33354
845.701 -253.884 2.33056
845.688 -254.208 2.32756
845.677 -254.534 2.32451
845.668 -254.863 2.32143
845.659 -255.195 2.31831
845.653 -255.53 2.31515
845.648 -255.867 2.31195
845.644 -256.208 2.30872
845.642 -256.551 2.30544
845.642 -256.897 2.30212
845.644 -257.246 2.29876
845.647 -257.598 2.29536
845.652 -257.954 2.29191
845.658 -258.312 2.28843
845.667 -258.673 2.2849
845.677 -259.037 2.28132
845.689 -259.404 2.27771
845.703 -259.775 2.27404
845.719 -260.148 2.27033
845.738 -260.525 2.26658
845.758 -260.905 2.26278
836.296 -271.691 1.91205
835.874 -272.721 1.89006
836.17 -272.963 1.89424
836.512 -273.151 1.90008
837.009 -273.159 1.91158
837.437 -273.241 1.92054
837.73 -273.479 1.92435
837.582 -274.25 1.91139
839.121 -272.966 1.96251
839.423 -273.178 1.96661
839.782 -273.319 1.97282
841.642 -271.532 2.03734
842.045 -271.581 2.04556
838.319 -277.075 1.8913
838.633 -277.314 1.89489
841.99 -273.419 2.01975
839.371 -277.64 1.90628
839.476 -278.17 1.9012
838.743 -279.898 1.86178
839.431 -279.624 1.87992
840.138 -279.306 1.89901
845.85 -271.54 2.12663
846.111 -271.748 2.12893
845.502 -273.289 2.09432
845.957 -273.218 2.1044
846.171 -273.519 2.10417
843.087 -279.11 1.96078
843.797 -278.693 1.98076
844.254 -278.676 1.98977
844.621 -278.804 1.99478
844.812 -279.23 1.99182
845.102 -279.491 1.99317
846.088 -278.528 2.02628
846.765 -278.08 2.04562
847.159 -278.128 2.05195
847.508 -278.254 2.05617
847.765 -278.552 2.05593
848.023 -278.851 2.05562
846.252 -283.113 1.9561
846.79 -282.934 1.96818
850.005 -277.344 2.11391
847.679 -282.928 1.98314
848.032 -283.106 1.986
848.342 -283.374 1.98658
848.495 -283.989 1.97871
853.338 -276.73 2.17742
854.092 -275.809 2.20462
854.494 -275.704 2.21241
856.391 -271.879 2.30668
867.558 -244.433 2.94726
868.391 -242.539 2.99236
868.685 -241.987 3.00621
868.753 -242.017 3.00663
868.936 -241.733 3.01416
869.002 -241.761 3.01454
869.068 -241.79 3.0149
869.135 -241.819 3.01525
869.201 -241.848 3.01558
869.268 -241.876 3.0159
869.234 -242.224 3.00914
869.303 -242.254 3.00944
869.372 -242.284 3.00972
869.441 -242.313 3.00998
869.604 -242.015 3.01737
869.671 -242.044 3.01759
869.739 -242.073 3.0178
869.806 -242.102 3.01799
869.874 -242.132 3.01817
869.942 -242.161 3.01833
869.929 -242.524 3.01137
869.999 -242.554 3.01151
868.637 -248.911 2.87793
868.627 -249.521 2.86628
868.619 -250.163 2.85401
868.61 -250.851 2.84082
868.601 -251.591 2.8266
868.593 -252.375 2.81154
868.58 -253.254 2.79457
863.506 -285.18 2.13883
871.911 -236.964 3.13496
871.946 -236.972 3.13502
871.98 -236.98 3.13507
872.014 -236.987 3.13512
872.048 -236.995 3.13515
868.64 -287.166 2.13337
872.087 -290.75 2.07649
872.491 -281.967 2.25071
872.893 -288.934 2.1145
873.139 -278.571 2.31928
873.464 -278.564 2.32014
875.419 -284.371 2.20889
848.898 -247.946 2.36269
848.887 -248.194 2.3604
848.878 -248.443 2.35807
848.87 -248.695 2.35572
848.863 -248.948 2.35335
848.857 -249.203 2.35095
848.853 -249.459 2.34852
848.85 -249.718 2.34607
848.848 -249.978 2.34359
848.847 -250.24 2.34108
848.848 -250.504 2.33854
848.85 -250.769 2.33598
848.854 -251.037 2.33339
848.859 -251.306 2.33077
848.865 -251.577 2.32812
848.873 -251.85 2.32544
848.882 -252.125 2.32273
848.893 -252.401 2.32
848.905 -252.68 2.31723
848.919 -252.96 2.31443
848.934 -253.242 2.31161
848.951 -253.527 2.30875
848.969 -253.813 2.30586
848.989 -254.101 2.30294
849.011 -254.391 2.29999
849.035 -254.683 2.29701
849.06 -254.977 2.29399
849.087 -255.273 2.29095
849.116 -255.571 2.28787
849.146 -255.87 2.28475
849.179 -256.172 2.28161
849.213 -256.476 2.27843
849.249 -256.782 2.27521
849.287 -257.09 2.27196
849.327 -257.399 2.26868
849.369 -257.711 2.26537
849.413 -258.025 2.26201
849.459 -258.341 2.25863
849.507 -258.659 2.2552
849.557 -258.979 2.25174
849.61 -259.301 2.24825
849.664 -259.625 2.24472
849.721 -259.951 2.24115
849.78 -260.279 2.23754
849.841 -260.609 2.2339
849.905 -260.942 2.23022
849.971 -261.276 2.2265
842.661 -271.348 1.88976
842.831 -271.696 1.88815
843.116 -271.892 1.89168
843.301 -272.225 1.89051
843.689 -272.278 1.89864
843.989 -272.453 1.90259
843.803 -273.326 1.88362
844.035 -273.608 1.88404
845.741 -271.704 1.95495
845.97 -271.964 1.95552
844.907 -274.202 1.89311
845.881 -273.337 1.92954
845.678 -274.3 1.9081
845.706 -274.915 1.89772
844.143 -278.134 1.80678
844.529 -278.225 1.81324
844.911 -278.32 1.81944
845.444 -278.154 1.83342
846.039 -277.87 1.85077
846.485 -277.831 1.86048
846.925 -277.796 1.86988
847.372 -277.743 1.87967
847.876 -277.576 1.89267
848.318 -277.514 1.90236
848.747 -277.468 1.91141
849.057 -277.647 1.9138
849.797 -276.975 1.94062
850.28 -276.791 1.95311
850.772 -276.577 1.96624
851.188 -276.509 1.97506
851.589 -276.464 1.98307
851.99 -276.414 1.99107
852.417 -276.297 2.00081
852.822 -276.222 2.00924
853.461 -275.602 2.03255
853.888 -275.445 2.04285
854.315 -275.279 2.05325
854.75 -275.084 2.06428
856.393 -271.878 2.15661
867.576 -244.389 2.90184
868.395 -242.529 2.95323
868.685 -241.986 2.969
868.765 -241.987 2.97018
868.833 -242.017 2.97056
869.002 -241.763 2.9784
869.068 -241.791 2.97876
869.135 -241.819 2.9791
869.202 -241.847 2.97943
869.268 -241.876 2.97973
869.242 -242.198 2.97244
869.311 -242.228 2.97269
869.38 -242.258 2.97293
869.449 -242.289 2.97315
869.574 -242.123 2.97833
869.67 -242.049 2.98113
869.738 -242.078 2.98131
869.805 -242.106 2.98148
869.873 -242.135 2.98163
869.941 -242.164 2.98176
869.935 -242.502 2.97419
870 -242.554 2.97375
868.635 -248.923 2.81716
868.63 -249.511 2.80395
868.628 -250.124 2.7902
868.618 -250.812 2.77464
868.601 -251.593 2.7569
868.591 -252.392 2.73878
868.58 -253.256 2.71914
865.224 -273.231 2.23665
864.35 -280.176 2.07146
864.651 -280.446 2.06786
864.955 -280.721 2.06411
865.262 -280.998 2.06025
865.571 -281.282 2.05615
871.912 -236.963 3.11761
871.946 -236.971 3.11766
871.98 -236.979 3.11769
872.014 -236.986 3.11772
872.048 -236.994 3.11774
868.639 -287.189 1.93979
872.087 -290.744 1.8715
872.492 -281.967 2.07629
872.893 -288.942 1.91553
873.14 -278.57 2.15671
873.465 -278.564 2.15756
875.419 -284.367 2.02585
851.237 -246.583 2.35759
851.24 -246.8 2.35549
851.244 -247.018 2.35337
851.249 -247.238 2.35122
851.255 -247.459 2.34906
851.263 -247.681 2.34687
851.271 -247.904 2.34466
851.281 -248.129 2.34242
851.293 -248.355 2.34017
851.305 -248.582 2.33789
851.319 -248.81 2.3356
851.334 -249.04 2.33327
851.351 -249.271 2.33093
851.368 -249.503 2.32856
851.388 -249.737 2.32617
851.408 -249.972 2.32376
851.43 -250.208 2.32132
851.454 -250.446 2.31886
851.479 -250.684 2.31638
851.505 -250.925 2.31387
851.533 -251.166 2.31134
851.563 -251.409 2.30878
851.594 -251.653 2.3062
851.626 -251.898 2.30359
851.66 -252.145 2.30096
851.696 -252.392 2.29831
851.734 -252.642 2.29563
851.773 -252.892 2.29292
851.813 -253.144 2.29019
851.856 -253.397 2.28743
851.9 -253.651 2.28465
851.946 -253.907 2.28184
851.993 -254.164 2.27901
852.043 -254.422 2.27615
852.094 -254.682 2.27326
852.147 -254.943 2.27035
852.201 -255.205 2.26741
852.258 -255.468 2.26444
852.317 -255.733 2.26145
852.377 -255.999 2.25843
852.44 -256.266 2.25538
852.504 -256.534 2.2523
852.571 -256.804 2.2492
852.639 -257.075 2.24607
852.71 -257.347 2.24291
852.783 -257.62 2.23973
852.857 -257.894 2.23651
852.934 -258.17 2.23327
853.013 -258.447 2.23
853.095 -258.725 2.22671
853.178 -259.004 2.22338
853.264 -259.285 2.22002
853.352 -259.566 2.21664
853.439 -259.853 2.2131
853.387 -260.352 2.20179
853.333 -260.865 2.19013
853.277 -261.391 2.17808
847.411 -270.962 1.84285
847.553 -271.343 1.8383
847.832 -271.509 1.84131
848.091 -271.708 1.84311
848.374 -271.868 1.84618
847.974 -273.176 1.80941
848.234 -273.392 1.81061
848.416 -273.747 1.80699
848.688 -273.949 1.80856
848.931 -274.204 1.80827
849.172 -274.466 1.8077
849.433 -274.693 1.80823
848.538 -277.102 1.73614
849.078 -276.836 1.75324
849.568 -276.655 1.7673
850.118 -276.341 1.7855
850.633 -276.083 1.80161
851.072 -275.964 1.81297
851.539 -275.778 1.82634
851.976 -275.643 1.83784
852.392 -275.545 1.848
852.832 -275.385 1.85996
853.268 -275.222 1.87185
853.685 -275.09 1.88256
854.128 -274.888 1.89529
854.614 -274.57 1.91144
855.037 -274.389 1.92315
856.394 -271.877 2.00651
867.581 -244.379 2.85572
868.4 -242.519 2.91419
868.703 -241.941 2.93316
868.771 -241.97 2.93356
868.839 -242 2.93393
868.99 -241.796 2.94128
869.057 -241.825 2.94162
869.124 -241.853 2.94195
869.191 -241.881 2.94226
869.181 -242.147 2.93552
869.249 -242.177 2.93578
869.318 -242.206 2.93602
869.387 -242.236 2.93624
869.456 -242.266 2.93644
869.525 -242.295 2.93662
869.661 -242.084 2.94376
869.729 -242.113 2.94391
869.796 -242.141 2.94404
869.864 -242.17 2.94415
869.871 -242.445 2.93723
869.941 -242.475 2.93729
870.009 -242.518 2.93698
868.635 -248.924 2.75659
868.627 -249.523 2.74106
868.619 -250.165 2.72439
868.61 -250.854 2.70648
868.601 -251.594 2.68718
868.591 -252.393 2.66631
868.58 -253.257 2.64369
864.14 -279.404 1.91909
864.443 -279.628 1.91607
864.741 -279.894 1.91178
865.043 -280.161 1.90743
865.346 -280.432 1.9029
865.653 -280.705 1.89824
865.962 -280.98 1.89346
866.275 -281.256 1.88859
866.591 -281.536 1.88356
871.912 -236.962 3.10026
871.946 -236.97 3.1003
871.98 -236.978 3.10032
872.014 -236.986 3.10033
872.048 -236.993 3.10033
868.638 -287.212 1.746
872.088 -290.739 1.66652
872.493 -281.966 1.90185
872.894 -288.951 1.71647
873.14 -278.569 1.99413
873.465 -278.564 1.99495
875.419 -284.364 1.84279
853.172 -245.455 2.35338
853.184 -245.648 2.35144
853.197 -245.842 2.34948
853.211 -246.036 2.34751
853.226 -246.231 2.34552
853.243 -246.428 2.34351
853.261 -246.625 2.34148
853.279 -246.823 2.33943
853.299 -247.022 2.33737
853.321 -247.222 2.33528
853.343 -247.423 2.33318
853.367 -247.625 2.33106
853.392 -247.827 2.32892
853.419 -248.031 2.32676
853.446 -248.236 2.32458
853.475 -248.441 2.32239
853.506 -248.648 2.32017
853.538 -248.855 2.31794
853.571 -249.063 2.31568
853.605 -249.272 2.31341
853.641 -249.482 2.31112
853.678 -249.693 2.3088
853.717 -249.905 2.30647
853.757 -250.117 2.30412
853.799 -250.331 2.30175
853.842 -250.545 2.29935
853.887 -250.761 2.29694
853.933 -250.977 2.29451
853.981 -251.194 2.29206
854.03 -251.412 2.28959
854.081 -251.63 2.28709
854.134 -251.85 2.28458
854.188 -252.07 2.28204
854.233 -252.303 2.27895
854.199 -252.628 2.27153
854.164 -252.961 2.26391
854.128 -253.299 2.25608
854.092 -253.645 2.24803
854.055 -253.998 2.23976
854.017 -254.358 2.23126
853.978 -254.726 2.22251
853.939 -255.101 2.21352
853.898 -255.485 2.20427
853.857 -255.878 2.19475
853.831 -256.258 2.18589
853.897 -256.525 2.18197
853.976 -256.777 2.17871
854.07 -257.013 2.17611
854.18 -257.231 2.17433
854.263 -257.489 2.17084
854.275 -257.85 2.16306
854.313 -258.182 2.15657
854.427 -258.41 2.15438
854.503 -258.697 2.1498
854.541 -259.045 2.14275
854.575 -259.406 2.13522
854.516 -259.92 2.12168
854.462 -260.438 2.10809
854.563 -260.719 2.10393
854.598 -261.114 2.09534
854.629 -261.523 2.08628
854.292 -262.56 2.05295
854.214 -263.183 2.0359
853.003 -265.79 1.94313
853.099 -266.173 1.93594
853.242 -266.479 1.93169
853.439 -266.693 1.93089
853.354 -267.43 1.91046
853.629 -267.511 1.91463
853.796 -267.797 1.91109
852.245 -271.438 1.78408
852.431 -271.757 1.77995
852.669 -271.976 1.77943
852.932 -272.146 1.78061
853.211 -272.284 1.78289
853.517 -272.365 1.78712
853.896 -272.286 1.79694
854.262 -272.228 1.80588
855.232 -270.805 1.86294
855.424 -271.104 1.85876
856.015 -270.478 1.88696
856.282 -270.596 1.8889
856.47 -270.907 1.88405
856.713 -271.089 1.88364
867.582 -244.377 2.80934
868.178 -243.092 2.8552
868.687 -241.985 2.89459
868.772 -241.969 2.89651
868.84 -241.999 2.89687
868.908 -242.028 2.89721
868.976 -242.058 2.89753
869.044 -242.087 2.89783
869.113 -242.117 2.8981
869.181 -242.146 2.89836
869.25 -242.176 2.89859
869.318 -242.205 2.8988
869.387 -242.235 2.89899
869.456 -242.265 2.89916
869.525 -242.295 2.89931
869.594 -242.324 2.89944
869.663 -242.354 2.89954
869.733 -242.384 2.89962
869.802 -242.414 2.89968
869.872 -242.444 2.89972
869.942 -242.474 2.89974
868.629 -248.418 2.7107
868.635 -248.925 2.69601
868.627 -249.525 2.67842
868.619 -250.167 2.65955
868.61 -250.855 2.63928
868.601 -251.596 2.61743
868.591 -252.394 2.59382
864.875 -273.523 1.93215
864.224 -278.931 1.76584
864.529 -279.123 1.76317
864.829 -279.353 1.75925
865.127 -279.616 1.75422
865.428 -279.88 1.74906
865.732 -280.146 1.7438
866.038 -280.416 1.73835
866.347 -280.688 1.73277
866.66 -280.96 1.72709
871.912 -236.961 3.08292
871.946 -236.969 3.08294
871.98 -236.977 3.08295
872.014 -236.985 3.08294
872.049 -236.992 3.08293
868.611 -282.499 1.69429
868.948 -282.752 1.68864
869.284 -283.066 1.68105
869.616 -283.514 1.66932
869.952 -284.026 1.65555
872.089 -290.733 1.46154
872.493 -281.965 1.72738
872.895 -288.96 1.51729
873.141 -278.568 1.83152
873.466 -278.564 1.83231
875.42 -284.361 1.6597
854.8 -244.507 2.34983
854.819 -244.679 2.34804
854.838 -244.853 2.34622
854.858 -245.027 2.34439
854.88 -245.202 2.34255
854.903 -245.377 2.34069
854.926 -245.553 2.33882
854.922 -245.753 2.33545
854.9 -245.969 2.33102
854.876 -246.189 2.32648
854.853 -246.412 2.32183
854.829 -246.638 2.31706
854.805 -246.867 2.31217
854.781 -247.099 2.30716
854.756 -247.335 2.30203
854.731 -247.574 2.29676
854.705 -247.818 2.29136
854.679 -248.064 2.28583
854.657 -248.311 2.28037
854.694 -248.507 2.27799
854.726 -248.709 2.27525
854.73 -248.94 2.2709
854.78 -249.129 2.26893
854.861 -249.29 2.26858
854.919 -249.475 2.26689
854.968 -249.671 2.26458
854.996 -249.891 2.26104
855.006 -250.132 2.25636
855.013 -250.38 2.25136
854.991 -250.661 2.24466
855.033 -250.879 2.24135
855.108 -251.062 2.2399
855.183 -251.248 2.23829
855.265 -251.427 2.23705
855.355 -251.599 2.23617
855.445 -251.773 2.23518
855.542 -251.94 2.23448
855.619 -252.131 2.23258
855.695 -252.327 2.23044
855.798 -252.492 2.22983
855.906 -252.651 2.22947
855.947 -252.898 2.22488
856.006 -253.124 2.22126
856.092 -253.318 2.21924
856.165 -253.533 2.2162
856.225 -253.766 2.21227
856.244 -254.06 2.20557
856.139 -254.531 2.19069
856.173 -254.816 2.18455
856.238 -255.064 2.18015
856.295 -255.326 2.17513
856.336 -255.617 2.16883
856.369 -255.927 2.16174
856.403 -256.239 2.15455
856.438 -256.556 2.14725
856.476 -256.875 2.13986
856.52 -257.191 2.13267
856.621 -257.422 2.12923
856.748 -257.615 2.12743
856.879 -257.803 2.12581
856.957 -258.083 2.12022
857.006 -258.418 2.1123
857.073 -258.729 2.10548
857.15 -259.03 2.09909
857.225 -259.34 2.09234
857.364 -259.541 2.09014
857.516 -259.72 2.08882
857.691 -259.859 2.08915
857.887 -259.959 2.09099
857.581 -261.037 2.0529
857.459 -261.785 2.02855
857.333 -262.563 2.00318
857.249 -263.278 1.98048
857.116 -264.119 1.95297
857.035 -264.876 1.92897
856.976 -265.609 1.90609
857.05 -266.071 1.89406
857.292 -266.17 1.89628
857.533 -266.269 1.89841
857.768 -266.382 1.89988
857.952 -266.619 1.89655
858.168 -266.781 1.896
858.416 -266.868 1.89829
867.582 -244.376 2.76295
868.116 -243.255 2.80752
868.679 -242.004 2.85661
868.772 -241.969 2.85944
868.84 -241.998 2.85979
868.908 -242.028 2.86011
868.977 -242.057 2.86041
869.045 -242.086 2.86069
869.113 -242.116 2.86095
869.182 -242.146 2.86118
869.25 -242.175 2.86139
869.319 -242.205 2.86157
869.388 -242.234 2.86173
869.456 -242.264 2.86187
869.525 -242.294 2.86199
869.595 -242.324 2.86208
869.664 -242.354 2.86215
869.733 -242.383 2.86219
869.803 -242.413 2.86221
869.872 -242.443 2.86221
869.942 -242.474 2.86218
868.627 -248.43 2.65141
868.59 -249.125 2.62832
868.591 -249.693 2.60983
868.592 -250.298 2.59007
868.592 -250.944 2.56893
868.593 -251.636 2.54626
868.591 -252.396 2.52128
864.01 -278.258 1.61922
864.308 -278.46 1.61577
864.609 -278.654 1.61251
871.644 -237.097 3.05864
871.711 -236.9 3.06583
871.745 -236.908 3.06587
871.778 -236.917 3.0659
871.812 -236.925 3.06592
871.846 -236.934 3.06593
871.879 -236.942 3.06593
871.913 -236.951 3.06592
871.947 -236.959 3.06589
871.981 -236.967 3.06586
872.015 -236.976 3.06582
872.049 -236.984 3.06576
868.66 -281.868 1.53881
868.994 -282.091 1.53337
869.33 -282.336 1.52707
869.668 -282.588 1.52044
870.01 -282.845 1.51357
870.352 -283.151 1.50492
870.695 -283.568 1.49242
871.042 -284.068 1.47703
871.394 -284.592 1.46076
871.754 -285.12 1.44425
872.089 -290.728 1.25649
872.493 -281.965 1.55282
872.895 -288.969 1.31794
873.141 -278.567 1.66883
873.466 -278.563 1.66959
875.42 -284.358 1.47659
855.325 -244.317 2.29973
855.391 -244.451 2.30024
855.458 -244.585 2.30076
855.525 -244.719 2.30127
855.597 -244.85 2.30195
855.671 -244.979 2.3027
855.745 -245.11 2.30336
855.817 -245.242 2.30386
855.887 -245.376 2.30424
855.946 -245.519 2.30389
856.006 -245.663 2.30352
855.994 -245.868 2.29901
855.948 -246.105 2.29248
855.948 -246.305 2.28845
855.939 -246.515 2.28381
855.774 -246.868 2.27003
855.785 -247.067 2.2663
855.744 -247.317 2.25941
855.622 -247.647 2.2476
855.696 -247.797 2.24719
855.672 -248.042 2.24094
855.719 -248.222 2.23876
855.801 -248.37 2.23851
855.895 -248.506 2.23897
855.982 -248.649 2.23895
856.062 -248.802 2.23837
856.134 -248.963 2.23728
856.161 -249.172 2.23332
856.174 -249.4 2.22838
856.232 -249.582 2.22609
856.299 -249.757 2.22422
856.384 -249.913 2.22341
856.449 -250.092 2.22128
856.514 -250.274 2.21905
856.592 -250.442 2.21751
856.663 -250.621 2.21543
856.721 -250.818 2.21235
856.793 -250.998 2.21015
856.883 -251.161 2.20893
856.983 -251.311 2.20835
857.088 -251.457 2.20797
857.17 -251.633 2.20596
857.252 -251.811 2.20387
857.34 -251.982 2.20207
857.423 -252.163 2.19979
857.523 -252.324 2.19853
857.573 -252.554 2.19376
857.657 -252.741 2.19115
857.779 -252.877 2.19109
857.873 -253.053 2.18903
857.937 -253.277 2.18457
857.913 -253.634 2.17357
857.981 -253.861 2.16904
858.059 -254.075 2.16514
858.138 -254.292 2.1611
858.223 -254.504 2.15731
858.321 -254.698 2.15439
858.453 -254.839 2.15394
858.592 -254.97 2.15395
858.677 -255.193 2.14959
858.656 -255.602 2.13656
858.711 -255.888 2.12935
858.773 -256.169 2.12238
858.835 -256.456 2.11516
858.898 -256.746 2.10781
858.959 -257.047 2.10002
859.016 -257.363 2.09158
859.082 -257.67 2.08359
859.144 -257.991 2.07496
859.212 -258.309 2.06651
859.281 -258.632 2.05788
859.354 -258.956 2.04922
859.428 -259.286 2.04033
859.527 -259.571 2.03347
859.637 -259.839 2.02729
859.759 -260.088 2.02194
859.877 -260.353 2.0159
859.911 -260.817 2.00137
859.971 -261.234 1.98887
860.032 -261.66 1.976
860.084 -262.124 1.96163
860.199 -262.446 1.95326
867.583 -244.375 2.71658
867.692 -244.35 2.71964
868.53 -242.4 2.80283
868.753 -242.02 2.82023
868.841 -241.997 2.82272
868.909 -242.027 2.82303
868.977 -242.056 2.82331
869.045 -242.086 2.82357
869.114 -242.115 2.8238
869.182 -242.145 2.82401
869.251 -242.174 2.82419
869.319 -242.204 2.82435
869.388 -242.234 2.82448
869.457 -242.263 2.82459
869.526 -242.293 2.82467
869.595 -242.323 2.82473
869.664 -242.353 2.82476
869.734 -242.383 2.82477
869.803 -242.413 2.82475
869.873 -242.443 2.8247
868.514 -248.399 2.59203
868.627 -248.428 2.59257
868.535 -249.369 2.55749
868.527 -249.984 2.53524
868.525 -250.614 2.51252
868.524 -251.282 2.48833
868.522 -251.999 2.46236
868.527 -252.737 2.43563
864.123 -277.647 1.47845
865.127 -273.799 1.63002
871.536 -237.525 3.02386
871.68 -236.873 3.04923
871.714 -236.882 3.04927
871.747 -236.89 3.0493
871.781 -236.898 3.04932
871.814 -236.907 3.04933
871.848 -236.915 3.04932
871.882 -236.924 3.04931
871.915 -236.932 3.04928
871.949 -236.94 3.04924
871.983 -236.949 3.04919
872.017 -236.957 3.04913
872.051 -236.966 3.04906
872.085 -236.974 3.04898
872.119 -236.982 3.04888
872.153 -236.991 3.04877
872.188 -236.999 3.04866
872.222 -237.008 3.04853
870.383 -282.423 1.35324
870.726 -282.678 1.34534
871.073 -282.943 1.337
871.422 -283.238 1.32741
871.775 -283.639 1.31377
872.132 -284.103 1.29771
872.494 -281.964 1.37827
872.867 -285.149 1.26083
873.141 -278.566 1.50616
873.466 -278.563 1.50689
874.026 -286.792 1.20197
875.42 -284.355 1.29348
856.72 -243.484 2.30486
856.803 -243.592 2.30652
856.865 -243.715 2.30688
856.928 -243.838 2.30727
856.799 -244.11 2.29605
856.794 -244.289 2.29218
856.8 -244.462 2.28888
856.838 -244.611 2.28738
856.877 -244.76 2.28593
856.948 -244.883 2.28631
857.016 -245.01 2.28648
857.027 -245.186 2.28305
857.02 -245.379 2.27843
857.019 -245.569 2.27406
857.051 -245.733 2.27166
857.091 -245.891 2.26967
857.126 -246.054 2.26728
857.16 -246.221 2.2647
857.208 -246.375 2.26299
857.26 -246.528 2.26139
857.329 -246.666 2.26081
857.409 -246.793 2.26087
857.498 -246.912 2.26144
857.549 -247.07 2.25947
857.6 -247.228 2.25746
857.637 -247.405 2.25432
857.676 -247.579 2.25131
857.718 -247.754 2.2483
857.762 -247.928 2.2454
857.809 -248.101 2.24254
857.847 -248.286 2.23894
857.872 -248.488 2.23434
857.922 -248.664 2.23139
857.974 -248.84 2.22838
858.024 -249.02 2.22521
857.97 -249.327 2.2145
858.04 -249.49 2.21242
858.134 -249.625 2.2119
858.144 -249.865 2.2053
858.224 -250.022 2.20353
858.322 -250.156 2.20304
858.4 -250.319 2.2009
858.477 -250.484 2.19863
858.543 -250.665 2.19545
858.605 -250.855 2.19178
858.702 -250.999 2.19063
858.81 -251.129 2.19026
858.891 -251.299 2.18763
858.956 -251.493 2.18373
859.04 -251.665 2.18106
859.107 -251.861 2.17702
859.144 -252.108 2.17035
859.175 -252.368 2.16301
859.24 -252.58 2.1582
859.311 -252.787 2.15368
859.39 -252.984 2.14967
859.457 -253.204 2.14448
859.524 -253.43 2.13903
859.594 -253.654 2.13367
859.679 -253.856 2.12944
859.756 -254.077 2.12424
859.843 -254.283 2.1198
859.953 -254.452 2.11716
860.068 -254.616 2.11484
860.187 -254.774 2.11271
860.31 -254.926 2.11085
860.435 -255.077 2.10902
860.512 -255.326 2.10244
860.579 -255.598 2.09469
860.651 -255.869 2.08705
860.725 -256.141 2.07937
860.802 -256.414 2.07166
860.883 -256.684 2.06408
860.967 -256.957 2.05638
861.052 -257.233 2.04859
861.14 -257.51 2.0407
861.231 -257.791 2.03271
861.323 -258.073 2.02461
861.418 -258.358 2.01641
861.515 -258.646 2.0081
861.615 -258.935 1.99968
867.584 -244.373 2.6702
867.693 -244.349 2.67346
868.596 -242.225 2.77196
868.666 -242.256 2.77227
868.841 -241.997 2.78565
868.909 -242.026 2.78594
868.978 -242.056 2.7862
869.046 -242.085 2.78644
869.114 -242.114 2.78665
869.183 -242.144 2.78684
869.251 -242.174 2.78699
869.32 -242.203 2.78712
869.389 -242.233 2.78723
869.457 -242.263 2.7873
869.526 -242.292 2.78735
869.595 -242.322 2.78738
869.665 -242.352 2.78737
869.734 -242.382 2.78734
869.804 -242.412 2.78728
869.873 -242.442 2.78719
868.501 -248.454 2.53079
868.622 -248.453 2.5326
868.535 -249.37 2.49526
868.527 -249.986 2.4709
868.519 -250.645 2.44473
868.51 -251.352 2.41663
868.5 -252.112 2.38638
868.545 -252.641 2.36594
866.157 -266.522 1.78411
866.401 -266.548 1.786
871.616 -237.049 3.0243
871.683 -236.855 3.0328
871.717 -236.864 3.03283
871.75 -236.872 3.03285
871.783 -236.88 3.03286
871.817 -236.889 3.03285
871.85 -236.897 3.03284
871.884 -236.905 3.03281
871.918 -236.914 3.03277
871.951 -236.922 3.03271
871.985 -236.93 3.03265
872.019 -236.939 3.03257
872.053 -236.947 3.03248
872.087 -236.955 3.03238
872.121 -236.964 3.03226
872.155 -236.972 3.03214
872.189 -236.98 3.032
872.223 -236.989 3.03184
872.258 -236.997 3.03168
870.75 -282.008 1.19546
871.092 -282.258 1.18681
871.438 -282.511 1.17794
871.787 -282.763 1.16895
872.139 -283.02 1.15968
872.494 -281.963 1.20369
872.856 -283.724 1.133
873.142 -278.565 1.34346
873.467 -278.563 1.34414
873.98 -285.168 1.07637
874.37 -285.7 1.05516
874.769 -286.243 1.0334
875.175 -286.8 1.01093
875.42 -284.352 1.11035
876.014 -287.936 0.964706
876.441 -288.427 0.94449
876.866 -288.806 0.928652
877.299 -289.203 0.91195
877.545 -287.501 0.980385
878.178 -289.959 0.879609
878.631 -290.384 0.861281
857.528 -243.057 2.28448
857.569 -243.189 2.28359
857.617 -243.315 2.28312
857.67 -243.439 2.28285
857.721 -243.565 2.28238
857.769 -243.693 2.28168
857.817 -243.822 2.28095
857.846 -243.968 2.27887
857.865 -244.124 2.27599
857.844 -244.315 2.27045
857.817 -244.512 2.26443
857.804 -244.701 2.25917
857.812 -244.874 2.25522
857.851 -245.022 2.25323
857.886 -245.174 2.25089
857.911 -245.337 2.24779
857.953 -245.486 2.24571
858 -245.631 2.24393
858.044 -245.781 2.24181
858.086 -245.933 2.23954
858.14 -246.076 2.23796
858.165 -246.249 2.23426
858.213 -246.401 2.23203
858.268 -246.546 2.23028
858.312 -246.705 2.22762
858.388 -246.832 2.22711
858.484 -246.938 2.22799
858.593 -247.03 2.22976
858.658 -247.171 2.22825
858.696 -247.342 2.22471
858.738 -247.511 2.22132
858.772 -247.692 2.21718
858.812 -247.868 2.2134
858.864 -248.033 2.21037
858.922 -248.192 2.20769
858.988 -248.343 2.20551
859.056 -248.493 2.20337
859.125 -248.644 2.2012
859.206 -248.782 2.19985
859.308 -248.894 2.20005
859.413 -249.001 2.20049
859.54 -249.081 2.20251
859.641 -249.196 2.2024
859.742 -249.311 2.20225
859.81 -249.472 2.19926
859.89 -249.619 2.19715
859.977 -249.758 2.19552
860.056 -249.909 2.19315
860.136 -250.062 2.19063
860.208 -250.227 2.18743
860.139 -250.608 2.17183
860.228 -250.757 2.16958
860.321 -250.9 2.16766
860.419 -251.038 2.16599
860.51 -251.19 2.16354
860.592 -251.357 2.1602
860.578 -251.688 2.14784
860.613 -251.941 2.13978
860.683 -252.143 2.13459
860.759 -252.337 2.12987
860.838 -252.528 2.12525
860.92 -252.719 2.12067
861.007 -252.905 2.11634
861.093 -253.096 2.11175
861.179 -253.29 2.10694
861.266 -253.486 2.10209
861.373 -253.648 2.09895
861.487 -253.798 2.09647
861.578 -253.998 2.09133
861.627 -254.289 2.08146
861.71 -254.516 2.07494
861.811 -254.711 2.07011
861.914 -254.905 2.06528
862.019 -255.099 2.06039
862.125 -255.295 2.05545
862.234 -255.491 2.05044
862.344 -255.688 2.04538
862.455 -255.886 2.04026
862.569 -256.084 2.03512
862.684 -256.284 2.02985
867.585 -244.372 2.62382
867.693 -244.349 2.62727
868.616 -242.173 2.73633
868.685 -242.205 2.73662
868.835 -242.016 2.7476
868.91 -242.025 2.74884
868.978 -242.055 2.74909
869.046 -242.084 2.74931
869.115 -242.114 2.7495
869.183 -242.143 2.74966
869.252 -242.173 2.74979
869.32 -242.202 2.74989
869.389 -242.232 2.74997
869.458 -242.262 2.75001
869.527 -242.292 2.75003
869.596 -242.321 2.75002
869.665 -242.351 2.74998
869.734 -242.381 2.74991
869.804 -242.411 2.7498
869.815 -242.679 2.73861
869.876 -242.751 2.73651
868.617 -248.475 2.47259
868.535 -249.371 2.433
868.527 -249.987 2.40654
868.519 -250.646 2.3781
868.51 -251.353 2.34757
868.5 -252.113 2.31471
868.564 -252.543 2.297
866.262 -265.949 1.68759
871.507 -237.468 2.98694
871.653 -236.829 3.01646
871.686 -236.837 3.01649
871.72 -236.846 3.01651
871.753 -236.854 3.01652
871.786 -236.862 3.01652
871.819 -236.87 3.0165
871.853 -236.879 3.01647
871.886 -236.887 3.01643
871.92 -236.895 3.01637
871.953 -236.904 3.0163
871.987 -236.912 3.01622
872.02 -236.92 3.01613
872.054 -236.928 3.01602
872.088 -236.937 3.0159
872.122 -236.945 3.01576
872.156 -236.953 3.01562
872.19 -236.962 3.01546
872.224 -236.97 3.01528
872.258 -236.978 3.0151
872.293 -236.987 3.0149
871.111 -281.579 1.04112
871.452 -281.808 1.03241
871.797 -282.061 1.02254
872.144 -282.334 1.01163
872.495 -282.022 1.02644
872.85 -282.846 0.990955
873.142 -278.564 1.18072
873.467 -278.563 1.18135
873.942 -283.799 0.950838
874.318 -284.203 0.933359
874.702 -284.657 0.913561
875.095 -285.176 0.890768
875.422 -284.369 0.926296
875.906 -286.216 0.844605
876.321 -286.721 0.821971
876.745 -287.233 0.798886
877.17 -287.682 0.778384
877.599 -288.087 0.759694
878.032 -288.473 0.741636
878.468 -288.837 0.724427
878.255 -283.393 0.963769
 ] }
 color Color { color [
0.597298 0 0.402702
0.592022 0 0.407978
0.586866 0 0.413134
0.581828 0 0.418172
0.579872 0 0.420128
0.583257 0 0.416743
0.58671 0 0.41329
0.590233 0 0.409767
0.593828 0 0.406172
0.597496 0 0.402504
0.494629 0 0.505371
0.492037 0 0.507963
0.489497 0 0.510503
0.487006 0 0.512994
0.484563 0 0.515437
0.482168 0 0.517832
0.47982 0 0.52018
0.477519 0 0.522481
0.475262 0 0.524738
0.473049 0 0.526951
0.47088 0 0.52912
0.468753 0 0.531247
0.466668 0 0.533332
0.471334 0 0.528666
0.476693 0 0.523307
0.4822 0 0.5178
0.429703 0 0.570297
0.175711 0 0.824289
0.107915 0 0.892085
0.107961 0 0.892039
0.108012 0 0.891988
0.103154 0 0.896846
0.103214 0 0.896786
0.103278 0 0.896722
0.103348 0 0.896652
0.103422 0 0.896578
0.108433 0 0.891567
0.108522 0 0.891478
0.108617 0 0.891383
0.108718 0 0.891282
0.108825 0 0.891175
0.103829 0 0.896171
0.103941 0 0.896059
0.104059 0 0.895941
0.104183 0 0.895817
0.109444 0 0.890556
0.109585 0 0.890415
0.16857 0 0.83143
0.172799 0 0.827201
0.178663 0 0.821337
0.184948 0 0.815052
0.191698 0 0.808302
0.19897 0 0.80103
0.454555 0 0.545445
0.0498542 0 0.950146
0.549656 0 0.450344
0.597224 0 0.402776
0.591949 0 0.408051
0.586795 0 0.413205
0.581758 0 0.418242
0.579843 0 0.420157
0.583228 0 0.416772
0.586681 0 0.413319
0.590204 0 0.409796
0.593798 0 0.406202
0.597466 0 0.402534
0.494541 0 0.505459
0.49195 0 0.50805
0.48941 0 0.51059
0.48692 0 0.51308
0.484478 0 0.515522
0.482084 0 0.517916
0.479737 0 0.520263
0.477435 0 0.522565
0.475179 0 0.524821
0.472967 0 0.527033
0.470799 0 0.529201
0.468672 0 0.531328
0.466588 0 0.533412
0.471304 0 0.528696
0.476664 0 0.523336
0.48217 0 0.51783
0.42965 0 0.57035
0.113922 0 0.886078
0.107495 0 0.892505
0.105782 0 0.894218
0.103067 0 0.896933
0.103111 0 0.896889
0.10316 0 0.89684
0.103215 0 0.896785
0.103275 0 0.896725
0.103339 0 0.896661
0.108008 0 0.891992
0.108097 0 0.891903
0.108192 0 0.891808
0.108292 0 0.891708
0.103685 0 0.896315
0.103781 0 0.896219
0.103882 0 0.896118
0.103989 0 0.896011
0.104101 0 0.895899
0.104219 0 0.895781
0.109152 0 0.890848
0.168523 0 0.831477
0.172787 0 0.827213
0.17865 0 0.82135
0.184934 0 0.815066
0.191685 0 0.808315
0.198956 0 0.801044
0.20681 0 0.79319
0.454379 0 0.545621
0.0498425 0 0.950157
0.549769 0 0.450231
0.591884 0 0.408116
0.58673 0 0.41327
0.581694 0 0.418306
0.579822 0 0.420178
0.583206 0 0.416794
0.586659 0 0.413341
0.590182 0 0.409818
0.593777 0 0.406223
0.597445 0 0.402555
0.494458 0 0.505542
0.491868 0 0.508132
0.489329 0 0.510671
0.486839 0 0.513161
0.484398 0 0.515602
0.482004 0 0.517996
0.479658 0 0.520342
0.477357 0 0.522643
0.475101 0 0.524899
0.47289 0 0.52711
0.470722 0 0.529278
0.468597 0 0.531403
0.466513 0 0.533487
0.471283 0 0.528717
0.476643 0 0.523357
0.482149 0 0.517851
0.429601 0 0.570399
0.113813 0 0.886187
0.105329 0 0.894671
0.105373 0 0.894627
0.103049 0 0.896951
0.103093 0 0.896907
0.103142 0 0.896858
0.103197 0 0.896803
0.103257 0 0.896743
0.103321 0 0.896679
0.103392 0 0.896608
0.105917 0 0.894083
0.106009 0 0.893991
0.106107 0 0.893893
0.103667 0 0.896333
0.103763 0 0.896237
0.103864 0 0.896136
0.103971 0 0.896029
0.104083 0 0.895917
0.104201 0 0.895799
0.106946 0 0.893054
0.168479 0 0.831521
0.172777 0 0.827223
0.178641 0 0.821359
0.184924 0 0.815076
0.191674 0 0.808326
0.198946 0 0.801054
0.206799 0 0.793201
0.454241 0 0.545759
0.0498312 0 0.950169
0.549893 0 0.450107
0.586672 0 0.413328
0.581636 0 0.418364
0.579808 0 0.420192
0.583192 0 0.416808
0.586644 0 0.413356
0.590167 0 0.409833
0.593762 0 0.406238
0.59743 0 0.40257
0.506925 0 0.493075
0.504113 0 0.495887
0.501356 0 0.498644
0.499004 0 0.500996
0.494381 0 0.505619
0.491792 0 0.508208
0.489253 0 0.510747
0.486764 0 0.513237
0.484323 0 0.515677
0.481931 0 0.518069
0.479585 0 0.520415
0.477285 0 0.522715
0.47503 0 0.52497
0.472819 0 0.527181
0.470651 0 0.529349
0.468526 0 0.531474
0.466443 0 0.533557
0.471268 0 0.528732
0.476627 0 0.523373
0.482133 0 0.517867
0.429559 0 0.570441
0.113703 0 0.886297
0.105227 0 0.894773
0.102993 0 0.897007
0.103032 0 0.896968
0.103076 0 0.896924
0.103126 0 0.896874
0.10318 0 0.89682
0.10324 0 0.89676
0.103305 0 0.896695
0.103375 0 0.896625
0.105729 0 0.894271
0.105812 0 0.894188
0.103559 0 0.896441
0.10365 0 0.89635
0.103746 0 0.896254
0.103847 0 0.896153
0.103954 0 0.896046
0.104066 0 0.895934
0.104183 0 0.895817
0.104306 0 0.895694
0.106794 0 0.893206
0.172771 0 0.827229
0.178634 0 0.821366
0.184918 0 0.815082
0.191668 0 0.808332
0.198938 0 0.801062
0.206791 0 0.793209
0.454135 0 0.545865
0.0498207 0 0.950179
0.550029 0 0.449971
0.581585 0 0.418415
0.579801 0 0.420199
0.583185 0 0.416815
0.586638 0 0.413362
0.590161 0 0.409839
0.593756 0 0.406244
0.597424 0 0.402576
0.506851 0 0.493149
0.504039 0 0.495961
0.501283 0 0.498717
0.498995 0 0.501005
0.49431 0 0.50569
0.491721 0 0.508279
0.489183 0 0.510817
0.486694 0 0.513306
0.484255 0 0.515745
0.481862 0 0.518138
0.479517 0 0.520483
0.477218 0 0.522782
0.474963 0 0.525037
0.472753 0 0.527247
0.470585 0 0.529415
0.468461 0 0.531539
0.466378 0 0.533622
0.47126 0 0.52874
0.476618 0 0.523382
0.482124 0 0.517876
0.429521 0 0.570479
0.113597 0 0.886403
0.105212 0 0.894788
0.102977 0 0.897023
0.103017 0 0.896984
0.103061 0 0.896939
0.10311 0 0.89689
0.103165 0 0.896835
0.103225 0 0.896775
0.103289 0 0.896711
0.103359 0 0.896641
0.103728 0 0.896272
0.105796 0 0.894204
0.103544 0 0.896456
0.103634 0 0.896366
0.10373 0 0.89627
0.103832 0 0.896168
0.103938 0 0.896062
0.10405 0 0.89595
0.104168 0 0.895832
0.10429 0 0.89571
0.106778 0 0.893222
0.172768 0 0.827232
0.178631 0 0.821369
0.184914 0 0.815086
0.191663 0 0.808337
0.198934 0 0.801066
0.206788 0 0.793212
0.539828 0 0.460172
0.454056 0 0.545944
0.0498108 0 0.950189
0.550175 0 0.449825
0.579801 0 0.420199
0.583186 0 0.416814
0.586639 0 0.413361
0.590161 0 0.409839
0.593756 0 0.406244
0.597425 0 0.402575
0.506783 0 0.493217
0.503972 0 0.496028
0.501216 0 0.498784
0.498991 0 0.501009
0.494245 0 0.505755
0.491657 0 0.508343
0.489119 0 0.510881
0.486631 0 0.513369
0.484192 0 0.515808
0.4818 0 0.5182
0.479455 0 0.520545
0.477157 0 0.522843
0.474902 0 0.525098
0.472692 0 0.527308
0.470526 0 0.529474
0.468402 0 0.531598
0.466319 0 0.533681
0.471257 0 0.528743
0.476616 0 0.523384
0.482122 0 0.517878
0.429488 0 0.570512
0.113486 0 0.886514
0.105197 0 0.894803
0.102963 0 0.897036
0.103003 0 0.896997
0.103047 0 0.896953
0.103096 0 0.896904
0.103151 0 0.896849
0.10321 0 0.89679
0.103275 0 0.896725
0.103345 0 0.896655
0.103716 0 0.896284
0.104351 0 0.895649
0.103529 0 0.896471
0.10362 0 0.89638
0.103716 0 0.896284
0.103817 0 0.896183
0.103924 0 0.896076
0.104036 0 0.895964
0.104153 0 0.895847
0.104276 0 0.895724
0.104867 0 0.895133
0.172767 0 0.827233
0.17863 0 0.82137
0.184913 0 0.815087
0.191664 0 0.808336
0.198934 0 0.801066
0.206787 0 0.793213
0.539547 0 0.460453
0.454005 0 0.545995
0.50693 0 0.49307
0.0498018 0 0.950198
0.550332 0 0.449668
0.58748 0 0.41252
0.583194 0 0.416806
0.586647 0 0.413353
0.590171 0 0.409829
0.593765 0 0.406235
0.597434 0 0.402566
0.506721 0 0.493279
0.50391 0 0.49609
0.501155 0 0.498845
0.498994 0 0.501006
0.494185 0 0.505815
0.491598 0 0.508402
0.489061 0 0.510939
0.486573 0 0.513427
0.484135 0 0.515865
0.481744 0 0.518256
0.479399 0 0.520601
0.477101 0 0.522899
0.474848 0 0.525152
0.472638 0 0.527362
0.470472 0 0.529528
0.468348 0 0.531652
0.466266 0 0.533733
0.471259 0 0.528741
0.476619 0 0.523381
0.482124 0 0.517876
0.429461 0 0.570539
0.113378 0 0.886622
0.105184 0 0.894816
0.10295 0 0.89705
0.10299 0 0.89701
0.103034 0 0.896966
0.103083 0 0.896917
0.103138 0 0.896862
0.103197 0 0.896803
0.103262 0 0.896738
0.103332 0 0.896668
0.103706 0 0.896294
0.104318 0 0.895682
0.103516 0 0.896484
0.103607 0 0.896393
0.103703 0 0.896297
0.103804 0 0.896196
0.103911 0 0.896089
0.104023 0 0.895977
0.10414 0 0.89586
0.104263 0 0.895737
0.104855 0 0.895145
0.172767 0 0.827233
0.17863 0 0.82137
0.184914 0 0.815086
0.191663 0 0.808337
0.198935 0 0.801065
0.206788 0 0.793212
0.539349 0 0.460651
0.45398 0 0.54602
0.506536 0 0.493464
0.0497931 0 0.950207
0.550498 0 0.449502
0.587398 0 0.412602
0.499124 0 0.500876
0.586662 0 0.413338
0.590185 0 0.409815
0.59378 0 0.40622
0.597448 0 0.402552
0.506665 0 0.493335
0.503855 0 0.496145
0.501101 0 0.498899
0.499002 0 0.500998
0.494132 0 0.505868
0.491545 0 0.508455
0.489009 0 0.510991
0.486522 0 0.513478
0.484083 0 0.515917
0.481693 0 0.518307
0.47935 0 0.52065
0.477052 0 0.522948
0.474798 0 0.525202
0.472589 0 0.527411
0.470424 0 0.529576
0.4683 0 0.5317
0.466219 0 0.533781
0.471268 0 0.528732
0.476628 0 0.523372
0.482133 0 0.517867
0.429439 0 0.570561
0.113268 0 0.886732
0.105172 0 0.894828
0.102939 0 0.897061
0.102978 0 0.897022
0.102771 0 0.897229
0.102828 0 0.897172
0.102891 0 0.897109
0.102958 0 0.897042
0.103251 0 0.896749
0.103321 0 0.896679
0.103697 0 0.896303
0.104284 0 0.895716
0.103505 0 0.896495
0.103595 0 0.896405
0.103425 0 0.896575
0.103534 0 0.896466
0.103649 0 0.896351
0.103768 0 0.896232
0.104128 0 0.895872
0.104251 0 0.895749
0.104846 0 0.895154
0.172772 0 0.827228
0.178635 0 0.821365
0.184919 0 0.815081
0.19167 0 0.80833
0.19894 0 0.80106
0.206795 0 0.793205
0.539194 0 0.460806
0.453982 0 0.546018
0.506208 0 0.493792
0.0497851 0 0.950215
0.550675 0 0.449325
0.587322 0 0.412678
0.499099 0 0.500901
0.56814 0 0.43186
0.590209 0 0.409791
0.593804 0 0.406196
0.597474 0 0.402526
0.509479 0 0.490521
0.506614 0 0.493386
0.503805 0 0.496195
0.501051 0 0.498949
0.499019 0 0.500981
0.494084 0 0.505916
0.491497 0 0.508503
0.488961 0 0.511039
0.486475 0 0.513525
0.484037 0 0.515962
0.481647 0 0.518353
0.479304 0 0.520696
0.477007 0 0.522993
0.474754 0 0.525246
0.472545 0 0.527455
0.47038 0 0.52962
0.468258 0 0.531742
0.466177 0 0.533823
0.471285 0 0.528715
0.476645 0 0.523355
0.482152 0 0.517848
0.429421 0 0.570579
0.112094 0 0.887906
0.105162 0 0.894838
0.102929 0 0.897071
0.102968 0 0.897032
0.102493 0 0.897507
0.102478 0 0.897522
0.102532 0 0.897468
0.102591 0 0.897409
0.10324 0 0.89676
0.10331 0 0.89669
0.10369 0 0.89631
0.104252 0 0.895748
0.103494 0 0.896506
0.103585 0 0.896415
0.103158 0 0.896842
0.103196 0 0.896804
0.103302 0 0.896698
0.103413 0 0.896587
0.104118 0 0.895882
0.10424 0 0.89576
0.104837 0 0.895163
0.172778 0 0.827222
0.178642 0 0.821358
0.184926 0 0.815074
0.191677 0 0.808323
0.198949 0 0.801051
0.206803 0 0.793197
0.53907 0 0.46093
0.454015 0 0.545985
0.505914 0 0.494086
0.0497778 0 0.950222
0.550862 0 0.449138
0.587254 0 0.412746
0.499081 0 0.500919
0.568191 0 0.431809
0.465199 0 0.534801
0.593835 0 0.406165
0.597505 0 0.402495
0.509435 0 0.490565
0.506569 0 0.493431
0.503761 0 0.496239
0.501008 0 0.498992
0.49904 0 0.50096
0.494042 0 0.505958
0.491456 0 0.508544
0.488921 0 0.511079
0.486435 0 0.513565
0.483997 0 0.516003
0.481608 0 0.518392
0.479265 0 0.520735
0.476968 0 0.523032
0.474716 0 0.525284
0.472508 0 0.527492
0.470343 0 0.529657
0.468221 0 0.531779
0.46614 0 0.53386
0.471307 0 0.528693
0.476666 0 0.523334
0.482173 0 0.517827
0.429409 0 0.570591
0.111983 0 0.888017
0.105153 0 0.894847
0.10292 0 0.89708
0.102959 0 0.897041
0.102481 0 0.897519
0.102469 0 0.897531
0.102523 0 0.897477
0.102582 0 0.897418
0.103231 0 0.896769
0.103301 0 0.896699
0.103684 0 0.896316
0.10422 0 0.89578
0.103485 0 0.896515
0.103576 0 0.896424
0.103147 0 0.896853
0.103186 0 0.896814
0.103292 0 0.896708
0.103404 0 0.896596
0.104108 0 0.895892
0.104231 0 0.895769
0.10483 0 0.89517
0.172788 0 0.827212
0.178652 0 0.821348
0.184937 0 0.815063
0.191688 0 0.808312
0.198961 0 0.801039
0.206815 0 0.793185
0.538971 0 0.461029
0.454083 0 0.545917
0.505645 0 0.494355
0.0497715 0 0.950229
0.551059 0 0.448941
0.587193 0 0.412807
0.499069 0 0.500931
0.568251 0 0.431749
0.465185 0 0.534815
0.46512 0 0.53488
0.597543 0 0.402457
0.509396 0 0.490604
0.506531 0 0.493469
0.503723 0 0.496277
0.500971 0 0.499029
0.499069 0 0.500931
0.494006 0 0.505994
0.49142 0 0.50858
0.488885 0 0.511115
0.4864 0 0.5136
0.483963 0 0.516037
0.481574 0 0.518426
0.479231 0 0.520769
0.476935 0 0.523065
0.474683 0 0.525317
0.472476 0 0.527524
0.470311 0 0.529689
0.468189 0 0.531811
0.466117 0 0.533883
0.471335 0 0.528665
0.476695 0 0.523305
0.482202 0 0.517798
0.429402 0 0.570598
0.111871 0 0.888129
0.105145 0 0.894855
0.102912 0 0.897088
0.102951 0 0.897049
0.10247 0 0.89753
0.102461 0 0.897539
0.102515 0 0.897485
0.102575 0 0.897425
0.103223 0 0.896777
0.103293 0 0.896707
0.103679 0 0.896321
0.104189 0 0.895811
0.103477 0 0.896523
0.103568 0 0.896432
0.103137 0 0.896863
0.103179 0 0.896821
0.103285 0 0.896715
0.103396 0 0.896604
0.1041 0 0.8959
0.104223 0 0.895777
0.104824 0 0.895176
0.172799 0 0.827201
0.178664 0 0.821336
0.184949 0 0.815051
0.191701 0 0.808299
0.198975 0 0.801025
0.206831 0 0.793169
0.538892 0 0.461108
0.454199 0 0.545801
0.505397 0 0.494603
0.591675 0 0.408325
0.0497654 0 0.950235
0.551266 0 0.448734
0.587139 0 0.412861
0.499063 0 0.500937
0.568322 0 0.431678
0.465174 0 0.534826
0.465118 0 0.534882
0.594326 0 0.405674
0.597939 0 0.402061
0.509362 0 0.490638
0.506498 0 0.493502
0.503691 0 0.496309
0.500939 0 0.499061
0.499105 0 0.500895
0.493975 0 0.506025
0.49139 0 0.50861
0.488856 0 0.511144
0.48637 0 0.51363
0.483935 0 0.516065
0.481546 0 0.518454
0.479204 0 0.520796
0.476907 0 0.523093
0.474656 0 0.525344
0.472449 0 0.527551
0.470285 0 0.529715
0.468163 0 0.531837
0.466151 0 0.533849
0.47137 0 0.52863
0.476731 0 0.523269
0.482239 0 0.517761
0.4294 0 0.5706
0.111763 0 0.888237
0.105138 0 0.894862
0.102906 0 0.897094
0.102945 0 0.897055
0.102461 0 0.897539
0.102455 0 0.897545
0.102509 0 0.897491
0.102568 0 0.897432
0.103217 0 0.896783
0.103287 0 0.896713
0.103676 0 0.896324
0.104159 0 0.895841
0.103471 0 0.896529
0.103561 0 0.896439
0.103128 0 0.896872
0.103172 0 0.896828
0.103278 0 0.896722
0.103389 0 0.896611
0.104094 0 0.895906
0.104216 0 0.895784
0.10482 0 0.89518
0.172815 0 0.827185
0.178681 0 0.821319
0.184966 0 0.815034
0.19172 0 0.80828
0.198993 0 0.801007
0.206849 0 0.793151
0.538832 0 0.461168
0.454395 0 0.545605
0.505168 0 0.494832
0.591636 0 0.408364
0.0497603 0 0.95024
0.551483 0 0.448517
0.587092 0 0.412908
0.499062 0 0.500938
0.568402 0 0.431598
0.465169 0 0.534831
0.465123 0 0.534877
0.550803 0 0.449197
0.547486 0 0.452514
0.548636 0 0.451364
0.551635 0 0.448365
0.554194 0 0.445806
0.552295 0 0.447705
0.564472 0 0.435528
0.581956 0 0.418044
0.585021 0 0.414979
0.591811 0 0.408189
0.597369 0 0.402631
0.509336 0 0.490664
0.506472 0 0.493528
0.502034 0 0.497966
0.499122 0 0.500878
0.499146 0 0.500854
0.503743 0 0.496257
0.508449 0 0.491551
0.51327 0 0.48673
0.476716 0 0.523284
0.477041 0 0.522959
0.490733 0 0.509266
0.429403 0 0.570597
0.111653 0 0.888347
0.105265 0 0.894735
0.1029 0 0.8971
0.102939 0 0.897061
0.102453 0 0.897547
0.102449 0 0.897551
0.102503 0 0.897497
0.102563 0 0.897437
0.103212 0 0.896788
0.103282 0 0.896719
0.103673 0 0.896327
0.104753 0 0.895247
0.103465 0 0.896535
0.103556 0 0.896444
0.103121 0 0.896879
0.103167 0 0.896833
0.103272 0 0.896728
0.103384 0 0.896616
0.104088 0 0.895912
0.104211 0 0.895789
0.106708 0 0.893292
0.172831 0 0.827169
0.178697 0 0.821303
0.184984 0 0.815016
0.191738 0 0.808262
0.199013 0 0.800987
0.20687 0 0.79313
0.53879 0 0.46121
0.504954 0 0.495046
0.591649 0 0.408351
0.0497557 0 0.950244
0.551709 0 0.448291
0.587052 0 0.412948
0.499068 0 0.500932
0.568491 0 0.431509
0.465171 0 0.534829
0.465132 0 0.534868
0.514195 0 0.485805
0.516025 0 0.483975
0.51502 0 0.48498
0.518528 0 0.481472
0.521032 0 0.478968
0.523261 0 0.476739
0.525231 0 0.474769
0.527692 0 0.472308
0.530039 0 0.469961
0.533773 0 0.466227
0.539186 0 0.460814
0.544456 0 0.455544
0.553122 0 0.446878
0.558695 0 0.441305
0.561585 0 0.438415
0.569112 0 0.430888
0.586713 0 0.413287
0.509315 0 0.490685
0.506452 0 0.493548
0.499768 0 0.500232
0.498212 0 0.501788
0.499194 0 0.500806
0.496498 0 0.503502
0.493901 0 0.506099
0.49236 0 0.50764
0.494599 0 0.505401
0.492122 0 0.507878
0.489694 0 0.510306
0.487313 0 0.512687
0.475754 0 0.524246
0.475993 0 0.524007
0.480445 0 0.519555
0.470534 0 0.529466
0.47272 0 0.52728
0.477931 0 0.522069
0.483282 0 0.516718
0.574768 0 0.425232
0.570949 0 0.429051
0.567207 0 0.432793
0.568188 0 0.431812
0.573112 0 0.426888
0.429412 0 0.570588
0.111546 0 0.888454
0.105627 0 0.894373
0.102896 0 0.897104
0.102935 0 0.897065
0.102446 0 0.897554
0.10246 0 0.89754
0.102507 0 0.897493
0.10256 0 0.89744
0.103208 0 0.896792
0.103277 0 0.896722
0.10607 0 0.89393
0.106146 0 0.893854
0.103461 0 0.896539
0.103552 0 0.896448
0.103114 0 0.896886
0.103207 0 0.896793
0.103307 0 0.896693
0.103413 0 0.896587
0.104084 0 0.895916
0.104207 0 0.895793
0.10708 0 0.89292
0.172849 0 0.827151
0.178717 0 0.821283
0.185004 0 0.814996
0.191759 0 0.808241
0.199035 0 0.800965
0.206893 0 0.793107
0.538764 0 0.461236
0.0495781 0 0.950422
0.0495311 0 0.950469
0.551946 0 0.448054
0.587019 0 0.412981
0.49908 0 0.50092
0.56859 0 0.43141
0.465176 0 0.534824
0.465148 0 0.534852
0.359761 0 0.640239
0.362139 0 0.637861
0.364546 0 0.635454
0.366983 0 0.633017
0.369451 0 0.630549
0.371949 0 0.628051
0.374478 0 0.625522
0.487839 0 0.512161
0.489694 0 0.510306
0.491971 0 0.508029
0.492692 0 0.507308
0.496057 0 0.503943
0.498721 0 0.501279
0.503284 0 0.496716
0.504966 0 0.495034
0.509518 0 0.490482
0.511824 0 0.488176
0.513639 0 0.486361
0.52176 0 0.47824
0.529301 0 0.470699
0.590813 0 0.409187
0.594894 0 0.405106
0.59535 0 0.40465
0.59652 0 0.40348
0.597006 0 0.402994
0.598621 0 0.401379
0.599301 0 0.400699
0.596942 0 0.403058
0.590299 0 0.409701
0.585165 0 0.414835
0.58564 0 0.41436
0.580218 0 0.419782
0.579351 0 0.420649
0.499634 0 0.500366
0.498127 0 0.501873
0.500257 0 0.499743
0.496486 0 0.503514
0.493888 0 0.506112
0.492413 0 0.507587
0.582208 0 0.417792
0.475616 0 0.524384
0.475846 0 0.524154
0.480436 0 0.519564
0.470525 0 0.529475
0.472771 0 0.527229
0.477983 0 0.522017
0.483335 0 0.516665
0.575331 0 0.424669
0.571477 0 0.428523
0.567703 0 0.432297
0.566018 0 0.433982
0.566082 0 0.433918
0.57008 0 0.42992
0.575066 0 0.424934
0.429426 0 0.570574
0.112504 0 0.887496
0.106192 0 0.893808
0.106227 0 0.893773
0.102933 0 0.897067
0.102772 0 0.897228
0.102815 0 0.897185
0.102863 0 0.897137
0.102916 0 0.897084
0.103205 0 0.896795
0.103275 0 0.896725
0.106698 0 0.893302
0.106781 0 0.893219
0.104706 0 0.895294
0.103549 0 0.896451
0.103471 0 0.896529
0.103567 0 0.896433
0.103668 0 0.896332
0.103775 0 0.896225
0.104081 0 0.895919
0.104204 0 0.895796
0.107771 0 0.892229
0.17287 0 0.82713
0.178739 0 0.821261
0.185026 0 0.814974
0.191782 0 0.808218
0.199059 0 0.800941
0.206919 0 0.793081
0.215436 0 0.784564
0.538755 0 0.461245
0.0493526 0 0.950647
0.0494009 0 0.950599
0.0494517 0 0.950548
0.0495052 0 0.950495
0.552193 0 0.447807
0.586994 0 0.413006
0.499098 0 0.500902
0.568698 0 0.431302
0.46519 0 0.53481
0.465169 0 0.534831
0.523996 0 0.476004
0.317605 0 0.682395
0.319454 0 0.680546
0.321324 0 0.678676
0.323213 0 0.676787
0.325123 0 0.674877
0.327054 0 0.672946
0.329006 0 0.670994
0.330979 0 0.669021
0.332972 0 0.667028
0.334988 0 0.665012
0.337026 0 0.662974
0.339085 0 0.660915
0.341167 0 0.658833
0.343272 0 0.656728
0.345398 0 0.654602
0.347549 0 0.652451
0.349723 0 0.650277
0.35192 0 0.64808
0.354142 0 0.645858
0.356387 0 0.643613
0.358657 0 0.641343
0.360952 0 0.639048
0.363272 0 0.636728
0.365617 0 0.634383
0.367987 0 0.632013
0.370384 0 0.629616
0.372806 0 0.627194
0.375255 0 0.624745
0.377731 0 0.622269
0.380234 0 0.619766
0.382764 0 0.617236
0.385322 0 0.614678
0.387908 0 0.612092
0.390522 0 0.609478
0.393165 0 0.606835
0.536648 0 0.463352
0.547114 0 0.452886
0.546947 0 0.453053
0.54609 0 0.45391
0.542898 0 0.457102
0.540725 0 0.459275
0.540658 0 0.459342
0.547527 0 0.452473
0.527827 0 0.472173
0.527578 0 0.472422
0.526442 0 0.473558
0.500884 0 0.499116
0.498807 0 0.501193
0.565097 0 0.434903
0.565122 0 0.434878
0.513824 0 0.486176
0.563362 0 0.436638
0.567045 0 0.432955
0.585389 0 0.414611
0.579201 0 0.420799
0.572563 0 0.427437
0.476202 0 0.523798
0.476474 0 0.523525
0.492695 0 0.507305
0.489623 0 0.510377
0.49101 0 0.50899
0.554769 0 0.445231
0.547483 0 0.452517
0.544955 0 0.455045
0.544159 0 0.455841
0.546859 0 0.453141
0.547657 0 0.452343
0.534396 0 0.465604
0.527168 0 0.472832
0.525679 0 0.474321
0.525116 0 0.474884
0.526528 0 0.473472
0.527973 0 0.472027
0.573971 0 0.426029
0.569935 0 0.430065
0.505545 0 0.494455
0.565935 0 0.434065
0.565999 0 0.434001
0.567087 0 0.432913
0.572019 0 0.427981
0.48598 0 0.51402
0.474555 0 0.525445
0.472038 0 0.527961
0.429445 0 0.570555
0.133079 0 0.866921
0.112399 0 0.887601
0.10619 0 0.89381
0.106225 0 0.893775
0.102931 0 0.897069
0.102976 0 0.897024
0.103025 0 0.896975
0.103079 0 0.896921
0.103139 0 0.896861
0.103204 0 0.896796
0.106619 0 0.893381
0.106696 0 0.893304
0.106779 0 0.893221
0.106867 0 0.893133
0.103548 0 0.896452
0.103644 0 0.896356
0.103745 0 0.896255
0.103851 0 0.896149
0.103963 0 0.896037
0.10408 0 0.89592
0.107637 0 0.892363
0.107769 0 0.892231
0.172787 0 0.827213
0.178761 0 0.821239
0.18505 0 0.81495
0.191808 0 0.808192
0.199086 0 0.800914
0.206798 0 0.793202
0.215465 0 0.784535
0.538761 0 0.461239
0.0493121 0 0.950688
0.0493522 0 0.950648
0.0493947 0 0.950605
0.0494395 0 0.950561
0.0494871 0 0.950513
0.55245 0 0.44755
0.586976 0 0.413024
0.499123 0 0.500877
0.568816 0 0.431184
0.465207 0 0.534793
0.465196 0 0.534804
0.523995 0 0.476005
0.284286 0 0.715714
0.285765 0 0.714235
0.287259 0 0.712741
0.288766 0 0.711234
0.290288 0 0.709712
0.291824 0 0.708176
0.293375 0 0.706625
0.29494 0 0.70506
0.29652 0 0.70348
0.298115 0 0.701885
0.299725 0 0.700275
0.30135 0 0.69865
0.30299 0 0.69701
0.304646 0 0.695354
0.306318 0 0.693682
0.308005 0 0.691995
0.309707 0 0.690293
0.311426 0 0.688574
0.313161 0 0.686839
0.314912 0 0.685088
0.316679 0 0.683321
0.318463 0 0.681537
0.320264 0 0.679736
0.322081 0 0.677919
0.323915 0 0.676085
0.325766 0 0.674234
0.327634 0 0.672366
0.32952 0 0.67048
0.331423 0 0.668577
0.333343 0 0.666657
0.335281 0 0.664719
0.337237 0 0.662763
0.339211 0 0.660789
0.341203 0 0.658797
0.343213 0 0.656788
0.345241 0 0.654759
0.347288 0 0.652712
0.349353 0 0.650647
0.351437 0 0.648563
0.35354 0 0.64646
0.355662 0 0.644338
0.357803 0 0.642197
0.359963 0 0.640037
0.362142 0 0.637858
0.364341 0 0.635659
0.36656 0 0.63344
0.368797 0 0.631203
0.49325 0 0.50675
0.495015 0 0.504985
0.494887 0 0.505113
0.496486 0 0.503514
0.494643 0 0.505357
0.494335 0 0.505665
0.502549 0 0.497451
0.50356 0 0.49644
0.478212 0 0.521788
0.4791 0 0.5209
0.503642 0 0.496358
0.49108 0 0.50892
0.500288 0 0.499712
0.505346 0 0.494654
0.540959 0 0.459041
0.53972 0 0.46028
0.538565 0 0.461435
0.534428 0 0.465572
0.528974 0 0.471026
0.526415 0 0.473585
0.523958 0 0.476042
0.521326 0 0.478674
0.517442 0 0.482558
0.514806 0 0.485194
0.512403 0 0.487597
0.512565 0 0.487435
0.503212 0 0.496788
0.499401 0 0.500599
0.495312 0 0.504688
0.492886 0 0.507114
0.490761 0 0.509239
0.488619 0 0.511381
0.485778 0 0.514222
0.48343 0 0.51657
0.475177 0 0.524823
0.472042 0 0.527958
0.468844 0 0.531156
0.465374 0 0.534626
0.42947 0 0.57053
0.132614 0 0.867386
0.112302 0 0.887698
0.10619 0 0.89381
0.105916 0 0.894084
0.105963 0 0.894037
0.102998 0 0.897002
0.103041 0 0.896959
0.103089 0 0.896911
0.103143 0 0.896857
0.103203 0 0.896797
0.106352 0 0.893648
0.106435 0 0.893565
0.106523 0 0.893477
0.106616 0 0.893384
0.104675 0 0.895325
0.103701 0 0.896299
0.103798 0 0.896202
0.1039 0 0.8961
0.104008 0 0.895992
0.104121 0 0.895879
0.107415 0 0.892585
0.107769 0 0.892231
0.172917 0 0.827083
0.178672 0 0.821328
0.184667 0 0.815333
0.191426 0 0.808574
0.199115 0 0.800885
0.206979 0 0.793021
0.215498 0 0.784502
0.418099 0 0.581901
0.488037 0 0.511963
0.490217 0 0.509783
0.492453 0 0.507547
0.494736 0 0.505264
0.497107 0 0.502893
0.0493064 0 0.950694
0.0493465 0 0.950653
0.049389 0 0.950611
0.0494339 0 0.950566
0.0494815 0 0.950518
0.552717 0 0.447283
0.586965 0 0.413035
0.499154 0 0.500846
0.568944 0 0.431056
0.465232 0 0.534768
0.465228 0 0.534772
0.524 0 0.476
0.25729 0 0.74271
0.2585 0 0.7415
0.25972 0 0.74028
0.26095 0 0.73905
0.26219 0 0.73781
0.26344 0 0.73656
0.264701 0 0.735299
0.265973 0 0.734027
0.267255 0 0.732745
0.268548 0 0.731452
0.269852 0 0.730148
0.271166 0 0.728834
0.272491 0 0.727509
0.273827 0 0.726173
0.275175 0 0.724825
0.276532 0 0.723468
0.277902 0 0.722098
0.279282 0 0.720718
0.280673 0 0.719327
0.282076 0 0.717924
0.28349 0 0.71651
0.284916 0 0.715084
0.286353 0 0.713647
0.287802 0 0.712198
0.289262 0 0.710738
0.290733 0 0.709267
0.292217 0 0.707783
0.293712 0 0.706288
0.295219 0 0.704781
0.296738 0 0.703262
0.298269 0 0.701731
0.299811 0 0.700189
0.301366 0 0.698634
0.302933 0 0.697067
0.304512 0 0.695488
0.306103 0 0.693897
0.307706 0 0.692294
0.309322 0 0.690678
0.310949 0 0.689051
0.31259 0 0.68741
0.314242 0 0.685758
0.315907 0 0.684093
0.317584 0 0.682416
0.319273 0 0.680727
0.320975 0 0.679025
0.32269 0 0.67731
0.324417 0 0.675583
0.326156 0 0.673844
0.327908 0 0.672092
0.329673 0 0.670327
0.33145 0 0.66855
0.33324 0 0.66676
0.335042 0 0.664958
0.336901 0 0.663099
0.341329 0 0.658671
0.345891 0 0.654109
0.350595 0 0.649405
0.462859 0 0.537141
0.465309 0 0.534691
0.465233 0 0.534767
0.465559 0 0.534441
0.465452 0 0.534548
0.478726 0 0.521274
0.479261 0 0.520739
0.481416 0 0.518584
0.481821 0 0.518179
0.482847 0 0.517153
0.483969 0 0.516031
0.484712 0 0.515288
0.510191 0 0.489809
0.505314 0 0.494686
0.501454 0 0.498546
0.49615 0 0.50385
0.491537 0 0.508463
0.488534 0 0.511466
0.484821 0 0.515179
0.481732 0 0.518268
0.479085 0 0.520915
0.4758 0 0.5242
0.47252 0 0.52748
0.469629 0 0.530371
0.466018 0 0.533982
0.461192 0 0.538808
0.457894 0 0.542106
0.4295 0 0.5705
0.132511 0 0.867489
0.112199 0 0.887801
0.105712 0 0.894288
0.105747 0 0.894253
0.105787 0 0.894213
0.103362 0 0.896638
0.103405 0 0.896595
0.103454 0 0.896546
0.103508 0 0.896492
0.106067 0 0.893933
0.106138 0 0.893862
0.106216 0 0.893784
0.106298 0 0.893702
0.106386 0 0.893614
0.106479 0 0.893521
0.104071 0 0.895929
0.104168 0 0.895832
0.104271 0 0.895729
0.104379 0 0.895621
0.107026 0 0.892974
0.107152 0 0.892848
0.107409 0 0.892591
0.172945 0 0.827055
0.178815 0 0.821185
0.185108 0 0.814892
0.191866 0 0.808134
0.199147 0 0.800853
0.207012 0 0.792988
0.215533 0 0.784467
0.480832 0 0.519168
0.48252 0 0.51748
0.484664 0 0.515336
0.486831 0 0.513169
0.489057 0 0.510943
0.491325 0 0.508675
0.493634 0 0.506366
0.495972 0 0.504028
0.498363 0 0.501637
0.0493015 0 0.950698
0.0493415 0 0.950659
0.0493839 0 0.950616
0.0494288 0 0.950571
0.0494765 0 0.950523
0.552995 0 0.447005
0.586961 0 0.413039
0.49919 0 0.50081
0.569082 0 0.430918
0.465261 0 0.534739
0.465267 0 0.534733
0.524014 0 0.475986
0.234974 0 0.765026
0.235981 0 0.764019
0.236996 0 0.763004
0.238018 0 0.761982
0.239048 0 0.760952
0.240086 0 0.759914
0.241131 0 0.758869
0.242184 0 0.757816
0.243244 0 0.756755
0.244313 0 0.755687
0.24539 0 0.75461
0.246474 0 0.753526
0.247567 0 0.752433
0.248667 0 0.751333
0.249775 0 0.750225
0.250891 0 0.749109
0.252015 0 0.747985
0.253147 0 0.746853
0.254288 0 0.745713
0.255436 0 0.744564
0.256593 0 0.743407
0.257757 0 0.742243
0.25893 0 0.74107
0.260111 0 0.739889
0.2613 0 0.7387
0.262497 0 0.737503
0.263703 0 0.736297
0.264917 0 0.735083
0.266139 0 0.733861
0.26737 0 0.73263
0.268608 0 0.731392
0.269855 0 0.730145
0.271111 0 0.728889
0.272531 0 0.727469
0.275187 0 0.724813
0.27791 0 0.72209
0.280702 0 0.719298
0.283564 0 0.716436
0.286499 0 0.713501
0.289509 0 0.710491
0.292599 0 0.707401
0.295769 0 0.704231
0.299023 0 0.700976
0.302366 0 0.697634
0.305524 0 0.694476
0.307248 0 0.692752
0.308783 0 0.691217
0.310127 0 0.689873
0.31123 0 0.68877
0.312839 0 0.687161
0.315713 0 0.684287
0.318216 0 0.681784
0.319449 0 0.680551
0.321393 0 0.678607
0.324075 0 0.675925
0.326905 0 0.673095
0.331533 0 0.668467
0.336189 0 0.663811
0.338038 0 0.661963
0.341213 0 0.658787
0.344539 0 0.655461
0.355175 0 0.644825
0.360935 0 0.639065
0.389572 0 0.610428
0.392421 0 0.607579
0.394383 0 0.605617
0.395302 0 0.604698
0.402187 0 0.597813
0.401598 0 0.598402
0.403354 0 0.596646
0.442833 0 0.557167
0.444832 0 0.555168
0.445726 0 0.554274
0.446094 0 0.553906
0.446118 0 0.553882
0.445537 0 0.554463
0.443223 0 0.556777
0.441167 0 0.558833
0.424206 0 0.575794
0.426166 0 0.573834
0.418077 0 0.581923
0.418118 0 0.581882
0.420269 0 0.579731
0.421037 0 0.578963
0.132509 0 0.867491
0.118362 0 0.881638
0.106194 0 0.893806
0.105749 0 0.894251
0.10579 0 0.89421
0.105835 0 0.894165
0.105886 0 0.894114
0.105942 0 0.894058
0.106003 0 0.893997
0.106069 0 0.893931
0.106141 0 0.893859
0.106218 0 0.893782
0.1063 0 0.8937
0.106388 0 0.893612
0.106481 0 0.893519
0.10658 0 0.89342
0.106684 0 0.893316
0.106793 0 0.893207
0.106908 0 0.893092
0.107028 0 0.892972
0.107154 0 0.892846
0.168045 0 0.831955
0.172973 0 0.827027
0.178845 0 0.821155
0.185139 0 0.814861
0.191899 0 0.808101
0.199181 0 0.800819
0.207048 0 0.792952
0.421665 0 0.578335
0.476069 0 0.523931
0.477448 0 0.522552
0.479224 0 0.520776
0.48136 0 0.51864
0.48353 0 0.51647
0.485733 0 0.514267
0.48799 0 0.51201
0.490288 0 0.509712
0.492614 0 0.507386
0.0492973 0 0.950703
0.0493372 0 0.950663
0.0493795 0 0.95062
0.0494246 0 0.950575
0.0494721 0 0.950528
0.506047 0 0.493953
0.508329 0 0.491671
0.511243 0 0.488757
0.515517 0 0.484483
0.52046 0 0.47954
0.586964 0 0.413036
0.499234 0 0.500766
0.569229 0 0.430771
0.465296 0 0.534704
0.46531 0 0.53469
0.524034 0 0.475966
0.216211 0 0.783789
0.217062 0 0.782938
0.217919 0 0.782081
0.218782 0 0.781218
0.21965 0 0.78035
0.220524 0 0.779476
0.221405 0 0.778595
0.222657 0 0.777342
0.224176 0 0.775824
0.225727 0 0.774273
0.227311 0 0.772689
0.228928 0 0.771072
0.23058 0 0.76942
0.232268 0 0.767733
0.233991 0 0.766009
0.235752 0 0.764248
0.237552 0 0.762448
0.239391 0 0.760609
0.241215 0 0.758785
0.242266 0 0.757734
0.24341 0 0.75659
0.244965 0 0.755035
0.245917 0 0.754083
0.246456 0 0.753544
0.247341 0 0.752659
0.248383 0 0.751617
0.249745 0 0.750255
0.251404 0 0.748596
0.253147 0 0.746853
0.255335 0 0.744665
0.25665 0 0.74335
0.257488 0 0.742512
0.258367 0 0.741633
0.259151 0 0.740849
0.25984 0 0.74016
0.260562 0 0.739438
0.261205 0 0.738796
0.262162 0 0.737838
0.263185 0 0.736815
0.263806 0 0.736194
0.264361 0 0.735639
0.266034 0 0.733966
0.267451 0 0.732549
0.268446 0 0.731554
0.269715 0 0.730285
0.271219 0 0.728781
0.273463 0 0.726537
0.277893 0 0.722107
0.280002 0 0.719998
0.281651 0 0.718349
0.283468 0 0.716532
0.28563 0 0.71437
0.28801 0 0.71199
0.290421 0 0.709579
0.292867 0 0.707133
0.295344 0 0.704656
0.29777 0 0.70223
0.299184 0 0.700816
0.300154 0 0.699846
0.301077 0 0.698923
0.303078 0 0.696922
0.305718 0 0.694282
0.308063 0 0.691937
0.310293 0 0.689707
0.312626 0 0.687374
0.313716 0 0.686284
0.314562 0 0.685438
0.314952 0 0.685048
0.314924 0 0.685076
0.325914 0 0.674086
0.333137 0 0.666863
0.340658 0 0.659342
0.347456 0 0.652544
0.355607 0 0.644393
0.362803 0 0.637197
0.369699 0 0.630301
0.373588 0 0.626412
0.373502 0 0.626498
0.373433 0 0.626567
0.373546 0 0.626454
0.375003 0 0.624997
0.375674 0 0.624326
0.375545 0 0.624455
0.132509 0 0.867491
0.120117 0 0.879883
0.106413 0 0.893587
0.105753 0 0.894247
0.105793 0 0.894207
0.105839 0 0.894161
0.105889 0 0.894111
0.105945 0 0.894055
0.106006 0 0.893994
0.106073 0 0.893927
0.106145 0 0.893855
0.106222 0 0.893778
0.106304 0 0.893696
0.106392 0 0.893608
0.106485 0 0.893515
0.106583 0 0.893417
0.106687 0 0.893313
0.106797 0 0.893203
0.106912 0 0.893088
0.107032 0 0.892968
0.107158 0 0.892842
0.168187 0 0.831813
0.175047 0 0.824953
0.18059 0 0.81941
0.186507 0 0.813493
0.192835 0 0.807166
0.199619 0 0.800381
0.207085 0 0.792915
0.469875 0 0.530125
0.47134 0 0.52866
0.472743 0 0.527257
0.0510131 0 0.948987
0.0489603 0 0.95104
0.0489934 0 0.951007
0.0490288 0 0.950971
0.0490664 0 0.950934
0.0491066 0 0.950893
0.0491492 0 0.950851
0.0491941 0 0.950806
0.0492414 0 0.950759
0.049291 0 0.950709
0.0493432 0 0.950657
0.0493978 0 0.950602
0.499769 0 0.500231
0.501749 0 0.498251
0.503975 0 0.496025
0.506297 0 0.493703
0.508682 0 0.491318
0.511591 0 0.488409
0.515632 0 0.484368
0.520528 0 0.479472
0.525683 0 0.474317
0.530907 0 0.469093
0.586975 0 0.413025
0.499284 0 0.500716
0.569387 0 0.430613
0.465337 0 0.534663
0.46536 0 0.53464
0.524061 0 0.475939
0.210857 0 0.789143
0.211108 0 0.788892
0.211359 0 0.788641
0.211612 0 0.788388
0.211824 0 0.788176
0.212021 0 0.787979
0.21224 0 0.78776
0.212491 0 0.787509
0.212772 0 0.787228
0.213221 0 0.786779
0.213672 0 0.786328
0.215077 0 0.784922
0.216954 0 0.783046
0.218256 0 0.781744
0.219703 0 0.780297
0.223271 0 0.776729
0.224518 0 0.775482
0.226501 0 0.773499
0.229637 0 0.770363
0.230123 0 0.769877
0.231972 0 0.768028
0.232875 0 0.767125
0.233325 0 0.766675
0.233608 0 0.766392
0.234004 0 0.765996
0.234532 0 0.765468
0.235179 0 0.764821
0.236506 0 0.763494
0.238069 0 0.761931
0.239005 0 0.760995
0.239842 0 0.760158
0.240429 0 0.759571
0.24133 0 0.75867
0.242256 0 0.757744
0.243019 0 0.756981
0.243912 0 0.756088
0.245045 0 0.754955
0.245966 0 0.754034
0.246656 0 0.753344
0.247188 0 0.752812
0.247675 0 0.752325
0.248554 0 0.751446
0.249454 0 0.750546
0.250281 0 0.749719
0.251227 0 0.748773
0.251926 0 0.748074
0.25348 0 0.74652
0.254511 0 0.745489
0.254917 0 0.745083
0.255811 0 0.744189
0.257295 0 0.742705
0.26039 0 0.73961
0.261896 0 0.738104
0.263252 0 0.736748
0.264641 0 0.735359
0.265972 0 0.734028
0.267089 0 0.732911
0.267592 0 0.732408
0.267984 0 0.732016
0.269456 0 0.730544
0.273092 0 0.726908
0.275281 0 0.724719
0.277416 0 0.722584
0.279615 0 0.720385
0.281851 0 0.718149
0.2842 0 0.7158
0.286716 0 0.713284
0.289123 0 0.710877
0.291696 0 0.708304
0.294225 0 0.705775
0.296804 0 0.703196
0.299393 0 0.700607
0.302044 0 0.697956
0.304187 0 0.695813
0.306156 0 0.693844
0.307918 0 0.692082
0.309855 0 0.690145
0.313957 0 0.686043
0.317551 0 0.682449
0.321242 0 0.678758
0.325322 0 0.674678
0.327871 0 0.672129
0.132511 0 0.867489
0.131888 0 0.868112
0.110658 0 0.889342
0.106312 0 0.893688
0.105798 0 0.894202
0.105844 0 0.894156
0.105894 0 0.894106
0.10595 0 0.89405
0.106011 0 0.893989
0.106078 0 0.893922
0.10615 0 0.89385
0.106227 0 0.893773
0.106309 0 0.893691
0.106397 0 0.893603
0.10649 0 0.89351
0.106588 0 0.893412
0.106692 0 0.893308
0.106802 0 0.893198
0.106917 0 0.893083
0.107037 0 0.892963
0.168168 0 0.831832
0.16819 0 0.83181
0.177574 0 0.822426
0.183597 0 0.816403
0.189755 0 0.810245
0.196308 0 0.803692
0.203341 0 0.796659
0.210583 0 0.789417
0.463718 0 0.536282
0.424038 0 0.575962
0.0554255 0 0.944574
0.0487507 0 0.951249
0.0487812 0 0.951219
0.048814 0 0.951186
0.048849 0 0.951151
0.0488867 0 0.951113
0.0489265 0 0.951074
0.0489686 0 0.951031
0.0490131 0 0.950987
0.0490601 0 0.95094
0.0491095 0 0.95089
0.0491613 0 0.950839
0.0492155 0 0.950785
0.0492721 0 0.950728
0.0493312 0 0.950669
0.0493927 0 0.950607
0.0494568 0 0.950543
0.0495233 0 0.950477
0.50436 0 0.49564
0.506784 0 0.493216
0.509323 0 0.490677
0.512193 0 0.487807
0.516149 0 0.483851
0.520752 0 0.479248
0.49934 0 0.50066
0.531227 0 0.468773
0.465385 0 0.534615
0.465414 0 0.534586
0.547874 0 0.452126
0.524096 0 0.475904
0.194688 0 0.805312
0.194653 0 0.805347
0.194891 0 0.805109
0.195123 0 0.804877
0.197803 0 0.802197
0.198939 0 0.801061
0.199957 0 0.800043
0.200595 0 0.799405
0.201223 0 0.798777
0.201463 0 0.798537
0.201747 0 0.798253
0.2028 0 0.7972
0.20411 0 0.79589
0.205366 0 0.794634
0.206206 0 0.793794
0.206959 0 0.793041
0.207798 0 0.792202
0.208679 0 0.791321
0.209375 0 0.790625
0.210048 0 0.789952
0.210502 0 0.789498
0.210814 0 0.789186
0.211018 0 0.788982
0.211774 0 0.788226
0.212537 0 0.787463
0.213548 0 0.786452
0.214535 0 0.785465
0.215521 0 0.784479
0.216485 0 0.783515
0.217441 0 0.782559
0.218561 0 0.781439
0.219902 0 0.780098
0.220883 0 0.779117
0.22188 0 0.77812
0.222912 0 0.777088
0.225616 0 0.774384
0.226412 0 0.773588
0.226862 0 0.773138
0.228665 0 0.771335
0.229394 0 0.770606
0.229838 0 0.770162
0.23065 0 0.76935
0.231494 0 0.768506
0.232541 0 0.767459
0.233697 0 0.766303
0.234289 0 0.765711
0.234707 0 0.765293
0.235632 0 0.764368
0.236844 0 0.763156
0.237781 0 0.762219
0.239026 0 0.760974
0.240871 0 0.759129
0.24287 0 0.75713
0.244296 0 0.755704
0.245658 0 0.754342
0.246908 0 0.753092
0.248426 0 0.751574
0.250006 0 0.749994
0.251566 0 0.748434
0.252869 0 0.747131
0.254397 0 0.745603
0.255751 0 0.744249
0.256692 0 0.743308
0.257561 0 0.742439
0.258385 0 0.741615
0.259145 0 0.740855
0.259897 0 0.740103
0.26175 0 0.73825
0.263875 0 0.736125
0.265977 0 0.734023
0.26809 0 0.73191
0.270214 0 0.729786
0.272311 0 0.727689
0.274435 0 0.725565
0.276584 0 0.723416
0.278759 0 0.721241
0.28096 0 0.71904
0.283186 0 0.716814
0.285442 0 0.714558
0.287724 0 0.712276
0.290032 0 0.709968
0.132515 0 0.867485
0.131896 0 0.868104
0.108802 0 0.891198
0.108849 0 0.891151
0.105805 0 0.894195
0.10585 0 0.89415
0.105901 0 0.894099
0.105956 0 0.894044
0.106018 0 0.893982
0.106084 0 0.893916
0.106156 0 0.893844
0.106233 0 0.893767
0.106315 0 0.893685
0.106403 0 0.893597
0.106496 0 0.893504
0.106595 0 0.893405
0.106699 0 0.893301
0.106808 0 0.893192
0.106923 0 0.893077
0.107043 0 0.892957
0.168752 0 0.831248
0.16847 0 0.83153
0.177608 0 0.822392
0.183633 0 0.816367
0.190104 0 0.809896
0.197051 0 0.802949
0.204526 0 0.795474
0.209637 0 0.790363
0.350588 0 0.649412
0.350416 0 0.649584
0.0505971 0 0.949403
0.0485739 0 0.951426
0.0486041 0 0.951396
0.0486366 0 0.951363
0.0486715 0 0.951329
0.0487087 0 0.951291
0.048748 0 0.951252
0.0487899 0 0.95121
0.0488342 0 0.951166
0.0488808 0 0.951119
0.0489299 0 0.95107
0.0489812 0 0.951019
0.0490351 0 0.950965
0.0490911 0 0.950909
0.04915 0 0.95085
0.0492109 0 0.950789
0.0492745 0 0.950725
0.0493404 0 0.95066
0.049409 0 0.950591
0.500145 0 0.499855
0.502539 0 0.497461
0.504983 0 0.495017
0.507452 0 0.492548
0.509986 0 0.490014
0.499401 0 0.500599
0.51704 0 0.48296
0.465437 0 0.534563
0.465475 0 0.534525
0.531687 0 0.468313
0.537139 0 0.462861
0.542723 0 0.457277
0.548479 0 0.451521
0.524137 0 0.475863
0.560298 0 0.439702
0.565487 0 0.434513
0.569588 0 0.430412
0.573898 0 0.426102
0.557146 0 0.442854
0.582237 0 0.417763
0.586932 0 0.413068
0.185669 0 0.814331
0.186123 0 0.813877
0.186493 0 0.813507
0.186825 0 0.813175
0.187196 0 0.812804
0.187613 0 0.812387
0.188036 0 0.811964
0.188727 0 0.811273
0.189578 0 0.810422
0.190957 0 0.809043
0.192434 0 0.807566
0.193765 0 0.806235
0.194837 0 0.805163
0.19552 0 0.80448
0.196273 0 0.803727
0.197179 0 0.802821
0.197884 0 0.802116
0.19853 0 0.80147
0.199245 0 0.800755
0.199988 0 0.800012
0.200595 0 0.799405
0.201632 0 0.798368
0.202371 0 0.797629
0.203016 0 0.796984
0.203845 0 0.796155
0.204238 0 0.795762
0.20435 0 0.79565
0.204278 0 0.795722
0.204874 0 0.795126
0.205884 0 0.794116
0.206866 0 0.793134
0.208001 0 0.791999
0.209067 0 0.790933
0.209977 0 0.790023
0.210818 0 0.789182
0.211557 0 0.788443
0.212288 0 0.787712
0.213027 0 0.786973
0.213595 0 0.786405
0.213843 0 0.786157
0.21404 0 0.78596
0.213907 0 0.786093
0.214216 0 0.785784
0.214534 0 0.785466
0.21544 0 0.78456
0.216164 0 0.783836
0.216788 0 0.783212
0.217567 0 0.782433
0.218379 0 0.781621
0.219334 0 0.780666
0.222891 0 0.777109
0.22365 0 0.77635
0.22434 0 0.77566
0.224975 0 0.775025
0.225775 0 0.774225
0.226764 0 0.773236
0.229662 0 0.770338
0.231654 0 0.768346
0.233041 0 0.766959
0.234328 0 0.765672
0.235596 0 0.764404
0.236857 0 0.763143
0.238064 0 0.761936
0.239329 0 0.760671
0.240639 0 0.759361
0.24196 0 0.75804
0.242917 0 0.757083
0.24373 0 0.75627
0.245114 0 0.754886
0.247516 0 0.752484
0.2492 0 0.7508
0.250522 0 0.749478
0.251846 0 0.748154
0.253181 0 0.746819
0.254528 0 0.745471
0.25589 0 0.74411
0.257263 0 0.742737
0.25865 0 0.74135
0.260044 0 0.739956
0.261463 0 0.738537
0.13252 0 0.86748
0.131905 0 0.868095
0.108266 0 0.891734
0.108313 0 0.891687
0.106024 0 0.893976
0.105858 0 0.894142
0.105908 0 0.894092
0.105964 0 0.894036
0.106025 0 0.893975
0.106092 0 0.893908
0.106163 0 0.893837
0.106241 0 0.893759
0.106323 0 0.893677
0.106411 0 0.893589
0.106504 0 0.893496
0.106602 0 0.893398
0.106706 0 0.893294
0.106816 0 0.893184
0.10693 0 0.89307
0.109502 0 0.890498
0.110059 0 0.889941
0.168715 0 0.831285
0.177645 0 0.822355
0.183672 0 0.816328
0.190145 0 0.809855
0.197092 0 0.802908
0.204568 0 0.795432
0.208673 0 0.791327
0.344809 0 0.655191
0.0549272 0 0.945073
0.0483709 0 0.951629
0.0483985 0 0.951602
0.0484286 0 0.951571
0.0484609 0 0.951539
0.0484955 0 0.951504
0.0485324 0 0.951468
0.0485717 0 0.951428
0.0486132 0 0.951387
0.0486572 0 0.951343
0.0487033 0 0.951297
0.048752 0 0.951248
0.0488031 0 0.951197
0.0488565 0 0.951144
0.0489122 0 0.951088
0.0489704 0 0.95103
0.0490311 0 0.950969
0.0490941 0 0.950906
0.0491598 0 0.95084
0.0492276 0 0.950772
0.0492983 0 0.950702
0.495815 0 0.504185
0.498026 0 0.501974
0.500494 0 0.499506
0.503197 0 0.496803
0.500064 0 0.499936
0.508326 0 0.491674
0.465495 0 0.534505
0.465542 0 0.534458
0.518054 0 0.481946
0.522222 0 0.477778
0.526912 0 0.473088
0.53228 0 0.46772
0.524386 0 0.475614
0.543136 0 0.456864
0.548457 0 0.451543
0.553877 0 0.446123
0.558705 0 0.441295
0.563116 0 0.436884
0.567378 0 0.432622
0.571441 0 0.428559
0.517043 0 0.482957
 ] }
}
