# Real Time: 1094.9
# Simulation Time: 39.7
# Radar Position: 914.214 -334.257 0.540153
# Radar Quat: 0.00726524 0.000467422 0.56268 0.826642
PointSet {
 coord Coordinate { point [
916.447 -342.312 0.805288
916.44 -342.074 0.797464
916.494 -342.054 0.796734
916.548 -342.034 0.796013
916.602 -342.015 0.795301
916.656 -341.995 0.794598
916.709 -341.975 0.793903
916.763 -341.956 0.793218
916.817 -341.936 0.792541
916.871 -341.916 0.791873
916.924 -341.897 0.791213
917.055 -342.09 0.797434
917.11 -342.069 0.796773
917.165 -342.049 0.796121
917.137 -341.813 0.788472
917.191 -341.793 0.787854
917.244 -341.773 0.787245
917.298 -341.754 0.786643
917.352 -341.734 0.78605
917.405 -341.715 0.785464
917.459 -341.695 0.784887
917.513 -341.675 0.784317
917.567 -341.656 0.783755
917.719 -341.847 0.790057
917.774 -341.827 0.789495
920.455 -347.297 0.967003
920.552 -347.266 0.966169
920.65 -347.234 0.965349
916.494 -338.763 0.690463
932.677 -355.343 1.26362
932.816 -355.203 1.26055
916.446 -342.311 0.775784
916.44 -342.073 0.76877
916.494 -342.053 0.768053
916.547 -342.033 0.767345
916.601 -342.014 0.766644
916.655 -341.994 0.765951
916.709 -341.974 0.765265
916.763 -341.955 0.764586
916.816 -341.935 0.763914
916.87 -341.916 0.76325
916.924 -341.896 0.762593
917.054 -342.089 0.768024
917.11 -342.069 0.767364
917.083 -341.831 0.760499
917.136 -341.812 0.75987
917.19 -341.792 0.759248
917.244 -341.773 0.758633
917.297 -341.753 0.758024
917.351 -341.733 0.757422
917.405 -341.714 0.756827
917.459 -341.694 0.756238
917.512 -341.674 0.755655
917.566 -341.655 0.75508
917.621 -341.636 0.754538
917.773 -341.826 0.759972
920.453 -347.296 0.916179
920.551 -347.264 0.915298
920.648 -347.232 0.914427
916.493 -338.762 0.672519
932.676 -355.343 1.16547
932.814 -355.204 1.16246
944.461 -366.938 1.5144
916.39 -342.11 0.741259
916.439 -342.072 0.740089
916.493 -342.052 0.739386
916.547 -342.033 0.73869
916.601 -342.013 0.738
916.654 -341.993 0.737317
916.708 -341.974 0.736639
916.762 -341.954 0.735967
916.816 -341.934 0.735301
916.869 -341.915 0.73464
916.923 -341.895 0.733986
917.054 -342.088 0.738629
917.109 -342.068 0.737968
917.082 -341.831 0.731913
917.135 -341.811 0.731281
917.189 -341.792 0.730655
917.243 -341.772 0.730034
917.297 -341.752 0.729418
917.35 -341.733 0.728808
917.404 -341.713 0.728202
917.458 -341.693 0.727602
917.512 -341.674 0.727007
917.566 -341.654 0.726417
917.62 -341.635 0.72585
917.773 -341.826 0.730462
920.452 -347.294 0.86538
920.549 -347.263 0.864451
920.647 -347.231 0.86353
916.493 -338.762 0.654587
932.674 -355.344 1.06735
932.813 -355.205 1.06438
944.483 -366.965 1.3593
944.9 -366.954 1.35995
916.39 -342.109 0.712506
916.438 -342.071 0.711418
916.492 -342.051 0.710729
916.546 -342.032 0.710045
916.6 -342.012 0.709367
916.654 -341.993 0.708692
916.708 -341.973 0.708023
916.761 -341.953 0.707358
916.815 -341.934 0.706697
916.869 -341.914 0.706041
916.922 -341.894 0.705389
916.989 -341.91 0.705492
917.108 -342.067 0.708582
917.081 -341.83 0.703337
917.135 -341.81 0.702702
917.189 -341.791 0.702072
917.242 -341.771 0.701445
917.296 -341.752 0.700822
917.35 -341.732 0.700203
917.403 -341.712 0.699588
917.457 -341.693 0.698976
917.511 -341.673 0.698368
917.565 -341.653 0.697764
917.619 -341.634 0.697175
917.772 -341.825 0.700962
920.45 -347.293 0.8146
920.548 -347.261 0.813624
920.645 -347.229 0.812652
916.492 -338.761 0.636664
932.673 -355.345 0.969243
932.812 -355.206 0.966317
944.505 -366.993 1.20397
916.389 -342.108 0.683765
916.438 -342.07 0.682758
916.492 -342.051 0.682084
916.546 -342.031 0.681412
916.599 -342.011 0.680744
916.653 -341.992 0.68008
916.707 -341.972 0.679418
916.761 -341.953 0.67876
916.814 -341.933 0.678105
916.868 -341.913 0.677453
916.922 -341.894 0.676804
916.988 -341.909 0.676775
917.108 -342.066 0.679209
917.081 -341.829 0.674773
917.134 -341.81 0.674135
917.188 -341.79 0.6735
917.241 -341.77 0.672868
917.295 -341.751 0.672238
917.349 -341.731 0.67161
917.403 -341.712 0.670985
917.456 -341.692 0.670362
917.51 -341.672 0.669741
917.564 -341.653 0.669123
917.618 -341.633 0.668512
917.771 -341.824 0.671475
920.449 -347.292 0.763843
920.546 -347.26 0.762818
920.644 -347.228 0.761797
916.491 -338.76 0.618752
932.672 -355.346 0.871149
932.811 -355.207 0.868267
944.527 -367.02 1.04843
916.389 -342.108 0.655035
916.437 -342.07 0.654109
916.491 -342.05 0.653449
916.544 -342.028 0.652758
916.598 -342.008 0.652099
916.652 -341.988 0.651442
916.705 -341.969 0.650786
916.759 -341.949 0.650132
916.814 -341.932 0.649524
916.867 -341.913 0.648876
916.921 -341.893 0.648229
916.988 -341.909 0.648069
917.107 -342.066 0.649846
917.08 -341.828 0.646219
917.134 -341.809 0.645578
917.187 -341.789 0.644939
917.236 -341.757 0.644125
917.289 -341.737 0.643486
917.343 -341.717 0.642849
917.396 -341.697 0.642213
917.45 -341.678 0.641578
917.51 -341.672 0.641125
917.563 -341.652 0.640493
917.617 -341.632 0.639863
917.77 -341.823 0.641998
920.447 -347.29 0.713105
920.545 -347.258 0.712033
920.642 -347.227 0.710962
916.491 -338.759 0.600851
932.671 -355.347 0.773065
932.81 -355.207 0.770228
944.55 -367.048 0.892649
916.388 -342.107 0.626312
916.437 -342.069 0.625469
916.491 -342.049 0.624822
916.535 -341.999 0.62385
916.589 -341.979 0.623205
916.642 -341.959 0.622561
916.696 -341.939 0.621916
916.749 -341.92 0.621273
916.813 -341.931 0.62095
916.867 -341.912 0.620306
916.92 -341.892 0.619662
916.987 -341.908 0.619371
917.106 -342.065 0.620492
917.079 -341.828 0.617673
917.133 -341.808 0.61703
917.186 -341.789 0.616386
917.224 -341.728 0.615345
917.277 -341.709 0.614702
917.33 -341.689 0.61406
917.384 -341.669 0.613417
917.437 -341.65 0.612773
917.509 -341.671 0.612517
917.563 -341.651 0.61187
917.617 -341.631 0.611223
917.77 -341.823 0.61253
920.446 -347.289 0.662383
920.543 -347.257 0.661264
920.641 -347.225 0.660142
916.49 -338.758 0.582958
932.67 -355.347 0.674985
932.808 -355.208 0.672193
944.662 -367.638 0.743129
944.572 -367.075 0.736629
916.387 -342.106 0.597597
916.436 -342.068 0.596836
916.49 -342.048 0.596202
916.53 -341.984 0.595259
916.58 -341.953 0.594551
916.634 -341.933 0.593919
916.687 -341.914 0.593287
916.74 -341.894 0.592654
916.813 -341.931 0.592385
916.866 -341.911 0.591744
916.92 -341.891 0.591103
916.986 -341.907 0.590683
917.106 -342.064 0.591145
917.079 -341.827 0.589135
917.132 -341.807 0.588489
917.186 -341.788 0.587841
917.218 -341.714 0.586866
917.271 -341.694 0.586219
917.324 -341.675 0.58557
917.378 -341.656 0.58492
917.431 -341.636 0.584268
917.508 -341.67 0.583916
917.562 -341.65 0.583256
917.616 -341.631 0.582593
917.769 -341.822 0.58307
920.445 -347.287 0.611677
920.542 -347.256 0.610509
920.639 -347.224 0.609337
916.489 -338.758 0.565072
932.668 -355.348 0.576907
932.807 -355.209 0.574161
944.44 -367.397 0.584859
944.594 -367.102 0.580364
916.387 -342.105 0.568889
916.436 -342.067 0.568209
916.49 -342.048 0.567589
916.53 -341.983 0.566823
916.58 -341.952 0.566167
916.633 -341.932 0.565545
916.686 -341.913 0.564921
916.74 -341.894 0.564295
916.812 -341.93 0.563825
916.866 -341.91 0.563189
916.919 -341.891 0.56255
916.986 -341.906 0.562
917.105 -342.063 0.561805
917.078 -341.826 0.560603
917.132 -341.807 0.559954
917.185 -341.787 0.559301
917.217 -341.713 0.558525
917.27 -341.694 0.557871
917.324 -341.674 0.557214
917.377 -341.655 0.556554
917.43 -341.635 0.555891
917.507 -341.669 0.555322
917.561 -341.65 0.554647
916.735 -339.719 0.550821
917.768 -341.821 0.553616
920.443 -347.286 0.560982
920.541 -347.254 0.559767
920.638 -347.222 0.558545
916.489 -338.757 0.547192
932.667 -355.349 0.478825
932.806 -355.21 0.476123
944.398 -367.354 0.428188
944.617 -367.13 0.423842
916.386 -342.104 0.540187
916.435 -342.066 0.539588
916.489 -342.047 0.538983
916.529 -341.982 0.538393
916.579 -341.951 0.537789
916.633 -341.932 0.537177
916.686 -341.912 0.536562
916.739 -341.893 0.535942
916.811 -341.929 0.535272
916.865 -341.909 0.53464
916.919 -341.89 0.534004
916.985 -341.905 0.533326
917.104 -342.062 0.532471
917.077 -341.825 0.532078
917.131 -341.806 0.531426
917.185 -341.786 0.530769
917.216 -341.712 0.530191
917.27 -341.693 0.52953
917.323 -341.673 0.528865
917.376 -341.654 0.528195
917.43 -341.635 0.527521
917.507 -341.669 0.526734
917.561 -341.649 0.526045
917.614 -341.629 0.525352
917.767 -341.82 0.524169
920.442 -347.284 0.510301
920.539 -347.253 0.509038
920.637 -347.221 0.507766
916.488 -338.756 0.529318
932.666 -355.35 0.380743
932.805 -355.211 0.378086
944.42 -367.382 0.27136
944.639 -367.157 0.267072
944.868 -366.04 0.258039
944.999 -365.295 0.252223
945.076 -364.94 0.249204
945.288 -364.722 0.244897
945.436 -364.441 0.241182
916.386 -342.104 0.511492
916.435 -342.066 0.510975
916.488 -342.046 0.510383
916.529 -341.981 0.50997
916.579 -341.95 0.509419
916.632 -341.931 0.508816
916.685 -341.911 0.508208
916.739 -341.892 0.507596
916.811 -341.928 0.506726
916.864 -341.909 0.506098
916.918 -341.889 0.505464
916.984 -341.904 0.504658
917.104 -342.062 0.503145
917.077 -341.825 0.503559
917.13 -341.805 0.502904
917.184 -341.786 0.502243
917.216 -341.712 0.501864
917.269 -341.692 0.501196
917.322 -341.673 0.500522
917.375 -341.653 0.499842
917.429 -341.634 0.499157
917.506 -341.668 0.498153
917.56 -341.648 0.49745
917.614 -341.629 0.496741
917.767 -341.82 0.494728
920.44 -347.283 0.459632
920.538 -347.251 0.458323
920.635 -347.219 0.457001
916.488 -338.756 0.51145
937.951 -365.581 0.216423
937.763 -364.886 0.218266
937.71 -364.378 0.218263
937.401 -363.556 0.221767
937.488 -363.246 0.219826
937.746 -363.152 0.215477
937.206 -362.088 0.222187
937.377 -361.899 0.21903
937.551 -361.714 0.215808
938.521 -362.454 0.201426
932.665 -355.35 0.282658
932.804 -355.211 0.280047
939.343 -362.201 0.18723
939.567 -362.056 0.183143
939.811 -361.933 0.17874
940.175 -361.936 0.172608
944.527 -366.132 0.109661
944.532 -365.694 0.108421
944.605 -365.332 0.106201
944.737 -365.034 0.103098
944.893 -364.761 0.0996479
945.069 -364.51 0.0958742
936.124 -355.428 0.224105
936.16 -355.167 0.222694
916.385 -342.103 0.482802
916.434 -342.065 0.482367
916.488 -342.045 0.481789
916.528 -341.981 0.481552
916.578 -341.95 0.481054
916.631 -341.93 0.480461
916.685 -341.911 0.479861
916.738 -341.891 0.479255
916.81 -341.928 0.478185
916.864 -341.908 0.477561
916.917 -341.888 0.47693
916.984 -341.903 0.475997
917.103 -342.061 0.473824
917.076 -341.824 0.475046
917.13 -341.804 0.474388
917.183 -341.785 0.473723
917.215 -341.711 0.473542
917.268 -341.691 0.472867
917.321 -341.672 0.472185
917.375 -341.653 0.471495
917.428 -341.633 0.470798
917.505 -341.667 0.469578
917.559 -341.647 0.468861
917.613 -341.628 0.468136
917.766 -341.819 0.465294
920.439 -347.281 0.408975
920.536 -347.25 0.407618
920.634 -347.218 0.406246
916.487 -338.755 0.493588
936.621 -364.703 0.103714
936.812 -364.517 0.100572
935.942 -362.93 0.118052
936.26 -362.931 0.112347
937.024 -363.5 0.0979488
937.019 -363.076 0.0984566
936.872 -362.482 0.10169
934.37 -359.003 0.150528
934.489 -358.796 0.148501
934.433 -358.383 0.149818
936.021 -359.914 0.119316
937.514 -361.287 0.0906488
932.664 -355.351 0.184568
932.803 -355.212 0.182002
938.945 -361.76 0.0634386
939.165 -361.617 0.059288
938.797 -360.837 0.0664423
939.052 -360.739 0.06154
939.81 -361.168 0.0469017
940.103 -361.098 0.0411897
944.375 -365.1 -0.041384
944.581 -364.879 -0.0454853
937.078 -356.981 0.0993484
935.965 -355.573 0.120705
935.875 -355.188 0.122302
935.909 -354.929 0.121454
935.99 -354.717 0.119687
916.385 -342.102 0.454117
916.434 -342.064 0.453764
916.487 -342.044 0.4532
916.528 -341.98 0.453138
916.578 -341.949 0.452693
916.631 -341.929 0.45211
916.684 -341.91 0.451518
916.737 -341.89 0.450919
916.81 -341.927 0.449649
916.863 -341.907 0.449029
916.917 -341.888 0.448401
916.983 -341.903 0.447341
917.105 -342.067 0.444419
917.075 -341.823 0.446538
917.129 -341.804 0.445877
917.183 -341.784 0.445207
917.214 -341.71 0.445224
917.268 -341.691 0.444543
917.321 -341.671 0.443852
917.374 -341.652 0.443153
917.427 -341.632 0.442445
917.505 -341.666 0.441007
917.558 -341.647 0.440276
917.612 -341.627 0.439535
917.77 -341.828 0.435733
920.438 -347.28 0.358328
920.535 -347.248 0.356924
920.632 -347.216 0.355502
916.486 -338.754 0.475731
936.302 -364.717 -0.0223193
935.32 -362.936 0.0045134
935.431 -362.669 0.00340439
935.606 -362.489 0.000634956
936.084 -362.705 -0.00981033
933.578 -359.079 0.0547042
933.786 -358.988 0.050815
934.001 -358.902 0.0467524
934.095 -358.668 0.0456496
934.112 -358.342 0.0464395
934.26 -358.178 0.0439307
934.464 -358.081 0.0399903
935.867 -359.376 0.00642738
932.663 -355.352 0.0864706
932.801 -355.213 0.0839497
938.143 -360.869 -0.0462848
938.315 -360.686 -0.0494619
938.4 -360.409 -0.0505354
938.563 -360.219 -0.0535737
938.889 -360.201 -0.0606036
939.233 -360.198 -0.0681227
934.249 -354.732 0.0538896
934.332 -354.531 0.0525103
934.497 -354.413 0.0491113
934.766 -354.397 0.0431532
935.239 -354.574 0.0322461
935.639 -354.674 0.0230691
935.775 -354.517 0.0202699
935.862 -354.316 0.0186186
916.449 -342.335 0.422007
916.433 -342.063 0.425165
916.487 -342.044 0.424615
916.527 -341.979 0.424729
916.577 -341.948 0.424337
916.63 -341.929 0.423763
916.684 -341.909 0.42318
916.737 -341.89 0.422587
916.809 -341.926 0.421117
916.863 -341.906 0.420501
916.916 -341.887 0.419875
917.059 -342.114 0.415315
917.114 -342.094 0.414647
917.075 -341.822 0.418034
917.128 -341.803 0.41737
917.182 -341.783 0.416696
917.215 -341.712 0.416863
917.268 -341.693 0.41617
917.322 -341.674 0.415468
917.375 -341.655 0.414754
917.428 -341.635 0.414031
917.504 -341.666 0.412441
917.558 -341.646 0.411695
917.612 -341.626 0.41094
917.781 -341.853 0.405804
920.436 -347.278 0.30769
920.534 -347.247 0.306238
920.631 -347.215 0.304766
916.486 -338.753 0.457878
946.113 -384.658 -0.510676
936.337 -365.684 -0.161665
934.846 -363.133 -0.11122
934.929 -362.824 -0.110813
935.098 -362.638 -0.113192
932.671 -358.97 -0.034655
933.577 -359.811 -0.0603698
933.196 -358.946 -0.0461014
933.354 -358.794 -0.0486213
933.55 -358.691 -0.0523603
932.974 -357.623 -0.0325093
933.125 -357.478 -0.0350389
933.95 -358.148 -0.0580119
934.139 -358.036 -0.0616803
934.359 -357.96 -0.0663203
934.655 -357.97 -0.0732465
932.661 -355.353 -0.0116359
932.8 -355.214 -0.0141122
936.297 -358.816 -0.116601
933.032 -354.885 -0.0178008
933.1 -354.672 -0.01831
933.153 -354.443 -0.0183858
933.225 -354.237 -0.019087
933.364 -354.103 -0.0217939
933.567 -354.035 -0.0264226
933.915 -354.111 -0.0352951
934.208 -354.127 -0.0425953
934.456 -354.094 -0.0485827
934.716 -354.07 -0.0549252
934.958 -354.025 -0.0607807
935.232 -354.008 -0.0675905
935.099 -353.609 -0.0626643
931.386 -349.938 0.0454906
922.856 -393.476 -0.441335
923.209 -393.017 -0.438567
923.557 -392.564 -0.4359
923.899 -392.111 -0.433252
924.23 -391.625 -0.430055
924.55 -391.107 -0.426325
924.847 -390.508 -0.421204
924.562 -386.984 -0.365785
924.894 -386.732 -0.366367
925.224 -386.481 -0.366992
925.551 -386.231 -0.367667
925.877 -385.984 -0.368444
926.201 -385.743 -0.369371
926.523 -385.499 -0.370276
926.841 -385.255 -0.371218
927.187 -385.123 -0.374215
927.544 -385.04 -0.378169
927.906 -384.97 -0.382422
916.468 -342.403 0.391224
916.432 -342.062 0.396569
916.486 -342.043 0.396033
916.529 -341.986 0.396177
916.582 -341.967 0.39562
916.636 -341.947 0.395053
916.689 -341.928 0.394474
916.743 -341.908 0.393884
916.808 -341.925 0.392589
916.862 -341.906 0.391977
916.916 -341.886 0.391354
917.082 -342.178 0.38459
917.138 -342.158 0.383919
917.194 -342.138 0.383236
917.128 -341.802 0.388866
917.181 -341.783 0.388188
917.225 -341.738 0.388015
917.278 -341.718 0.387312
917.332 -341.699 0.386597
917.385 -341.68 0.385871
917.439 -341.66 0.385132
917.503 -341.665 0.383878
917.557 -341.645 0.383118
917.753 -341.934 0.375752
917.809 -341.913 0.374937
920.435 -347.277 0.257059
920.532 -347.245 0.25556
920.63 -347.214 0.254038
916.485 -338.753 0.44003
937.713 -380.132 -0.488683
937.833 -379.581 -0.48444
938.053 -379.234 -0.484758
938.365 -379.063 -0.489115
938.675 -378.888 -0.493473
939.064 -378.855 -0.50119
939.311 -378.568 -0.503071
939.342 -377.908 -0.496106
939.864 -378.104 -0.509514
940.199 -377.971 -0.515217
940.627 -377.994 -0.524775
940.764 -377.533 -0.522636
941.82 -378.558 -0.557234
942.285 -378.611 -0.568136
942.636 -378.477 -0.574534
943.041 -378.427 -0.583137
935.637 -366.577 -0.289233
935.381 -365.71 -0.274268
933.837 -362.978 -0.210288
933.836 -362.55 -0.205877
933.89 -362.207 -0.20363
933.746 -361.594 -0.19408
933.949 -361.473 -0.19769
932.363 -358.918 -0.134753
932.448 -358.674 -0.134424
932.658 -358.598 -0.138761
932.91 -358.575 -0.144658
932.965 -358.297 -0.143405
932.871 -357.834 -0.136819
932.839 -357.457 -0.13257
932.921 -357.228 -0.132565
933.163 -357.195 -0.138323
934.029 -357.907 -0.166415
934.255 -357.84 -0.171567
934.423 -357.702 -0.174663
932.66 -355.353 -0.109757
932.799 -355.214 -0.112187
932.861 -354.99 -0.111963
932.836 -354.673 -0.108793
932.906 -354.463 -0.108957
933.045 -354.329 -0.111597
933.127 -354.137 -0.112328
933.265 -354.003 -0.11499
933.456 -353.924 -0.119537
933.639 -353.835 -0.123843
933.959 -353.881 -0.132838
934.206 -353.851 -0.139351
934.411 -353.776 -0.144445
934.586 -353.672 -0.14857
934.691 -353.5 -0.150329
934.792 -353.326 -0.152049
931.386 -349.939 -0.0359786
931.517 -349.839 -0.0390641
902.517 -392.71 -0.502902
902.992 -392.441 -0.49866
903.459 -392.198 -0.494958
903.863 -392.277 -0.497101
904.299 -392.167 -0.495964
904.747 -391.971 -0.493363
905.171 -391.905 -0.493181
905.626 -391.619 -0.489131
906.038 -391.598 -0.489911
906.456 -391.525 -0.48984
906.872 -391.459 -0.489989
907.284 -391.405 -0.490433
907.679 -391.49 -0.493478
908.015 -392.137 -0.506772
908.464 -391.74 -0.50126
909.79 -381.768 -0.322034
910.127 -381.74 -0.323053
910.458 -381.785 -0.325479
910.054 -392.138 -0.516131
910.449 -392.301 -0.521229
910.917 -391.242 -0.504038
911.332 -390.938 -0.500719
911.741 -390.665 -0.498051
912.08 -392.183 -0.52846
912.494 -391.901 -0.525815
912.897 -391.908 -0.528587
913.299 -391.918 -0.531501
913.7 -392.217 -0.539884
914.104 -392.59 -0.549779
914.504 -391.212 -0.526992
914.899 -390.933 -0.524795
915.289 -390.618 -0.521971
915.682 -390.58 -0.524429
916.065 -390.25 -0.521452
916.456 -390.236 -0.52452
916.842 -390.104 -0.525435
917.293 -391.206 -0.550037
917.687 -391.112 -0.551911
918.075 -390.958 -0.552694
918.408 -390.087 -0.539677
918.565 -387.241 -0.488279
918.944 -387.306 -0.49331
919.576 -389.979 -0.549418
919.932 -389.612 -0.546349
920.258 -389.027 -0.538999
920.576 -388.438 -0.531585
920.887 -387.849 -0.524187
921.191 -387.27 -0.516955
921.495 -386.742 -0.510767
921.794 -386.226 -0.504803
922.076 -385.642 -0.497472
922.372 -385.193 -0.49287
922.667 -384.774 -0.488884
922.969 -384.421 -0.48626
923.287 -384.183 -0.486035
923.604 -383.947 -0.485882
923.919 -383.718 -0.485939
924.23 -383.482 -0.485878
924.54 -383.246 -0.485869
924.842 -382.992 -0.485519
925.119 -382.634 -0.483019
925.364 -382.157 -0.478007
925.643 -381.846 -0.476519
925.941 -381.63 -0.477099
926.236 -381.403 -0.477506
926.527 -381.175 -0.477905
926.816 -380.945 -0.478315
916.467 -342.402 0.361455
916.523 -342.382 0.360923
916.486 -342.042 0.367454
916.536 -342.012 0.367144
916.59 -341.993 0.366596
916.644 -341.973 0.366036
916.697 -341.954 0.365463
916.751 -341.934 0.364878
916.808 -341.924 0.364063
916.861 -341.905 0.363455
917.026 -342.198 0.355573
917.082 -342.178 0.354914
917.137 -342.157 0.354243
917.193 -342.137 0.353559
917.127 -341.801 0.360365
917.181 -341.782 0.359683
917.234 -341.762 0.358987
917.288 -341.743 0.358279
917.341 -341.723 0.357558
917.395 -341.703 0.356824
917.449 -341.684 0.356077
917.503 -341.664 0.355317
917.556 -341.645 0.354544
917.752 -341.933 0.345979
917.808 -341.912 0.345146
916.378 -338.777 0.424052
920.531 -347.244 0.204888
920.628 -347.212 0.203316
916.484 -338.752 0.422186
934.671 -374.195 -0.512517
934.891 -373.938 -0.513396
935.191 -373.836 -0.518462
935.422 -373.605 -0.520111
935.797 -373.639 -0.529014
936.163 -373.651 -0.537438
936.552 -373.697 -0.546964
936.961 -373.773 -0.557445
937.32 -373.756 -0.565534
937.661 -373.703 -0.572696
938.098 -373.806 -0.584448
938.299 -373.517 -0.585141
938.487 -373.21 -0.585319
938.688 -372.926 -0.586208
938.864 -372.609 -0.586128
935.203 -366.412 -0.412032
933.578 -363.471 -0.332214
932.319 -361.159 -0.269961
932.488 -361.004 -0.272144
931.709 -359.481 -0.232469
931.766 -359.188 -0.230087
931.891 -358.998 -0.230836
931.987 -358.767 -0.230342
932.161 -358.645 -0.233302
932.335 -358.525 -0.236342
932.517 -358.414 -0.239744
932.652 -358.241 -0.241178
932.754 -358.028 -0.241317
932.762 -357.698 -0.237562
932.624 -357.191 -0.22782
932.615 -356.855 -0.223652
932.662 -356.591 -0.221872
932.596 -356.196 -0.215533
932.609 -355.901 -0.212542
932.787 -355.803 -0.216399
932.659 -355.354 -0.207891
932.798 -355.215 -0.210277
932.622 -354.725 -0.200034
932.696 -354.52 -0.199968
932.76 -354.306 -0.199567
932.919 -354.197 -0.203037
933.045 -354.052 -0.205186
933.182 -353.919 -0.207857
933.353 -353.82 -0.211884
933.53 -353.727 -0.216191
933.807 -353.732 -0.224423
934.035 -353.684 -0.230746
934.209 -353.583 -0.235019
934.337 -353.436 -0.237514
934.49 -353.312 -0.241027
934.585 -353.135 -0.242377
931.385 -349.94 -0.117464
931.515 -349.838 -0.120601
934.529 -352.304 -0.233658
904.1 -384.763 -0.541171
904.416 -385.026 -0.547046
904.773 -385.084 -0.548601
905.21 -384.687 -0.540519
905.757 -383.611 -0.517958
906.143 -383.419 -0.514397
906.506 -383.35 -0.513576
906.88 -383.195 -0.510994
907.253 -383.03 -0.508258
907.595 -383.073 -0.510075
908.103 -381.814 -0.483936
908.614 -380.372 -0.453888
909.052 -379.389 -0.433775
909.435 -378.79 -0.421957
909.779 -378.494 -0.416745
910.084 -378.574 -0.419738
910.381 -378.749 -0.424868
910.677 -378.975 -0.43119
910.928 -379.863 -0.452007
911.164 -381.163 -0.481927
911.458 -381.787 -0.49727
911.989 -377.851 -0.413048
912.31 -377.492 -0.406928
912.621 -377.267 -0.403804
912.929 -377.027 -0.400396
913.233 -376.802 -0.397386
913.534 -376.565 -0.394132
913.832 -376.334 -0.39108
914.126 -376.105 -0.388128
914.417 -375.878 -0.385244
914.706 -375.649 -0.382387
914.99 -375.414 -0.379421
915.273 -375.199 -0.37697
915.553 -375.031 -0.375602
915.833 -374.883 -0.374733
916.114 -374.817 -0.375775
916.41 -375.029 -0.383174
916.712 -375.29 -0.391798
917.019 -375.558 -0.400669
917.328 -375.816 -0.409432
918.305 -384.113 -0.60253
918.65 -384.045 -0.604593
918.969 -383.713 -0.60066
919.292 -383.455 -0.598481
919.619 -383.271 -0.598049
919.944 -383.085 -0.597651
920.272 -382.936 -0.59817
919.678 -375.815 -0.435166
919.933 -375.519 -0.431776
920.216 -375.443 -0.433584
920.561 -375.769 -0.445031
921.021 -376.785 -0.473022
921.503 -377.84 -0.502217
921.822 -377.867 -0.507021
922.586 -380.336 -0.570791
922.837 -379.903 -0.564887
923.08 -379.458 -0.558689
923.328 -379.059 -0.553637
923.565 -378.637 -0.548012
923.78 -378.136 -0.540436
923.955 -377.485 -0.529157
924.144 -376.929 -0.520164
924.353 -376.489 -0.514029
924.566 -376.085 -0.50881
924.775 -375.684 -0.503637
924.955 -375.195 -0.496232
925.12 -374.668 -0.487863
916.466 -342.401 0.331688
916.523 -342.381 0.331172
916.485 -342.041 0.338877
916.539 -342.022 0.338355
916.593 -342.002 0.337819
916.646 -341.982 0.33727
916.7 -341.963 0.336707
916.754 -341.943 0.33613
916.807 -341.924 0.33554
916.861 -341.904 0.334936
917.025 -342.197 0.325898
917.081 -342.177 0.325241
917.137 -342.156 0.32457
917.192 -342.136 0.323884
917.248 -342.116 0.323183
917.18 -341.781 0.33118
917.234 -341.761 0.330479
917.287 -341.742 0.329764
917.341 -341.722 0.329034
917.394 -341.703 0.32829
917.448 -341.683 0.327532
917.502 -341.663 0.32676
917.695 -341.953 0.317044
917.751 -341.932 0.316209
917.807 -341.912 0.315358
916.38 -338.783 0.406104
920.529 -347.242 0.154221
920.627 -347.211 0.1526
916.484 -338.751 0.404345
932.67 -370.291 -0.551314
933.006 -370.323 -0.559771
933.358 -370.379 -0.569071
933.643 -370.305 -0.574535
933.935 -370.242 -0.580415
934.142 -370.024 -0.58155
934.373 -369.851 -0.584135
934.552 -369.589 -0.583935
934.746 -369.357 -0.584711
934.921 -369.095 -0.584569
935.071 -368.794 -0.583159
935.217 -368.492 -0.581732
935.399 -368.253 -0.582353
935.468 -367.839 -0.577182
934.415 -365.684 -0.513608
933.831 -364.31 -0.475442
931.89 -360.924 -0.368205
931.401 -359.796 -0.336733
931.233 -359.168 -0.322048
931.347 -358.961 -0.321814
931.553 -358.888 -0.326293
931.683 -358.707 -0.327003
931.861 -358.595 -0.330194
932.068 -358.522 -0.334854
932.23 -358.386 -0.337327
932.399 -358.26 -0.340204
932.524 -358.077 -0.341013
932.622 -357.861 -0.340603
932.643 -357.549 -0.336613
932.342 -356.841 -0.317528
932.358 -356.54 -0.313647
932.373 -356.243 -0.309849
932.345 -355.898 -0.304134
932.404 -355.662 -0.302613
932.556 -355.538 -0.305466
932.759 -355.471 -0.310675
932.035 -354.354 -0.273569
932.102 -354.148 -0.272886
932.329 -354.12 -0.279507
932.523 -354.052 -0.284622
932.743 -354.011 -0.290954
932.926 -353.928 -0.295625
933.078 -353.813 -0.29898
933.242 -353.708 -0.302874
933.433 -353.63 -0.308001
933.668 -353.595 -0.315106
932.964 -352.635 -0.281097
933.768 -353.158 -0.313211
933.669 -352.799 -0.305854
933.695 -352.565 -0.304072
933.805 -352.412 -0.305976
931.384 -349.941 -0.198969
931.513 -349.838 -0.202142
934.347 -352.144 -0.321092
934.371 -351.914 -0.319495
904.824 -382.899 -0.674752
905.201 -382.763 -0.671459
905.569 -382.662 -0.669113
905.927 -382.611 -0.668093
906.282 -382.56 -0.667189
906.637 -382.509 -0.666369
906.989 -382.458 -0.665632
907.343 -382.389 -0.66454
907.766 -381.798 -0.65045
908.281 -380.41 -0.616482
908.746 -379.267 -0.588691
909.17 -378.344 -0.566451
909.561 -377.605 -0.548887
909.929 -376.977 -0.534142
910.25 -376.768 -0.529992
910.564 -376.597 -0.526874
910.877 -376.409 -0.5234
911.183 -376.268 -0.521166
911.489 -376.096 -0.518229
911.791 -375.945 -0.515864
912.091 -375.801 -0.513784
912.388 -375.658 -0.511763
912.683 -375.517 -0.509872
912.976 -375.377 -0.508062
913.267 -375.238 -0.506334
913.555 -375.098 -0.50467
913.842 -374.958 -0.503049
914.127 -374.82 -0.501558
914.41 -374.683 -0.500144
914.691 -374.547 -0.498806
914.97 -374.411 -0.497544
915.247 -374.275 -0.496356
915.52 -374.076 -0.493572
915.776 -373.5 -0.481028
916.026 -372.981 -0.46999
916.278 -372.629 -0.463322
916.534 -372.403 -0.459969
916.789 -372.224 -0.457924
917.045 -372.073 -0.456627
917.296 -371.891 -0.454597
917.549 -371.76 -0.453954
917.799 -371.609 -0.452817
918.055 -371.537 -0.453857
918.311 -371.461 -0.454853
918.565 -371.386 -0.455938
918.819 -371.311 -0.457067
919.073 -371.238 -0.458316
919.327 -371.166 -0.459683
919.575 -371.066 -0.460334
919.878 -371.323 -0.470755
920.186 -371.591 -0.481626
920.492 -371.812 -0.491352
921.068 -373.564 -0.543363
921.071 -372.024 -0.504774
921.296 -371.768 -0.501602
921.575 -371.805 -0.506618
921.776 -371.449 -0.500727
921.94 -370.941 -0.490563
922.313 -371.42 -0.508204
922.775 -372.261 -0.536303
923.016 -372.095 -0.53605
923.202 -371.705 -0.529445
923.379 -371.298 -0.522332
923.536 -370.836 -0.513642
923.698 -370.415 -0.506099
923.902 -370.165 -0.503509
916.466 -342.4 0.301923
916.515 -342.357 0.302095
916.571 -342.336 0.301582
916.538 -342.021 0.309792
916.592 -342.001 0.309267
916.646 -341.982 0.308728
916.699 -341.962 0.308173
916.753 -341.942 0.307603
916.807 -341.923 0.307018
916.961 -342.194 0.29757
917.016 -342.173 0.296936
917.072 -342.153 0.296287
917.127 -342.132 0.295623
917.183 -342.112 0.294943
917.238 -342.091 0.294248
917.182 -341.788 0.302431
917.236 -341.769 0.301717
917.29 -341.749 0.300986
917.344 -341.73 0.30024
917.397 -341.711 0.299477
917.451 -341.691 0.298697
917.505 -341.672 0.297901
917.683 -341.926 0.288121
917.739 -341.906 0.287284
916.349 -338.8 0.388689
916.371 -338.764 0.388928
916.405 -338.753 0.388351
916.439 -338.742 0.387764
916.474 -338.731 0.387166
931.098 -367.223 -0.588103
931.313 -367.076 -0.590333
931.52 -366.913 -0.592059
931.773 -366.838 -0.596943
932.009 -366.73 -0.60072
932.235 -366.604 -0.603976
932.494 -366.534 -0.609281
932.717 -366.402 -0.612445
933.009 -366.388 -0.619943
933.026 -365.908 -0.610625
933.148 -365.612 -0.607946
933.263 -365.308 -0.604956
933.338 -364.947 -0.599848
933.463 -364.671 -0.597856
933.353 -364.035 -0.582263
931.765 -361.144 -0.480982
930.718 -359.157 -0.412683
930.705 -358.762 -0.404711
930.695 -358.381 -0.39716
930.764 -358.121 -0.394252
930.834 -357.868 -0.391561
931.211 -358.049 -0.406075
931.649 -358.305 -0.423875
931.868 -358.252 -0.429475
932.102 -358.217 -0.435899
932.232 -358.042 -0.436704
932.4 -357.918 -0.439625
932.489 -357.693 -0.438421
932.411 -357.258 -0.428377
932.189 -356.652 -0.410926
932.209 -356.358 -0.406516
932.14 -355.961 -0.397572
932.154 -355.671 -0.393135
931.791 -354.941 -0.369332
931.631 -354.464 -0.356297
931.749 -354.315 -0.357734
931.859 -354.158 -0.358806
931.987 -354.022 -0.360844
932.155 -353.93 -0.364933
932.28 -353.791 -0.366952
932.485 -353.737 -0.372999
932.717 -353.71 -0.380412
932.918 -353.648 -0.386289
932.477 -352.926 -0.36051
932.582 -352.772 -0.361859
932.668 -352.601 -0.362353
932.845 -352.519 -0.36733
933.026 -352.44 -0.372522
933.254 -352.405 -0.380022
933.413 -352.301 -0.384196
933.56 -352.186 -0.38785
931.395 -349.953 -0.281044
931.529 -349.854 -0.284514
934.113 -351.938 -0.40439
931.921 -349.764 -0.297515
931.836 -349.472 -0.290747
905.371 -381.841 -0.817744
905.724 -381.787 -0.816154
906.074 -381.739 -0.814851
906.424 -381.69 -0.813591
906.772 -381.636 -0.81231
907.119 -381.581 -0.811106
907.475 -381.454 -0.807939
907.913 -380.697 -0.786851
908.405 -379.434 -0.751405
908.875 -378.196 -0.7167
909.275 -377.412 -0.695038
909.653 -376.732 -0.676443
909.98 -376.46 -0.66955
910.294 -376.279 -0.665385
910.605 -376.102 -0.661368
910.914 -375.924 -0.657423
911.219 -375.749 -0.653628
911.522 -375.578 -0.650015
911.822 -375.401 -0.646339
912.118 -375.237 -0.643058
912.412 -375.087 -0.640279
912.704 -374.909 -0.636761
912.993 -374.776 -0.634601
913.28 -374.604 -0.631414
913.564 -374.469 -0.629339
913.846 -374.333 -0.627312
914.127 -374.2 -0.625427
914.405 -374.067 -0.623625
914.682 -373.935 -0.621905
914.956 -373.754 -0.618853
915.22 -373.297 -0.607716
915.479 -372.879 -0.59775
915.735 -372.524 -0.5897
915.986 -372.161 -0.581417
916.24 -371.941 -0.577417
916.492 -371.749 -0.574308
916.742 -371.554 -0.571152
916.99 -371.361 -0.568134
917.235 -371.171 -0.565206
917.478 -370.976 -0.562231
917.718 -370.778 -0.55919
917.949 -370.518 -0.554321
918.173 -370.23 -0.548621
918.408 -370.058 -0.546516
918.625 -369.76 -0.540599
918.793 -369.125 -0.524422
918.971 -368.618 -0.512148
919.129 -368.022 -0.497104
919.402 -368.226 -0.506669
919.7 -368.567 -0.520561
920.024 -369.028 -0.538332
920.288 -369.106 -0.544386
920.529 -369.053 -0.546413
920.703 -368.641 -0.537304
920.833 -368.034 -0.522042
921.015 -367.72 -0.515973
921.083 -366.884 -0.493382
921.196 -366.307 -0.478904
921.296 -365.707 -0.463665
921.695 -366.428 -0.490593
922.161 -367.376 -0.525125
922.38 -367.272 -0.526002
922.569 -367.048 -0.523066
922.757 -366.833 -0.520444
922.931 -366.573 -0.516378
916.454 -342.358 0.273533
916.508 -342.333 0.273199
916.564 -342.312 0.272701
916.545 -342.045 0.28039
916.599 -342.026 0.279873
916.653 -342.006 0.279339
916.707 -341.986 0.278788
916.761 -341.967 0.27822
916.815 -341.947 0.277635
916.952 -342.171 0.268741
917.008 -342.15 0.268108
917.063 -342.13 0.267457
917.119 -342.11 0.266789
917.174 -342.09 0.266103
917.23 -342.069 0.265401
917.285 -342.049 0.264681
917.246 -341.794 0.272243
917.3 -341.775 0.271501
917.354 -341.756 0.270742
917.408 -341.736 0.269965
917.462 -341.717 0.26917
917.618 -341.927 0.259989
917.674 -341.907 0.259145
917.73 -341.887 0.258282
916.349 -338.801 0.370837
916.37 -338.762 0.371298
916.404 -338.751 0.370698
916.438 -338.74 0.370086
916.472 -338.729 0.369463
929.643 -364.385 -0.609572
930.031 -364.616 -0.625544
930.298 -364.609 -0.632525
930.47 -364.422 -0.632666
930.689 -364.323 -0.636291
930.857 -364.131 -0.636321
931.009 -363.914 -0.635411
931.163 -363.704 -0.63477
931.313 -363.49 -0.633978
931.457 -363.268 -0.632909
931.592 -363.034 -0.63138
931.712 -362.781 -0.629042
931.79 -362.462 -0.624026
931.745 -361.957 -0.611182
931.509 -361.166 -0.586265
930.884 -359.796 -0.536663
930.462 -358.772 -0.501015
930.216 -358.037 -0.47721
930.329 -357.847 -0.476517
930.281 -357.426 -0.465848
930.423 -357.286 -0.467266
930.635 -357.244 -0.473064
930.79 -357.121 -0.475392
930.892 -356.926 -0.47453
931.118 -356.899 -0.481257
931.346 -356.872 -0.488119
932.185 -357.641 -0.531478
931.865 -356.894 -0.505648
931.899 -356.612 -0.501083
930.654 -354.739 -0.421843
930.846 -354.684 -0.427223
930.973 -354.548 -0.428819
931.098 -354.41 -0.430396
931.227 -354.278 -0.432295
931.506 -354.321 -0.442766
931.624 -354.174 -0.44408
931.754 -354.041 -0.446132
931.882 -353.907 -0.448182
931.973 -353.732 -0.448163
932.074 -353.569 -0.448813
931.748 -352.952 -0.426044
931.882 -352.832 -0.428758
932.091 -352.791 -0.435638
932.272 -352.718 -0.44099
932.429 -352.62 -0.445053
932.569 -352.504 -0.448267
932.727 -352.405 -0.452503
932.895 -352.315 -0.457277
933.081 -352.242 -0.463074
933.244 -352.144 -0.467662
933.364 -352.006 -0.470031
933.452 -351.839 -0.470752
933.548 -351.68 -0.471965
931.641 -349.736 -0.368771
931.579 -349.465 -0.362307
931.628 -349.293 -0.36168
931.748 -349.184 -0.364791
905.918 -380.691 -0.949986
906.264 -380.621 -0.947616
906.609 -380.551 -0.945333
906.95 -380.489 -0.943398
907.288 -380.443 -0.942109
907.624 -380.397 -0.940902
908.035 -379.785 -0.921638
908.546 -378.322 -0.87514
908.991 -377.221 -0.84034
909.375 -376.52 -0.818469
909.711 -376.172 -0.808001
910.025 -375.995 -0.803102
910.336 -375.819 -0.798335
910.643 -375.645 -0.793715
910.948 -375.472 -0.789192
911.25 -375.301 -0.784815
911.549 -375.13 -0.780545
911.846 -374.962 -0.776432
912.14 -374.793 -0.772383
912.431 -374.627 -0.7685
912.72 -374.461 -0.764682
913.006 -374.298 -0.761034
913.289 -374.135 -0.757475
913.571 -373.969 -0.753878
913.85 -373.823 -0.751024
914.127 -373.631 -0.746717
914.401 -373.434 -0.742315
914.67 -373.053 -0.731957
914.932 -372.592 -0.719045
915.189 -372.145 -0.706597
915.439 -371.711 -0.694621
915.693 -371.51 -0.690342
915.946 -371.33 -0.686841
916.196 -371.151 -0.68341
916.443 -370.966 -0.679863
916.688 -370.781 -0.676363
916.928 -370.558 -0.671641
917.156 -370.217 -0.663049
917.38 -369.889 -0.654911
917.6 -369.569 -0.647053
917.813 -369.221 -0.638292
918.006 -368.73 -0.62475
918.189 -368.211 -0.610242
918.373 -367.749 -0.59764
918.554 -367.321 -0.586223
918.662 -366.4 -0.557944
918.863 -366.204 -0.554385
919.111 -366.336 -0.562144
919.416 -366.803 -0.581538
919.717 -367.204 -0.59884
919.935 -367.092 -0.598528
920.095 -366.67 -0.587496
920.303 -366.532 -0.586343
920.132 -364.468 -0.51788
920.202 -363.734 -0.495671
920.255 -362.963 -0.472084
920.405 -362.689 -0.465939
920.591 -362.588 -0.465966
920.827 -362.706 -0.473823
921.127 -363.078 -0.490851
921.516 -363.786 -0.520124
921.731 -363.768 -0.523507
921.909 -363.606 -0.521805
922.096 -363.485 -0.521605
916.453 -342.357 0.243911
916.508 -342.332 0.24361
916.563 -342.312 0.243126
916.619 -342.291 0.242624
916.675 -342.271 0.242103
916.73 -342.251 0.241564
916.786 -342.23 0.241007
916.841 -342.21 0.240432
916.896 -342.19 0.239838
916.952 -342.17 0.239225
917.007 -342.15 0.238594
917.063 -342.129 0.237945
917.118 -342.109 0.237276
917.173 -342.089 0.236589
917.229 -342.069 0.235884
917.284 -342.048 0.235159
917.34 -342.028 0.234416
917.395 -342.008 0.233653
917.451 -341.988 0.232872
917.506 -341.967 0.232071
917.562 -341.947 0.231251
917.617 -341.927 0.230411
917.673 -341.906 0.229552
917.729 -341.886 0.228673
916.349 -338.801 0.353003
916.369 -338.761 0.353603
916.403 -338.75 0.352985
916.437 -338.739 0.352355
916.471 -338.728 0.351712
928.446 -362.048 -0.629891
928.664 -361.995 -0.634594
928.817 -361.816 -0.634024
929.049 -361.786 -0.63988
929.421 -362.01 -0.656778
929.659 -361.983 -0.663043
929.911 -361.977 -0.670319
930.184 -362.004 -0.679197
930.315 -361.785 -0.677349
930.39 -361.474 -0.671394
930.396 -361.055 -0.660602
930.396 -360.636 -0.649702
930.393 -360.222 -0.638885
930.364 -359.774 -0.626429
930.217 -359.156 -0.605972
930.177 -358.715 -0.593476
929.98 -358.046 -0.570238
930.021 -357.75 -0.564186
929.842 -357.136 -0.543042
929.963 -356.97 -0.542955
929.433 -355.879 -0.498533
929.21 -355.248 -0.475709
929.469 -355.297 -0.485629
929.924 -355.61 -0.508683
929.535 -354.778 -0.475505
929.673 -354.662 -0.477552
929.85 -354.6 -0.482297
930.018 -354.522 -0.48638
930.092 -354.326 -0.484472
930.388 -354.409 -0.496932
930.626 -354.415 -0.505605
930.79 -354.328 -0.509602
930.908 -354.185 -0.510715
931.04 -354.059 -0.512759
931.293 -354.075 -0.522462
931.518 -354.054 -0.530355
931.647 -353.922 -0.532328
931.724 -353.732 -0.531218
931.737 -353.475 -0.526317
931.559 -353.014 -0.509989
931.56 -352.753 -0.504675
931.661 -352.601 -0.505447
931.844 -352.536 -0.511236
932.108 -352.552 -0.521855
932.308 -352.499 -0.528667
932.471 -352.408 -0.53332
932.624 -352.306 -0.537433
932.802 -352.226 -0.542996
932.959 -352.127 -0.547459
933.11 -352.019 -0.551524
933.206 -351.861 -0.552521
933.247 -351.653 -0.550462
931.414 -349.753 -0.441511
931.334 -349.465 -0.433144
931.367 -349.28 -0.431284
931.508 -349.191 -0.435655
931.632 -349.086 -0.439047
931.721 -348.952 -0.440565
906.509 -379.18 -1.06091
906.833 -379.176 -1.06054
907.155 -379.17 -1.06024
907.477 -379.164 -1.06001
907.799 -379.155 -1.05978
908.216 -378.436 -1.0344
908.684 -377.233 -0.991869
909.097 -376.337 -0.960346
909.446 -375.889 -0.944876
909.759 -375.714 -0.939219
910.069 -375.542 -0.93377
910.376 -375.37 -0.92843
910.681 -375.2 -0.923224
910.982 -375.03 -0.918152
911.28 -374.863 -0.913224
911.576 -374.696 -0.908408
911.87 -374.531 -0.903745
912.16 -374.366 -0.899182
912.45 -374.169 -0.89354
912.734 -374.031 -0.890074
913.02 -373.765 -0.882115
913.302 -373.516 -0.874821
913.582 -373.186 -0.864698
913.857 -372.858 -0.854715
914.127 -372.536 -0.845008
914.393 -372.142 -0.832707
914.652 -371.703 -0.818889
914.906 -371.3 -0.806359
915.159 -371.085 -0.800754
915.411 -370.91 -0.796643
915.661 -370.736 -0.792666
915.908 -370.555 -0.78845
916.151 -370.356 -0.783665
916.388 -370.089 -0.77647
916.619 -369.776 -0.7676
916.845 -369.464 -0.758796
917.067 -369.156 -0.750227
917.287 -368.865 -0.742271
917.507 -368.615 -0.735897
917.71 -368.234 -0.724724
917.908 -367.848 -0.713343
918.1 -367.46 -0.701917
918.279 -367.01 -0.688174
918.417 -366.284 -0.66409
918.56 -365.673 -0.644243
918.732 -365.318 -0.634037
918.936 -365.196 -0.632649
919.14 -365.086 -0.631798
919.332 -364.909 -0.628462
919.398 -364.023 -0.598064
919.535 -363.596 -0.585135
919.509 -362.338 -0.540231
919.542 -361.469 -0.51013
919.629 -360.922 -0.492334
919.723 -360.446 -0.477219
919.884 -360.306 -0.475171
920.025 -360.083 -0.469886
920.417 -360.947 -0.507233
920.668 -361.172 -0.519767
920.915 -361.363 -0.531082
921.102 -361.308 -0.532782
921.273 -361.19 -0.532061
921.444 -361.077 -0.531564
916.464 -342.398 0.21262
916.507 -342.331 0.214029
916.563 -342.311 0.213559
916.618 -342.29 0.213069
916.674 -342.27 0.21256
916.729 -342.25 0.212031
916.785 -342.23 0.211483
916.84 -342.209 0.210914
916.896 -342.189 0.210326
916.951 -342.169 0.209717
917.007 -342.149 0.209089
917.062 -342.129 0.208441
917.117 -342.108 0.207772
917.173 -342.088 0.207084
917.228 -342.068 0.206375
917.284 -342.048 0.205646
917.339 -342.027 0.204897
917.394 -342.007 0.204127
917.45 -341.987 0.203337
917.505 -341.967 0.202526
917.561 -341.946 0.201694
917.617 -341.926 0.200842
917.672 -341.906 0.199968
917.728 -341.885 0.199073
916.349 -338.801 0.335167
916.368 -338.76 0.335915
916.402 -338.749 0.33528
916.437 -338.738 0.334631
916.471 -338.727 0.333969
927.158 -359.535 -0.623769
927.599 -359.95 -0.649665
927.825 -359.944 -0.65627
928.086 -360.001 -0.665973
928.535 -360.394 -0.691637
928.88 -360.586 -0.708127
929.032 -360.425 -0.708046
929.153 -360.214 -0.705582
929.294 -360.041 -0.704981
928.994 -359.126 -0.668432
929.037 -358.805 -0.660446
929.102 -358.527 -0.654489
929.181 -358.277 -0.649887
929.223 -357.972 -0.642539
929.294 -357.719 -0.637708
929.273 -357.331 -0.626
929.326 -357.061 -0.620242
929.456 -356.911 -0.620495
929.212 -356.214 -0.592699
928.817 -355.317 -0.554123
928.491 -354.541 -0.521328
928.527 -354.293 -0.515887
928.064 -353.359 -0.474077
928.109 -353.14 -0.469811
928.301 -353.123 -0.476357
928.587 -353.229 -0.489662
929.067 -353.581 -0.51666
929.439 -353.781 -0.535731
929.774 -353.925 -0.552004
930.117 -354.073 -0.568751
930.44 -354.188 -0.583936
930.636 -354.144 -0.590382
930.747 -353.995 -0.590945
930.908 -353.906 -0.595026
931.124 -353.88 -0.602833
931.365 -353.88 -0.612315
931.497 -353.755 -0.614569
930.828 -352.736 -0.563658
930.837 -352.487 -0.558135
931.243 -352.672 -0.578858
931.274 -352.449 -0.574952
931.472 -352.404 -0.582038
931.641 -352.327 -0.587257
931.899 -352.34 -0.598227
932.168 -352.359 -0.609848
932.371 -352.31 -0.617308
932.53 -352.215 -0.621917
932.709 -352.138 -0.627868
932.866 -352.04 -0.632477
932.983 -351.902 -0.6346
933.078 -351.744 -0.635446
931.305 -349.874 -0.520416
931.123 -349.492 -0.504788
931.068 -349.23 -0.497174
931.235 -349.166 -0.503237
931.378 -349.08 -0.507902
931.517 -348.99 -0.512364
931.609 -348.859 -0.513988
931.708 -348.735 -0.516166
907.157 -377.186 -1.14203
907.405 -377.567 -1.15664
907.712 -377.586 -1.15722
908.022 -377.581 -1.15696
908.392 -377.124 -1.13913
908.809 -376.244 -1.10485
909.183 -375.615 -1.08052
909.497 -375.436 -1.07388
909.806 -375.265 -1.06766
910.113 -375.097 -1.06164
910.416 -374.929 -1.05572
910.717 -374.761 -1.04991
911.015 -374.597 -1.04438
911.314 -374.386 -1.03709
911.608 -374.191 -1.03049
911.907 -373.864 -1.01879
912.201 -373.533 -1.00703
912.491 -373.204 -0.995412
912.775 -372.883 -0.984194
913.055 -372.565 -0.973172
913.33 -372.249 -0.962315
913.6 -371.941 -0.951836
913.866 -371.634 -0.941425
914.128 -371.266 -0.928715
914.385 -370.875 -0.915113
914.638 -370.668 -0.908905
914.889 -370.493 -0.90401
915.138 -370.309 -0.898844
915.383 -370.104 -0.89293
915.626 -369.903 -0.887234
915.866 -369.705 -0.88168
916.102 -369.465 -0.874544
916.331 -369.17 -0.865279
916.556 -368.871 -0.855854
916.778 -368.594 -0.847377
917.002 -368.378 -0.841427
917.223 -368.167 -0.835729
917.439 -367.923 -0.82871
917.642 -367.584 -0.817937
917.839 -367.236 -0.806779
918.024 -366.822 -0.792943
918.177 -366.199 -0.770567
918.336 -365.681 -0.752485
918.499 -365.246 -0.737776
918.22 -361.815 -0.599369
918.373 -361.531 -0.590607
918.555 -361.444 -0.590024
918.722 -361.277 -0.586154
918.899 -361.177 -0.585149
918.851 -359.844 -0.532546
918.907 -359.157 -0.506846
919.027 -358.849 -0.496997
919.071 -358.186 -0.472176
919.214 -358.036 -0.468953
919.406 -358.117 -0.475569
919.615 -358.268 -0.485288
919.895 -358.712 -0.507675
920.14 -358.977 -0.522557
920.373 -359.179 -0.534887
920.573 -359.235 -0.541068
920.73 -359.123 -0.540032
920.89 -359.025 -0.53963
921.057 -358.958 -0.540675
916.506 -342.33 0.184446
916.562 -342.31 0.18399
916.618 -342.29 0.183514
916.673 -342.269 0.183016
916.729 -342.249 0.182497
916.784 -342.229 0.181957
916.84 -342.209 0.181395
916.895 -342.188 0.180812
916.951 -342.168 0.180208
917.006 -342.148 0.179583
917.061 -342.128 0.178936
917.117 -342.108 0.178267
917.172 -342.087 0.177577
917.227 -342.067 0.176865
917.283 -342.047 0.176132
917.338 -342.027 0.175377
917.394 -342.006 0.1746
917.449 -341.986 0.1738
917.505 -341.966 0.172979
917.56 -341.945 0.172136
917.616 -341.925 0.17127
917.672 -341.905 0.170382
917.747 -341.928 0.167357
916.349 -338.802 0.317326
916.369 -338.763 0.318046
916.404 -338.752 0.317382
916.438 -338.742 0.316703
916.472 -338.731 0.316009
925.929 -357.135 -0.60356
926.317 -357.491 -0.627804
926.954 -358.302 -0.675313
927.154 -358.273 -0.680765
927.443 -358.403 -0.694469
927.666 -358.408 -0.701924
927.856 -358.351 -0.706306
928.027 -358.259 -0.709006
928.161 -358.104 -0.708436
928.343 -358.033 -0.712335
928.461 -357.852 -0.710547
928.613 -357.731 -0.711916
928.719 -357.536 -0.709419
928.77 -357.259 -0.702469
928.745 -356.868 -0.689265
928.644 -356.367 -0.669972
928.322 -355.547 -0.632882
928.198 -355.041 -0.612721
928.193 -354.722 -0.602757
928.276 -354.537 -0.600215
928.129 -354.028 -0.579331
927.843 -353.336 -0.547779
927.844 -353.056 -0.539473
927.931 -352.901 -0.538223
928.03 -352.762 -0.537958
928.093 -352.578 -0.535041
928.213 -352.469 -0.536567
928.266 -352.276 -0.533128
928.313 -352.077 -0.529324
928.416 -351.951 -0.529887
928.642 -351.977 -0.539684
929.905 -353.259 -0.626598
930.576 -353.793 -0.668739
930.749 -353.72 -0.673826
930.059 -352.643 -0.616066
930.135 -352.472 -0.614661
930.368 -352.481 -0.624675
930.428 -352.292 -0.6222
930.618 -352.248 -0.62912
930.767 -352.158 -0.633193
930.872 -352.021 -0.634168
931.079 -351.991 -0.642389
931.359 -352.035 -0.655715
931.672 -352.108 -0.67126
931.994 -352.186 -0.687372
932.232 -352.173 -0.697596
932.436 -352.125 -0.705573
932.615 -352.049 -0.711763
932.77 -351.949 -0.716431
932.888 -351.814 -0.718604
932.947 -351.624 -0.716954
930.87 -349.477 -0.572663
929.895 -348.384 -0.503078
930.768 -348.964 -0.556465
930.957 -348.923 -0.564386
931.24 -348.962 -0.578499
931.387 -348.881 -0.583686
931.498 -348.767 -0.586507
931.569 -348.621 -0.586826
931.622 -348.46 -0.586061
907.768 -375.24 -1.21083
907.991 -375.711 -1.23063
908.24 -376.038 -1.24441
908.54 -376.021 -1.24359
908.921 -375.361 -1.21546
909.239 -375.15 -1.20657
909.546 -374.993 -1.20015
909.86 -374.751 -1.19016
910.168 -374.534 -1.18138
910.483 -374.197 -1.16756
910.793 -373.863 -1.15394
911.097 -373.535 -1.1407
911.397 -373.209 -1.12766
911.691 -372.89 -1.115
911.98 -372.574 -1.10251
912.264 -372.265 -1.09045
912.544 -371.959 -1.07859
912.819 -371.655 -1.0669
913.089 -371.359 -1.05562
913.355 -371.063 -1.04443
913.617 -370.773 -1.03357
913.875 -370.437 -1.02082
914.129 -370.246 -1.01437
914.379 -370.049 -1.00773
914.627 -369.852 -1.0012
914.872 -369.653 -0.994637
915.115 -369.46 -0.988384
915.354 -369.266 -0.982202
915.592 -369.073 -0.97611
915.825 -368.858 -0.969163
916.053 -368.586 -0.959727
916.278 -368.323 -0.950814
916.503 -368.114 -0.944275
916.726 -367.917 -0.938339
916.947 -367.721 -0.932498
917.165 -367.522 -0.92662
917.373 -367.246 -0.917378
917.574 -366.942 -0.906974
917.771 -366.634 -0.896375
917.933 -366.055 -0.87382
918.105 -365.63 -0.858097
917.777 -361.444 -0.674571
917.929 -361.145 -0.664051
917.905 -359.666 -0.600704
918.057 -359.468 -0.59465
918.221 -359.366 -0.592917
918.041 -357.214 -0.498685
918.191 -357.128 -0.49757
918.292 -356.774 -0.48433
918.408 -356.524 -0.475788
918.546 -356.404 -0.473251
918.694 -356.339 -0.473224
918.872 -356.419 -0.4799
919.08 -356.628 -0.492626
919.281 -356.79 -0.503312
919.501 -357.02 -0.517302
919.696 -357.135 -0.526051
919.866 -357.134 -0.529501
920.052 -357.196 -0.535978
920.239 -357.257 -0.542493
920.393 -357.188 -0.542993
920.547 -357.121 -0.543643
916.524 -342.394 0.15179
916.562 -342.309 0.15442
916.617 -342.289 0.153956
916.673 -342.269 0.15347
916.728 -342.248 0.152961
916.784 -342.228 0.152429
916.839 -342.208 0.151874
916.895 -342.188 0.151297
916.95 -342.167 0.150697
917.005 -342.147 0.150074
917.061 -342.127 0.149429
917.116 -342.107 0.14876
917.171 -342.086 0.148068
917.227 -342.066 0.147353
917.282 -342.046 0.146616
917.338 -342.026 0.145855
916.249 -339.215 0.286574
916.124 -338.817 0.305642
916.157 -338.806 0.305086
916.191 -338.796 0.304516
916.224 -338.785 0.303932
916.258 -338.774 0.303334
916.291 -338.763 0.302722
916.325 -338.752 0.302096
916.359 -338.741 0.301456
916.393 -338.73 0.300802
916.426 -338.719 0.300134
916.46 -338.708 0.299451
916.494 -338.697 0.298753
916.529 -338.685 0.298041
916.563 -338.674 0.297314
916.597 -338.663 0.296573
916.631 -338.652 0.295816
916.665 -338.64 0.295044
926.976 -356.797 -0.716931
927.113 -356.67 -0.717187
927.246 -356.54 -0.71724
927.093 -355.929 -0.690135
927.203 -355.768 -0.688448
927.317 -355.618 -0.687322
927.445 -355.493 -0.687702
927.608 -355.422 -0.691256
927.739 -355.302 -0.692077
927.772 -355.032 -0.684077
927.897 -354.906 -0.684525
927.996 -354.743 -0.682838
927.962 -354.386 -0.669556
927.742 -353.769 -0.640405
927.649 -353.347 -0.622768
927.679 -353.107 -0.616068
927.695 -352.853 -0.608441
927.812 -352.74 -0.609475
927.904 -352.595 -0.608543
927.971 -352.418 -0.605617
927.99 -352.181 -0.598873
927.614 -351.44 -0.559906
927.779 -351.403 -0.565656
927.993 -351.424 -0.575322
928.265 -351.515 -0.589692
928.559 -351.627 -0.605725
928.839 -351.716 -0.620439
929.073 -351.745 -0.63147
929.241 -351.695 -0.637328
929.718 -351.996 -0.667217
930.001 -352.068 -0.681835
929.616 -351.389 -0.644984
930.469 -352.086 -0.703282
930.63 -352.012 -0.708419
930.765 -351.909 -0.711667
930.95 -351.857 -0.718685
931.159 -351.83 -0.727539
931.418 -351.85 -0.740041
931.718 -351.908 -0.755627
932.091 -352.035 -0.776523
932.314 -352.006 -0.786227
932.506 -351.945 -0.793715
932.673 -351.858 -0.799404
929.503 -348.625 -0.564267
929.504 -348.425 -0.559211
929.575 -348.292 -0.55929
929.686 -348.196 -0.562335
929.82 -348.12 -0.567007
929.968 -348.055 -0.572732
930.213 -348.073 -0.585275
931.245 -348.761 -0.652966
931.335 -348.631 -0.654406
931.375 -348.462 -0.652548
930.079 -347.199 -0.558245
929.784 -346.776 -0.533719
 ] }
 color Color { color [
0.0836333 0 0.916367
0.08132 0 0.91868
0.0812803 0 0.91872
0.0812445 0 0.918755
0.0812129 0 0.918787
0.0811853 0 0.918815
0.0811614 0 0.918839
0.081142 0 0.918858
0.0811261 0 0.918874
0.0811147 0 0.918885
0.0811072 0 0.918893
0.0833655 0 0.916635
0.083366 0 0.916634
0.0833706 0 0.916629
0.0810564 0 0.918944
0.0810689 0 0.918931
0.0810856 0 0.918914
0.0811065 0 0.918894
0.0811315 0 0.918869
0.0811601 0 0.91884
0.0811931 0 0.918807
0.0812304 0 0.91877
0.0812714 0 0.918729
0.0836469 0 0.916353
0.0836979 0 0.916302
0.144636 0 0.855364
0.144773 0 0.855227
0.144918 0 0.855082
0.0505305 0 0.94947
0.280363 0 0.719637
0.280235 0 0.719765
0.0836143 0 0.916386
0.0813024 0 0.918698
0.0812625 0 0.918737
0.0812267 0 0.918773
0.0811951 0 0.918805
0.0811675 0 0.918833
0.0811436 0 0.918856
0.0811242 0 0.918876
0.0811089 0 0.918891
0.0810973 0 0.918903
0.0810897 0 0.91891
0.0833472 0 0.916653
0.0833477 0 0.916652
0.08103 0 0.91897
0.0810386 0 0.918961
0.0810512 0 0.918949
0.0810678 0 0.918932
0.0810888 0 0.918911
0.0811137 0 0.918886
0.0811424 0 0.918858
0.0811753 0 0.918825
0.0812123 0 0.918788
0.0812533 0 0.918747
0.0813095 0 0.91869
0.0836793 0 0.916321
0.144602 0 0.855398
0.14474 0 0.85526
0.144884 0 0.855116
0.0505146 0 0.949485
0.280337 0 0.719663
0.28021 0 0.71979
0.445414 0 0.554586
0.0815197 0 0.91848
0.0812858 0 0.918714
0.081246 0 0.918754
0.0812099 0 0.91879
0.0811783 0 0.918822
0.0811507 0 0.918849
0.0811269 0 0.918873
0.0811075 0 0.918893
0.0810918 0 0.918908
0.0810805 0 0.91892
0.0810729 0 0.918927
0.0833299 0 0.91667
0.0833304 0 0.91667
0.0810133 0 0.918987
0.0810219 0 0.918978
0.0810345 0 0.918965
0.0810511 0 0.918949
0.081072 0 0.918928
0.081097 0 0.918903
0.081126 0 0.918874
0.0811587 0 0.918841
0.0811956 0 0.918804
0.081237 0 0.918763
0.0812904 0 0.91871
0.083662 0 0.916338
0.144571 0 0.855429
0.144708 0 0.855292
0.144853 0 0.855147
0.0504997 0 0.9495
0.280315 0 0.719685
0.280188 0 0.719812
0.445733 0 0.554267
0.448493 0 0.551507
0.0815041 0 0.918496
0.0812697 0 0.91873
0.0812301 0 0.91877
0.0811944 0 0.918806
0.0811627 0 0.918837
0.0811349 0 0.918865
0.0811114 0 0.918889
0.0810917 0 0.918908
0.081076 0 0.918924
0.0810647 0 0.918935
0.0810575 0 0.918943
0.0814308 0 0.918569
0.0833145 0 0.916686
0.0809976 0 0.919002
0.0810062 0 0.918994
0.0810191 0 0.918981
0.0810357 0 0.918964
0.0810563 0 0.918944
0.0810813 0 0.918919
0.0811103 0 0.91889
0.0811429 0 0.918857
0.0811802 0 0.91882
0.0812212 0 0.918779
0.0812722 0 0.918728
0.0836461 0 0.916354
0.144541 0 0.855459
0.144678 0 0.855322
0.144823 0 0.855177
0.0504852 0 0.949515
0.280296 0 0.719704
0.280169 0 0.719831
0.446058 0 0.553942
0.0814899 0 0.91851
0.0812552 0 0.918745
0.0812153 0 0.918785
0.0811796 0 0.91882
0.081148 0 0.918852
0.0811203 0 0.91888
0.0810967 0 0.918903
0.0810773 0 0.918923
0.0810616 0 0.918938
0.08105 0 0.91895
0.0810425 0 0.918958
0.081415 0 0.918585
0.0832993 0 0.916701
0.0809829 0 0.919017
0.0809915 0 0.919008
0.0810044 0 0.918996
0.081021 0 0.918979
0.0810416 0 0.918958
0.0810666 0 0.918933
0.0810956 0 0.918904
0.0811282 0 0.918872
0.0811652 0 0.918835
0.0812062 0 0.918794
0.0812551 0 0.918745
0.0836309 0 0.916369
0.144513 0 0.855487
0.14465 0 0.85535
0.144795 0 0.855205
0.0504712 0 0.949529
0.280281 0 0.719719
0.280154 0 0.719846
0.446389 0 0.553611
0.0814764 0 0.918524
0.0812416 0 0.918758
0.0812018 0 0.918798
0.0811427 0 0.918857
0.081109 0 0.918891
0.0810794 0 0.918921
0.0810539 0 0.918946
0.0810324 0 0.918968
0.0810479 0 0.918952
0.0810363 0 0.918964
0.0810291 0 0.918971
0.0814005 0 0.918599
0.0832854 0 0.916715
0.0809695 0 0.919031
0.0809781 0 0.919022
0.0809907 0 0.919009
0.0808667 0 0.919133
0.0808857 0 0.919114
0.0809087 0 0.919091
0.0809356 0 0.919064
0.0809665 0 0.919033
0.0811515 0 0.918849
0.0811929 0 0.918807
0.0812393 0 0.918761
0.0836168 0 0.916383
0.144487 0 0.855513
0.144624 0 0.855376
0.144768 0 0.855232
0.0504589 0 0.949541
0.280269 0 0.719731
0.280142 0 0.719858
0.446727 0 0.553273
0.0814635 0 0.918536
0.0812291 0 0.918771
0.0811892 0 0.918811
0.0808305 0 0.919169
0.0807968 0 0.919203
0.0807675 0 0.919232
0.080742 0 0.919258
0.0807209 0 0.919279
0.0810354 0 0.918965
0.0810241 0 0.918976
0.0810163 0 0.918984
0.0813867 0 0.918613
0.0832723 0 0.916728
0.0809568 0 0.919043
0.0809653 0 0.919035
0.080978 0 0.919022
0.0805561 0 0.919444
0.0805748 0 0.919425
0.0805976 0 0.919402
0.0806243 0 0.919376
0.0806554 0 0.919345
0.0811388 0 0.918861
0.0811802 0 0.91882
0.0812252 0 0.918775
0.0836033 0 0.916397
0.144462 0 0.855538
0.1446 0 0.8554
0.144744 0 0.855256
0.050448 0 0.949552
0.280261 0 0.719739
0.280134 0 0.719866
0.451824 0 0.548176
0.447069 0 0.552931
0.0814516 0 0.918548
0.0812172 0 0.918783
0.0811775 0 0.918823
0.0806708 0 0.919329
0.0805204 0 0.91948
0.0804933 0 0.919507
0.0804698 0 0.91953
0.0804504 0 0.91955
0.0810236 0 0.918976
0.0810124 0 0.918988
0.0810046 0 0.918995
0.0813742 0 0.918626
0.0832605 0 0.91674
0.080945 0 0.919055
0.0809537 0 0.919046
0.0809663 0 0.919034
0.0803979 0 0.919602
0.0804185 0 0.919582
0.080443 0 0.919557
0.0804716 0 0.919528
0.0805044 0 0.919496
0.0811271 0 0.918873
0.0811682 0 0.918832
0.0812135 0 0.918787
0.0835916 0 0.916408
0.14444 0 0.85556
0.144577 0 0.855423
0.144722 0 0.855278
0.0504377 0 0.949562
0.280256 0 0.719744
0.280129 0 0.719871
0.448548 0 0.551452
0.447418 0 0.552582
0.0814411 0 0.918559
0.0812067 0 0.918793
0.0811666 0 0.918833
0.0806607 0 0.919339
0.0805099 0 0.91949
0.0804828 0 0.919517
0.080459 0 0.919541
0.0804396 0 0.91956
0.0810133 0 0.918987
0.0810017 0 0.918998
0.0809944 0 0.919006
0.0813625 0 0.918638
0.0832497 0 0.91675
0.0809347 0 0.919065
0.0809433 0 0.919057
0.0809559 0 0.919044
0.0803875 0 0.919612
0.0804081 0 0.919592
0.0804323 0 0.919568
0.0804612 0 0.919539
0.0804938 0 0.919506
0.0811165 0 0.918884
0.0811575 0 0.918842
0.060166 0 0.939834
0.0835805 0 0.916419
0.144419 0 0.855581
0.144556 0 0.855444
0.144701 0 0.855299
0.0504281 0 0.949572
0.280255 0 0.719745
0.280128 0 0.719872
0.447946 0 0.552054
0.447773 0 0.552227
0.0814312 0 0.918569
0.0811968 0 0.918803
0.0811571 0 0.918843
0.0806512 0 0.919349
0.0805002 0 0.9195
0.0804731 0 0.919527
0.0804496 0 0.91955
0.0804302 0 0.91957
0.0810038 0 0.918996
0.0809919 0 0.919008
0.0809847 0 0.919015
0.081352 0 0.918648
0.0832397 0 0.91676
0.0809249 0 0.919075
0.0809335 0 0.919066
0.0809462 0 0.919054
0.0803779 0 0.919622
0.0803984 0 0.919602
0.0804227 0 0.919577
0.0804516 0 0.919548
0.0804841 0 0.919516
0.0811072 0 0.918893
0.0811478 0 0.918852
0.0811928 0 0.918807
0.0835706 0 0.916429
0.1444 0 0.8556
0.144537 0 0.855463
0.144682 0 0.855318
0.0504194 0 0.949581
0.280257 0 0.719743
0.28013 0 0.71987
0.448308 0 0.551692
0.448134 0 0.551866
0.441586 0 0.558414
0.437169 0 0.562831
0.435204 0 0.564796
0.435177 0 0.564823
0.434283 0 0.565717
0.0814227 0 0.918577
0.0811883 0 0.918812
0.0811486 0 0.918851
0.0806431 0 0.919357
0.0804917 0 0.919508
0.0804646 0 0.919535
0.0804412 0 0.919559
0.0804214 0 0.919579
0.080995 0 0.919005
0.0809836 0 0.919016
0.080976 0 0.919024
0.0813423 0 0.918658
0.083231 0 0.916769
0.0809163 0 0.919084
0.0809249 0 0.919075
0.0809375 0 0.919062
0.0803691 0 0.919631
0.0803901 0 0.91961
0.0804147 0 0.919585
0.0804429 0 0.919557
0.0804754 0 0.919525
0.0810985 0 0.918902
0.0811392 0 0.918861
0.0811845 0 0.918815
0.0835619 0 0.916438
0.144383 0 0.855617
0.14452 0 0.85548
0.144664 0 0.855336
0.050411 0 0.949589
0.393042 0 0.606958
0.386374 0 0.613626
0.382029 0 0.617971
0.373665 0 0.626335
0.371775 0 0.628225
0.372672 0 0.627328
0.361018 0 0.638982
0.360656 0 0.639344
0.360363 0 0.639637
0.372303 0 0.627697
0.280262 0 0.719738
0.280135 0 0.719865
0.375834 0 0.624166
0.376266 0 0.623734
0.37701 0 0.62299
0.379512 0 0.620488
0.439902 0 0.560098
0.436774 0 0.563226
0.434679 0 0.565321
0.43349 0 0.56651
0.432658 0 0.567343
0.432147 0 0.567853
0.304698 0 0.695302
0.303147 0 0.696853
0.0814153 0 0.918585
0.0811809 0 0.918819
0.0811408 0 0.918859
0.080636 0 0.919364
0.0804842 0 0.919516
0.0804571 0 0.919543
0.0804337 0 0.919566
0.0804143 0 0.919586
0.0809873 0 0.919013
0.0809761 0 0.919024
0.0809686 0 0.919031
0.0813338 0 0.918666
0.0832233 0 0.916777
0.0809089 0 0.919091
0.0809175 0 0.919082
0.0809302 0 0.91907
0.0803618 0 0.919638
0.0803824 0 0.919618
0.080407 0 0.919593
0.0804352 0 0.919565
0.0804681 0 0.919532
0.0810908 0 0.918909
0.0811319 0 0.918868
0.0811769 0 0.918823
0.0835537 0 0.916446
0.144367 0 0.855633
0.144505 0 0.855495
0.144649 0 0.855351
0.0504032 0 0.949597
0.37806 0 0.62194
0.377698 0 0.622302
0.359783 0 0.640217
0.36172 0 0.63828
0.370898 0 0.629102
0.367537 0 0.632463
0.361974 0 0.638026
0.319192 0 0.680808
0.318346 0 0.681654
0.314814 0 0.685186
0.336756 0 0.663244
0.356899 0 0.643101
0.280271 0 0.719729
0.280144 0 0.719856
0.36991 0 0.63009
0.37032 0 0.62968
0.362089 0 0.637911
0.36311 0 0.63689
0.371432 0 0.628568
0.372962 0 0.627038
0.431431 0 0.568569
0.431306 0 0.568694
0.32239 0 0.67761
0.30458 0 0.69542
0.301247 0 0.698753
0.299705 0 0.700295
0.298835 0 0.701165
0.0814084 0 0.918592
0.081174 0 0.918826
0.0811343 0 0.918866
0.0806295 0 0.91937
0.0804777 0 0.919522
0.0804503 0 0.91955
0.0804272 0 0.919573
0.0804076 0 0.919592
0.0809809 0 0.919019
0.0809694 0 0.919031
0.0809619 0 0.919038
0.0813261 0 0.918674
0.0832926 0 0.916707
0.0809022 0 0.919098
0.0809108 0 0.919089
0.0809235 0 0.919077
0.0803551 0 0.919645
0.0803757 0 0.919624
0.0804003 0 0.9196
0.0804289 0 0.919571
0.0804615 0 0.919539
0.0810842 0 0.918916
0.0811252 0 0.918875
0.0811699 0 0.91883
0.083652 0 0.916348
0.144354 0 0.855646
0.144491 0 0.855509
0.144635 0 0.855365
0.0503958 0 0.949604
0.376301 0 0.623699
0.356125 0 0.643875
0.354642 0 0.645358
0.354259 0 0.645741
0.35888 0 0.64112
0.314858 0 0.685142
0.31543 0 0.68457
0.316099 0 0.683901
0.314873 0 0.685127
0.312459 0 0.687541
0.312143 0 0.687857
0.312721 0 0.687279
0.331684 0 0.668316
0.280283 0 0.719717
0.280156 0 0.719844
0.357931 0 0.642069
0.357736 0 0.642264
0.35627 0 0.64373
0.355995 0 0.644005
0.358097 0 0.641903
0.360459 0 0.639541
0.286517 0 0.713483
0.285664 0 0.714336
0.285994 0 0.714006
0.287798 0 0.712202
0.292425 0 0.707575
0.296007 0 0.703993
0.295918 0 0.704082
0.295178 0 0.704822
0.0838271 0 0.916173
0.0811686 0 0.918831
0.0811289 0 0.918871
0.080624 0 0.919376
0.0804722 0 0.919528
0.0804449 0 0.919555
0.0804215 0 0.919579
0.0804021 0 0.919598
0.0809751 0 0.919025
0.0809637 0 0.919036
0.0809562 0 0.919044
0.0835732 0 0.916427
0.0835753 0 0.916425
0.0808968 0 0.919103
0.0809055 0 0.919095
0.0809178 0 0.919082
0.0803813 0 0.919619
0.080404 0 0.919596
0.080431 0 0.919569
0.0804617 0 0.919538
0.080497 0 0.919503
0.0810786 0 0.918921
0.0811196 0 0.91888
0.0811643 0 0.918836
0.0839369 0 0.916063
0.144342 0 0.855658
0.144479 0 0.855521
0.144623 0 0.855377
0.0503896 0 0.94961
0.596569 0 0.403431
0.384397 0 0.615603
0.354959 0 0.645041
0.352936 0 0.647064
0.352431 0 0.647569
0.308507 0 0.691493
0.320679 0 0.679321
0.311485 0 0.688515
0.311252 0 0.688748
0.311657 0 0.688343
0.299711 0 0.700289
0.299533 0 0.700467
0.309943 0 0.690057
0.310295 0 0.689705
0.311137 0 0.688863
0.313134 0 0.686866
0.280299 0 0.719701
0.280172 0 0.719828
0.330342 0 0.669658
0.27928 0 0.72072
0.278171 0 0.721829
0.276855 0 0.723145
0.275857 0 0.724143
0.275851 0 0.724149
0.276782 0 0.723218
0.279763 0 0.720237
0.281953 0 0.718047
0.283487 0 0.716513
0.285175 0 0.714825
0.286612 0 0.713388
0.288486 0 0.711514
0.284796 0 0.715204
0.232603 0 0.767397
0.598543 0 0.401457
0.594534 0 0.405466
0.590595 0 0.409405
0.58668 0 0.41332
0.582447 0 0.417553
0.577909 0 0.422091
0.572561 0 0.427439
0.537407 0 0.462593
0.535595 0 0.464405
0.533805 0 0.466195
0.532043 0 0.467957
0.530338 0 0.469662
0.528718 0 0.471282
0.527083 0 0.472917
0.525465 0 0.474535
0.525026 0 0.474974
0.525122 0 0.474878
0.525373 0 0.474627
0.0845366 0 0.915463
0.0811637 0 0.918836
0.081124 0 0.918876
0.0807011 0 0.919299
0.0806708 0 0.919329
0.0806443 0 0.919356
0.0806217 0 0.919378
0.0806036 0 0.919396
0.0809704 0 0.91903
0.0809592 0 0.919041
0.0809518 0 0.919048
0.084267 0 0.915733
0.0842678 0 0.915732
0.0842721 0 0.915728
0.0809005 0 0.9191
0.0809135 0 0.919087
0.0806564 0 0.919344
0.0806793 0 0.919321
0.0807065 0 0.919293
0.0807378 0 0.919262
0.080773 0 0.919227
0.0810739 0 0.918926
0.0811149 0 0.918885
0.0845511 0 0.915449
0.0846022 0 0.915398
0.144332 0 0.855668
0.144469 0 0.855531
0.144613 0 0.855387
0.0503837 0 0.949616
0.51554 0 0.48446
0.511199 0 0.488801
0.509151 0 0.490849
0.509109 0 0.490891
0.509058 0 0.490942
0.510647 0 0.489353
0.509362 0 0.490638
0.503779 0 0.496221
0.508098 0 0.491902
0.508657 0 0.491343
0.511052 0 0.488948
0.50783 0 0.49217
0.522106 0 0.477894
0.525025 0 0.474975
0.525787 0 0.474213
0.52757 0 0.47243
0.38785 0 0.61215
0.379218 0 0.620782
0.347926 0 0.652074
0.344399 0 0.655601
0.341893 0 0.658107
0.336061 0 0.663939
0.336271 0 0.663729
0.306272 0 0.693728
0.304819 0 0.695181
0.305474 0 0.694526
0.30682 0 0.69318
0.304959 0 0.695041
0.300741 0 0.699259
0.297589 0 0.702411
0.296331 0 0.703669
0.297608 0 0.702392
0.308629 0 0.691371
0.309573 0 0.690427
0.309616 0 0.690384
0.280318 0 0.719682
0.280191 0 0.719809
0.278926 0 0.721074
0.276414 0 0.723586
0.275336 0 0.724664
0.275309 0 0.724691
0.274477 0 0.725523
0.274459 0 0.725541
0.275226 0 0.724774
0.275884 0 0.724116
0.278476 0 0.721524
0.280021 0 0.719979
0.280968 0 0.719032
0.281511 0 0.718489
0.281083 0 0.718917
0.280641 0 0.719359
0.232625 0 0.767375
0.232928 0 0.767072
0.596218 0 0.403782
0.592661 0 0.407339
0.589401 0 0.410599
0.589453 0 0.410547
0.587621 0 0.412379
0.584947 0 0.415053
0.583628 0 0.416372
0.580112 0 0.419888
0.579305 0 0.420695
0.578003 0 0.421997
0.576808 0 0.423192
0.575763 0 0.424237
0.57615 0 0.42385
0.582213 0 0.417787
0.577794 0 0.422206
0.47725 0 0.52275
0.476667 0 0.523333
0.476846 0 0.523154
0.580408 0 0.419592
0.581759 0 0.418241
0.570899 0 0.429101
0.567637 0 0.432363
0.564726 0 0.435274
0.579753 0 0.420247
0.576799 0 0.423201
0.576764 0 0.423236
0.576786 0 0.423214
0.579724 0 0.420276
0.583435 0 0.416565
0.569664 0 0.430336
0.56691 0 0.43309
0.563819 0 0.436181
0.563522 0 0.436478
0.560341 0 0.439659
0.560341 0 0.439659
0.559194 0 0.440806
0.570428 0 0.429572
0.569723 0 0.430277
0.568437 0 0.431563
0.559985 0 0.440015
0.531725 0 0.468275
0.532703 0 0.467297
0.559905 0 0.440095
0.55661 0 0.44339
0.551131 0 0.448869
0.545639 0 0.454361
0.540172 0 0.459828
0.534808 0 0.465192
0.52999 0 0.47001
0.5253 0 0.4747
0.519939 0 0.480061
0.515962 0 0.484038
0.512303 0 0.487697
0.509329 0 0.490671
0.507547 0 0.492453
0.505799 0 0.494201
0.504152 0 0.495848
0.502446 0 0.497554
0.500763 0 0.499237
0.498912 0 0.501088
0.496018 0 0.503982
0.491917 0 0.508083
0.489529 0 0.510471
0.488137 0 0.511863
0.48666 0 0.51334
0.485178 0 0.514822
0.483699 0 0.516301
0.0845326 0 0.915467
0.0844875 0 0.915513
0.0811206 0 0.918879
0.0809796 0 0.91902
0.080949 0 0.919051
0.0809224 0 0.919078
0.0808996 0 0.9191
0.0808812 0 0.919119
0.080967 0 0.919033
0.0809555 0 0.919044
0.0842668 0 0.915733
0.0842632 0 0.915737
0.084264 0 0.915736
0.0842686 0 0.915731
0.0808974 0 0.919103
0.0809098 0 0.91909
0.0809265 0 0.919074
0.0809472 0 0.919053
0.0809719 0 0.919028
0.0810006 0 0.918999
0.0810336 0 0.918966
0.0810703 0 0.91893
0.0811113 0 0.918889
0.0845474 0 0.915453
0.0845982 0 0.915402
0.050135 0 0.949865
0.14446 0 0.85554
0.144605 0 0.855395
0.0503782 0 0.949622
0.448854 0 0.551146
0.447578 0 0.552422
0.448077 0 0.551923
0.447123 0 0.552877
0.449219 0 0.550781
0.451091 0 0.548909
0.453403 0 0.546597
0.456087 0 0.543913
0.457755 0 0.542245
0.459022 0 0.540978
0.462159 0 0.537841
0.460737 0 0.539263
0.45911 0 0.54089
0.457777 0 0.542223
0.456055 0 0.543945
0.384115 0 0.615885
0.350605 0 0.649395
0.324374 0 0.675626
0.324048 0 0.675952
0.307078 0 0.692922
0.305002 0 0.694998
0.304174 0 0.695826
0.30286 0 0.69714
0.302905 0 0.697095
0.302978 0 0.697022
0.303188 0 0.696812
0.302631 0 0.697369
0.301574 0 0.698426
0.299024 0 0.700976
0.294195 0 0.705805
0.291527 0 0.708473
0.289784 0 0.710216
0.286324 0 0.713676
0.284149 0 0.715851
0.284566 0 0.715434
0.280341 0 0.719659
0.280213 0 0.719787
0.275383 0 0.724617
0.274361 0 0.725639
0.273221 0 0.726779
0.273511 0 0.726489
0.273314 0 0.726686
0.273305 0 0.726695
0.27379 0 0.72621
0.27437 0 0.72563
0.276365 0 0.723635
0.277655 0 0.722345
0.278198 0 0.721802
0.2781 0 0.7219
0.278363 0 0.721637
0.277854 0 0.722146
0.232649 0 0.767351
0.232933 0 0.767067
0.271853 0 0.728147
0.515206 0 0.484794
0.517179 0 0.482821
0.517078 0 0.482922
0.512392 0 0.487608
0.500852 0 0.499148
0.498312 0 0.501688
0.497058 0 0.502942
0.494964 0 0.505036
0.492789 0 0.507211
0.492743 0 0.507257
0.47959 0 0.52041
0.464644 0 0.535356
0.454375 0 0.545624
0.447994 0 0.552006
0.444694 0 0.555306
0.445199 0 0.554801
0.446677 0 0.553323
0.448687 0 0.551314
0.457356 0 0.542644
0.470164 0 0.529836
0.476214 0 0.523786
0.436616 0 0.563384
0.432874 0 0.567126
0.430502 0 0.569498
0.427999 0 0.572001
0.425675 0 0.574325
0.423239 0 0.576761
0.420894 0 0.579106
0.418593 0 0.581407
0.416321 0 0.583679
0.41406 0 0.58594
0.411749 0 0.588251
0.409669 0 0.590331
0.408069 0 0.591931
0.406689 0 0.593311
0.406152 0 0.593848
0.408419 0 0.591581
0.411204 0 0.588796
0.414074 0 0.585926
0.416871 0 0.583129
0.500374 0 0.499626
0.499987 0 0.500013
0.496977 0 0.503023
0.494732 0 0.505268
0.493243 0 0.506757
0.491765 0 0.508235
0.490678 0 0.509322
0.419272 0 0.580728
0.416685 0 0.583315
0.416326 0 0.583674
0.420069 0 0.579931
0.430819 0 0.569181
0.44201 0 0.557989
0.442813 0 0.557187
0.468472 0 0.531528
0.464671 0 0.535329
0.460758 0 0.539242
0.457336 0 0.542664
0.453684 0 0.546316
0.449231 0 0.550769
0.443259 0 0.556741
0.438256 0 0.561743
0.434452 0 0.565548
0.431037 0 0.568963
0.427652 0 0.572348
0.423365 0 0.576635
0.418702 0 0.581298
0.08453 0 0.91547
0.0844845 0 0.915515
0.0811178 0 0.918882
0.0810822 0 0.918918
0.0810507 0 0.918949
0.081023 0 0.918977
0.0809997 0 0.919
0.0809798 0 0.91902
0.0809645 0 0.919035
0.0809532 0 0.919047
0.0842642 0 0.915736
0.0842608 0 0.915739
0.0842613 0 0.915739
0.0842662 0 0.915734
0.0842747 0 0.915725
0.0809074 0 0.919093
0.0809238 0 0.919076
0.0809445 0 0.919055
0.0809696 0 0.91903
0.0809979 0 0.919002
0.0810309 0 0.918969
0.081068 0 0.918932
0.0844977 0 0.915502
0.0845447 0 0.915455
0.0845959 0 0.915404
0.0502027 0 0.949797
0.144454 0 0.855546
0.144598 0 0.855402
0.0503739 0 0.949626
0.405007 0 0.594993
0.40684 0 0.59316
0.408968 0 0.591032
0.409665 0 0.590335
0.410505 0 0.589495
0.4096 0 0.5904
0.409224 0 0.590776
0.407833 0 0.592167
0.406799 0 0.593201
0.405437 0 0.594563
0.403622 0 0.596378
0.401807 0 0.598193
0.400731 0 0.599269
0.397595 0 0.602405
0.373747 0 0.626253
0.359038 0 0.640962
0.320064 0 0.679936
0.307967 0 0.692033
0.301826 0 0.698174
0.300767 0 0.699233
0.301352 0 0.698648
0.300624 0 0.699376
0.300754 0 0.699246
0.301387 0 0.698613
0.301261 0 0.698739
0.301272 0 0.698728
0.300575 0 0.699425
0.299463 0 0.700537
0.297143 0 0.702857
0.289732 0 0.710268
0.287488 0 0.712512
0.285285 0 0.714715
0.282452 0 0.717548
0.281035 0 0.718965
0.28108 0 0.71892
0.281903 0 0.718097
0.268733 0 0.731267
0.267645 0 0.732355
0.268961 0 0.731039
0.269774 0 0.730226
0.270977 0 0.729023
0.27163 0 0.72837
0.271851 0 0.728149
0.272242 0 0.727758
0.273027 0 0.726973
0.27444 0 0.72556
0.262682 0 0.737318
0.272097 0 0.727903
0.268895 0 0.731105
0.267479 0 0.732521
0.267237 0 0.732763
0.232677 0 0.767323
0.232942 0 0.767058
0.269455 0 0.730545
0.268112 0 0.731888
0.495551 0 0.504449
0.493519 0 0.506481
0.491865 0 0.508135
0.49074 0 0.50926
0.489652 0 0.510348
0.488588 0 0.511412
0.487548 0 0.512452
0.486354 0 0.513646
0.479912 0 0.520088
0.465475 0 0.534525
0.453555 0 0.546445
0.443888 0 0.556112
0.436115 0 0.563885
0.429483 0 0.570517
0.427092 0 0.572908
0.425109 0 0.574891
0.42298 0 0.57702
0.42134 0 0.57866
0.419418 0 0.580582
0.417717 0 0.582283
0.416125 0 0.583875
0.414551 0 0.585449
0.413024 0 0.586976
0.411525 0 0.588475
0.410053 0 0.589947
0.408602 0 0.591398
0.407164 0 0.592836
0.405771 0 0.594229
0.404404 0 0.595596
0.403063 0 0.596937
0.401747 0 0.598253
0.400456 0 0.599544
0.398545 0 0.601455
0.392876 0 0.607124
0.387801 0 0.612199
0.384413 0 0.615587
0.382298 0 0.617702
0.380683 0 0.619317
0.379351 0 0.620649
0.377738 0 0.622262
0.376649 0 0.623351
0.375371 0 0.624629
0.374911 0 0.625089
0.374429 0 0.625571
0.373974 0 0.626026
0.373529 0 0.626471
0.373125 0 0.626876
0.372757 0 0.627243
0.372117 0 0.627883
0.3751 0 0.6249
0.378227 0 0.621773
0.380908 0 0.619092
0.399154 0 0.600846
0.383993 0 0.616007
0.381887 0 0.618113
0.38278 0 0.61722
0.37968 0 0.62032
0.375033 0 0.624967
0.380499 0 0.619501
0.389719 0 0.610281
0.388641 0 0.611359
0.385271 0 0.614729
0.381729 0 0.618271
0.377632 0 0.622368
0.37396 0 0.62604
0.372067 0 0.627933
0.0845285 0 0.915471
0.0842444 0 0.915756
0.0842026 0 0.915797
0.0810808 0 0.918919
0.0810493 0 0.918951
0.0810216 0 0.918978
0.0809982 0 0.919002
0.0809783 0 0.919022
0.0809632 0 0.919037
0.0840253 0 0.915975
0.0840162 0 0.915984
0.084011 0 0.915989
0.0840099 0 0.91599
0.0840123 0 0.915988
0.0840195 0 0.915981
0.0809904 0 0.91901
0.0810092 0 0.918991
0.0810326 0 0.918967
0.0810597 0 0.91894
0.0810916 0 0.918908
0.0811277 0 0.918872
0.0811675 0 0.918832
0.084218 0 0.915782
0.0842612 0 0.915739
0.0502203 0 0.94978
0.0499984 0 0.950002
0.0500471 0 0.949953
0.0500988 0 0.949901
0.0501529 0 0.949847
0.370562 0 0.629438
0.370242 0 0.629758
0.369756 0 0.630244
0.370296 0 0.629704
0.370469 0 0.629531
0.370468 0 0.629532
0.371125 0 0.628875
0.371084 0 0.628916
0.372431 0 0.627569
0.368379 0 0.631621
0.366468 0 0.633533
0.364464 0 0.635536
0.361794 0 0.638206
0.360124 0 0.639876
0.354163 0 0.645837
0.321254 0 0.678746
0.298884 0 0.701116
0.295526 0 0.704474
0.292317 0 0.707683
0.290568 0 0.709432
0.288894 0 0.711106
0.292552 0 0.707448
0.2972 0 0.7028
0.298065 0 0.701935
0.299175 0 0.700825
0.298558 0 0.701442
0.298586 0 0.701414
0.297358 0 0.702642
0.293453 0 0.706547
0.287328 0 0.712672
0.285169 0 0.714831
0.281657 0 0.718343
0.279514 0 0.720486
0.271592 0 0.728408
0.266924 0 0.733076
0.266582 0 0.733418
0.266132 0 0.733868
0.265968 0 0.734032
0.266409 0 0.733591
0.266236 0 0.733764
0.267243 0 0.732757
0.268641 0 0.731359
0.269583 0 0.730417
0.261324 0 0.738676
0.260966 0 0.739034
0.260363 0 0.739637
0.261053 0 0.738947
0.261799 0 0.738201
0.2632 0 0.7368
0.263644 0 0.736356
0.263934 0 0.736066
0.232864 0 0.767136
0.233186 0 0.766814
0.266366 0 0.733634
0.235529 0 0.764471
0.232965 0 0.767035
0.484186 0 0.515814
0.483018 0 0.516982
0.481943 0 0.518057
0.480875 0 0.519125
0.47979 0 0.52021
0.478724 0 0.521276
0.476955 0 0.523045
0.468846 0 0.531154
0.455681 0 0.544319
0.442804 0 0.557196
0.434543 0 0.565457
0.427374 0 0.572626
0.424322 0 0.575678
0.422225 0 0.577775
0.420177 0 0.579823
0.418151 0 0.581849
0.416174 0 0.583826
0.414257 0 0.585743
0.412315 0 0.587685
0.410507 0 0.589493
0.40887 0 0.59113
0.406974 0 0.593026
0.405544 0 0.594456
0.403757 0 0.596243
0.402349 0 0.597651
0.400954 0 0.599046
0.399604 0 0.600396
0.398279 0 0.601721
0.396978 0 0.603022
0.395218 0 0.604782
0.390704 0 0.609296
0.386596 0 0.613404
0.383145 0 0.616855
0.379621 0 0.620379
0.37755 0 0.62245
0.375779 0 0.624221
0.373992 0 0.626008
0.372251 0 0.627749
0.370539 0 0.629461
0.368811 0 0.631189
0.367061 0 0.632939
0.364701 0 0.635299
0.362067 0 0.637933
0.36063 0 0.63937
0.35793 0 0.64207
0.35184 0 0.64816
0.347056 0 0.652944
0.341374 0 0.658626
0.343798 0 0.656202
0.347625 0 0.652375
0.352698 0 0.647302
0.353917 0 0.646083
0.353812 0 0.646188
0.35008 0 0.64992
0.344362 0 0.655638
0.341639 0 0.658361
0.333585 0 0.666415
0.328176 0 0.671824
0.322541 0 0.677459
0.330456 0 0.669544
0.340764 0 0.659236
0.340269 0 0.659731
0.338557 0 0.661443
0.336946 0 0.663054
0.334879 0 0.66512
0.0840929 0 0.915907
0.0840008 0 0.915999
0.0839595 0 0.91604
0.0813443 0 0.918656
0.0813129 0 0.918687
0.0812863 0 0.918714
0.0812634 0 0.918737
0.0812444 0 0.918756
0.0812303 0 0.91877
0.0837891 0 0.916211
0.0837816 0 0.916218
0.083778 0 0.916222
0.0837785 0 0.916221
0.0837832 0 0.916217
0.0837923 0 0.916208
0.0838053 0 0.916195
0.0812944 0 0.918706
0.0813177 0 0.918682
0.0813453 0 0.918655
0.0813774 0 0.918623
0.0814135 0 0.918587
0.0839715 0 0.916029
0.0840138 0 0.915986
0.0840602 0 0.91594
0.0502373 0 0.949763
0.0499723 0 0.950028
0.0500232 0 0.949977
0.0500769 0 0.949923
0.0501328 0 0.949867
0.338691 0 0.661309
0.342527 0 0.657473
0.343703 0 0.656297
0.342867 0 0.657133
0.343048 0 0.656952
0.342178 0 0.657822
0.341037 0 0.658963
0.339975 0 0.660025
0.338871 0 0.661129
0.337691 0 0.662309
0.33638 0 0.66362
0.334841 0 0.665159
0.332541 0 0.667459
0.328018 0 0.671982
0.32008 0 0.67992
0.305178 0 0.694822
0.294298 0 0.705702
0.286814 0 0.713186
0.285874 0 0.714126
0.282135 0 0.717865
0.281797 0 0.718203
0.282683 0 0.717317
0.282594 0 0.717406
0.281618 0 0.718382
0.282748 0 0.717252
0.283907 0 0.716093
0.29512 0 0.70488
0.287247 0 0.712753
0.285245 0 0.714755
0.262824 0 0.737176
0.263606 0 0.736394
0.263352 0 0.736648
0.263092 0 0.736907
0.262919 0 0.737081
0.265061 0 0.734939
0.264723 0 0.735277
0.264583 0 0.735417
0.264442 0 0.735558
0.263748 0 0.736252
0.263234 0 0.736766
0.256496 0 0.743504
0.256548 0 0.743452
0.2577 0 0.7423
0.258442 0 0.741558
0.258839 0 0.741161
0.25901 0 0.74099
0.259447 0 0.740553
0.260021 0 0.739979
0.260856 0 0.739144
0.261373 0 0.738627
0.261307 0 0.738693
0.260819 0 0.739181
0.260459 0 0.739541
0.23327 0 0.76673
0.23101 0 0.76899
0.230257 0 0.769743
0.230459 0 0.769541
0.471931 0 0.528069
0.47065 0 0.529351
0.469388 0 0.530612
0.46823 0 0.53177
0.467268 0 0.532732
0.466324 0 0.533676
0.459692 0 0.540308
0.44451 0 0.55549
0.433027 0 0.566973
0.425617 0 0.574383
0.421786 0 0.578214
0.419698 0 0.580302
0.417647 0 0.582353
0.41564 0 0.58436
0.41366 0 0.58634
0.411723 0 0.588277
0.409816 0 0.590184
0.407954 0 0.592046
0.40611 0 0.59389
0.404315 0 0.595685
0.402537 0 0.597463
0.400809 0 0.599191
0.399106 0 0.600894
0.397388 0 0.602612
0.395896 0 0.604104
0.393957 0 0.606043
0.391986 0 0.608014
0.388196 0 0.611804
0.383632 0 0.616368
0.379217 0 0.620783
0.374953 0 0.625047
0.373031 0 0.626969
0.371344 0 0.628656
0.369677 0 0.630323
0.367974 0 0.632026
0.366285 0 0.633715
0.364227 0 0.635773
0.361008 0 0.638992
0.35793 0 0.64207
0.35494 0 0.64506
0.351685 0 0.648315
0.347011 0 0.652989
0.34206 0 0.65794
0.337687 0 0.662313
0.333676 0 0.666324
0.324684 0 0.675316
0.323022 0 0.676978
0.324698 0 0.675302
0.329787 0 0.670213
0.334237 0 0.665763
0.3335 0 0.6665
0.329624 0 0.670376
0.328643 0 0.671357
0.308044 0 0.691956
0.300974 0 0.699026
0.293527 0 0.706473
0.291159 0 0.708841
0.290581 0 0.709419
0.29226 0 0.70774
0.296569 0 0.703431
0.304375 0 0.695625
0.30472 0 0.69528
0.303603 0 0.696397
0.302915 0 0.697085
0.084093 0 0.915907
0.0840013 0 0.915999
0.0839598 0 0.91604
0.0839233 0 0.916077
0.0838905 0 0.91611
0.0838621 0 0.916138
0.0838378 0 0.916162
0.0838176 0 0.916182
0.0838017 0 0.916198
0.0837898 0 0.91621
0.0837823 0 0.916218
0.0837786 0 0.916221
0.0837792 0 0.916221
0.0837839 0 0.916216
0.0837927 0 0.916207
0.0838057 0 0.916194
0.0838232 0 0.916177
0.0838444 0 0.916156
0.0838701 0 0.91613
0.0838997 0 0.9161
0.0839341 0 0.916066
0.0839722 0 0.916028
0.0840142 0 0.915986
0.0840607 0 0.915939
0.0502454 0 0.949755
0.0499678 0 0.950032
0.050019 0 0.949981
0.0500724 0 0.949928
0.0501286 0 0.949871
0.312452 0 0.687548
0.312987 0 0.687013
0.312112 0 0.687888
0.312944 0 0.687056
0.316694 0 0.683306
0.317614 0 0.682386
0.318793 0 0.681207
0.320384 0 0.679616
0.319151 0 0.680849
0.316845 0 0.683155
0.313283 0 0.686717
0.309707 0 0.690293
0.306167 0 0.693833
0.302216 0 0.697784
0.29621 0 0.70379
0.292285 0 0.707715
0.28561 0 0.71439
0.28338 0 0.71662
0.27729 0 0.72271
0.276611 0 0.723389
0.264622 0 0.735378
0.258185 0 0.741815
0.26009 0 0.73991
0.265312 0 0.734688
0.256297 0 0.743703
0.256204 0 0.743796
0.256787 0 0.743213
0.2572 0 0.7428
0.25611 0 0.74389
0.258611 0 0.741389
0.260156 0 0.739844
0.260528 0 0.739472
0.260183 0 0.739817
0.260069 0 0.739931
0.261842 0 0.738158
0.263161 0 0.736839
0.263018 0 0.736982
0.262119 0 0.737881
0.260296 0 0.739704
0.255695 0 0.744305
0.253793 0 0.746207
0.253376 0 0.746624
0.254174 0 0.745826
0.256134 0 0.743866
0.257167 0 0.742833
0.257674 0 0.742326
0.258047 0 0.741953
0.258766 0 0.741234
0.259217 0 0.740783
0.25957 0 0.74043
0.259192 0 0.740808
0.258091 0 0.741909
0.231725 0 0.768275
0.229205 0 0.770795
0.228226 0 0.771774
0.228714 0 0.771286
0.228969 0 0.771031
0.228786 0 0.771214
0.456072 0 0.543928
0.455496 0 0.544504
0.454933 0 0.545067
0.454381 0 0.545619
0.453821 0 0.546179
0.446126 0 0.553874
0.433581 0 0.566419
0.42417 0 0.57583
0.419309 0 0.580691
0.41722 0 0.58278
0.415187 0 0.584813
0.413183 0 0.586817
0.411212 0 0.588788
0.409278 0 0.590722
0.40738 0 0.59262
0.405512 0 0.594488
0.403684 0 0.596316
0.401882 0 0.598118
0.399776 0 0.600224
0.398275 0 0.601725
0.39552 0 0.60448
0.392951 0 0.607049
0.389597 0 0.610403
0.386284 0 0.613716
0.383051 0 0.616949
0.379103 0 0.620897
0.374741 0 0.625259
0.370741 0 0.629259
0.368651 0 0.631349
0.366972 0 0.633028
0.365329 0 0.634671
0.363619 0 0.636381
0.361753 0 0.638247
0.359228 0 0.640772
0.356249 0 0.643751
0.35329 0 0.64671
0.3504 0 0.6496
0.34768 0 0.65232
0.345391 0 0.654609
0.341806 0 0.658194
0.338172 0 0.661828
0.334532 0 0.665468
0.330275 0 0.669725
0.323249 0 0.676751
0.317377 0 0.682623
0.314103 0 0.685897
0.313193 0 0.686807
0.312425 0 0.687575
0.310992 0 0.689008
0.302363 0 0.697637
0.298397 0 0.701603
0.285967 0 0.714033
0.277492 0 0.722508
0.272295 0 0.727705
0.267818 0 0.732182
0.266792 0 0.733208
0.264916 0 0.735084
0.274219 0 0.725781
0.276992 0 0.723008
0.279432 0 0.720568
0.279353 0 0.720647
0.278641 0 0.721359
0.277986 0 0.722014
0.0845298 0 0.91547
0.0840025 0 0.915997
0.0839614 0 0.916039
0.0839248 0 0.916075
0.0838922 0 0.916108
0.0838635 0 0.916137
0.0838392 0 0.916161
0.0838189 0 0.916181
0.0838031 0 0.916197
0.0837911 0 0.916209
0.0837833 0 0.916217
0.0837801 0 0.91622
0.0837806 0 0.916219
0.0837853 0 0.916215
0.0837941 0 0.916206
0.0838074 0 0.916193
0.0838246 0 0.916175
0.0838462 0 0.916154
0.0838716 0 0.916128
0.0839015 0 0.916098
0.0839352 0 0.916065
0.0839733 0 0.916027
0.084016 0 0.915984
0.0840625 0 0.915938
0.0502541 0 0.949746
0.0499643 0 0.950036
0.0500152 0 0.949985
0.0500685 0 0.949931
0.0501248 0 0.949875
0.284237 0 0.715763
0.289957 0 0.710043
0.290952 0 0.709048
0.292694 0 0.707306
0.298296 0 0.701704
0.301651 0 0.698349
0.300989 0 0.699011
0.299752 0 0.700248
0.298966 0 0.701034
0.289556 0 0.710444
0.287022 0 0.712978
0.284982 0 0.715018
0.283271 0 0.716729
0.280912 0 0.719088
0.279159 0 0.720841
0.275782 0 0.724218
0.273823 0 0.726177
0.273289 0 0.726711
0.266155 0 0.733845
0.25652 0 0.74348
0.248279 0 0.751721
0.246465 0 0.753534
0.236176 0 0.763824
0.234667 0 0.765333
0.235675 0 0.764325
0.238243 0 0.761757
0.243965 0 0.756035
0.24783 0 0.75217
0.251034 0 0.748966
0.254331 0 0.745669
0.257254 0 0.742746
0.258165 0 0.741835
0.257727 0 0.742273
0.25809 0 0.74191
0.259298 0 0.740702
0.260878 0 0.739122
0.260815 0 0.739185
0.248752 0 0.751248
0.246961 0 0.753039
0.251076 0 0.748924
0.24965 0 0.75035
0.250687 0 0.749313
0.251302 0 0.748698
0.253194 0 0.746806
0.255221 0 0.744779
0.256316 0 0.743684
0.256775 0 0.743225
0.257526 0 0.742474
0.257978 0 0.742022
0.25788 0 0.74212
0.257502 0 0.742498
0.231763 0 0.768237
0.227844 0 0.772156
0.225687 0 0.774313
0.226514 0 0.773486
0.227033 0 0.772967
0.227505 0 0.772495
0.227361 0 0.772639
0.227337 0 0.772663
0.435386 0 0.564614
0.438751 0 0.561249
0.438473 0 0.561527
0.437972 0 0.562028
0.432933 0 0.567067
0.423657 0 0.576343
0.416951 0 0.583049
0.414804 0 0.585196
0.412764 0 0.587236
0.41077 0 0.58923
0.408801 0 0.591199
0.406857 0 0.593143
0.404983 0 0.595017
0.402655 0 0.597345
0.400503 0 0.599497
0.39705 0 0.60295
0.393584 0 0.606416
0.390155 0 0.609845
0.38683 0 0.61317
0.383556 0 0.616444
0.380326 0 0.619674
0.377193 0 0.622807
0.37408 0 0.62592
0.370389 0 0.629611
0.366477 0 0.633523
0.36443 0 0.63557
0.362713 0 0.637287
0.360928 0 0.639072
0.358954 0 0.641046
0.357035 0 0.642965
0.355151 0 0.644849
0.352871 0 0.647129
0.350063 0 0.649937
0.347217 0 0.652783
0.34461 0 0.65539
0.342632 0 0.657368
0.340718 0 0.659282
0.338478 0 0.661522
0.335312 0 0.664688
0.332054 0 0.667946
0.328143 0 0.671857
0.322136 0 0.677864
0.317199 0 0.682801
0.3131 0 0.6869
0.278712 0 0.721288
0.276131 0 0.723869
0.275552 0 0.724447
0.27417 0 0.72583
0.273486 0 0.726514
0.260262 0 0.739738
0.253604 0 0.746396
0.250804 0 0.749196
0.244389 0 0.755611
0.243206 0 0.756794
0.244395 0 0.755605
0.246324 0 0.753676
0.251286 0 0.748714
0.254429 0 0.745571
0.256946 0 0.743054
0.257983 0 0.742017
0.257291 0 0.742709
0.25675 0 0.74325
0.256551 0 0.743449
0.0840049 0 0.915995
0.083964 0 0.916036
0.0839272 0 0.916073
0.0838946 0 0.916105
0.0838661 0 0.916134
0.0838419 0 0.916158
0.0838219 0 0.916178
0.0838058 0 0.916194
0.0837938 0 0.916206
0.0837861 0 0.916214
0.0837824 0 0.916218
0.0837833 0 0.916217
0.083788 0 0.916212
0.0837969 0 0.916203
0.0838099 0 0.91619
0.0838271 0 0.916173
0.0838487 0 0.916151
0.0838741 0 0.916126
0.083904 0 0.916096
0.0839377 0 0.916062
0.0839762 0 0.916024
0.0840182 0 0.915982
0.0845468 0 0.915453
0.0502639 0 0.949736
0.0500027 0 0.949997
0.050056 0 0.949944
0.0501125 0 0.949887
0.0501716 0 0.949828
0.257285 0 0.742715
0.262238 0 0.737762
0.27239 0 0.72761
0.27308 0 0.72692
0.275609 0 0.724391
0.276732 0 0.723268
0.277164 0 0.722836
0.277218 0 0.722782
0.276544 0 0.723456
0.276861 0 0.723139
0.275917 0 0.724083
0.275671 0 0.724329
0.274573 0 0.725427
0.2725 0 0.7275
0.269062 0 0.730938
0.264304 0 0.735696
0.255677 0 0.744323
0.250772 0 0.749228
0.248102 0 0.751898
0.247052 0 0.752948
0.242032 0 0.757968
0.234725 0 0.765275
0.23246 0 0.76754
0.231722 0 0.768278
0.231196 0 0.768804
0.230104 0 0.769896
0.229965 0 0.770035
0.228765 0 0.771235
0.227491 0 0.772509
0.227149 0 0.772851
0.228768 0 0.771232
0.246713 0 0.753287
0.255119 0 0.744881
0.255674 0 0.744326
0.242995 0 0.757005
0.242205 0 0.757795
0.243813 0 0.756187
0.242799 0 0.757201
0.243749 0 0.756251
0.244103 0 0.755897
0.243809 0 0.756191
0.245018 0 0.754982
0.24728 0 0.75272
0.24999 0 0.75001
0.252805 0 0.747195
0.254395 0 0.745605
0.255517 0 0.744483
0.256266 0 0.743734
0.256701 0 0.743299
0.256624 0 0.743376
0.255766 0 0.744234
0.225905 0 0.774095
0.211325 0 0.788675
0.22171 0 0.77829
0.222862 0 0.777138
0.225258 0 0.774742
0.225847 0 0.774153
0.225957 0 0.774043
0.225565 0 0.774435
0.224957 0 0.775043
0.415237 0 0.584763
0.41956 0 0.58044
0.422443 0 0.577557
0.421858 0 0.578142
0.414811 0 0.585189
0.412317 0 0.587683
0.410403 0 0.589597
0.407644 0 0.592356
0.405171 0 0.594829
0.401509 0 0.598491
0.397895 0 0.602105
0.394373 0 0.605627
0.390899 0 0.609101
0.387514 0 0.612486
0.384172 0 0.615828
0.380932 0 0.619068
0.377739 0 0.622261
0.374589 0 0.625411
0.371534 0 0.628466
0.368502 0 0.631498
0.365551 0 0.634449
0.362158 0 0.637842
0.360232 0 0.639768
0.358262 0 0.641738
0.356315 0 0.643685
0.354361 0 0.645639
0.352479 0 0.647521
0.350612 0 0.649388
0.348766 0 0.651234
0.346723 0 0.653277
0.344109 0 0.655891
0.341617 0 0.658383
0.339671 0 0.660329
0.337863 0 0.662137
0.336077 0 0.663923
0.334283 0 0.665717
0.331723 0 0.668277
0.328901 0 0.671099
0.326038 0 0.673962
0.320465 0 0.679535
0.316452 0 0.683548
0.274473 0 0.725527
0.271704 0 0.728296
0.257019 0 0.742981
0.255283 0 0.744717
0.25452 0 0.74548
0.232975 0 0.767025
0.23238 0 0.76762
0.229068 0 0.770932
0.226814 0 0.773186
0.225905 0 0.774095
0.225556 0 0.774444
0.226698 0 0.773302
0.229178 0 0.770822
0.231196 0 0.768804
0.233936 0 0.766064
0.235506 0 0.764494
0.235898 0 0.764102
0.236953 0 0.763047
0.238011 0 0.761989
0.23774 0 0.76226
0.237501 0 0.762499
0.084682 0 0.915318
0.0839679 0 0.916032
0.0839307 0 0.916069
0.0838982 0 0.916102
0.0838699 0 0.91613
0.0838453 0 0.916155
0.0838253 0 0.916175
0.0838092 0 0.916191
0.0837973 0 0.916203
0.0837898 0 0.91621
0.0837862 0 0.916214
0.0837868 0 0.916213
0.0837915 0 0.916208
0.0838004 0 0.9162
0.0838134 0 0.916187
0.0838306 0 0.916169
0.053656 0 0.946344
0.0494996 0 0.9505
0.0495305 0 0.95047
0.049564 0 0.950436
0.0495998 0 0.9504
0.049638 0 0.950362
0.0496786 0 0.950321
0.0497218 0 0.950278
0.0497674 0 0.950233
0.0498155 0 0.950184
0.0498654 0 0.950135
0.0499182 0 0.950082
0.0499738 0 0.950026
0.0500316 0 0.949968
0.050092 0 0.949908
0.0501548 0 0.949845
0.0502199 0 0.94978
0.0502878 0 0.949712
0.259332 0 0.740668
0.25891 0 0.74109
0.258447 0 0.741553
0.252402 0 0.747598
0.251592 0 0.748408
0.250897 0 0.749103
0.250512 0 0.749488
0.250774 0 0.749226
0.250476 0 0.749524
0.248386 0 0.751614
0.248014 0 0.751986
0.247211 0 0.752789
0.244065 0 0.755935
0.237729 0 0.762271
0.233732 0 0.766268
0.231948 0 0.768052
0.229983 0 0.770017
0.229759 0 0.770241
0.229141 0 0.770859
0.228127 0 0.771873
0.226355 0 0.773645
0.218184 0 0.781816
0.218913 0 0.781087
0.220414 0 0.779586
0.222838 0 0.777162
0.225579 0 0.774421
0.228049 0 0.771951
0.229785 0 0.770215
0.230499 0 0.769501
0.235914 0 0.764086
0.238323 0 0.761677
0.230685 0 0.769315
0.241595 0 0.758405
0.242135 0 0.757865
0.242306 0 0.757694
0.243204 0 0.756796
0.244453 0 0.755547
0.2464 0 0.7536
0.248932 0 0.751068
0.252473 0 0.747527
0.253855 0 0.746145
0.254806 0 0.745194
0.25541 0 0.74459
0.210105 0 0.789895
0.208746 0 0.791254
0.208365 0 0.791635
0.208548 0 0.791452
0.209037 0 0.790963
0.209723 0 0.790277
0.211691 0 0.788309
0.224024 0 0.775976
0.223872 0 0.776128
0.223102 0 0.776899
0.205043 0 0.794957
0.200079 0 0.799921
 ] }
}
