# Real Time: 758.529
# Simulation Time: 15.79
# Radar Position: 881.41 -216.401 3.11736
# Radar Quat: 0.0188124 -0.00626167 0.685105 0.728174
PointSet {
 coord Coordinate { point [
875.632 -224.459 3.67131
875.688 -224.501 3.67018
876.027 -224.134 3.6414
876.08 -224.174 3.64038
876.133 -224.214 3.63937
876.186 -224.254 3.63837
876.238 -224.294 3.63737
876.291 -224.334 3.63639
876.08 -224.792 3.66256
876.136 -224.834 3.66151
876.192 -224.876 3.66047
876.248 -224.918 3.65944
876.304 -224.96 3.65842
876.613 -224.571 3.63034
876.667 -224.611 3.62942
876.72 -224.652 3.6285
876.774 -224.692 3.62759
876.827 -224.733 3.62669
876.881 -224.774 3.6258
876.701 -225.256 3.65154
876.758 -225.299 3.65059
874.47 -229.919 3.92199
874.572 -229.953 3.91878
874.674 -229.987 3.91559
874.776 -230.021 3.91242
874.877 -230.055 3.90928
874.978 -230.089 3.90615
874.854 -230.612 3.93101
874.512 -231.636 3.98408
874.119 -232.811 4.04498
877.996 -257.83 4.86461
886.654 -265.489 4.8703
886.885 -261.655 4.71282
888.019 -262.844 4.7234
888.339 -262.767 4.71035
887.997 -258.462 4.55298
892.82 -264.67 4.64788
893.559 -260.804 4.47695
892.287 -255.083 4.29328
875.818 -224.315 3.62347
876.028 -224.132 3.6082
876.08 -224.172 3.60717
876.133 -224.212 3.60615
876.186 -224.252 3.60513
876.239 -224.292 3.60413
876.292 -224.332 3.60312
876.345 -224.372 3.60213
876.256 -224.64 3.61489
876.311 -224.681 3.61386
876.366 -224.722 3.61283
876.56 -224.528 3.59792
876.614 -224.569 3.59696
876.667 -224.609 3.59601
876.72 -224.65 3.59506
876.774 -224.69 3.59412
876.828 -224.731 3.59319
876.881 -224.772 3.59226
876.935 -224.813 3.59134
876.864 -225.094 3.60388
874.47 -229.917 3.86864
874.572 -229.951 3.86548
874.674 -229.985 3.86234
874.775 -230.02 3.85923
874.876 -230.054 3.85613
874.978 -230.088 3.85305
874.854 -230.61 3.87607
874.511 -231.634 3.92538
874.118 -232.809 3.98195
877.992 -257.825 4.71906
886.651 -265.531 4.6991
886.879 -261.652 4.55338
888.006 -262.8 4.55804
888.332 -262.763 4.54634
887.988 -258.442 4.40352
892.813 -264.667 4.4745
893.558 -260.824 4.31662
892.281 -255.082 4.15283
876.028 -224.13 3.57503
876.081 -224.17 3.57399
876.134 -224.21 3.57296
876.186 -224.25 3.57193
876.239 -224.29 3.5709
876.292 -224.33 3.56988
876.345 -224.37 3.56887
876.276 -224.606 3.57884
876.331 -224.646 3.57779
876.386 -224.687 3.57674
876.561 -224.526 3.5646
876.614 -224.567 3.56361
876.667 -224.607 3.56263
876.721 -224.648 3.56165
876.774 -224.688 3.56068
876.828 -224.729 3.55971
876.882 -224.77 3.55875
876.935 -224.81 3.55779
876.88 -225.061 3.56773
874.469 -229.916 3.81531
874.571 -229.95 3.81221
874.673 -229.984 3.80913
874.774 -230.018 3.80606
874.876 -230.052 3.80301
874.977 -230.086 3.79997
874.853 -230.609 3.82116
874.51 -231.632 3.8667
874.117 -232.807 3.91895
877.987 -257.821 4.57357
878.272 -257.904 4.56615
886.873 -261.652 4.39409
888.008 -262.854 4.39577
888.325 -262.758 4.38242
887.98 -258.428 4.25445
892.806 -264.666 4.3012
893.557 -260.844 4.1562
892.275 -255.081 4.01243
876.081 -224.168 3.54083
876.134 -224.208 3.53978
876.187 -224.248 3.53874
876.24 -224.288 3.5377
876.293 -224.328 3.53667
876.345 -224.368 3.53564
876.393 -224.417 3.53507
876.332 -224.643 3.54364
876.504 -224.49 3.5326
876.561 -224.524 3.53129
876.614 -224.565 3.53028
876.668 -224.605 3.52927
876.721 -224.646 3.52826
876.774 -224.686 3.52726
876.828 -224.727 3.52626
876.882 -224.768 3.52526
876.936 -224.808 3.52427
876.977 -224.874 3.52448
874.469 -229.914 3.762
874.571 -229.948 3.75896
874.672 -229.982 3.75593
874.774 -230.016 3.75291
874.875 -230.05 3.74991
874.976 -230.084 3.74692
874.852 -230.607 3.76628
874.509 -231.631 3.80806
874.116 -232.805 3.85599
877.983 -257.816 4.42815
878.268 -257.892 4.42025
886.867 -261.654 4.23488
888.002 -262.859 4.23196
888.318 -262.754 4.21856
887.973 -258.419 4.10562
892.799 -264.666 4.12797
893.556 -260.864 3.99566
892.269 -255.081 3.87206
876.135 -224.206 3.50664
876.187 -224.246 3.50558
876.24 -224.286 3.50453
876.293 -224.326 3.50348
876.346 -224.366 3.50243
876.394 -224.415 3.50177
876.333 -224.641 3.50958
876.504 -224.488 3.49935
876.561 -224.522 3.49801
876.614 -224.563 3.49697
876.668 -224.603 3.49593
876.721 -224.644 3.4949
876.775 -224.684 3.49386
876.828 -224.725 3.49283
876.882 -224.766 3.4918
876.936 -224.806 3.49077
876.977 -224.871 3.4908
874.468 -229.912 3.70872
874.57 -229.947 3.70573
874.672 -229.981 3.70276
874.773 -230.015 3.69979
874.874 -230.049 3.69684
874.976 -230.083 3.69389
874.851 -230.606 3.71144
874.508 -231.629 3.74946
874.115 -232.803 3.79307
877.978 -257.812 4.28278
878.264 -257.878 4.27447
886.861 -261.657 4.07573
887.997 -262.864 4.06815
888.311 -262.749 4.05477
887.967 -258.415 3.95696
892.792 -264.668 3.95481
893.555 -260.885 3.83503
892.263 -255.081 3.73174
904.684 -263.978 3.55668
876.188 -224.244 3.47244
876.241 -224.284 3.47137
876.293 -224.325 3.47031
876.346 -224.365 3.46924
876.394 -224.412 3.46851
876.333 -224.639 3.47556
876.504 -224.487 3.46611
876.562 -224.52 3.46476
876.615 -224.561 3.46369
876.668 -224.601 3.46262
876.721 -224.642 3.46156
876.775 -224.682 3.46049
876.829 -224.723 3.45942
876.882 -224.764 3.45836
876.936 -224.804 3.45729
876.978 -224.869 3.45715
874.467 -229.911 3.65547
874.569 -229.945 3.65253
874.671 -229.979 3.64961
874.773 -230.013 3.64669
874.874 -230.047 3.64379
874.975 -230.081 3.64089
874.85 -230.605 3.6566
874.507 -231.628 3.69087
874.114 -232.801 3.73017
877.974 -257.807 4.13748
878.26 -257.866 4.12882
886.977 -265.57 3.99758
886.856 -261.662 3.91661
887.991 -262.869 3.90435
888.304 -262.745 3.89104
887.961 -258.413 3.80843
892.787 -264.673 3.78172
893.554 -260.905 3.67427
892.258 -255.081 3.59144
904.677 -263.981 3.37183
903.568 -260.918 3.34264
876.241 -224.283 3.43824
876.294 -224.323 3.43716
876.347 -224.363 3.43607
876.395 -224.41 3.43527
876.333 -224.637 3.44155
876.504 -224.485 3.43289
876.562 -224.518 3.43152
876.615 -224.559 3.43043
876.674 -224.59 3.42896
876.728 -224.629 3.42785
876.781 -224.669 3.42673
876.835 -224.709 3.42561
876.883 -224.762 3.42494
876.936 -224.802 3.42383
876.979 -224.866 3.42353
874.467 -229.909 3.60223
874.569 -229.943 3.59935
874.67 -229.978 3.59648
874.772 -230.012 3.59362
874.873 -230.046 3.59076
874.974 -230.08 3.5879
874.849 -230.604 3.60179
874.506 -231.626 3.6323
874.113 -232.8 3.66729
879.23 -221.786 3.28974
877.969 -257.802 3.99223
878.256 -257.853 3.98327
886.968 -265.547 3.82443
886.851 -261.668 3.75748
887.986 -262.874 3.74051
888.298 -262.74 3.72736
887.956 -258.416 3.65996
892.784 -264.688 3.60871
893.553 -260.926 3.51338
892.252 -255.08 3.45116
904.671 -263.984 3.18697
903.565 -260.927 3.16908
876.294 -224.321 3.40403
876.347 -224.361 3.40292
876.396 -224.408 3.40205
876.334 -224.635 3.40756
876.505 -224.484 3.39968
876.562 -224.517 3.3983
876.615 -224.557 3.39718
876.693 -224.556 3.39465
876.746 -224.596 3.39351
876.8 -224.635 3.39236
876.853 -224.675 3.39122
876.883 -224.76 3.39154
876.937 -224.8 3.3904
876.979 -224.863 3.38994
874.466 -229.908 3.54901
874.568 -229.942 3.54619
874.67 -229.976 3.54337
874.771 -230.01 3.54055
874.873 -230.044 3.53774
874.974 -230.078 3.53493
874.848 -230.603 3.54701
874.505 -231.626 3.57377
874.112 -232.799 3.60445
879.23 -221.784 3.26927
877.965 -257.798 3.84701
878.253 -257.841 3.83783
886.961 -265.538 3.65163
886.846 -261.675 3.59834
887.981 -262.878 3.57667
888.291 -262.736 3.56373
887.951 -258.421 3.51152
893.553 -260.947 3.35237
892.247 -255.08 3.3109
904.664 -263.987 3.00212
903.563 -260.938 2.99547
896.609 -245.899 3.01727
876.347 -224.359 3.36979
876.397 -224.405 3.36885
876.334 -224.633 3.37359
876.505 -224.483 3.36649
876.563 -224.515 3.3651
876.616 -224.555 3.36396
876.699 -224.544 3.36127
876.752 -224.584 3.36012
876.805 -224.625 3.35896
876.858 -224.665 3.35781
876.883 -224.758 3.35815
876.937 -224.798 3.35698
876.98 -224.86 3.35638
874.466 -229.906 3.49581
874.568 -229.94 3.49304
874.669 -229.975 3.49027
874.771 -230.009 3.48751
874.872 -230.043 3.48474
874.973 -230.076 3.48198
874.847 -230.602 3.49223
874.504 -231.625 3.51524
874.111 -232.797 3.54162
873.655 -234.156 3.57218
879.229 -221.785 3.24888
877.96 -257.793 3.70185
878.249 -257.828 3.69249
886.955 -265.537 3.47896
886.841 -261.682 3.43917
887.975 -262.883 3.4128
888.284 -262.732 3.40014
887.947 -258.43 3.36307
893.552 -260.968 3.19121
892.241 -255.081 3.17065
904.658 -263.99 2.81725
903.561 -260.95 2.82178
876.397 -224.403 3.33568
876.335 -224.631 3.33964
876.505 -224.481 3.33332
876.563 -224.513 3.33192
876.616 -224.553 3.33075
876.699 -224.542 3.32824
876.752 -224.582 3.32706
876.805 -224.623 3.32588
876.858 -224.663 3.32468
876.883 -224.756 3.32479
876.937 -224.796 3.32358
876.981 -224.857 3.32284
874.465 -229.905 3.44262
874.567 -229.939 3.43991
874.669 -229.973 3.4372
874.77 -230.007 3.43448
874.871 -230.041 3.43176
874.972 -230.075 3.42904
874.846 -230.601 3.43746
874.503 -231.624 3.45672
874.11 -232.796 3.4788
873.654 -234.154 3.50437
877.956 -257.788 3.55672
878.245 -257.815 3.54724
886.949 -265.54 3.30632
886.836 -261.69 3.27995
887.97 -262.888 3.24891
888.277 -262.727 3.23659
887.944 -258.444 3.21458
893.551 -260.989 3.02991
892.236 -255.081 3.0304
885.668 -226.09 3.0358
885.73 -226.047 3.03304
885.81 -226.045 3.02991
885.891 -226.043 3.02675
885.973 -226.042 3.02358
886.055 -226.04 3.02037
886.137 -226.039 3.01714
886.22 -226.037 3.01389
886.304 -226.035 3.0106
886.388 -226.034 3.00729
886.473 -226.032 3.00395
886.558 -226.03 3.00059
876.335 -224.63 3.30571
876.505 -224.48 3.30015
876.563 -224.511 3.29876
876.616 -224.551 3.29756
876.699 -224.54 3.29523
876.752 -224.58 3.29402
876.805 -224.621 3.29281
876.859 -224.661 3.29158
876.884 -224.754 3.29144
876.937 -224.794 3.29019
876.981 -224.854 3.28932
874.465 -229.903 3.38945
874.567 -229.937 3.38679
874.668 -229.971 3.38413
874.77 -230.005 3.38147
874.871 -230.039 3.3788
874.972 -230.073 3.37612
874.845 -230.601 3.38271
874.502 -231.623 3.39822
874.109 -232.795 3.416
873.653 -234.153 3.43659
877.952 -257.784 3.41163
878.241 -257.803 3.40209
886.943 -265.547 3.13367
886.832 -261.699 3.12069
887.964 -262.892 3.08499
888.271 -262.723 3.07308
887.942 -258.465 3.06599
893.551 -261.01 2.86846
892.23 -255.082 2.89016
884.727 -226.086 3.0358
884.789 -226.047 3.03317
884.865 -226.045 3.03022
884.941 -226.044 3.02725
885.017 -226.042 3.02425
885.093 -226.041 3.02124
885.17 -226.039 3.0182
885.247 -226.038 3.01514
885.325 -226.036 3.01206
885.403 -226.034 3.00895
885.482 -226.033 3.00582
885.561 -226.031 3.00267
885.64 -226.03 2.99949
885.72 -226.028 2.99628
885.8 -226.027 2.99305
885.881 -226.025 2.98979
885.962 -226.023 2.9865
886.044 -226.022 2.98319
886.126 -226.02 2.97985
886.209 -226.018 2.97648
886.293 -226.017 2.97307
886.377 -226.015 2.96964
886.461 -226.013 2.96618
886.546 -226.011 2.96269
886.632 -226.01 2.95916
876.505 -224.478 3.26701
876.564 -224.509 3.26561
876.617 -224.549 3.26439
876.7 -224.538 3.26223
876.753 -224.578 3.261
876.806 -224.619 3.25975
876.859 -224.659 3.25849
876.884 -224.752 3.25812
876.938 -224.792 3.25683
876.982 -224.851 3.25583
874.464 -229.902 3.33629
874.566 -229.936 3.33369
874.668 -229.97 3.33108
874.769 -230.004 3.32847
874.87 -230.038 3.32585
874.971 -230.072 3.32321
874.844 -230.6 3.32796
874.501 -231.622 3.33973
874.108 -232.794 3.35322
873.652 -234.152 3.36882
877.947 -257.779 3.26658
878.237 -257.791 3.25702
886.938 -265.556 2.96097
886.827 -261.709 2.96137
887.959 -262.897 2.92104
888.264 -262.719 2.90961
887.941 -258.497 2.91721
883.831 -226.048 3.03509
883.903 -226.046 3.03233
883.974 -226.045 3.02954
884.046 -226.043 3.02673
884.119 -226.042 3.02391
884.191 -226.041 3.02107
884.264 -226.039 3.01821
884.337 -226.038 3.01533
884.41 -226.036 3.01243
884.484 -226.035 3.00951
884.558 -226.033 3.00657
884.632 -226.032 3.0036
884.707 -226.03 3.00062
884.782 -226.029 2.99761
884.857 -226.027 2.99459
884.933 -226.026 2.99154
885.009 -226.024 2.98846
885.085 -226.023 2.98536
885.162 -226.021 2.98224
885.239 -226.02 2.97909
885.316 -226.018 2.97592
885.394 -226.016 2.97272
885.473 -226.015 2.9695
885.551 -226.013 2.96625
885.631 -226.011 2.96297
885.71 -226.01 2.95966
885.79 -226.008 2.95633
885.871 -226.006 2.95297
885.952 -226.005 2.94957
886.034 -226.003 2.94615
886.116 -226.001 2.9427
886.199 -226 2.93921
886.282 -225.998 2.93569
886.365 -225.996 2.93214
886.45 -225.994 2.92856
886.535 -225.992 2.92494
886.62 -225.991 2.92129
886.706 -225.989 2.9176
876.564 -224.507 3.23248
876.617 -224.547 3.23123
876.7 -224.536 3.22926
876.753 -224.577 3.22799
876.806 -224.617 3.22671
876.859 -224.657 3.22542
876.884 -224.75 3.2248
876.938 -224.79 3.22348
876.983 -224.848 3.22236
874.464 -229.9 3.28315
874.566 -229.934 3.2806
874.667 -229.968 3.27805
874.768 -230.002 3.27548
874.87 -230.036 3.27291
874.97 -230.07 3.27032
874.843 -230.599 3.27322
874.5 -231.621 3.28125
874.106 -232.793 3.29043
873.651 -234.15 3.30106
878.314 -227.483 3.1835
878.422 -227.39 3.18054
878.529 -227.299 3.17763
878.633 -227.209 3.17477
878.736 -227.122 3.17195
878.836 -227.035 3.16917
878.935 -226.951 3.16644
879.031 -226.868 3.16375
879.126 -226.787 3.16109
879.219 -226.707 3.15848
879.297 -226.694 3.15616
879.359 -226.762 3.15414
877.943 -257.775 3.12156
878.234 -257.778 3.11205
886.933 -265.569 2.78819
886.822 -261.719 2.80197
887.954 -262.902 2.75706
888.257 -262.714 2.74617
882.915 -226.048 3.03553
882.984 -226.046 3.03293
883.053 -226.045 3.03032
883.123 -226.044 3.02769
883.192 -226.043 3.02504
883.262 -226.041 3.02238
883.332 -226.04 3.0197
883.402 -226.038 3.01701
883.472 -226.037 3.0143
883.542 -226.036 3.01157
883.613 -226.034 3.00882
883.683 -226.033 3.00606
883.754 -226.032 3.00328
883.825 -226.03 3.00048
883.897 -226.029 2.99766
883.969 -226.027 2.99482
884.04 -226.026 2.99196
884.113 -226.025 2.98908
884.185 -226.023 2.98618
884.258 -226.022 2.98326
884.33 -226.02 2.98031
884.404 -226.019 2.97735
884.477 -226.017 2.97436
884.551 -226.016 2.97135
884.625 -226.014 2.96832
884.699 -226.013 2.96527
884.774 -226.011 2.96219
884.849 -226.01 2.95908
884.925 -226.008 2.95595
885.001 -226.006 2.9528
885.077 -226.005 2.94962
885.153 -226.003 2.94641
885.23 -226.002 2.94318
885.308 -226 2.93992
885.385 -225.998 2.93663
885.463 -225.997 2.93332
885.542 -225.995 2.92997
885.621 -225.993 2.92659
885.701 -225.992 2.92319
885.78 -225.99 2.91975
885.861 -225.988 2.91629
885.942 -225.986 2.91279
886.023 -225.985 2.90926
886.105 -225.983 2.90569
886.188 -225.981 2.90209
886.271 -225.979 2.89846
886.354 -225.977 2.89479
886.438 -225.976 2.89108
886.523 -225.974 2.88734
886.608 -225.972 2.88356
886.694 -225.97 2.87975
886.781 -225.968 2.87589
876.618 -224.545 3.19809
876.697 -224.54 3.19635
876.75 -224.581 3.19506
876.802 -224.622 3.19376
876.855 -224.663 3.19244
876.884 -224.748 3.19151
876.938 -224.788 3.19015
876.868 -225.067 3.19084
874.463 -229.898 3.23002
874.565 -229.933 3.22753
874.666 -229.967 3.22502
874.768 -230.001 3.22251
874.869 -230.035 3.21998
874.97 -230.069 3.21744
874.842 -230.599 3.21848
874.499 -231.62 3.22277
874.105 -232.792 3.22766
873.65 -234.149 3.23331
876.522 -228.987 3.18354
876.671 -228.859 3.18029
876.817 -228.735 3.1771
876.959 -228.614 3.17398
877.098 -228.495 3.17091
877.233 -228.38 3.16791
877.365 -228.267 3.16496
877.495 -228.157 3.16206
877.621 -228.049 3.15922
877.744 -227.944 3.15642
877.865 -227.841 3.15367
877.983 -227.74 3.15097
878.098 -227.641 3.14831
878.211 -227.545 3.1457
878.322 -227.45 3.14312
878.43 -227.358 3.14058
878.536 -227.267 3.13809
878.64 -227.178 3.13563
878.742 -227.091 3.1332
878.842 -227.005 3.13081
878.94 -226.921 3.12845
879.037 -226.839 3.12612
879.131 -226.758 3.12382
879.224 -226.679 3.12156
879.303 -226.658 3.11934
879.364 -226.73 3.11714
877.939 -257.771 2.97657
878.23 -257.766 2.96716
881.963 -226.16 3.0358
882.024 -226.047 3.03428
882.092 -226.046 3.03185
882.16 -226.045 3.0294
882.228 -226.043 3.02694
882.296 -226.042 3.02446
882.364 -226.041 3.02198
882.432 -226.04 3.01947
882.5 -226.038 3.01695
882.568 -226.037 3.01442
882.637 -226.036 3.01188
882.705 -226.035 3.00931
882.774 -226.033 3.00673
882.842 -226.032 3.00414
882.911 -226.031 3.00153
882.98 -226.029 2.9989
883.049 -226.028 2.99626
883.118 -226.027 2.9936
883.188 -226.025 2.99092
883.257 -226.024 2.98822
883.327 -226.023 2.98551
883.397 -226.021 2.98278
883.467 -226.02 2.98003
883.537 -226.019 2.97726
883.607 -226.017 2.97447
883.678 -226.016 2.97166
883.749 -226.014 2.96883
883.82 -226.013 2.96598
883.891 -226.012 2.96311
883.963 -226.01 2.96022
884.034 -226.009 2.9573
884.106 -226.007 2.95437
884.179 -226.006 2.95141
884.251 -226.004 2.94843
884.324 -226.003 2.94542
884.397 -226.001 2.9424
884.47 -226 2.93934
884.544 -225.998 2.93627
884.618 -225.997 2.93317
884.692 -225.995 2.93004
884.767 -225.993 2.92689
884.842 -225.992 2.92371
884.917 -225.99 2.9205
884.993 -225.989 2.91727
885.069 -225.987 2.91401
885.145 -225.985 2.91072
885.222 -225.984 2.9074
885.299 -225.982 2.90405
885.376 -225.98 2.90067
885.454 -225.979 2.89727
885.533 -225.977 2.89383
885.612 -225.975 2.89035
885.691 -225.973 2.88685
885.771 -225.972 2.88331
885.851 -225.97 2.87974
885.932 -225.968 2.87614
886.013 -225.966 2.8725
886.095 -225.964 2.86882
886.177 -225.963 2.86511
886.26 -225.961 2.86137
886.343 -225.959 2.85758
886.427 -225.957 2.85375
886.511 -225.955 2.84989
886.596 -225.953 2.84599
886.682 -225.951 2.84204
886.768 -225.949 2.83806
886.855 -225.947 2.83403
876.682 -224.566 3.16354
876.734 -224.606 3.16222
876.787 -224.648 3.16088
876.84 -224.689 3.15952
876.885 -224.746 3.15823
876.938 -224.786 3.15683
876.833 -225.131 3.15686
874.463 -229.897 3.17689
874.564 -229.931 3.17446
874.666 -229.965 3.17201
874.767 -229.999 3.16955
874.868 -230.033 3.16707
874.969 -230.067 3.16457
875.002 -230.248 3.16256
875.193 -230.086 3.15937
875.378 -229.929 3.15625
875.558 -229.776 3.15321
875.732 -229.628 3.15022
875.902 -229.483 3.14731
876.068 -229.342 3.14445
876.228 -229.206 3.14165
876.385 -229.072 3.13891
876.538 -228.943 3.13621
876.686 -228.816 3.13357
876.832 -228.693 3.13098
879.75 -220.94 3.1202
879.781 -220.954 3.11931
877.246 -228.34 3.12347
877.377 -228.228 3.12105
877.506 -228.119 3.11867
877.631 -228.012 3.11633
877.754 -227.907 3.11402
877.874 -227.805 3.11175
877.992 -227.705 3.10951
878.107 -227.607 3.1073
878.219 -227.511 3.10513
878.33 -227.417 3.10298
878.438 -227.325 3.10086
878.543 -227.235 3.09877
878.647 -227.147 3.09671
878.749 -227.06 3.09467
878.849 -226.975 3.09266
878.946 -226.892 3.09067
879.042 -226.81 3.0887
879.136 -226.73 3.08675
879.229 -226.651 3.08483
879.303 -226.657 3.08266
879.363 -226.729 3.08026
877.934 -257.768 2.83159
878.226 -257.754 2.82235
881.144 -226.046 3.0311
881.212 -226.044 3.02883
881.279 -226.043 3.02655
881.347 -226.042 3.02426
881.414 -226.041 3.02195
881.482 -226.04 3.01964
881.549 -226.039 3.01731
881.617 -226.037 3.01496
881.684 -226.036 3.01261
881.752 -226.035 3.01024
881.819 -226.034 3.00785
881.887 -226.033 3.00545
881.955 -226.032 3.00304
882.022 -226.03 3.00062
882.09 -226.029 2.99818
882.158 -226.028 2.99572
882.225 -226.027 2.99325
882.293 -226.025 2.99076
882.361 -226.024 2.98826
882.429 -226.023 2.98574
882.497 -226.022 2.98321
882.565 -226.02 2.98066
882.633 -226.019 2.97809
882.702 -226.018 2.97551
882.77 -226.016 2.97291
882.839 -226.015 2.97029
882.907 -226.014 2.96765
882.976 -226.013 2.965
883.045 -226.011 2.96232
883.114 -226.01 2.95963
883.183 -226.008 2.95692
883.253 -226.007 2.95419
883.322 -226.006 2.95144
883.392 -226.004 2.94867
883.462 -226.003 2.94588
883.532 -226.002 2.94306
883.602 -226 2.94023
883.673 -225.999 2.93738
883.743 -225.997 2.9345
883.814 -225.996 2.9316
883.885 -225.994 2.92868
883.957 -225.993 2.92574
884.028 -225.991 2.92277
884.1 -225.99 2.91978
884.172 -225.988 2.91676
884.245 -225.987 2.91372
884.317 -225.985 2.91066
884.39 -225.984 2.90757
884.463 -225.982 2.90445
884.537 -225.981 2.90131
884.611 -225.979 2.89814
884.685 -225.977 2.89494
884.759 -225.976 2.89171
884.834 -225.974 2.88846
884.909 -225.973 2.88518
884.984 -225.971 2.88187
885.06 -225.969 2.87853
885.136 -225.968 2.87515
885.213 -225.966 2.87175
885.29 -225.964 2.86832
885.368 -225.962 2.86485
885.445 -225.961 2.86135
885.524 -225.959 2.85782
885.602 -225.957 2.85425
885.681 -225.955 2.85065
885.761 -225.954 2.84701
885.841 -225.952 2.84334
885.921 -225.95 2.83963
886.003 -225.948 2.83588
886.084 -225.946 2.8321
886.166 -225.944 2.82828
886.249 -225.942 2.82441
886.332 -225.94 2.82051
886.416 -225.938 2.81657
886.5 -225.936 2.81258
886.585 -225.934 2.80855
886.67 -225.932 2.80448
886.756 -225.93 2.80037
886.843 -225.928 2.79621
886.93 -225.926 2.792
876.725 -224.622 3.12915
876.778 -224.663 3.12777
876.831 -224.703 3.12638
876.885 -224.744 3.12496
876.778 -225.087 3.12383
876.834 -225.129 3.12233
874.462 -229.895 3.12378
874.564 -229.93 3.1214
874.665 -229.964 3.11901
874.767 -229.998 3.11659
874.868 -230.032 3.11416
874.969 -230.066 3.11171
875.026 -230.193 3.10919
875.215 -230.033 3.1068
875.4 -229.877 3.10446
875.578 -229.725 3.10217
875.752 -229.578 3.09991
875.921 -229.435 3.0977
876.086 -229.295 3.09552
876.246 -229.16 3.09338
876.402 -229.027 3.09128
876.554 -228.899 3.08921
876.701 -228.773 3.08718
876.846 -228.651 3.08517
876.987 -228.531 3.08319
877.124 -228.415 3.08124
877.258 -228.301 3.07932
877.389 -228.19 3.07743
877.517 -228.081 3.07556
877.642 -227.975 3.07371
877.765 -227.871 3.07189
877.884 -227.77 3.07008
878.001 -227.67 3.0683
878.116 -227.573 3.06654
878.228 -227.478 3.0648
878.338 -227.385 3.06308
878.445 -227.293 3.06137
878.551 -227.204 3.05968
878.654 -227.116 3.05801
878.755 -227.03 3.05636
878.855 -226.945 3.05472
878.952 -226.862 3.05309
879.048 -226.781 3.05148
879.142 -226.701 3.04989
879.234 -226.623 3.0483
879.302 -226.656 3.04599
879.362 -226.728 3.04338
879.423 -226.801 3.04073
877.93 -257.766 2.68662
878.222 -257.741 2.67762
881.076 -226.03 2.99974
881.144 -226.029 2.9975
881.211 -226.028 2.99524
881.278 -226.026 2.99298
881.346 -226.025 2.99069
881.413 -226.024 2.9884
881.481 -226.023 2.98609
881.548 -226.022 2.98376
881.615 -226.021 2.98142
881.683 -226.02 2.97907
881.75 -226.018 2.9767
881.818 -226.017 2.97432
881.885 -226.016 2.97192
881.952 -226.015 2.9695
882.02 -226.014 2.96707
882.087 -226.012 2.96462
882.155 -226.011 2.96216
882.223 -226.01 2.95968
882.29 -226.009 2.95718
882.358 -226.007 2.95466
882.426 -226.006 2.95213
882.494 -226.005 2.94958
882.562 -226.004 2.94701
882.63 -226.002 2.94442
882.698 -226.001 2.94182
882.766 -226 2.93919
882.835 -225.998 2.93655
882.903 -225.997 2.93389
882.972 -225.996 2.93121
883.041 -225.994 2.9285
883.11 -225.993 2.92578
883.179 -225.992 2.92304
883.248 -225.99 2.92027
883.318 -225.989 2.91748
883.387 -225.987 2.91468
883.457 -225.986 2.91185
883.527 -225.984 2.90899
883.597 -225.983 2.90612
883.667 -225.982 2.90322
883.738 -225.98 2.90029
883.809 -225.979 2.89735
883.88 -225.977 2.89438
883.951 -225.976 2.89138
884.022 -225.974 2.88836
884.094 -225.973 2.88531
884.166 -225.971 2.88224
884.238 -225.97 2.87914
884.311 -225.968 2.87602
884.383 -225.966 2.87286
884.456 -225.965 2.86968
884.53 -225.963 2.86647
884.603 -225.962 2.86323
884.677 -225.96 2.85997
884.752 -225.958 2.85667
884.826 -225.957 2.85334
884.901 -225.955 2.84998
884.976 -225.953 2.84659
885.052 -225.952 2.84317
885.128 -225.95 2.83972
885.205 -225.948 2.83623
885.281 -225.946 2.83271
885.359 -225.945 2.82916
885.436 -225.943 2.82557
885.514 -225.941 2.82194
885.593 -225.939 2.81828
885.672 -225.937 2.81458
885.751 -225.935 2.81084
885.831 -225.934 2.80707
885.911 -225.932 2.80326
885.992 -225.93 2.79941
886.074 -225.928 2.79551
886.155 -225.926 2.79158
886.238 -225.924 2.7876
886.321 -225.922 2.78359
886.404 -225.92 2.77952
886.488 -225.918 2.77542
886.573 -225.916 2.77127
886.658 -225.914 2.76707
886.744 -225.911 2.76283
886.831 -225.909 2.75853
886.918 -225.907 2.75419
887.005 -225.905 2.7498
876.778 -224.661 3.09459
876.832 -224.701 3.09316
876.885 -224.742 3.09171
876.778 -225.085 3.08934
876.834 -225.127 3.0878
874.462 -229.894 3.07068
874.563 -229.928 3.06836
874.665 -229.962 3.06601
874.766 -229.996 3.06365
874.867 -230.03 3.06126
874.968 -230.064 3.05885
875.05 -230.139 3.05625
875.238 -229.98 3.05465
875.421 -229.825 3.05307
875.599 -229.675 3.05151
875.772 -229.529 3.04997
875.94 -229.387 3.04845
876.104 -229.249 3.04695
876.263 -229.114 3.04546
876.418 -228.983 3.04399
876.569 -228.855 3.04253
876.716 -228.731 3.04109
879.696 -220.985 3.08671
879.757 -220.917 3.08633
879.786 -220.939 3.08538
879.814 -220.96 3.08441
879.843 -220.982 3.08344
879.871 -221.003 3.08245
877.653 -227.938 3.03136
877.775 -227.835 3.03001
877.894 -227.734 3.02867
878.01 -227.636 3.02734
878.125 -227.539 3.02602
878.236 -227.445 3.02471
878.346 -227.352 3.02341
878.453 -227.261 3.02211
878.558 -227.172 3.02082
878.661 -227.085 3.01954
878.762 -227 3.01826
878.861 -226.916 3.01699
878.958 -226.833 3.01573
879.053 -226.752 3.01447
879.147 -226.673 3.01322
879.239 -226.595 3.01197
879.301 -226.655 3.00932
879.361 -226.727 3.00651
879.422 -226.8 3.00365
877.925 -257.763 2.54166
878.218 -257.729 2.53296
881.008 -226.014 2.96845
881.075 -226.013 2.96624
881.143 -226.012 2.96401
881.21 -226.011 2.96177
881.278 -226.01 2.95951
881.345 -226.009 2.95724
881.412 -226.007 2.95495
881.479 -226.006 2.95265
881.547 -226.005 2.95033
881.614 -226.004 2.948
881.681 -226.003 2.94565
881.748 -226.002 2.94328
881.816 -226 2.94089
881.883 -225.999 2.93849
881.95 -225.998 2.93607
882.018 -225.997 2.93363
882.085 -225.996 2.93118
882.153 -225.994 2.92871
882.22 -225.993 2.92622
882.288 -225.992 2.92371
882.355 -225.991 2.92118
882.423 -225.989 2.91863
882.491 -225.988 2.91606
882.559 -225.987 2.91348
882.627 -225.985 2.91087
882.695 -225.984 2.90825
882.763 -225.983 2.9056
882.831 -225.981 2.90293
882.9 -225.98 2.90024
882.968 -225.979 2.89753
883.037 -225.977 2.8948
883.106 -225.976 2.89204
883.175 -225.975 2.88927
883.244 -225.973 2.88647
883.313 -225.972 2.88365
883.382 -225.97 2.8808
883.452 -225.969 2.87793
883.522 -225.968 2.87504
883.592 -225.966 2.87212
883.662 -225.965 2.86917
883.732 -225.963 2.86621
883.803 -225.962 2.86321
883.874 -225.96 2.86019
883.945 -225.959 2.85714
884.016 -225.957 2.85407
884.088 -225.955 2.85097
884.16 -225.954 2.84784
884.232 -225.952 2.84468
884.304 -225.951 2.8415
884.377 -225.949 2.83828
884.449 -225.948 2.83504
884.523 -225.946 2.83176
884.596 -225.944 2.82846
884.67 -225.943 2.82512
884.744 -225.941 2.82175
884.819 -225.939 2.81835
884.893 -225.937 2.81491
884.968 -225.936 2.81145
885.044 -225.934 2.80795
885.12 -225.932 2.80441
885.196 -225.93 2.80084
885.273 -225.929 2.79723
885.35 -225.927 2.79359
885.427 -225.925 2.78991
885.505 -225.923 2.7862
885.583 -225.921 2.78244
885.662 -225.919 2.77865
885.741 -225.917 2.77481
885.821 -225.915 2.77094
885.901 -225.914 2.76702
885.982 -225.912 2.76306
886.063 -225.91 2.75906
886.145 -225.907 2.75502
886.227 -225.905 2.75093
886.31 -225.903 2.7468
886.393 -225.901 2.74262
886.477 -225.899 2.73839
886.561 -225.897 2.73412
886.646 -225.895 2.7298
886.732 -225.893 2.72543
886.818 -225.891 2.72101
886.905 -225.888 2.71653
886.993 -225.886 2.71201
894.272 -237.973 2.18972
876.817 -224.726 3.05978
876.74 -225.009 3.05665
876.796 -225.049 3.0551
876.852 -225.091 3.05353
874.461 -229.892 3.01758
874.563 -229.926 3.01532
874.664 -229.961 3.01302
874.765 -229.995 3.01071
874.866 -230.029 3.00837
874.967 -230.062 3.00601
875.073 -230.085 3.00371
875.261 -229.927 3.00289
875.443 -229.774 3.00206
875.62 -229.625 3.00123
875.791 -229.48 3.00039
875.959 -229.339 2.99956
876.121 -229.202 2.99871
876.28 -229.069 2.99787
876.434 -228.939 2.99702
876.585 -228.812 2.99617
876.731 -228.688 2.99532
879.696 -220.985 3.06949
879.758 -220.914 3.06943
879.786 -220.936 3.06845
879.815 -220.957 3.06745
879.843 -220.979 3.06643
879.872 -221.001 3.0654
877.664 -227.902 2.98926
877.785 -227.8 2.98839
877.903 -227.7 2.98751
878.02 -227.602 2.98663
878.133 -227.506 2.98574
878.244 -227.412 2.98485
878.353 -227.32 2.98396
878.46 -227.229 2.98307
878.565 -227.141 2.98217
878.667 -227.054 2.98128
878.768 -226.969 2.98037
878.867 -226.886 2.97947
878.963 -226.804 2.97856
879.058 -226.724 2.97765
879.152 -226.645 2.97674
879.24 -226.583 2.97562
879.3 -226.654 2.97266
879.36 -226.726 2.96964
879.421 -226.799 2.96658
877.921 -257.761 2.39669
878.215 -257.716 2.38838
881.008 -225.998 2.93504
881.075 -225.996 2.93285
881.142 -225.995 2.93063
881.209 -225.994 2.92841
881.277 -225.993 2.92616
881.344 -225.992 2.9239
881.411 -225.991 2.92162
881.478 -225.99 2.91933
881.545 -225.989 2.91701
881.612 -225.987 2.91468
881.68 -225.986 2.91233
881.747 -225.985 2.90997
881.814 -225.984 2.90758
881.881 -225.983 2.90518
881.948 -225.981 2.90275
882.015 -225.98 2.90031
882.083 -225.979 2.89785
882.15 -225.978 2.89537
882.217 -225.976 2.89287
882.285 -225.975 2.89035
882.352 -225.974 2.88781
882.42 -225.973 2.88524
882.488 -225.971 2.88266
882.555 -225.97 2.88006
882.623 -225.969 2.87743
882.691 -225.967 2.87478
882.759 -225.966 2.87211
882.827 -225.965 2.86942
882.896 -225.963 2.86671
882.964 -225.962 2.86397
883.033 -225.961 2.86121
883.101 -225.959 2.85842
883.17 -225.958 2.85561
883.239 -225.956 2.85278
883.308 -225.955 2.84992
883.378 -225.954 2.84704
883.447 -225.952 2.84413
883.517 -225.951 2.8412
883.587 -225.949 2.83824
883.657 -225.948 2.83525
883.727 -225.946 2.83223
883.797 -225.945 2.82919
883.868 -225.943 2.82612
883.939 -225.942 2.82302
884.01 -225.94 2.8199
884.082 -225.938 2.81674
884.153 -225.937 2.81356
884.225 -225.935 2.81034
884.297 -225.934 2.8071
884.37 -225.932 2.80382
884.443 -225.93 2.80051
884.516 -225.929 2.79717
884.589 -225.927 2.7938
884.663 -225.925 2.79039
884.737 -225.923 2.78695
884.811 -225.922 2.78348
884.885 -225.92 2.77997
884.96 -225.918 2.77643
885.036 -225.916 2.77285
885.112 -225.915 2.76923
885.188 -225.913 2.76558
885.264 -225.911 2.76189
885.341 -225.909 2.75816
885.418 -225.907 2.75439
885.496 -225.905 2.75058
885.574 -225.903 2.74673
885.653 -225.901 2.74284
885.732 -225.899 2.73891
885.811 -225.897 2.73493
885.891 -225.895 2.73092
885.972 -225.893 2.72685
886.053 -225.891 2.72275
886.134 -225.889 2.7186
886.216 -225.887 2.7144
886.299 -225.885 2.71015
886.382 -225.883 2.70585
886.465 -225.881 2.70151
886.55 -225.879 2.69712
886.634 -225.876 2.69267
886.72 -225.874 2.68817
886.806 -225.872 2.68362
886.893 -225.87 2.67902
886.98 -225.868 2.67434
894.098 -237.687 2.11537
894.203 -237.527 2.11198
876.746 -224.996 3.02246
876.801 -225.038 3.02088
876.857 -225.08 3.01927
874.461 -229.891 2.96449
874.562 -229.925 2.96228
874.664 -229.959 2.96004
874.765 -229.993 2.95778
874.866 -230.027 2.95548
874.967 -230.061 2.95317
875.097 -230.031 2.95158
875.283 -229.875 2.95152
875.464 -229.723 2.95143
875.64 -229.575 2.95132
875.811 -229.432 2.95118
875.977 -229.292 2.95101
876.139 -229.156 2.95082
876.297 -229.024 2.95061
876.45 -228.895 2.95038
876.6 -228.769 2.95013
876.746 -228.646 2.94985
879.695 -220.986 3.05227
879.758 -220.914 3.05253
879.786 -220.935 3.0515
879.814 -220.957 3.05046
879.843 -220.979 3.04941
879.871 -221.001 3.04834
877.674 -227.866 2.94743
877.795 -227.764 2.94702
877.913 -227.665 2.94659
878.029 -227.567 2.94615
878.142 -227.472 2.9457
878.253 -227.379 2.94523
878.361 -227.287 2.94475
878.468 -227.198 2.94425
878.572 -227.11 2.94375
878.674 -227.024 2.94323
878.774 -226.94 2.9427
878.873 -226.857 2.94215
878.969 -226.775 2.9416
879.064 -226.696 2.94103
879.157 -226.617 2.94046
879.239 -226.582 2.93916
879.299 -226.653 2.936
879.359 -226.725 2.93278
879.42 -226.798 2.9295
877.916 -257.758 2.25173
878.211 -257.704 2.24386
881.007 -225.981 2.90174
881.074 -225.98 2.89957
881.141 -225.979 2.89737
881.209 -225.978 2.89515
881.276 -225.976 2.89292
881.343 -225.975 2.89067
881.41 -225.974 2.8884
881.477 -225.973 2.88611
881.544 -225.972 2.8838
881.611 -225.971 2.88148
881.678 -225.97 2.87913
881.745 -225.968 2.87677
881.812 -225.967 2.87438
881.879 -225.966 2.87197
881.946 -225.965 2.86955
882.013 -225.964 2.8671
882.08 -225.962 2.86463
882.148 -225.961 2.86214
882.215 -225.96 2.85963
882.282 -225.959 2.8571
882.35 -225.957 2.85454
882.417 -225.956 2.85197
882.485 -225.955 2.84937
882.552 -225.953 2.84675
882.62 -225.952 2.8441
882.688 -225.951 2.84143
882.756 -225.949 2.83874
882.824 -225.948 2.83603
882.892 -225.947 2.83328
882.96 -225.945 2.83052
883.029 -225.944 2.82773
883.097 -225.942 2.82491
883.166 -225.941 2.82207
883.235 -225.94 2.81921
883.304 -225.938 2.81631
883.373 -225.937 2.81339
883.442 -225.935 2.81045
883.512 -225.934 2.80747
883.581 -225.932 2.80447
883.651 -225.931 2.80144
883.722 -225.929 2.79838
883.792 -225.928 2.79529
883.862 -225.926 2.79217
883.933 -225.925 2.78902
884.004 -225.923 2.78584
884.075 -225.921 2.78263
884.147 -225.92 2.77939
884.219 -225.918 2.77612
884.291 -225.916 2.77281
884.363 -225.915 2.76948
884.436 -225.913 2.76611
884.509 -225.911 2.7627
884.582 -225.91 2.75926
884.655 -225.908 2.75579
884.729 -225.906 2.75228
884.803 -225.904 2.74873
884.878 -225.903 2.74515
884.953 -225.901 2.74153
885.028 -225.899 2.73787
885.103 -225.897 2.73417
885.179 -225.895 2.73044
885.256 -225.893 2.72666
885.332 -225.891 2.72285
885.409 -225.889 2.71899
885.487 -225.888 2.71509
885.565 -225.886 2.71115
885.643 -225.884 2.70716
885.722 -225.882 2.70314
885.801 -225.88 2.69906
885.881 -225.877 2.69494
885.961 -225.875 2.69078
886.042 -225.873 2.68657
886.124 -225.871 2.6823
886.205 -225.869 2.678
886.288 -225.867 2.67364
886.371 -225.865 2.66923
886.454 -225.862 2.66476
886.538 -225.86 2.66025
886.623 -225.858 2.65568
886.708 -225.856 2.65105
886.794 -225.853 2.64638
886.88 -225.851 2.64164
886.978 -225.867 2.63592
893.964 -237.468 2.03989
894.027 -237.241 2.04036
894.109 -237.049 2.0391
876.802 -225.036 2.98659
876.834 -225.121 2.98429
874.46 -229.889 2.91139
874.562 -229.923 2.90923
874.663 -229.957 2.90705
874.764 -229.991 2.90483
874.865 -230.025 2.90259
874.966 -230.059 2.90031
875.12 -229.978 2.89983
875.305 -229.823 2.90052
875.485 -229.672 2.90116
875.66 -229.526 2.90175
875.83 -229.384 2.9023
875.996 -229.245 2.9028
876.157 -229.11 2.90325
876.314 -228.979 2.90366
876.466 -228.851 2.90404
876.615 -228.726 2.90437
876.761 -228.604 2.90467
879.694 -220.986 3.03503
879.758 -220.913 3.03561
879.786 -220.935 3.03455
879.814 -220.956 3.03347
879.842 -220.978 3.03238
879.871 -221 3.03127
877.685 -227.83 2.90584
877.805 -227.729 2.90589
877.923 -227.63 2.90591
878.038 -227.534 2.9059
878.15 -227.439 2.90587
878.261 -227.346 2.90582
878.369 -227.255 2.90574
878.475 -227.166 2.90564
878.579 -227.079 2.90552
878.681 -226.994 2.90538
878.781 -226.91 2.90521
878.879 -226.827 2.90503
878.975 -226.747 2.90482
879.069 -226.667 2.9046
879.162 -226.589 2.90436
879.238 -226.581 2.90269
879.298 -226.652 2.89933
879.358 -226.724 2.8959
879.419 -226.797 2.89242
877.911 -257.756 2.10671
878.207 -257.691 2.09936
879.011 -254.158 2.16965
881.007 -225.964 2.86855
881.074 -225.963 2.86638
881.141 -225.962 2.8642
881.208 -225.961 2.862
881.275 -225.96 2.85978
881.342 -225.959 2.85754
881.409 -225.958 2.85528
881.476 -225.957 2.853
881.543 -225.955 2.85069
881.609 -225.954 2.84837
881.676 -225.953 2.84603
881.743 -225.952 2.84366
881.81 -225.951 2.84128
881.877 -225.949 2.83887
881.944 -225.948 2.83644
882.011 -225.947 2.83399
882.078 -225.946 2.83151
882.145 -225.945 2.82901
882.212 -225.943 2.82649
882.279 -225.942 2.82395
882.347 -225.941 2.82138
882.414 -225.939 2.81879
882.481 -225.938 2.81618
882.549 -225.937 2.81354
882.617 -225.935 2.81087
882.684 -225.934 2.80818
882.752 -225.933 2.80547
882.82 -225.931 2.80273
882.888 -225.93 2.79996
882.956 -225.929 2.79717
883.024 -225.927 2.79435
883.093 -225.926 2.79151
883.161 -225.924 2.78863
883.23 -225.923 2.78573
883.299 -225.921 2.78281
883.368 -225.92 2.77985
883.437 -225.918 2.77686
883.507 -225.917 2.77385
883.576 -225.915 2.7708
883.646 -225.914 2.76773
883.716 -225.912 2.76463
883.786 -225.911 2.76149
883.857 -225.909 2.75832
883.927 -225.908 2.75512
883.998 -225.906 2.75189
884.069 -225.904 2.74863
884.141 -225.903 2.74533
884.212 -225.901 2.74201
884.284 -225.899 2.73864
884.356 -225.898 2.73524
884.429 -225.896 2.73181
884.502 -225.894 2.72834
884.575 -225.892 2.72483
884.648 -225.891 2.72129
884.722 -225.889 2.71771
884.796 -225.887 2.71409
884.87 -225.885 2.71044
884.945 -225.883 2.70674
885.02 -225.882 2.70301
885.095 -225.88 2.69923
885.171 -225.878 2.69541
885.247 -225.876 2.69155
885.323 -225.874 2.68765
885.4 -225.872 2.68371
885.478 -225.87 2.67972
885.556 -225.868 2.67569
885.634 -225.866 2.67161
885.712 -225.864 2.66748
885.792 -225.862 2.66331
885.871 -225.86 2.65909
885.951 -225.857 2.65482
886.032 -225.855 2.65051
886.113 -225.853 2.64614
886.195 -225.851 2.64172
886.277 -225.849 2.63725
886.359 -225.846 2.63272
886.443 -225.844 2.62814
886.526 -225.842 2.62351
886.611 -225.839 2.61882
886.696 -225.837 2.61407
886.781 -225.835 2.60927
886.868 -225.832 2.6044
886.976 -225.866 2.5975
893.649 -236.944 1.98294
893.76 -236.805 1.97937
893.844 -236.624 1.97821
893.704 -236.086 1.9973
874.358 -229.853 2.86038
874.46 -229.888 2.85831
874.561 -229.922 2.85621
874.663 -229.956 2.85407
874.764 -229.99 2.85191
874.865 -230.024 2.84971
874.965 -230.058 2.84748
875.143 -229.925 2.84849
875.327 -229.771 2.84992
875.506 -229.622 2.85128
875.68 -229.477 2.85257
875.849 -229.336 2.85378
876.014 -229.198 2.85494
876.174 -229.065 2.85603
876.33 -228.934 2.85705
876.482 -228.808 2.85803
876.63 -228.684 2.85894
876.775 -228.563 2.85981
879.694 -220.986 3.01779
879.757 -220.913 3.01871
879.785 -220.934 3.0176
879.813 -220.957 3.01647
879.842 -220.979 3.01533
879.87 -221.001 3.01417
877.695 -227.794 2.86451
877.815 -227.694 2.86501
877.932 -227.596 2.86548
878.047 -227.5 2.8659
878.159 -227.406 2.86629
878.269 -227.314 2.86665
878.377 -227.224 2.86697
878.482 -227.135 2.86726
878.586 -227.049 2.86752
878.687 -226.964 2.86775
878.787 -226.88 2.86794
878.884 -226.798 2.86811
878.98 -226.718 2.86825
879.074 -226.639 2.86837
879.167 -226.562 2.86845
879.237 -226.58 2.86623
879.297 -226.651 2.86267
879.357 -226.723 2.85904
879.419 -226.795 2.85535
879.48 -226.869 2.85159
878.262 -253.56 2.07858
878.532 -253.449 2.07375
878.792 -253.45 2.06571
879.042 -253.607 2.05312
879.299 -253.668 2.04316
879.527 -254.317 2.01607
881.006 -225.948 2.83547
881.073 -225.947 2.83332
881.14 -225.946 2.83115
881.207 -225.944 2.82897
881.274 -225.943 2.82676
881.341 -225.942 2.82453
881.408 -225.941 2.82227
881.474 -225.94 2.82
881.541 -225.939 2.8177
881.608 -225.938 2.81538
881.675 -225.937 2.81304
881.741 -225.935 2.81068
881.808 -225.934 2.80829
881.875 -225.933 2.80588
881.942 -225.932 2.80345
882.009 -225.93 2.80099
882.076 -225.929 2.79851
882.143 -225.928 2.796
882.21 -225.927 2.79347
882.277 -225.925 2.79092
882.344 -225.924 2.78834
882.411 -225.923 2.78573
882.478 -225.922 2.7831
882.546 -225.92 2.78045
882.613 -225.919 2.77776
882.681 -225.918 2.77505
882.749 -225.916 2.77232
882.816 -225.915 2.76955
882.884 -225.913 2.76676
882.952 -225.912 2.76394
883.02 -225.911 2.7611
883.089 -225.909 2.75822
883.157 -225.908 2.75532
883.226 -225.906 2.75238
883.295 -225.905 2.74942
883.363 -225.903 2.74643
883.433 -225.902 2.7434
883.502 -225.9 2.74035
883.571 -225.899 2.73726
883.641 -225.897 2.73415
883.711 -225.896 2.731
883.781 -225.894 2.72781
883.851 -225.892 2.7246
883.922 -225.891 2.72135
883.992 -225.889 2.71807
884.063 -225.887 2.71475
884.135 -225.886 2.7114
884.206 -225.884 2.70801
884.278 -225.882 2.70459
884.35 -225.881 2.70113
884.422 -225.879 2.69764
884.495 -225.877 2.6941
884.567 -225.875 2.69053
884.641 -225.873 2.68692
884.714 -225.872 2.68327
884.788 -225.87 2.67958
884.862 -225.868 2.67585
884.937 -225.866 2.67208
885.012 -225.864 2.66827
885.087 -225.862 2.66442
885.162 -225.86 2.66052
885.238 -225.858 2.65658
885.315 -225.856 2.65259
885.392 -225.854 2.64856
885.469 -225.852 2.64448
885.546 -225.85 2.64036
885.624 -225.848 2.63619
885.703 -225.846 2.63197
885.782 -225.844 2.6277
885.861 -225.842 2.62338
885.941 -225.84 2.61901
886.021 -225.837 2.61459
886.102 -225.835 2.61011
886.184 -225.833 2.60558
886.266 -225.831 2.601
886.348 -225.828 2.59636
886.431 -225.826 2.59167
886.515 -225.823 2.58692
886.599 -225.821 2.58211
886.684 -225.819 2.57724
886.769 -225.816 2.57231
886.864 -225.829 2.56643
886.974 -225.865 2.55908
893.313 -236.386 1.93231
893.372 -236.169 1.9339
893.426 -235.948 1.93586
893.516 -235.789 1.93417
893.691 -235.768 1.92402
874.459 -229.886 2.80523
874.561 -229.92 2.80318
874.662 -229.954 2.8011
874.763 -229.988 2.79898
874.865 -230.02 2.79688
874.977 -230.029 2.79527
879.061 -221.452 2.99554
879.166 -221.315 2.99822
879.265 -221.187 3.00073
879.358 -221.066 3.00309
879.446 -220.951 3.00531
879.53 -220.842 3.0074
879.595 -220.775 3.00851
879.622 -220.795 3.00749
879.65 -220.816 3.00645
879.678 -220.836 3.00539
879.706 -220.857 3.00432
879.734 -220.878 3.00324
879.762 -220.899 3.00213
879.79 -220.92 3.00101
879.818 -220.941 2.99988
879.847 -220.962 2.99872
879.876 -220.983 2.99755
879.904 -221.004 2.99636
879.933 -221.026 2.99516
879.962 -221.047 2.99393
879.992 -221.069 2.99269
880.021 -221.09 2.99143
880.051 -221.112 2.99015
878.384 -227.192 2.82842
878.49 -227.104 2.82909
878.593 -227.018 2.82972
878.694 -226.934 2.83032
878.793 -226.851 2.83087
878.89 -226.77 2.83139
878.986 -226.69 2.83187
879.08 -226.611 2.83232
879.169 -226.548 2.83234
879.236 -226.578 2.82977
879.296 -226.65 2.82601
879.357 -226.722 2.82218
879.418 -226.794 2.81828
879.479 -226.868 2.81431
873.64 -260.256 1.85007
873.795 -261.201 1.81462
875.894 -251.837 2.07301
876.171 -251.676 2.07106
876.414 -251.74 2.06239
876.55 -252.597 2.02987
876.971 -251.308 2.06163
877.248 -251.061 2.06219
877.51 -250.908 2.05989
877.776 -250.701 2.05925
878.042 -250.457 2.05978
878.301 -250.244 2.05933
878.555 -250.058 2.05809
878.799 -249.964 2.0539
879.046 -249.798 2.05199
879.301 -249.473 2.05514
879.566 -248.899 2.06641
879.812 -248.525 2.07134
881.006 -225.931 2.80249
881.073 -225.93 2.80036
881.139 -225.929 2.79821
881.206 -225.928 2.79604
881.273 -225.927 2.79384
881.34 -225.926 2.79162
881.406 -225.925 2.78938
881.473 -225.924 2.78711
881.54 -225.922 2.78482
881.606 -225.921 2.7825
881.673 -225.92 2.78016
881.74 -225.919 2.7778
881.806 -225.918 2.77541
881.873 -225.917 2.773
881.94 -225.915 2.77056
882.007 -225.914 2.7681
882.073 -225.913 2.76561
882.14 -225.912 2.7631
882.207 -225.91 2.76056
882.274 -225.909 2.75799
882.341 -225.908 2.7554
882.408 -225.906 2.75278
882.475 -225.905 2.75014
882.543 -225.904 2.74746
882.61 -225.902 2.74476
882.677 -225.901 2.74203
882.745 -225.9 2.73927
882.813 -225.898 2.73648
882.88 -225.897 2.73367
882.948 -225.895 2.73082
883.016 -225.894 2.72795
883.085 -225.893 2.72504
883.153 -225.891 2.72211
883.221 -225.89 2.71914
883.29 -225.888 2.71614
883.359 -225.887 2.71311
883.428 -225.885 2.71005
883.497 -225.883 2.70696
883.566 -225.882 2.70383
883.636 -225.88 2.70067
883.705 -225.879 2.69748
883.775 -225.877 2.69425
883.845 -225.875 2.69099
883.916 -225.874 2.68769
883.986 -225.872 2.68436
884.057 -225.87 2.68099
884.128 -225.869 2.67758
884.2 -225.867 2.67414
884.271 -225.865 2.67066
884.343 -225.864 2.66714
884.415 -225.862 2.66358
884.488 -225.86 2.65999
884.56 -225.858 2.65635
884.634 -225.856 2.65267
884.707 -225.854 2.64895
884.781 -225.853 2.64519
884.855 -225.851 2.64139
884.929 -225.849 2.63755
885.004 -225.847 2.63366
885.079 -225.845 2.62972
885.154 -225.843 2.62575
885.23 -225.841 2.62172
885.306 -225.839 2.61765
885.383 -225.837 2.61353
885.46 -225.835 2.60937
885.537 -225.833 2.60515
885.615 -225.83 2.60089
885.693 -225.828 2.59658
885.772 -225.826 2.59221
885.851 -225.824 2.58779
885.931 -225.822 2.58332
886.011 -225.819 2.57879
886.092 -225.817 2.57421
886.173 -225.815 2.56958
886.255 -225.812 2.56489
886.337 -225.81 2.56014
886.42 -225.808 2.55533
886.503 -225.805 2.55046
886.589 -225.805 2.54539
886.675 -225.805 2.54025
886.761 -225.805 2.53504
886.862 -225.828 2.52832
886.971 -225.865 2.52067
893.005 -235.873 1.88334
892.929 -235.441 1.89946
892.978 -235.224 1.9022
893.033 -235.019 1.9042
893.588 -235.61 1.85416
893.776 -235.61 1.84234
874.539 -229.959 2.74906
874.641 -229.993 2.74703
874.766 -229.98 2.74625
874.868 -230.011 2.74421
878.988 -221.514 2.97472
879.097 -221.374 2.97809
879.199 -221.242 2.98124
879.296 -221.117 2.9842
879.387 -221 2.98698
879.473 -220.888 2.98961
879.555 -220.783 2.99208
879.601 -220.758 2.99229
879.628 -220.779 2.99124
879.656 -220.799 2.99017
879.684 -220.82 2.98909
879.711 -220.84 2.98799
879.739 -220.861 2.98688
879.768 -220.882 2.98575
879.796 -220.903 2.9846
879.824 -220.924 2.98343
879.852 -220.945 2.98224
879.881 -220.966 2.98104
879.91 -220.987 2.97982
879.939 -221.008 2.97858
879.967 -221.029 2.97732
879.997 -221.051 2.97604
880.026 -221.072 2.97475
880.055 -221.094 2.97343
878.392 -227.161 2.79008
878.497 -227.073 2.79113
878.6 -226.988 2.79214
878.7 -226.904 2.79309
878.799 -226.822 2.794
878.896 -226.741 2.79487
878.991 -226.661 2.79569
879.085 -226.584 2.79647
879.167 -226.549 2.79589
879.236 -226.577 2.79331
879.295 -226.649 2.78935
879.356 -226.72 2.78532
879.417 -226.793 2.78121
879.478 -226.867 2.77702
875.402 -250.291 2.01693
875.609 -250.505 2.0039
875.928 -250.051 2.01258
876.211 -249.779 2.01534
876.931 -246.538 2.11641
877.143 -246.558 2.11008
876.958 -249.53 2.00481
877.225 -249.276 2.00698
877.491 -249.004 2.00976
877.807 -248.251 2.02894
878.159 -247.054 2.06358
878.396 -246.849 2.06443
878.63 -246.637 2.06555
878.852 -246.526 2.06314
879.071 -246.43 2.06016
879.278 -246.48 2.052
879.492 -246.438 2.04705
879.705 -246.384 2.04241
879.917 -246.338 2.03747
881.005 -225.915 2.76962
881.072 -225.914 2.76751
881.139 -225.913 2.76537
881.205 -225.912 2.76321
881.272 -225.911 2.76103
881.339 -225.909 2.75882
881.405 -225.908 2.75658
881.472 -225.907 2.75432
881.538 -225.906 2.75204
881.605 -225.905 2.74973
881.671 -225.904 2.74739
881.738 -225.903 2.74503
881.805 -225.901 2.74264
881.871 -225.9 2.74023
881.938 -225.899 2.73779
882.004 -225.898 2.73532
882.071 -225.896 2.73282
882.138 -225.895 2.7303
882.205 -225.894 2.72775
882.271 -225.893 2.72517
882.338 -225.891 2.72257
882.405 -225.89 2.71994
882.472 -225.889 2.71727
882.539 -225.887 2.71458
882.607 -225.886 2.71186
882.674 -225.885 2.70911
882.741 -225.883 2.70633
882.809 -225.882 2.70352
882.877 -225.88 2.70068
882.944 -225.879 2.69781
883.012 -225.877 2.69491
883.08 -225.876 2.69197
883.149 -225.874 2.689
883.217 -225.873 2.686
883.285 -225.871 2.68297
883.354 -225.87 2.67991
883.423 -225.868 2.67681
883.492 -225.867 2.67368
883.561 -225.865 2.67051
883.63 -225.864 2.66731
883.7 -225.862 2.66407
883.77 -225.86 2.6608
883.84 -225.859 2.65749
883.91 -225.857 2.65414
883.98 -225.855 2.65076
884.051 -225.854 2.64733
884.122 -225.852 2.64387
884.193 -225.85 2.64038
884.265 -225.848 2.63684
884.336 -225.847 2.63326
884.409 -225.845 2.62964
884.481 -225.843 2.62598
884.553 -225.841 2.62228
884.626 -225.839 2.61854
884.699 -225.837 2.61475
884.773 -225.835 2.61092
884.847 -225.834 2.60705
884.921 -225.832 2.60313
884.996 -225.83 2.59916
885.07 -225.828 2.59515
885.146 -225.826 2.59109
885.221 -225.823 2.58699
885.297 -225.821 2.58283
885.374 -225.819 2.57863
885.451 -225.817 2.57438
885.528 -225.815 2.57007
885.606 -225.813 2.56572
885.684 -225.811 2.56131
885.762 -225.808 2.55685
885.841 -225.806 2.55233
885.921 -225.805 2.54769
886.003 -225.805 2.54292
886.084 -225.805 2.53809
886.167 -225.805 2.5332
886.249 -225.805 2.52825
886.333 -225.805 2.52323
886.417 -225.805 2.51814
886.502 -225.805 2.51299
886.587 -225.805 2.50777
886.673 -225.805 2.50248
886.759 -225.805 2.49712
886.86 -225.827 2.4902
886.969 -225.864 2.48225
892.678 -235.329 1.8406
892.724 -235.107 1.84422
892.77 -234.889 1.84775
892.806 -234.661 1.85213
892.841 -234.434 1.85647
892.876 -234.212 1.86062
892.889 -233.961 1.86695
 ] }
 color Color { color [
0.0993074 0 0.900693
0.099321 0 0.900679
0.0943596 0 0.90564
0.0943882 0 0.905612
0.0944213 0 0.905579
0.0944592 0 0.905541
0.0945016 0 0.905498
0.094549 0 0.905451
0.0995578 0 0.900442
0.0996118 0 0.900388
0.099671 0 0.900329
0.0997349 0 0.900265
0.0998046 0 0.900195
0.0948728 0 0.905127
0.0949535 0 0.905046
0.0950386 0 0.904961
0.0951288 0 0.904871
0.0952239 0 0.904776
0.0953237 0 0.904676
0.100435 0 0.899565
0.100545 0 0.899455
0.152159 0 0.847841
0.152 0 0.848
0.151849 0 0.848151
0.151706 0 0.848294
0.15157 0 0.84843
0.151442 0 0.848558
0.156707 0 0.843293
0.16746 0 0.83254
0.179805 0 0.820195
0.416056 0 0.583944
0.493978 0 0.506022
0.456117 0 0.543883
0.469386 0 0.530614
0.469082 0 0.530918
0.425981 0 0.574019
0.496224 0 0.503776
0.460547 0 0.539453
0.401992 0 0.598008
0.0970283 0 0.902972
0.0943244 0 0.905676
0.0943528 0 0.905647
0.0943857 0 0.905614
0.094424 0 0.905576
0.0944662 0 0.905534
0.0945135 0 0.905487
0.0945654 0 0.905435
0.0973105 0 0.902689
0.0973682 0 0.902632
0.0974305 0 0.90257
0.0947612 0 0.905239
0.0948368 0 0.905163
0.0949175 0 0.905083
0.0950024 0 0.904998
0.0950928 0 0.904907
0.0951878 0 0.904812
0.0952874 0 0.904713
0.0953922 0 0.904608
0.0982186 0 0.901781
0.152121 0 0.847879
0.151962 0 0.848038
0.151811 0 0.848189
0.151668 0 0.848332
0.151532 0 0.848468
0.151404 0 0.848596
0.156669 0 0.843331
0.16742 0 0.83258
0.179758 0 0.820242
0.415956 0 0.584044
0.494336 0 0.505664
0.456027 0 0.543973
0.468874 0 0.531126
0.468973 0 0.531027
0.425715 0 0.574285
0.496136 0 0.503864
0.460693 0 0.539307
0.401929 0 0.598071
0.0942897 0 0.90571
0.0943185 0 0.905681
0.0943517 0 0.905648
0.0943894 0 0.905611
0.0944321 0 0.905568
0.0944793 0 0.905521
0.094531 0 0.905469
0.0968903 0 0.90311
0.0969476 0 0.903052
0.0970094 0 0.902991
0.0947267 0 0.905273
0.0948023 0 0.905198
0.0948826 0 0.905117
0.0949679 0 0.905032
0.0950577 0 0.904942
0.0951529 0 0.904847
0.0952524 0 0.904748
0.0953573 0 0.904643
0.0978308 0 0.902169
0.152084 0 0.847916
0.151925 0 0.848074
0.151774 0 0.848226
0.151631 0 0.848369
0.151496 0 0.848504
0.151368 0 0.848632
0.156633 0 0.843367
0.167379 0 0.832621
0.179714 0 0.820286
0.415861 0 0.584139
0.416469 0 0.583531
0.455971 0 0.544029
0.469368 0 0.530632
0.468871 0 0.531129
0.425527 0 0.574473
0.496064 0 0.503936
0.460846 0 0.539154
0.401873 0 0.598127
0.0942854 0 0.905715
0.0943186 0 0.905681
0.0943561 0 0.905644
0.0943986 0 0.905601
0.0944461 0 0.905554
0.0944979 0 0.905502
0.0946577 0 0.905342
0.0968975 0 0.903103
0.0946896 0 0.90531
0.0946932 0 0.905307
0.0947688 0 0.905231
0.0948491 0 0.905151
0.0949342 0 0.905066
0.0950242 0 0.904976
0.0951189 0 0.904881
0.0952186 0 0.904781
0.0953234 0 0.904677
0.0957155 0 0.904285
0.152049 0 0.847951
0.151891 0 0.848109
0.15174 0 0.84826
0.151597 0 0.848403
0.151461 0 0.848539
0.151333 0 0.848667
0.1566 0 0.8434
0.167343 0 0.832657
0.179673 0 0.820327
0.415772 0 0.584228
0.416295 0 0.583705
0.455943 0 0.544057
0.469366 0 0.530634
0.468776 0 0.531224
0.425393 0 0.574607
0.49601 0 0.50399
0.461006 0 0.538994
0.401824 0 0.598176
0.0942867 0 0.905713
0.094324 0 0.905676
0.094367 0 0.905633
0.0944138 0 0.905586
0.0944658 0 0.905534
0.0946188 0 0.905381
0.0968644 0 0.903136
0.094663 0 0.905337
0.0946608 0 0.905339
0.0947364 0 0.905264
0.0948166 0 0.905183
0.094902 0 0.905098
0.094992 0 0.905008
0.0950865 0 0.904913
0.0951861 0 0.904814
0.0952909 0 0.904709
0.0956724 0 0.904328
0.152016 0 0.847984
0.151858 0 0.848142
0.151707 0 0.848293
0.151564 0 0.848436
0.151429 0 0.848571
0.151301 0 0.848699
0.156573 0 0.843427
0.167312 0 0.832688
0.179637 0 0.820363
0.415686 0 0.584314
0.416125 0 0.583875
0.455934 0 0.544066
0.469371 0 0.530629
0.468686 0 0.531314
0.425305 0 0.574695
0.49598 0 0.50402
0.461173 0 0.538827
0.401781 0 0.598219
0.529661 0 0.470339
0.0942937 0 0.905706
0.0943359 0 0.905664
0.0943832 0 0.905617
0.094435 0 0.905565
0.0945814 0 0.905419
0.0968332 0 0.903167
0.0946378 0 0.905362
0.0946299 0 0.90537
0.0947054 0 0.905295
0.0947858 0 0.905214
0.0948707 0 0.905129
0.0949605 0 0.905039
0.0950553 0 0.904945
0.0951547 0 0.904845
0.0952593 0 0.904741
0.0956306 0 0.904369
0.151985 0 0.848015
0.151827 0 0.848173
0.151676 0 0.848324
0.151533 0 0.848467
0.151398 0 0.848602
0.15127 0 0.84873
0.156546 0 0.843454
0.16728 0 0.83272
0.179601 0 0.820399
0.415607 0 0.584393
0.415962 0 0.584038
0.494913 0 0.505087
0.455944 0 0.544056
0.469381 0 0.530619
0.468601 0 0.531399
0.425257 0 0.574743
0.495989 0 0.504011
0.461347 0 0.538653
0.401745 0 0.598255
0.529646 0 0.470354
0.497274 0 0.502726
0.0943065 0 0.905693
0.0943532 0 0.905647
0.0944053 0 0.905595
0.0945453 0 0.905455
0.0968027 0 0.903197
0.0946139 0 0.905386
0.0946002 0 0.9054
0.0946756 0 0.905324
0.094644 0 0.905356
0.0947221 0 0.905278
0.094805 0 0.905195
0.0948929 0 0.905107
0.0951247 0 0.904875
0.095229 0 0.904771
0.0955903 0 0.90441
0.151956 0 0.848044
0.151798 0 0.848202
0.151647 0 0.848353
0.151504 0 0.848496
0.151369 0 0.848631
0.151241 0 0.848759
0.156521 0 0.843479
0.167252 0 0.832748
0.179568 0 0.820432
0.0581161 0 0.941884
0.415532 0 0.584468
0.415806 0 0.584194
0.494638 0 0.505362
0.455971 0 0.544029
0.469395 0 0.530605
0.468524 0 0.531476
0.425248 0 0.574752
0.496109 0 0.503891
0.461528 0 0.538472
0.401715 0 0.598285
0.529639 0 0.470361
0.497337 0 0.502663
0.094325 0 0.905675
0.0943767 0 0.905623
0.0945105 0 0.90549
0.0967731 0 0.903227
0.0945904 0 0.90541
0.0945715 0 0.905428
0.0946469 0 0.905353
0.0942482 0 0.905752
0.0943258 0 0.905674
0.0944081 0 0.905592
0.094495 0 0.905505
0.0950959 0 0.904904
0.0952001 0 0.9048
0.0955516 0 0.904448
0.151929 0 0.848071
0.15177 0 0.84823
0.15162 0 0.84838
0.151477 0 0.848523
0.151342 0 0.848658
0.151214 0 0.848786
0.156506 0 0.843494
0.167233 0 0.832767
0.179546 0 0.820454
0.0580928 0 0.941907
0.415461 0 0.584539
0.415658 0 0.584342
0.494528 0 0.505472
0.456012 0 0.543988
0.469416 0 0.530584
0.468453 0 0.531547
0.425278 0 0.574722
0.461716 0 0.538284
0.401692 0 0.598308
0.529641 0 0.470359
0.497421 0 0.502579
0.331836 0 0.668164
0.0943495 0 0.90565
0.0944768 0 0.905523
0.0967451 0 0.903255
0.0945685 0 0.905431
0.0945442 0 0.905456
0.0946194 0 0.905381
0.0941074 0 0.905893
0.0941914 0 0.905809
0.0942806 0 0.905719
0.0943747 0 0.905625
0.0950679 0 0.904932
0.0951722 0 0.904828
0.0955136 0 0.904486
0.151903 0 0.848097
0.151745 0 0.848255
0.151595 0 0.848405
0.151452 0 0.848548
0.151316 0 0.848684
0.151189 0 0.848811
0.156487 0 0.843513
0.167212 0 0.832788
0.179524 0 0.820476
0.193795 0 0.806205
0.0581004 0 0.9419
0.415396 0 0.584604
0.415512 0 0.584488
0.494491 0 0.505509
0.456067 0 0.543933
0.469442 0 0.530558
0.468387 0 0.531613
0.425352 0 0.574648
0.461911 0 0.538089
0.401675 0 0.598325
0.52965 0 0.47035
0.497535 0 0.502465
0.0944444 0 0.905556
0.0967183 0 0.903282
0.0945478 0 0.905452
0.0945178 0 0.905482
0.0945929 0 0.905407
0.0940809 0 0.905919
0.0941653 0 0.905835
0.0942543 0 0.905746
0.0943483 0 0.905652
0.0950413 0 0.904959
0.0951457 0 0.904854
0.0954774 0 0.904523
0.15188 0 0.84812
0.151721 0 0.848279
0.151571 0 0.848429
0.151428 0 0.848572
0.151293 0 0.848707
0.151165 0 0.848835
0.156472 0 0.843528
0.167195 0 0.832805
0.179502 0 0.820498
0.19377 0 0.80623
0.415335 0 0.584665
0.415373 0 0.584627
0.494506 0 0.505494
0.456135 0 0.543865
0.469474 0 0.530526
0.468327 0 0.531673
0.425479 0 0.574521
0.462113 0 0.537887
0.401665 0 0.598335
0.10584 0 0.89416
0.105689 0 0.894311
0.106007 0 0.893993
0.106331 0 0.893669
0.106663 0 0.893337
0.107003 0 0.892997
0.107349 0 0.892651
0.107703 0 0.892297
0.108065 0 0.891935
0.108435 0 0.891566
0.108811 0 0.891189
0.109197 0 0.890803
0.0966928 0 0.903307
0.0945284 0 0.905472
0.0944926 0 0.905507
0.0945679 0 0.905432
0.0940557 0 0.905944
0.0941402 0 0.90586
0.094229 0 0.905771
0.0943232 0 0.905677
0.0950162 0 0.904984
0.0951199 0 0.90488
0.0954419 0 0.904558
0.151858 0 0.848142
0.1517 0 0.8483
0.151549 0 0.848451
0.151407 0 0.848593
0.151271 0 0.848729
0.151144 0 0.848856
0.15646 0 0.84354
0.167181 0 0.832819
0.179485 0 0.820515
0.19375 0 0.80625
0.415279 0 0.584721
0.415241 0 0.584759
0.494563 0 0.505437
0.456216 0 0.543784
0.469511 0 0.530489
0.468273 0 0.531727
0.425676 0 0.574324
0.462321 0 0.537679
0.401661 0 0.598339
0.102374 0 0.897626
0.102207 0 0.897793
0.102446 0 0.897554
0.10269 0 0.89731
0.102941 0 0.897059
0.103197 0 0.896803
0.10346 0 0.89654
0.10373 0 0.89627
0.104006 0 0.895994
0.104288 0 0.895712
0.104577 0 0.895423
0.104873 0 0.895127
0.105176 0 0.894824
0.105485 0 0.894515
0.105801 0 0.894199
0.106125 0 0.893875
0.106455 0 0.893545
0.106794 0 0.893206
0.107139 0 0.892861
0.107492 0 0.892508
0.107852 0 0.892148
0.10822 0 0.89178
0.108595 0 0.891405
0.108979 0 0.891021
0.109371 0 0.890629
0.0945095 0 0.90549
0.094469 0 0.905531
0.0945442 0 0.905456
0.0940321 0 0.905968
0.0941164 0 0.905884
0.0942054 0 0.905795
0.0942992 0 0.905701
0.0949917 0 0.905008
0.0950957 0 0.904904
0.095408 0 0.904592
0.151838 0 0.848162
0.15168 0 0.84832
0.151529 0 0.848471
0.151387 0 0.848613
0.151252 0 0.848748
0.151124 0 0.848876
0.156451 0 0.843549
0.16717 0 0.83283
0.179471 0 0.820529
0.193734 0 0.806266
0.415229 0 0.584771
0.415114 0 0.584886
0.494654 0 0.505346
0.456309 0 0.543691
0.469554 0 0.530446
0.468224 0 0.531776
0.426002 0 0.573998
0.0994599 0 0.90054
0.0996234 0 0.900377
0.0997921 0 0.900208
0.0999663 0 0.900034
0.100146 0 0.899854
0.100331 0 0.899669
0.100522 0 0.899478
0.100718 0 0.899282
0.100921 0 0.899079
0.101128 0 0.898872
0.101342 0 0.898658
0.101561 0 0.898439
0.101787 0 0.898213
0.102018 0 0.897982
0.102255 0 0.897745
0.102499 0 0.897501
0.102748 0 0.897251
0.103004 0 0.896996
0.103266 0 0.896734
0.103535 0 0.896465
0.10381 0 0.89619
0.104091 0 0.895909
0.104379 0 0.895621
0.104673 0 0.895326
0.104975 0 0.895025
0.105283 0 0.894717
0.105599 0 0.894401
0.10592 0 0.89408
0.10625 0 0.89375
0.106586 0 0.893414
0.106931 0 0.893069
0.107282 0 0.892718
0.107641 0 0.892359
0.108007 0 0.891993
0.108381 0 0.891619
0.108764 0 0.891236
0.109154 0 0.890846
0.109552 0 0.890448
0.0944461 0 0.905554
0.0945212 0 0.905479
0.0940095 0 0.905991
0.0940936 0 0.905906
0.0941826 0 0.905817
0.094276 0 0.905724
0.0949689 0 0.905031
0.0950727 0 0.904927
0.0953754 0 0.904625
0.15182 0 0.84818
0.151662 0 0.848338
0.151512 0 0.848488
0.151369 0 0.848631
0.151234 0 0.848766
0.151107 0 0.848894
0.156442 0 0.843558
0.167159 0 0.832841
0.179458 0 0.820542
0.193718 0 0.806282
0.115067 0 0.884933
0.11388 0 0.88612
0.112722 0 0.887278
0.111592 0 0.888408
0.11049 0 0.88951
0.109414 0 0.890586
0.108364 0 0.891636
0.10734 0 0.89266
0.106339 0 0.893661
0.105362 0 0.894638
0.105072 0 0.894928
0.105622 0 0.894378
0.415184 0 0.584816
0.414989 0 0.585011
0.494779 0 0.505221
0.456414 0 0.543586
0.469603 0 0.530397
0.468181 0 0.531819
0.0976371 0 0.902363
0.0977332 0 0.902267
0.0978343 0 0.902166
0.0979406 0 0.902059
0.0980516 0 0.901948
0.0981679 0 0.901832
0.098289 0 0.901711
0.0984153 0 0.901585
0.0985468 0 0.901453
0.0986832 0 0.901317
0.098825 0 0.901175
0.098972 0 0.901028
0.0991242 0 0.900876
0.0992817 0 0.900718
0.0994445 0 0.900555
0.0996127 0 0.900387
0.0997863 0 0.900214
0.0999653 0 0.900035
0.10015 0 0.89985
0.10034 0 0.89966
0.100536 0 0.899464
0.100737 0 0.899263
0.100944 0 0.899056
0.101157 0 0.898843
0.101375 0 0.898625
0.1016 0 0.8984
0.101831 0 0.898169
0.102067 0 0.897933
0.102309 0 0.897691
0.102558 0 0.897442
0.102813 0 0.897187
0.103074 0 0.896926
0.103341 0 0.896659
0.103615 0 0.896385
0.103895 0 0.896105
0.104182 0 0.895818
0.104476 0 0.895524
0.104776 0 0.895224
0.105083 0 0.894917
0.105397 0 0.894603
0.105718 0 0.894282
0.106046 0 0.893954
0.106382 0 0.893618
0.106724 0 0.893276
0.107074 0 0.892926
0.107431 0 0.892569
0.107797 0 0.892203
0.108169 0 0.891831
0.10855 0 0.89145
0.108939 0 0.891061
0.109335 0 0.890665
0.10974 0 0.89026
0.0944995 0 0.9055
0.0940527 0 0.905947
0.0941446 0 0.905855
0.0942413 0 0.905759
0.094343 0 0.905657
0.0949467 0 0.905053
0.0950509 0 0.904949
0.0978407 0 0.902159
0.151804 0 0.848196
0.151646 0 0.848354
0.151496 0 0.848504
0.151353 0 0.848647
0.151218 0 0.848782
0.15109 0 0.84891
0.156434 0 0.843566
0.167151 0 0.832849
0.179446 0 0.820554
0.193702 0 0.806298
0.135016 0 0.864984
0.133289 0 0.866711
0.131612 0 0.868388
0.129982 0 0.870018
0.128398 0 0.871602
0.126859 0 0.873141
0.125361 0 0.874639
0.123904 0 0.876096
0.122487 0 0.877513
0.121106 0 0.878894
0.119762 0 0.880238
0.118454 0 0.881546
0.117179 0 0.882821
0.115936 0 0.884064
0.114725 0 0.885275
0.113544 0 0.886456
0.112393 0 0.887607
0.11127 0 0.88873
0.110174 0 0.889826
0.109105 0 0.890895
0.108061 0 0.891939
0.107042 0 0.892958
0.106048 0 0.893952
0.105076 0 0.894924
0.104712 0 0.895288
0.105299 0 0.894701
0.415154 0 0.584846
0.414871 0 0.585129
0.0977473 0 0.902253
0.0966592 0 0.903341
0.0966926 0 0.903307
0.096731 0 0.903269
0.0967739 0 0.903226
0.0968215 0 0.903178
0.0968742 0 0.903126
0.0969312 0 0.903069
0.0969932 0 0.903007
0.09706 0 0.90294
0.0971317 0 0.902868
0.097208 0 0.902792
0.0972893 0 0.902711
0.0973755 0 0.902624
0.0974664 0 0.902534
0.0975623 0 0.902438
0.0976631 0 0.902337
0.0977689 0 0.902231
0.0978798 0 0.90212
0.0979956 0 0.902004
0.0981162 0 0.901884
0.0982421 0 0.901758
0.0983732 0 0.901627
0.0985091 0 0.901491
0.0986502 0 0.90135
0.0987967 0 0.901203
0.0989485 0 0.901052
0.0991054 0 0.900895
0.0992677 0 0.900732
0.0994353 0 0.900565
0.0996081 0 0.900392
0.0997865 0 0.900213
0.0999704 0 0.90003
0.10016 0 0.89984
0.100355 0 0.899645
0.100555 0 0.899445
0.100762 0 0.899238
0.100974 0 0.899026
0.101192 0 0.898808
0.101415 0 0.898585
0.101645 0 0.898355
0.10188 0 0.89812
0.102122 0 0.897878
0.10237 0 0.89763
0.102624 0 0.897376
0.102884 0 0.897116
0.10315 0 0.89685
0.103423 0 0.896577
0.103702 0 0.896298
0.103988 0 0.896012
0.10428 0 0.89572
0.10458 0 0.89542
0.104886 0 0.895114
0.105198 0 0.894802
0.105518 0 0.894482
0.105845 0 0.894155
0.106179 0 0.893821
0.10652 0 0.89348
0.106869 0 0.893131
0.107225 0 0.892775
0.107588 0 0.892412
0.10796 0 0.89204
0.108339 0 0.891661
0.108726 0 0.891274
0.109121 0 0.890879
0.109524 0 0.890476
0.109936 0 0.890064
0.0943476 0 0.905652
0.0944396 0 0.90556
0.0945371 0 0.905463
0.0946395 0 0.90536
0.0949262 0 0.905074
0.0950301 0 0.90497
0.0985701 0 0.90143
0.15179 0 0.84821
0.151632 0 0.848368
0.151481 0 0.848519
0.151339 0 0.848661
0.151204 0 0.848796
0.151076 0 0.848924
0.152582 0 0.847418
0.150313 0 0.849687
0.148118 0 0.851882
0.145993 0 0.854007
0.143935 0 0.856065
0.14194 0 0.85806
0.140006 0 0.859994
0.138131 0 0.861869
0.136311 0 0.863689
0.134545 0 0.865455
0.13283 0 0.86717
0.131164 0 0.868836
0.0483329 0 0.951667
0.0483491 0 0.951651
0.126443 0 0.873557
0.124955 0 0.875045
0.123508 0 0.876493
0.122099 0 0.877901
0.120728 0 0.879272
0.119392 0 0.880608
0.118092 0 0.881908
0.116824 0 0.883176
0.11559 0 0.88441
0.114386 0 0.885614
0.113212 0 0.886788
0.112067 0 0.887933
0.110951 0 0.889049
0.109861 0 0.890139
0.108798 0 0.891202
0.107761 0 0.892239
0.106748 0 0.893252
0.105758 0 0.894242
0.104792 0 0.895208
0.104704 0 0.895296
0.105291 0 0.894709
0.41514 0 0.58486
0.41476 0 0.58524
0.0964844 0 0.903516
0.096457 0 0.903543
0.0964344 0 0.903566
0.0964163 0 0.903584
0.096403 0 0.903597
0.0963944 0 0.903606
0.0963903 0 0.90361
0.096391 0 0.903609
0.0963964 0 0.903604
0.0964063 0 0.903594
0.096421 0 0.903579
0.0964405 0 0.90356
0.0964645 0 0.903535
0.0964932 0 0.903507
0.0965265 0 0.903473
0.0965647 0 0.903435
0.0966075 0 0.903392
0.0966552 0 0.903345
0.0967073 0 0.903293
0.0967645 0 0.903236
0.0968262 0 0.903174
0.0968928 0 0.903107
0.0969641 0 0.903036
0.0970402 0 0.90296
0.0971211 0 0.902879
0.097207 0 0.902793
0.0972978 0 0.902702
0.0973933 0 0.902607
0.0974937 0 0.902506
0.0975994 0 0.902401
0.0977096 0 0.90229
0.0978249 0 0.902175
0.0979454 0 0.902055
0.0980707 0 0.901929
0.0982012 0 0.901799
0.0983368 0 0.901663
0.0984775 0 0.901523
0.0986234 0 0.901377
0.0987745 0 0.901225
0.0989309 0 0.901069
0.0990924 0 0.900908
0.0992594 0 0.900741
0.0994319 0 0.900568
0.0996095 0 0.900391
0.0997928 0 0.900207
0.0999815 0 0.900018
0.100176 0 0.899824
0.100376 0 0.899624
0.100581 0 0.899419
0.100792 0 0.899208
0.10101 0 0.89899
0.101233 0 0.898767
0.101461 0 0.898539
0.101696 0 0.898304
0.101937 0 0.898063
0.102183 0 0.897817
0.102436 0 0.897564
0.102695 0 0.897305
0.102961 0 0.897039
0.103233 0 0.896767
0.103511 0 0.896489
0.103796 0 0.896204
0.104087 0 0.895913
0.104385 0 0.895615
0.10469 0 0.89531
0.105001 0 0.894999
0.10532 0 0.89468
0.105645 0 0.894355
0.105978 0 0.894022
0.106318 0 0.893682
0.106665 0 0.893335
0.10702 0 0.89298
0.107382 0 0.892618
0.107752 0 0.892248
0.10813 0 0.89187
0.108515 0 0.891485
0.108909 0 0.891091
0.10931 0 0.89069
0.10972 0 0.89028
0.110139 0 0.889861
0.0946241 0 0.905376
0.0947133 0 0.905287
0.0948076 0 0.905192
0.0949069 0 0.905093
0.098437 0 0.901563
0.0985498 0 0.90145
0.151777 0 0.848223
0.151619 0 0.848381
0.151469 0 0.848531
0.151326 0 0.848674
0.151191 0 0.848809
0.151064 0 0.848936
0.151981 0 0.848019
0.149731 0 0.850269
0.147553 0 0.852447
0.145444 0 0.854556
0.143401 0 0.856599
0.141421 0 0.858579
0.139502 0 0.860498
0.13764 0 0.86236
0.135833 0 0.864167
0.134079 0 0.865921
0.132376 0 0.867624
0.130722 0 0.869278
0.129114 0 0.870886
0.127551 0 0.872449
0.126032 0 0.873968
0.124554 0 0.875446
0.123116 0 0.876884
0.121716 0 0.878284
0.120354 0 0.879646
0.119026 0 0.880974
0.117734 0 0.882266
0.116474 0 0.883526
0.115247 0 0.884753
0.11405 0 0.88595
0.112884 0 0.887116
0.111746 0 0.888254
0.110636 0 0.889364
0.109552 0 0.890448
0.108495 0 0.891505
0.107463 0 0.892537
0.106456 0 0.893544
0.105472 0 0.894528
0.104511 0 0.895489
0.104697 0 0.895303
0.105284 0 0.894716
0.105882 0 0.894118
0.415131 0 0.584869
0.414651 0 0.585349
0.0963521 0 0.903648
0.0963202 0 0.90368
0.0962929 0 0.903707
0.0962703 0 0.90373
0.0962524 0 0.903748
0.0962391 0 0.903761
0.0962305 0 0.903769
0.0962264 0 0.903774
0.0962271 0 0.903773
0.0962325 0 0.903768
0.0962426 0 0.903757
0.096257 0 0.903743
0.0962764 0 0.903724
0.0963003 0 0.9037
0.096329 0 0.903671
0.0963623 0 0.903638
0.0964003 0 0.9036
0.0964431 0 0.903557
0.0964905 0 0.90351
0.0965424 0 0.903458
0.0965992 0 0.903401
0.0966609 0 0.903339
0.0967273 0 0.903273
0.0967983 0 0.903202
0.0968743 0 0.903126
0.0969549 0 0.903045
0.0970405 0 0.902959
0.0971309 0 0.902869
0.0972261 0 0.902774
0.0973263 0 0.902674
0.0974312 0 0.902569
0.0975412 0 0.902459
0.0976562 0 0.902344
0.0977761 0 0.902224
0.0979011 0 0.902099
0.0980311 0 0.901969
0.0981662 0 0.901834
0.0983064 0 0.901694
0.0984518 0 0.901548
0.0986025 0 0.901397
0.0987581 0 0.901242
0.0989193 0 0.901081
0.0990856 0 0.900914
0.0992573 0 0.900743
0.0994345 0 0.900566
0.099617 0 0.900383
0.0998051 0 0.900195
0.0999987 0 0.900001
0.100198 0 0.899802
0.100403 0 0.899597
0.100613 0 0.899387
0.100829 0 0.899171
0.101051 0 0.898949
0.10128 0 0.898721
0.101513 0 0.898487
0.101753 0 0.898247
0.101999 0 0.898001
0.102251 0 0.897749
0.102509 0 0.897491
0.102774 0 0.897226
0.103044 0 0.896956
0.103321 0 0.896679
0.103605 0 0.896395
0.103895 0 0.896105
0.104192 0 0.895808
0.104496 0 0.895504
0.104807 0 0.895193
0.105124 0 0.894876
0.105448 0 0.894552
0.10578 0 0.89422
0.106118 0 0.893882
0.106464 0 0.893536
0.106817 0 0.893183
0.107178 0 0.892822
0.107547 0 0.892453
0.107923 0 0.892077
0.108307 0 0.891693
0.108699 0 0.891301
0.109099 0 0.890901
0.109507 0 0.890493
0.109923 0 0.890077
0.110349 0 0.889651
0.0946953 0 0.905305
0.0947895 0 0.90521
0.0948882 0 0.905112
0.0984179 0 0.901582
0.0985306 0 0.901469
0.151767 0 0.848233
0.151609 0 0.848391
0.151458 0 0.848542
0.151316 0 0.848684
0.151181 0 0.848819
0.151054 0 0.848946
0.151387 0 0.848613
0.149154 0 0.850846
0.146993 0 0.853007
0.144901 0 0.855099
0.142873 0 0.857127
0.140908 0 0.859092
0.139002 0 0.860998
0.137154 0 0.862846
0.13536 0 0.86464
0.133618 0 0.866382
0.131927 0 0.868073
0.0489408 0 0.951059
0.0480917 0 0.951908
0.0481985 0 0.951801
0.0483065 0 0.951694
0.0484151 0 0.951585
0.0485264 0 0.951474
0.121337 0 0.878663
0.119983 0 0.880017
0.118664 0 0.881336
0.11738 0 0.88262
0.116128 0 0.883872
0.114908 0 0.885092
0.113718 0 0.886282
0.112558 0 0.887442
0.111427 0 0.888573
0.110323 0 0.889677
0.109247 0 0.890754
0.108195 0 0.891805
0.107169 0 0.892831
0.106167 0 0.893833
0.105189 0 0.894811
0.104233 0 0.895767
0.104691 0 0.895309
0.105278 0 0.894722
0.105876 0 0.894123
0.415127 0 0.584873
0.414547 0 0.585453
0.0962261 0 0.903774
0.0961897 0 0.90381
0.0961579 0 0.903842
0.0961306 0 0.903869
0.0961082 0 0.903892
0.0960901 0 0.90391
0.096077 0 0.903923
0.0960684 0 0.903932
0.0960643 0 0.903936
0.0960651 0 0.903935
0.0960703 0 0.90393
0.0960804 0 0.90392
0.096095 0 0.903905
0.0961141 0 0.903886
0.096138 0 0.903862
0.0961666 0 0.903833
0.0961997 0 0.9038
0.0962377 0 0.903762
0.0962802 0 0.90372
0.0963275 0 0.903673
0.0963793 0 0.903621
0.096436 0 0.903564
0.0964973 0 0.903503
0.0965635 0 0.903437
0.0966343 0 0.903366
0.0967099 0 0.90329
0.0967903 0 0.90321
0.0968756 0 0.903124
0.0969656 0 0.903034
0.0970606 0 0.902939
0.0971603 0 0.90284
0.097265 0 0.902735
0.0973745 0 0.902626
0.0974892 0 0.902511
0.0976086 0 0.902391
0.0977331 0 0.902267
0.0978628 0 0.902137
0.0979973 0 0.902003
0.098137 0 0.901863
0.0982821 0 0.901718
0.0984321 0 0.901568
0.0985871 0 0.901413
0.0987477 0 0.901252
0.0989136 0 0.901086
0.0990846 0 0.900915
0.0992612 0 0.900739
0.0994431 0 0.900557
0.0996304 0 0.90037
0.0998233 0 0.900177
0.100022 0 0.899978
0.100226 0 0.899774
0.100436 0 0.899564
0.100651 0 0.899349
0.100872 0 0.899128
0.1011 0 0.8989
0.101333 0 0.898667
0.101571 0 0.898429
0.101816 0 0.898184
0.102067 0 0.897933
0.102325 0 0.897675
0.102588 0 0.897412
0.102858 0 0.897142
0.103134 0 0.896866
0.103417 0 0.896583
0.103706 0 0.896294
0.104002 0 0.895998
0.104304 0 0.895696
0.104613 0 0.895387
0.10493 0 0.89507
0.105253 0 0.894747
0.105583 0 0.894417
0.10592 0 0.89408
0.106264 0 0.893736
0.106617 0 0.893383
0.106976 0 0.893024
0.107343 0 0.892657
0.107718 0 0.892282
0.1081 0 0.8919
0.108491 0 0.891509
0.108889 0 0.891111
0.109296 0 0.890704
0.109711 0 0.890289
0.110134 0 0.889866
0.251321 0 0.748679
0.0950737 0 0.904926
0.0979265 0 0.902074
0.0980226 0 0.901977
0.0981233 0 0.901877
0.151758 0 0.848242
0.1516 0 0.8484
0.15145 0 0.84855
0.151307 0 0.848693
0.151173 0 0.848827
0.151045 0 0.848955
0.1508 0 0.8492
0.148585 0 0.851415
0.14644 0 0.85356
0.144363 0 0.855637
0.142351 0 0.857649
0.1404 0 0.8596
0.138508 0 0.861492
0.136673 0 0.863327
0.134892 0 0.865108
0.133162 0 0.866838
0.131483 0 0.868517
0.048943 0 0.951057
0.0480604 0 0.95194
0.0481673 0 0.951833
0.0482769 0 0.951723
0.0483896 0 0.95161
0.0485051 0 0.951495
0.120962 0 0.879038
0.119617 0 0.880383
0.118306 0 0.881694
0.11703 0 0.882971
0.115785 0 0.884215
0.114572 0 0.885428
0.11339 0 0.88661
0.112237 0 0.887763
0.111112 0 0.888888
0.110014 0 0.889986
0.108943 0 0.891057
0.107898 0 0.892102
0.106878 0 0.893122
0.105881 0 0.894119
0.104908 0 0.895092
0.104112 0 0.895888
0.104687 0 0.895313
0.105273 0 0.894727
0.105872 0 0.894128
0.415128 0 0.584872
0.414448 0 0.585552
0.0960652 0 0.903935
0.0960289 0 0.903971
0.0959971 0 0.904003
0.09597 0 0.90403
0.0959476 0 0.904052
0.0959298 0 0.90407
0.0959167 0 0.904083
0.095908 0 0.904092
0.0959041 0 0.904096
0.0959047 0 0.904095
0.0959101 0 0.90409
0.0959199 0 0.90408
0.0959345 0 0.904066
0.0959535 0 0.904046
0.0959773 0 0.904023
0.0960059 0 0.903994
0.096039 0 0.903961
0.0960766 0 0.903923
0.096119 0 0.903881
0.0961662 0 0.903834
0.0962179 0 0.903782
0.0962743 0 0.903726
0.0963355 0 0.903665
0.0964013 0 0.903599
0.0964719 0 0.903528
0.0965473 0 0.903453
0.0966275 0 0.903373
0.0967124 0 0.903288
0.0968022 0 0.903198
0.0968968 0 0.903103
0.0969961 0 0.903004
0.0971006 0 0.902899
0.0972098 0 0.90279
0.0973237 0 0.902676
0.097443 0 0.902557
0.0975671 0 0.902433
0.0976962 0 0.902304
0.0978304 0 0.90217
0.0979696 0 0.90203
0.0981139 0 0.901886
0.0982634 0 0.901737
0.0984181 0 0.901582
0.0985781 0 0.901422
0.0987432 0 0.901257
0.0989138 0 0.901086
0.0990898 0 0.90091
0.099271 0 0.900729
0.0994577 0 0.900542
0.0996499 0 0.90035
0.0998478 0 0.900152
0.100051 0 0.899949
0.10026 0 0.89974
0.100475 0 0.899525
0.100695 0 0.899305
0.100921 0 0.899079
0.101154 0 0.898846
0.101392 0 0.898608
0.101636 0 0.898364
0.101886 0 0.898114
0.102142 0 0.897858
0.102405 0 0.897595
0.102674 0 0.897326
0.102949 0 0.897051
0.10323 0 0.89677
0.103518 0 0.896482
0.103813 0 0.896187
0.104114 0 0.895886
0.104422 0 0.895578
0.104737 0 0.895263
0.105059 0 0.894941
0.105388 0 0.894612
0.105724 0 0.894276
0.106067 0 0.893933
0.106418 0 0.893582
0.106776 0 0.893224
0.107142 0 0.892858
0.107515 0 0.892485
0.107896 0 0.892104
0.108285 0 0.891715
0.108682 0 0.891318
0.109087 0 0.890913
0.1095 0 0.8905
0.109926 0 0.890073
0.248003 0 0.751997
0.24718 0 0.75282
0.0977905 0 0.90221
0.0978977 0 0.902102
0.0980096 0 0.90199
0.151751 0 0.848249
0.151593 0 0.848407
0.151443 0 0.848557
0.151301 0 0.848699
0.151166 0 0.848834
0.151039 0 0.848961
0.150219 0 0.849781
0.148021 0 0.851979
0.145893 0 0.854107
0.143832 0 0.856168
0.141834 0 0.858166
0.139897 0 0.860103
0.138019 0 0.861981
0.136197 0 0.863803
0.134429 0 0.865571
0.132711 0 0.867289
0.131043 0 0.868957
0.0489499 0 0.95105
0.0480586 0 0.951941
0.0481656 0 0.951834
0.0482752 0 0.951725
0.0483877 0 0.951612
0.0485032 0 0.951497
0.120591 0 0.879409
0.119254 0 0.880746
0.117951 0 0.882049
0.116682 0 0.883318
0.115446 0 0.884554
0.11424 0 0.88576
0.113064 0 0.886936
0.111918 0 0.888082
0.1108 0 0.8892
0.109708 0 0.890292
0.108643 0 0.891357
0.107604 0 0.892396
0.106589 0 0.893411
0.105598 0 0.894402
0.10463 0 0.89537
0.104109 0 0.895891
0.104684 0 0.895316
0.10527 0 0.89473
0.105869 0 0.894131
0.415134 0 0.584866
0.414355 0 0.585645
0.0959061 0 0.904094
0.0958698 0 0.90413
0.0958382 0 0.904162
0.0958112 0 0.904189
0.0957888 0 0.904211
0.095771 0 0.904229
0.0957578 0 0.904242
0.0957492 0 0.904251
0.0957453 0 0.904255
0.0957461 0 0.904254
0.0957514 0 0.904249
0.0957612 0 0.904239
0.0957757 0 0.904224
0.0957947 0 0.904205
0.0958185 0 0.904182
0.0958469 0 0.904153
0.0958799 0 0.90412
0.0959175 0 0.904083
0.0959598 0 0.90404
0.0960067 0 0.903993
0.0960581 0 0.903942
0.0961143 0 0.903886
0.0961754 0 0.903825
0.0962411 0 0.903759
0.0963114 0 0.903689
0.0963865 0 0.903613
0.0964664 0 0.903534
0.096551 0 0.903449
0.0966404 0 0.90336
0.0967346 0 0.903265
0.0968338 0 0.903166
0.0969377 0 0.903062
0.0970466 0 0.902953
0.0971604 0 0.90284
0.097279 0 0.902721
0.0974027 0 0.902597
0.0975313 0 0.902469
0.097665 0 0.902335
0.0978037 0 0.902196
0.0979477 0 0.902052
0.0980966 0 0.901903
0.0982507 0 0.901749
0.0984102 0 0.90159
0.0985748 0 0.901425
0.0987448 0 0.901255
0.0989199 0 0.90108
0.0991006 0 0.900899
0.0992867 0 0.900713
0.0994781 0 0.900522
0.0996754 0 0.900325
0.0998778 0 0.900122
0.100086 0 0.899914
0.1003 0 0.8997
0.10052 0 0.89948
0.100745 0 0.899255
0.100976 0 0.899024
0.101214 0 0.898786
0.101457 0 0.898543
0.101706 0 0.898294
0.101962 0 0.898038
0.102223 0 0.897777
0.102491 0 0.897509
0.102765 0 0.897235
0.103046 0 0.896954
0.103333 0 0.896667
0.103626 0 0.896374
0.103926 0 0.896074
0.104233 0 0.895767
0.104547 0 0.895453
0.104868 0 0.895132
0.105196 0 0.894804
0.10553 0 0.89447
0.105872 0 0.894128
0.106222 0 0.893778
0.106578 0 0.893422
0.106943 0 0.893057
0.107314 0 0.892686
0.107694 0 0.892306
0.108081 0 0.891919
0.108477 0 0.891523
0.10888 0 0.89112
0.109292 0 0.890708
0.109925 0 0.890075
0.245469 0 0.754531
0.243849 0 0.756151
0.242641 0 0.757359
0.0978821 0 0.902118
0.0984805 0 0.901519
0.151746 0 0.848254
0.151588 0 0.848412
0.151438 0 0.848562
0.151296 0 0.848704
0.151161 0 0.848839
0.151034 0 0.848966
0.149643 0 0.850357
0.147462 0 0.852538
0.145351 0 0.854649
0.143305 0 0.856695
0.141322 0 0.858678
0.1394 0 0.8606
0.137535 0 0.862465
0.135725 0 0.864275
0.133969 0 0.866031
0.132264 0 0.867736
0.130607 0 0.869393
0.0489572 0 0.951043
0.0480575 0 0.951942
0.0481642 0 0.951836
0.0482741 0 0.951726
0.0483866 0 0.951613
0.0485021 0 0.951498
0.120223 0 0.879777
0.118894 0 0.881106
0.1176 0 0.8824
0.116338 0 0.883662
0.115109 0 0.884891
0.113911 0 0.886089
0.112742 0 0.887258
0.111602 0 0.888398
0.11049 0 0.88951
0.109405 0 0.890595
0.108346 0 0.891654
0.107313 0 0.892687
0.106304 0 0.893696
0.105318 0 0.894682
0.104355 0 0.895645
0.104107 0 0.895893
0.104682 0 0.895318
0.105268 0 0.894732
0.105867 0 0.894133
0.415145 0 0.584855
0.414265 0 0.585735
0.378452 0 0.621548
0.0957485 0 0.904251
0.0957122 0 0.904288
0.0956809 0 0.904319
0.0956539 0 0.904346
0.0956315 0 0.904368
0.0956139 0 0.904386
0.0956008 0 0.904399
0.0955923 0 0.904408
0.0955884 0 0.904412
0.095589 0 0.904411
0.0955942 0 0.904406
0.0956042 0 0.904396
0.0956187 0 0.904381
0.0956376 0 0.904362
0.0956613 0 0.904339
0.0956895 0 0.90431
0.0957225 0 0.904278
0.0957599 0 0.90424
0.0958019 0 0.904198
0.0958487 0 0.904151
0.0959 0 0.9041
0.0959561 0 0.904044
0.0960169 0 0.903983
0.0960822 0 0.903918
0.0961524 0 0.903848
0.0962272 0 0.903773
0.0963069 0 0.903693
0.0963913 0 0.903609
0.0964804 0 0.90352
0.0965743 0 0.903426
0.0966729 0 0.903327
0.0967767 0 0.903223
0.0968851 0 0.903115
0.0969986 0 0.903001
0.0971167 0 0.902883
0.0972399 0 0.90276
0.0973682 0 0.902632
0.0975014 0 0.902499
0.0976397 0 0.90236
0.0977832 0 0.902217
0.0979314 0 0.902069
0.0980852 0 0.901915
0.0982439 0 0.901756
0.0984081 0 0.901592
0.0985773 0 0.901423
0.098752 0 0.901248
0.0989322 0 0.901068
0.0991173 0 0.900883
0.0993083 0 0.900692
0.0995045 0 0.900495
0.0997064 0 0.900294
0.0999138 0 0.900086
0.100127 0 0.899873
0.100346 0 0.899654
0.100571 0 0.899429
0.100801 0 0.899199
0.101037 0 0.898962
0.10128 0 0.89872
0.101528 0 0.898472
0.101783 0 0.898217
0.102043 0 0.897957
0.10231 0 0.89769
0.102583 0 0.897417
0.102863 0 0.897137
0.103149 0 0.896851
0.103441 0 0.896559
0.10374 0 0.89626
0.104046 0 0.895954
0.104359 0 0.895641
0.104678 0 0.895322
0.105005 0 0.894995
0.105338 0 0.894662
0.105679 0 0.894321
0.106027 0 0.893973
0.106382 0 0.893618
0.106745 0 0.893255
0.107115 0 0.892885
0.107493 0 0.892507
0.10788 0 0.89212
0.108273 0 0.891727
0.108675 0 0.891325
0.109086 0 0.890914
0.109925 0 0.890075
0.239394 0 0.760606
0.23878 0 0.76122
0.237667 0 0.762333
0.232355 0 0.767645
0.151909 0 0.848091
0.151743 0 0.848257
0.151585 0 0.848415
0.151435 0 0.848565
0.151293 0 0.848707
0.151158 0 0.848842
0.151031 0 0.848969
0.149076 0 0.850924
0.146911 0 0.853089
0.144816 0 0.855184
0.142785 0 0.857215
0.140817 0 0.859183
0.138908 0 0.861092
0.137057 0 0.862943
0.13526 0 0.86474
0.133516 0 0.866484
0.131822 0 0.868178
0.130176 0 0.869824
0.0489657 0 0.951034
0.048057 0 0.951943
0.0481662 0 0.951834
0.0482814 0 0.951719
0.0483998 0 0.9516
0.048521 0 0.951479
0.11986 0 0.88014
0.118539 0 0.881461
0.117252 0 0.882748
0.115998 0 0.884002
0.114776 0 0.885224
0.113585 0 0.886415
0.112423 0 0.887577
0.11129 0 0.88871
0.110184 0 0.889816
0.109105 0 0.890895
0.108053 0 0.891947
0.107025 0 0.892975
0.106021 0 0.893979
0.105041 0 0.894959
0.104084 0 0.895916
0.104107 0 0.895893
0.104682 0 0.895318
0.105268 0 0.894732
0.105866 0 0.894134
0.106476 0 0.893524
0.373064 0 0.626936
0.37174 0 0.62826
0.371559 0 0.628441
0.372968 0 0.627032
0.373425 0 0.626575
0.379785 0 0.620215
0.0955927 0 0.904407
0.0955566 0 0.904443
0.0955253 0 0.904475
0.0954985 0 0.904501
0.0954762 0 0.904524
0.0954586 0 0.904541
0.0954454 0 0.904555
0.095437 0 0.904563
0.095433 0 0.904567
0.0954338 0 0.904566
0.095439 0 0.904561
0.0954487 0 0.904551
0.0954631 0 0.904537
0.0954823 0 0.904518
0.0955057 0 0.904494
0.0955338 0 0.904466
0.0955667 0 0.904433
0.0956041 0 0.904396
0.095646 0 0.904354
0.0956925 0 0.904307
0.0957437 0 0.904256
0.0957997 0 0.9042
0.0958601 0 0.90414
0.0959253 0 0.904075
0.0959953 0 0.904005
0.0960698 0 0.90393
0.0961491 0 0.903851
0.0962332 0 0.903767
0.0963221 0 0.903678
0.0964157 0 0.903584
0.096514 0 0.903486
0.0966173 0 0.903383
0.0967255 0 0.903275
0.0968385 0 0.903162
0.0969563 0 0.903044
0.097079 0 0.902921
0.0972068 0 0.902793
0.0973397 0 0.90266
0.0974775 0 0.902523
0.0976202 0 0.90238
0.0977685 0 0.902232
0.0979213 0 0.902079
0.0980797 0 0.90192
0.0982431 0 0.901757
0.098412 0 0.901588
0.0985859 0 0.901414
0.0987653 0 0.901235
0.09895 0 0.90105
0.0991402 0 0.90086
0.0993359 0 0.900664
0.0995369 0 0.900463
0.0997439 0 0.900256
0.0999562 0 0.900044
0.100174 0 0.899826
0.100398 0 0.899602
0.100628 0 0.899372
0.100863 0 0.899137
0.101105 0 0.898895
0.101352 0 0.898648
0.101606 0 0.898394
0.101865 0 0.898135
0.102131 0 0.897869
0.102403 0 0.897597
0.102682 0 0.897318
0.102967 0 0.897033
0.103258 0 0.896742
0.103556 0 0.896444
0.103861 0 0.896139
0.104172 0 0.895828
0.104491 0 0.895509
0.104816 0 0.895184
0.105148 0 0.894852
0.105488 0 0.894512
0.105834 0 0.894166
0.106188 0 0.893812
0.10655 0 0.89345
0.106919 0 0.893081
0.107295 0 0.892705
0.10768 0 0.89232
0.108072 0 0.891928
0.108473 0 0.891527
0.109056 0 0.890944
0.109927 0 0.890073
0.232912 0 0.767088
0.231361 0 0.768639
0.229755 0 0.770245
0.228878 0 0.771122
0.229639 0 0.770361
0.151742 0 0.848258
0.151584 0 0.848416
0.151434 0 0.848566
0.151292 0 0.848708
0.151132 0 0.848868
0.150732 0 0.849268
0.0557125 0 0.944288
0.0540356 0 0.945964
0.0524575 0 0.947542
0.0509706 0 0.949029
0.0495664 0 0.950434
0.0482391 0 0.951761
0.0473653 0 0.952635
0.0474506 0 0.952549
0.0475381 0 0.952462
0.0476285 0 0.952371
0.0477215 0 0.952279
0.0478168 0 0.952183
0.0479147 0 0.952085
0.0480154 0 0.951985
0.0481192 0 0.951881
0.0482249 0 0.951775
0.0483339 0 0.951666
0.0484456 0 0.951554
0.0485599 0 0.95144
0.048677 0 0.951323
0.0487971 0 0.951203
0.0489201 0 0.95108
0.0490458 0 0.950954
0.112107 0 0.887893
0.110981 0 0.889019
0.109881 0 0.890119
0.108809 0 0.891191
0.107761 0 0.892239
0.106739 0 0.893261
0.105741 0 0.894259
0.104766 0 0.895234
0.103958 0 0.896042
0.104108 0 0.895892
0.104682 0 0.895318
0.105268 0 0.894732
0.105866 0 0.894134
0.106476 0 0.893524
0.445556 0 0.554444
0.454613 0 0.545387
0.358782 0 0.641218
0.35677 0 0.64323
0.35706 0 0.64294
0.365364 0 0.634636
0.352033 0 0.647967
0.349245 0 0.650755
0.34743 0 0.65257
0.345085 0 0.654915
0.34238 0 0.65762
0.340021 0 0.659979
0.337938 0 0.662062
0.336811 0 0.663189
0.334971 0 0.665029
0.331562 0 0.668438
0.325667 0 0.674333
0.321804 0 0.678196
0.0954385 0 0.904561
0.0954025 0 0.904597
0.0953712 0 0.904629
0.0953446 0 0.904655
0.0953224 0 0.904678
0.0953047 0 0.904695
0.0952918 0 0.904708
0.0952834 0 0.904717
0.0952794 0 0.904721
0.0952801 0 0.90472
0.0952853 0 0.904715
0.0952952 0 0.904705
0.0953096 0 0.90469
0.0953284 0 0.904672
0.0953518 0 0.904648
0.0953799 0 0.90462
0.0954127 0 0.904587
0.0954498 0 0.90455
0.0954916 0 0.904508
0.0955382 0 0.904462
0.0955891 0 0.904411
0.0956448 0 0.904355
0.0957051 0 0.904295
0.0957702 0 0.90423
0.0958399 0 0.90416
0.0959141 0 0.904086
0.0959931 0 0.904007
0.096077 0 0.903923
0.0961656 0 0.903834
0.0962588 0 0.903741
0.0963568 0 0.903643
0.0964597 0 0.90354
0.0965676 0 0.903432
0.0966801 0 0.90332
0.0967975 0 0.903203
0.0969201 0 0.90308
0.0970472 0 0.902953
0.0971795 0 0.90282
0.097317 0 0.902683
0.0974594 0 0.902541
0.0976067 0 0.902393
0.0977594 0 0.902241
0.0979171 0 0.902083
0.0980801 0 0.90192
0.0982482 0 0.901752
0.0984215 0 0.901578
0.0986004 0 0.9014
0.0987845 0 0.901216
0.0989739 0 0.901026
0.0991689 0 0.900831
0.0993695 0 0.90063
0.0995755 0 0.900424
0.0997872 0 0.900213
0.100004 0 0.899996
0.100228 0 0.899772
0.100456 0 0.899544
0.100691 0 0.899309
0.100932 0 0.899068
0.101178 0 0.898822
0.101431 0 0.898569
0.101689 0 0.898311
0.101954 0 0.898046
0.102226 0 0.897774
0.102503 0 0.897497
0.102787 0 0.897213
0.103077 0 0.896923
0.103374 0 0.896626
0.103678 0 0.896322
0.103988 0 0.896012
0.104305 0 0.895695
0.104629 0 0.895371
0.10496 0 0.89504
0.105298 0 0.894702
0.105644 0 0.894356
0.105996 0 0.894004
0.106356 0 0.893644
0.106724 0 0.893276
0.107099 0 0.892901
0.107507 0 0.892493
0.107927 0 0.892073
0.108355 0 0.891645
0.10906 0 0.89094
0.10993 0 0.89007
0.226958 0 0.773042
0.222869 0 0.777131
0.221267 0 0.778733
0.219814 0 0.780186
0.227788 0 0.772212
0.228807 0 0.771193
0.15204 0 0.84796
0.151886 0 0.848114
0.151215 0 0.848785
0.151054 0 0.848946
0.0565889 0 0.943411
0.054858 0 0.945142
0.0532312 0 0.946769
0.0516992 0 0.948301
0.0502542 0 0.949746
0.0488889 0 0.951111
0.047597 0 0.952403
0.0471952 0 0.952805
0.0472796 0 0.95272
0.0473666 0 0.952633
0.0474561 0 0.952544
0.0475483 0 0.952452
0.047643 0 0.952357
0.0477403 0 0.95226
0.0478402 0 0.95216
0.047943 0 0.952057
0.0480483 0 0.951952
0.0481563 0 0.951844
0.0482671 0 0.951733
0.0483807 0 0.951619
0.0484971 0 0.951503
0.0486161 0 0.951384
0.0487382 0 0.951262
0.048863 0 0.951137
0.111795 0 0.888205
0.110674 0 0.889326
0.109581 0 0.890419
0.108514 0 0.891486
0.107473 0 0.892527
0.106457 0 0.893543
0.105464 0 0.894536
0.104494 0 0.895506
0.103976 0 0.896024
0.10411 0 0.89589
0.104685 0 0.895315
0.10527 0 0.89473
0.105868 0 0.894132
0.106478 0 0.893522
0.344358 0 0.655642
0.346115 0 0.653885
0.341111 0 0.658889
0.337984 0 0.662016
0.304844 0 0.695156
0.304737 0 0.695263
0.334455 0 0.665545
0.331587 0 0.668413
0.328561 0 0.671439
0.320719 0 0.679281
0.308432 0 0.691568
0.306151 0 0.693848
0.303815 0 0.696185
0.302515 0 0.697485
0.301385 0 0.698615
0.301735 0 0.698265
0.301166 0 0.698834
0.300508 0 0.699492
0.299935 0 0.700065
0.0952859 0 0.904714
0.0952502 0 0.90475
0.0952191 0 0.904781
0.0951923 0 0.904808
0.0951703 0 0.90483
0.0951529 0 0.904847
0.0951397 0 0.90486
0.0951315 0 0.904869
0.0951275 0 0.904872
0.0951282 0 0.904872
0.0951334 0 0.904867
0.0951432 0 0.904857
0.0951575 0 0.904842
0.0951764 0 0.904824
0.0951997 0 0.9048
0.0952277 0 0.904772
0.0952602 0 0.90474
0.0952974 0 0.904703
0.0953389 0 0.904661
0.0953852 0 0.904615
0.0954362 0 0.904564
0.0954916 0 0.904508
0.0955518 0 0.904448
0.0956165 0 0.904383
0.0956861 0 0.904314
0.0957601 0 0.90424
0.0958388 0 0.904161
0.0959223 0 0.904078
0.0960105 0 0.903989
0.0961036 0 0.903896
0.0962014 0 0.903799
0.0963038 0 0.903696
0.096411 0 0.903589
0.0965234 0 0.903477
0.0966405 0 0.90336
0.0967626 0 0.903237
0.0968894 0 0.903111
0.0970212 0 0.902979
0.0971582 0 0.902842
0.0973 0 0.9027
0.0974469 0 0.902553
0.097599 0 0.902401
0.0977563 0 0.902244
0.0979186 0 0.902081
0.0980859 0 0.901914
0.0982589 0 0.901741
0.0984369 0 0.901563
0.0986206 0 0.901379
0.0988093 0 0.901191
0.0990035 0 0.900997
0.0992035 0 0.900797
0.0994087 0 0.900591
0.0996195 0 0.90038
0.0998361 0 0.900164
0.100059 0 0.899941
0.100287 0 0.899713
0.10052 0 0.89948
0.10076 0 0.89924
0.101006 0 0.898994
0.101258 0 0.898742
0.101516 0 0.898484
0.101779 0 0.898221
0.102049 0 0.897951
0.102326 0 0.897674
0.102609 0 0.897391
0.102898 0 0.897102
0.103194 0 0.896806
0.103496 0 0.896504
0.103805 0 0.896195
0.104122 0 0.895878
0.104456 0 0.895544
0.104812 0 0.895188
0.105175 0 0.894825
0.105546 0 0.894454
0.105925 0 0.894075
0.106312 0 0.893688
0.106706 0 0.893294
0.107109 0 0.892891
0.10752 0 0.89248
0.10794 0 0.89206
0.108368 0 0.891632
0.109064 0 0.890936
0.109934 0 0.890066
0.220646 0 0.779354
0.21899 0 0.78101
0.217365 0 0.782635
0.215612 0 0.784388
0.21388 0 0.78612
0.212197 0 0.787803
0.210165 0 0.789835
 ] }
}
