# Real Time: 852.11
# Simulation Time: 22.47
# Radar Position: 872.438 -234.315 3.21907
# Radar Quat: 0.00225697 -0.00102219 0.784587 0.620014
PointSet {
 coord Coordinate { point [
842.915 -271.645 4.40143
843.339 -271.642 4.39401
843.758 -271.64 4.38673
844.172 -271.637 4.37957
844.582 -271.635 4.37253
844.987 -271.632 4.36561
845.389 -271.63 4.35882
845.786 -271.627 4.35214
846.179 -271.625 4.34557
846.569 -271.623 4.33911
846.954 -271.62 4.33277
847.336 -271.618 4.32653
847.714 -271.616 4.32039
847.768 -272.105 4.32879
847.772 -272.684 4.33971
847.775 -273.275 4.35092
847.779 -273.879 4.36243
867.903 -243.778 3.47365
868.077 -243.579 3.46727
868.145 -243.604 3.46687
868.212 -243.628 3.46648
868.28 -243.653 3.46611
868.347 -243.677 3.46574
868.415 -243.702 3.46539
868.482 -243.726 3.46504
868.462 -243.965 3.47025
868.531 -243.988 3.46987
868.601 -244.011 3.46951
868.753 -243.819 3.46364
868.82 -243.843 3.46335
868.888 -243.868 3.46307
868.955 -243.892 3.4628
869.022 -243.916 3.46254
869.089 -243.941 3.46229
869.156 -243.965 3.46205
869.223 -243.99 3.46182
869.219 -244.235 3.4671
867.393 -250.269 3.61572
867.518 -250.261 3.61422
867.642 -250.253 3.61273
867.766 -250.245 3.61127
867.889 -250.237 3.60984
868.011 -250.229 3.60843
868.133 -250.221 3.60704
868.255 -250.214 3.60568
868.375 -250.206 3.60434
868.469 -250.305 3.6056
868.494 -250.697 3.61387
868.519 -251.106 3.62254
868.546 -251.535 3.63165
868.575 -251.984 3.64122
871.413 -239.137 3.335
868.636 -252.953 3.66189
868.669 -253.476 3.67308
868.704 -254.028 3.6849
863.539 -285.24 4.41421
865.287 -276.987 4.21828
866.779 -282.419 4.32745
866.594 -290.787 4.51462
868.472 -286.973 4.41781
872.138 -290.798 4.48376
872.518 -281.959 4.28456
872.911 -288.867 4.43717
873.131 -278.587 4.20659
873.44 -278.556 4.20463
874.573 -292.619 4.51434
875.324 -284.383 4.32789
878.132 -287.582 4.39141
878.411 -286.731 4.37188
842.916 -271.642 4.23503
843.34 -271.64 4.22854
843.758 -271.637 4.22215
844.173 -271.635 4.21587
844.583 -271.632 4.20971
844.988 -271.63 4.20364
845.389 -271.627 4.19768
845.787 -271.625 4.19181
846.18 -271.623 4.18605
846.569 -271.62 4.18038
846.955 -271.618 4.1748
847.337 -271.616 4.16932
847.715 -271.613 4.16392
847.768 -272.104 4.17102
847.772 -272.682 4.18025
847.775 -273.273 4.18973
847.779 -273.877 4.19945
867.912 -243.758 3.43642
868.077 -243.578 3.43134
868.145 -243.602 3.43097
868.213 -243.627 3.4306
868.28 -243.652 3.43024
868.348 -243.676 3.42989
868.415 -243.701 3.42955
868.483 -243.725 3.42922
868.55 -243.75 3.4289
868.533 -243.984 3.43321
868.601 -244.009 3.4329
868.754 -243.817 3.42787
868.821 -243.842 3.42758
868.888 -243.866 3.4273
868.955 -243.891 3.42704
869.022 -243.915 3.42678
869.089 -243.94 3.42652
869.156 -243.964 3.42628
869.224 -243.988 3.42605
869.219 -244.234 3.43051
867.394 -250.265 3.55707
867.519 -250.257 3.55572
867.643 -250.249 3.55439
867.767 -250.242 3.55308
867.89 -250.234 3.55179
868.012 -250.226 3.55053
868.134 -250.218 3.54928
868.255 -250.211 3.54805
868.376 -250.203 3.54684
868.469 -250.304 3.54788
868.494 -250.695 3.55485
868.519 -251.104 3.56215
868.546 -251.533 3.56982
868.575 -251.983 3.57787
871.413 -239.137 3.31762
868.636 -252.952 3.59528
868.669 -253.475 3.6047
868.704 -254.026 3.61465
863.539 -285.232 4.23336
865.293 -276.945 4.0662
866.781 -282.394 4.15768
866.591 -290.802 4.31649
868.468 -287.007 4.23391
872.137 -290.794 4.28627
872.517 -281.959 4.11803
872.909 -288.869 4.24656
873.13 -278.588 4.05182
873.439 -278.555 4.04992
874.573 -292.641 4.31085
875.323 -284.381 4.15257
878.131 -287.587 4.20427
878.41 -286.726 4.18742
841.066 -271.78 4.09499
841.511 -271.778 4.089
841.951 -271.775 4.08311
842.292 -271.889 4.07999
842.917 -271.64 4.06868
843.341 -271.637 4.06311
843.759 -271.635 4.05762
844.174 -271.632 4.05223
844.583 -271.63 4.04693
844.989 -271.627 4.04172
845.39 -271.625 4.03659
845.788 -271.623 4.03154
846.181 -271.62 4.02657
846.57 -271.618 4.02169
846.956 -271.616 4.01688
847.338 -271.613 4.01215
847.716 -271.611 4.0075
847.768 -272.103 4.01328
847.772 -272.681 4.02083
847.775 -273.272 4.02857
847.779 -273.876 4.03651
868 -243.573 3.39619
868.078 -243.577 3.39543
868.146 -243.601 3.39508
868.213 -243.626 3.39473
868.281 -243.65 3.39439
868.348 -243.675 3.39406
868.415 -243.699 3.39373
868.483 -243.724 3.39342
868.55 -243.748 3.3931
868.533 -243.983 3.39663
868.677 -243.818 3.39287
868.754 -243.816 3.39212
868.821 -243.841 3.39183
868.888 -243.865 3.39156
868.955 -243.89 3.39129
869.022 -243.914 3.39103
869.089 -243.938 3.39077
869.157 -243.963 3.39053
869.224 -243.987 3.39029
869.278 -244.053 3.39077
867.394 -250.262 3.49846
867.519 -250.254 3.49726
867.644 -250.246 3.49609
867.767 -250.238 3.49493
867.89 -250.231 3.49378
868.013 -250.223 3.49266
868.134 -250.215 3.49155
870.929 -240.022 3.31725
868.376 -250.2 3.48938
868.469 -250.303 3.49019
868.494 -250.694 3.49585
868.519 -251.103 3.50178
868.546 -251.532 3.50801
868.575 -251.981 3.51455
871.413 -239.136 3.30025
868.636 -252.95 3.52869
868.669 -253.473 3.53634
868.704 -254.024 3.54442
863.539 -285.225 4.05261
865.296 -276.923 3.91477
866.782 -282.371 3.98812
866.588 -290.816 4.11829
868.464 -287.048 4.04989
872.136 -290.789 4.08884
872.516 -281.959 3.95152
872.908 -288.873 4.05597
873.129 -278.588 3.89707
873.438 -278.554 3.89525
874.573 -292.665 4.10728
875.322 -284.379 3.97729
878.131 -287.599 4.01724
878.408 -286.722 4.00303
841.068 -271.778 3.92421
841.512 -271.775 3.91922
841.952 -271.773 3.91431
842.292 -271.888 3.91166
842.919 -271.637 3.90236
843.342 -271.635 3.89771
843.76 -271.632 3.89313
844.175 -271.63 3.88862
844.585 -271.627 3.88418
844.99 -271.625 3.87982
845.391 -271.623 3.87552
845.788 -271.62 3.87129
846.182 -271.618 3.86713
846.571 -271.616 3.86303
846.957 -271.613 3.85899
847.338 -271.611 3.85502
847.717 -271.609 3.85111
847.769 -272.101 3.85557
847.772 -272.68 3.86143
847.775 -273.271 3.86744
847.779 -273.874 3.8736
868 -243.572 3.3602
868.078 -243.575 3.35953
868.146 -243.6 3.3592
868.213 -243.625 3.35887
868.281 -243.649 3.35855
868.348 -243.674 3.35824
868.416 -243.698 3.35793
868.483 -243.723 3.35762
868.55 -243.747 3.35732
868.592 -243.834 3.35793
868.677 -243.817 3.35704
868.754 -243.815 3.35637
868.821 -243.839 3.3561
868.888 -243.864 3.35582
868.955 -243.888 3.35556
869.023 -243.913 3.35529
869.09 -243.937 3.35504
869.157 -243.962 3.35478
869.224 -243.986 3.35454
869.278 -244.051 3.35485
867.395 -250.259 3.43987
867.52 -250.251 3.43883
867.644 -250.243 3.43781
867.768 -250.235 3.4368
867.891 -250.227 3.4358
868.013 -250.22 3.43481
868.135 -250.212 3.43384
870.935 -239.998 3.29616
868.377 -250.197 3.43194
868.469 -250.302 3.43251
868.494 -250.693 3.43686
868.519 -251.102 3.44142
868.546 -251.53 3.44621
868.575 -251.98 3.45124
871.413 -239.136 3.28288
868.636 -252.948 3.46211
868.669 -253.471 3.46799
868.704 -254.022 3.47421
863.539 -285.219 3.87194
865.297 -276.908 3.76359
866.784 -282.349 3.81875
866.586 -290.831 3.92
872.135 -290.784 3.89146
872.515 -281.959 3.78502
872.907 -288.877 3.86538
873.129 -278.588 3.74233
873.437 -278.553 3.74059
874.572 -292.692 3.90359
875.321 -284.378 3.80204
878.133 -287.626 3.83031
878.406 -286.717 3.81867
841.069 -271.775 3.75348
841.514 -271.773 3.74949
841.953 -271.77 3.74556
842.292 -271.887 3.74335
842.92 -271.635 3.73609
843.343 -271.632 3.73235
843.762 -271.63 3.72867
844.176 -271.628 3.72505
844.586 -271.625 3.72148
844.991 -271.623 3.71796
845.392 -271.62 3.7145
845.789 -271.618 3.71109
846.183 -271.616 3.70772
846.572 -271.613 3.70441
846.957 -271.611 3.70114
847.339 -271.609 3.69792
847.717 -271.606 3.69475
847.769 -272.1 3.69789
847.772 -272.679 3.70206
847.775 -273.269 3.70633
847.779 -273.873 3.71072
868 -243.572 3.32421
868.079 -243.574 3.32365
868.146 -243.599 3.32334
868.214 -243.623 3.32303
868.281 -243.648 3.32273
868.349 -243.672 3.32243
868.416 -243.697 3.32213
868.483 -243.721 3.32184
868.551 -243.746 3.32155
868.6 -243.815 3.32174
868.676 -243.817 3.32121
868.754 -243.814 3.32065
868.821 -243.838 3.32037
868.893 -243.85 3.31997
868.961 -243.873 3.31968
869.029 -243.896 3.3194
869.096 -243.918 3.31913
869.157 -243.96 3.31905
869.224 -243.985 3.3188
869.279 -244.048 3.31895
867.396 -250.256 3.38131
867.521 -250.248 3.38043
867.645 -250.24 3.37956
867.768 -250.232 3.3787
867.891 -250.224 3.37784
868.014 -250.216 3.377
868.135 -250.209 3.37617
870.934 -240.002 3.27552
868.377 -250.193 3.37454
868.469 -250.301 3.37485
868.494 -250.692 3.37789
868.519 -251.101 3.38108
868.546 -251.529 3.38443
868.575 -251.979 3.38795
871.413 -239.135 3.26552
868.636 -252.947 3.39556
868.669 -253.47 3.39967
868.704 -254.021 3.40402
863.54 -285.213 3.69134
865.299 -276.897 3.61257
866.786 -282.328 3.64957
866.583 -290.847 3.72163
872.134 -290.779 3.69413
872.514 -281.96 3.61855
872.906 -288.881 3.67478
873.128 -278.588 3.5876
873.436 -278.552 3.58596
874.572 -292.722 3.69976
875.319 -284.376 3.62682
878.405 -286.713 3.63437
841.07 -271.773 3.58278
841.515 -271.77 3.57979
841.954 -271.768 3.57684
842.292 -271.886 3.57507
842.921 -271.633 3.56985
843.344 -271.63 3.56703
843.763 -271.628 3.56425
844.177 -271.625 3.56151
844.587 -271.623 3.55881
844.992 -271.62 3.55614
845.393 -271.618 3.55351
845.79 -271.616 3.55091
846.183 -271.613 3.54835
846.573 -271.611 3.54582
846.958 -271.609 3.54332
847.34 -271.606 3.54086
847.718 -271.604 3.53842
847.769 -272.099 3.54024
847.772 -272.677 3.54271
847.775 -273.268 3.54526
847.779 -273.872 3.54786
868 -243.571 3.28824
868.079 -243.573 3.28778
868.147 -243.598 3.28749
868.224 -243.6 3.28704
868.292 -243.623 3.28674
868.36 -243.646 3.28645
868.428 -243.669 3.28615
868.484 -243.72 3.28607
868.551 -243.745 3.28579
868.601 -243.813 3.28582
868.676 -243.816 3.2854
868.755 -243.813 3.28493
868.822 -243.837 3.28466
868.906 -243.814 3.28407
868.974 -243.837 3.28379
869.041 -243.859 3.28352
869.109 -243.882 3.28325
869.157 -243.959 3.28333
869.224 -243.984 3.28307
869.279 -244.046 3.28307
867.396 -250.252 3.32278
867.521 -250.244 3.32206
867.646 -250.237 3.32134
867.769 -250.229 3.32063
867.892 -250.221 3.31992
868.014 -250.213 3.31922
868.136 -250.206 3.31853
870.933 -240.007 3.25487
868.378 -250.19 3.31716
868.469 -250.3 3.31719
868.494 -250.69 3.31893
868.519 -251.099 3.32076
868.546 -251.528 3.32267
868.575 -251.977 3.32468
871.413 -239.135 3.24816
868.636 -252.945 3.32902
868.669 -253.468 3.33137
868.704 -254.019 3.33385
863.539 -285.208 3.5108
865.299 -276.889 3.46166
866.787 -282.308 3.48056
866.58 -290.862 3.52318
872.133 -290.774 3.49686
872.513 -281.96 3.45209
872.905 -288.886 3.48418
873.127 -278.589 3.43289
873.436 -278.551 3.43135
874.573 -292.758 3.49577
875.319 -284.375 3.45163
878.403 -286.708 3.45012
840.622 -271.773 3.41412
841.072 -271.77 3.4121
841.516 -271.768 3.41011
841.956 -271.765 3.40814
842.292 -271.885 3.4068
842.922 -271.63 3.40363
843.345 -271.628 3.40173
843.764 -271.625 3.39985
844.178 -271.623 3.39799
844.588 -271.62 3.39616
844.993 -271.618 3.39434
845.394 -271.616 3.39254
845.791 -271.613 3.39076
846.185 -271.611 3.389
846.574 -271.609 3.38725
846.959 -271.606 3.38552
847.341 -271.604 3.38381
847.719 -271.602 3.38212
847.769 -272.098 3.38259
847.772 -272.676 3.38338
847.775 -273.267 3.38419
847.779 -273.871 3.38501
868 -243.571 3.25226
868.079 -243.572 3.25191
868.147 -243.596 3.25164
868.239 -243.568 3.25119
868.306 -243.592 3.25093
868.373 -243.616 3.25066
868.44 -243.641 3.25039
868.484 -243.719 3.25031
868.551 -243.744 3.25004
868.601 -243.811 3.24991
868.676 -243.816 3.24958
868.755 -243.811 3.24922
868.822 -243.836 3.24896
868.909 -243.806 3.24852
868.976 -243.83 3.24826
869.043 -243.854 3.24799
869.109 -243.879 3.24773
869.158 -243.958 3.24763
869.225 -243.982 3.24736
869.28 -244.044 3.2472
867.397 -250.249 3.26428
867.522 -250.241 3.26371
867.646 -250.233 3.26314
867.77 -250.226 3.26258
867.893 -250.218 3.26202
868.015 -250.21 3.26146
868.137 -250.202 3.2609
868.258 -250.195 3.26035
868.378 -250.187 3.2598
868.469 -250.299 3.25955
868.494 -250.689 3.25999
868.519 -251.098 3.26044
868.546 -251.527 3.26092
868.575 -251.976 3.26142
871.413 -239.134 3.23081
868.636 -252.944 3.26249
868.669 -253.467 3.26308
868.704 -254.018 3.26369
863.539 -285.204 3.33029
865.299 -276.883 3.31081
866.789 -282.289 3.31169
866.578 -290.879 3.32462
872.132 -290.769 3.29962
872.513 -281.96 3.28563
872.905 -288.891 3.29354
873.126 -278.589 3.27818
873.435 -278.55 3.27674
874.574 -292.81 3.29154
875.318 -284.373 3.27645
878.402 -286.704 3.2659
840.623 -271.77 3.24245
841.073 -271.768 3.24145
841.518 -271.765 3.24045
841.957 -271.763 3.23946
842.292 -271.884 3.23854
842.923 -271.628 3.23743
843.347 -271.625 3.23645
843.765 -271.623 3.23547
844.179 -271.62 3.2345
844.589 -271.618 3.23353
844.994 -271.615 3.23256
845.395 -271.613 3.23159
845.793 -271.611 3.23062
846.186 -271.608 3.22966
846.575 -271.606 3.2287
846.96 -271.604 3.22774
847.342 -271.602 3.22678
847.72 -271.599 3.22583
847.769 -272.097 3.22495
847.772 -272.675 3.22405
847.775 -273.266 3.22312
847.779 -273.87 3.22217
868 -243.57 3.21629
868.08 -243.571 3.21606
868.147 -243.595 3.21581
868.239 -243.566 3.21558
868.306 -243.591 3.21533
868.373 -243.615 3.21508
868.44 -243.64 3.21483
868.484 -243.718 3.21455
868.552 -243.742 3.2143
868.602 -243.809 3.21402
868.676 -243.816 3.21377
868.755 -243.81 3.21352
868.822 -243.835 3.21326
868.91 -243.805 3.21303
868.976 -243.829 3.21277
869.043 -243.853 3.2125
869.11 -243.877 3.21224
869.158 -243.957 3.21192
869.225 -243.981 3.21165
869.28 -244.042 3.21135
867.398 -250.246 3.20579
867.523 -250.238 3.20538
867.647 -250.23 3.20497
867.77 -250.222 3.20455
867.893 -250.215 3.20414
868.016 -250.207 3.20372
868.137 -250.199 3.2033
868.258 -250.192 3.20288
868.379 -250.184 3.20247
868.469 -250.298 3.20191
868.493 -250.688 3.20104
868.519 -251.097 3.20013
868.546 -251.526 3.19917
868.575 -251.975 3.19816
871.413 -239.134 3.21346
868.636 -252.943 3.19598
868.669 -253.465 3.19479
868.703 -254.016 3.19354
868.74 -254.598 3.19221
863.539 -285.2 3.14982
865.299 -276.88 3.16
866.79 -282.27 3.14295
866.575 -290.895 3.12594
872.131 -290.765 3.10241
872.512 -281.96 3.11916
872.904 -288.897 3.10286
873.125 -278.589 3.12346
873.434 -278.549 3.12214
875.316 -284.372 3.10127
878.4 -286.699 3.08171
840.625 -271.768 3.07078
841.075 -271.765 3.0708
841.519 -271.763 3.07081
841.958 -271.76 3.07079
842.292 -271.883 3.07027
842.925 -271.625 3.07124
843.348 -271.623 3.07117
843.766 -271.62 3.0711
844.18 -271.618 3.07101
844.59 -271.615 3.0709
844.995 -271.613 3.07078
845.396 -271.611 3.07065
845.793 -271.608 3.0705
846.187 -271.606 3.07033
846.576 -271.604 3.07016
846.961 -271.602 3.06997
847.343 -271.599 3.06976
847.721 -271.597 3.06955
847.769 -272.096 3.0673
847.772 -272.674 3.06472
847.775 -273.265 3.06206
847.779 -273.868 3.05933
868.001 -243.57 3.18032
868.08 -243.57 3.18021
868.148 -243.594 3.17998
868.239 -243.565 3.17998
868.306 -243.59 3.17975
868.374 -243.614 3.17952
868.44 -243.638 3.17928
868.485 -243.717 3.17881
868.552 -243.741 3.17856
868.603 -243.807 3.17813
868.676 -243.815 3.17795
868.756 -243.809 3.17783
868.823 -243.834 3.17757
868.91 -243.803 3.17755
868.977 -243.828 3.17729
869.043 -243.852 3.17702
869.11 -243.876 3.17675
869.158 -243.956 3.17623
869.225 -243.98 3.17595
869.281 -244.04 3.17551
867.399 -250.243 3.14733
867.524 -250.235 3.14707
867.648 -250.227 3.14681
867.771 -250.219 3.14654
867.894 -250.211 3.14627
868.016 -250.204 3.146
868.138 -250.196 3.14572
868.259 -250.188 3.14544
868.379 -250.181 3.14515
868.469 -250.297 3.14428
868.493 -250.687 3.1421
868.519 -251.096 3.13982
868.546 -251.524 3.13743
868.575 -251.974 3.13491
871.413 -239.133 3.19611
868.636 -252.941 3.12946
868.669 -253.464 3.12651
868.703 -254.015 3.12339
868.74 -254.596 3.12009
863.539 -285.197 2.96935
865.299 -276.878 3.00919
866.791 -282.253 2.97432
866.572 -290.913 2.92712
872.13 -290.76 2.90522
872.511 -281.96 2.95268
872.903 -288.903 2.91212
873.125 -278.589 2.96873
873.433 -278.548 2.96754
875.316 -284.371 2.92609
877.751 -287.619 2.89579
878.399 -286.695 2.89753
840.626 -271.765 2.89914
841.076 -271.763 2.90017
841.521 -271.76 2.90118
841.96 -271.758 2.90214
842.292 -271.883 2.90199
842.926 -271.623 2.90506
843.349 -271.62 2.90592
843.768 -271.618 2.90674
844.182 -271.615 2.90753
844.591 -271.613 2.90829
844.996 -271.611 2.90902
845.398 -271.608 2.90972
845.795 -271.606 2.91038
846.188 -271.604 2.91102
846.577 -271.602 2.91163
846.962 -271.599 2.91221
847.344 -271.597 2.91276
847.722 -271.595 2.91328
847.769 -272.095 2.90966
847.772 -272.673 2.90538
847.775 -273.264 2.901
847.779 -273.867 2.89649
868.001 -243.57 3.14435
868.081 -243.568 3.14436
868.148 -243.593 3.14416
868.24 -243.564 3.14438
868.307 -243.589 3.14417
868.374 -243.613 3.14395
868.441 -243.637 3.14373
868.485 -243.716 3.14307
868.552 -243.74 3.14283
868.603 -243.805 3.14227
868.677 -243.815 3.14214
868.756 -243.808 3.14214
868.823 -243.832 3.14189
868.91 -243.802 3.14207
868.977 -243.826 3.14181
869.044 -243.851 3.14154
869.11 -243.875 3.14127
869.158 -243.954 3.14054
869.225 -243.979 3.14026
869.281 -244.038 3.13968
867.4 -250.239 3.08889
867.524 -250.232 3.08879
867.648 -250.224 3.08868
867.772 -250.216 3.08856
867.895 -250.208 3.08843
868.017 -250.2 3.0883
868.138 -250.193 3.08816
868.26 -250.185 3.08801
868.38 -250.178 3.08785
868.469 -250.296 3.08665
868.493 -250.686 3.08317
868.519 -251.095 3.07952
868.546 -251.523 3.07569
868.575 -251.972 3.07166
871.413 -239.133 3.17876
868.636 -252.94 3.06295
868.669 -253.462 3.05824
868.703 -254.013 3.05326
868.74 -254.595 3.04798
863.539 -285.194 2.78889
865.298 -276.88 2.85836
866.792 -282.236 2.8058
866.57 -290.931 2.72816
872.129 -290.755 2.70806
872.51 -281.96 2.7862
872.902 -288.91 2.72133
873.124 -278.589 2.814
873.433 -278.548 2.81293
875.315 -284.37 2.75091
877.745 -287.567 2.70912
878.398 -286.69 2.71338
840.628 -271.763 2.7275
841.078 -271.76 2.72956
841.522 -271.758 2.73156
841.961 -271.755 2.7335
842.292 -271.882 2.73372
842.927 -271.62 2.7389
843.35 -271.618 2.74067
843.769 -271.615 2.7424
844.183 -271.613 2.74407
844.592 -271.611 2.74569
844.998 -271.608 2.74727
845.399 -271.606 2.7488
845.796 -271.604 2.75028
846.189 -271.601 2.75172
846.578 -271.599 2.75311
846.963 -271.597 2.75445
847.345 -271.595 2.75576
847.723 -271.593 2.75702
847.769 -272.094 2.75201
847.772 -272.672 2.74605
847.775 -273.263 2.73993
847.779 -273.866 2.73364
868.001 -243.569 3.10839
868.081 -243.567 3.10853
868.149 -243.592 3.10835
868.24 -243.563 3.10879
868.307 -243.587 3.1086
868.374 -243.612 3.1084
868.441 -243.636 3.10819
868.485 -243.714 3.10733
868.553 -243.739 3.10711
868.568 -243.891 3.10537
868.598 -244.014 3.10396
868.756 -243.807 3.10647
868.823 -243.831 3.10622
868.911 -243.801 3.1066
868.977 -243.825 3.10634
869.044 -243.85 3.10607
869.111 -243.874 3.1058
869.159 -243.953 3.10486
869.226 -243.978 3.10457
869.212 -244.253 3.1013
867.4 -250.236 3.03047
867.525 -250.228 3.03052
867.649 -250.221 3.03056
867.773 -250.213 3.03059
867.895 -250.205 3.03061
868.018 -250.197 3.03062
868.139 -250.19 3.03062
868.26 -250.182 3.0306
868.381 -250.174 3.03058
868.469 -250.295 3.02902
868.493 -250.685 3.02424
868.519 -251.094 3.01922
868.546 -251.522 3.01396
868.575 -251.971 3.00842
871.413 -239.132 3.16142
868.636 -252.939 2.99645
868.669 -253.461 2.98997
868.703 -254.012 2.98313
868.74 -254.593 2.97588
863.538 -285.192 2.60844
865.297 -276.883 2.70749
866.793 -282.22 2.63738
866.567 -290.95 2.52906
872.128 -290.75 2.51091
872.509 -281.96 2.61971
872.901 -288.917 2.53048
873.123 -278.589 2.65925
873.432 -278.547 2.65832
875.314 -284.369 2.57572
877.741 -287.534 2.52256
878.396 -286.686 2.52925
840.63 -271.76 2.55588
841.079 -271.758 2.55895
841.696 -271.546 2.56561
842.051 -271.644 2.56676
842.292 -271.881 2.56544
842.295 -272.42 2.55885
842.298 -272.968 2.55211
842.302 -273.526 2.5452
845.825 -271.562 2.59084
846.082 -271.752 2.58986
845.834 -273.25 2.56909
846.087 -273.465 2.56763
846.863 -283.371 2.436
847.381 -283.206 2.44017
847.832 -283.164 2.44231
847.975 -283.737 2.43462
848.12 -284.321 2.42676
867.9 -243.78 3.06908
868.081 -243.566 3.0727
868.149 -243.591 3.07254
868.241 -243.562 3.07321
868.307 -243.587 3.07302
868.374 -243.613 3.07281
868.44 -243.639 3.07259
868.486 -243.713 3.07161
868.553 -243.738 3.07139
868.517 -244.02 3.06715
868.585 -244.046 3.0669
868.757 -243.806 3.07079
868.824 -243.83 3.07055
868.902 -243.823 3.07079
868.969 -243.848 3.0705
869.035 -243.874 3.07021
869.101 -243.9 3.0699
869.159 -243.952 3.06919
869.226 -243.976 3.06889
869.189 -244.323 3.06358
867.401 -250.233 2.97206
867.526 -250.225 2.97227
867.65 -250.217 2.97247
867.773 -250.21 2.97265
867.896 -250.202 2.97281
868.018 -250.194 2.97296
868.14 -250.186 2.97309
868.261 -250.179 2.97321
868.381 -250.171 2.97332
868.469 -250.294 2.9714
868.493 -250.684 2.96531
868.519 -251.093 2.95893
868.546 -251.521 2.95222
868.575 -251.97 2.94518
871.413 -239.132 3.14408
868.636 -252.938 2.92995
868.669 -253.46 2.92171
868.703 -254.01 2.913
868.74 -254.592 2.90378
863.538 -285.191 2.42797
865.295 -276.89 2.55653
866.795 -282.205 2.46904
866.564 -290.971 2.32977
872.127 -290.745 2.31379
872.509 -281.96 2.4532
872.9 -288.924 2.33956
873.123 -278.589 2.50449
873.431 -278.546 2.5037
875.313 -284.368 2.40053
877.737 -287.508 2.33609
878.395 -286.681 2.34514
833.052 -279.399 2.20395
840.631 -271.758 2.38425
841.081 -271.755 2.38835
841.784 -271.439 2.39927
842.109 -271.573 2.40014
842.292 -271.88 2.39714
842.768 -271.821 2.40211
843.193 -271.819 2.40574
843.533 -271.922 2.40701
843.676 -272.281 2.40271
844.093 -272.279 2.40612
844.506 -272.276 2.40945
844.914 -272.274 2.4127
845.869 -271.5 2.43219
846.127 -271.688 2.43121
846.114 -272.267 2.42197
846.949 -271.616 2.43847
847.143 -271.894 2.43545
847.146 -272.462 2.42637
847.149 -273.042 2.41705
847.153 -273.634 2.40748
846.489 -283.249 2.24281
847.011 -283.085 2.24838
847.526 -282.922 2.25382
847.888 -283.052 2.25339
848.103 -283.476 2.24708
848.248 -284.054 2.2377
867.87 -243.842 3.03107
868.082 -243.565 3.03687
868.149 -243.589 3.03673
868.227 -243.592 3.03701
868.293 -243.618 3.03682
868.36 -243.644 3.03663
868.426 -243.67 3.03642
868.486 -243.712 3.03589
868.523 -243.812 3.03423
868.496 -244.07 3.02949
868.566 -244.095 3.02926
868.635 -244.12 3.02902
868.824 -243.829 3.03488
868.891 -243.853 3.03463
868.958 -243.878 3.03437
869.025 -243.902 3.03409
869.092 -243.926 3.03381
869.159 -243.951 3.03352
869.12 -244.297 3.02704
869.189 -244.322 3.02672
867.402 -250.23 2.91368
867.527 -250.222 2.91404
867.651 -250.214 2.91439
867.774 -250.206 2.91471
867.897 -250.199 2.91502
868.019 -250.191 2.91531
868.14 -250.183 2.91559
868.261 -250.176 2.91584
868.382 -250.168 2.91608
868.469 -250.293 2.91377
871.28 -239.089 3.12753
871.318 -239.079 3.12773
868.546 -251.52 2.89049
868.575 -251.969 2.88194
871.413 -239.131 3.12674
868.636 -252.936 2.86345
868.669 -253.458 2.85344
868.703 -254.009 2.84287
868.74 -254.591 2.83168
863.537 -285.19 2.24748
865.293 -276.9 2.40543
866.795 -282.191 2.30077
866.56 -290.995 2.13026
868.809 -287.284 2.19651
872.127 -290.74 2.11668
872.508 -281.96 2.28667
872.9 -288.932 2.14855
873.122 -278.589 2.34971
873.43 -278.545 2.34907
875.312 -284.367 2.22531
877.734 -287.487 2.14969
878.394 -286.677 2.16104
830.947 -276.767 2.0129
831.251 -277.05 2.01214
831.524 -277.364 2.01043
831.798 -277.679 2.00863
832.819 -277.184 2.02922
833.126 -277.452 2.02845
833.486 -277.662 2.02923
834.081 -277.604 2.03722
834.769 -277.43 2.0482
835.288 -277.44 2.054
835.698 -277.571 2.05643
836.303 -277.466 2.06505
841.795 -271.424 2.2314
842.118 -271.561 2.23256
842.22 -271.969 2.22647
842.769 -271.819 2.23505
843.195 -271.816 2.2396
843.533 -271.921 2.24126
837.383 -280.598 2.02112
837.56 -281.038 2.01495
838.147 -280.927 2.02287
837.914 -281.938 2.00201
845.872 -271.495 2.27259
846.13 -271.683 2.27159
840.498 -280.372 2.056
846.95 -271.614 2.28062
847.143 -271.893 2.27715
846.621 -282.999 2.05521
847.146 -282.825 2.06236
847.552 -282.87 2.06417
847.893 -283.041 2.06292
848.23 -283.218 2.06148
848.376 -283.791 2.05062
867.871 -243.841 2.99406
867.94 -243.866 2.99395
868.15 -243.588 3.00094
868.217 -243.613 3.00081
868.285 -243.637 3.00066
868.352 -243.662 3.00051
868.419 -243.686 3.00034
868.486 -243.711 3.00017
868.427 -244.043 2.99284
868.497 -244.068 2.99263
868.566 -244.094 2.99241
868.635 -244.119 2.99218
868.824 -243.828 2.99922
868.891 -243.852 2.99897
868.958 -243.876 2.99871
869.025 -243.901 2.99844
869.092 -243.925 2.99815
869.159 -243.95 2.99785
869.12 -244.295 2.99019
869.189 -244.321 2.98986
867.403 -250.226 2.85531
867.527 -250.219 2.85583
867.651 -250.211 2.85632
867.775 -250.203 2.8568
867.897 -250.195 2.85725
868.019 -250.188 2.85768
868.141 -250.18 2.85809
868.262 -250.172 2.85848
868.382 -250.165 2.85885
868.469 -250.292 2.85614
871.289 -239.054 3.11102
871.317 -239.085 3.11036
868.546 -251.519 2.82876
868.575 -251.968 2.8187
871.413 -239.131 3.1094
868.636 -252.935 2.79695
868.669 -253.457 2.78518
868.705 -253.998 2.77296
868.741 -254.581 2.75976
863.536 -285.19 2.06695
865.289 -276.918 2.25407
866.796 -282.178 2.13255
866.556 -291.027 1.93037
868.809 -287.28 2.01103
872.126 -290.735 1.91957
872.507 -281.959 2.12012
872.899 -288.94 1.95746
873.121 -278.589 2.19491
873.43 -278.544 2.19443
875.311 -284.367 2.05008
877.732 -287.47 1.96333
878.392 -286.672 1.97694
830.783 -272.96 1.87188
831.07 -273.234 1.87161
831.39 -273.477 1.87233
831.831 -273.602 1.87699
832.742 -273.26 1.89732
833.223 -273.33 1.90344
833.731 -273.366 1.91052
834.103 -273.535 1.91302
834.694 -273.473 1.92303
835.133 -273.562 1.92785
835.684 -273.527 1.93659
836.223 -273.497 1.94503
836.594 -273.643 1.94757
836.968 -273.783 1.95018
837.211 -274.067 1.94808
837.406 -274.408 1.94412
837.446 -274.932 1.93435
839.361 -273.253 1.99384
839.699 -273.406 1.99535
841.746 -271.484 2.06133
842.083 -271.603 2.06337
838.192 -276.993 1.9029
838.49 -277.233 1.90184
841.962 -273.397 2.02511
842.113 -273.769 2.01932
839.386 -277.95 1.8983
839.57 -278.342 1.89236
839.066 -279.676 1.85815
839.746 -279.408 1.87196
845.835 -271.546 2.11133
846.093 -271.735 2.11029
841.664 -278.688 1.90976
845.868 -273.199 2.07615
846.123 -273.409 2.07445
842.903 -278.866 1.91975
843.532 -278.585 1.93275
843.955 -278.612 1.93669
844.454 -278.51 1.94422
844.864 -278.543 1.94773
845.271 -278.575 1.95116
845.704 -278.561 1.95582
846.431 -278.044 1.97468
846.895 -277.955 1.98118
847.299 -277.961 1.98492
847.712 -277.945 1.98913
847.985 -278.175 1.98637
848.23 -278.458 1.98207
848.5 -278.699 1.97888
849.662 -277.258 2.02245
850.16 -277.037 2.03187
850.534 -277.046 2.03476
847.897 -283.031 1.87252
851.439 -276.73 2.04953
851.834 -276.673 2.05396
867.871 -243.839 2.95705
867.941 -243.865 2.95697
868.15 -243.587 2.96514
868.218 -243.612 2.96503
868.285 -243.636 2.96491
868.352 -243.662 2.96474
868.419 -243.688 2.96455
868.477 -243.734 2.9638
868.439 -244.014 2.95673
868.509 -244.037 2.95658
868.579 -244.061 2.95641
868.648 -244.085 2.95622
868.718 -244.108 2.95602
868.884 -243.872 2.96275
868.95 -243.898 2.96244
869.017 -243.924 2.96212
869.084 -243.95 2.96179
869.066 -244.225 2.95482
869.135 -244.249 2.95454
869.205 -244.273 2.95422
867.404 -250.223 2.79695
867.528 -250.215 2.79763
867.652 -250.208 2.79827
867.775 -250.2 2.7989
867.898 -250.192 2.7995
868.02 -250.185 2.80007
868.142 -250.177 2.80062
868.263 -250.169 2.80114
868.383 -250.162 2.80164
868.469 -250.291 2.79851
871.29 -239.048 3.09399
871.322 -239.063 3.09366
871.354 -239.079 3.09332
871.385 -239.094 3.09297
871.417 -239.11 3.09261
868.639 -252.916 2.73092
868.669 -253.456 2.71692
868.703 -254.006 2.70262
868.741 -254.579 2.6877
864.434 -280.05 2.02097
864.722 -280.296 2.0146
865.012 -280.545 2.0081
865.304 -280.796 2.00147
865.599 -281.05 1.99472
865.897 -281.303 1.9879
866.198 -281.561 1.98092
866.501 -281.82 1.97381
866.803 -282.119 1.9656
868.808 -287.284 1.82533
872.125 -290.73 1.72247
872.506 -281.959 1.95354
872.898 -288.948 1.76628
873.12 -278.589 2.04009
873.429 -278.543 2.03977
875.311 -284.366 1.87482
877.729 -287.455 1.77698
878.391 -286.668 1.79285
847.283 -257.963 2.27915
847.381 -258.203 2.27608
847.481 -258.443 2.27301
847.583 -258.683 2.26991
847.687 -258.923 2.26681
847.793 -259.163 2.26369
847.901 -259.402 2.26055
848.011 -259.641 2.2574
848.123 -259.88 2.25424
848.237 -260.119 2.25106
848.354 -260.357 2.24787
848.472 -260.596 2.24467
848.592 -260.833 2.24145
848.715 -261.071 2.23822
841.5 -269.717 1.92881
841.828 -269.839 1.93138
842.182 -269.928 1.93502
841.2 -271.61 1.88144
841.396 -271.907 1.87772
841.965 -271.747 1.89019
842.116 -272.098 1.88439
842.757 -271.832 1.90023
842.973 -272.099 1.89724
843.28 -272.249 1.89824
843.658 -272.303 1.90246
843.959 -272.456 1.90317
844.108 -272.816 1.8967
844.009 -273.521 1.87839
845.7 -271.733 1.94497
845.951 -271.936 1.9435
844.896 -274.023 1.87837
845.764 -273.35 1.90644
845.991 -273.604 1.90316
846.19 -273.903 1.89833
846.533 -273.985 1.90068
846.646 -274.422 1.89119
846.803 -274.796 1.88375
846.754 -275.508 1.86519
845.746 -277.801 1.79495
846.193 -277.75 1.80154
846.622 -277.721 1.8073
847.032 -277.72 1.81203
847.506 -277.6 1.82048
847.977 -277.476 1.82891
848.467 -277.31 1.83858
848.88 -277.271 1.84402
849.44 -276.953 1.85826
849.919 -276.771 1.86799
850.459 -276.463 1.88159
850.924 -276.282 1.89103
851.333 -276.203 1.89712
851.74 -276.12 1.90321
852.193 -275.934 1.91246
867.872 -243.838 2.92005
867.962 -243.82 2.92136
868.031 -243.845 2.92128
868.204 -243.641 2.9283
868.271 -243.667 2.92815
868.338 -243.693 2.92798
868.405 -243.719 2.9278
868.377 -243.971 2.92066
868.446 -243.996 2.92049
868.515 -244.021 2.9203
868.584 -244.046 2.92009
868.653 -244.071 2.91987
868.722 -244.096 2.91964
868.791 -244.121 2.91938
868.86 -244.147 2.91911
868.929 -244.172 2.91883
868.998 -244.197 2.91853
869.067 -244.222 2.91821
869.136 -244.247 2.91788
869.205 -244.272 2.91753
867.404 -250.22 2.73861
867.529 -250.212 2.73944
867.653 -250.204 2.74024
867.776 -250.197 2.74101
867.899 -250.189 2.74175
868.021 -250.181 2.74247
868.142 -250.174 2.74315
868.263 -250.166 2.74381
868.383 -250.159 2.74443
868.469 -250.29 2.74088
871.29 -239.047 3.07684
871.322 -239.063 3.07649
871.354 -239.078 3.07611
871.385 -239.094 3.07573
871.417 -239.109 3.07534
868.636 -252.933 2.66394
868.669 -253.455 2.64865
868.703 -254.005 2.63249
868.74 -254.586 2.61538
864.524 -279.532 1.87399
864.809 -279.775 1.86704
865.096 -280.018 1.86002
865.385 -280.264 1.85285
865.677 -280.512 1.84553
865.972 -280.762 1.83809
866.269 -281.014 1.83052
866.569 -281.266 1.82286
866.872 -281.523 1.81501
867.178 -281.781 1.80702
867.486 -282.047 1.79874
867.796 -282.32 1.79018
868.118 -282.509 1.784
868.439 -282.729 1.77687
868.757 -283.023 1.76741
869.07 -283.439 1.75427
872.124 -290.725 1.52536
872.506 -281.959 1.78694
872.897 -288.957 1.57498
873.12 -278.589 1.88524
873.428 -278.542 1.88508
874.98 -292.927 1.44474
875.31 -284.366 1.69952
877.727 -287.443 1.59062
878.39 -286.663 1.60875
878.788 -286.892 1.5987
877.98 -257.747 2.46931
850.328 -255.389 2.28019
850.423 -255.594 2.27749
850.52 -255.798 2.27477
850.619 -256.003 2.27205
850.719 -256.207 2.26931
850.821 -256.411 2.26656
850.925 -256.614 2.2638
851.031 -256.817 2.26103
851.138 -257.02 2.25825
851.247 -257.223 2.25546
851.358 -257.425 2.25266
851.471 -257.627 2.24985
851.585 -257.828 2.24703
851.701 -258.029 2.24421
851.819 -258.229 2.24137
851.939 -258.429 2.23852
852.061 -258.628 2.23566
852.184 -258.827 2.2328
852.309 -259.026 2.22992
852.436 -259.223 2.22704
852.565 -259.42 2.22415
852.695 -259.617 2.22125
852.828 -259.813 2.21835
852.962 -260.008 2.21543
853.097 -260.203 2.21251
853.235 -260.397 2.20958
853.36 -260.611 2.20584
853.311 -261.069 2.19271
853.262 -261.539 2.1792
847.438 -270.353 1.84878
847.469 -270.851 1.83562
847.623 -271.176 1.82901
847.965 -271.223 1.83282
848.107 -271.571 1.82525
848.389 -271.706 1.82555
848.671 -271.843 1.82575
848.263 -273.085 1.78499
848.53 -273.26 1.78375
848.821 -273.394 1.7839
849.185 -273.408 1.78841
849.486 -273.522 1.78914
850.457 -272.47 1.8321
850.804 -272.483 1.83619
850.7 -273.299 1.81114
851.015 -273.373 1.81291
850.91 -274.224 1.78669
851.26 -274.24 1.79042
851.594 -274.282 1.79313
851.845 -274.484 1.79003
852.264 -274.353 1.79866
852.573 -274.434 1.79969
852.951 -274.372 1.80565
867.872 -243.837 2.88305
867.962 -243.819 2.88455
868.032 -243.844 2.8845
868.101 -243.869 2.88442
868.17 -243.894 2.88433
868.24 -243.919 2.88422
868.309 -243.945 2.8841
868.378 -243.97 2.88396
868.447 -243.995 2.88379
868.516 -244.02 2.88362
868.585 -244.045 2.88342
868.654 -244.07 2.8832
868.723 -244.095 2.88297
868.791 -244.12 2.88272
868.86 -244.145 2.88245
868.929 -244.17 2.88217
868.998 -244.195 2.88186
869.067 -244.221 2.88154
869.136 -244.246 2.8812
869.205 -244.271 2.88084
867.405 -250.218 2.68022
867.529 -250.21 2.68123
867.654 -250.201 2.68221
867.777 -250.193 2.68313
867.899 -250.186 2.68402
868.021 -250.178 2.68487
868.144 -250.168 2.68577
868.265 -250.158 2.68664
868.386 -250.149 2.68747
868.469 -250.289 2.68324
871.29 -239.047 3.05969
871.322 -239.062 3.05931
871.354 -239.078 3.05891
871.385 -239.093 3.0585
871.417 -239.109 3.05808
868.636 -252.932 2.59743
868.668 -253.453 2.58037
868.703 -254.004 2.56235
868.74 -254.585 2.54327
864.606 -279.058 1.72921
864.894 -279.264 1.72281
865.178 -279.504 1.71522
865.464 -279.744 1.70753
865.754 -279.986 1.6997
866.045 -280.231 1.69171
866.339 -280.478 1.68357
866.636 -280.729 1.67524
866.935 -280.985 1.66665
867.236 -281.251 1.65761
867.539 -281.52 1.64841
867.85 -281.759 1.64014
868.168 -281.936 1.63383
868.488 -282.12 1.62723
868.809 -282.326 1.61978
869.13 -282.552 1.61158
869.454 -282.788 1.60298
869.779 -283.067 1.59285
870.103 -283.426 1.57993
870.429 -283.88 1.56379
870.76 -284.352 1.54693
871.097 -284.827 1.52982
872.123 -290.72 1.32825
872.505 -281.959 1.6203
872.897 -288.966 1.38358
873.119 -278.589 1.73035
873.428 -278.541 1.73037
874.978 -292.909 1.24019
875.309 -284.366 1.52419
877.726 -287.434 1.40422
878.389 -286.661 1.42457
878.787 -286.892 1.41347
877.979 -257.745 2.38509
878.141 -257.701 2.38445
852.745 -253.345 2.28103
852.837 -253.523 2.27861
852.93 -253.701 2.27618
853.025 -253.878 2.27374
853.121 -254.055 2.27129
853.218 -254.232 2.26884
853.318 -254.409 2.26637
853.418 -254.585 2.2639
853.521 -254.76 2.26143
853.624 -254.935 2.25894
853.73 -255.11 2.25645
853.837 -255.284 2.25395
853.896 -255.515 2.24885
853.859 -255.858 2.2386
853.822 -256.209 2.22809
853.785 -256.567 2.2173
853.746 -256.933 2.20624
853.773 -257.225 2.19849
853.747 -257.587 2.18767
853.792 -257.867 2.18054
853.905 -258.063 2.17703
853.972 -258.321 2.17084
854.006 -258.627 2.16255
854.077 -258.889 2.15619
854.153 -259.147 2.14998
854.232 -259.406 2.14376
854.318 -259.659 2.13774
854.302 -260.06 2.12544
854.344 -260.386 2.11638
854.463 -260.604 2.11184
854.408 -261.085 2.09628
854.584 -261.229 2.09484
854.623 -261.581 2.08467
854.553 -262.111 2.06716
854.381 -262.815 2.04256
854.408 -263.218 2.03043
853.223 -265.606 1.93712
853.353 -265.886 1.93032
853.504 -266.137 1.9247
853.716 -266.287 1.92316
853.871 -266.538 1.91745
853.941 -266.942 1.90556
854.053 -267.279 1.89632
854.223 -267.517 1.89104
854.344 -267.85 1.88196
854.547 -268.036 1.87868
854.781 -268.164 1.87763
855.077 -268.171 1.88129
855.366 -268.189 1.88444
855.376 -268.765 1.86558
856.119 -267.852 1.90502
856.323 -268.029 1.90165
867.963 -243.817 2.84774
868.032 -243.843 2.84771
868.101 -243.868 2.84766
868.171 -243.893 2.84759
868.24 -243.918 2.84749
868.309 -243.943 2.84738
868.378 -243.968 2.84725
868.447 -243.994 2.8471
868.516 -244.019 2.84693
868.585 -244.044 2.84674
868.654 -244.069 2.84653
868.723 -244.094 2.84631
868.792 -244.119 2.84606
868.861 -244.144 2.84579
868.93 -244.169 2.8455
868.999 -244.194 2.8452
869.067 -244.219 2.84487
869.136 -244.244 2.84452
869.051 -244.746 2.82627
867.387 -250.274 2.61969
867.512 -250.265 2.62087
867.637 -250.256 2.62202
867.761 -250.248 2.62312
867.884 -250.239 2.62419
868.007 -250.231 2.62522
868.136 -250.194 2.62726
868.26 -250.177 2.62852
868.379 -250.174 2.62926
868.465 -250.303 2.62506
871.29 -239.046 3.04254
871.322 -239.062 3.04213
871.354 -239.077 3.0417
871.385 -239.093 3.04126
871.417 -239.108 3.04082
868.635 -252.933 2.53082
868.668 -253.452 2.5121
868.703 -254.002 2.49221
868.74 -254.583 2.47116
864.683 -278.614 1.58664
864.973 -278.786 1.58097
865.258 -279 1.57365
865.542 -279.236 1.56542
865.828 -279.474 1.55705
866.117 -279.713 1.54858
866.407 -279.959 1.53975
866.699 -280.217 1.53041
866.993 -280.482 1.52074
867.291 -280.749 1.51085
867.593 -280.999 1.50155
867.902 -281.206 1.49372
868.217 -281.379 1.48705
868.534 -281.553 1.48026
868.853 -281.733 1.47315
869.172 -281.932 1.46526
869.493 -282.152 1.45649
869.816 -282.377 1.44746
870.141 -282.609 1.43807
870.47 -282.844 1.42846
870.801 -283.108 1.41765
871.133 -283.452 1.40385
871.469 -283.852 1.38783
871.809 -284.32 1.36918
872.156 -284.793 1.35023
872.504 -281.959 1.45361
872.869 -285.763 1.3111
873.118 -278.589 1.57543
873.427 -278.541 1.57563
874.979 -292.956 1.03331
875.308 -284.366 1.34882
877.724 -287.427 1.21774
878.388 -286.661 1.24026
878.786 -286.893 1.22819
877.978 -257.743 2.30086
878.141 -257.699 2.30024
854.251 -252.133 2.25739
854.221 -252.414 2.24877
854.191 -252.699 2.23994
854.263 -252.886 2.23641
854.368 -253.038 2.23465
854.469 -253.195 2.23256
854.561 -253.364 2.22986
854.638 -253.55 2.22628
854.267 -254.229 2.19742
854.339 -254.431 2.1931
854.48 -254.557 2.19266
854.641 -254.66 2.1933
854.798 -254.768 2.19361
854.941 -254.891 2.19313
855.071 -255.029 2.19181
855.206 -255.163 2.19071
855.327 -255.313 2.18872
855.432 -255.485 2.18567
855.539 -255.656 2.18259
855.621 -255.861 2.17787
855.688 -256.086 2.17215
855.718 -256.365 2.16386
855.74 -256.659 2.15487
855.803 -256.903 2.14828
855.904 -257.097 2.14405
856.019 -257.275 2.14053
856.183 -257.384 2.14019
856.339 -257.506 2.13922
856.478 -257.652 2.13704
856.61 -257.81 2.13431
856.702 -258.03 2.12865
856.769 -258.291 2.12111
856.838 -258.554 2.1135
856.934 -258.779 2.1076
857.038 -258.995 2.10208
857.14 -259.217 2.09624
857.256 -259.421 2.09125
857.413 -259.558 2.08919
857.567 -259.702 2.08678
857.747 -259.801 2.0863
857.937 -259.882 2.08657
858.094 -260.022 2.08416
858.017 -260.592 2.06284
858.091 -260.895 2.05325
858.171 -261.195 2.04381
858.275 -261.456 2.03605
858.362 -261.757 2.02654
858.454 -262.052 2.01726
858.56 -262.329 2.00878
858.651 -262.64 1.99877
858.749 -262.947 1.98895
867.937 -243.872 2.80854
868.033 -243.841 2.81092
868.102 -243.867 2.81089
868.171 -243.892 2.81084
868.24 -243.917 2.81076
868.309 -243.942 2.81067
868.379 -243.967 2.81055
868.447 -243.992 2.81041
868.516 -244.018 2.81025
868.585 -244.043 2.81007
868.654 -244.068 2.80987
868.723 -244.093 2.80964
868.792 -244.118 2.8094
868.861 -244.143 2.80913
868.93 -244.168 2.80884
868.999 -244.193 2.80853
869.068 -244.218 2.8082
869.137 -244.243 2.80785
869.052 -244.744 2.78787
870.734 -239.669 2.99731
870.841 -239.458 3.00632
870.939 -239.263 3.01462
871.029 -239.083 3.02227
871.105 -238.947 3.02811
871.136 -238.963 3.02772
871.165 -238.984 3.02709
871.193 -239.013 3.02611
871.221 -239.042 3.02514
871.249 -239.07 3.0242
871.278 -239.098 3.02328
871.307 -239.124 3.02238
871.337 -239.15 3.0215
871.367 -239.175 3.02065
871.398 -239.2 3.01983
871.429 -239.223 3.01903
871.461 -239.245 3.01825
871.493 -239.267 3.0175
871.525 -239.288 3.01678
864.771 -278.109 1.44966
865.048 -278.335 1.44135
865.335 -278.513 1.4349
865.617 -278.738 1.42646
865.9 -278.975 1.41746
866.184 -279.225 1.40786
866.47 -279.478 1.39805
866.759 -279.735 1.38793
867.05 -279.995 1.37766
867.344 -280.257 1.36719
867.646 -280.482 1.35812
867.954 -280.666 1.35064
868.265 -280.835 1.34362
868.579 -281.005 1.33646
868.894 -281.177 1.32914
869.211 -281.351 1.32167
869.529 -281.548 1.31314
869.849 -281.762 1.30385
870.171 -281.979 1.29431
870.495 -282.202 1.28441
870.823 -282.432 1.27415
871.153 -282.664 1.26367
871.486 -282.899 1.25299
871.823 -283.136 1.2421
872.162 -283.485 1.22659
872.504 -281.959 1.28689
872.856 -284.281 1.19116
873.118 -278.589 1.42047
873.426 -278.54 1.42086
873.946 -285.715 1.12733
874.323 -286.21 1.1051
874.708 -286.718 1.08216
875.101 -287.23 1.05888
875.308 -284.366 1.17339
875.969 -289.2 0.973225
876.382 -289.587 0.954557
876.8 -289.97 0.935926
877.224 -290.35 0.917228
877.656 -290.751 0.897523
877.723 -287.423 1.03115
878.536 -291.535 0.858317
878.387 -286.662 1.0559
878.786 -286.893 1.04286
879.905 -292.736 0.797165
880.374 -293.133 0.77657
880.849 -293.534 0.755623
877.977 -257.741 2.21662
878.14 -257.697 2.216
855.454 -251.186 2.23063
855.529 -251.348 2.2277
855.626 -251.489 2.22597
855.745 -251.607 2.22553
855.866 -251.724 2.22512
856.031 -251.793 2.22733
856.194 -251.864 2.22939
856.271 -252.028 2.22613
856.341 -252.201 2.22236
856.353 -252.441 2.21487
856.472 -252.562 2.21393
856.596 -252.678 2.21325
856.651 -252.876 2.20808
856.691 -253.092 2.20186
856.74 -253.302 2.19602
856.833 -253.461 2.19293
856.93 -253.616 2.19001
857.048 -253.746 2.18834
857.172 -253.868 2.18711
857.233 -254.075 2.18138
857.285 -254.295 2.17494
857.391 -254.444 2.17215
857.491 -254.606 2.1687
857.59 -254.769 2.16516
857.696 -254.925 2.16196
857.825 -255.05 2.16032
857.939 -255.197 2.15751
858.031 -255.376 2.15301
858.115 -255.571 2.14772
858.205 -255.759 2.14274
858.283 -255.969 2.13666
858.363 -256.18 2.13053
858.444 -256.391 2.12435
858.527 -256.604 2.11811
858.617 -256.809 2.11221
858.705 -257.02 2.10601
858.787 -257.245 2.09909
858.877 -257.461 2.09263
858.965 -257.683 2.08582
859.053 -257.911 2.07871
859.144 -258.137 2.07169
859.239 -258.36 2.06481
859.336 -258.586 2.05779
859.432 -258.815 2.05054
859.535 -259.037 2.04368
859.636 -259.268 2.03631
859.74 -259.496 2.02906
859.853 -259.714 2.02228
859.98 -259.905 2.01678
860.113 -260.088 2.01155
867.745 -244.282 2.75231
868.033 -243.84 2.77412
868.102 -243.865 2.77411
868.172 -243.891 2.77408
868.241 -243.916 2.77402
868.31 -243.941 2.77394
868.379 -243.966 2.77383
868.448 -243.991 2.77371
868.517 -244.016 2.77355
868.586 -244.041 2.77338
868.655 -244.066 2.77318
868.724 -244.092 2.77296
868.792 -244.117 2.77272
868.861 -244.142 2.77245
868.93 -244.167 2.77216
868.999 -244.192 2.77185
869.068 -244.217 2.77151
869.005 -244.64 2.75325
870.66 -239.772 2.97252
870.771 -239.552 2.98277
870.874 -239.35 2.99218
870.969 -239.163 3.00086
871.056 -238.99 3.00888
871.109 -238.93 3.01184
871.14 -238.946 3.01144
871.171 -238.961 3.01103
871.202 -238.976 3.0106
871.233 -238.992 3.01016
871.265 -239.007 3.00971
871.296 -239.022 3.00925
871.327 -239.038 3.00878
871.359 -239.053 3.00829
871.391 -239.069 3.00779
871.422 -239.084 3.00729
871.454 -239.1 3.00676
871.486 -239.116 3.00623
871.518 -239.131 3.00568
871.55 -239.147 3.00513
871.583 -239.163 3.00456
871.615 -239.179 3.00397
867.138 -267.281 1.771
865.693 -278.243 1.2908
865.968 -278.508 1.27989
866.248 -278.761 1.26941
866.531 -279.011 1.25898
866.817 -279.264 1.24829
867.106 -279.519 1.23747
867.397 -279.776 1.22641
867.698 -279.969 1.21807
868.004 -280.137 1.21073
868.312 -280.303 1.20339
868.622 -280.47 1.19588
868.934 -280.638 1.18821
869.248 -280.807 1.18041
869.564 -280.975 1.17254
869.881 -281.165 1.16365
870.199 -281.377 1.15364
870.519 -281.59 1.14347
870.843 -281.805 1.13311
871.169 -282.023 1.12247
871.498 -282.254 1.11119
871.83 -282.482 1.0999
872.166 -282.714 1.08835
872.503 -281.96 1.12002
872.846 -283.191 1.06425
873.117 -278.59 1.26541
873.425 -278.539 1.266
873.902 -284.26 1.01155
874.268 -284.702 0.989932
874.641 -285.176 0.966744
875.021 -285.658 0.943028
875.307 -284.366 0.997851
875.804 -286.646 0.894059
876.205 -287.118 0.870341
876.613 -287.587 0.84653
877.021 -287.983 0.825822
877.433 -288.35 0.806238
877.726 -287.463 0.842489
878.266 -289.011 0.769824
878.386 -286.662 0.87142
878.349 -283.28 1.0196
879.558 -290.028 0.712757
880.001 -290.375 0.692987
880.45 -290.726 0.672907
880.905 -291.081 0.652424
881.367 -291.441 0.631519
881.836 -291.806 0.610212
882.312 -292.175 0.5885
882.795 -292.549 0.56637
883.285 -292.928 0.543804
877.976 -257.739 2.13236
878.139 -257.695 2.13177
856.885 -249.979 2.22989
857.003 -250.079 2.23006
857.115 -250.184 2.22983
857.188 -250.331 2.22699
857.239 -250.503 2.22261
857.235 -250.737 2.21443
857.217 -250.989 2.20519
857.306 -251.126 2.2029
857.38 -251.28 2.1996
857.473 -251.415 2.1974
857.576 -251.539 2.19581
857.68 -251.663 2.19423
857.781 -251.79 2.19238
857.884 -251.915 2.19063
857.989 -252.039 2.18887
858.089 -252.17 2.18668
858.188 -252.303 2.18438
858.271 -252.458 2.18076
858.338 -252.635 2.17586
858.422 -252.791 2.17212
858.514 -252.94 2.1688
858.602 -253.094 2.16512
858.701 -253.235 2.16216
858.805 -253.371 2.15946
858.91 -253.506 2.15675
859.005 -253.658 2.1531
859.099 -253.812 2.14929
859.212 -253.939 2.14694
859.321 -254.075 2.14405
859.428 -254.214 2.14095
859.556 -254.322 2.13948
859.669 -254.455 2.13665
859.751 -254.639 2.13107
859.808 -254.865 2.1232
859.91 -255.023 2.11894
860.029 -255.153 2.11612
860.133 -255.311 2.1118
860.228 -255.489 2.10644
860.312 -255.686 2.1
860.402 -255.878 2.09382
860.492 -256.073 2.08751
860.58 -256.276 2.08069
860.669 -256.481 2.0738
860.76 -256.686 2.06688
860.859 -256.879 2.06051
860.96 -257.074 2.05408
861.062 -257.269 2.04761
861.166 -257.464 2.04108
861.272 -257.66 2.03451
867.865 -244.024 2.72665
867.937 -244.049 2.72675
868.103 -243.864 2.73734
868.172 -243.889 2.73733
868.241 -243.915 2.73728
868.31 -243.94 2.73722
868.379 -243.965 2.73713
868.448 -243.99 2.73701
868.517 -244.015 2.73687
868.586 -244.04 2.7367
868.655 -244.065 2.73651
868.724 -244.09 2.7363
868.793 -244.115 2.73605
868.862 -244.14 2.73579
868.93 -244.165 2.7355
868.999 -244.191 2.73518
869.068 -244.216 2.73484
870.581 -239.879 2.94664
870.699 -239.65 2.95822
870.807 -239.44 2.96884
870.906 -239.246 2.97862
870.998 -239.067 2.98763
871.083 -238.901 2.99598
871.114 -238.914 2.9957
871.145 -238.929 2.99528
871.176 -238.944 2.99484
871.207 -238.959 2.99439
871.238 -238.975 2.99393
871.269 -238.99 2.99346
871.3 -239.005 2.99298
871.331 -239.02 2.99248
871.363 -239.036 2.99197
871.394 -239.051 2.99145
871.426 -239.067 2.99091
871.458 -239.082 2.99036
871.49 -239.098 2.9898
871.522 -239.114 2.98923
871.554 -239.129 2.98864
871.586 -239.145 2.98804
871.618 -239.161 2.98742
867.26 -266.518 1.69021
867.471 -266.65 1.68469
867.675 -266.832 1.67668
867.88 -267.029 1.66796
868.096 -267.155 1.66246
868.312 -267.293 1.65631
868.549 -267.268 1.65783
868.772 -267.357 1.65388
868.989 -267.518 1.64643
869.218 -267.578 1.64372
869.414 -268.01 1.62326
868.665 -279.947 1.05848
868.973 -280.111 1.05048
869.283 -280.277 1.04234
869.596 -280.441 1.03414
869.91 -280.608 1.0257
870.226 -280.788 1.01652
870.543 -280.995 1.00596
870.863 -281.197 0.99551
871.186 -281.378 0.985968
871.511 -281.574 0.975546
871.838 -281.786 0.964278
872.169 -282.014 0.952125
872.502 -282.267 0.938632
872.84 -282.519 0.925072
873.116 -278.59 1.11035
873.425 -278.538 1.11115
873.871 -283.241 0.885169
874.224 -283.535 0.86907
874.584 -283.899 0.849476
874.95 -284.268 0.829493
875.322 -284.65 0.808711
875.703 -285.081 0.785454
876.09 -285.515 0.761841
876.484 -285.957 0.737719
876.886 -286.405 0.713109
877.294 -286.853 0.688324
877.702 -287.229 0.6668
878.114 -287.591 0.645789
878.385 -286.663 0.686948
878.784 -286.894 0.671974
879.38 -288.641 0.583362
879.81 -288.968 0.563297
880.246 -289.299 0.542846
880.689 -289.635 0.521926
881.137 -289.976 0.500612
881.592 -290.32 0.478903
882.054 -290.669 0.456786
882.522 -291.022 0.43425
882.998 -291.379 0.411284
883.48 -291.74 0.387879
883.97 -292.106 0.364026
884.465 -292.471 0.34002
884.969 -292.84 0.315542
877.975 -257.737 2.0481
878.138 -257.694 2.04753
858.049 -249.007 2.22507
858.051 -249.212 2.21772
858.091 -249.38 2.21288
858.197 -249.48 2.21251
858.303 -249.58 2.21214
858.336 -249.759 2.2065
858.353 -249.96 2.19949
858.435 -250.089 2.19709
858.518 -250.218 2.19472
858.597 -250.352 2.19197
858.682 -250.481 2.1895
858.771 -250.606 2.18727
858.862 -250.73 2.18509
858.964 -250.84 2.1837
859.082 -250.931 2.18347
859.199 -251.023 2.18312
859.287 -251.153 2.18038
859.361 -251.302 2.17649
859.405 -251.491 2.17005
859.519 -251.592 2.16904
859.614 -251.717 2.16647
859.687 -251.874 2.162
859.75 -252.046 2.15657
859.825 -252.204 2.15197
859.905 -252.358 2.1476
859.992 -252.503 2.14375
860.081 -252.646 2.13994
860.169 -252.794 2.13588
860.257 -252.942 2.13174
860.347 -253.09 2.12757
860.438 -253.239 2.12337
860.53 -253.387 2.11914
860.624 -253.535 2.11489
860.718 -253.684 2.11061
860.818 -253.825 2.10669
860.932 -253.946 2.10392
861.057 -254.048 2.1022
861.167 -254.176 2.0989
861.247 -254.361 2.09241
861.329 -254.545 2.08591
861.432 -254.694 2.08139
861.538 -254.839 2.07702
861.646 -254.985 2.0726
861.754 -255.131 2.06812
861.861 -255.281 2.06338
861.97 -255.431 2.05861
862.083 -255.577 2.05404
862.196 -255.723 2.04943
867.882 -243.989 2.69088
867.953 -244.014 2.691
868.103 -243.863 2.70057
868.172 -243.888 2.70057
868.241 -243.913 2.70055
868.311 -243.939 2.70049
868.38 -243.964 2.70042
868.449 -243.989 2.70031
868.518 -244.014 2.70018
868.586 -244.039 2.70002
868.655 -244.064 2.69984
868.724 -244.089 2.69962
868.793 -244.114 2.69939
868.862 -244.139 2.69912
868.931 -244.164 2.69883
869 -244.189 2.69851
868.994 -244.433 2.68669
870.624 -239.752 2.93262
870.737 -239.533 2.94454
870.841 -239.332 2.95549
870.936 -239.146 2.96559
871.025 -238.975 2.97492
871.088 -238.882 2.98009
871.119 -238.897 2.97967
871.149 -238.912 2.97922
871.18 -238.927 2.97877
871.211 -238.942 2.9783
871.242 -238.958 2.97782
871.273 -238.973 2.97732
871.304 -238.988 2.97682
871.335 -239.003 2.97629
871.367 -239.019 2.97576
871.398 -239.034 2.97521
871.43 -239.049 2.97465
871.461 -239.065 2.97408
871.493 -239.08 2.97349
871.525 -239.096 2.97288
871.557 -239.111 2.97226
871.589 -239.127 2.97163
871.621 -239.143 2.97099
871.654 -239.158 2.97032
867.603 -265.787 1.61404
867.811 -265.901 1.60896
868.01 -266.092 1.59991
868.217 -266.232 1.59333
868.426 -266.376 1.58652
868.64 -266.492 1.58103
868.848 -266.67 1.57233
869.042 -267.003 1.55568
869.265 -267.081 1.55184
869.483 -267.234 1.54418
869.7 -267.406 1.53543
869.92 -267.572 1.52691
870.145 -267.699 1.52031
870.367 -267.909 1.50938
870.591 -268.126 1.498
870.789 -268.928 1.45675
870.993 -269.873 1.40816
871.241 -269.916 1.40534
871.489 -269.936 1.40358
871.936 -259.879 1.91504
872.122 -259.298 1.944
872.298 -259.109 1.95296
872.471 -258.863 1.96474
872.643 -258.952 1.95939
872.817 -259.077 1.95214
872.993 -259.195 1.94514
873.172 -259.359 1.93575
873.359 -259.689 1.91773
873.567 -260.39 1.88064
874.899 -283.264 0.705821
875.258 -283.549 0.688674
875.626 -283.895 0.66823
875.999 -284.246 0.647411
876.378 -284.614 0.625493
876.765 -284.995 0.60276
877.157 -285.384 0.579413
877.557 -285.778 0.555615
877.96 -286.157 0.532407
878.03 -283.542 0.664278
878.777 -286.84 0.489269
879.194 -287.193 0.466841
879.618 -287.552 0.443886
880.044 -287.879 0.422435
880.463 -288.127 0.404879
880.892 -288.41 0.385291
881.326 -288.693 0.3655
881.767 -288.992 0.344655
882.214 -289.289 0.323748
881.101 -281.126 0.748694
883.125 -289.896 0.280558
883.59 -290.205 0.258294
882.294 -281.968 0.68922
882.608 -281.808 0.692378
885.02 -291.144 0.18963
885.51 -291.46 0.166057
877.974 -257.735 1.96383
878.137 -257.692 1.96327
885.291 -285.533 0.463568
885.844 -286.199 0.421007
886.385 -286.778 0.382893
887.037 -287.728 0.324314
887.722 -288.737 0.262098
858.904 -248.326 2.20884
858.975 -248.449 2.20649
859.047 -248.572 2.20404
859.118 -248.696 2.20154
859.207 -248.802 2.20029
859.309 -248.894 2.2
859.415 -248.981 2.19994
859.534 -249.053 2.20084
859.631 -249.151 2.19995
859.727 -249.25 2.19898
859.816 -249.357 2.19737
859.9 -249.471 2.19521
859.997 -249.569 2.1941
860.091 -249.671 2.19271
860.183 -249.778 2.19096
860.277 -249.882 2.18935
860.364 -249.995 2.1871
860.444 -250.119 2.18414
860.529 -250.237 2.18145
860.609 -250.363 2.1783
860.687 -250.493 2.17484
860.775 -250.61 2.17219
860.868 -250.722 2.1698
860.961 -250.834 2.1674
861.061 -250.936 2.16554
861.149 -251.058 2.16241
861.231 -251.189 2.15869
861.291 -251.356 2.1527
861.346 -251.535 2.14595
861.376 -251.756 2.13665
861.349 -252.072 2.12146
861.422 -252.233 2.11582
861.494 -252.399 2.10988
861.571 -252.558 2.10433
861.651 -252.716 2.09889
861.753 -252.838 2.09553
861.859 -252.953 2.0926
861.969 -253.065 2.0898
862.077 -253.178 2.08686
862.187 -253.292 2.08387
862.291 -253.418 2.08008
862.387 -253.561 2.0753
862.464 -253.744 2.06808
862.544 -253.925 2.06101
862.649 -254.06 2.05656
862.758 -254.186 2.05261
862.866 -254.32 2.04819
867.898 -243.954 2.65535
867.969 -243.979 2.65549
868.018 -244.051 2.65282
868.173 -243.887 2.66381
868.242 -243.912 2.6638
868.311 -243.937 2.66377
868.38 -243.962 2.6637
868.449 -243.988 2.66361
868.518 -244.013 2.66349
868.587 -244.038 2.66334
868.656 -244.063 2.66316
868.724 -244.088 2.66295
868.793 -244.113 2.66271
868.862 -244.138 2.66245
868.931 -244.163 2.66215
869 -244.188 2.66183
870.545 -239.858 2.90589
870.664 -239.63 2.91922
870.773 -239.421 2.93144
870.873 -239.228 2.94269
870.966 -239.051 2.95307
871.052 -238.885 2.96268
871.093 -238.866 2.96419
871.123 -238.881 2.96374
871.154 -238.896 2.96328
871.185 -238.911 2.9628
871.215 -238.926 2.96231
871.246 -238.941 2.96181
871.277 -238.956 2.9613
871.308 -238.971 2.96077
871.339 -238.986 2.96022
871.37 -239.002 2.95966
871.402 -239.017 2.95909
871.433 -239.032 2.9585
871.465 -239.047 2.9579
871.496 -239.063 2.95728
871.528 -239.078 2.95665
871.56 -239.094 2.956
871.592 -239.109 2.95534
871.624 -239.125 2.95466
871.656 -239.141 2.95397
871.689 -239.156 2.95326
868.442 -261.581 1.73232
868.628 -261.643 1.72956
868.815 -261.704 1.72686
869.003 -261.757 1.72447
869.19 -261.817 1.72167
869.384 -261.83 1.72129
869.581 -261.802 1.72311
869.766 -261.895 1.7183
869.95 -262.023 1.71147
870.128 -262.22 1.7008
870.307 -262.46 1.68777
870.488 -262.698 1.67476
870.669 -262.995 1.65846
871.076 -259.232 1.86272
871.275 -258.716 1.89046
871.46 -258.372 1.90884
871.631 -258.29 1.91292
871.802 -258.187 1.91801
871.994 -256.907 1.98716
872.152 -256.883 1.98792
872.31 -256.816 1.99095
872.468 -256.922 1.98446
872.627 -257.071 1.97561
872.788 -257.145 1.97073
872.949 -257.218 1.96588
873.114 -257.38 1.95605
873.282 -257.549 1.94578
873.529 -259.511 1.83728
873.733 -260.048 1.80658
873.967 -260.989 1.75362
875.571 -283.062 0.539937
875.429 -276.254 0.911377
875.689 -275.815 0.932987
875.974 -275.735 0.934727
876.259 -275.656 0.936341
876.548 -275.637 0.934541
876.924 -276.427 0.887871
877.291 -277.039 0.850838
878.326 -283.11 0.510801
879.039 -285.984 0.347246
879.434 -286.188 0.331592
879.84 -286.452 0.312365
880.246 -286.68 0.294991
880.654 -286.893 0.278235
881.062 -287.084 0.262523
881.464 -287.217 0.249905
880.551 -279.934 0.653766
880.826 -279.641 0.665462
881.139 -279.566 0.664848
881.483 -279.642 0.655532
881.867 -279.905 0.63553
876.792 -254.625 2.06452
876.899 -254.434 2.07296
877.108 -254.701 2.05527
877.973 -257.733 1.87954
878.136 -257.69 1.879
884.838 -283.73 0.381963
885.493 -284.845 0.311157
886.19 -286.05 0.234648
886.678 -286.415 0.206167
886.828 -285.553 0.248492
887.196 -285.488 0.24465
 ] }
 color Color { color [
0.476079 0 0.523921
0.473442 0 0.526558
0.470858 0 0.529142
0.468324 0 0.531676
0.46584 0 0.53416
0.463404 0 0.536596
0.461016 0 0.538984
0.458675 0 0.541325
0.45638 0 0.54362
0.454129 0 0.545871
0.451922 0 0.548078
0.449759 0 0.550241
0.447638 0 0.552362
0.451435 0 0.548565
0.456272 0 0.543728
0.461236 0 0.538764
0.466333 0 0.533667
0.104964 0 0.895036
0.102419 0 0.897581
0.102356 0 0.897644
0.102298 0 0.897702
0.102246 0 0.897754
0.102198 0 0.897802
0.102155 0 0.897845
0.102117 0 0.897883
0.104397 0 0.895603
0.10435 0 0.89565
0.104308 0 0.895692
0.101958 0 0.898042
0.101946 0 0.898054
0.101938 0 0.898062
0.101936 0 0.898064
0.101938 0 0.898062
0.101946 0 0.898054
0.101958 0 0.898042
0.101976 0 0.898024
0.104323 0 0.895677
0.167369 0 0.832631
0.16692 0 0.83308
0.166482 0 0.833518
0.166054 0 0.833946
0.165636 0 0.834364
0.165228 0 0.834772
0.164831 0 0.835169
0.164444 0 0.835557
0.164066 0 0.835934
0.1648 0 0.8352
0.168542 0 0.831458
0.172465 0 0.827535
0.176585 0 0.823415
0.180914 0 0.819086
0.0493143 0 0.950686
0.19027 0 0.80973
0.195336 0 0.804664
0.200687 0 0.799313
0.517108 0 0.482892
0.432785 0 0.567215
0.48448 0 0.51552
0.567884 0 0.432116
0.528206 0 0.471794
0.564982 0 0.435018
0.47656 0 0.52344
0.545669 0 0.454331
0.442886 0 0.557114
0.442632 0 0.557368
0.583571 0 0.416429
0.501632 0 0.498368
0.53583 0 0.46417
0.527671 0 0.472329
0.476014 0 0.523986
0.473379 0 0.526621
0.470795 0 0.529205
0.468261 0 0.531739
0.465777 0 0.534223
0.463342 0 0.536658
0.460955 0 0.539045
0.458614 0 0.541386
0.456319 0 0.543681
0.454069 0 0.545931
0.451863 0 0.548137
0.4497 0 0.5503
0.447579 0 0.55242
0.451387 0 0.548613
0.456224 0 0.543776
0.461187 0 0.538813
0.466283 0 0.533717
0.104742 0 0.895258
0.102399 0 0.897601
0.102336 0 0.897664
0.102278 0 0.897722
0.102225 0 0.897775
0.102177 0 0.897823
0.102135 0 0.897865
0.102097 0 0.897903
0.102064 0 0.897936
0.104303 0 0.895697
0.104279 0 0.895721
0.101938 0 0.898062
0.101926 0 0.898074
0.101918 0 0.898082
0.101916 0 0.898084
0.101918 0 0.898082
0.101926 0 0.898074
0.101938 0 0.898062
0.101956 0 0.898044
0.104303 0 0.895697
0.167323 0 0.832677
0.166874 0 0.833126
0.166436 0 0.833564
0.166008 0 0.833992
0.165591 0 0.834409
0.165183 0 0.834817
0.164786 0 0.835214
0.164399 0 0.835601
0.164021 0 0.835979
0.164776 0 0.835224
0.168517 0 0.831483
0.17244 0 0.82756
0.176558 0 0.823442
0.180887 0 0.819113
0.0493055 0 0.950695
0.19024 0 0.80976
0.195304 0 0.804696
0.200654 0 0.799346
0.516989 0 0.483011
0.432325 0 0.567675
0.484197 0 0.515803
0.567988 0 0.432012
0.528514 0 0.471486
0.564893 0 0.435107
0.476527 0 0.523473
0.545658 0 0.454342
0.442857 0 0.557143
0.44259 0 0.55741
0.583748 0 0.416252
0.501576 0 0.498424
0.535841 0 0.464159
0.527588 0 0.472412
0.488735 0 0.511266
0.48587 0 0.51413
0.483062 0 0.516938
0.481804 0 0.518196
0.475957 0 0.524043
0.473321 0 0.526679
0.470738 0 0.529262
0.468204 0 0.531796
0.465721 0 0.534279
0.463286 0 0.536714
0.460899 0 0.539101
0.458559 0 0.541441
0.456265 0 0.543735
0.454015 0 0.545985
0.451809 0 0.548191
0.449647 0 0.550353
0.447527 0 0.552473
0.451345 0 0.548655
0.456181 0 0.543819
0.461144 0 0.538856
0.466239 0 0.533761
0.102678 0 0.897322
0.10238 0 0.89762
0.102317 0 0.897683
0.102259 0 0.897741
0.102206 0 0.897794
0.102158 0 0.897842
0.102116 0 0.897884
0.102078 0 0.897922
0.102045 0 0.897955
0.104283 0 0.895717
0.102213 0 0.897787
0.101919 0 0.898081
0.101907 0 0.898093
0.101899 0 0.898101
0.101897 0 0.898103
0.101899 0 0.898101
0.101907 0 0.898093
0.101919 0 0.898081
0.101937 0 0.898063
0.10239 0 0.89761
0.167279 0 0.832721
0.166831 0 0.833169
0.166393 0 0.833607
0.165965 0 0.834035
0.165548 0 0.834452
0.165141 0 0.834859
0.164743 0 0.835257
0.0590432 0 0.940957
0.163979 0 0.836021
0.164754 0 0.835246
0.168494 0 0.831506
0.172416 0 0.827584
0.176533 0 0.823467
0.180861 0 0.819139
0.0492972 0 0.950703
0.190213 0 0.809787
0.195275 0 0.804725
0.200623 0 0.799376
0.516886 0 0.483114
0.432081 0 0.567919
0.483934 0 0.516066
0.568102 0 0.431898
0.528887 0 0.471113
0.564811 0 0.435189
0.476499 0 0.523501
0.545659 0 0.454341
0.442833 0 0.557167
0.442553 0 0.557447
0.583954 0 0.416046
0.501529 0 0.498471
0.535928 0 0.464072
0.527512 0 0.472488
0.488679 0 0.511321
0.485815 0 0.514185
0.483008 0 0.516992
0.481769 0 0.518231
0.475903 0 0.524097
0.473268 0 0.526732
0.470685 0 0.529315
0.468153 0 0.531847
0.465669 0 0.534331
0.463236 0 0.536764
0.460849 0 0.539151
0.458509 0 0.541491
0.456215 0 0.543785
0.453965 0 0.546035
0.45176 0 0.54824
0.449598 0 0.550402
0.447478 0 0.552522
0.45131 0 0.54869
0.456145 0 0.543855
0.461107 0 0.538893
0.466202 0 0.533798
0.102668 0 0.897332
0.102363 0 0.897637
0.102299 0 0.897701
0.102241 0 0.897758
0.102189 0 0.897811
0.102141 0 0.897859
0.102098 0 0.897902
0.10206 0 0.89794
0.102028 0 0.897972
0.102676 0 0.897324
0.102204 0 0.897796
0.101902 0 0.898098
0.101889 0 0.898111
0.101882 0 0.898118
0.101879 0 0.898121
0.101882 0 0.898118
0.101889 0 0.898111
0.101902 0 0.898098
0.101919 0 0.898081
0.102363 0 0.897637
0.167237 0 0.832763
0.166789 0 0.833211
0.166351 0 0.833649
0.165924 0 0.834076
0.165507 0 0.834493
0.1651 0 0.8349
0.164703 0 0.835297
0.0587901 0 0.94121
0.163939 0 0.836061
0.164734 0 0.835266
0.168474 0 0.831526
0.172395 0 0.827605
0.176512 0 0.823488
0.180838 0 0.819162
0.0492897 0 0.95071
0.190187 0 0.809813
0.195248 0 0.804752
0.200596 0 0.799404
0.516797 0 0.483203
0.431907 0 0.568093
0.483689 0 0.516311
0.568225 0 0.431775
0.564736 0 0.435264
0.476477 0 0.523523
0.545673 0 0.454327
0.442814 0 0.557186
0.442523 0 0.557477
0.584194 0 0.415806
0.501488 0 0.498512
0.536178 0 0.463822
0.527442 0 0.472558
0.48863 0 0.51137
0.485766 0 0.514234
0.482959 0 0.517041
0.481739 0 0.518261
0.475856 0 0.524144
0.473221 0 0.526779
0.470638 0 0.529362
0.468106 0 0.531894
0.465624 0 0.534376
0.46319 0 0.53681
0.460804 0 0.539196
0.458465 0 0.541535
0.456171 0 0.543829
0.453922 0 0.546078
0.451716 0 0.548284
0.449555 0 0.550445
0.447435 0 0.552565
0.45128 0 0.54872
0.456116 0 0.543884
0.461078 0 0.538922
0.466172 0 0.533828
0.10266 0 0.89734
0.102346 0 0.897654
0.102283 0 0.897717
0.102225 0 0.897775
0.102172 0 0.897828
0.102124 0 0.897876
0.102082 0 0.897918
0.102044 0 0.897956
0.102011 0 0.897989
0.10246 0 0.89754
0.102196 0 0.897804
0.101885 0 0.898115
0.101873 0 0.898127
0.10173 0 0.89827
0.10171 0 0.89829
0.101695 0 0.898305
0.101685 0 0.898315
0.101885 0 0.898115
0.101903 0 0.898097
0.102337 0 0.897663
0.167197 0 0.832803
0.16675 0 0.83325
0.166312 0 0.833688
0.165885 0 0.834115
0.165468 0 0.834532
0.165061 0 0.834939
0.164664 0 0.835336
0.0588236 0 0.941176
0.1639 0 0.8361
0.164717 0 0.835283
0.168456 0 0.831544
0.172376 0 0.827624
0.176492 0 0.823508
0.180818 0 0.819182
0.0492826 0 0.950717
0.190166 0 0.809834
0.195227 0 0.804773
0.200572 0 0.799428
0.516722 0 0.483278
0.431779 0 0.568221
0.48346 0 0.51654
0.56836 0 0.43164
0.564667 0 0.435333
0.47646 0 0.52354
0.545697 0 0.454303
0.442801 0 0.557199
0.442497 0 0.557503
0.584478 0 0.415522
0.501454 0 0.498546
0.527378 0 0.472622
0.488586 0 0.511414
0.485723 0 0.514277
0.482917 0 0.517083
0.481716 0 0.518284
0.475814 0 0.524186
0.47318 0 0.52682
0.470598 0 0.529402
0.468066 0 0.531934
0.465584 0 0.534416
0.46315 0 0.53685
0.460764 0 0.539236
0.458425 0 0.541575
0.456132 0 0.543868
0.453883 0 0.546117
0.451679 0 0.548321
0.449517 0 0.550483
0.447397 0 0.552603
0.451256 0 0.548744
0.456091 0 0.543909
0.461052 0 0.538948
0.466146 0 0.533854
0.102653 0 0.897347
0.102331 0 0.897669
0.102268 0 0.897732
0.101968 0 0.898032
0.101897 0 0.898103
0.101832 0 0.898168
0.101772 0 0.898228
0.102029 0 0.897971
0.101996 0 0.898004
0.102437 0 0.897563
0.102189 0 0.897811
0.10187 0 0.89813
0.101858 0 0.898142
0.101342 0 0.898658
0.101322 0 0.898678
0.101308 0 0.898692
0.101298 0 0.898702
0.10187 0 0.89813
0.101888 0 0.898112
0.102312 0 0.897687
0.16716 0 0.83284
0.166712 0 0.833288
0.166274 0 0.833726
0.165847 0 0.834153
0.165431 0 0.83457
0.165024 0 0.834976
0.164627 0 0.835373
0.0588768 0 0.941123
0.163864 0 0.836136
0.164702 0 0.835298
0.16844 0 0.83156
0.17236 0 0.82764
0.176475 0 0.823525
0.1808 0 0.8192
0.0492763 0 0.950724
0.190146 0 0.809854
0.195205 0 0.804795
0.200551 0 0.799449
0.516659 0 0.483341
0.431686 0 0.568314
0.483247 0 0.516753
0.568505 0 0.431495
0.564605 0 0.435395
0.47645 0 0.52355
0.545734 0 0.454266
0.442793 0 0.557207
0.442477 0 0.557523
0.584827 0 0.415173
0.501428 0 0.498572
0.527321 0 0.472679
0.491468 0 0.508532
0.488547 0 0.511453
0.485684 0 0.514316
0.482879 0 0.517121
0.4817 0 0.5183
0.475778 0 0.524222
0.473143 0 0.526857
0.470561 0 0.529438
0.46803 0 0.53197
0.465549 0 0.534451
0.463115 0 0.536885
0.46073 0 0.53927
0.458391 0 0.541609
0.456098 0 0.543902
0.45385 0 0.54615
0.451645 0 0.548355
0.449484 0 0.550516
0.447365 0 0.552635
0.45124 0 0.54876
0.456074 0 0.543926
0.461035 0 0.538965
0.466128 0 0.533872
0.102647 0 0.897353
0.102317 0 0.897683
0.102254 0 0.897747
0.10161 0 0.89839
0.101557 0 0.898443
0.10151 0 0.89849
0.101467 0 0.898533
0.102015 0 0.897985
0.101982 0 0.898018
0.102415 0 0.897585
0.102184 0 0.897816
0.101856 0 0.898144
0.101844 0 0.898156
0.101255 0 0.898745
0.101252 0 0.898748
0.101255 0 0.898745
0.101262 0 0.898738
0.101856 0 0.898144
0.101874 0 0.898126
0.102289 0 0.897711
0.167124 0 0.832876
0.166676 0 0.833324
0.166239 0 0.833761
0.165812 0 0.834188
0.165395 0 0.834605
0.164989 0 0.835011
0.164593 0 0.835407
0.164206 0 0.835794
0.163829 0 0.836171
0.16469 0 0.83531
0.168428 0 0.831572
0.172347 0 0.827653
0.176461 0 0.823539
0.180786 0 0.819214
0.0492708 0 0.950729
0.190131 0 0.809869
0.195189 0 0.804811
0.200534 0 0.799466
0.51661 0 0.48339
0.431624 0 0.568376
0.48305 0 0.51695
0.568663 0 0.431337
0.56455 0 0.43545
0.476444 0 0.523556
0.545781 0 0.454219
0.442789 0 0.557211
0.442464 0 0.557536
0.585341 0 0.414659
0.501409 0 0.498591
0.527269 0 0.472731
0.491435 0 0.508565
0.488514 0 0.511486
0.485653 0 0.514347
0.482847 0 0.517153
0.48169 0 0.51831
0.475747 0 0.524253
0.473113 0 0.526887
0.470531 0 0.529469
0.468001 0 0.531999
0.465519 0 0.534481
0.463086 0 0.536914
0.460701 0 0.539299
0.458362 0 0.541638
0.45607 0 0.54393
0.453822 0 0.546178
0.451617 0 0.548383
0.449456 0 0.550544
0.447337 0 0.552663
0.451228 0 0.548772
0.456062 0 0.543938
0.461023 0 0.538977
0.466116 0 0.533884
0.102642 0 0.897358
0.102304 0 0.897696
0.102241 0 0.897759
0.101597 0 0.898403
0.101545 0 0.898455
0.101497 0 0.898503
0.101455 0 0.898545
0.102002 0 0.897997
0.10197 0 0.89803
0.102394 0 0.897606
0.10218 0 0.89782
0.101844 0 0.898157
0.101831 0 0.898169
0.101242 0 0.898758
0.10124 0 0.89876
0.101242 0 0.898758
0.10125 0 0.89875
0.101844 0 0.898157
0.101861 0 0.898139
0.102267 0 0.897733
0.167091 0 0.832909
0.166643 0 0.833357
0.166206 0 0.833794
0.165779 0 0.834221
0.165362 0 0.834638
0.164956 0 0.835044
0.16456 0 0.83544
0.164174 0 0.835826
0.163797 0 0.836203
0.164679 0 0.83532
0.168416 0 0.831584
0.172335 0 0.827665
0.176449 0 0.823551
0.180772 0 0.819228
0.0492656 0 0.950734
0.190116 0 0.809884
0.195174 0 0.804826
0.200518 0 0.799482
0.206171 0 0.793829
0.516572 0 0.483428
0.43159 0 0.56841
0.482866 0 0.517134
0.568832 0 0.431168
0.564503 0 0.435497
0.476445 0 0.523555
0.545839 0 0.454161
0.442791 0 0.557209
0.442454 0 0.557546
0.501397 0 0.498603
0.527225 0 0.472775
0.491408 0 0.508592
0.488489 0 0.511511
0.485627 0 0.514373
0.482822 0 0.517178
0.481685 0 0.518315
0.475722 0 0.524278
0.473089 0 0.526911
0.470508 0 0.529492
0.467977 0 0.532023
0.465495 0 0.534505
0.463063 0 0.536937
0.460678 0 0.539322
0.45834 0 0.54166
0.456047 0 0.543953
0.4538 0 0.5462
0.451596 0 0.548404
0.449435 0 0.550565
0.447316 0 0.552684
0.451221 0 0.548779
0.456055 0 0.543945
0.461015 0 0.538985
0.466108 0 0.533892
0.102638 0 0.897362
0.102292 0 0.897708
0.10223 0 0.89777
0.101586 0 0.898414
0.101533 0 0.898467
0.101486 0 0.898514
0.101443 0 0.898557
0.101991 0 0.898009
0.101958 0 0.898042
0.102375 0 0.897625
0.102177 0 0.897823
0.101832 0 0.898168
0.10182 0 0.89818
0.101231 0 0.898769
0.101228 0 0.898772
0.101231 0 0.898769
0.101238 0 0.898762
0.101832 0 0.898168
0.10185 0 0.89815
0.102246 0 0.897754
0.167059 0 0.832941
0.166611 0 0.833389
0.166174 0 0.833826
0.165748 0 0.834252
0.165331 0 0.834669
0.164925 0 0.835075
0.164529 0 0.835471
0.164143 0 0.835857
0.163766 0 0.836234
0.164672 0 0.835328
0.168408 0 0.831592
0.172327 0 0.827673
0.17644 0 0.82356
0.180763 0 0.819237
0.0492611 0 0.950739
0.190105 0 0.809895
0.195162 0 0.804838
0.200505 0 0.799495
0.206158 0 0.793842
0.516547 0 0.483453
0.431584 0 0.568416
0.482696 0 0.517304
0.569013 0 0.430987
0.564461 0 0.435539
0.476451 0 0.523549
0.545908 0 0.454092
0.442798 0 0.557202
0.442451 0 0.557549
0.501392 0 0.498608
0.535686 0 0.464314
0.527186 0 0.472814
0.491387 0 0.508613
0.488468 0 0.511532
0.485606 0 0.514394
0.482801 0 0.517199
0.481687 0 0.518313
0.475702 0 0.524298
0.47307 0 0.52693
0.470488 0 0.529512
0.467958 0 0.532042
0.465477 0 0.534523
0.463045 0 0.536955
0.46066 0 0.53934
0.458322 0 0.541678
0.45603 0 0.54397
0.453782 0 0.546218
0.451579 0 0.548421
0.449418 0 0.550582
0.4473 0 0.5527
0.451222 0 0.548778
0.456055 0 0.543945
0.461015 0 0.538985
0.466108 0 0.533892
0.102636 0 0.897364
0.102282 0 0.897718
0.102219 0 0.897781
0.101576 0 0.898424
0.101523 0 0.898477
0.101476 0 0.898524
0.101433 0 0.898567
0.101981 0 0.898019
0.101948 0 0.898052
0.102357 0 0.897643
0.102174 0 0.897825
0.101822 0 0.898178
0.10181 0 0.89819
0.101221 0 0.898779
0.101218 0 0.898782
0.101221 0 0.898779
0.101228 0 0.898772
0.101822 0 0.898178
0.10184 0 0.89816
0.102227 0 0.897773
0.167029 0 0.832971
0.166582 0 0.833418
0.166145 0 0.833855
0.165718 0 0.834282
0.165303 0 0.834697
0.164896 0 0.835104
0.1645 0 0.8355
0.164114 0 0.835886
0.163738 0 0.836262
0.164666 0 0.835334
0.168403 0 0.831597
0.17232 0 0.82768
0.176434 0 0.823566
0.180756 0 0.819244
0.0492574 0 0.950743
0.190098 0 0.809902
0.195154 0 0.804846
0.200496 0 0.799504
0.206149 0 0.793851
0.516534 0 0.483466
0.431606 0 0.568394
0.482541 0 0.517459
0.569211 0 0.430789
0.564427 0 0.435573
0.476463 0 0.523537
0.545987 0 0.454013
0.442809 0 0.557191
0.442454 0 0.557546
0.501395 0 0.498605
0.535181 0 0.464819
0.527154 0 0.472846
0.491372 0 0.508628
0.488452 0 0.511548
0.485591 0 0.514409
0.482787 0 0.517213
0.481695 0 0.518305
0.475688 0 0.524312
0.473056 0 0.526944
0.470475 0 0.529525
0.467945 0 0.532055
0.465464 0 0.534536
0.463032 0 0.536968
0.460648 0 0.539352
0.45831 0 0.54169
0.456018 0 0.543982
0.453771 0 0.546229
0.451567 0 0.548433
0.449407 0 0.550593
0.447289 0 0.552711
0.451228 0 0.548772
0.45606 0 0.54394
0.461021 0 0.538979
0.466113 0 0.533887
0.102635 0 0.897365
0.102274 0 0.897726
0.102211 0 0.897789
0.101567 0 0.898433
0.101514 0 0.898486
0.101467 0 0.898533
0.101424 0 0.898576
0.101972 0 0.898028
0.101939 0 0.898061
0.10329 0 0.89671
0.104321 0 0.895679
0.101813 0 0.898187
0.101801 0 0.898199
0.101212 0 0.898788
0.101209 0 0.89879
0.101212 0 0.898788
0.10122 0 0.89878
0.101813 0 0.898187
0.101831 0 0.898169
0.104494 0 0.895506
0.167001 0 0.832999
0.166554 0 0.833446
0.166118 0 0.833882
0.165691 0 0.834309
0.165275 0 0.834725
0.16487 0 0.83513
0.164474 0 0.835526
0.164088 0 0.835912
0.163712 0 0.836288
0.164662 0 0.835338
0.168398 0 0.831602
0.172316 0 0.827684
0.176428 0 0.823572
0.180751 0 0.819249
0.049254 0 0.950746
0.190091 0 0.809909
0.195147 0 0.804853
0.200488 0 0.799512
0.20614 0 0.79386
0.516533 0 0.483467
0.431658 0 0.568342
0.4824 0 0.5176
0.569426 0 0.430574
0.564399 0 0.435601
0.476481 0 0.523519
0.546077 0 0.453923
0.442827 0 0.557173
0.442462 0 0.557539
0.501404 0 0.498596
0.534869 0 0.465131
0.527128 0 0.472872
0.491363 0 0.508637
0.488444 0 0.511556
0.482878 0 0.517122
0.481385 0 0.518615
0.481709 0 0.518291
0.485903 0 0.514097
0.490195 0 0.509805
0.494587 0 0.505413
0.457825 0 0.542175
0.457876 0 0.542124
0.471606 0 0.528394
0.471968 0 0.528032
0.553283 0 0.446717
0.549431 0 0.450569
0.547012 0 0.452988
0.55151 0 0.44849
0.556107 0 0.443893
0.104975 0 0.895025
0.102265 0 0.897735
0.102203 0 0.897797
0.101559 0 0.898441
0.101519 0 0.898481
0.101487 0 0.898513
0.10146 0 0.89854
0.101964 0 0.898036
0.101931 0 0.898069
0.104679 0 0.895321
0.104672 0 0.895328
0.101806 0 0.898194
0.101793 0 0.898207
0.101447 0 0.898553
0.101461 0 0.898539
0.101479 0 0.898521
0.101503 0 0.898497
0.101806 0 0.898194
0.101823 0 0.898177
0.105232 0 0.894768
0.166976 0 0.833024
0.166529 0 0.833471
0.166092 0 0.833908
0.165666 0 0.834334
0.16525 0 0.83475
0.164845 0 0.835155
0.164449 0 0.835551
0.164063 0 0.835937
0.163687 0 0.836313
0.164661 0 0.835339
0.168397 0 0.831603
0.172315 0 0.827685
0.176427 0 0.823573
0.180749 0 0.819251
0.0492514 0 0.950749
0.190088 0 0.809912
0.195144 0 0.804856
0.200485 0 0.799515
0.206136 0 0.793864
0.516545 0 0.483455
0.431746 0 0.568254
0.482273 0 0.517727
0.569667 0 0.430333
0.564378 0 0.435622
0.476505 0 0.523495
0.546177 0 0.453823
0.44285 0 0.55715
0.442475 0 0.557525
0.501421 0 0.498579
0.534637 0 0.465363
0.527109 0 0.472891
0.598737 0 0.401263
0.491359 0 0.508641
0.48844 0 0.51156
0.481512 0 0.518488
0.480486 0 0.519514
0.481729 0 0.518271
0.478299 0 0.521701
0.475652 0 0.524348
0.474388 0 0.525612
0.476373 0 0.523627
0.473848 0 0.526152
0.471373 0 0.528627
0.468946 0 0.531054
0.457081 0 0.542919
0.457122 0 0.542878
0.461946 0 0.538054
0.45185 0 0.54815
0.453058 0 0.546942
0.457764 0 0.542236
0.462593 0 0.537407
0.467547 0 0.532453
0.553974 0 0.446026
0.550087 0 0.449913
0.54628 0 0.45372
0.545799 0 0.454201
0.548632 0 0.451368
0.553182 0 0.446818
0.105669 0 0.894331
0.102259 0 0.897741
0.102196 0 0.897804
0.1019 0 0.8981
0.101863 0 0.898137
0.10183 0 0.89817
0.101803 0 0.898197
0.101958 0 0.898042
0.102738 0 0.897262
0.105226 0 0.894774
0.105202 0 0.894798
0.105184 0 0.894816
0.101787 0 0.898213
0.101779 0 0.898221
0.101777 0 0.898223
0.101779 0 0.898221
0.101787 0 0.898213
0.101799 0 0.898201
0.105202 0 0.894798
0.105226 0 0.894774
0.166952 0 0.833048
0.166505 0 0.833495
0.166069 0 0.833931
0.165643 0 0.834357
0.165227 0 0.834773
0.164822 0 0.835178
0.164426 0 0.835574
0.16404 0 0.83596
0.163665 0 0.836335
0.164663 0 0.835337
0.0491272 0 0.950873
0.0489451 0 0.951055
0.176427 0 0.823573
0.18075 0 0.81925
0.0492494 0 0.950751
0.190089 0 0.809911
0.195144 0 0.804856
0.200483 0 0.799517
0.206135 0 0.793865
0.516568 0 0.483432
0.431881 0 0.568119
0.482162 0 0.517838
0.569941 0 0.430059
0.531028 0 0.468972
0.564364 0 0.435636
0.476535 0 0.523466
0.546287 0 0.453713
0.442878 0 0.557122
0.442494 0 0.557506
0.501445 0 0.498555
0.534459 0 0.465541
0.527096 0 0.472904
0.593729 0 0.406271
0.593644 0 0.406356
0.594019 0 0.405981
0.594434 0 0.405566
0.583851 0 0.416149
0.583752 0 0.416248
0.582892 0 0.417108
0.578497 0 0.421503
0.572643 0 0.427357
0.569322 0 0.430678
0.567647 0 0.432353
0.562949 0 0.437051
0.481358 0 0.518642
0.480369 0 0.519631
0.482905 0 0.517095
0.478302 0 0.521698
0.475655 0 0.524345
0.474415 0 0.525585
0.580724 0 0.419276
0.583174 0 0.416826
0.578796 0 0.421204
0.588332 0 0.411668
0.457053 0 0.542947
0.457095 0 0.542905
0.560602 0 0.439398
0.451855 0 0.548145
0.453082 0 0.546918
0.551182 0 0.448818
0.547196 0 0.452804
0.545734 0 0.454266
0.545717 0 0.454283
0.545791 0 0.454209
0.550293 0 0.449707
0.105663 0 0.894337
0.105593 0 0.894407
0.102191 0 0.897809
0.102133 0 0.897867
0.102081 0 0.897919
0.102033 0 0.897967
0.10199 0 0.89801
0.101953 0 0.898047
0.105249 0 0.894751
0.10522 0 0.89478
0.105197 0 0.894803
0.105179 0 0.894821
0.101782 0 0.898218
0.101774 0 0.898226
0.101772 0 0.898228
0.101774 0 0.898226
0.101782 0 0.898218
0.101794 0 0.898206
0.105197 0 0.894803
0.105221 0 0.894779
0.16693 0 0.83307
0.166484 0 0.833516
0.166048 0 0.833952
0.165622 0 0.834378
0.165206 0 0.834794
0.164801 0 0.835199
0.164406 0 0.835594
0.16402 0 0.83598
0.163644 0 0.836356
0.164666 0 0.835334
0.0487713 0 0.951229
0.0490093 0 0.950991
0.17643 0 0.82357
0.180751 0 0.819249
0.049248 0 0.950752
0.19009 0 0.80991
0.195144 0 0.804856
0.200388 0 0.799612
0.206055 0 0.793945
0.516605 0 0.483395
0.432093 0 0.567907
0.482067 0 0.517933
0.570303 0 0.429697
0.531028 0 0.468972
0.564357 0 0.435643
0.47657 0 0.52343
0.546408 0 0.453592
0.442911 0 0.557089
0.442518 0 0.557482
0.501476 0 0.498524
0.534322 0 0.465678
0.527089 0 0.472911
0.568371 0 0.431629
0.568141 0 0.431859
0.567488 0 0.432512
0.565173 0 0.434827
0.556259 0 0.443741
0.553329 0 0.446671
0.549995 0 0.450005
0.548585 0 0.451415
0.54402 0 0.45598
0.541633 0 0.458367
0.537599 0 0.462401
0.533696 0 0.466304
0.532263 0 0.467737
0.530797 0 0.469203
0.531298 0 0.468702
0.532572 0 0.467428
0.536267 0 0.463733
0.511052 0 0.488948
0.510046 0 0.489954
0.482172 0 0.517828
0.480958 0 0.519042
0.547351 0 0.452649
0.547371 0 0.452629
0.495744 0 0.504256
0.497759 0 0.502241
0.547557 0 0.452443
0.54958 0 0.45042
0.563307 0 0.436693
0.557135 0 0.442865
0.457724 0 0.542276
0.457776 0 0.542224
0.540159 0 0.459841
0.47109 0 0.52891
0.471395 0 0.528605
0.534677 0 0.465323
0.528872 0 0.471128
0.526796 0 0.473204
0.523246 0 0.476754
0.521348 0 0.478652
0.51948 0 0.48052
0.517111 0 0.482889
0.50893 0 0.49107
0.505813 0 0.494187
0.503826 0 0.496174
0.501647 0 0.498353
0.502315 0 0.497685
0.503598 0 0.496402
0.504428 0 0.495572
0.486241 0 0.513759
0.481958 0 0.518042
0.480326 0 0.519674
0.545642 0 0.454358
0.473428 0 0.526572
0.471178 0 0.528822
0.105659 0 0.894341
0.105589 0 0.894411
0.102187 0 0.897813
0.102129 0 0.897871
0.102076 0 0.897924
0.102041 0 0.897959
0.102014 0 0.897986
0.10221 0 0.89779
0.10494 0 0.89506
0.104895 0 0.895105
0.104855 0 0.895145
0.104821 0 0.895179
0.104791 0 0.895209
0.101998 0 0.898002
0.102012 0 0.897988
0.102031 0 0.897969
0.102055 0 0.897945
0.104717 0 0.895283
0.104718 0 0.895283
0.104733 0 0.895267
0.166911 0 0.833089
0.166464 0 0.833536
0.166028 0 0.833972
0.165603 0 0.834397
0.165187 0 0.834813
0.164782 0 0.835218
0.164387 0 0.835613
0.164001 0 0.835999
0.163626 0 0.836374
0.164671 0 0.835329
0.0487174 0 0.951283
0.0487893 0 0.951211
0.0488687 0 0.951131
0.048951 0 0.951049
0.0490359 0 0.950964
0.189909 0 0.810091
0.195147 0 0.804853
0.200488 0 0.799512
0.206054 0 0.793946
0.464449 0 0.535551
0.466393 0 0.533607
0.468379 0 0.531621
0.47041 0 0.52959
0.47248 0 0.52752
0.474572 0 0.525428
0.476719 0 0.523281
0.478909 0 0.521091
0.481514 0 0.518486
0.531113 0 0.468887
0.564357 0 0.435643
0.476611 0 0.523389
0.546539 0 0.453461
0.44295 0 0.55705
0.442548 0 0.557452
0.501515 0 0.498485
0.534222 0 0.465778
0.527089 0 0.472911
0.345382 0 0.654618
0.346322 0 0.653678
0.347264 0 0.652736
0.348207 0 0.651793
0.349152 0 0.650848
0.350099 0 0.649901
0.351047 0 0.648953
0.351996 0 0.648004
0.352947 0 0.647053
0.3539 0 0.6461
0.354854 0 0.645146
0.355809 0 0.644191
0.356764 0 0.643236
0.357721 0 0.642279
0.470335 0 0.529665
0.469102 0 0.530898
0.467477 0 0.532523
0.486674 0 0.513326
0.48771 0 0.51229
0.482858 0 0.517142
0.484644 0 0.515356
0.478565 0 0.521435
0.479326 0 0.520674
0.478636 0 0.521364
0.476776 0 0.523224
0.476186 0 0.523814
0.478193 0 0.521806
0.484476 0 0.515525
0.460072 0 0.539928
0.460272 0 0.539728
0.483433 0 0.516567
0.472962 0 0.527038
0.473792 0 0.526208
0.475179 0 0.524821
0.473975 0 0.526025
0.477027 0 0.522973
0.479339 0 0.520661
0.485629 0 0.514371
0.510444 0 0.489556
0.507683 0 0.492317
0.505222 0 0.494778
0.503134 0 0.496866
0.499711 0 0.500289
0.4963 0 0.5037
0.49245 0 0.50755
0.490109 0 0.509891
0.484636 0 0.515364
0.480773 0 0.519227
0.475537 0 0.524463
0.471789 0 0.528211
0.469229 0 0.530771
0.466673 0 0.533327
0.462999 0 0.537001
0.105656 0 0.894344
0.105101 0 0.894899
0.105036 0 0.894964
0.102465 0 0.897535
0.102427 0 0.897573
0.102395 0 0.897605
0.102367 0 0.897633
0.104791 0 0.895209
0.104758 0 0.895242
0.10473 0 0.89527
0.104707 0 0.895293
0.104689 0 0.895311
0.104676 0 0.895324
0.104668 0 0.895332
0.104666 0 0.895334
0.104668 0 0.895332
0.104676 0 0.895324
0.104689 0 0.895311
0.104707 0 0.895293
0.10473 0 0.89527
0.166893 0 0.833107
0.166447 0 0.833553
0.166011 0 0.833989
0.165586 0 0.834414
0.16517 0 0.83483
0.164765 0 0.835235
0.16437 0 0.83563
0.163985 0 0.836015
0.163609 0 0.836391
0.164678 0 0.835322
0.0487163 0 0.951284
0.0487891 0 0.951211
0.0488685 0 0.951131
0.0489508 0 0.951049
0.0490357 0 0.950964
0.1901 0 0.8099
0.195155 0 0.804845
0.200494 0 0.799506
0.206143 0 0.793857
0.459242 0 0.540758
0.461154 0 0.538846
0.463089 0 0.536911
0.465068 0 0.534932
0.467091 0 0.532909
0.469152 0 0.530848
0.47125 0 0.52875
0.473372 0 0.526628
0.475552 0 0.524448
0.477777 0 0.522223
0.480091 0 0.519909
0.482494 0 0.517506
0.484088 0 0.515912
0.485999 0 0.514001
0.488686 0 0.511314
0.492606 0 0.507394
0.564364 0 0.435636
0.476657 0 0.523343
0.546681 0 0.453319
0.442994 0 0.557006
0.442583 0 0.557417
0.58694 0 0.41306
0.501561 0 0.498439
0.534155 0 0.465845
0.527095 0 0.472905
0.529831 0 0.470169
0.240896 0 0.759104
0.30559 0 0.69441
0.306322 0 0.693678
0.307056 0 0.692944
0.30779 0 0.69221
0.308525 0 0.691475
0.30926 0 0.69074
0.309997 0 0.690003
0.310734 0 0.689266
0.311472 0 0.688528
0.31221 0 0.68779
0.312948 0 0.687052
0.313687 0 0.686313
0.314426 0 0.685574
0.315166 0 0.684834
0.315906 0 0.684094
0.316646 0 0.683354
0.317386 0 0.682614
0.318126 0 0.681874
0.318866 0 0.681134
0.319607 0 0.680393
0.320347 0 0.679653
0.321087 0 0.678913
0.321826 0 0.678174
0.322566 0 0.677434
0.323305 0 0.676695
0.324043 0 0.675957
0.325037 0 0.674963
0.329042 0 0.670958
0.333163 0 0.666837
0.438823 0 0.561177
0.44275 0 0.55725
0.444574 0 0.555426
0.443061 0 0.556939
0.445186 0 0.554814
0.444789 0 0.555211
0.444426 0 0.555574
0.45712 0 0.54288
0.457204 0 0.542796
0.456838 0 0.543162
0.455083 0 0.544917
0.454533 0 0.545467
0.440555 0 0.559445
0.438943 0 0.561057
0.446578 0 0.553422
0.445695 0 0.554305
0.45368 0 0.54632
0.45217 0 0.54783
0.450977 0 0.549023
0.451626 0 0.548374
0.448562 0 0.551438
0.447902 0 0.552099
0.445681 0 0.554319
0.105655 0 0.894345
0.105099 0 0.894901
0.105035 0 0.894965
0.104975 0 0.895025
0.104921 0 0.895079
0.104872 0 0.895128
0.104829 0 0.895171
0.10479 0 0.89521
0.104757 0 0.895243
0.104728 0 0.895272
0.104705 0 0.895295
0.104687 0 0.895313
0.104675 0 0.895325
0.104667 0 0.895333
0.104664 0 0.895336
0.104667 0 0.895333
0.104674 0 0.895326
0.104687 0 0.895313
0.104705 0 0.895295
0.104728 0 0.895272
0.166895 0 0.833105
0.16644 0 0.83356
0.165996 0 0.834004
0.165571 0 0.834429
0.165156 0 0.834844
0.164751 0 0.835249
0.164331 0 0.835669
0.163924 0 0.836076
0.163526 0 0.836474
0.164687 0 0.835313
0.0487159 0 0.951284
0.0487895 0 0.95121
0.0488691 0 0.951131
0.0489512 0 0.951049
0.0490363 0 0.950964
0.190109 0 0.809891
0.195163 0 0.804837
0.200503 0 0.799497
0.206152 0 0.793848
0.454475 0 0.545525
0.456024 0 0.543976
0.457929 0 0.542071
0.459861 0 0.540139
0.461829 0 0.538172
0.463843 0 0.536157
0.465895 0 0.534105
0.468002 0 0.531998
0.470183 0 0.529817
0.472493 0 0.527507
0.474846 0 0.525154
0.476914 0 0.523086
0.478384 0 0.521616
0.479937 0 0.520063
0.481742 0 0.518258
0.483771 0 0.516229
0.485913 0 0.514087
0.488512 0 0.511488
0.49194 0 0.50806
0.496328 0 0.503672
0.500924 0 0.499076
0.505583 0 0.494417
0.564377 0 0.435623
0.476711 0 0.523289
0.546833 0 0.453167
0.443044 0 0.556956
0.442624 0 0.557377
0.586826 0 0.413174
0.501614 0 0.498386
0.53412 0 0.46588
0.52713 0 0.47287
0.529895 0 0.470105
0.240902 0 0.759098
0.240859 0 0.759141
0.274013 0 0.725987
0.274599 0 0.725401
0.275186 0 0.724814
0.275772 0 0.724228
0.27636 0 0.72364
0.276948 0 0.723052
0.277535 0 0.722465
0.278123 0 0.721877
0.278711 0 0.721289
0.279299 0 0.720701
0.279887 0 0.720113
0.280475 0 0.719525
0.281814 0 0.718186
0.284649 0 0.715351
0.287556 0 0.712444
0.290537 0 0.709463
0.293596 0 0.706404
0.295686 0 0.704314
0.298664 0 0.701336
0.30057 0 0.69943
0.301421 0 0.698579
0.303048 0 0.696952
0.305277 0 0.694723
0.306943 0 0.693057
0.308565 0 0.691435
0.310186 0 0.689814
0.311743 0 0.688257
0.315109 0 0.684891
0.317538 0 0.682462
0.318658 0 0.681342
0.322948 0 0.677052
0.323169 0 0.676831
0.325898 0 0.674102
0.330733 0 0.669267
0.337593 0 0.662407
0.340867 0 0.659133
0.367421 0 0.632579
0.369139 0 0.630861
0.370518 0 0.629482
0.370724 0 0.629276
0.372121 0 0.627879
0.375283 0 0.624717
0.377679 0 0.622321
0.378941 0 0.621059
0.381285 0 0.618715
0.381968 0 0.618032
0.382014 0 0.617986
0.380716 0 0.619285
0.379564 0 0.620436
0.384674 0 0.615326
0.373201 0 0.626799
0.373902 0 0.626098
0.105099 0 0.894901
0.105035 0 0.894965
0.104975 0 0.895025
0.104921 0 0.895079
0.104872 0 0.895128
0.104828 0 0.895172
0.10479 0 0.89521
0.104756 0 0.895244
0.104728 0 0.895272
0.104705 0 0.895295
0.104687 0 0.895313
0.104674 0 0.895326
0.104667 0 0.895333
0.104664 0 0.895336
0.104667 0 0.895333
0.104674 0 0.895326
0.104687 0 0.895313
0.104705 0 0.895295
0.10974 0 0.89026
0.167498 0 0.832502
0.167039 0 0.832961
0.166592 0 0.833408
0.166155 0 0.833845
0.16573 0 0.83427
0.165314 0 0.834686
0.164617 0 0.835383
0.16414 0 0.83586
0.163804 0 0.836196
0.164845 0 0.835155
0.0487161 0 0.951284
0.0487907 0 0.951209
0.0488701 0 0.95113
0.0489524 0 0.951048
0.0490372 0 0.950963
0.190146 0 0.809854
0.195173 0 0.804826
0.200513 0 0.799487
0.206162 0 0.793838
0.450022 0 0.549978
0.451224 0 0.548776
0.452876 0 0.547124
0.454774 0 0.545226
0.456707 0 0.543293
0.458664 0 0.541336
0.460713 0 0.539287
0.462901 0 0.537099
0.465173 0 0.534827
0.467498 0 0.532502
0.469658 0 0.530342
0.471413 0 0.528587
0.472847 0 0.527153
0.474309 0 0.525691
0.475855 0 0.524145
0.477611 0 0.522389
0.479599 0 0.520401
0.481657 0 0.518343
0.483809 0 0.516191
0.486013 0 0.513987
0.488539 0 0.511461
0.491873 0 0.508127
0.495799 0 0.504201
0.500431 0 0.499569
0.505136 0 0.494864
0.476769 0 0.523231
0.514849 0 0.485151
0.443099 0 0.556901
0.442669 0 0.557331
0.587364 0 0.412636
0.501675 0 0.498325
0.534117 0 0.465883
0.5272 0 0.4728
0.529966 0 0.470034
0.240912 0 0.759088
0.240869 0 0.759131
0.254792 0 0.745208
0.256975 0 0.743025
0.259208 0 0.740792
0.260034 0 0.739966
0.260391 0 0.739609
0.260831 0 0.739169
0.261432 0 0.738568
0.262265 0 0.737735
0.269776 0 0.730224
0.270796 0 0.729204
0.270791 0 0.729209
0.270497 0 0.729503
0.27029 0 0.72971
0.270291 0 0.729709
0.270511 0 0.729489
0.270672 0 0.729328
0.271064 0 0.728936
0.271737 0 0.728263
0.272414 0 0.727586
0.273519 0 0.726481
0.274885 0 0.725115
0.276925 0 0.723075
0.279143 0 0.720857
0.280729 0 0.719271
0.281694 0 0.718306
0.28247 0 0.71753
0.282409 0 0.717591
0.282514 0 0.717486
0.282933 0 0.717067
0.283495 0 0.716505
0.28482 0 0.71518
0.286633 0 0.713367
0.288461 0 0.711539
0.289842 0 0.710158
0.291118 0 0.708882
0.292476 0 0.707524
0.29361 0 0.70639
0.293978 0 0.706022
0.294438 0 0.705562
0.294389 0 0.705611
0.294147 0 0.705853
0.2946 0 0.7054
0.299962 0 0.700038
0.302271 0 0.697729
0.30454 0 0.69546
0.306365 0 0.693635
0.308644 0 0.691356
0.310857 0 0.689143
0.312861 0 0.687139
0.315256 0 0.684744
0.317597 0 0.682403
0.105717 0 0.894283
0.105036 0 0.894964
0.104976 0 0.895024
0.104922 0 0.895078
0.104873 0 0.895127
0.104829 0 0.895171
0.104791 0 0.895209
0.104758 0 0.895242
0.104729 0 0.895271
0.104706 0 0.895294
0.104688 0 0.895312
0.104675 0 0.895325
0.104668 0 0.895332
0.104665 0 0.895335
0.104668 0 0.895332
0.104675 0 0.895325
0.104688 0 0.895312
0.104706 0 0.895294
0.109732 0 0.890268
0.0562327 0 0.943767
0.0538952 0 0.946105
0.0517447 0 0.948255
0.0497595 0 0.95024
0.0482395 0 0.95176
0.0483022 0 0.951698
0.0484271 0 0.951573
0.0486422 0 0.951358
0.0488514 0 0.951149
0.0490548 0 0.950945
0.0492525 0 0.950747
0.0494441 0 0.950556
0.0496289 0 0.950371
0.0498074 0 0.950193
0.0499794 0 0.950021
0.0501446 0 0.949855
0.0503026 0 0.949697
0.0504538 0 0.949546
0.0505977 0 0.949402
0.444951 0 0.555049
0.446714 0 0.553286
0.448006 0 0.551994
0.449795 0 0.550205
0.45172 0 0.54828
0.453792 0 0.546208
0.455913 0 0.544087
0.458106 0 0.541894
0.460333 0 0.539667
0.462606 0 0.537394
0.464525 0 0.535475
0.466043 0 0.533957
0.467441 0 0.532559
0.468873 0 0.531127
0.47034 0 0.52966
0.471845 0 0.528155
0.473606 0 0.526394
0.475555 0 0.524445
0.477561 0 0.522439
0.479652 0 0.520348
0.48183 0 0.51817
0.484056 0 0.515944
0.486327 0 0.513673
0.488648 0 0.511352
0.492106 0 0.507894
0.476834 0 0.523166
0.50009 0 0.49991
0.443159 0 0.556841
0.44272 0 0.55728
0.514644 0 0.485356
0.519715 0 0.480285
0.524952 0 0.475048
0.530261 0 0.469739
0.501744 0 0.498256
0.550444 0 0.449556
0.55459 0 0.44541
0.558719 0 0.441281
0.562858 0 0.437142
0.567236 0 0.432764
0.534148 0 0.465852
0.57592 0 0.42408
0.527277 0 0.472723
0.530042 0 0.469958
0.589461 0 0.410539
0.594011 0 0.405989
0.598639 0 0.401361
0.240925 0 0.759075
0.240881 0 0.759118
0.239594 0 0.760406
0.240212 0 0.759788
0.24054 0 0.75946
0.240553 0 0.759447
0.24056 0 0.75944
0.239927 0 0.760073
0.239333 0 0.760667
0.240024 0 0.759976
0.240838 0 0.759162
0.242548 0 0.757452
0.242672 0 0.757328
0.242733 0 0.757267
0.243878 0 0.756122
0.245273 0 0.754727
0.246574 0 0.753426
0.24721 0 0.752789
0.247805 0 0.752195
0.248095 0 0.751905
0.24828 0 0.75172
0.249544 0 0.750456
0.250979 0 0.749021
0.251533 0 0.748467
0.252241 0 0.747759
0.252972 0 0.747028
0.25362 0 0.74638
0.253892 0 0.746108
0.25444 0 0.74556
0.255394 0 0.744606
0.256537 0 0.743463
0.257603 0 0.742397
0.258927 0 0.741073
0.260263 0 0.739737
0.261609 0 0.738391
0.262965 0 0.737035
0.26424 0 0.73576
0.265581 0 0.734419
0.267094 0 0.732906
0.268495 0 0.731505
0.269975 0 0.730025
0.271523 0 0.728477
0.273049 0 0.726951
0.274539 0 0.725461
0.276059 0 0.723941
0.277632 0 0.722368
0.279107 0 0.720893
0.280702 0 0.719298
0.282267 0 0.717733
0.283716 0 0.716284
0.284861 0 0.715139
0.285937 0 0.714063
0.110269 0 0.889731
0.105038 0 0.894962
0.104979 0 0.895021
0.104925 0 0.895075
0.104876 0 0.895124
0.104832 0 0.895168
0.104793 0 0.895207
0.10476 0 0.89524
0.104732 0 0.895268
0.104709 0 0.895291
0.104691 0 0.895309
0.104678 0 0.895322
0.10467 0 0.89533
0.104668 0 0.895332
0.10467 0 0.89533
0.104678 0 0.895322
0.104691 0 0.895309
0.108909 0 0.891091
0.0574463 0 0.942554
0.0550083 0 0.944992
0.052769 0 0.947231
0.0507052 0 0.949295
0.0487973 0 0.951203
0.0480714 0 0.951929
0.0481339 0 0.951866
0.0481988 0 0.951801
0.048266 0 0.951734
0.0483358 0 0.951664
0.048408 0 0.951592
0.0484828 0 0.951517
0.0485602 0 0.95144
0.0486401 0 0.95136
0.0487225 0 0.951277
0.0488076 0 0.951192
0.0488952 0 0.951105
0.0489854 0 0.951015
0.0490783 0 0.950922
0.0491741 0 0.950826
0.0492725 0 0.950728
0.0493735 0 0.950626
0.334205 0 0.665795
0.444849 0 0.555151
0.447064 0 0.552936
0.449174 0 0.550826
0.451271 0 0.548729
0.453422 0 0.546578
0.4556 0 0.5444
0.45783 0 0.54217
0.45943 0 0.54057
0.460798 0 0.539202
0.462162 0 0.537838
0.463564 0 0.536436
0.464998 0 0.535002
0.46646 0 0.53354
0.467934 0 0.532066
0.46964 0 0.53036
0.471598 0 0.528402
0.473588 0 0.526412
0.475618 0 0.524382
0.477709 0 0.522291
0.479943 0 0.520057
0.482173 0 0.517827
0.484461 0 0.515539
0.476915 0 0.523085
0.489249 0 0.510751
0.443226 0 0.556774
0.442777 0 0.557223
0.500153 0 0.499847
0.504693 0 0.495307
0.509582 0 0.490418
0.514583 0 0.485417
0.50182 0 0.49818
0.524909 0 0.475091
0.529887 0 0.470113
0.534878 0 0.465122
0.539162 0 0.460838
0.543185 0 0.456815
0.534634 0 0.465366
0.550595 0 0.449405
0.52736 0 0.47264
0.493695 0 0.506305
0.562214 0 0.437786
0.566242 0 0.433758
0.570334 0 0.429666
0.574509 0 0.425491
0.578773 0 0.421227
0.58312 0 0.41688
0.587551 0 0.412449
0.592068 0 0.407932
0.596676 0 0.403324
0.24094 0 0.75906
0.240897 0 0.759103
0.220964 0 0.779036
0.220847 0 0.779153
0.22082 0 0.77918
0.221375 0 0.778625
0.222271 0 0.777729
0.224014 0 0.775986
0.225992 0 0.774008
0.226416 0 0.773584
0.227065 0 0.772935
0.227467 0 0.772533
0.227731 0 0.772269
0.227994 0 0.772006
0.228312 0 0.771688
0.228611 0 0.771389
0.228907 0 0.771093
0.229301 0 0.770699
0.229715 0 0.770285
0.230424 0 0.769576
0.231412 0 0.768588
0.232145 0 0.767855
0.232782 0 0.767218
0.233496 0 0.766504
0.234049 0 0.765951
0.234542 0 0.765458
0.235038 0 0.764962
0.235741 0 0.764259
0.236476 0 0.763524
0.236887 0 0.763113
0.237418 0 0.762582
0.237992 0 0.762008
0.238204 0 0.761796
0.238716 0 0.761284
0.239834 0 0.760166
0.241456 0 0.758544
0.242278 0 0.757722
0.242782 0 0.757218
0.243615 0 0.756385
0.244673 0 0.755327
0.24597 0 0.75403
0.247205 0 0.752795
0.248469 0 0.751531
0.249841 0 0.750159
0.251226 0 0.748774
0.252617 0 0.747383
0.253885 0 0.746115
0.255161 0 0.744839
0.256446 0 0.743554
0.257741 0 0.742259
0.259044 0 0.740956
0.107436 0 0.892564
0.107357 0 0.892643
0.104983 0 0.895017
0.104928 0 0.895072
0.104879 0 0.895121
0.104836 0 0.895164
0.104797 0 0.895203
0.104764 0 0.895236
0.104735 0 0.895265
0.104712 0 0.895288
0.104694 0 0.895306
0.104682 0 0.895318
0.104674 0 0.895326
0.104671 0 0.895329
0.104674 0 0.895326
0.104682 0 0.895318
0.104695 0 0.895306
0.0587166 0 0.941283
0.0561715 0 0.943828
0.0538377 0 0.946162
0.0516904 0 0.94831
0.0497083 0 0.950292
0.0478729 0 0.952127
0.0479052 0 0.952095
0.0479672 0 0.952033
0.0480315 0 0.951968
0.0480982 0 0.951902
0.0481677 0 0.951832
0.0482395 0 0.951761
0.0483137 0 0.951686
0.0483904 0 0.95161
0.0484698 0 0.95153
0.0485515 0 0.951449
0.048636 0 0.951364
0.0487231 0 0.951277
0.0488127 0 0.951187
0.0489049 0 0.951095
0.0489998 0 0.951
0.0490975 0 0.950902
0.0491979 0 0.950802
0.326526 0 0.673474
0.327501 0 0.672499
0.329004 0 0.670996
0.330658 0 0.669342
0.331621 0 0.668379
0.332721 0 0.667279
0.332185 0 0.667814
0.332816 0 0.667184
0.334186 0 0.665814
0.33455 0 0.66545
0.33868 0 0.66132
0.45838 0 0.54162
0.459782 0 0.540218
0.461211 0 0.538789
0.46265 0 0.53735
0.464138 0 0.535862
0.465779 0 0.534221
0.46771 0 0.53229
0.469613 0 0.530387
0.471322 0 0.528678
0.473214 0 0.526786
0.47528 0 0.52472
0.47753 0 0.52247
0.480059 0 0.519941
0.482598 0 0.517402
0.443298 0 0.556702
0.442838 0 0.557162
0.490027 0 0.509973
0.493084 0 0.506916
0.496869 0 0.503131
0.50073 0 0.49927
0.504752 0 0.495248
0.509287 0 0.490713
0.513891 0 0.486109
0.518593 0 0.481407
0.523391 0 0.476609
0.528219 0 0.471781
0.532359 0 0.467641
0.536386 0 0.463614
0.527448 0 0.472552
0.530215 0 0.469785
0.548306 0 0.451694
0.552113 0 0.447887
0.555995 0 0.444005
0.559969 0 0.440031
0.564018 0 0.435982
0.568145 0 0.431855
0.572349 0 0.427651
0.576634 0 0.423366
0.581003 0 0.418997
0.585456 0 0.414544
0.589995 0 0.410005
0.59456 0 0.40544
0.599216 0 0.400784
0.240958 0 0.759042
0.240915 0 0.759085
0.205889 0 0.794111
0.207345 0 0.792655
0.208277 0 0.791723
0.208283 0 0.791717
0.208287 0 0.791713
0.209382 0 0.790618
0.210758 0 0.789242
0.211179 0 0.788821
0.211592 0 0.788408
0.212084 0 0.787916
0.212514 0 0.787486
0.212896 0 0.787104
0.213267 0 0.786733
0.213471 0 0.786529
0.213437 0 0.786563
0.213428 0 0.786572
0.213908 0 0.786092
0.214626 0 0.785374
0.215865 0 0.784135
0.215986 0 0.784014
0.216429 0 0.783571
0.21726 0 0.78274
0.218288 0 0.781712
0.219143 0 0.780857
0.219948 0 0.780052
0.220646 0 0.779354
0.221334 0 0.778666
0.222071 0 0.777929
0.222825 0 0.777175
0.223584 0 0.776416
0.224346 0 0.775654
0.225112 0 0.774888
0.225882 0 0.774118
0.226657 0 0.773343
0.227357 0 0.772643
0.22782 0 0.77218
0.228068 0 0.771932
0.228637 0 0.771363
0.229856 0 0.770144
0.231075 0 0.768925
0.231888 0 0.768112
0.232671 0 0.767329
0.233461 0 0.766539
0.23426 0 0.76574
0.235114 0 0.764886
0.23597 0 0.76403
0.236785 0 0.763215
0.237606 0 0.762394
0.107064 0 0.892936
0.106986 0 0.893014
0.104988 0 0.895012
0.104933 0 0.895067
0.104885 0 0.895115
0.104841 0 0.895159
0.104802 0 0.895198
0.104769 0 0.895231
0.10474 0 0.89526
0.104717 0 0.895283
0.104699 0 0.895301
0.104687 0 0.895313
0.104679 0 0.895321
0.104676 0 0.895324
0.104679 0 0.895321
0.104687 0 0.895313
0.107013 0 0.892987
0.0573856 0 0.942614
0.0549517 0 0.945048
0.052716 0 0.947284
0.0506552 0 0.949345
0.0487495 0 0.95125
0.0476818 0 0.952318
0.0477407 0 0.952259
0.0478023 0 0.952198
0.0478661 0 0.952134
0.0479325 0 0.952068
0.0480014 0 0.951999
0.0480726 0 0.951927
0.0481463 0 0.951854
0.0482226 0 0.951777
0.0483012 0 0.951699
0.0483825 0 0.951617
0.0484662 0 0.951534
0.0485528 0 0.951447
0.0486419 0 0.951358
0.0487334 0 0.951267
0.0488278 0 0.951172
0.0489246 0 0.951075
0.0490243 0 0.950976
0.0491265 0 0.950873
0.318812 0 0.681188
0.319634 0 0.680366
0.321244 0 0.678756
0.32236 0 0.67764
0.323521 0 0.676479
0.324419 0 0.675581
0.32595 0 0.67405
0.329054 0 0.670946
0.329616 0 0.670384
0.330934 0 0.669066
0.332467 0 0.667533
0.33395 0 0.66605
0.335051 0 0.664949
0.337006 0 0.662994
0.339047 0 0.660953
0.346972 0 0.653028
0.356333 0 0.643667
0.356671 0 0.643329
0.356801 0 0.643199
0.256021 0 0.743979
0.250174 0 0.749826
0.248261 0 0.751739
0.245798 0 0.754202
0.246696 0 0.753304
0.247966 0 0.752034
0.249185 0 0.750815
0.250869 0 0.749131
0.25424 0 0.74576
0.261336 0 0.738664
0.490751 0 0.509249
0.493796 0 0.506204
0.49748 0 0.50252
0.501233 0 0.498767
0.505194 0 0.494806
0.509309 0 0.490691
0.513538 0 0.486462
0.517849 0 0.482151
0.522039 0 0.477961
0.496088 0 0.503912
0.529766 0 0.470234
0.533789 0 0.466211
0.537908 0 0.462092
0.541731 0 0.458269
0.544793 0 0.455207
0.548245 0 0.451755
0.551731 0 0.448269
0.555417 0 0.444583
0.55911 0 0.44089
0.476697 0 0.523303
0.566746 0 0.433254
0.570685 0 0.429315
0.487266 0 0.512734
0.486353 0 0.513647
0.582833 0 0.417167
0.587004 0 0.412996
0.24098 0 0.75902
0.240937 0 0.759063
0.528773 0 0.471227
0.53661 0 0.46339
0.543585 0 0.456415
0.554472 0 0.445528
0.566044 0 0.433956
0.195063 0 0.804937
0.195455 0 0.804545
0.195865 0 0.804135
0.196285 0 0.803715
0.196462 0 0.803538
0.196452 0 0.803548
0.196398 0 0.803602
0.196157 0 0.803843
0.196262 0 0.803738
0.196381 0 0.803619
0.196622 0 0.803378
0.196969 0 0.803031
0.197112 0 0.802888
0.19731 0 0.80269
0.197575 0 0.802425
0.197811 0 0.802189
0.198171 0 0.801829
0.198666 0 0.801334
0.199108 0 0.800892
0.199637 0 0.800363
0.200225 0 0.799775
0.200655 0 0.799345
0.201036 0 0.798964
0.201417 0 0.798583
0.201695 0 0.798305
0.202213 0 0.797787
0.202845 0 0.797155
0.20391 0 0.79609
0.205117 0 0.794883
0.206814 0 0.793186
0.209633 0 0.790367
0.210624 0 0.789376
0.211669 0 0.788331
0.21264 0 0.78736
0.213588 0 0.786412
0.214137 0 0.785863
0.214604 0 0.785396
0.215044 0 0.784956
0.215511 0 0.784489
0.215986 0 0.784014
0.21661 0 0.78339
0.217424 0 0.782576
0.2187 0 0.7813
0.219947 0 0.780053
0.220692 0 0.779308
0.221343 0 0.778657
0.222079 0 0.777921
0.106697 0 0.893303
0.106619 0 0.893381
0.107076 0 0.892924
0.10494 0 0.89506
0.104891 0 0.895109
0.104847 0 0.895153
0.104808 0 0.895192
0.104775 0 0.895225
0.104747 0 0.895253
0.104724 0 0.895276
0.104706 0 0.895294
0.104693 0 0.895307
0.104685 0 0.895315
0.104683 0 0.895317
0.104685 0 0.895315
0.104693 0 0.895307
0.0586544 0 0.941346
0.0561136 0 0.943886
0.0537837 0 0.946216
0.0516396 0 0.94836
0.0496604 0 0.95034
0.0478273 0 0.952173
0.0475192 0 0.952481
0.047578 0 0.952422
0.0476391 0 0.952361
0.0477026 0 0.952297
0.0477684 0 0.952232
0.0478367 0 0.952163
0.0479075 0 0.952093
0.0479806 0 0.952019
0.0480563 0 0.951944
0.0481345 0 0.951865
0.0482152 0 0.951785
0.0482985 0 0.951702
0.0483843 0 0.951616
0.0484726 0 0.951527
0.0485637 0 0.951436
0.0486572 0 0.951343
0.0487535 0 0.951247
0.0488524 0 0.951148
0.0489541 0 0.951046
0.0490583 0 0.950942
0.275966 0 0.724034
0.276327 0 0.723673
0.276676 0 0.723324
0.276967 0 0.723033
0.277332 0 0.722668
0.277248 0 0.722752
0.276756 0 0.723244
0.277492 0 0.722508
0.2786 0 0.7214
0.280418 0 0.719582
0.282668 0 0.717332
0.284913 0 0.715087
0.287762 0 0.712238
0.249908 0 0.750093
0.24465 0 0.75535
0.241124 0 0.758876
0.240235 0 0.759765
0.239161 0 0.760839
0.226299 0 0.773701
0.226031 0 0.773969
0.225344 0 0.774656
0.226407 0 0.773593
0.227902 0 0.772098
0.228667 0 0.771333
0.229423 0 0.770577
0.231093 0 0.768907
0.23284 0 0.76716
0.252569 0 0.747431
0.258038 0 0.741962
0.267573 0 0.732427
0.489206 0 0.510794
0.421085 0 0.578915
0.416895 0 0.583105
0.416336 0 0.583664
0.415799 0 0.584201
0.415885 0 0.584115
0.424141 0 0.575858
0.430634 0 0.569366
0.492232 0 0.507768
0.521677 0 0.478323
0.524216 0 0.475784
0.5274 0 0.4726
0.530245 0 0.469755
0.532973 0 0.467027
0.535509 0 0.464491
0.537481 0 0.462519
0.464051 0 0.535949
0.461663 0 0.538337
0.461504 0 0.538496
0.462917 0 0.537083
0.466258 0 0.533742
0.208037 0 0.791963
0.206393 0 0.793607
0.209462 0 0.790537
0.241004 0 0.758996
0.240961 0 0.759039
0.510259 0 0.489741
0.522696 0 0.477304
0.536145 0 0.463855
0.540948 0 0.459052
0.533032 0 0.466968
0.533409 0 0.466591
 ] }
}
