# Real Time: 845.617
# Simulation Time: 22
# Radar Position: 872.453 -232.24 3.23447
# Radar Quat: 0.00203632 0.00543436 0.829473 0.558517
PointSet {
 coord Coordinate { point [
820.73 -260.256 4.64668
821.374 -260.369 4.63904
822.008 -260.481 4.6316
821.997 -260.952 4.642
821.905 -261.473 4.65483
821.812 -262.001 4.66788
821.718 -262.536 4.68114
821.623 -263.077 4.69463
821.526 -263.624 4.70834
843.027 -271.648 4.63645
843.456 -271.645 4.63221
843.88 -271.643 4.62807
844.3 -271.64 4.62401
844.715 -271.638 4.62005
845.126 -271.635 4.61617
845.534 -271.633 4.61239
845.937 -271.63 4.60868
846.337 -271.628 4.60506
846.733 -271.625 4.60152
847.125 -271.623 4.59807
847.513 -271.621 4.59469
847.767 -271.83 4.59867
847.77 -272.448 4.61672
847.774 -273.08 4.63523
847.778 -273.726 4.65422
856.465 -271.938 4.54299
868.555 -242.294 3.56631
868.624 -242.324 3.56693
868.694 -242.355 3.56755
868.93 -241.926 3.55317
868.996 -241.955 3.55379
869.062 -241.984 3.55442
869.129 -242.013 3.55506
869.042 -242.507 3.57086
869.111 -242.538 3.57155
869.181 -242.569 3.57226
869.251 -242.599 3.57299
869.321 -242.63 3.57372
869.392 -242.661 3.57447
869.601 -242.204 3.55941
869.668 -242.234 3.56014
869.736 -242.263 3.56089
869.803 -242.293 3.56166
869.745 -242.817 3.57841
869.816 -242.848 3.57923
868.512 -248.602 3.76508
868.62 -248.658 3.76663
868.616 -249.211 3.78425
868.612 -249.8 3.80305
868.608 -250.43 3.82316
868.603 -251.104 3.84471
868.598 -251.828 3.86788
863.563 -285.252 4.94435
866.39 -290.757 5.12146
872.009 -237.184 3.39546
868.711 -286.938 5.00027
821.378 -260.37 4.43527
822.011 -260.481 4.42957
821.997 -260.954 4.43922
821.905 -261.476 4.45086
821.812 -262.004 4.4627
821.717 -262.538 4.47473
821.622 -263.079 4.48695
821.526 -263.627 4.49938
843.031 -271.645 4.46442
843.459 -271.643 4.46108
843.883 -271.64 4.45782
844.303 -271.638 4.45463
844.718 -271.635 4.45151
845.13 -271.633 4.44847
845.537 -271.63 4.44549
845.94 -271.628 4.44259
846.34 -271.625 4.43975
846.736 -271.623 4.43698
847.128 -271.621 4.43427
847.516 -271.618 4.43163
847.767 -271.832 4.4356
847.77 -272.45 4.45182
847.774 -273.082 4.46845
847.778 -273.729 4.48551
856.466 -271.938 4.39332
868.57 -242.256 3.5274
868.639 -242.286 3.52799
868.867 -241.887 3.51613
868.934 -241.916 3.51671
869 -241.944 3.51729
869.067 -241.972 3.51788
869.133 -242.001 3.51848
869.2 -242.029 3.51909
869.124 -242.499 3.53246
869.194 -242.53 3.53314
869.264 -242.56 3.53383
869.333 -242.591 3.53453
869.536 -242.167 3.52213
869.604 -242.196 3.5228
869.671 -242.224 3.52348
869.739 -242.253 3.52417
869.806 -242.282 3.52487
869.874 -242.311 3.52558
869.826 -242.807 3.53973
868.513 -248.599 3.70605
868.62 -248.658 3.70758
868.616 -249.211 3.72332
868.612 -249.8 3.74011
868.608 -250.43 3.75807
868.603 -251.104 3.77731
868.598 -251.828 3.79799
863.565 -285.243 4.75613
866.39 -290.762 4.9159
872.009 -237.183 3.37793
868.711 -286.947 4.80881
822.014 -260.482 4.2276
821.996 -260.957 4.23646
821.904 -261.479 4.24692
821.811 -262.007 4.25754
821.717 -262.541 4.26834
821.622 -263.082 4.2793
821.525 -263.629 4.29044
843.035 -271.643 4.29246
843.463 -271.64 4.29002
843.887 -271.637 4.28764
844.306 -271.635 4.28531
844.722 -271.633 4.28304
845.133 -271.63 4.28082
845.54 -271.628 4.27866
845.943 -271.625 4.27655
846.343 -271.623 4.2745
846.739 -271.621 4.27249
847.131 -271.618 4.27054
847.519 -271.616 4.26863
847.767 -271.834 4.27256
847.77 -272.452 4.28695
847.774 -273.084 4.3017
847.778 -273.731 4.31682
856.467 -271.939 4.2437
868.229 -242.917 3.50667
868.647 -242.056 3.48466
868.715 -242.086 3.48523
868.868 -241.887 3.48002
868.934 -241.915 3.48058
869 -241.943 3.48115
869.067 -241.972 3.48172
869.134 -242 3.48231
869.2 -242.029 3.4829
869.191 -242.294 3.48947
869.259 -242.324 3.4901
869.327 -242.354 3.49075
869.396 -242.384 3.4914
869.537 -242.166 3.48582
869.604 -242.195 3.48646
869.671 -242.224 3.48711
869.739 -242.253 3.48776
869.806 -242.281 3.48843
869.874 -242.31 3.4891
869.879 -242.596 3.49623
868.513 -248.597 3.64706
868.62 -248.659 3.64856
868.616 -249.212 3.66241
868.612 -249.801 3.67719
868.608 -250.431 3.69299
868.603 -251.105 3.70992
868.598 -251.829 3.72812
868.593 -252.608 3.74772
863.567 -285.235 4.56806
865.272 -276.978 4.36062
866.39 -290.767 4.71037
872.009 -237.182 3.36042
868.71 -286.958 4.61739
821.996 -260.96 4.03371
821.904 -261.481 4.04298
821.811 -262.009 4.0524
821.716 -262.544 4.06195
821.621 -263.085 4.07166
821.525 -263.632 4.08151
841.176 -271.78 4.1301
841.625 -271.778 4.12837
842.068 -271.775 4.12669
842.293 -272.056 4.13144
843.038 -271.64 4.12055
843.466 -271.637 4.11901
843.89 -271.635 4.1175
844.31 -271.632 4.11604
844.725 -271.63 4.11461
845.136 -271.628 4.11323
845.543 -271.625 4.11188
845.947 -271.623 4.11057
846.346 -271.621 4.10929
846.742 -271.618 4.10805
847.134 -271.616 4.10685
847.522 -271.614 4.10568
847.767 -271.837 4.10952
847.77 -272.455 4.12208
847.774 -273.087 4.13496
847.778 -273.733 4.14815
856.468 -271.939 4.09409
868.233 -242.908 3.46623
868.654 -242.04 3.4474
868.801 -241.858 3.44338
868.868 -241.886 3.44392
868.934 -241.914 3.44447
869.001 -241.943 3.44502
869.067 -241.971 3.44558
869.134 -242 3.44614
869.201 -242.028 3.44671
869.268 -242.057 3.44729
869.266 -242.302 3.45254
869.334 -242.331 3.45314
869.47 -242.137 3.44893
869.537 -242.166 3.44953
869.604 -242.194 3.45014
869.672 -242.223 3.45075
869.739 -242.252 3.45137
869.807 -242.281 3.45199
869.875 -242.31 3.45263
869.942 -242.339 3.45327
869.956 -242.596 3.45884
868.62 -248.659 3.58954
868.616 -249.212 3.60151
868.612 -249.802 3.61427
868.608 -250.431 3.62792
868.603 -251.106 3.64255
868.599 -251.83 3.65826
868.593 -252.609 3.67519
863.569 -285.229 4.38009
865.278 -276.942 4.20146
866.39 -290.773 4.50484
872.009 -237.18 3.34291
868.71 -286.971 4.42595
872.137 -290.8 4.51792
821.903 -261.484 3.83906
821.81 -262.012 3.84726
821.716 -262.547 3.85559
821.621 -263.088 3.86403
821.524 -263.635 3.8726
841.18 -271.778 3.95389
841.629 -271.775 3.95314
842.072 -271.772 3.95242
842.609 -271.64 3.94937
843.042 -271.637 3.9487
843.47 -271.635 3.94805
843.894 -271.632 3.94742
844.313 -271.63 3.94682
844.728 -271.628 3.94624
845.14 -271.625 3.94568
845.547 -271.623 3.94515
845.95 -271.62 3.94463
846.349 -271.618 3.94414
846.745 -271.616 3.94367
847.137 -271.613 3.94322
847.525 -271.611 3.94278
847.767 -271.839 3.9465
847.771 -272.457 3.95724
847.774 -273.089 3.96823
847.778 -273.736 3.9795
856.469 -271.939 3.94452
868.237 -242.898 3.42586
868.654 -242.04 3.41054
868.802 -241.857 3.4073
868.868 -241.885 3.40783
868.935 -241.914 3.40836
869.001 -241.942 3.4089
869.068 -241.971 3.40944
869.134 -241.999 3.40999
869.201 -242.028 3.41054
869.268 -242.056 3.41109
869.266 -242.301 3.41552
869.335 -242.33 3.4161
869.47 -242.136 3.41268
869.538 -242.165 3.41325
869.605 -242.194 3.41382
869.672 -242.222 3.4144
869.74 -242.251 3.41499
869.807 -242.28 3.41557
869.875 -242.309 3.41617
869.943 -242.338 3.41677
869.956 -242.596 3.42148
868.62 -248.66 3.53053
868.616 -249.213 3.54061
868.612 -249.803 3.55137
868.608 -250.432 3.56286
868.604 -251.107 3.57518
868.599 -251.831 3.58841
868.593 -252.61 3.60266
863.571 -285.223 4.19222
865.282 -276.922 4.04285
866.39 -290.779 4.29932
872.009 -237.179 3.32541
868.71 -286.984 4.23448
872.138 -290.794 4.31318
872.533 -281.955 4.15144
821.81 -262.015 3.64214
821.715 -262.55 3.64923
821.62 -263.091 3.65641
821.524 -263.638 3.6637
841.184 -271.775 3.77774
841.633 -271.772 3.77797
842.076 -271.77 3.7782
842.613 -271.637 3.77665
843.046 -271.635 3.77689
843.474 -271.632 3.77714
843.898 -271.63 3.7774
844.317 -271.627 3.77766
844.732 -271.625 3.77792
845.143 -271.623 3.77819
845.55 -271.62 3.77847
845.953 -271.618 3.77875
846.352 -271.616 3.77904
846.748 -271.613 3.77933
847.14 -271.611 3.77963
847.528 -271.609 3.77993
847.767 -271.842 3.78349
847.771 -272.46 3.7924
847.774 -273.092 3.80151
847.778 -273.738 3.81085
856.47 -271.939 3.79496
868.24 -242.889 3.38557
868.689 -241.951 3.37245
868.803 -241.856 3.37123
868.869 -241.885 3.37175
868.935 -241.913 3.37227
869.002 -241.942 3.37279
869.068 -241.97 3.37332
869.135 -241.998 3.37384
869.202 -242.027 3.37437
869.268 -242.055 3.3749
869.325 -242.118 3.37592
869.391 -242.15 3.37651
869.471 -242.136 3.37643
869.538 -242.164 3.37697
869.605 -242.193 3.37752
869.673 -242.222 3.37807
869.74 -242.251 3.37861
869.808 -242.279 3.37917
869.875 -242.308 3.37972
869.943 -242.337 3.38028
869.956 -242.595 3.38413
868.62 -248.661 3.47152
868.616 -249.214 3.47972
868.613 -249.803 3.48846
868.608 -250.433 3.4978
868.604 -251.108 3.50781
868.599 -251.832 3.51856
868.594 -252.611 3.53014
863.57 -281.035 3.94221
863.572 -285.218 4.00444
865.285 -276.908 3.88449
866.39 -290.786 4.09379
872.009 -237.178 3.30793
868.709 -286.999 4.04296
872.138 -290.789 4.1085
872.534 -281.954 3.9777
872.94 -288.893 4.08241
821.715 -262.553 3.44286
821.62 -263.094 3.44879
821.523 -263.641 3.45479
840.735 -271.775 3.60042
841.188 -271.772 3.60163
841.637 -271.77 3.60283
842.08 -271.767 3.60402
842.617 -271.635 3.60397
843.049 -271.632 3.60513
843.477 -271.63 3.60627
843.901 -271.627 3.60741
844.32 -271.625 3.60853
844.735 -271.623 3.60964
845.146 -271.62 3.61074
845.553 -271.618 3.61182
845.956 -271.615 3.6129
846.356 -271.613 3.61397
846.751 -271.611 3.61503
847.143 -271.609 3.61607
847.531 -271.606 3.61711
847.767 -271.844 3.62047
847.771 -272.462 3.62755
847.774 -273.094 3.63479
847.778 -273.74 3.6422
856.47 -271.939 3.64542
868.244 -242.881 3.34536
868.691 -241.945 3.33588
868.803 -241.856 3.33517
868.869 -241.884 3.33568
868.936 -241.912 3.33619
869.002 -241.941 3.33669
869.069 -241.969 3.3372
869.135 -241.998 3.33771
869.202 -242.026 3.33822
869.269 -242.055 3.33873
869.325 -242.117 3.3396
869.391 -242.148 3.34013
869.471 -242.135 3.3402
869.538 -242.164 3.34071
869.606 -242.192 3.34122
869.673 -242.221 3.34174
869.74 -242.25 3.34225
869.808 -242.279 3.34277
869.876 -242.308 3.34328
869.944 -242.337 3.3438
869.957 -242.594 3.34678
868.62 -248.662 3.41251
868.617 -249.215 3.41882
868.613 -249.804 3.42555
868.608 -250.434 3.43274
868.604 -251.108 3.44044
868.599 -251.832 3.44871
868.594 -252.612 3.45761
863.573 -281.025 3.76879
863.574 -285.215 3.81671
865.287 -276.897 3.72628
866.39 -290.794 3.88824
872.009 -237.177 3.29045
868.709 -287.013 3.85136
872.139 -290.783 3.90388
872.534 -281.954 3.80399
872.941 -288.895 3.88449
873.176 -278.541 3.76672
821.619 -263.096 3.24114
821.523 -263.644 3.24585
840.739 -271.772 3.42335
841.192 -271.77 3.42556
841.64 -271.767 3.42773
842.084 -271.765 3.42987
842.621 -271.632 3.43133
843.053 -271.63 3.4334
843.481 -271.627 3.43544
843.905 -271.625 3.43745
844.324 -271.622 3.43943
844.739 -271.62 3.44139
845.15 -271.618 3.44331
845.557 -271.615 3.44521
845.96 -271.613 3.44708
846.359 -271.611 3.44893
846.754 -271.608 3.45075
847.146 -271.606 3.45255
847.534 -271.604 3.45433
847.767 -271.846 3.45745
847.771 -272.464 3.4627
847.774 -273.096 3.46806
847.778 -273.743 3.47353
856.471 -271.94 3.49588
868.248 -242.871 3.30521
868.694 -241.938 3.29936
868.803 -241.855 3.29912
868.87 -241.884 3.29961
868.942 -241.896 3.3
869.008 -241.925 3.30049
869.074 -241.954 3.30099
869.141 -241.982 3.30148
869.202 -242.026 3.30207
869.269 -242.054 3.30255
869.325 -242.117 3.30328
869.392 -242.146 3.30377
869.472 -242.134 3.30397
869.539 -242.163 3.30445
869.612 -242.171 3.30479
869.679 -242.201 3.30527
869.746 -242.23 3.30576
869.813 -242.259 3.30624
869.876 -242.307 3.30685
869.944 -242.336 3.30733
869.957 -242.594 3.30945
868.62 -248.662 3.3535
868.617 -249.216 3.35793
868.613 -249.805 3.36264
868.609 -250.435 3.36768
868.604 -251.109 3.37308
868.599 -251.833 3.37886
868.594 -252.613 3.38509
863.575 -281.019 3.59549
863.575 -285.212 3.62903
865.289 -276.889 3.56818
866.39 -290.802 3.68265
872.01 -237.176 3.27299
868.708 -287.029 3.65967
872.139 -290.778 3.69931
872.534 -281.954 3.63028
872.941 -288.898 3.68657
873.176 -278.54 3.6049
821.522 -263.647 3.0369
840.743 -271.77 3.24632
841.196 -271.767 3.24951
841.645 -271.765 3.25266
842.088 -271.762 3.25575
842.625 -271.63 3.25871
843.057 -271.627 3.26169
843.485 -271.625 3.26463
843.908 -271.622 3.26752
844.327 -271.62 3.27036
844.742 -271.618 3.27316
845.153 -271.615 3.27591
845.56 -271.613 3.27862
845.963 -271.611 3.28129
846.362 -271.608 3.28392
846.758 -271.606 3.2865
847.149 -271.604 3.28905
847.538 -271.602 3.29156
847.767 -271.849 3.2944
847.771 -272.467 3.29783
847.774 -273.099 3.30131
847.778 -273.746 3.30485
856.472 -271.94 3.34634
868.303 -242.733 3.26476
868.697 -241.931 3.26289
868.804 -241.855 3.26307
868.87 -241.883 3.26355
868.955 -241.86 3.26388
869.021 -241.889 3.26436
869.087 -241.918 3.26483
869.153 -241.947 3.2653
869.203 -242.025 3.26592
869.27 -242.053 3.26639
869.326 -242.117 3.26696
869.393 -242.144 3.26742
869.472 -242.134 3.26774
869.539 -242.162 3.2682
869.622 -242.136 3.26846
869.689 -242.164 3.2689
869.756 -242.193 3.26935
869.823 -242.222 3.26979
869.876 -242.306 3.27042
869.944 -242.335 3.27086
869.957 -242.593 3.27211
868.621 -248.663 3.29448
868.617 -249.216 3.29702
868.613 -249.806 3.29973
868.609 -250.436 3.30262
868.604 -251.11 3.3057
868.599 -251.835 3.309
868.594 -252.614 3.31256
863.576 -281.014 3.42224
863.576 -285.21 3.44137
865.291 -276.884 3.41015
866.39 -290.81 3.477
872.01 -237.175 3.25553
868.708 -287.045 3.46788
872.14 -290.772 3.49477
872.535 -281.953 3.45658
872.942 -288.902 3.48863
873.176 -278.539 3.44309
840.748 -271.767 3.06931
841.201 -271.765 3.0735
841.649 -271.762 3.07761
842.092 -271.76 3.08166
842.629 -271.627 3.08612
843.061 -271.625 3.09002
843.489 -271.622 3.09385
843.912 -271.62 3.09762
844.331 -271.617 3.10132
844.746 -271.615 3.10496
845.157 -271.613 3.10854
845.564 -271.61 3.11206
845.966 -271.608 3.11553
846.366 -271.606 3.11893
846.761 -271.604 3.12228
847.153 -271.601 3.12558
847.541 -271.599 3.12882
847.767 -271.851 3.13135
847.771 -272.469 3.13294
847.774 -273.102 3.13454
847.778 -273.748 3.13616
856.473 -271.94 3.19681
868.307 -242.723 3.22524
868.7 -241.924 3.22647
868.804 -241.854 3.22703
868.871 -241.882 3.2275
868.957 -241.856 3.228
869.023 -241.884 3.22846
869.089 -241.912 3.22892
869.155 -241.94 3.22937
869.203 -242.024 3.22978
869.27 -242.053 3.23023
869.326 -242.116 3.23065
869.394 -242.143 3.23108
869.472 -242.133 3.23153
869.54 -242.162 3.23195
869.623 -242.135 3.23238
869.69 -242.162 3.23279
869.757 -242.191 3.2332
869.824 -242.22 3.2336
869.877 -242.306 3.234
869.945 -242.335 3.23439
869.958 -242.592 3.23479
868.621 -248.664 3.23546
868.617 -249.217 3.23612
868.613 -249.807 3.23681
868.609 -250.437 3.23755
868.604 -251.111 3.23832
868.599 -251.836 3.23914
868.594 -252.615 3.24002
863.578 -281.011 3.24903
863.577 -285.209 3.25373
865.292 -276.88 3.25216
866.389 -290.819 3.2713
872.01 -237.173 3.23808
868.707 -287.062 3.27597
872.14 -290.767 3.29028
872.535 -281.953 3.28288
872.942 -288.906 3.29068
873.177 -278.538 3.28129
840.752 -271.765 2.89233
841.205 -271.762 2.89751
841.653 -271.759 2.9026
842.096 -271.757 2.9076
842.632 -271.625 2.91356
843.065 -271.622 2.91837
843.493 -271.62 2.9231
843.916 -271.617 2.92774
844.335 -271.615 2.9323
844.75 -271.613 2.93679
845.16 -271.61 2.94119
845.567 -271.608 2.94553
845.97 -271.606 2.94978
846.369 -271.603 2.95397
846.764 -271.601 2.95808
847.156 -271.599 2.96213
847.544 -271.597 2.96611
847.767 -271.854 2.96827
847.771 -272.472 2.96804
847.775 -273.104 2.96776
847.778 -273.751 2.96745
856.474 -271.941 3.04727
868.311 -242.713 3.18579
868.703 -241.916 3.1901
868.805 -241.853 3.19099
868.871 -241.882 3.19145
868.958 -241.855 3.19215
869.024 -241.883 3.19259
869.09 -241.911 3.19303
869.156 -241.94 3.19346
869.204 -242.024 3.19365
869.271 -242.052 3.19407
869.326 -242.116 3.19434
869.394 -242.142 3.19476
869.473 -242.132 3.19531
869.54 -242.161 3.19571
869.623 -242.134 3.19631
869.69 -242.162 3.19669
869.757 -242.19 3.19707
869.824 -242.219 3.19743
869.877 -242.305 3.19758
869.945 -242.334 3.19794
869.958 -242.592 3.19747
868.621 -248.665 3.17643
868.617 -249.218 3.17521
868.613 -249.808 3.17389
868.609 -250.438 3.17247
868.604 -251.113 3.17093
868.599 -251.837 3.16927
868.594 -252.617 3.16747
863.579 -281.009 3.07584
863.578 -285.209 3.06609
865.293 -276.879 3.09419
866.389 -290.828 3.06554
872.01 -237.172 3.22064
868.707 -287.08 3.08395
872.141 -290.761 3.08583
872.536 -281.952 3.10919
872.943 -288.91 3.09269
873.177 -278.537 3.1195
840.756 -271.762 2.71538
841.209 -271.759 2.72155
841.657 -271.757 2.72761
842.1 -271.754 2.73356
842.636 -271.622 2.74103
843.069 -271.62 2.74675
843.496 -271.617 2.75237
843.92 -271.615 2.75789
844.339 -271.612 2.76331
844.753 -271.61 2.76864
845.164 -271.608 2.77387
845.571 -271.605 2.77901
845.973 -271.603 2.78407
846.372 -271.601 2.78903
846.768 -271.599 2.79391
847.159 -271.596 2.7987
847.547 -271.594 2.80341
847.767 -271.856 2.80518
847.771 -272.475 2.80311
847.775 -273.107 2.80096
847.778 -273.754 2.79871
856.475 -271.941 2.89773
868.315 -242.703 3.14641
868.706 -241.909 3.1538
868.805 -241.853 3.15496
868.872 -241.881 3.1554
868.958 -241.854 3.15629
869.024 -241.883 3.15672
869.09 -241.911 3.15714
869.156 -241.939 3.15755
869.204 -242.023 3.15752
869.271 -242.052 3.15792
869.327 -242.115 3.15804
869.395 -242.141 3.15844
869.473 -242.132 3.1591
869.54 -242.16 3.15947
869.623 -242.134 3.16024
869.691 -242.161 3.1606
869.758 -242.19 3.16093
869.825 -242.218 3.16126
869.878 -242.304 3.16117
869.945 -242.333 3.16148
869.959 -242.591 3.16015
868.621 -248.666 3.11739
868.617 -249.219 3.11428
868.613 -249.809 3.11095
868.609 -250.439 3.10738
868.604 -251.114 3.10353
868.6 -251.838 3.09939
868.594 -252.618 3.09491
863.58 -281.008 2.90265
863.579 -285.209 2.87845
865.294 -276.879 2.93621
866.389 -290.837 2.85971
872.01 -237.171 3.20321
868.707 -287.097 2.8918
872.142 -290.756 2.88142
872.536 -281.952 2.93549
872.944 -288.915 2.89467
873.178 -278.536 2.95772
826.42 -262.44 2.30064
826.707 -262.711 2.30639
826.801 -263.111 2.30818
827.14 -263.345 2.31491
826.609 -264.183 2.30389
824.953 -265.834 2.26998
824.595 -266.592 2.26233
824.698 -267.026 2.26399
824.241 -267.877 2.25421
840.76 -271.759 2.53845
841.213 -271.757 2.54561
841.841 -271.524 2.55662
842.114 -271.739 2.55976
842.293 -272.079 2.56075
842.296 -272.658 2.55772
842.3 -273.249 2.55459
845.53 -271.667 2.6115
845.953 -271.636 2.61781
845.659 -273.303 2.60355
846.005 -273.397 2.60786
847.132 -283.432 2.55413
856.476 -271.941 2.74819
868.319 -242.694 3.1071
868.709 -241.902 3.11754
868.806 -241.852 3.11893
868.872 -241.881 3.11936
868.959 -241.854 3.12044
869.025 -241.882 3.12085
869.091 -241.91 3.12126
869.157 -241.939 3.12165
869.205 -242.023 3.12139
869.271 -242.051 3.12177
869.327 -242.115 3.12173
869.391 -242.153 3.12198
869.474 -242.131 3.1229
869.541 -242.16 3.12323
869.624 -242.133 3.12418
869.691 -242.16 3.1245
869.758 -242.189 3.12481
869.825 -242.218 3.1251
869.878 -242.304 3.12476
869.946 -242.333 3.12503
869.959 -242.59 3.12284
868.621 -248.667 3.05835
868.617 -249.221 3.05335
868.613 -249.81 3.04801
868.609 -250.44 3.04228
868.605 -251.115 3.03613
868.6 -251.84 3.0295
868.595 -252.619 3.02234
863.581 -281.007 2.72946
863.58 -285.211 2.69078
865.294 -276.882 2.77821
866.915 -282.335 2.73634
866.389 -290.846 2.6538
872.01 -237.17 3.18578
868.706 -287.115 2.69951
872.143 -290.75 2.67703
872.537 -281.952 2.7618
872.944 -288.92 2.69661
873.178 -278.535 2.79593
875.46 -284.413 2.7446
829.556 -260.813 2.18412
829.518 -261.274 2.18224
829.555 -261.687 2.18212
829.584 -262.111 2.18172
829.629 -262.525 2.18168
829.621 -262.982 2.18024
829.668 -263.404 2.18006
829.574 -263.934 2.17635
829.428 -264.509 2.17126
829.136 -265.203 2.16249
828.639 -266.068 2.1485
828.519 -266.654 2.14376
828.51 -267.159 2.14171
827.922 -268.137 2.1251
840.765 -271.757 2.36153
841.217 -271.754 2.36968
841.903 -271.447 2.38429
842.176 -271.661 2.38743
842.293 -272.081 2.38613
842.923 -271.82 2.39922
843.353 -271.818 2.40666
843.534 -272.153 2.40698
843.866 -272.28 2.41156
844.288 -272.278 2.41869
844.705 -272.275 2.4257
845.64 -271.51 2.44785
846.002 -271.565 2.45333
846.185 -271.889 2.45342
846.336 -272.266 2.45247
847.141 -271.63 2.47115
847.145 -272.236 2.46564
847.148 -272.856 2.45996
847.152 -273.49 2.45408
846.754 -283.299 2.35081
847.279 -283.137 2.35966
847.783 -283.008 2.36782
847.988 -283.495 2.3654
848.137 -284.111 2.3608
856.477 -271.942 2.59863
868.324 -242.683 3.06788
868.644 -242.073 3.07851
868.806 -241.852 3.0829
868.873 -241.88 3.08332
868.959 -241.853 3.08459
869.025 -241.881 3.08499
869.091 -241.91 3.08538
869.157 -241.938 3.08575
869.205 -242.022 3.08527
869.272 -242.05 3.08562
869.259 -242.332 3.08216
869.328 -242.361 3.0825
869.474 -242.131 3.08669
869.541 -242.159 3.087
869.624 -242.132 3.08812
869.691 -242.16 3.08841
869.759 -242.188 3.08868
869.826 -242.217 3.08894
869.878 -242.303 3.08835
869.946 -242.332 3.08859
869.951 -242.624 3.08504
868.621 -248.668 2.99929
868.617 -249.222 2.99241
868.613 -249.811 2.98505
868.609 -250.442 2.97717
868.605 -251.116 2.9687
868.6 -251.841 2.95959
868.595 -252.621 2.94976
863.582 -281.007 2.55626
863.58 -285.215 2.50307
865.294 -276.887 2.62013
871.909 -237.138 3.16824
866.389 -290.856 2.44782
872.011 -237.169 3.16836
868.706 -287.134 2.50708
872.143 -290.745 2.47267
872.537 -281.951 2.58809
872.945 -288.925 2.49849
873.179 -278.533 2.63415
875.46 -284.408 2.56206
842.326 -252.602 2.36908
842.271 -252.948 2.36618
842.218 -253.297 2.36325
842.165 -253.649 2.36028
842.114 -254.005 2.35726
842.063 -254.365 2.3542
842.014 -254.728 2.3511
841.965 -255.095 2.34796
841.918 -255.466 2.34477
841.872 -255.84 2.34154
841.827 -256.218 2.33826
841.783 -256.6 2.33494
841.741 -256.986 2.33157
841.699 -257.376 2.32815
841.659 -257.77 2.32468
841.621 -258.168 2.32116
841.583 -258.57 2.3176
841.547 -258.976 2.31398
841.512 -259.387 2.31031
841.479 -259.802 2.30659
841.447 -260.221 2.30282
832.165 -275.867 1.96412
832.492 -276.123 1.96886
832.714 -276.497 1.97016
832.961 -276.845 1.97212
833.185 -277.221 1.97329
833.534 -277.455 1.97836
834.081 -277.453 1.98981
834.827 -277.207 2.00771
835.302 -277.275 2.01682
835.676 -277.462 2.02255
836.274 -277.366 2.03567
836.724 -277.447 2.04389
841.909 -271.441 2.21079
842.182 -271.655 2.21391
838.069 -277.671 2.06815
842.927 -271.818 2.22674
843.357 -271.815 2.23509
843.534 -272.155 2.2347
838.174 -280.981 2.03332
845.651 -271.495 2.28205
846.011 -271.556 2.28796
846.197 -271.874 2.28759
846.339 -272.264 2.28553
847.141 -271.632 2.30748
847.145 -272.239 2.30019
847.148 -272.859 2.29268
847.152 -273.493 2.28493
846.376 -283.165 2.14704
846.904 -283.005 2.15733
847.425 -282.846 2.1674
847.79 -282.997 2.17082
848.119 -283.223 2.17261
848.269 -283.834 2.16637
848.421 -284.455 2.15995
856.478 -271.942 2.44905
868.277 -242.802 3.02619
868.621 -242.133 3.04038
868.807 -241.851 3.04687
868.873 -241.879 3.04728
868.949 -241.88 3.04821
869.016 -241.908 3.0486
869.082 -241.936 3.04898
869.149 -241.964 3.04935
869.206 -242.021 3.04915
869.272 -242.05 3.04948
869.239 -242.397 3.04384
869.308 -242.426 3.04415
869.462 -242.171 3.04973
869.542 -242.158 3.05077
869.615 -242.164 3.05146
869.683 -242.192 3.05171
869.75 -242.221 3.05195
869.817 -242.249 3.05218
869.879 -242.302 3.05195
869.946 -242.331 3.05214
869.934 -242.694 3.04634
868.621 -248.669 2.94022
868.618 -249.223 2.93146
868.614 -249.813 2.92208
868.609 -250.443 2.91205
868.605 -251.117 2.90127
868.6 -251.842 2.88967
868.595 -252.622 2.87716
863.583 -281.007 2.38303
863.58 -285.219 2.3153
865.294 -276.896 2.46195
871.908 -237.144 3.15078
866.389 -290.866 2.24174
872.011 -237.168 3.15095
868.705 -287.153 2.3145
872.144 -290.739 2.26833
872.538 -281.951 2.41437
872.946 -288.931 2.30032
873.179 -278.532 2.47235
875.46 -284.403 2.37954
846.014 -250.376 2.36178
845.989 -250.667 2.35919
845.965 -250.96 2.35656
845.942 -251.255 2.35391
845.921 -251.553 2.35122
845.9 -251.853 2.3485
845.881 -252.156 2.34574
845.863 -252.461 2.34295
845.847 -252.769 2.34013
845.832 -253.079 2.33727
845.818 -253.392 2.33438
845.806 -253.707 2.33145
845.795 -254.025 2.32848
845.785 -254.346 2.32548
845.777 -254.669 2.32245
845.77 -254.995 2.31937
845.765 -255.324 2.31626
845.761 -255.655 2.31311
845.759 -255.989 2.30992
845.759 -256.326 2.30669
845.76 -256.665 2.30343
845.763 -257.008 2.30012
845.768 -257.353 2.29677
845.774 -257.701 2.29339
845.782 -258.052 2.28996
845.792 -258.406 2.28649
845.804 -258.763 2.28297
845.817 -259.122 2.27942
845.832 -259.485 2.27582
845.85 -259.851 2.27218
845.869 -260.22 2.26849
845.891 -260.591 2.26476
845.914 -260.966 2.26098
836.498 -271.724 1.90906
836.062 -272.768 1.88628
836.326 -273.044 1.8892
836.789 -273.091 1.89951
837.261 -273.124 1.9101
837.622 -273.28 1.91652
837.818 -273.632 1.9166
837.662 -274.414 1.90308
839.251 -273.064 1.95643
839.632 -273.176 1.96355
839.884 -273.448 1.96558
841.864 -271.502 2.03528
842.137 -271.717 2.03838
838.455 -277.163 1.88432
841.758 -273.389 2.00738
842.09 -273.543 2.01235
839.492 -277.744 1.89851
839.563 -278.32 1.89192
839.078 -279.698 1.86218
839.759 -279.426 1.88021
845.596 -271.578 2.11358
845.981 -271.602 2.12108
846.139 -271.964 2.11893
845.743 -273.181 2.09298
846.068 -273.307 2.09753
842.886 -278.98 1.94962
843.314 -279.023 1.95729
843.965 -278.697 1.9748
844.4 -278.713 1.98285
844.791 -278.798 1.9889
844.935 -279.301 1.98374
845.237 -279.539 1.98558
846.441 -278.184 2.02912
846.929 -278.066 2.03984
847.32 -278.115 2.04606
847.619 -278.33 2.04788
847.874 -278.63 2.04746
848.128 -278.936 2.04687
846.436 -283.05 1.95002
849.656 -277.535 2.09611
850.143 -277.35 2.10734
847.797 -282.987 1.97388
848.149 -283.164 1.97665
848.399 -283.559 1.97399
848.551 -284.175 1.96593
853.185 -276.52 2.17012
854.237 -275.754 2.19936
854.665 -275.58 2.20874
856.479 -271.943 2.29946
868.281 -242.793 2.98661
868.621 -242.132 3.0032
868.69 -242.161 3.00363
868.874 -241.879 3.01125
868.94 -241.907 3.01163
869.006 -241.935 3.012
869.073 -241.964 3.01236
869.139 -241.992 3.0127
869.206 -242.021 3.01302
869.17 -242.367 3.0062
869.239 -242.396 3.0065
869.308 -242.426 3.00679
869.377 -242.455 3.00706
869.542 -242.158 3.01454
869.609 -242.187 3.01477
869.676 -242.215 3.01499
869.744 -242.244 3.01519
869.811 -242.273 3.01537
869.879 -242.302 3.01554
869.865 -242.663 3.00851
869.935 -242.693 3.00865
868.621 -248.67 2.88114
868.618 -249.224 2.87049
868.614 -249.813 2.8591
868.609 -250.444 2.84691
868.605 -251.119 2.83382
868.602 -251.832 2.81997
868.595 -252.623 2.80454
863.584 -281.008 2.20978
865.3 -273.188 2.37641
863.58 -285.225 2.12743
865.292 -276.909 2.30359
871.877 -237.114 3.13379
871.911 -237.122 3.13384
871.945 -237.13 3.13389
871.979 -237.139 3.13392
872.013 -237.147 3.13395
868.704 -287.172 2.12176
872.144 -290.734 2.064
872.538 -281.951 2.24063
872.946 -288.937 2.10207
873.179 -278.531 2.31055
875.461 -284.398 2.19703
848.924 -248.619 2.35603
848.918 -248.869 2.35368
848.913 -249.121 2.3513
848.91 -249.374 2.3489
848.907 -249.629 2.34648
848.906 -249.885 2.34402
848.907 -250.143 2.34155
848.908 -250.403 2.33904
848.911 -250.665 2.33651
848.915 -250.929 2.33395
848.921 -251.194 2.33136
848.928 -251.461 2.32874
848.936 -251.73 2.3261
848.946 -252.001 2.32342
848.958 -252.273 2.32072
848.971 -252.547 2.31799
848.985 -252.823 2.31523
849.001 -253.101 2.31244
849.019 -253.381 2.30962
849.038 -253.662 2.30677
849.059 -253.946 2.30389
849.081 -254.231 2.30098
849.105 -254.518 2.29804
849.131 -254.807 2.29507
849.158 -255.098 2.29207
849.188 -255.391 2.28903
849.219 -255.686 2.28596
849.252 -255.982 2.28286
849.286 -256.281 2.27973
849.323 -256.581 2.27657
849.361 -256.883 2.27337
849.402 -257.187 2.27014
849.444 -257.494 2.26687
849.488 -257.802 2.26357
849.535 -258.112 2.26024
849.583 -258.424 2.25687
849.633 -258.737 2.25347
849.686 -259.053 2.25003
849.741 -259.371 2.24656
849.798 -259.691 2.24305
849.857 -260.012 2.23951
849.918 -260.336 2.23593
849.981 -260.661 2.23231
850.047 -260.989 2.22866
850.116 -261.318 2.22497
842.762 -271.47 1.88335
843.048 -271.662 1.88696
843.219 -272.008 1.88523
843.474 -272.244 1.88723
843.834 -272.333 1.89403
844.079 -272.583 1.89538
843.922 -273.415 1.87752
844.16 -273.688 1.87814
845.884 -271.75 1.95047
844.735 -274.089 1.88386
845.066 -274.223 1.88875
845.985 -273.439 1.92272
845.903 -274.209 1.90708
845.865 -274.927 1.89325
844.319 -278.123 1.80225
844.697 -278.223 1.80832
845.166 -278.169 1.81901
845.628 -278.118 1.82941
846.22 -277.832 1.84677
846.671 -277.782 1.85676
847.082 -277.794 1.86467
847.539 -277.718 1.87511
848.042 -277.549 1.88811
848.486 -277.477 1.89803
848.896 -277.464 1.90606
849.493 -277.08 1.92476
849.976 -276.901 1.93726
850.483 -276.665 1.95121
850.939 -276.517 1.96243
851.345 -276.465 1.97072
851.744 -276.42 1.97867
852.148 -276.358 1.98698
852.595 -276.192 1.99806
853.196 -275.667 2.01899
853.62 -275.523 2.02907
854.045 -275.368 2.0393
854.476 -275.186 2.05011
854.907 -274.992 2.0611
856.48 -271.943 2.14984
868.286 -242.783 2.9471
868.622 -242.132 2.96602
868.699 -242.138 2.96705
868.874 -241.878 2.97521
868.94 -241.906 2.97558
869.007 -241.935 2.97594
869.073 -241.963 2.97628
869.14 -241.992 2.9766
869.206 -242.02 2.9769
869.177 -242.346 2.96942
869.24 -242.395 2.96917
869.309 -242.425 2.96943
869.378 -242.454 2.96967
869.533 -242.189 2.97748
869.61 -242.186 2.97851
869.677 -242.215 2.97869
869.744 -242.243 2.97886
869.812 -242.272 2.97901
869.879 -242.301 2.97914
869.865 -242.662 2.97087
869.935 -242.692 2.97097
868.621 -248.671 2.82205
868.618 -249.225 2.8095
868.62 -249.785 2.79684
868.616 -250.413 2.78254
868.61 -251.094 2.76698
868.6 -251.844 2.74978
868.595 -252.625 2.73191
863.821 -279.708 2.06841
864.123 -279.937 2.06585
864.421 -280.205 2.06225
865.289 -276.934 2.14484
865.025 -280.749 2.05473
865.331 -281.024 2.05079
865.64 -281.302 2.04673
865.949 -281.611 2.04186
871.877 -237.113 3.11652
871.911 -237.121 3.11656
871.945 -237.129 3.11658
871.979 -237.138 3.1166
872.013 -237.146 3.11661
868.704 -287.191 1.92885
872.145 -290.728 1.85969
872.539 -281.951 2.06687
872.947 -288.943 1.90375
873.18 -278.53 2.14873
875.461 -284.393 2.01452
851.28 -247.198 2.35137
851.286 -247.416 2.34922
851.294 -247.635 2.34706
851.303 -247.856 2.34487
851.314 -248.078 2.34266
851.325 -248.301 2.34043
851.338 -248.526 2.33818
851.352 -248.751 2.3359
851.368 -248.978 2.3336
851.385 -249.207 2.33128
851.403 -249.436 2.32894
851.422 -249.667 2.32658
851.443 -249.898 2.32419
851.466 -250.132 2.32178
851.489 -250.366 2.31935
851.515 -250.602 2.31689
851.541 -250.838 2.31441
851.57 -251.077 2.31191
851.599 -251.316 2.30939
851.63 -251.557 2.30684
851.663 -251.798 2.30426
851.697 -252.042 2.30166
851.733 -252.286 2.29904
851.771 -252.532 2.29639
851.81 -252.778 2.29372
851.851 -253.026 2.29103
851.893 -253.276 2.2883
851.937 -253.526 2.28556
851.983 -253.778 2.28279
852.031 -254.031 2.27999
852.08 -254.286 2.27717
852.131 -254.541 2.27432
852.184 -254.798 2.27145
852.239 -255.056 2.26855
852.295 -255.315 2.26562
852.354 -255.575 2.26267
852.414 -255.837 2.25969
852.476 -256.1 2.25669
852.54 -256.364 2.25366
852.607 -256.629 2.2506
852.675 -256.895 2.24752
852.745 -257.163 2.2444
852.817 -257.432 2.24127
852.891 -257.701 2.2381
852.968 -257.972 2.23491
853.046 -258.244 2.23169
853.127 -258.518 2.22844
853.21 -258.792 2.22517
853.295 -259.067 2.22187
853.382 -259.344 2.21854
853.462 -259.635 2.21467
853.411 -260.124 2.20352
853.358 -260.626 2.19202
853.304 -261.141 2.18014
853.248 -261.67 2.16788
847.508 -271.069 1.83679
847.705 -271.361 1.83525
847.967 -271.551 1.83731
848.218 -271.761 1.83863
848.529 -271.872 1.84331
848.099 -273.23 1.8044
848.346 -273.468 1.80476
848.538 -273.803 1.80168
848.836 -273.957 1.80477
849.05 -274.26 1.80271
849.647 -273.87 1.82406
849.619 -274.622 1.80672
848.789 -276.908 1.73812
849.26 -276.767 1.75099
849.771 -276.539 1.76658
850.311 -276.239 1.78428
850.819 -275.987 1.80018
851.243 -275.894 1.81062
851.71 -275.703 1.82412
852.178 -275.496 1.8379
852.533 -275.523 1.844
853.006 -275.284 1.85844
853.421 -275.161 1.869
853.846 -275.008 1.88035
854.315 -274.738 1.89518
854.81 -274.39 1.91228
855.165 -274.365 1.9191
856.481 -271.943 2.0002
868.29 -242.773 2.90766
868.64 -242.086 2.93024
868.708 -242.115 2.93065
868.776 -242.144 2.93104
868.931 -241.934 2.93866
868.997 -241.962 2.93902
869.064 -241.99 2.93935
869.131 -242.019 2.93966
869.118 -242.29 2.93269
869.186 -242.319 2.93296
869.255 -242.348 2.93321
869.323 -242.378 2.93345
869.392 -242.407 2.93366
869.461 -242.436 2.93385
869.6 -242.22 2.94122
869.668 -242.249 2.94137
869.735 -242.278 2.94151
869.803 -242.306 2.94163
869.808 -242.584 2.93453
869.877 -242.614 2.9346
869.944 -242.655 2.93434
868.621 -248.672 2.76293
868.618 -249.226 2.7485
868.614 -249.816 2.73308
868.61 -250.446 2.71658
868.605 -251.121 2.69886
868.6 -251.846 2.6798
868.595 -252.626 2.65925
863.909 -279.23 1.91316
864.213 -279.426 1.91088
864.513 -279.659 1.90749
864.811 -279.924 1.90314
865.111 -280.191 1.89869
865.414 -280.46 1.89408
865.72 -280.732 1.88934
866.029 -281.007 1.88448
866.341 -281.282 1.87953
871.877 -237.112 3.09925
871.911 -237.12 3.09927
871.945 -237.129 3.09928
871.979 -237.137 3.09928
872.013 -237.145 3.09928
868.279 -282.983 1.84696
868.703 -287.211 1.73576
872.146 -290.723 1.65537
872.539 -281.95 1.89308
872.947 -288.95 1.70535
873.18 -278.529 1.98689
875.461 -284.389 1.83202
853.225 -246.023 2.34752
853.241 -246.216 2.34555
853.257 -246.411 2.34356
853.275 -246.606 2.34155
853.294 -246.802 2.33952
853.314 -246.999 2.33747
853.335 -247.197 2.33541
853.358 -247.396 2.33333
853.382 -247.595 2.33123
853.407 -247.796 2.32911
853.434 -247.997 2.32697
853.461 -248.199 2.32481
853.49 -248.403 2.32264
853.521 -248.607 2.32045
853.553 -248.812 2.31823
853.586 -249.017 2.316
853.62 -249.224 2.31375
853.656 -249.432 2.31148
853.693 -249.64 2.3092
853.732 -249.849 2.30689
853.772 -250.059 2.30456
853.814 -250.27 2.30222
853.857 -250.482 2.29985
853.901 -250.695 2.29746
853.947 -250.908 2.29506
853.995 -251.122 2.29263
854.044 -251.337 2.29019
854.095 -251.553 2.28773
854.147 -251.77 2.28524
854.201 -251.987 2.28274
854.242 -252.222 2.27944
854.208 -252.542 2.2721
854.174 -252.869 2.26456
854.139 -253.203 2.25681
854.103 -253.543 2.24885
854.066 -253.89 2.24066
854.029 -254.244 2.23225
853.991 -254.605 2.22361
853.952 -254.974 2.21472
853.912 -255.352 2.20557
853.872 -255.737 2.19617
853.83 -256.132 2.18649
853.887 -256.406 2.18214
853.959 -256.662 2.17857
854.044 -256.907 2.17553
854.149 -257.127 2.17353
854.246 -257.362 2.17094
854.303 -257.655 2.16586
854.318 -258.013 2.15812
854.399 -258.284 2.15405
854.534 -258.478 2.15316
854.582 -258.805 2.14682
854.62 -259.154 2.13961
854.599 -259.599 2.12859
854.524 -260.138 2.1139
854.542 -260.544 2.10462
854.622 -260.859 2.09904
854.721 -261.147 2.09452
854.701 -261.639 2.08204
854.309 -262.77 2.04481
853.449 -264.734 1.97571
853.098 -265.873 1.93908
853.205 -266.235 1.93258
853.363 -266.511 1.92932
853.509 -266.816 1.92499
853.517 -267.382 1.91079
853.76 -267.519 1.91275
853.895 -267.863 1.90693
852.322 -271.555 1.77712
852.527 -271.835 1.77432
852.785 -272.01 1.77528
853.049 -272.177 1.77649
853.356 -272.254 1.7809
853.739 -272.166 1.79113
854.378 -271.513 1.82152
855.073 -270.708 1.857
855.33 -270.855 1.85816
855.286 -271.696 1.83465
856.135 -270.472 1.88415
856.376 -270.647 1.88399
856.591 -270.891 1.88137
856.888 -270.934 1.88569
868.109 -243.232 2.85203
868.64 -242.085 2.89323
868.708 -242.114 2.89362
868.777 -242.143 2.894
868.845 -242.172 2.89436
868.913 -242.202 2.89469
868.981 -242.231 2.89501
869.05 -242.26 2.8953
869.118 -242.289 2.89557
869.187 -242.318 2.89582
869.255 -242.348 2.89605
869.324 -242.377 2.89625
869.393 -242.406 2.89644
869.461 -242.436 2.8966
869.531 -242.465 2.89674
869.6 -242.495 2.89686
869.669 -242.524 2.89696
869.738 -242.554 2.89704
869.808 -242.584 2.8971
869.878 -242.613 2.89713
868.53 -248.548 2.70633
868.622 -248.673 2.7038
868.618 -249.227 2.68748
868.614 -249.817 2.67004
868.61 -250.447 2.65138
868.605 -251.122 2.63135
868.6 -251.847 2.6098
868.595 -252.627 2.58657
864.978 -273.35 1.93224
864.297 -278.952 1.75836
864.6 -279.145 1.75556
864.898 -279.385 1.75122
865.195 -279.647 1.74611
865.496 -279.91 1.74089
865.798 -280.176 1.73554
866.104 -280.444 1.73001
866.412 -280.715 1.72435
871.878 -237.111 3.08198
871.911 -237.119 3.08199
871.945 -237.128 3.08199
871.979 -237.136 3.08197
872.013 -237.144 3.08194
868.338 -282.274 1.69079
868.672 -282.509 1.68567
869.007 -282.762 1.67989
869.342 -283.077 1.67218
869.674 -283.523 1.66033
870.01 -284.033 1.64646
872.147 -290.717 1.45106
872.54 -281.95 1.71926
872.948 -288.956 1.50685
873.181 -278.528 1.82504
875.461 -284.384 1.64948
854.86 -245.036 2.3443
854.881 -245.209 2.34247
854.904 -245.383 2.34062
854.928 -245.558 2.33876
854.922 -245.757 2.33531
854.899 -245.971 2.33091
854.876 -246.188 2.3264
854.853 -246.409 2.32178
854.83 -246.632 2.31705
854.806 -246.858 2.3122
854.782 -247.088 2.30722
854.757 -247.321 2.30212
854.732 -247.558 2.2969
854.707 -247.798 2.29154
854.681 -248.042 2.28605
854.657 -248.288 2.28052
854.695 -248.48 2.27822
854.727 -248.68 2.27551
854.738 -248.902 2.27158
854.774 -249.102 2.26889
854.854 -249.263 2.26851
854.918 -249.44 2.26714
854.967 -249.634 2.2649
854.995 -249.85 2.26139
855.009 -250.084 2.25696
855.034 -250.309 2.25308
854.992 -250.608 2.24525
855.025 -250.833 2.24148
855.102 -251.011 2.24022
855.173 -251.2 2.2384
855.254 -251.377 2.23718
855.346 -251.545 2.23643
855.435 -251.717 2.23543
855.529 -251.885 2.23466
855.619 -252.059 2.23354
855.682 -252.267 2.23071
855.774 -252.443 2.22947
855.884 -252.598 2.22929
855.965 -252.79 2.2272
855.991 -253.054 2.22167
856.078 -253.244 2.21971
856.154 -253.451 2.21696
856.219 -253.675 2.21339
856.269 -253.922 2.20878
856.25 -254.268 2.19953
856.177 -254.694 2.18663
856.233 -254.949 2.18178
856.295 -255.201 2.17714
856.349 -255.468 2.17179
856.381 -255.771 2.16483
856.415 -256.078 2.15777
856.451 -256.387 2.15061
856.489 -256.7 2.14335
856.535 -257.007 2.13645
856.591 -257.302 2.13005
856.705 -257.512 2.12742
856.833 -257.701 2.12572
856.955 -257.903 2.1234
857.008 -258.225 2.11591
857.065 -258.545 2.1085
857.141 -258.841 2.10222
857.219 -259.138 2.09585
857.309 -259.421 2.09015
857.456 -259.606 2.08853
857.616 -259.767 2.08786
857.801 -259.885 2.08897
857.998 -259.98 2.09092
857.608 -261.223 2.04577
857.537 -261.87 2.02536
857.398 -262.675 1.99865
857.363 -263.291 1.97979
857.274 -264.037 1.95581
857.22 -264.734 1.93398
857.173 -265.437 1.91202
857.207 -265.982 1.89649
857.417 -266.146 1.89604
857.655 -266.248 1.89795
857.883 -266.374 1.89887
858.067 -266.606 1.89559
858.279 -266.777 1.89461
858.548 -266.805 1.89912
867.614 -244.491 2.76218
868.623 -242.13 2.85447
868.709 -242.114 2.85659
868.777 -242.143 2.85695
868.845 -242.172 2.8573
868.913 -242.201 2.85762
868.982 -242.23 2.85791
869.05 -242.259 2.85818
869.119 -242.288 2.85843
869.187 -242.318 2.85866
869.256 -242.347 2.85886
869.324 -242.376 2.85904
869.393 -242.406 2.8592
869.462 -242.435 2.85933
869.531 -242.465 2.85944
869.6 -242.494 2.85953
869.669 -242.524 2.85959
869.739 -242.553 2.85963
869.808 -242.583 2.85965
869.878 -242.613 2.85964
868.525 -248.569 2.64679
868.617 -248.695 2.64389
868.575 -249.42 2.61953
868.578 -249.982 2.60112
868.582 -250.58 2.58147
868.586 -251.217 2.56047
868.591 -251.899 2.53798
868.595 -252.629 2.51382
864.081 -278.288 1.61222
865.157 -274.026 1.76549
871.588 -237.377 3.05313
871.678 -237.05 3.06495
871.711 -237.059 3.06497
871.744 -237.068 3.06499
871.778 -237.077 3.06499
871.811 -237.086 3.06499
871.845 -237.095 3.06497
871.878 -237.104 3.06494
871.904 -237.183 3.06249
871.943 -237.149 3.06392
871.979 -237.142 3.06441
872.013 -237.15 3.0644
868.387 -281.681 1.53551
868.72 -281.877 1.53097
869.053 -282.103 1.52533
869.388 -282.347 1.51894
869.725 -282.598 1.51224
870.066 -282.854 1.50529
870.408 -283.159 1.49656
870.75 -283.579 1.48381
871.096 -284.074 1.46845
871.448 -284.595 1.45208
871.807 -285.121 1.43547
872.173 -285.725 1.4161
872.54 -281.95 1.54536
872.949 -288.964 1.30817
873.181 -278.527 1.6631
875.461 -284.38 1.46693
877.584 -287.526 1.35907
855.523 -244.735 2.30135
855.595 -244.865 2.30206
855.669 -244.994 2.3028
855.741 -245.124 2.30343
855.813 -245.255 2.30393
855.884 -245.388 2.30436
855.942 -245.53 2.30401
855.999 -245.676 2.30349
855.986 -245.879 2.299
855.943 -246.11 2.29266
855.944 -246.308 2.28868
855.934 -246.517 2.28403
855.771 -246.864 2.27038
855.782 -247.062 2.26667
855.739 -247.31 2.25972
855.613 -247.64 2.24773
855.686 -247.789 2.24732
855.671 -248.024 2.24156
855.708 -248.211 2.23882
855.788 -248.358 2.23857
855.883 -248.493 2.23908
855.969 -248.635 2.23905
856.05 -248.785 2.23858
856.122 -248.944 2.2375
856.159 -249.142 2.23419
856.167 -249.371 2.22903
856.218 -249.559 2.22632
856.282 -249.733 2.2244
856.367 -249.888 2.22359
856.435 -250.061 2.22173
856.498 -250.243 2.2194
856.575 -250.411 2.21785
856.65 -250.583 2.21604
856.708 -250.775 2.21311
856.775 -250.96 2.2106
856.861 -251.125 2.2092
856.958 -251.276 2.2085
857.06 -251.424 2.20797
857.149 -251.588 2.20653
857.229 -251.766 2.20434
857.317 -251.936 2.20256
857.398 -252.116 2.20024
857.495 -252.278 2.1989
857.567 -252.475 2.19571
857.615 -252.709 2.19064
857.746 -252.829 2.19133
857.855 -252.982 2.19037
857.917 -253.203 2.18594
857.943 -253.482 2.17869
857.961 -253.777 2.17065
858.035 -253.994 2.1665
858.116 -254.205 2.16268
858.195 -254.421 2.15861
858.287 -254.619 2.15538
858.407 -254.777 2.1541
858.544 -254.91 2.15396
858.67 -255.061 2.15295
858.642 -255.472 2.1396
858.697 -255.753 2.13252
858.754 -256.035 2.12535
858.819 -256.311 2.11854
858.881 -256.596 2.11132
858.945 -256.886 2.1039
859.003 -257.192 2.09578
859.065 -257.499 2.08761
859.131 -257.805 2.07954
859.193 -258.126 2.07083
859.265 -258.435 2.06271
859.333 -258.76 2.05385
859.411 -259.074 2.04556
859.487 -259.398 2.0368
859.591 -259.671 2.03032
859.705 -259.93 2.02448
859.832 -260.167 2.01955
859.907 -260.526 2.00935
859.961 -260.945 1.99657
860.022 -261.359 1.98408
860.085 -261.781 1.97125
860.149 -262.216 1.95795
860.265 -262.535 1.94961
867.615 -244.49 2.71603
868.463 -242.546 2.79975
868.709 -242.113 2.81956
868.778 -242.142 2.81991
868.846 -242.171 2.82024
868.914 -242.2 2.82055
868.982 -242.229 2.82083
869.051 -242.259 2.82108
869.119 -242.288 2.82131
869.188 -242.317 2.82151
869.256 -242.346 2.82169
869.325 -242.376 2.82184
869.394 -242.405 2.82197
869.462 -242.434 2.82208
869.531 -242.464 2.82215
869.6 -242.493 2.82221
869.67 -242.523 2.82223
869.739 -242.553 2.82223
869.809 -242.582 2.82221
868.411 -248.545 2.58716
868.529 -248.557 2.58842
868.613 -248.712 2.58402
868.521 -249.662 2.54832
868.517 -250.267 2.52631
868.517 -250.891 2.50364
868.519 -251.55 2.47964
868.521 -252.255 2.45391
868.546 -252.894 2.43084
864.194 -277.675 1.47222
871.496 -237.692 3.02217
871.641 -237.058 3.04707
871.681 -237.032 3.04846
871.714 -237.041 3.04848
871.747 -237.05 3.04848
871.78 -237.059 3.04847
871.814 -237.068 3.04845
871.847 -237.077 3.04841
871.881 -237.085 3.04837
871.914 -237.094 3.04831
871.948 -237.103 3.04825
871.982 -237.112 3.04817
872.015 -237.121 3.04808
872.049 -237.13 3.04798
872.083 -237.139 3.04787
872.117 -237.148 3.04774
872.151 -237.157 3.04761
872.186 -237.166 3.04746
872.22 -237.176 3.0473
870.437 -282.434 1.34557
870.78 -282.688 1.3376
871.126 -282.952 1.32917
871.474 -283.248 1.31944
871.826 -283.648 1.30571
872.183 -284.107 1.28962
872.541 -281.949 1.37146
872.916 -285.149 1.25257
873.182 -278.526 1.50118
873.68 -286.224 1.21379
874.074 -286.783 1.19346
875.461 -284.375 1.28439
877.581 -287.483 1.16644
878.676 -286.829 1.1883
856.818 -243.947 2.30125
856.773 -244.153 2.2951
856.777 -244.324 2.29176
856.792 -244.488 2.28901
856.829 -244.636 2.28752
856.873 -244.78 2.2864
856.943 -244.903 2.28678
857.008 -245.031 2.28678
857.005 -245.217 2.28251
857.004 -245.403 2.27828
857.006 -245.589 2.27415
857.042 -245.748 2.27203
857.082 -245.904 2.27005
857.117 -246.065 2.26774
857.151 -246.231 2.26519
857.2 -246.383 2.26356
857.25 -246.535 2.26192
857.32 -246.67 2.26141
857.398 -246.798 2.26141
857.483 -246.92 2.26177
857.535 -247.075 2.2599
857.586 -247.232 2.25787
857.622 -247.407 2.25476
857.662 -247.58 2.2518
857.702 -247.753 2.2488
857.747 -247.925 2.24594
857.793 -248.096 2.24311
857.828 -248.282 2.23938
857.852 -248.483 2.23478
857.903 -248.655 2.23193
857.955 -248.829 2.22899
858.003 -249.009 2.22571
857.949 -249.312 2.21512
858.011 -249.482 2.2125
858.103 -249.618 2.21195
858.123 -249.843 2.2061
858.196 -250.006 2.2039
858.295 -250.138 2.20352
858.377 -250.292 2.2018
858.453 -250.455 2.19954
858.522 -250.63 2.19663
858.583 -250.819 2.19295
858.666 -250.98 2.19082
858.773 -251.109 2.19045
858.858 -251.27 2.18829
858.93 -251.453 2.18493
859.011 -251.624 2.18217
859.088 -251.804 2.17894
859.126 -252.044 2.1725
859.166 -252.286 2.16601
859.211 -252.525 2.15969
859.279 -252.732 2.15509
859.358 -252.927 2.15111
859.428 -253.138 2.14631
859.497 -253.355 2.14122
859.561 -253.584 2.13551
859.643 -253.788 2.13109
859.723 -253.998 2.12635
859.803 -254.211 2.12145
859.906 -254.39 2.1183
860.017 -254.556 2.1158
860.134 -254.714 2.11364
860.255 -254.867 2.11169
860.379 -255.017 2.10989
860.482 -255.209 2.10594
860.546 -255.483 2.09805
860.616 -255.748 2.09054
860.69 -256.015 2.08303
860.764 -256.287 2.07523
860.844 -256.553 2.06777
860.927 -256.821 2.06021
861.011 -257.091 2.05256
861.098 -257.364 2.0448
861.187 -257.639 2.03695
861.278 -257.916 2.02899
861.372 -258.195 2.02093
861.468 -258.477 2.01277
861.566 -258.762 2.0045
861.667 -259.048 1.99612
867.615 -244.489 2.66987
868.483 -242.496 2.76326
868.561 -242.506 2.76457
868.778 -242.141 2.78287
868.846 -242.171 2.78318
868.914 -242.2 2.78347
868.983 -242.229 2.78373
869.051 -242.258 2.78397
869.119 -242.287 2.78418
869.188 -242.316 2.78436
869.256 -242.346 2.78451
869.325 -242.375 2.78464
869.394 -242.404 2.78474
869.463 -242.434 2.78481
869.532 -242.463 2.78486
869.601 -242.493 2.78488
869.67 -242.522 2.78487
869.74 -242.552 2.78483
869.809 -242.582 2.78477
869.81 -242.891 2.77261
868.531 -248.551 2.52986
868.608 -248.738 2.5236
868.521 -249.663 2.48569
868.517 -250.268 2.46161
868.512 -250.915 2.43581
868.508 -251.608 2.40813
868.503 -252.352 2.37836
868.562 -252.81 2.36079
871.392 -238.049 2.9871
871.558 -237.335 3.01776
871.651 -237.005 3.03208
871.684 -237.014 3.0321
871.717 -237.023 3.0321
871.75 -237.032 3.03208
871.783 -237.041 3.03206
871.816 -237.049 3.03202
871.849 -237.058 3.03198
871.883 -237.067 3.03192
871.916 -237.076 3.03185
871.95 -237.085 3.03176
871.983 -237.094 3.03167
872.017 -237.103 3.03156
872.051 -237.112 3.03144
872.085 -237.121 3.0313
872.119 -237.13 3.03116
872.153 -237.139 3.031
872.187 -237.148 3.03083
872.221 -237.157 3.03065
870.464 -281.781 1.1966
870.803 -282.02 1.18842
871.144 -282.269 1.17967
871.489 -282.521 1.17075
871.837 -282.772 1.16168
872.189 -283.028 1.15234
872.541 -281.949 1.19753
872.904 -283.732 1.12542
873.182 -278.525 1.33923
873.644 -284.646 1.08941
874.026 -285.166 1.06863
874.415 -285.697 1.04734
874.813 -286.237 1.02549
875.219 -286.791 1.00293
875.462 -284.371 1.10183
876.056 -287.918 0.95667
876.482 -288.403 0.936522
876.906 -288.778 0.920718
877.335 -289.153 0.904737
877.578 -287.453 0.973551
878.21 -289.889 0.872961
878.663 -290.319 0.854284
878.676 -286.83 0.996012
879.584 -291.135 0.818184
857.659 -243.478 2.28305
857.717 -243.597 2.2831
857.765 -243.725 2.28241
857.811 -243.855 2.28153
857.834 -244.005 2.27909
857.847 -244.163 2.2759
857.819 -244.358 2.26995
857.796 -244.551 2.26419
857.784 -244.737 2.25905
857.805 -244.898 2.25594
857.843 -245.044 2.25397
857.877 -245.196 2.25159
857.897 -245.361 2.24819
857.942 -245.506 2.24642
857.985 -245.653 2.2444
858.03 -245.801 2.2424
858.073 -245.951 2.24016
858.126 -246.093 2.23862
858.136 -246.279 2.23387
858.19 -246.423 2.23214
858.245 -246.567 2.2304
858.286 -246.727 2.22759
858.336 -246.879 2.22531
858.441 -246.975 2.2269
858.55 -247.067 2.22866
858.638 -247.181 2.22891
858.678 -247.348 2.22554
858.72 -247.516 2.22216
858.752 -247.696 2.21804
858.792 -247.87 2.2143
858.843 -248.033 2.21125
858.899 -248.192 2.20852
858.966 -248.341 2.20644
859.033 -248.49 2.20432
859.101 -248.64 2.20212
859.18 -248.777 2.20073
859.278 -248.893 2.20067
859.383 -249 2.20111
859.51 -249.078 2.20322
859.616 -249.184 2.20362
859.717 -249.298 2.20348
859.788 -249.452 2.2009
859.856 -249.613 2.19787
859.94 -249.754 2.19607
860.017 -249.906 2.19358
860.096 -250.058 2.19108
860.172 -250.214 2.18828
860.103 -250.59 2.17282
860.178 -250.757 2.1695
860.271 -250.899 2.16759
860.368 -251.037 2.16593
860.464 -251.177 2.16407
860.55 -251.335 2.1612
860.573 -251.599 2.15241
860.575 -251.903 2.14141
860.642 -252.105 2.13613
860.717 -252.296 2.13146
860.795 -252.487 2.12682
860.875 -252.677 2.12221
860.961 -252.861 2.11792
861.047 -253.048 2.11348
861.132 -253.24 2.10873
861.218 -253.433 2.10394
861.314 -253.612 2.09986
861.433 -253.749 2.09803
861.548 -253.897 2.09554
861.583 -254.209 2.08447
861.661 -254.441 2.07763
861.756 -254.642 2.07237
861.858 -254.833 2.06759
861.961 -255.026 2.06277
862.067 -255.219 2.05788
862.174 -255.413 2.05294
862.282 -255.607 2.04795
862.392 -255.803 2.04289
862.505 -255.997 2.03786
862.618 -256.196 2.03262
862.733 -256.396 2.02728
867.616 -244.489 2.62371
868.566 -242.282 2.73525
868.635 -242.312 2.73561
868.779 -242.141 2.74582
868.847 -242.17 2.74612
868.915 -242.199 2.74639
868.983 -242.228 2.74664
869.051 -242.257 2.74685
869.12 -242.287 2.74704
869.188 -242.316 2.7472
869.257 -242.345 2.74733
869.326 -242.374 2.74743
869.394 -242.404 2.7475
869.463 -242.433 2.74754
869.532 -242.463 2.74755
869.601 -242.492 2.74754
869.671 -242.522 2.7475
869.74 -242.551 2.74742
869.75 -242.813 2.73645
869.822 -242.843 2.73633
868.514 -248.62 2.46782
868.602 -248.765 2.46297
868.521 -249.664 2.42303
868.517 -250.269 2.39689
868.513 -250.916 2.36886
868.508 -251.609 2.33881
868.503 -252.353 2.30648
868.58 -252.716 2.29172
871.465 -237.644 2.98485
871.613 -237.021 3.0139
871.654 -236.987 3.01584
871.686 -236.996 3.01585
871.719 -237.005 3.01583
871.752 -237.014 3.01581
871.785 -237.023 3.01577
871.819 -237.031 3.01572
871.852 -237.04 3.01566
871.885 -237.049 3.01558
871.918 -237.058 3.01549
871.952 -237.067 3.01539
871.985 -237.076 3.01528
872.019 -237.085 3.01515
872.052 -237.093 3.01501
872.086 -237.102 3.01486
872.12 -237.111 3.01469
872.154 -237.12 3.01451
872.188 -237.129 3.01432
872.222 -237.138 3.01411
872.256 -237.147 3.01389
870.824 -281.386 1.04234
871.163 -281.588 1.03483
871.503 -281.818 1.026
871.846 -282.073 1.0159
872.193 -282.342 1.00506
872.542 -282.006 1.02102
872.897 -282.855 0.984152
873.183 -278.524 1.17723
873.617 -283.419 0.960412
873.986 -283.805 0.943755
874.361 -284.207 0.926199
874.745 -284.657 0.906428
875.138 -285.173 0.883562
875.464 -284.399 0.917804
875.946 -286.203 0.837494
876.36 -286.705 0.814826
876.783 -287.213 0.791721
877.207 -287.658 0.771248
877.635 -288.061 0.752466
878.067 -288.448 0.734256
878.502 -288.809 0.71699
878.276 -283.316 0.960067
879.391 -289.545 0.681381
879.846 -289.919 0.663025
 ] }
 color Color { color [
0.588401 0 0.411599
0.583288 0 0.416712
0.578292 0 0.421708
0.580699 0 0.419301
0.584096 0 0.415904
0.587561 0 0.412439
0.591098 0 0.408902
0.594705 0 0.405295
0.598388 0 0.401612
0.492014 0 0.507986
0.489442 0 0.510558
0.486921 0 0.513079
0.484448 0 0.515552
0.482024 0 0.517976
0.479648 0 0.520352
0.477317 0 0.522683
0.475033 0 0.524967
0.472793 0 0.527207
0.470597 0 0.529403
0.468444 0 0.531556
0.466334 0 0.533666
0.466761 0 0.533239
0.471998 0 0.528002
0.477378 0 0.522622
0.482907 0 0.517093
0.428167 0 0.571833
0.107881 0 0.892119
0.107916 0 0.892084
0.107956 0 0.892044
0.103119 0 0.896881
0.103168 0 0.896832
0.103223 0 0.896777
0.103282 0 0.896718
0.108242 0 0.891758
0.108316 0 0.891684
0.108395 0 0.891605
0.108479 0 0.891521
0.10857 0 0.89143
0.108666 0 0.891334
0.103693 0 0.896307
0.103795 0 0.896205
0.103903 0 0.896097
0.104016 0 0.895984
0.109231 0 0.890769
0.109361 0 0.890639
0.168383 0 0.831617
0.168675 0 0.831325
0.174075 0 0.825925
0.179839 0 0.820161
0.186007 0 0.813993
0.192623 0 0.807377
0.199734 0 0.800266
0.537797 0 0.462203
0.588602 0 0.411398
0.049664 0 0.950336
0.548546 0 0.451454
0.583216 0 0.416784
0.578221 0 0.421779
0.58067 0 0.41933
0.584067 0 0.415933
0.587533 0 0.412467
0.591069 0 0.408931
0.594676 0 0.405324
0.598358 0 0.401642
0.491927 0 0.508073
0.489356 0 0.510644
0.486834 0 0.513166
0.484363 0 0.515637
0.481939 0 0.518061
0.479564 0 0.520436
0.477234 0 0.522766
0.47495 0 0.52505
0.472711 0 0.527289
0.470516 0 0.529485
0.468363 0 0.531637
0.466253 0 0.533747
0.466733 0 0.533267
0.47197 0 0.52803
0.477351 0 0.522649
0.482878 0 0.517122
0.428122 0 0.571878
0.107464 0 0.892536
0.107499 0 0.892501
0.102959 0 0.897041
0.102996 0 0.897004
0.103038 0 0.896962
0.103086 0 0.896914
0.103138 0 0.896862
0.103196 0 0.896804
0.107895 0 0.892105
0.107974 0 0.892026
0.108058 0 0.891942
0.108148 0 0.891852
0.103503 0 0.896497
0.103592 0 0.896408
0.103686 0 0.896314
0.103786 0 0.896214
0.10389 0 0.89611
0.104 0 0.896
0.108932 0 0.891068
0.168337 0 0.831663
0.168661 0 0.831339
0.174061 0 0.825939
0.179825 0 0.820175
0.185992 0 0.814008
0.192606 0 0.807394
0.199718 0 0.800282
0.537646 0 0.462354
0.588587 0 0.411413
0.049647 0 0.950353
0.548577 0 0.451423
0.578159 0 0.421841
0.580648 0 0.419352
0.584045 0 0.415955
0.587511 0 0.412489
0.591047 0 0.408953
0.594654 0 0.405346
0.598336 0 0.401664
0.491845 0 0.508155
0.489275 0 0.510725
0.486755 0 0.513245
0.484283 0 0.515717
0.48186 0 0.51814
0.479485 0 0.520515
0.477156 0 0.522844
0.474873 0 0.525127
0.472635 0 0.527365
0.47044 0 0.52956
0.468288 0 0.531712
0.466178 0 0.533822
0.466711 0 0.533289
0.471949 0 0.528051
0.477328 0 0.522672
0.482856 0 0.517144
0.428082 0 0.571918
0.114849 0 0.885151
0.105309 0 0.894691
0.105343 0 0.894657
0.102942 0 0.897058
0.102979 0 0.897021
0.103022 0 0.896978
0.103069 0 0.896931
0.103122 0 0.896878
0.103179 0 0.896821
0.10573 0 0.89427
0.105807 0 0.894193
0.105889 0 0.894111
0.105976 0 0.894024
0.103487 0 0.896513
0.103575 0 0.896425
0.103669 0 0.896331
0.103769 0 0.896231
0.103873 0 0.896127
0.103983 0 0.896017
0.106742 0 0.893258
0.168293 0 0.831707
0.168653 0 0.831347
0.174051 0 0.825949
0.179814 0 0.820186
0.185981 0 0.814019
0.192595 0 0.807405
0.199706 0 0.800294
0.207371 0 0.792629
0.537515 0 0.462485
0.453241 0 0.546759
0.588585 0 0.411415
0.0496306 0 0.950369
0.548634 0 0.451366
0.580634 0 0.419366
0.584031 0 0.415969
0.587497 0 0.412503
0.591032 0 0.408968
0.59464 0 0.40536
0.598322 0 0.401678
0.504229 0 0.495771
0.501437 0 0.498563
0.498701 0 0.501299
0.499575 0 0.500425
0.491768 0 0.508232
0.489198 0 0.510802
0.486679 0 0.513321
0.484208 0 0.515792
0.481787 0 0.518213
0.479412 0 0.520588
0.477084 0 0.522916
0.474801 0 0.525199
0.472563 0 0.527437
0.470369 0 0.529631
0.468218 0 0.531782
0.466108 0 0.533892
0.466697 0 0.533303
0.471934 0 0.528066
0.477314 0 0.522686
0.482842 0 0.517158
0.428048 0 0.571952
0.114743 0 0.885257
0.10513 0 0.89487
0.102895 0 0.897105
0.102927 0 0.897073
0.102964 0 0.897036
0.103006 0 0.896994
0.103054 0 0.896946
0.103106 0 0.896894
0.103164 0 0.896836
0.103227 0 0.896773
0.105566 0 0.894434
0.105641 0 0.894359
0.103388 0 0.896612
0.103471 0 0.896529
0.10356 0 0.89644
0.103654 0 0.896346
0.103753 0 0.896247
0.103858 0 0.896142
0.103967 0 0.896033
0.104083 0 0.895917
0.106555 0 0.893445
0.168645 0 0.831355
0.174043 0 0.825957
0.179807 0 0.820193
0.185974 0 0.814026
0.192587 0 0.807413
0.199699 0 0.800301
0.207364 0 0.792636
0.537403 0 0.462597
0.452846 0 0.547154
0.588597 0 0.411403
0.0496147 0 0.950385
0.548713 0 0.451287
0.585744 0 0.414256
0.584025 0 0.415975
0.58749 0 0.41251
0.591027 0 0.408973
0.594634 0 0.405366
0.598316 0 0.401684
0.504155 0 0.495845
0.501365 0 0.498635
0.498629 0 0.501371
0.494318 0 0.505682
0.491698 0 0.508302
0.489128 0 0.510872
0.48661 0 0.51339
0.48414 0 0.51586
0.481719 0 0.518281
0.479345 0 0.520655
0.477017 0 0.522983
0.474735 0 0.525265
0.472497 0 0.527503
0.470304 0 0.529696
0.468153 0 0.531847
0.466045 0 0.533955
0.466689 0 0.533311
0.471926 0 0.528074
0.477306 0 0.522694
0.482834 0 0.517166
0.428019 0 0.571981
0.114635 0 0.885365
0.105115 0 0.894885
0.10288 0 0.89712
0.102913 0 0.897087
0.10295 0 0.89705
0.102992 0 0.897008
0.103039 0 0.89696
0.103092 0 0.896908
0.10315 0 0.89685
0.103212 0 0.896788
0.105552 0 0.894448
0.105626 0 0.894374
0.103373 0 0.896627
0.103457 0 0.896543
0.103546 0 0.896454
0.10364 0 0.89636
0.103739 0 0.896261
0.103843 0 0.896157
0.103953 0 0.896047
0.104068 0 0.895932
0.10654 0 0.89346
0.168642 0 0.831358
0.17404 0 0.82596
0.179804 0 0.820196
0.185969 0 0.814031
0.192583 0 0.807417
0.199695 0 0.800305
0.207359 0 0.792641
0.537308 0 0.462692
0.45261 0 0.54739
0.588621 0 0.411379
0.0495993 0 0.950401
0.54881 0 0.45119
0.585648 0 0.414352
0.49723 0 0.50277
0.587492 0 0.412508
0.591028 0 0.408972
0.594636 0 0.405364
0.598318 0 0.401682
0.504087 0 0.495913
0.501298 0 0.498702
0.498563 0 0.501437
0.494253 0 0.505747
0.491633 0 0.508367
0.489064 0 0.510936
0.486546 0 0.513454
0.484077 0 0.515923
0.481656 0 0.518344
0.479282 0 0.520718
0.476956 0 0.523044
0.474673 0 0.525326
0.472436 0 0.527564
0.470243 0 0.529757
0.468093 0 0.531907
0.465985 0 0.534015
0.466688 0 0.533312
0.471925 0 0.528075
0.477305 0 0.522695
0.482832 0 0.517168
0.427997 0 0.572003
0.114531 0 0.885469
0.104156 0 0.895844
0.102868 0 0.897132
0.1029 0 0.8971
0.102937 0 0.897063
0.102979 0 0.897021
0.103027 0 0.896973
0.103079 0 0.896921
0.103137 0 0.896863
0.1032 0 0.8968
0.103624 0 0.896376
0.103733 0 0.896267
0.10336 0 0.89664
0.103444 0 0.896556
0.103533 0 0.896467
0.103627 0 0.896373
0.103726 0 0.896274
0.10383 0 0.89617
0.10394 0 0.89606
0.104055 0 0.895945
0.106527 0 0.893473
0.16864 0 0.83136
0.174037 0 0.825963
0.179802 0 0.820198
0.185968 0 0.814032
0.192582 0 0.807418
0.199692 0 0.800308
0.207356 0 0.792644
0.496023 0 0.503977
0.537229 0 0.462771
0.452439 0 0.547561
0.588657 0 0.411343
0.0495848 0 0.950415
0.548922 0 0.451078
0.585559 0 0.414441
0.497197 0 0.502803
0.566612 0 0.433388
0.591037 0 0.408963
0.594645 0 0.405355
0.598327 0 0.401673
0.506871 0 0.493129
0.504026 0 0.495974
0.501237 0 0.498763
0.498503 0 0.501497
0.494193 0 0.505807
0.491574 0 0.508426
0.489006 0 0.510994
0.486488 0 0.513512
0.48402 0 0.51598
0.4816 0 0.5184
0.479227 0 0.520773
0.4769 0 0.5231
0.474619 0 0.525381
0.472383 0 0.527617
0.47019 0 0.52981
0.46804 0 0.53196
0.465933 0 0.534067
0.46669 0 0.53331
0.471928 0 0.528072
0.477308 0 0.522692
0.482835 0 0.517165
0.427978 0 0.572022
0.114435 0 0.885565
0.104086 0 0.895914
0.102856 0 0.897143
0.102888 0 0.897112
0.102926 0 0.897074
0.102968 0 0.897032
0.103015 0 0.896985
0.103068 0 0.896932
0.103125 0 0.896875
0.103188 0 0.896812
0.103614 0 0.896386
0.103711 0 0.896289
0.103349 0 0.896651
0.103432 0 0.896568
0.103521 0 0.896479
0.103615 0 0.896385
0.103714 0 0.896286
0.103818 0 0.896182
0.103928 0 0.896072
0.104043 0 0.895957
0.106515 0 0.893485
0.168638 0 0.831362
0.174036 0 0.825964
0.179799 0 0.820201
0.185966 0 0.814034
0.19258 0 0.80742
0.199689 0 0.800311
0.207355 0 0.792645
0.495893 0 0.504107
0.537166 0 0.462834
0.452309 0 0.547691
0.588707 0 0.411293
0.0495709 0 0.950429
0.549046 0 0.450954
0.585478 0 0.414522
0.497171 0 0.502829
0.56661 0 0.43339
0.463097 0 0.536903
0.594659 0 0.405341
0.598341 0 0.401659
0.506815 0 0.493185
0.503971 0 0.496029
0.501183 0 0.498817
0.498449 0 0.501551
0.494141 0 0.505859
0.491522 0 0.508478
0.488955 0 0.511045
0.486437 0 0.513563
0.48397 0 0.51603
0.48155 0 0.51845
0.479177 0 0.520823
0.476851 0 0.523149
0.47457 0 0.52543
0.472334 0 0.527666
0.470142 0 0.529858
0.467992 0 0.532008
0.465885 0 0.534115
0.466699 0 0.533301
0.471937 0 0.528063
0.477316 0 0.522684
0.482845 0 0.517155
0.427965 0 0.572035
0.114328 0 0.885672
0.104007 0 0.895993
0.102846 0 0.897154
0.102878 0 0.897122
0.102744 0 0.897256
0.102792 0 0.897208
0.102845 0 0.897155
0.102902 0 0.897098
0.103115 0 0.896885
0.103178 0 0.896822
0.103605 0 0.896395
0.103685 0 0.896315
0.103338 0 0.896662
0.103422 0 0.896578
0.103299 0 0.896701
0.103398 0 0.896602
0.103503 0 0.896497
0.103612 0 0.896388
0.103918 0 0.896082
0.104033 0 0.895967
0.106504 0 0.893496
0.168641 0 0.831359
0.174039 0 0.825961
0.179803 0 0.820197
0.185969 0 0.814031
0.192583 0 0.807417
0.199693 0 0.800307
0.207359 0 0.792641
0.495811 0 0.504189
0.537119 0 0.462881
0.452214 0 0.547786
0.588766 0 0.411234
0.0495575 0 0.950443
0.549186 0 0.450814
0.585403 0 0.414597
0.497151 0 0.502849
0.566621 0 0.433379
0.463071 0 0.536929
0.598366 0 0.401634
0.506766 0 0.493234
0.503921 0 0.496079
0.501133 0 0.498867
0.4984 0 0.5016
0.494093 0 0.505907
0.491475 0 0.508525
0.488908 0 0.511092
0.486391 0 0.513609
0.483924 0 0.516076
0.481504 0 0.518496
0.479132 0 0.520868
0.476807 0 0.523193
0.474526 0 0.525474
0.472291 0 0.527709
0.470099 0 0.529901
0.46795 0 0.53205
0.465843 0 0.534157
0.466715 0 0.533285
0.471953 0 0.528047
0.477333 0 0.522667
0.482861 0 0.517139
0.427958 0 0.572042
0.112839 0 0.887161
0.103931 0 0.896069
0.102837 0 0.897163
0.102869 0 0.897131
0.102365 0 0.897635
0.102413 0 0.897587
0.102465 0 0.897535
0.102523 0 0.897477
0.103106 0 0.896894
0.103169 0 0.896831
0.103598 0 0.896402
0.103661 0 0.896339
0.10333 0 0.89667
0.103413 0 0.896587
0.102929 0 0.897071
0.103014 0 0.896986
0.103118 0 0.896882
0.103227 0 0.896773
0.103908 0 0.896092
0.104024 0 0.895976
0.106494 0 0.893506
0.168646 0 0.831354
0.174045 0 0.825955
0.179808 0 0.820192
0.185977 0 0.814023
0.19259 0 0.80741
0.1997 0 0.8003
0.207366 0 0.792634
0.495756 0 0.504244
0.537087 0 0.462913
0.452147 0 0.547853
0.588836 0 0.411164
0.0495446 0 0.950455
0.549337 0 0.450663
0.585336 0 0.414664
0.497137 0 0.502863
0.566644 0 0.433356
0.46305 0 0.53695
0.50672 0 0.49328
0.503878 0 0.496122
0.50109 0 0.49891
0.498357 0 0.501643
0.494051 0 0.505949
0.491433 0 0.508567
0.488867 0 0.511133
0.48635 0 0.51365
0.483883 0 0.516117
0.481465 0 0.518535
0.479093 0 0.520907
0.476767 0 0.523233
0.474488 0 0.525512
0.472253 0 0.527747
0.470061 0 0.529939
0.467913 0 0.532087
0.465807 0 0.534193
0.466738 0 0.533262
0.471976 0 0.528024
0.477358 0 0.522642
0.482885 0 0.517115
0.427956 0 0.572044
0.112734 0 0.887266
0.103854 0 0.896146
0.102829 0 0.897171
0.102861 0 0.897139
0.102313 0 0.897687
0.102355 0 0.897645
0.102402 0 0.897598
0.102454 0 0.897546
0.103098 0 0.896902
0.103161 0 0.896839
0.103592 0 0.896408
0.103647 0 0.896353
0.103321 0 0.896679
0.103405 0 0.896595
0.10292 0 0.89708
0.102997 0 0.897003
0.103095 0 0.896905
0.103199 0 0.896801
0.103901 0 0.896099
0.104015 0 0.895985
0.106486 0 0.893514
0.168654 0 0.831346
0.174053 0 0.825947
0.179817 0 0.820183
0.185985 0 0.814015
0.192599 0 0.807401
0.19971 0 0.80029
0.207375 0 0.792625
0.495721 0 0.504279
0.537071 0 0.462929
0.452106 0 0.547894
0.588917 0 0.411083
0.0495323 0 0.950468
0.5495 0 0.4505
0.585276 0 0.414724
0.497129 0 0.502871
0.566678 0 0.433322
0.463035 0 0.536965
0.506683 0 0.493317
0.50384 0 0.49616
0.501053 0 0.498947
0.498321 0 0.501679
0.494015 0 0.505985
0.491398 0 0.508602
0.488831 0 0.511168
0.486316 0 0.513684
0.48385 0 0.51615
0.481431 0 0.518569
0.47906 0 0.52094
0.476735 0 0.523265
0.474456 0 0.525544
0.472221 0 0.527779
0.47003 0 0.52997
0.467882 0 0.532118
0.465776 0 0.534224
0.466765 0 0.533235
0.472004 0 0.527996
0.477385 0 0.522615
0.482915 0 0.517085
0.42796 0 0.57204
0.112623 0 0.887377
0.103775 0 0.896225
0.102823 0 0.897177
0.102855 0 0.897145
0.102306 0 0.897694
0.102349 0 0.897651
0.102395 0 0.897605
0.102448 0 0.897552
0.103091 0 0.896909
0.103154 0 0.896846
0.103588 0 0.896412
0.103639 0 0.896361
0.103315 0 0.896685
0.103398 0 0.896602
0.102912 0 0.897088
0.10299 0 0.89701
0.103089 0 0.896911
0.103193 0 0.896807
0.103894 0 0.896106
0.104009 0 0.895991
0.106479 0 0.893521
0.168665 0 0.831335
0.174064 0 0.825936
0.179829 0 0.820171
0.185997 0 0.814003
0.192613 0 0.807387
0.199723 0 0.800277
0.20739 0 0.79261
0.4957 0 0.5043
0.537071 0 0.462929
0.452092 0 0.547908
0.589007 0 0.410993
0.0495206 0 0.950479
0.549675 0 0.450325
0.585222 0 0.414778
0.497126 0 0.502874
0.566723 0 0.433277
0.463025 0 0.536975
0.50665 0 0.49335
0.503808 0 0.496192
0.501022 0 0.498978
0.49829 0 0.50171
0.493984 0 0.506016
0.491368 0 0.508632
0.488802 0 0.511198
0.486287 0 0.513713
0.483821 0 0.516179
0.481402 0 0.518598
0.479032 0 0.520968
0.476708 0 0.523292
0.474428 0 0.525572
0.472194 0 0.527806
0.470004 0 0.529996
0.467856 0 0.532144
0.46575 0 0.53425
0.4668 0 0.5332
0.47204 0 0.52796
0.477421 0 0.522579
0.482951 0 0.517049
0.427969 0 0.572031
0.11252 0 0.88748
0.103696 0 0.896304
0.102818 0 0.897182
0.10285 0 0.89715
0.102301 0 0.897699
0.102343 0 0.897657
0.10239 0 0.89761
0.102442 0 0.897558
0.103087 0 0.896913
0.103149 0 0.896851
0.103584 0 0.896416
0.103632 0 0.896368
0.10331 0 0.89669
0.103393 0 0.896607
0.102905 0 0.897095
0.102985 0 0.897015
0.103084 0 0.896916
0.103187 0 0.896813
0.103888 0 0.896112
0.104003 0 0.895997
0.106474 0 0.893526
0.168677 0 0.831323
0.174077 0 0.825923
0.179841 0 0.820158
0.186011 0 0.813989
0.192626 0 0.807374
0.199738 0 0.800261
0.207406 0 0.792594
0.495696 0 0.504304
0.537087 0 0.462913
0.452104 0 0.547896
0.589108 0 0.410892
0.0495096 0 0.95049
0.549861 0 0.450139
0.585176 0 0.414824
0.49713 0 0.50287
0.566779 0 0.433221
0.463021 0 0.536979
0.550628 0 0.449372
0.549735 0 0.450265
0.551183 0 0.448817
0.549689 0 0.450311
0.558829 0 0.441171
0.581868 0 0.418132
0.589187 0 0.410813
0.590892 0 0.409108
0.599611 0 0.400389
0.506624 0 0.493376
0.503783 0 0.496217
0.498074 0 0.501926
0.498105 0 0.501895
0.499719 0 0.500281
0.504331 0 0.495669
0.509055 0 0.490945
0.477467 0 0.522533
0.474834 0 0.525166
0.490353 0 0.509647
0.489257 0 0.510743
0.57116 0 0.42884
0.427983 0 0.572017
0.112421 0 0.887579
0.103623 0 0.896377
0.102814 0 0.897186
0.102846 0 0.897154
0.102297 0 0.897703
0.102339 0 0.897661
0.102386 0 0.897614
0.102438 0 0.897562
0.103082 0 0.896918
0.103145 0 0.896855
0.103582 0 0.896418
0.103754 0 0.896246
0.103306 0 0.896694
0.103389 0 0.896611
0.1029 0 0.8971
0.102981 0 0.897019
0.10308 0 0.89692
0.103183 0 0.896817
0.103884 0 0.896116
0.103999 0 0.896001
0.10647 0 0.89353
0.168692 0 0.831308
0.174092 0 0.825908
0.179858 0 0.820142
0.186027 0 0.813973
0.192643 0 0.807357
0.199757 0 0.800243
0.207425 0 0.792575
0.495701 0 0.504299
0.537121 0 0.462879
0.452143 0 0.547857
0.504027 0 0.495973
0.589219 0 0.410781
0.0494992 0 0.950501
0.550056 0 0.449944
0.585137 0 0.414863
0.49714 0 0.50286
0.566844 0 0.433156
0.463023 0 0.536977
0.522622 0 0.477378
0.515526 0 0.484474
0.518406 0 0.481594
0.52043 0 0.47957
0.522603 0 0.477397
0.52461 0 0.47539
0.527326 0 0.472674
0.529423 0 0.470577
0.533312 0 0.466688
0.537923 0 0.462077
0.544432 0 0.455568
0.553643 0 0.446357
0.558185 0 0.441815
0.561378 0 0.438622
0.572092 0 0.427908
0.506604 0 0.493396
0.503763 0 0.496237
0.497113 0 0.502887
0.497137 0 0.502863
0.499767 0 0.500233
0.49389 0 0.50611
0.491312 0 0.508688
0.492951 0 0.507049
0.492044 0 0.507956
0.489585 0 0.510415
0.487175 0 0.512825
0.475569 0 0.524431
0.473995 0 0.526005
0.475674 0 0.524326
0.477995 0 0.522005
0.468275 0 0.531726
0.473369 0 0.526631
0.478601 0 0.521399
0.483973 0 0.516027
0.571682 0 0.428318
0.567892 0 0.432108
0.564509 0 0.435491
0.568008 0 0.431992
0.57294 0 0.42706
0.428002 0 0.571998
0.112311 0 0.887689
0.105464 0 0.894536
0.102811 0 0.897189
0.102843 0 0.897157
0.102295 0 0.897705
0.102337 0 0.897663
0.102384 0 0.897616
0.102436 0 0.897564
0.10308 0 0.89692
0.103142 0 0.896858
0.105862 0 0.894138
0.105932 0 0.894068
0.103303 0 0.896697
0.103386 0 0.896614
0.102896 0 0.897104
0.102978 0 0.897022
0.103077 0 0.896923
0.103181 0 0.896819
0.103882 0 0.896118
0.103997 0 0.896003
0.106818 0 0.893182
0.168709 0 0.831291
0.17411 0 0.82589
0.179876 0 0.820124
0.186047 0 0.813953
0.192663 0 0.807337
0.199778 0 0.800222
0.207447 0 0.792553
0.495717 0 0.504283
0.537174 0 0.462826
0.452214 0 0.547786
0.049285 0 0.950715
0.58934 0 0.41066
0.0494916 0 0.950508
0.550263 0 0.449737
0.585105 0 0.414895
0.497157 0 0.502843
0.566921 0 0.433079
0.463029 0 0.536971
0.52259 0 0.47741
0.363731 0 0.636269
0.366127 0 0.633873
0.368552 0 0.631448
0.371007 0 0.628993
0.373492 0 0.626508
0.376008 0 0.623992
0.378554 0 0.621446
0.381134 0 0.618866
0.383744 0 0.616256
0.386387 0 0.613613
0.389063 0 0.610937
0.391773 0 0.608227
0.394516 0 0.605484
0.397294 0 0.602706
0.400107 0 0.599893
0.402956 0 0.597044
0.40584 0 0.59416
0.408761 0 0.591239
0.411719 0 0.588281
0.414714 0 0.585286
0.417748 0 0.582252
0.593976 0 0.406024
0.593649 0 0.406351
0.594929 0 0.405071
0.595893 0 0.404107
0.597229 0 0.402771
0.596712 0 0.403288
0.593143 0 0.406857
0.586452 0 0.413548
0.583933 0 0.416067
0.583011 0 0.416989
0.578506 0 0.421494
0.576335 0 0.423665
0.497057 0 0.502943
0.497081 0 0.502919
0.569875 0 0.430125
0.493878 0 0.506122
0.491301 0 0.508699
0.493004 0 0.506996
0.595998 0 0.404002
0.475414 0 0.524586
0.473897 0 0.526103
0.475514 0 0.524486
0.477987 0 0.522013
0.468326 0 0.531674
0.473422 0 0.526578
0.478654 0 0.521346
0.484026 0 0.515974
0.572238 0 0.427762
0.568415 0 0.431585
0.564668 0 0.435332
0.56442 0 0.43558
0.565025 0 0.434975
0.569906 0 0.430094
0.574898 0 0.425102
0.428027 0 0.571973
0.113592 0 0.886408
0.106108 0 0.893892
0.102811 0 0.897189
0.102842 0 0.897158
0.102589 0 0.897411
0.102626 0 0.897374
0.102669 0 0.897331
0.102718 0 0.897282
0.103078 0 0.896922
0.103141 0 0.896859
0.106548 0 0.893452
0.106623 0 0.893377
0.103731 0 0.896269
0.103385 0 0.896615
0.103234 0 0.896766
0.103324 0 0.896676
0.10342 0 0.89658
0.103521 0 0.896479
0.10388 0 0.89612
0.103995 0 0.896005
0.107545 0 0.892455
0.168727 0 0.831273
0.174129 0 0.825871
0.179897 0 0.820103
0.186066 0 0.813933
0.192685 0 0.807315
0.1998 0 0.8002
0.207471 0 0.792529
0.495745 0 0.504255
0.537248 0 0.462752
0.452325 0 0.547675
0.0493473 0 0.950653
0.589471 0 0.410529
0.0494853 0 0.950515
0.55048 0 0.44952
0.58508 0 0.41492
0.497179 0 0.502821
0.567007 0 0.432993
0.463042 0 0.536958
0.522565 0 0.477435
0.320732 0 0.679268
0.322591 0 0.677409
0.32447 0 0.67553
0.326369 0 0.673631
0.328288 0 0.671712
0.330227 0 0.669773
0.332187 0 0.667813
0.334169 0 0.665831
0.336171 0 0.663829
0.338195 0 0.661805
0.34024 0 0.65976
0.342307 0 0.657693
0.344396 0 0.655604
0.346507 0 0.653493
0.348641 0 0.651359
0.350798 0 0.649202
0.352978 0 0.647022
0.355181 0 0.644819
0.357408 0 0.642592
0.359659 0 0.640341
0.361934 0 0.638066
0.364233 0 0.635767
0.366556 0 0.633443
0.368906 0 0.631094
0.37128 0 0.62872
0.373679 0 0.626321
0.376104 0 0.623896
0.378555 0 0.621445
0.381032 0 0.618968
0.383537 0 0.616463
0.386067 0 0.613933
0.388626 0 0.611374
0.391211 0 0.608789
0.534182 0 0.465818
0.54485 0 0.45515
0.545155 0 0.454845
0.542447 0 0.457553
0.539605 0 0.460395
0.538444 0 0.461556
0.539867 0 0.460133
0.54688 0 0.45312
0.526366 0 0.473634
0.524836 0 0.475164
0.525402 0 0.474598
0.497854 0 0.502146
0.497885 0 0.502115
0.563538 0 0.436462
0.513507 0 0.486493
0.512774 0 0.487226
0.562034 0 0.437966
0.566291 0 0.433709
0.58035 0 0.41965
0.574212 0 0.425788
0.476448 0 0.523552
0.47448 0 0.52552
0.476617 0 0.523383
0.48896 0 0.51104
0.488254 0 0.511746
0.553212 0 0.446788
0.5513 0 0.4487
0.545105 0 0.454895
0.542977 0 0.457023
0.5417 0 0.4583
0.545296 0 0.454704
0.545843 0 0.454157
0.5281 0 0.4719
0.524683 0 0.475317
0.523219 0 0.476781
0.523682 0 0.476318
0.525129 0 0.474871
0.526652 0 0.473348
0.570981 0 0.429019
0.507206 0 0.492794
0.503383 0 0.496617
0.564338 0 0.435662
0.564406 0 0.435594
0.566909 0 0.433091
0.571848 0 0.428152
0.483025 0 0.516975
0.471838 0 0.528162
0.468595 0 0.531405
0.428056 0 0.571944
0.113498 0 0.886502
0.106108 0 0.893892
0.106136 0 0.893864
0.102841 0 0.897159
0.102879 0 0.897121
0.102921 0 0.897079
0.102968 0 0.897032
0.10302 0 0.89698
0.103078 0 0.896922
0.106477 0 0.893523
0.106548 0 0.893452
0.106623 0 0.893377
0.106704 0 0.893296
0.103385 0 0.896615
0.103473 0 0.896527
0.103567 0 0.896433
0.103666 0 0.896334
0.10377 0 0.89623
0.10388 0 0.89612
0.10742 0 0.89258
0.107544 0 0.892456
0.168747 0 0.831253
0.17415 0 0.82585
0.179918 0 0.820082
0.186089 0 0.813911
0.192708 0 0.807292
0.19971 0 0.80029
0.207496 0 0.792504
0.495782 0 0.504218
0.415772 0 0.584228
0.537346 0 0.462654
0.452491 0 0.547509
0.0490864 0 0.950914
0.0491296 0 0.95087
0.0491753 0 0.950825
0.0492235 0 0.950776
0.0492743 0 0.950726
0.550707 0 0.449293
0.585063 0 0.414937
0.497207 0 0.502793
0.567102 0 0.432898
0.463061 0 0.536939
0.522549 0 0.477451
0.28682 0 0.71318
0.288303 0 0.711697
0.289801 0 0.710199
0.291313 0 0.708687
0.292839 0 0.707161
0.294379 0 0.705621
0.295933 0 0.704067
0.297502 0 0.702498
0.299085 0 0.700915
0.300683 0 0.699317
0.302296 0 0.697704
0.303923 0 0.696077
0.305567 0 0.694433
0.307225 0 0.692775
0.308898 0 0.691102
0.310586 0 0.689414
0.31229 0 0.68771
0.314011 0 0.685989
0.315746 0 0.684254
0.317498 0 0.682502
0.319265 0 0.680735
0.321049 0 0.678951
0.322849 0 0.677151
0.324666 0 0.675334
0.326499 0 0.673501
0.328349 0 0.671651
0.330215 0 0.669785
0.332099 0 0.667901
0.333999 0 0.666001
0.335917 0 0.664083
0.337851 0 0.662149
0.339803 0 0.660197
0.341773 0 0.658227
0.34376 0 0.65624
0.345765 0 0.654235
0.347788 0 0.652212
0.349829 0 0.650171
0.351888 0 0.648112
0.353965 0 0.646035
0.35606 0 0.64394
0.358174 0 0.641826
0.360306 0 0.639694
0.362456 0 0.637544
0.364626 0 0.635374
0.366814 0 0.633186
0.492175 0 0.507825
0.49199 0 0.50801
0.493756 0 0.506244
0.494153 0 0.505847
0.492779 0 0.507221
0.493399 0 0.506601
0.501116 0 0.498884
0.502019 0 0.497981
0.476298 0 0.523702
0.502142 0 0.497858
0.501439 0 0.498561
0.48986 0 0.51014
0.496795 0 0.503205
0.503079 0 0.496921
0.538406 0 0.461594
0.537292 0 0.462708
0.534419 0 0.465581
0.531632 0 0.468368
0.526187 0 0.473813
0.523512 0 0.476488
0.521608 0 0.478392
0.518723 0 0.481277
0.514838 0 0.485162
0.512107 0 0.487893
0.510086 0 0.489914
0.503938 0 0.496062
0.500148 0 0.499852
0.495773 0 0.504227
0.492432 0 0.507568
0.490203 0 0.509797
0.488091 0 0.511909
0.485824 0 0.514176
0.482455 0 0.517545
0.475208 0 0.524792
0.472182 0 0.527818
0.469076 0 0.530924
0.465721 0 0.534279
0.462271 0 0.537729
0.428091 0 0.571909
0.113399 0 0.8866
0.106109 0 0.893891
0.105897 0 0.894103
0.102843 0 0.897157
0.10288 0 0.89712
0.102922 0 0.897078
0.102969 0 0.897031
0.103022 0 0.896978
0.103079 0 0.896921
0.106266 0 0.893734
0.106549 0 0.893451
0.106624 0 0.893376
0.106705 0 0.893295
0.103722 0 0.896278
0.103474 0 0.896526
0.103568 0 0.896432
0.103667 0 0.896333
0.103771 0 0.896229
0.103881 0 0.896119
0.107421 0 0.892579
0.107545 0 0.892455
0.16877 0 0.83123
0.174173 0 0.825827
0.179639 0 0.820361
0.185788 0 0.814212
0.192474 0 0.807526
0.199851 0 0.800148
0.207525 0 0.792475
0.482607 0 0.517393
0.484329 0 0.515671
0.486473 0 0.513527
0.452773 0 0.547227
0.490883 0 0.509117
0.493153 0 0.506847
0.495467 0 0.504533
0.498121 0 0.501879
0.0490816 0 0.950918
0.0491247 0 0.950875
0.0491704 0 0.95083
0.0492187 0 0.950781
0.0492693 0 0.950731
0.550943 0 0.449057
0.585052 0 0.414948
0.497242 0 0.502758
0.567208 0 0.432792
0.463085 0 0.536915
0.52254 0 0.47746
0.259388 0 0.740612
0.260599 0 0.739401
0.26182 0 0.73818
0.263052 0 0.736948
0.264294 0 0.735706
0.265545 0 0.734455
0.266808 0 0.733192
0.268081 0 0.73192
0.269363 0 0.730637
0.270656 0 0.729344
0.27196 0 0.72804
0.273274 0 0.726726
0.274599 0 0.725401
0.275935 0 0.724065
0.277282 0 0.722718
0.278639 0 0.721361
0.280007 0 0.719993
0.281386 0 0.718614
0.282776 0 0.717224
0.284177 0 0.715823
0.285589 0 0.714411
0.287012 0 0.712988
0.288447 0 0.711553
0.289892 0 0.710108
0.291349 0 0.708651
0.292817 0 0.707183
0.294297 0 0.705703
0.295789 0 0.704211
0.297291 0 0.702709
0.298805 0 0.701195
0.300331 0 0.699669
0.301868 0 0.698132
0.303417 0 0.696583
0.304978 0 0.695022
0.30655 0 0.69345
0.308135 0 0.691865
0.309731 0 0.690269
0.311339 0 0.688661
0.312958 0 0.687042
0.31459 0 0.68541
0.316233 0 0.683767
0.317889 0 0.682111
0.319556 0 0.680444
0.321236 0 0.678764
0.322927 0 0.677073
0.32463 0 0.67537
0.326346 0 0.673654
0.328073 0 0.671927
0.329812 0 0.670188
0.331564 0 0.668436
0.333495 0 0.666505
0.337816 0 0.662184
0.342267 0 0.657733
0.346855 0 0.653145
0.351584 0 0.648416
0.461719 0 0.538281
0.463131 0 0.536869
0.463347 0 0.536653
0.463803 0 0.536197
0.463135 0 0.536865
0.477009 0 0.522991
0.477797 0 0.522203
0.479734 0 0.520266
0.4796 0 0.520401
0.481191 0 0.518809
0.47489 0 0.52511
0.481625 0 0.518376
0.505708 0 0.494292
0.502274 0 0.497726
0.497895 0 0.502105
0.492775 0 0.507225
0.488244 0 0.511756
0.485551 0 0.514449
0.481796 0 0.518204
0.477924 0 0.522076
0.476667 0 0.523333
0.472532 0 0.527468
0.46971 0 0.53029
0.466598 0 0.533402
0.462267 0 0.537733
0.45713 0 0.54287
0.455529 0 0.544471
0.428132 0 0.571868
0.113304 0 0.886696
0.105626 0 0.894374
0.105654 0 0.894346
0.105687 0 0.894313
0.103185 0 0.896815
0.103224 0 0.896776
0.103267 0 0.896733
0.103316 0 0.896684
0.10593 0 0.89407
0.105994 0 0.894006
0.106064 0 0.893936
0.106139 0 0.893861
0.106219 0 0.893781
0.106305 0 0.893695
0.103841 0 0.896159
0.103933 0 0.896067
0.104031 0 0.895969
0.104134 0 0.895866
0.106814 0 0.893186
0.106932 0 0.893068
0.107168 0 0.892832
0.168795 0 0.831205
0.174199 0 0.825801
0.179969 0 0.820031
0.186142 0 0.813858
0.192763 0 0.807237
0.199883 0 0.800117
0.207556 0 0.792444
0.477792 0 0.522208
0.479187 0 0.520813
0.480976 0 0.519024
0.48311 0 0.51689
0.485277 0 0.514723
0.487497 0 0.512503
0.48976 0 0.51024
0.492064 0 0.507936
0.494395 0 0.505605
0.0490775 0 0.950922
0.0491206 0 0.950879
0.0491661 0 0.950834
0.0492144 0 0.950786
0.049265 0 0.950735
0.509328 0 0.490672
0.551191 0 0.448809
0.585049 0 0.414951
0.497283 0 0.502717
0.567323 0 0.432677
0.463115 0 0.536885
0.52254 0 0.47746
0.236742 0 0.763258
0.237749 0 0.762251
0.238764 0 0.761236
0.239786 0 0.760214
0.240816 0 0.759184
0.241853 0 0.758147
0.242897 0 0.757103
0.24395 0 0.75605
0.24501 0 0.75499
0.246077 0 0.753923
0.247153 0 0.752847
0.248236 0 0.751764
0.249326 0 0.750674
0.250425 0 0.749575
0.251531 0 0.748469
0.252645 0 0.747355
0.253767 0 0.746233
0.254897 0 0.745103
0.256034 0 0.743966
0.25718 0 0.74282
0.258333 0 0.741667
0.259495 0 0.740505
0.260663 0 0.739337
0.261841 0 0.738159
0.263026 0 0.736974
0.264219 0 0.735781
0.26542 0 0.73458
0.266629 0 0.733371
0.267846 0 0.732154
0.269071 0 0.730929
0.270522 0 0.729478
0.273127 0 0.726873
0.275796 0 0.724204
0.278531 0 0.721469
0.281336 0 0.718664
0.284211 0 0.715789
0.28716 0 0.71284
0.290184 0 0.709816
0.293288 0 0.706712
0.296474 0 0.703526
0.299744 0 0.700256
0.303103 0 0.696897
0.304924 0 0.695076
0.306525 0 0.693475
0.307971 0 0.692029
0.309118 0 0.690882
0.310437 0 0.689563
0.312488 0 0.687512
0.315321 0 0.684679
0.317084 0 0.682916
0.317913 0 0.682087
0.32035 0 0.67965
0.323046 0 0.676954
0.326878 0 0.673122
0.331807 0 0.668193
0.335142 0 0.664858
0.337383 0 0.662617
0.339314 0 0.660686
0.343623 0 0.656377
0.355341 0 0.644659
0.376642 0 0.623358
0.388266 0 0.611734
0.390874 0 0.609126
0.392511 0 0.607489
0.394468 0 0.605532
0.39941 0 0.60059
0.399475 0 0.600525
0.401891 0 0.598109
0.441935 0 0.558065
0.443502 0 0.556499
0.443918 0 0.556082
0.444256 0 0.555744
0.443612 0 0.556388
0.441179 0 0.558821
0.432558 0 0.567442
0.422341 0 0.577659
0.422634 0 0.577366
0.430512 0 0.569488
0.415906 0 0.584094
0.416578 0 0.583422
0.418008 0 0.581992
0.41729 0 0.58271
0.118252 0 0.881748
0.10563 0 0.89437
0.105658 0 0.894342
0.105691 0 0.894309
0.105729 0 0.894271
0.105772 0 0.894228
0.105821 0 0.894179
0.105874 0 0.894126
0.105933 0 0.894067
0.105998 0 0.894002
0.106068 0 0.893932
0.106143 0 0.893857
0.106223 0 0.893777
0.106309 0 0.893691
0.106399 0 0.893601
0.106496 0 0.893504
0.106598 0 0.893402
0.106705 0 0.893295
0.106818 0 0.893182
0.106936 0 0.893064
0.167817 0 0.832183
0.168822 0 0.831178
0.174227 0 0.825773
0.179999 0 0.820001
0.186173 0 0.813827
0.192795 0 0.807205
0.199916 0 0.800084
0.207591 0 0.792409
0.418046 0 0.581954
0.474414 0 0.525586
0.475809 0 0.524191
0.477694 0 0.522306
0.479826 0 0.520175
0.481986 0 0.518014
0.484188 0 0.515812
0.48644 0 0.51356
0.488733 0 0.511267
0.0490738 0 0.950926
0.0491169 0 0.950883
0.0491624 0 0.950838
0.0492108 0 0.950789
0.0492614 0 0.950739
0.502261 0 0.497739
0.504343 0 0.495657
0.506636 0 0.493364
0.509556 0 0.490444
0.51382 0 0.48618
0.518744 0 0.481256
0.585052 0 0.414948
0.497329 0 0.502671
0.567448 0 0.432552
0.463149 0 0.536851
0.522548 0 0.477452
0.217724 0 0.782276
0.218574 0 0.781426
0.219431 0 0.780569
0.220292 0 0.779708
0.22155 0 0.77845
0.223044 0 0.776956
0.224569 0 0.775431
0.226126 0 0.773874
0.227716 0 0.772284
0.229339 0 0.770661
0.230998 0 0.769002
0.232692 0 0.767308
0.234423 0 0.765577
0.236192 0 0.763808
0.237998 0 0.762002
0.239821 0 0.760179
0.240832 0 0.759168
0.241952 0 0.758048
0.243382 0 0.756618
0.2445 0 0.7555
0.245032 0 0.754968
0.24582 0 0.75418
0.246828 0 0.753172
0.248163 0 0.751837
0.249734 0 0.750266
0.251169 0 0.748831
0.253624 0 0.746376
0.255037 0 0.744963
0.255811 0 0.744189
0.256725 0 0.743275
0.257491 0 0.742509
0.25813 0 0.74187
0.258836 0 0.741163
0.259485 0 0.740515
0.260223 0 0.739777
0.261406 0 0.738594
0.262178 0 0.737822
0.262673 0 0.737327
0.263665 0 0.736335
0.265563 0 0.734437
0.266526 0 0.733474
0.267697 0 0.732303
0.269085 0 0.730915
0.270753 0 0.729247
0.27365 0 0.72635
0.277522 0 0.722478
0.279265 0 0.720735
0.280959 0 0.719041
0.28284 0 0.71716
0.285158 0 0.714842
0.287505 0 0.712495
0.289885 0 0.710115
0.292294 0 0.707706
0.294615 0 0.705385
0.296801 0 0.703199
0.297979 0 0.702021
0.298904 0 0.701096
0.299995 0 0.700005
0.302489 0 0.697511
0.304964 0 0.695036
0.307138 0 0.692862
0.309337 0 0.690663
0.311357 0 0.688643
0.312269 0 0.687732
0.312921 0 0.687079
0.313082 0 0.686918
0.31301 0 0.68699
0.325857 0 0.674143
0.331943 0 0.668057
0.339774 0 0.660226
0.34546 0 0.65454
0.352572 0 0.647428
0.359104 0 0.640896
0.365689 0 0.634311
0.370504 0 0.629496
0.371144 0 0.628856
0.371123 0 0.628877
0.371373 0 0.628627
0.372791 0 0.627209
0.373564 0 0.626436
0.372804 0 0.627196
0.131803 0 0.868197
0.10612 0 0.89388
0.105662 0 0.894338
0.105695 0 0.894305
0.105734 0 0.894266
0.105777 0 0.894223
0.105826 0 0.894174
0.10588 0 0.89412
0.105938 0 0.894062
0.106003 0 0.893997
0.106073 0 0.893927
0.106147 0 0.893853
0.106228 0 0.893772
0.106313 0 0.893687
0.106404 0 0.893596
0.106501 0 0.893499
0.106603 0 0.893397
0.10671 0 0.89329
0.106823 0 0.893177
0.106941 0 0.893059
0.168053 0 0.831947
0.169064 0 0.830936
0.176234 0 0.823766
0.181711 0 0.818289
0.187549 0 0.812451
0.193787 0 0.806213
0.200465 0 0.799535
0.207632 0 0.792368
0.468308 0 0.531692
0.42443 0 0.57557
0.0521228 0 0.947877
0.0487481 0 0.951252
0.0487851 0 0.951215
0.0488243 0 0.951176
0.048866 0 0.951134
0.0489101 0 0.95109
0.0489565 0 0.951043
0.0490052 0 0.950995
0.0497602 0 0.95024
0.0493812 0 0.950619
0.049278 0 0.950722
0.0493212 0 0.950679
0.496365 0 0.503635
0.498062 0 0.501938
0.500075 0 0.499925
0.502302 0 0.497698
0.504616 0 0.495384
0.506998 0 0.493002
0.509898 0 0.490102
0.513972 0 0.486028
0.518815 0 0.481185
0.523951 0 0.476049
0.529154 0 0.470846
0.535167 0 0.464833
0.497383 0 0.502617
0.567591 0 0.432409
0.463191 0 0.536809
0.522562 0 0.477438
0.55555 0 0.44445
0.21062 0 0.78938
0.210817 0 0.789183
0.211005 0 0.788995
0.21122 0 0.78878
0.211462 0 0.788538
0.211722 0 0.788278
0.212158 0 0.787842
0.212633 0 0.787367
0.214018 0 0.785982
0.215832 0 0.784168
0.217108 0 0.782892
0.218542 0 0.781458
0.222053 0 0.777947
0.223279 0 0.776721
0.225257 0 0.774743
0.22841 0 0.77159
0.228882 0 0.771118
0.230598 0 0.769402
0.231616 0 0.768384
0.232055 0 0.767945
0.232318 0 0.767682
0.232703 0 0.767297
0.233193 0 0.766807
0.233824 0 0.766176
0.234983 0 0.765017
0.236579 0 0.763421
0.237598 0 0.762402
0.238435 0 0.761565
0.239008 0 0.760992
0.239832 0 0.760168
0.240766 0 0.759234
0.241518 0 0.758482
0.242331 0 0.757669
0.243411 0 0.756589
0.244394 0 0.755606
0.245112 0 0.754888
0.245661 0 0.754339
0.246172 0 0.753828
0.246898 0 0.753102
0.247808 0 0.752192
0.248617 0 0.751383
0.249558 0 0.750442
0.250262 0 0.749738
0.251414 0 0.748586
0.253026 0 0.746974
0.253237 0 0.746763
0.253851 0 0.746149
0.255309 0 0.744691
0.257458 0 0.742542
0.259804 0 0.740196
0.261201 0 0.738799
0.26252 0 0.73748
0.263901 0 0.736099
0.265077 0 0.734923
0.265774 0 0.734226
0.266188 0 0.733812
0.266818 0 0.733182
0.270497 0 0.729503
0.272631 0 0.727369
0.274791 0 0.725209
0.276866 0 0.723134
0.279045 0 0.720955
0.281274 0 0.718726
0.283685 0 0.716315
0.286111 0 0.713889
0.288515 0 0.711485
0.29108 0 0.70892
0.293504 0 0.706496
0.296117 0 0.703883
0.298589 0 0.701411
0.301183 0 0.698817
0.303207 0 0.696793
0.30507 0 0.69493
0.306704 0 0.693296
0.309672 0 0.690328
0.313299 0 0.686701
0.316857 0 0.683143
0.320506 0 0.679494
0.324281 0 0.675719
0.326799 0 0.673201
0.131811 0 0.868189
0.1106 0 0.8894
0.105669 0 0.894331
0.105702 0 0.894298
0.10574 0 0.89426
0.105783 0 0.894217
0.105832 0 0.894168
0.105886 0 0.894114
0.105945 0 0.894055
0.106009 0 0.893991
0.106079 0 0.893921
0.106154 0 0.893846
0.106234 0 0.893766
0.10632 0 0.89368
0.106411 0 0.893589
0.106507 0 0.893493
0.106609 0 0.893391
0.106716 0 0.893284
0.106829 0 0.893171
0.168113 0 0.831887
0.167947 0 0.832053
0.169257 0 0.830743
0.178736 0 0.821264
0.184653 0 0.815347
0.190754 0 0.809246
0.197209 0 0.802791
0.204127 0 0.795873
0.210359 0 0.789641
0.462133 0 0.537867
0.0553966 0 0.944603
0.0488979 0 0.951102
0.0485711 0 0.951429
0.0486078 0 0.951392
0.0486468 0 0.951353
0.0486881 0 0.951312
0.0487317 0 0.951268
0.0487779 0 0.951222
0.0488262 0 0.951174
0.0488771 0 0.951123
0.0489304 0 0.95107
0.048986 0 0.951014
0.0490443 0 0.950956
0.0491047 0 0.950895
0.0491677 0 0.950832
0.0492333 0 0.950767
0.0493012 0 0.950699
0.0493718 0 0.950628
0.0494449 0 0.950555
0.502695 0 0.497305
0.505113 0 0.494887
0.507651 0 0.492349
0.51053 0 0.48947
0.514474 0 0.485526
0.519043 0 0.480957
0.497442 0 0.502558
0.529478 0 0.470522
0.463237 0 0.536763
0.540361 0 0.459639
0.546052 0 0.453948
0.522585 0 0.477415
0.555193 0 0.444807
0.549801 0 0.450199
0.195544 0 0.804456
0.197144 0 0.802856
0.198155 0 0.801845
0.199044 0 0.800956
0.19967 0 0.80033
0.200218 0 0.799782
0.200449 0 0.799551
0.20076 0 0.79924
0.201979 0 0.798021
0.20319 0 0.79681
0.204384 0 0.795616
0.205153 0 0.794847
0.205892 0 0.794108
0.206701 0 0.793299
0.207565 0 0.792435
0.208233 0 0.791767
0.208903 0 0.791097
0.20933 0 0.79067
0.209647 0 0.790353
0.209887 0 0.790113
0.210609 0 0.789391
0.211364 0 0.788636
0.212357 0 0.787643
0.213319 0 0.786681
0.21429 0 0.78571
0.215232 0 0.784768
0.21617 0 0.78383
0.217305 0 0.782695
0.218634 0 0.781366
0.219579 0 0.780421
0.220545 0 0.779455
0.221589 0 0.778411
0.224244 0 0.775756
0.225148 0 0.774852
0.225595 0 0.774405
0.227213 0 0.772787
0.228025 0 0.771975
0.228436 0 0.771564
0.229142 0 0.770858
0.22997 0 0.77003
0.230942 0 0.769058
0.232088 0 0.767912
0.232887 0 0.767113
0.233294 0 0.766706
0.234102 0 0.765898
0.235179 0 0.764821
0.236122 0 0.763878
0.237171 0 0.762829
0.238944 0 0.761056
0.24073 0 0.75927
0.242483 0 0.757517
0.243849 0 0.756151
0.245073 0 0.754927
0.246486 0 0.753514
0.247966 0 0.752034
0.24959 0 0.75041
0.250922 0 0.749078
0.252328 0 0.747672
0.253771 0 0.746229
0.254817 0 0.745183
0.255711 0 0.744289
0.25653 0 0.74347
0.257298 0 0.742702
0.258034 0 0.741966
0.259262 0 0.740738
0.261397 0 0.738603
0.263449 0 0.736551
0.265502 0 0.734498
0.267625 0 0.732375
0.269672 0 0.730328
0.271743 0 0.728257
0.27384 0 0.72616
0.275962 0 0.724038
0.278108 0 0.721892
0.280281 0 0.719719
0.282478 0 0.717522
0.284703 0 0.715297
0.286955 0 0.713045
0.289232 0 0.710768
0.13182 0 0.86818
0.110079 0 0.889921
0.10989 0 0.89011
0.105709 0 0.894291
0.105747 0 0.894253
0.105791 0 0.894209
0.10584 0 0.89416
0.105893 0 0.894107
0.105952 0 0.894048
0.106017 0 0.893983
0.106087 0 0.893913
0.106161 0 0.893839
0.106242 0 0.893758
0.106327 0 0.893673
0.106418 0 0.893582
0.106515 0 0.893485
0.106616 0 0.893384
0.106724 0 0.893276
0.106836 0 0.893164
0.109835 0 0.890165
0.167907 0 0.832093
0.169552 0 0.830449
0.17877 0 0.82123
0.184688 0 0.815313
0.191029 0 0.808971
0.197828 0 0.802172
0.205136 0 0.794864
0.209525 0 0.790475
0.0591029 0 0.940897
0.0517701 0 0.94823
0.0483619 0 0.951638
0.048396 0 0.951604
0.0484324 0 0.951568
0.048471 0 0.951529
0.0485121 0 0.951488
0.0485555 0 0.951444
0.0486011 0 0.951399
0.0486491 0 0.951351
0.0486997 0 0.9513
0.0487525 0 0.951248
0.0488078 0 0.951192
0.0488656 0 0.951134
0.0489256 0 0.951074
0.0489881 0 0.951012
0.0490532 0 0.950947
0.0491206 0 0.950879
0.0491907 0 0.950809
0.0492633 0 0.950737
0.496229 0 0.503771
0.498491 0 0.501509
0.500886 0 0.499114
0.50332 0 0.49668
0.505786 0 0.494214
0.508313 0 0.491687
0.497507 0 0.502493
0.515367 0 0.484633
0.46329 0 0.53671
0.524633 0 0.475367
0.52994 0 0.47006
0.535371 0 0.464629
0.540933 0 0.459067
0.546668 0 0.453332
0.522614 0 0.477386
0.558406 0 0.441594
0.563538 0 0.436462
0.5676 0 0.4324
0.571699 0 0.428301
0.554965 0 0.445035
0.579836 0 0.420164
0.58458 0 0.41542
0.549889 0 0.450111
0.593745 0 0.406255
0.186027 0 0.813973
0.186289 0 0.813711
0.186696 0 0.813304
0.18714 0 0.81286
0.187892 0 0.812108
0.188793 0 0.811207
0.190241 0 0.809759
0.191653 0 0.808347
0.192948 0 0.807052
0.193842 0 0.806158
0.194512 0 0.805488
0.195263 0 0.804738
0.196219 0 0.803781
0.19685 0 0.80315
0.197535 0 0.802465
0.198214 0 0.801786
0.198944 0 0.801056
0.199533 0 0.800467
0.200767 0 0.799233
0.201396 0 0.798604
0.202028 0 0.797972
0.202876 0 0.797124
0.203621 0 0.796379
0.20358 0 0.79642
0.203505 0 0.796495
0.203734 0 0.796266
0.204699 0 0.795301
0.205667 0 0.794333
0.206788 0 0.793212
0.20783 0 0.79217
0.208735 0 0.791265
0.209575 0 0.790425
0.210283 0 0.789717
0.211 0 0.789
0.211733 0 0.788267
0.2123 0 0.7877
0.212594 0 0.787406
0.212783 0 0.787217
0.212627 0 0.787373
0.21282 0 0.78718
0.213128 0 0.786873
0.21394 0 0.786061
0.214843 0 0.785157
0.215492 0 0.784508
0.216286 0 0.783714
0.217084 0 0.782916
0.217941 0 0.782059
0.221446 0 0.778554
0.222416 0 0.777584
0.223094 0 0.776906
0.223717 0 0.776283
0.224385 0 0.775615
0.225263 0 0.774737
0.227387 0 0.772613
0.22998 0 0.77002
0.231371 0 0.768629
0.232636 0 0.767364
0.233894 0 0.766106
0.235147 0 0.764853
0.236332 0 0.763668
0.237551 0 0.762449
0.238836 0 0.761164
0.24013 0 0.75987
0.241273 0 0.758727
0.241939 0 0.758061
0.242744 0 0.757256
0.245381 0 0.754619
0.247119 0 0.752881
0.248518 0 0.751482
0.249815 0 0.750185
0.251122 0 0.748878
0.252444 0 0.747556
0.253777 0 0.746223
0.255122 0 0.744878
0.256481 0 0.743519
0.257835 0 0.742165
0.259236 0 0.740764
0.260656 0 0.739344
0.131832 0 0.868168
0.107797 0 0.892203
0.107829 0 0.892171
0.105718 0 0.894282
0.105757 0 0.894243
0.1058 0 0.8942
0.105848 0 0.894152
0.105902 0 0.894098
0.105961 0 0.894039
0.106026 0 0.893974
0.106095 0 0.893905
0.10617 0 0.89383
0.106251 0 0.893749
0.106336 0 0.893664
0.106427 0 0.893573
0.106524 0 0.893476
0.106625 0 0.893375
0.106733 0 0.893267
0.109238 0 0.890762
0.109354 0 0.890646
0.168641 0 0.831359
0.169849 0 0.830151
0.178806 0 0.821194
0.184724 0 0.815276
0.191067 0 0.808933
0.197866 0 0.802134
0.205177 0 0.794823
0.208604 0 0.791396
0.0549955 0 0.945005
0.0485861 0 0.951414
0.0481889 0 0.951811
0.0482226 0 0.951777
0.0482587 0 0.951741
0.0482971 0 0.951703
0.0483379 0 0.951662
0.0483811 0 0.951619
0.0484264 0 0.951574
0.048474 0 0.951526
0.0485242 0 0.951476
0.0485767 0 0.951423
0.0486315 0 0.951368
0.0486889 0 0.951311
0.0487484 0 0.951252
0.0488107 0 0.951189
0.0488751 0 0.951125
0.048942 0 0.951058
0.0490116 0 0.950988
0.0490835 0 0.950917
0.0491579 0 0.950842
0.492214 0 0.507786
0.494141 0 0.505859
0.496359 0 0.503641
0.49886 0 0.50114
0.501523 0 0.498477
0.498147 0 0.501853
0.506664 0 0.493336
0.463349 0 0.536651
0.512427 0 0.487573
0.516382 0 0.483618
0.520536 0 0.479464
0.525187 0 0.474813
0.530533 0 0.469467
0.522975 0 0.477025
0.541292 0 0.458708
0.546584 0 0.453416
0.551971 0 0.448029
0.556759 0 0.443241
0.561159 0 0.438841
0.565426 0 0.434574
0.569473 0 0.430527
0.514571 0 0.485429
0.577795 0 0.422205
0.582073 0 0.417927
 ] }
}
