# Real Time: 841.991
# Simulation Time: 21.74
# Radar Position: 872.543 -231.107 3.22889
# Radar Quat: -0.000317097 0.0101217 0.855462 0.517766
PointSet {
 coord Coordinate { point [
854.201 -238.833 3.58241
854.551 -238.833 3.57944
854.867 -238.843 3.57703
854.572 -239.124 3.58669
854.58 -239.271 3.5904
854.589 -239.419 3.59415
854.563 -239.584 3.59865
854.565 -239.737 3.60265
854.547 -239.901 3.6071
854.75 -239.956 3.60693
820.651 -260.242 4.41729
821.291 -260.354 4.4156
821.92 -260.465 4.414
822.009 -260.888 4.42505
821.914 -261.422 4.44058
821.819 -261.963 4.45635
821.723 -262.51 4.47239
842.782 -271.649 4.65744
843.218 -271.647 4.65667
843.649 -271.644 4.65596
844.075 -271.642 4.6553
844.498 -271.639 4.6547
844.916 -271.637 4.65416
845.33 -271.634 4.65367
845.741 -271.632 4.65324
846.148 -271.63 4.65286
846.55 -271.627 4.65254
846.95 -271.625 4.65226
847.345 -271.623 4.65204
847.738 -271.62 4.65187
847.769 -272.211 4.67255
847.773 -272.863 4.6954
847.777 -273.529 4.71883
856.476 -271.959 4.67619
866.31 -247.614 3.81588
866.439 -247.62 3.81654
866.568 -247.626 3.81721
868.887 -241.433 3.59777
868.97 -241.427 3.59789
869.039 -241.461 3.59941
869.259 -241.039 3.58472
869.326 -241.069 3.58613
869.394 -241.1 3.58755
869.461 -241.13 3.58899
869.529 -241.161 3.59044
869.597 -241.191 3.5919
869.529 -241.699 3.61047
869.599 -241.733 3.61211
869.67 -241.768 3.61377
869.741 -241.802 3.61544
869.939 -241.339 3.59922
870.007 -241.37 3.60077
870.076 -241.401 3.60233
870.145 -241.432 3.60391
870.214 -241.464 3.6055
870.171 -242.012 3.62584
868.668 -249.553 3.89965
868.63 -250.407 3.93151
868.588 -251.34 3.96636
854.561 -238.83 3.51086
854.874 -238.841 3.50949
854.678 -239.077 3.51621
854.667 -239.233 3.52004
854.656 -239.389 3.52391
854.665 -239.537 3.5275
854.667 -239.69 3.53124
854.66 -239.847 3.53516
854.756 -239.955 3.53737
854.901 -240.037 3.53871
820.657 -260.243 4.20935
821.297 -260.356 4.20941
821.926 -260.467 4.20952
822.008 -260.893 4.22022
821.913 -261.427 4.23452
821.818 -261.968 4.24903
821.722 -262.515 4.26378
842.788 -271.647 4.48152
843.223 -271.644 4.48165
843.654 -271.642 4.48182
844.081 -271.639 4.48203
844.503 -271.637 4.48228
844.921 -271.634 4.48258
845.336 -271.632 4.48291
845.746 -271.629 4.48327
846.153 -271.627 4.48368
846.555 -271.625 4.48412
846.955 -271.622 4.48461
847.35 -271.62 4.48512
847.742 -271.618 4.48568
847.769 -272.217 4.5049
847.773 -272.868 4.5258
847.777 -273.535 4.54723
856.478 -271.961 4.5227
866.312 -247.611 3.75397
866.442 -247.617 3.75477
866.57 -247.623 3.75558
868.89 -241.423 3.55905
869.044 -241.215 3.55282
869.112 -241.248 3.55427
869.26 -241.037 3.54797
869.327 -241.068 3.54935
869.395 -241.098 3.55075
869.462 -241.129 3.55215
869.53 -241.159 3.55357
869.597 -241.19 3.55499
869.591 -241.481 3.56481
869.661 -241.514 3.56637
869.73 -241.548 3.56794
869.814 -241.526 3.56772
869.94 -241.338 3.56213
870.008 -241.369 3.56363
870.077 -241.4 3.56514
870.146 -241.431 3.56667
870.215 -241.462 3.56821
870.285 -241.493 3.56976
870.254 -242.003 3.58696
868.63 -250.41 3.86265
868.588 -251.344 3.89429
863.521 -285.296 5.01909
865.234 -276.988 4.74756
866.549 -282.523 4.94891
854.881 -238.84 3.44202
854.727 -239.057 3.44725
854.727 -239.206 3.45067
854.716 -239.362 3.45427
854.72 -239.512 3.45772
854.722 -239.665 3.46123
854.715 -239.822 3.46489
854.762 -239.953 3.46787
854.968 -240.004 3.46871
820.663 -260.244 4.00147
821.303 -260.357 4.00329
821.932 -260.468 4.00511
822.007 -260.898 4.0154
821.913 -261.432 4.02846
821.817 -261.973 4.04172
821.721 -262.52 4.05518
842.794 -271.644 4.30567
843.229 -271.642 4.3067
843.66 -271.639 4.30775
844.086 -271.637 4.30883
844.509 -271.634 4.30994
844.927 -271.632 4.31106
845.341 -271.629 4.31221
845.751 -271.627 4.31338
846.158 -271.625 4.31457
846.56 -271.622 4.31578
846.96 -271.62 4.31702
847.355 -271.618 4.31828
847.747 -271.615 4.31955
847.769 -272.222 4.33725
847.773 -272.874 4.3562
847.777 -273.541 4.37564
856.48 -271.962 4.36925
866.314 -247.608 3.69211
866.444 -247.614 3.69305
866.573 -247.62 3.69399
868.894 -241.414 3.52041
869.053 -241.191 3.51462
869.194 -241.006 3.5099
869.261 -241.036 3.51124
869.328 -241.066 3.5126
869.396 -241.097 3.51396
869.463 -241.127 3.51533
869.531 -241.158 3.51671
869.598 -241.188 3.51811
869.666 -241.219 3.51951
869.673 -241.473 3.5273
869.742 -241.506 3.52882
869.872 -241.305 3.52361
869.941 -241.336 3.52505
870.009 -241.367 3.52651
870.078 -241.398 3.52797
870.147 -241.429 3.52945
870.216 -241.46 3.53093
870.285 -241.492 3.53243
870.301 -241.778 3.54136
868.63 -250.414 3.79379
868.588 -251.348 3.82221
863.528 -285.272 4.8263
865.242 -276.947 4.58389
855 -238.936 3.3768
854.765 -239.191 3.38197
854.771 -239.338 3.38514
854.751 -239.499 3.38858
854.758 -239.649 3.39182
854.764 -239.799 3.39509
854.768 -239.952 3.39841
854.99 -239.995 3.39966
820.669 -260.245 3.79365
821.309 -260.358 3.79721
821.938 -260.469 3.80074
822.006 -260.903 3.81058
821.912 -261.438 3.8224
821.816 -261.978 3.8344
821.72 -262.526 3.84658
841.367 -271.779 4.12697
841.818 -271.777 4.12889
842.263 -271.774 4.13082
842.8 -271.642 4.12988
843.235 -271.639 4.13181
843.665 -271.637 4.13375
844.092 -271.634 4.13569
844.514 -271.632 4.13765
844.932 -271.629 4.1396
845.346 -271.627 4.14157
845.756 -271.624 4.14354
846.163 -271.622 4.14551
846.565 -271.62 4.1475
846.965 -271.617 4.14949
847.36 -271.615 4.15148
847.752 -271.613 4.15349
847.769 -272.228 4.16958
847.773 -272.879 4.1866
847.777 -273.546 4.20404
856.482 -271.964 4.21581
866.316 -247.605 3.63029
866.446 -247.611 3.63136
866.575 -247.617 3.63244
868.898 -241.405 3.48185
869.054 -241.189 3.47716
869.195 -241.004 3.47322
869.262 -241.035 3.47453
869.329 -241.065 3.47586
869.397 -241.095 3.47719
869.464 -241.126 3.47853
869.532 -241.156 3.47988
869.599 -241.187 3.48124
869.667 -241.217 3.4826
869.674 -241.469 3.48949
869.753 -241.468 3.49008
869.873 -241.304 3.4866
869.941 -241.335 3.488
870.01 -241.366 3.4894
870.079 -241.397 3.49082
870.148 -241.428 3.49224
870.217 -241.459 3.49368
870.286 -241.49 3.49512
870.356 -241.522 3.49657
868.631 -250.417 3.72492
868.589 -251.352 3.75011
863.533 -285.255 4.6339
865.247 -276.927 4.42105
854.795 -239.178 3.31358
854.799 -239.327 3.31657
854.783 -239.486 3.31969
854.789 -239.635 3.32271
854.796 -239.785 3.32577
854.788 -239.943 3.32892
855.012 -239.985 3.33078
820.676 -260.246 3.58587
821.315 -260.359 3.59118
821.944 -260.47 3.59642
822.005 -260.908 3.60575
821.911 -261.443 3.61633
821.815 -261.983 3.62707
821.719 -262.531 3.63796
840.918 -271.779 3.94497
841.373 -271.776 3.94786
841.824 -271.774 3.95075
842.269 -271.771 3.95361
842.805 -271.639 3.95415
843.24 -271.636 3.95699
843.671 -271.634 3.95981
844.097 -271.631 3.96262
844.52 -271.629 3.96542
844.938 -271.627 3.96821
845.351 -271.624 3.97099
845.762 -271.622 3.97376
846.168 -271.62 3.97652
846.571 -271.617 3.97927
846.97 -271.615 3.98202
847.365 -271.613 3.98475
847.757 -271.61 3.98748
847.769 -272.233 4.00192
847.773 -272.885 4.01699
847.777 -273.552 4.03243
856.484 -271.966 4.0624
866.319 -247.602 3.5685
866.448 -247.608 3.56971
866.577 -247.613 3.57093
868.902 -241.396 3.44336
869.091 -241.082 3.43753
869.196 -241.003 3.43655
869.263 -241.033 3.43784
869.33 -241.064 3.43914
869.398 -241.094 3.44044
869.465 -241.124 3.44175
869.533 -241.155 3.44307
869.6 -241.185 3.44439
869.668 -241.216 3.44571
869.675 -241.468 3.45176
869.798 -241.301 3.44889
869.874 -241.302 3.44961
869.942 -241.333 3.45096
870.011 -241.364 3.45232
870.08 -241.395 3.45368
870.149 -241.426 3.45506
870.218 -241.457 3.45644
870.287 -241.489 3.45783
870.357 -241.52 3.45922
868.631 -250.421 3.65604
868.589 -251.356 3.67801
863.537 -285.242 4.44175
865.252 -276.912 4.25853
854.819 -239.319 3.24822
854.814 -239.473 3.25103
854.814 -239.625 3.25386
854.804 -239.782 3.25673
854.794 -239.942 3.25962
855.033 -239.975 3.26207
820.682 -260.247 3.37815
821.321 -260.36 3.3852
821.95 -260.471 3.39215
822.004 -260.914 3.40091
821.91 -261.448 3.41026
821.814 -261.989 3.41974
821.718 -262.536 3.42934
840.924 -271.776 3.76495
841.379 -271.774 3.76882
841.83 -271.771 3.77266
842.275 -271.769 3.77647
842.811 -271.636 3.77849
843.246 -271.634 3.78223
843.677 -271.631 3.78593
844.103 -271.629 3.78961
844.525 -271.626 3.79325
844.943 -271.624 3.79688
845.357 -271.622 3.80047
845.767 -271.619 3.80404
846.173 -271.617 3.80759
846.576 -271.615 3.81111
846.975 -271.612 3.8146
847.37 -271.61 3.81808
847.762 -271.608 3.82153
847.769 -272.239 3.83425
847.773 -272.891 3.84738
847.777 -273.558 3.86082
856.485 -271.968 3.90901
866.321 -247.599 3.50675
866.45 -247.605 3.5081
866.579 -247.61 3.50945
868.906 -241.386 3.40495
869.095 -241.073 3.40039
869.197 -241.002 3.39991
869.264 -241.032 3.40117
869.331 -241.062 3.40244
869.399 -241.093 3.40371
869.466 -241.123 3.40499
869.534 -241.153 3.40627
869.601 -241.184 3.40755
869.669 -241.214 3.40884
869.676 -241.466 3.41405
869.799 -241.299 3.41184
869.875 -241.301 3.41263
869.943 -241.332 3.41394
870.012 -241.363 3.41525
870.081 -241.394 3.41657
870.15 -241.425 3.41789
870.219 -241.456 3.41922
870.288 -241.487 3.42055
870.357 -241.519 3.42189
868.631 -250.425 3.58715
868.589 -251.36 3.6059
863.542 -285.232 4.24978
865.256 -276.901 4.09622
854.827 -239.468 3.18257
854.82 -239.623 3.18515
854.811 -239.781 3.18774
854.801 -239.94 3.19036
855.046 -239.971 3.19351
820.688 -260.248 3.17046
821.328 -260.361 3.17926
821.957 -260.472 3.18792
822.003 -260.919 3.19605
821.909 -261.453 3.20417
821.813 -261.994 3.21238
821.717 -262.542 3.2207
840.93 -271.774 3.58498
841.386 -271.771 3.58983
841.836 -271.769 3.59463
842.281 -271.766 3.59937
842.817 -271.634 3.60288
843.252 -271.631 3.60751
843.683 -271.629 3.6121
844.109 -271.626 3.61664
844.531 -271.624 3.62113
844.948 -271.622 3.62559
845.362 -271.619 3.63
845.772 -271.617 3.63437
846.178 -271.615 3.63869
846.581 -271.612 3.64298
846.98 -271.61 3.64723
847.375 -271.608 3.65144
847.766 -271.607 3.65563
847.769 -272.244 3.66656
847.773 -272.896 3.67774
847.777 -273.563 3.68917
856.487 -271.969 3.75561
866.323 -247.596 3.44502
866.452 -247.602 3.44651
866.581 -247.607 3.448
868.91 -241.377 3.36661
869.098 -241.065 3.36331
869.198 -241 3.36327
869.265 -241.03 3.36451
869.338 -241.043 3.36551
869.405 -241.075 3.36678
869.471 -241.107 3.36805
869.538 -241.14 3.36932
869.602 -241.182 3.37073
869.67 -241.213 3.37199
869.677 -241.465 3.37636
869.8 -241.297 3.37482
869.876 -241.299 3.37568
869.944 -241.33 3.37694
870.015 -241.352 3.37807
870.083 -241.385 3.37936
870.152 -241.418 3.38066
870.22 -241.451 3.38197
870.289 -241.486 3.3833
870.358 -241.517 3.38458
868.631 -250.428 3.51823
868.589 -251.364 3.53376
863.545 -285.224 4.05793
865.259 -276.892 3.93404
871.977 -237.077 3.32614
872.139 -236.119 3.31152
854.823 -239.623 3.11646
854.817 -239.779 3.1188
854.807 -239.938 3.12113
855.04 -239.975 3.12493
820.694 -260.249 2.96279
821.334 -260.362 2.97334
821.962 -260.473 2.9837
822.002 -260.924 2.99115
821.908 -261.458 2.99803
821.813 -261.999 3.00499
821.716 -262.547 3.01201
840.936 -271.771 3.40505
841.392 -271.768 3.41088
841.842 -271.766 3.41663
842.287 -271.763 3.42232
842.823 -271.631 3.4273
843.258 -271.629 3.43284
843.688 -271.626 3.4383
844.114 -271.624 3.44371
844.536 -271.621 3.44905
844.954 -271.619 3.45434
845.368 -271.617 3.45956
845.777 -271.614 3.46473
846.183 -271.612 3.46984
846.586 -271.61 3.4749
846.985 -271.608 3.4799
847.38 -271.605 3.48485
847.766 -271.612 3.4898
847.769 -272.25 3.49883
847.773 -272.902 3.50807
847.777 -273.569 3.5175
856.489 -271.971 3.60222
866.325 -247.593 3.38333
866.454 -247.598 3.38496
866.583 -247.604 3.38657
868.914 -241.368 3.32835
869.102 -241.057 3.3263
869.199 -240.999 3.32666
869.266 -241.029 3.32787
869.351 -241.006 3.32855
869.417 -241.036 3.32976
869.484 -241.068 3.33098
869.551 -241.1 3.33221
869.603 -241.181 3.33393
869.671 -241.212 3.33514
869.678 -241.463 3.33868
869.801 -241.295 3.33781
869.877 -241.298 3.33873
869.945 -241.329 3.33995
870.025 -241.312 3.34064
870.093 -241.344 3.34188
870.162 -241.377 3.34311
870.23 -241.41 3.34435
870.29 -241.484 3.34605
870.359 -241.515 3.34728
868.631 -250.432 3.4493
868.589 -251.368 3.4616
863.549 -285.217 3.86618
865.262 -276.886 3.77197
871.977 -237.08 3.30509
872.14 -236.108 3.29367
854.82 -239.779 3.04985
854.814 -239.936 3.05195
855.031 -239.981 3.05627
820.7 -260.25 2.75514
821.34 -260.363 2.76743
821.968 -260.474 2.7795
822.001 -260.929 2.78622
821.907 -261.463 2.79186
821.812 -262.005 2.79755
821.715 -262.552 2.80329
840.943 -271.768 3.22516
841.398 -271.766 3.23196
841.848 -271.763 3.23867
842.291 -271.763 3.2453
842.829 -271.628 3.25176
843.263 -271.626 3.2582
843.694 -271.624 3.26454
844.12 -271.621 3.27081
844.541 -271.619 3.27701
844.959 -271.616 3.28312
845.373 -271.614 3.28916
845.783 -271.612 3.29512
846.189 -271.61 3.30102
846.591 -271.607 3.30684
846.99 -271.605 3.31259
847.385 -271.603 3.31828
847.766 -271.618 3.32394
847.77 -272.255 3.33108
847.773 -272.907 3.33836
847.777 -273.575 3.3458
856.491 -271.973 3.44883
866.327 -247.59 3.32166
866.456 -247.595 3.32343
866.585 -247.601 3.32518
868.928 -241.328 3.28997
869.105 -241.049 3.28935
869.2 -240.997 3.29005
869.267 -241.028 3.29124
869.352 -241.004 3.29208
869.419 -241.032 3.29324
869.486 -241.062 3.29442
869.554 -241.092 3.29559
869.604 -241.18 3.29714
869.672 -241.21 3.29832
869.679 -241.462 3.30101
869.802 -241.293 3.30082
869.878 -241.297 3.3018
869.946 -241.327 3.30297
870.029 -241.3 3.30372
870.097 -241.331 3.30489
870.166 -241.362 3.30605
870.234 -241.393 3.30721
870.29 -241.483 3.30882
870.36 -241.514 3.30999
868.631 -250.436 3.38036
868.59 -251.372 3.38942
863.552 -285.211 3.6745
865.265 -276.882 3.60996
871.976 -237.086 3.28405
872.141 -236.106 3.27599
854.801 -239.944 2.98255
855.022 -239.987 2.98752
820.707 -260.252 2.54752
821.346 -260.364 2.56156
821.975 -260.475 2.57533
822 -260.934 2.58125
821.906 -261.469 2.58566
821.811 -262.01 2.59008
821.714 -262.558 2.59454
840.949 -271.766 3.04532
841.404 -271.763 3.05309
841.854 -271.761 3.06076
842.291 -271.769 3.06828
842.835 -271.626 3.07627
843.269 -271.623 3.0836
843.7 -271.621 3.09083
844.125 -271.619 3.09796
844.547 -271.616 3.105
844.965 -271.614 3.11194
845.378 -271.612 3.11879
845.788 -271.609 3.12556
846.194 -271.607 3.13223
846.596 -271.605 3.13882
846.995 -271.603 3.14533
847.39 -271.6 3.15175
847.766 -271.624 3.15805
847.77 -272.261 3.16329
847.773 -272.913 3.16863
847.777 -273.581 3.17407
856.493 -271.975 3.29543
866.33 -247.586 3.26002
866.459 -247.592 3.26192
868.475 -242.362 3.25297
868.937 -241.306 3.25193
869.109 -241.04 3.25247
869.201 -240.996 3.25346
869.268 -241.026 3.25462
869.353 -241.002 3.25563
869.42 -241.031 3.25677
869.487 -241.061 3.25791
869.555 -241.091 3.25905
869.605 -241.178 3.26036
869.673 -241.209 3.2615
869.68 -241.46 3.26335
869.803 -241.291 3.26384
869.879 -241.295 3.26488
869.947 -241.326 3.26601
870.03 -241.299 3.26692
870.098 -241.33 3.26803
870.166 -241.361 3.26915
870.235 -241.392 3.27026
870.291 -241.481 3.2716
870.361 -241.512 3.27272
868.632 -250.44 3.31138
868.59 -251.376 3.31722
863.556 -285.207 3.48288
865.267 -276.879 3.448
872.141 -236.105 3.25833
855.014 -239.993 2.9187
823.424 -256.511 2.3633
823.483 -256.916 2.36896
823.393 -257.403 2.37203
823.412 -257.837 2.37698
823.276 -258.359 2.37925
823.231 -258.835 2.38312
822.682 -259.605 2.37838
822.796 -260.002 2.38502
822.625 -260.57 2.38681
822.244 -261.271 2.3851
822.208 -261.772 2.38923
822.165 -262.284 2.39323
822.135 -262.791 2.39748
822.184 -263.253 2.40302
840.956 -271.763 2.86551
841.41 -271.76 2.87426
841.86 -271.758 2.88288
842.291 -271.774 2.89122
842.841 -271.623 2.90081
843.275 -271.621 2.90903
843.705 -271.618 2.91715
844.131 -271.616 2.92514
844.553 -271.614 2.93302
844.97 -271.611 2.9408
845.384 -271.609 2.94846
845.794 -271.607 2.95602
846.199 -271.605 2.96348
846.601 -271.602 2.97084
847 -271.6 2.9781
847.395 -271.598 2.98526
847.766 -271.629 2.99213
847.77 -272.267 2.99547
847.774 -272.919 2.99886
847.777 -273.587 3.00229
856.495 -271.977 3.14203
866.332 -247.583 3.19841
866.461 -247.589 3.20045
868.481 -242.35 3.21107
868.938 -241.303 3.21403
869.112 -241.032 3.21565
869.202 -240.995 3.21688
869.269 -241.025 3.21801
869.354 -241 3.21919
869.421 -241.029 3.22031
869.488 -241.059 3.22142
869.556 -241.09 3.22253
869.606 -241.177 3.22359
869.674 -241.207 3.2247
869.681 -241.459 3.22571
869.804 -241.289 3.22688
869.88 -241.294 3.22797
869.948 -241.324 3.22905
870.031 -241.297 3.23013
870.099 -241.328 3.2312
870.167 -241.359 3.23226
870.236 -241.39 3.23332
870.292 -241.48 3.2344
870.362 -241.511 3.23545
868.632 -250.444 3.24239
868.59 -251.381 3.24499
863.559 -285.204 3.29129
865.27 -276.878 3.28607
872.141 -236.103 3.24067
825.581 -255.398 2.21662
825.646 -255.781 2.22178
825.729 -256.156 2.2273
825.649 -256.623 2.22929
825.931 -256.892 2.239
825.976 -257.294 2.2436
825.914 -257.759 2.24594
825.912 -258.194 2.24952
826.152 -258.49 2.25815
826.321 -258.827 2.26525
826.467 -259.179 2.27183
826.435 -259.642 2.27469
826.373 -260.129 2.27693
826.39 -260.57 2.28075
826.52 -260.941 2.28691
826.679 -261.295 2.2936
826.785 -261.686 2.29919
826.71 -262.201 2.30107
826.701 -262.677 2.30429
826.748 -263.119 2.3086
827.013 -263.409 2.31727
825.695 -264.84 2.29429
824.823 -265.977 2.28037
824.488 -266.739 2.27719
840.962 -271.76 2.68573
841.417 -271.758 2.69546
841.866 -271.755 2.70504
842.291 -271.78 2.71413
842.847 -271.621 2.72538
843.281 -271.618 2.7345
843.711 -271.616 2.74349
844.137 -271.613 2.75235
844.559 -271.611 2.76108
844.976 -271.609 2.76968
845.389 -271.607 2.77816
845.799 -271.604 2.78652
846.205 -271.602 2.79476
846.607 -271.6 2.80288
847.005 -271.598 2.81089
847.4 -271.595 2.81879
847.766 -271.635 2.82616
847.77 -272.273 2.82761
847.774 -272.925 2.82905
847.777 -273.593 2.83048
856.497 -271.979 2.98862
866.334 -247.58 3.13682
866.463 -247.586 3.139
868.485 -242.338 3.16926
868.94 -241.301 3.17615
869.11 -241.04 3.1788
869.203 -240.993 3.18031
869.27 -241.023 3.18141
869.355 -240.998 3.18277
869.423 -241.028 3.18386
869.489 -241.058 3.18494
869.557 -241.088 3.18602
869.607 -241.175 3.18684
869.675 -241.206 3.1879
869.682 -241.457 3.18808
869.805 -241.287 3.18993
869.881 -241.292 3.19108
869.949 -241.323 3.19211
870.032 -241.296 3.19335
870.1 -241.327 3.19437
870.168 -241.358 3.19538
870.237 -241.389 3.19639
870.293 -241.478 3.1972
870.362 -241.509 3.1982
868.632 -250.448 3.17336
868.59 -251.385 3.17273
863.562 -285.203 3.09973
865.272 -276.879 3.12414
872.142 -236.102 3.22303
829.03 -254.002 2.12269
829.109 -254.349 2.12752
829.182 -254.701 2.13215
829.227 -255.07 2.13605
829.051 -255.566 2.13435
829.164 -255.903 2.1399
829.1 -256.344 2.14097
829.195 -256.696 2.14597
829.355 -257.009 2.15258
829.559 -257.297 2.16022
829.722 -257.609 2.1668
829.726 -258.023 2.16937
829.694 -258.462 2.17104
829.543 -258.983 2.16976
829.395 -259.509 2.16854
829.583 -259.818 2.17553
829.585 -260.253 2.17792
829.735 -260.59 2.18389
829.558 -261.156 2.18187
829.535 -261.622 2.18355
829.531 -262.079 2.18569
829.553 -262.522 2.1884
829.509 -263.017 2.18949
829.411 -263.56 2.18925
829.084 -264.284 2.18349
828.922 -264.893 2.18168
828.3 -265.873 2.1688
828.211 -266.446 2.16874
827.955 -267.162 2.16465
826.739 -268.68 2.13764
840.969 -271.758 2.50599
841.531 -271.614 2.51915
842.011 -271.569 2.53039
842.291 -271.786 2.53699
842.295 -272.38 2.53721
842.298 -272.986 2.53737
842.302 -273.604 2.53749
845.817 -271.582 2.61734
846.077 -271.805 2.62301
845.915 -273.334 2.61858
856.499 -271.981 2.8352
866.336 -247.577 3.07525
866.465 -247.583 3.07757
868.49 -242.327 3.12754
868.941 -241.299 3.13828
869.05 -241.215 3.14043
869.205 -240.992 3.14375
869.272 -241.022 3.14483
869.357 -240.996 3.14637
869.424 -241.026 3.14743
869.491 -241.057 3.14847
869.558 -241.087 3.14951
869.608 -241.174 3.1501
869.676 -241.204 3.15112
869.676 -241.482 3.15026
869.781 -241.382 3.15228
869.881 -241.291 3.15419
869.95 -241.321 3.15519
870.032 -241.295 3.15658
870.101 -241.325 3.15755
870.169 -241.356 3.15851
870.238 -241.387 3.15947
870.294 -241.477 3.16002
870.363 -241.508 3.16097
868.632 -250.453 3.1043
868.59 -251.39 3.10044
863.564 -285.203 2.90817
865.273 -276.882 2.9622
872.142 -236.1 3.2054
844.742 -245.972 2.4139
844.623 -246.288 2.4118
844.503 -246.608 2.40965
844.383 -246.932 2.40747
844.262 -247.262 2.40526
844.141 -247.596 2.403
844.018 -247.935 2.4007
843.895 -248.279 2.39836
843.771 -248.628 2.39597
843.646 -248.982 2.39354
843.52 -249.342 2.39107
843.393 -249.707 2.38855
843.266 -250.078 2.38598
843.137 -250.454 2.38337
843.008 -250.837 2.38071
842.878 -251.226 2.37799
842.746 -251.62 2.37523
842.614 -252.021 2.37241
842.481 -252.429 2.36953
842.346 -252.843 2.3666
842.211 -253.264 2.36362
842.074 -253.692 2.36057
832.925 -260.917 2.10071
832.85 -261.411 2.09959
832.884 -261.825 2.10152
833.017 -262.166 2.10621
832.848 -262.75 2.10228
832.711 -263.317 2.0992
832.661 -263.822 2.09853
832.677 -264.277 2.0997
832.32 -265.053 2.09023
831.518 -266.224 2.06814
831.306 -266.908 2.0627
827.607 -270.677 1.95859
840.975 -271.755 2.32627
841.661 -271.45 2.34456
842.058 -271.513 2.35456
842.291 -271.791 2.35981
842.709 -271.821 2.37027
843.145 -271.818 2.38124
843.533 -271.879 2.39076
843.678 -272.281 2.3932
844.106 -272.278 2.4038
844.53 -272.276 2.41423
844.95 -272.274 2.4245
845.872 -271.505 2.44941
846.137 -271.718 2.45509
846.187 -272.267 2.45439
847.001 -271.616 2.47611
847.144 -272.021 2.47803
847.147 -272.66 2.47573
847.151 -273.314 2.47332
846.794 -283.375 2.42112
847.322 -283.216 2.43325
847.819 -283.114 2.44434
847.967 -283.747 2.44431
856.501 -271.983 2.68175
866.339 -247.574 3.01371
866.467 -247.58 3.01617
868.495 -242.315 3.08591
868.938 -241.31 3.10026
869.03 -241.276 3.1022
869.188 -241.044 3.10654
869.273 -241.021 3.10826
869.347 -241.028 3.10957
869.414 -241.057 3.11062
869.482 -241.086 3.11165
869.55 -241.115 3.11268
869.609 -241.172 3.11336
869.677 -241.203 3.11435
869.655 -241.558 3.11169
869.726 -241.59 3.11268
869.883 -241.289 3.11732
869.951 -241.32 3.11827
870.026 -241.322 3.11951
870.095 -241.352 3.12045
870.164 -241.381 3.12138
870.233 -241.411 3.1223
870.295 -241.475 3.12285
870.305 -241.789 3.12087
868.632 -250.457 3.03522
868.59 -251.394 3.02811
863.567 -285.204 2.7166
865.275 -276.888 2.80022
872.038 -236.078 3.18657
872.142 -236.099 3.18777
847.726 -244.598 2.4039
847.643 -244.87 2.40194
847.559 -245.146 2.39995
847.475 -245.425 2.39793
847.391 -245.707 2.39587
847.307 -245.993 2.39378
847.223 -246.282 2.39166
847.138 -246.575 2.3895
847.054 -246.872 2.38731
846.969 -247.173 2.38509
846.884 -247.477 2.38282
846.8 -247.786 2.38052
846.715 -248.099 2.37818
846.629 -248.416 2.3758
846.544 -248.737 2.37338
846.459 -249.062 2.37093
846.373 -249.392 2.36842
846.288 -249.727 2.36588
846.202 -250.066 2.3633
846.116 -250.409 2.36066
846.031 -250.758 2.35799
845.945 -251.111 2.35527
845.859 -251.47 2.3525
845.772 -251.833 2.34968
845.686 -252.202 2.34681
845.6 -252.576 2.34389
845.513 -252.956 2.34092
845.427 -253.341 2.3379
845.34 -253.732 2.33482
845.253 -254.129 2.33169
845.166 -254.532 2.3285
845.08 -254.941 2.32525
844.993 -255.356 2.32194
844.906 -255.778 2.31858
844.819 -256.206 2.31514
844.731 -256.641 2.31165
844.644 -257.083 2.30809
844.557 -257.532 2.30446
844.47 -257.988 2.30076
844.382 -258.452 2.29699
844.295 -258.923 2.29315
844.207 -259.402 2.28924
844.12 -259.889 2.28524
844.033 -260.384 2.28117
831.798 -273.553 1.8725
832.622 -273.28 1.8981
833.084 -273.379 1.91158
833.57 -273.447 1.92583
833.919 -273.66 1.93539
834.432 -273.688 1.95041
834.292 -274.451 1.94341
834.531 -274.791 1.94904
834.769 -275.135 1.95454
835.01 -275.477 1.96008
835.25 -275.823 1.96548
835.491 -276.171 1.97081
835.727 -276.526 1.97592
835.977 -276.868 1.98138
836.274 -277.152 1.98836
836.734 -277.227 2.00086
841.656 -271.462 2.16678
842.057 -271.519 2.17759
842.226 -271.885 2.18029
842.715 -271.818 2.19402
843.151 -271.816 2.2059
843.533 -271.884 2.21583
839.786 -279.991 2.06819
845.882 -271.496 2.28051
846.147 -271.708 2.28609
846.193 -272.265 2.28372
847.006 -271.614 2.30887
847.144 -272.026 2.30967
847.147 -272.666 2.30547
847.151 -273.32 2.30112
846.414 -283.232 2.20983
846.945 -283.075 2.2234
847.47 -282.919 2.23672
847.859 -283.037 2.24464
848.101 -283.467 2.24662
848.253 -284.105 2.24476
856.503 -271.985 2.52829
866.341 -247.571 2.95219
866.47 -247.577 2.95478
868.5 -242.303 3.04435
868.942 -241.301 3.06249
869.031 -241.275 3.06452
869.1 -241.306 3.06559
869.274 -241.019 3.07169
869.341 -241.049 3.0727
869.408 -241.08 3.07371
869.475 -241.11 3.07469
869.543 -241.141 3.07567
869.61 -241.171 3.07664
869.586 -241.525 3.07274
869.656 -241.556 3.07371
869.727 -241.588 3.07467
869.856 -241.393 3.07892
869.952 -241.319 3.08136
870.02 -241.349 3.08225
870.089 -241.38 3.08312
870.158 -241.411 3.08399
870.226 -241.442 3.08484
870.296 -241.474 3.08569
870.294 -241.844 3.08187
868.632 -250.461 2.9661
868.59 -251.399 2.95574
868.544 -252.429 2.94434
863.539 -281.056 2.56785
863.569 -285.206 2.52499
865.276 -276.896 2.63814
872.038 -236.083 3.16892
872.143 -236.097 3.17016
868.798 -287.248 2.57627
850.15 -243.482 2.39577
850.092 -243.721 2.39394
850.033 -243.962 2.39209
849.975 -244.205 2.39021
849.916 -244.452 2.3883
849.858 -244.701 2.38636
849.801 -244.952 2.38439
849.743 -245.207 2.3824
849.686 -245.464 2.38037
849.629 -245.724 2.37832
849.573 -245.987 2.37623
849.517 -246.254 2.37412
849.461 -246.523 2.37197
849.405 -246.795 2.36979
849.35 -247.071 2.36758
849.295 -247.349 2.36533
849.24 -247.631 2.36305
849.186 -247.916 2.36074
849.132 -248.205 2.35839
849.079 -248.497 2.356
849.025 -248.793 2.35358
848.973 -249.092 2.35112
848.92 -249.394 2.34862
848.868 -249.701 2.34609
848.817 -250.011 2.34351
848.766 -250.325 2.3409
848.715 -250.643 2.33824
848.665 -250.965 2.33554
848.616 -251.291 2.3328
848.567 -251.621 2.33001
848.518 -251.955 2.32718
848.47 -252.294 2.32431
848.423 -252.637 2.32139
848.376 -252.984 2.31842
848.329 -253.336 2.3154
848.284 -253.693 2.31234
848.239 -254.054 2.30922
848.194 -254.42 2.30606
848.15 -254.791 2.30284
848.107 -255.168 2.29956
848.065 -255.549 2.29624
848.023 -255.935 2.29285
847.982 -256.327 2.28941
847.942 -256.724 2.28592
847.903 -257.127 2.28236
847.865 -257.535 2.27874
847.827 -257.949 2.27506
847.79 -258.369 2.27132
847.754 -258.795 2.26751
847.719 -259.227 2.26364
847.685 -259.666 2.2597
847.653 -260.11 2.25568
847.621 -260.562 2.2516
847.59 -261.02 2.24745
839.306 -271.533 1.91741
839.445 -271.941 1.91872
839.343 -272.658 1.91031
839.659 -272.857 1.91837
839.948 -273.09 1.9253
840.125 -273.47 1.92762
842.006 -271.593 1.9985
840.358 -274.405 1.92705
840.412 -274.97 1.92399
841.97 -273.458 1.98216
839.481 -277.59 1.87486
839.557 -278.176 1.87201
839.286 -279.276 1.85465
839.698 -279.397 1.86533
840.313 -279.212 1.8844
845.85 -271.55 2.10993
846.112 -271.768 2.11525
845.573 -273.239 2.08658
845.987 -273.238 2.09799
846.171 -273.6 2.09959
843.238 -279.075 1.96674
843.909 -278.721 1.98833
844.355 -278.729 2.00024
844.632 -279.022 2.00469
844.864 -279.394 2.00708
845.159 -279.663 2.01208
845.447 -279.946 2.01668
846.882 -278.13 2.07282
847.262 -278.213 2.0817
847.554 -278.46 2.08653
847.804 -278.79 2.08931
846.52 -283.028 2.01092
847.06 -282.85 2.02625
847.509 -282.847 2.0373
847.867 -283.027 2.044
848.226 -283.208 2.05061
848.386 -283.822 2.04742
848.541 -284.466 2.04368
856.504 -271.987 2.3748
866.343 -247.568 2.89068
867.88 -243.75 2.97128
868.505 -242.292 3.00288
868.946 -241.291 3.02479
869.04 -241.251 3.02728
869.108 -241.284 3.02829
869.264 -241.049 3.03452
869.342 -241.048 3.03612
869.409 -241.078 3.03709
869.476 -241.109 3.03805
869.544 -241.139 3.03899
869.611 -241.17 3.03992
869.587 -241.523 3.03481
869.657 -241.555 3.03574
869.727 -241.587 3.03666
869.798 -241.618 3.03756
869.953 -241.317 3.04445
870.021 -241.348 3.0453
870.09 -241.379 3.04613
870.158 -241.41 3.04694
870.227 -241.441 3.04774
870.223 -241.81 3.04265
870.295 -241.842 3.04345
868.633 -250.465 2.89694
868.591 -251.403 2.88335
868.545 -252.434 2.86838
863.544 -281.043 2.39072
863.571 -285.21 2.33332
865.276 -276.908 2.47593
872.005 -236.057 3.15122
872.04 -236.061 3.15165
872.075 -236.065 3.15207
872.11 -236.071 3.15247
872.145 -236.076 3.15286
868.8 -287.25 2.37966
852.159 -242.558 2.38905
852.118 -242.769 2.38733
852.077 -242.983 2.3856
852.038 -243.199 2.38384
851.998 -243.417 2.38205
851.959 -243.637 2.38025
851.92 -243.859 2.37842
851.882 -244.083 2.37656
851.845 -244.309 2.37468
851.808 -244.538 2.37278
851.771 -244.769 2.37085
851.735 -245.002 2.36889
851.7 -245.238 2.36691
851.665 -245.476 2.3649
851.63 -245.716 2.36286
851.596 -245.959 2.36079
851.563 -246.204 2.3587
851.531 -246.452 2.35658
851.499 -246.702 2.35442
851.467 -246.955 2.35224
851.437 -247.21 2.35003
851.407 -247.468 2.34779
851.377 -247.729 2.34552
851.349 -247.992 2.34321
851.321 -248.259 2.34087
851.293 -248.528 2.3385
851.267 -248.8 2.3361
851.241 -249.075 2.33366
851.216 -249.352 2.33119
851.192 -249.633 2.32869
851.169 -249.917 2.32615
851.146 -250.204 2.32357
851.125 -250.494 2.32095
851.104 -250.788 2.3183
851.084 -251.084 2.31561
851.065 -251.384 2.31288
851.047 -251.687 2.31011
851.03 -251.994 2.3073
851.014 -252.304 2.30445
850.999 -252.618 2.30156
850.985 -252.935 2.29863
850.972 -253.256 2.29565
850.96 -253.58 2.29263
850.949 -253.908 2.28957
850.94 -254.24 2.28646
850.931 -254.576 2.2833
850.924 -254.916 2.2801
850.918 -255.26 2.27685
850.913 -255.608 2.27355
850.91 -255.96 2.2702
850.908 -256.316 2.2668
850.907 -256.677 2.26334
850.908 -257.042 2.25984
850.91 -257.411 2.25628
850.913 -257.785 2.25267
850.918 -258.163 2.249
850.925 -258.546 2.24528
850.933 -258.934 2.24149
850.942 -259.326 2.23765
850.954 -259.724 2.23375
850.967 -260.126 2.22979
850.982 -260.534 2.22577
850.998 -260.947 2.22168
851.017 -261.364 2.21753
844.128 -271.655 1.88691
844.072 -272.345 1.87722
844.229 -272.737 1.8774
844.249 -273.339 1.87085
845.72 -271.752 1.93418
845.876 -272.137 1.93417
845.004 -274.134 1.8838
845.909 -273.368 1.91996
845.835 -274.148 1.90803
845.784 -274.911 1.89691
844.258 -278.147 1.81151
844.628 -278.273 1.82049
845.065 -278.283 1.83279
845.568 -278.173 1.84843
846.16 -277.893 1.86874
846.625 -277.829 1.88251
847.045 -277.837 1.894
847.498 -277.78 1.90716
848.012 -277.597 1.92366
848.431 -277.587 1.93509
848.847 -277.576 1.94636
849.067 -277.95 1.94693
849.936 -277.014 1.98304
850.409 -276.857 1.99763
850.874 -276.705 2.01184
851.283 -276.663 2.02293
851.685 -276.628 2.03366
852.084 -276.594 2.04421
852.492 -276.531 2.05534
853.098 -276.003 2.07821
853.592 -275.715 2.09463
854.021 -275.565 2.10733
854.448 -275.409 2.11998
856.22 -271.88 2.21618
856.506 -271.989 2.22128
866.345 -247.565 2.8292
867.898 -243.703 2.92522
868.509 -242.283 2.96142
868.95 -241.282 2.98716
869.049 -241.226 2.99026
869.118 -241.257 2.99128
869.187 -241.288 2.99228
869.332 -241.081 2.99875
869.4 -241.11 2.99973
869.468 -241.139 3.00069
869.536 -241.168 3.00163
869.532 -241.444 2.99703
869.602 -241.475 2.99794
869.671 -241.507 2.99881
869.741 -241.54 2.99965
869.81 -241.572 3.00047
869.931 -241.404 3.00564
870.014 -241.377 3.0077
870.084 -241.407 3.00851
870.153 -241.436 3.0093
870.222 -241.466 3.01008
870.232 -241.772 3.00507
870.303 -241.805 3.00578
868.641 -250.431 2.82856
868.591 -251.408 2.81091
868.545 -252.439 2.79236
863.548 -281.036 2.21355
863.573 -285.216 2.14157
865.275 -276.929 2.31345
872.006 -236.056 3.13371
872.041 -236.06 3.13413
872.075 -236.064 3.13455
872.11 -236.068 3.13496
872.145 -236.073 3.13536
868.802 -287.258 2.18289
871.907 -290.804 2.1573
853.85 -241.779 2.38338
853.823 -241.969 2.38177
853.796 -242.161 2.38014
853.769 -242.354 2.37849
853.744 -242.549 2.37682
853.719 -242.745 2.37513
853.694 -242.944 2.37342
853.67 -243.144 2.37169
853.647 -243.345 2.36993
853.624 -243.549 2.36816
853.602 -243.754 2.36636
853.581 -243.961 2.36454
853.56 -244.17 2.3627
853.54 -244.38 2.36083
853.521 -244.593 2.35895
853.502 -244.807 2.35704
853.484 -245.024 2.3551
853.467 -245.242 2.35314
853.451 -245.462 2.35116
853.435 -245.684 2.34915
853.42 -245.908 2.34711
853.406 -246.134 2.34505
853.393 -246.362 2.34297
853.38 -246.593 2.34086
853.369 -246.825 2.33872
853.358 -247.059 2.33655
853.348 -247.296 2.33436
853.339 -247.535 2.33214
853.331 -247.776 2.32989
853.324 -248.019 2.32761
853.318 -248.264 2.3253
853.313 -248.512 2.32297
853.309 -248.762 2.3206
853.306 -249.015 2.3182
853.304 -249.27 2.31578
853.302 -249.527 2.31332
853.303 -249.786 2.31083
853.304 -250.049 2.3083
853.306 -250.313 2.30575
853.309 -250.58 2.30316
853.314 -250.85 2.30054
853.319 -251.122 2.29788
853.326 -251.397 2.29519
853.335 -251.675 2.29246
853.344 -251.955 2.2897
853.355 -252.238 2.2869
853.367 -252.524 2.28407
853.38 -252.813 2.2812
853.395 -253.104 2.27829
853.411 -253.398 2.27534
853.429 -253.696 2.27235
853.448 -253.996 2.26932
853.468 -254.299 2.26626
853.49 -254.605 2.26315
853.514 -254.914 2.26
853.539 -255.227 2.25681
853.566 -255.542 2.25357
853.594 -255.861 2.25029
853.625 -256.183 2.24697
853.656 -256.508 2.24361
853.69 -256.837 2.24019
853.721 -257.175 2.23649
853.673 -257.63 2.22847
853.624 -258.097 2.22018
853.574 -258.575 2.21161
853.522 -259.066 2.20276
853.469 -259.57 2.19361
853.414 -260.088 2.18416
853.358 -260.62 2.17437
853.301 -261.166 2.16425
853.242 -261.728 2.15378
847.617 -271.28 1.8308
847.897 -271.456 1.83667
848.13 -271.709 1.83983
848.417 -271.874 1.84595
848.012 -273.227 1.81203
848.241 -273.512 1.81429
848.444 -273.848 1.81481
848.69 -274.111 1.81775
848.489 -275.197 1.79387
849.049 -274.894 1.81521
848.241 -277.171 1.75361
848.661 -277.151 1.76596
849.194 -276.902 1.7853
849.7 -276.694 1.80309
850.243 -276.396 1.82338
850.73 -276.2 1.84022
851.172 -276.084 1.85437
851.597 -275.996 1.86745
852.044 -275.849 1.88209
852.474 -275.731 1.89566
852.961 -275.476 1.91309
853.39 -275.336 1.92684
853.816 -275.194 1.94046
854.252 -275.018 1.95487
854.708 -274.779 1.97088
856.223 -271.878 2.06274
856.508 -271.991 2.06773
855.789 -274.72 1.99891
866.347 -247.562 2.76773
867.916 -243.656 2.8795
868.496 -242.32 2.91876
868.929 -241.343 2.94764
869.05 -241.224 2.95277
869.119 -241.255 2.95376
869.188 -241.286 2.95473
869.257 -241.317 2.95569
869.326 -241.349 2.95663
869.395 -241.38 2.95755
869.464 -241.411 2.95845
869.533 -241.442 2.95933
869.603 -241.474 2.96019
869.672 -241.505 2.96104
869.742 -241.536 2.96186
869.812 -241.568 2.96267
869.882 -241.599 2.96346
869.953 -241.631 2.96423
870.023 -241.663 2.96498
870.094 -241.695 2.96572
870.165 -241.727 2.96643
870.236 -241.759 2.96713
870.307 -241.791 2.96781
868.633 -250.473 2.75852
868.591 -251.412 2.73842
868.545 -252.444 2.7163
863.793 -279.689 2.06841
865.255 -273.253 2.2274
864.405 -280.214 2.06811
864.711 -280.501 2.06731
865.02 -280.792 2.06637
865.325 -281.137 2.06417
872.006 -236.055 3.1162
872.041 -236.059 3.11662
872.076 -236.063 3.11704
872.111 -236.067 3.11744
872.145 -236.072 3.11784
868.804 -287.269 1.98599
871.909 -290.794 1.94891
872.325 -290.943 1.95031
855.294 -241.114 2.37854
855.277 -241.286 2.37703
855.26 -241.459 2.37549
855.244 -241.634 2.37394
855.229 -241.81 2.37237
855.214 -241.988 2.37078
855.2 -242.166 2.36918
855.187 -242.347 2.36755
855.174 -242.528 2.36591
855.162 -242.711 2.36425
855.151 -242.895 2.36257
855.14 -243.081 2.36087
855.131 -243.268 2.35915
855.122 -243.456 2.35741
855.113 -243.646 2.35565
855.106 -243.838 2.35388
855.099 -244.031 2.35208
855.082 -244.234 2.3497
855.06 -244.443 2.347
855.038 -244.655 2.34423
855.015 -244.869 2.34137
854.992 -245.087 2.33842
854.969 -245.308 2.33539
854.946 -245.531 2.33227
854.922 -245.758 2.32906
854.898 -245.988 2.32576
854.873 -246.222 2.32236
854.848 -246.459 2.31886
854.823 -246.7 2.31525
854.797 -246.944 2.31155
854.771 -247.192 2.30774
854.744 -247.444 2.30382
854.717 -247.7 2.29978
854.69 -247.96 2.29563
854.662 -248.225 2.29137
854.634 -248.494 2.28698
854.605 -248.767 2.28246
854.576 -249.045 2.27782
854.567 -249.307 2.27415
854.598 -249.532 2.2725
854.63 -249.758 2.27082
854.648 -250.002 2.26828
854.63 -250.288 2.26374
854.625 -250.564 2.25979
854.635 -250.828 2.25653
854.646 -251.095 2.2532
854.634 -251.393 2.24849
854.607 -251.712 2.24286
854.639 -251.969 2.24028
854.654 -252.248 2.23672
854.599 -252.617 2.22912
854.627 -252.891 2.22598
854.692 -253.124 2.22483
854.746 -253.373 2.22296
854.784 -253.647 2.22006
854.392 -254.48 2.19244
854.476 -254.711 2.19175
854.548 -254.961 2.1903
854.612 -255.225 2.18823
854.433 -255.825 2.17189
854.494 -256.106 2.16931
854.559 -256.387 2.16683
854.636 -256.655 2.16492
854.713 -256.927 2.16288
854.846 -257.121 2.16407
854.98 -257.316 2.16522
855.081 -257.564 2.16422
855.208 -257.775 2.16471
855.052 -258.431 2.14761
855.087 -258.801 2.14197
855.055 -259.286 2.132
854.823 -260.112 2.10903
854.765 -260.669 2.09671
854.889 -260.933 2.09569
854.902 -261.391 2.08739
854.359 -262.834 2.04244
853 -265.766 1.94295
853.069 -266.214 1.9364
852.731 -267.422 1.90219
853.012 -267.507 1.90915
853.297 -267.587 1.91622
851.644 -271.401 1.78989
851.962 -271.476 1.79786
852.213 -271.681 1.80118
852.437 -271.945 1.80234
852.69 -272.15 1.80552
852.91 -272.431 1.80604
852.642 -273.76 1.77069
852.915 -273.954 1.77438
853.23 -274.056 1.78108
854.242 -272.576 1.84058
854.61 -272.524 1.8518
854.911 -272.622 1.85793
854.685 -273.983 1.82254
855.028 -274.001 1.83129
856.226 -271.877 1.90924
856.51 -271.993 1.91415
856.282 -273.444 1.87634
866.351 -247.554 2.70643
867.932 -243.613 2.83398
868.484 -242.357 2.87582
868.808 -241.688 2.89885
869.035 -241.269 2.91386
869.12 -241.254 2.91625
869.189 -241.285 2.9172
869.258 -241.316 2.91812
869.327 -241.347 2.91903
869.396 -241.378 2.91992
869.465 -241.409 2.92078
869.534 -241.441 2.92163
869.604 -241.472 2.92245
869.673 -241.503 2.92326
869.743 -241.535 2.92404
869.813 -241.566 2.9248
869.883 -241.598 2.92555
869.953 -241.63 2.92627
870.024 -241.661 2.92697
870.095 -241.693 2.92766
870.165 -241.725 2.92832
870.236 -241.757 2.92896
870.298 -241.838 2.92823
868.633 -250.477 2.68926
868.591 -251.417 2.66591
868.545 -252.448 2.64022
863.883 -279.2 1.90926
864.193 -279.409 1.90981
864.5 -279.654 1.90933
864.803 -279.936 1.90778
865.109 -280.219 1.90615
865.418 -280.506 1.90438
865.73 -280.796 1.90249
866.045 -281.087 1.9005
866.364 -281.381 1.89843
866.686 -281.678 1.8962
872.007 -236.054 3.09869
872.041 -236.058 3.09912
872.076 -236.062 3.09953
872.111 -236.066 3.09993
872.146 -236.07 3.10033
868.805 -287.281 1.78894
871.911 -290.788 1.74037
872.327 -290.954 1.74086
855.869 -240.937 2.33843
855.796 -241.139 2.33355
855.73 -241.339 2.32899
855.676 -241.535 2.32499
855.636 -241.723 2.32174
855.604 -241.91 2.31879
855.573 -242.097 2.3159
855.549 -242.283 2.31324
855.516 -242.476 2.31011
855.489 -242.667 2.3072
855.464 -242.859 2.30436
855.433 -243.058 2.30111
855.414 -243.25 2.29846
855.425 -243.423 2.29736
855.436 -243.598 2.29624
855.487 -243.745 2.29719
855.537 -243.893 2.29803
855.584 -244.044 2.29869
855.631 -244.196 2.29927
855.679 -244.349 2.29985
855.73 -244.5 2.30053
855.785 -244.648 2.30139
855.839 -244.799 2.30209
855.892 -244.951 2.30275
855.946 -245.104 2.30334
856 -245.257 2.30393
856.041 -245.424 2.30365
856.065 -245.606 2.3024
856.046 -245.829 2.29863
855.965 -246.111 2.29128
855.953 -246.334 2.28774
855.921 -246.579 2.28299
855.754 -246.956 2.27038
855.678 -247.252 2.26283
855.541 -247.614 2.25165
855.563 -247.824 2.24952
855.532 -248.091 2.24424
855.553 -248.309 2.24181
855.586 -248.518 2.24002
855.67 -248.676 2.24109
855.764 -248.824 2.24274
855.863 -248.967 2.24458
855.898 -249.182 2.24256
855.715 -249.639 2.22747
855.787 -249.821 2.2274
855.868 -249.996 2.22774
855.95 -250.169 2.22814
855.993 -250.39 2.22606
855.986 -250.674 2.22082
856.044 -250.884 2.21943
856.137 -251.054 2.22008
856.205 -251.257 2.21908
856.248 -251.495 2.21641
856.358 -251.649 2.21786
856.462 -251.814 2.21879
856.523 -252.036 2.21694
856.581 -252.265 2.21481
856.658 -252.472 2.21372
856.753 -252.657 2.21374
856.672 -253.089 2.2022
856.705 -253.369 2.1979
856.778 -253.597 2.19601
856.885 -253.78 2.19625
856.904 -254.095 2.19051
856.87 -254.496 2.18103
856.874 -254.847 2.17392
856.901 -255.17 2.16815
856.918 -255.515 2.16147
856.944 -255.854 2.15518
856.982 -256.182 2.14945
856.985 -256.572 2.14116
857.01 -256.935 2.13412
857.005 -257.358 2.12471
857.066 -257.676 2.11973
857.152 -257.96 2.11628
857.192 -258.329 2.10934
857.236 -258.7 2.10245
857.281 -259.078 2.09534
857.346 -259.428 2.08944
857.479 -259.658 2.0884
857.642 -259.833 2.08955
857.824 -259.974 2.09202
857.275 -261.575 2.03735
856.997 -262.681 2.00265
856.711 -263.836 1.9665
856.395 -265.094 1.92687
856.205 -266.125 1.89643
856.382 -266.386 1.89542
856.61 -266.541 1.89838
856.883 -266.595 1.90502
857.055 -266.879 1.90306
857.023 -267.652 1.88309
857.286 -267.741 1.88834
857.524 -267.891 1.89129
857.774 -268.013 1.89518
858.04 -268.097 1.90039
858.318 -268.146 1.90672
866.348 -247.565 2.64448
867.934 -243.611 2.78734
868.438 -242.485 2.82941
868.795 -241.727 2.85815
869.01 -241.344 2.87356
869.121 -241.253 2.87873
869.19 -241.284 2.87965
869.259 -241.315 2.88055
869.328 -241.346 2.88143
869.397 -241.377 2.88228
869.466 -241.408 2.88311
869.535 -241.439 2.88392
869.605 -241.471 2.88471
869.674 -241.502 2.88547
869.744 -241.533 2.88621
869.814 -241.565 2.88693
869.884 -241.596 2.88763
869.954 -241.628 2.88831
870.025 -241.66 2.88896
870.096 -241.692 2.88959
870.166 -241.724 2.8902
870.237 -241.756 2.89078
868.672 -249.622 2.64422
868.633 -250.482 2.61993
868.591 -251.421 2.59332
868.545 -252.453 2.56404
864.91 -273.508 1.91471
864.279 -278.923 1.75336
864.589 -279.13 1.75332
864.893 -279.382 1.7518
871.8 -236.016 3.07876
871.835 -236.022 3.07922
871.869 -236.027 3.07966
871.904 -236.032 3.08009
871.938 -236.037 3.08051
866.756 -281.087 1.7358
872.006 -236.06 3.08098
872.041 -236.063 3.08143
872.076 -236.066 3.08187
872.111 -236.069 3.0823
872.146 -236.073 3.08271
868.749 -282.727 1.71967
869.089 -283.064 1.71493
869.423 -283.561 1.70545
871.914 -290.782 1.53191
872.33 -290.965 1.53133
873.039 -278.67 1.88696
856.96 -240.441 2.33211
856.93 -240.607 2.32918
856.904 -240.774 2.32638
856.883 -240.939 2.32382
856.863 -241.106 2.32125
856.843 -241.274 2.31866
856.824 -241.443 2.31603
856.805 -241.614 2.31336
856.787 -241.786 2.31065
856.768 -241.96 2.30788
856.748 -242.138 2.30493
856.728 -242.318 2.30192
856.713 -242.496 2.29911
856.698 -242.675 2.29628
856.693 -242.85 2.29392
856.701 -243.016 2.29234
856.729 -243.17 2.29179
856.8 -243.291 2.29377
856.886 -243.4 2.29661
856.973 -243.509 2.29942
857.055 -243.621 2.30191
857.137 -243.734 2.30432
857.213 -243.852 2.30637
857.02 -244.197 2.29212
856.998 -244.403 2.28804
856.983 -244.606 2.2843
857.008 -244.776 2.28294
857.071 -244.914 2.28377
857.137 -245.05 2.28477
857.096 -245.284 2.27915
857.068 -245.511 2.27418
857.069 -245.713 2.27091
857.099 -245.891 2.26933
857.124 -246.076 2.26734
857.148 -246.263 2.26523
857.191 -246.433 2.26427
857.238 -246.602 2.26339
857.311 -246.745 2.26413
857.374 -246.899 2.26418
857.424 -247.069 2.26329
857.461 -247.255 2.26145
857.485 -247.457 2.25872
857.508 -247.664 2.25577
857.53 -247.873 2.25272
857.508 -248.137 2.24661
857.542 -248.339 2.24413
857.586 -248.533 2.24215
857.517 -248.864 2.23252
857.497 -249.142 2.22601
857.467 -249.437 2.21871
857.483 -249.681 2.21429
857.56 -249.853 2.21387
857.648 -250.013 2.21408
857.749 -250.156 2.21514
857.845 -250.308 2.21575
857.766 -250.694 2.20412
857.77 -250.976 2.19807
857.856 -251.152 2.19757
857.914 -251.369 2.19497
857.976 -251.583 2.19256
858.042 -251.795 2.1903
858.11 -252.007 2.18802
858.164 -252.243 2.18463
858.233 -252.461 2.18215
858.274 -252.726 2.1774
858.329 -252.974 2.17358
858.366 -253.254 2.16824
858.444 -253.475 2.16578
858.515 -253.712 2.16261
858.566 -253.985 2.15774
858.63 -254.242 2.15372
858.742 -254.424 2.15318
858.873 -254.575 2.15406
859.017 -254.705 2.15582
859.006 -255.113 2.14507
858.947 -255.616 2.13016
858.977 -255.969 2.12212
859.016 -256.316 2.11442
859.048 -256.683 2.10594
859.08 -257.062 2.09707
859.107 -257.459 2.08748
859.142 -257.85 2.07825
859.175 -258.256 2.06848
859.211 -258.669 2.05852
859.252 -259.08 2.04876
859.313 -259.463 2.04028
859.407 -259.783 2.03448
859.509 -260.093 2.02913
859.584 -260.472 2.021
859.593 -261.017 2.00613
859.597 -261.59 1.99032
859.661 -262.039 1.97966
859.756 -262.427 1.97153
859.85 -262.828 1.96292
859.92 -263.303 1.95146
866.213 -247.576 2.57875
866.353 -247.556 2.58326
867.936 -243.608 2.74074
868.312 -242.837 2.77335
868.782 -241.765 2.81717
868.905 -241.651 2.82379
869.088 -241.353 2.83733
869.191 -241.282 2.84212
869.26 -241.313 2.84299
869.329 -241.344 2.84384
869.398 -241.375 2.84466
869.467 -241.407 2.84545
869.536 -241.438 2.84623
869.606 -241.469 2.84697
869.675 -241.5 2.8477
869.745 -241.532 2.8484
869.815 -241.563 2.84908
869.885 -241.595 2.84973
869.955 -241.627 2.85035
870.026 -241.658 2.85096
870.096 -241.69 2.85154
870.167 -241.722 2.85209
868.629 -249.198 2.5901
868.611 -249.916 2.56769
868.592 -250.69 2.54344
868.571 -251.528 2.51714
863.772 -277.965 1.60351
864.064 -278.219 1.60134
865.13 -274.01 1.75265
864.67 -278.65 1.59954
864.979 -278.852 1.59897
871.803 -235.997 3.0619
871.837 -236.003 3.06236
871.872 -236.008 3.0628
871.906 -236.013 3.06323
871.941 -236.018 3.06364
871.975 -236.024 3.06405
872.01 -236.029 3.06445
872.044 -236.034 3.06483
872.079 -236.039 3.0652
872.113 -236.044 3.06556
872.148 -236.05 3.06591
872.182 -236.055 3.06625
872.217 -236.06 3.06658
872.252 -236.065 3.0669
872.286 -236.07 3.0672
872.321 -236.075 3.0675
870.522 -283.687 1.53216
870.872 -284.238 1.51902
871.229 -284.8 1.50548
871.916 -290.776 1.32345
872.332 -290.976 1.32171
873.041 -278.668 1.7207
873.37 -278.508 1.7291
857.892 -240.021 2.32447
857.893 -240.162 2.32307
857.893 -240.304 2.32158
857.879 -240.456 2.31912
857.851 -240.62 2.31574
857.823 -240.785 2.31231
857.807 -240.944 2.30955
857.796 -241.101 2.307
857.785 -241.26 2.30442
857.774 -241.421 2.30178
857.759 -241.586 2.29884
857.753 -241.747 2.29631
857.749 -241.907 2.29391
857.734 -242.078 2.29074
857.732 -242.241 2.2883
857.746 -242.393 2.28685
857.751 -242.554 2.28467
857.766 -242.709 2.28313
857.798 -242.852 2.28255
857.828 -242.996 2.28184
857.857 -243.144 2.281
857.892 -243.287 2.28044
857.935 -243.426 2.28029
857.958 -243.582 2.27885
857.931 -243.783 2.27404
857.959 -243.938 2.27276
857.978 -244.104 2.27076
857.948 -244.315 2.26548
857.908 -244.539 2.25939
857.879 -244.757 2.25394
857.882 -244.946 2.25055
857.913 -245.112 2.24892
857.941 -245.283 2.24694
857.967 -245.457 2.24478
858.007 -245.619 2.24349
858.043 -245.787 2.24184
858.077 -245.959 2.23994
858.107 -246.136 2.23774
858.112 -246.344 2.23364
858.152 -246.516 2.23185
858.18 -246.703 2.22917
858.206 -246.895 2.22622
858.304 -247.01 2.22818
858.402 -247.124 2.23013
858.479 -247.263 2.23054
858.522 -247.443 2.22841
858.553 -247.639 2.22532
858.589 -247.833 2.22245
858.623 -248.032 2.2193
858.668 -248.219 2.21692
858.726 -248.394 2.21527
858.784 -248.57 2.21359
858.841 -248.75 2.21165
858.904 -248.925 2.21006
858.985 -249.078 2.20973
859.07 -249.227 2.20962
859.072 -249.491 2.20309
859.107 -249.715 2.19889
859.09 -250.017 2.19047
859.147 -250.218 2.18763
859.156 -250.493 2.18088
859.25 -250.647 2.18065
859.331 -250.823 2.17926
859.396 -251.026 2.17647
859.459 -251.236 2.1733
859.524 -251.445 2.17025
859.594 -251.652 2.16732
859.642 -251.895 2.16254
859.673 -252.174 2.15602
859.717 -252.435 2.15049
859.775 -252.678 2.14586
859.825 -252.94 2.14037
859.883 -253.196 2.13527
859.94 -253.456 2.12997
860.001 -253.717 2.12469
860.061 -253.984 2.11915
860.131 -254.238 2.1143
860.235 -254.435 2.11224
860.339 -254.635 2.11003
860.446 -254.833 2.10789
860.548 -255.046 2.10507
860.625 -255.313 2.09971
860.671 -255.651 2.09112
860.721 -255.989 2.08263
860.775 -256.33 2.07407
860.832 -256.672 2.06552
860.892 -257.019 2.05682
860.953 -257.371 2.04796
861.017 -257.728 2.03894
861.084 -258.091 2.02976
861.147 -258.472 2.01983
861.22 -258.842 2.01049
861.295 -259.217 2.00097
861.368 -259.612 1.99067
861.382 -260.171 1.97332
866.348 -247.572 2.52096
867.937 -243.606 2.69414
868.317 -242.825 2.73013
868.686 -242.04 2.7659
868.906 -241.649 2.78474
869.001 -241.613 2.78852
869.192 -241.281 2.80459
869.261 -241.312 2.80543
869.33 -241.343 2.80625
869.399 -241.374 2.80704
869.468 -241.405 2.8078
869.537 -241.436 2.80854
869.607 -241.468 2.80925
869.676 -241.499 2.80993
869.746 -241.53 2.81059
869.816 -241.562 2.81122
869.886 -241.593 2.81183
869.956 -241.625 2.81241
870.027 -241.657 2.81296
870.097 -241.689 2.81349
870.168 -241.72 2.81399
868.587 -249.394 2.51766
868.551 -250.208 2.48908
868.512 -251.094 2.45789
868.508 -251.858 2.43163
865.216 -270.256 1.73142
864.181 -277.581 1.45821
865.167 -273.81 1.60793
864.762 -278.109 1.45141
871.772 -235.973 3.04471
871.806 -235.979 3.04517
871.84 -235.984 3.04562
871.875 -235.989 3.04606
871.909 -235.994 3.04648
871.943 -236 3.0469
871.978 -236.005 3.0473
872.012 -236.01 3.04769
872.046 -236.015 3.04807
872.081 -236.02 3.04843
872.115 -236.025 3.04878
872.15 -236.031 3.04913
872.184 -236.036 3.04946
872.219 -236.041 3.04977
872.253 -236.046 3.05008
872.288 -236.051 3.05037
872.322 -236.056 3.05065
872.357 -236.061 3.05093
870.913 -283 1.37726
871.267 -283.357 1.36898
871.624 -283.8 1.35759
871.986 -284.353 1.34223
872.356 -284.913 1.32661
872.734 -285.482 1.31057
873.043 -278.665 1.55442
873.372 -278.509 1.56326
858.456 -239.813 2.29981
858.475 -239.938 2.29936
858.492 -240.066 2.29868
858.514 -240.19 2.29831
858.53 -240.32 2.29748
858.548 -240.448 2.29676
858.566 -240.578 2.29596
858.583 -240.71 2.295
858.603 -240.841 2.29417
858.629 -240.969 2.29372
858.659 -241.094 2.29346
858.67 -241.234 2.29191
858.672 -241.382 2.28962
858.673 -241.533 2.28719
858.69 -241.673 2.28579
858.626 -241.876 2.2788
858.589 -242.062 2.27355
858.638 -242.181 2.27415
858.702 -242.29 2.27569
858.747 -242.414 2.27582
858.792 -242.538 2.27599
858.824 -242.675 2.27511
858.822 -242.843 2.27177
858.759 -243.064 2.26417
858.766 -243.229 2.26126
858.79 -243.379 2.25951
858.774 -243.568 2.25484
858.809 -243.712 2.25369
858.841 -243.86 2.25226
858.807 -244.073 2.24601
858.81 -244.253 2.24228
858.876 -244.374 2.243
858.88 -244.557 2.23921
858.86 -244.766 2.23354
858.76 -245.061 2.22184
858.801 -245.216 2.22037
858.861 -245.352 2.22021
858.894 -245.518 2.21794
858.924 -245.689 2.21538
858.967 -245.849 2.21366
859.013 -246.007 2.21202
859.076 -246.147 2.21166
859.154 -246.272 2.21233
859.21 -246.423 2.2112
859.281 -246.558 2.21117
859.299 -246.759 2.20688
859.315 -246.963 2.20237
859.351 -247.147 2.19925
859.398 -247.319 2.19696
859.449 -247.489 2.19479
859.504 -247.657 2.19277
859.564 -247.819 2.19114
859.63 -247.977 2.18982
859.705 -248.125 2.18907
859.83 -248.206 2.19238
859.922 -248.332 2.19291
860.004 -248.474 2.19248
860.074 -248.634 2.19095
860.146 -248.794 2.1895
860.224 -248.946 2.18843
860.306 -249.094 2.18764
860.394 -249.237 2.18711
860.479 -249.385 2.18634
860.562 -249.539 2.1852
860.641 -249.7 2.18362
860.714 -249.874 2.18135
860.784 -250.056 2.17866
860.85 -250.246 2.17554
860.919 -250.436 2.17243
860.987 -250.631 2.16905
861.064 -250.813 2.16643
861.137 -251.008 2.16312
861.197 -251.227 2.15855
861.243 -251.478 2.15233
861.087 -252.105 2.12647
861.151 -252.338 2.12139
861.221 -252.567 2.11658
861.29 -252.802 2.11151
861.363 -253.036 2.10649
861.435 -253.277 2.10119
861.519 -253.499 2.09687
861.607 -253.716 2.09277
861.692 -253.946 2.0881
861.733 -254.277 2.07841
861.808 -254.544 2.07201
861.897 -254.784 2.06692
861.99 -255.022 2.06195
862.086 -255.262 2.05691
862.183 -255.504 2.05179
862.282 -255.748 2.04662
862.385 -255.989 2.04161
862.487 -256.239 2.03615
862.583 -256.514 2.02955
862.671 -256.817 2.02169
866.323 -247.642 2.4561
867.939 -243.603 2.64754
868.322 -242.813 2.68698
868.867 -241.528 2.74877
868.98 -241.438 2.75526
869.049 -241.471 2.75607
869.168 -241.355 2.76362
869.262 -241.31 2.76788
869.331 -241.341 2.76866
869.4 -241.372 2.76942
869.469 -241.404 2.77015
869.538 -241.435 2.77085
869.608 -241.466 2.77152
869.677 -241.497 2.77216
869.747 -241.529 2.77278
869.817 -241.56 2.77337
869.887 -241.592 2.77393
869.957 -241.624 2.77446
870.028 -241.655 2.77496
870.098 -241.687 2.77544
870.106 -242.003 2.76378
870.178 -242.038 2.76413
868.551 -250.211 2.42057
868.512 -251.098 2.38631
868.516 -251.823 2.35904
865.99 -266.131 1.76442
866.212 -266.3 1.76266
866.455 -266.363 1.76522
871.741 -235.95 3.02763
871.775 -235.955 3.0281
871.809 -235.96 3.02856
871.843 -235.965 3.02901
871.878 -235.971 3.02945
871.912 -235.976 3.02987
871.946 -235.981 3.03028
871.98 -235.986 3.03067
872.014 -235.991 3.03105
872.048 -235.996 3.03143
872.083 -236.002 3.03178
872.117 -236.007 3.03213
872.151 -236.012 3.03246
872.186 -236.017 3.03278
872.22 -236.022 3.03309
872.254 -236.027 3.03338
872.289 -236.032 3.03367
872.323 -236.037 3.03394
872.358 -236.042 3.03419
872.393 -236.047 3.03444
871.288 -282.565 1.21711
871.643 -282.835 1.21086
872.001 -283.109 1.20438
872.363 -283.502 1.19318
872.73 -283.937 1.18024
873.044 -278.663 1.38812
873.374 -278.509 1.39738
873.877 -285.583 1.12787
874.276 -286.162 1.10909
 ] }
 color Color { color [
0.199061 0 0.800939
0.195841 0 0.804159
0.192981 0 0.807019
0.196819 0 0.803181
0.197343 0 0.802657
0.19788 0 0.80212
0.198814 0 0.801186
0.199458 0 0.800542
0.200337 0 0.799663
0.19876 0 0.80124
0.595237 0 0.404763
0.590224 0 0.409776
0.585321 0 0.414679
0.586694 0 0.413306
0.590234 0 0.409766
0.593846 0 0.406154
0.597531 0 0.402469
0.503135 0 0.496865
0.500551 0 0.499449
0.498018 0 0.501982
0.495534 0 0.504466
0.493098 0 0.506902
0.490711 0 0.509289
0.488369 0 0.511631
0.486074 0 0.513926
0.483824 0 0.516176
0.481618 0 0.518382
0.479455 0 0.520545
0.477335 0 0.522665
0.475257 0 0.524743
0.480149 0 0.519851
0.485724 0 0.514276
0.491453 0 0.508547
0.439218 0 0.560782
0.176547 0 0.823453
0.176149 0 0.823851
0.175761 0 0.824239
0.109604 0 0.890396
0.109277 0 0.890723
0.109371 0 0.890629
0.10467 0 0.89533
0.10475 0 0.89525
0.104835 0 0.895165
0.104925 0 0.895075
0.105021 0 0.894979
0.105122 0 0.894878
0.110192 0 0.889808
0.110333 0 0.889667
0.110479 0 0.889521
0.110632 0 0.889368
0.105651 0 0.894349
0.105784 0 0.894216
0.105924 0 0.894076
0.106069 0 0.893931
0.106219 0 0.893781
0.111674 0 0.888326
0.18861 0 0.81139
0.197053 0 0.802947
0.206296 0 0.793704
0.195729 0 0.804271
0.192896 0 0.807104
0.195646 0 0.804354
0.196385 0 0.803615
0.197139 0 0.802861
0.197689 0 0.802311
0.198325 0 0.801675
0.199068 0 0.800932
0.198688 0 0.801312
0.197755 0 0.802245
0.595151 0 0.404849
0.590138 0 0.409862
0.585236 0 0.414764
0.586689 0 0.413311
0.590229 0 0.409771
0.593841 0 0.406159
0.597527 0 0.402473
0.503033 0 0.496967
0.50045 0 0.49955
0.497917 0 0.502083
0.495434 0 0.504566
0.492999 0 0.507001
0.490613 0 0.509387
0.488272 0 0.511728
0.485978 0 0.514022
0.483728 0 0.516272
0.481523 0 0.518477
0.479361 0 0.520639
0.477241 0 0.522759
0.475164 0 0.524836
0.480148 0 0.519852
0.485722 0 0.514278
0.491453 0 0.508547
0.439179 0 0.560821
0.176491 0 0.823509
0.176093 0 0.823907
0.175706 0 0.824295
0.109491 0 0.890509
0.107015 0 0.892985
0.107107 0 0.892893
0.104641 0 0.895359
0.104721 0 0.895279
0.104806 0 0.895194
0.104897 0 0.895103
0.104992 0 0.895008
0.105094 0 0.894906
0.107908 0 0.892092
0.108045 0 0.891955
0.108188 0 0.891812
0.107759 0 0.892241
0.105622 0 0.894378
0.105755 0 0.894245
0.105895 0 0.894105
0.106039 0 0.893961
0.10619 0 0.89381
0.106346 0 0.893654
0.111399 0 0.888601
0.197063 0 0.802937
0.206308 0 0.793692
0.549642 0 0.450358
0.464845 0 0.535155
0.517926 0 0.482074
0.192825 0 0.807175
0.195107 0 0.804893
0.19572 0 0.80428
0.196469 0 0.803531
0.19707 0 0.80293
0.197712 0 0.802288
0.19846 0 0.80154
0.198619 0 0.801381
0.197006 0 0.802994
0.595072 0 0.404928
0.59006 0 0.40994
0.58516 0 0.41484
0.586692 0 0.413308
0.590232 0 0.409768
0.593844 0 0.406156
0.59753 0 0.40247
0.502937 0 0.497063
0.500354 0 0.499646
0.497823 0 0.502177
0.49534 0 0.50466
0.492906 0 0.507094
0.490521 0 0.509479
0.488181 0 0.511819
0.485887 0 0.514113
0.483638 0 0.516362
0.481433 0 0.518567
0.479272 0 0.520728
0.477153 0 0.522847
0.475076 0 0.524924
0.480152 0 0.519848
0.485727 0 0.514273
0.491458 0 0.508542
0.439147 0 0.560853
0.176437 0 0.823563
0.176039 0 0.823961
0.175652 0 0.824348
0.10938 0 0.89062
0.106747 0 0.893253
0.104539 0 0.895461
0.104614 0 0.895386
0.104694 0 0.895306
0.104779 0 0.895221
0.104869 0 0.895131
0.104965 0 0.895035
0.105066 0 0.894934
0.105172 0 0.894827
0.1076 0 0.8924
0.107742 0 0.892258
0.105466 0 0.894534
0.105594 0 0.894406
0.105727 0 0.894273
0.105867 0 0.894133
0.106011 0 0.893989
0.106162 0 0.893838
0.106318 0 0.893682
0.109086 0 0.890914
0.197077 0 0.802923
0.206324 0 0.793676
0.549336 0 0.450664
0.464381 0 0.535619
0.192116 0 0.807884
0.195308 0 0.804692
0.195862 0 0.804138
0.196724 0 0.803276
0.197309 0 0.802691
0.197906 0 0.802094
0.198552 0 0.801448
0.19676 0 0.80324
0.594999 0 0.405001
0.589988 0 0.410012
0.585089 0 0.414911
0.586703 0 0.413297
0.590243 0 0.409757
0.593855 0 0.406145
0.597541 0 0.402459
0.512542 0 0.487458
0.509794 0 0.490206
0.5071 0 0.4929
0.502847 0 0.497153
0.500265 0 0.499735
0.497734 0 0.502266
0.495253 0 0.504747
0.49282 0 0.50718
0.490434 0 0.509566
0.488096 0 0.511904
0.485802 0 0.514198
0.483554 0 0.516446
0.48135 0 0.51865
0.479189 0 0.520811
0.477071 0 0.522929
0.474995 0 0.525005
0.480162 0 0.519838
0.485738 0 0.514262
0.491469 0 0.508531
0.439119 0 0.560881
0.176386 0 0.823614
0.175988 0 0.824012
0.175601 0 0.824399
0.109273 0 0.890727
0.10672 0 0.89328
0.104513 0 0.895487
0.104588 0 0.895412
0.104668 0 0.895332
0.104753 0 0.895247
0.104843 0 0.895157
0.104939 0 0.895061
0.10504 0 0.89496
0.105146 0 0.894854
0.107552 0 0.892448
0.107331 0 0.892669
0.105439 0 0.894561
0.105568 0 0.894432
0.105701 0 0.894299
0.10584 0 0.89416
0.105985 0 0.894015
0.106135 0 0.893865
0.106291 0 0.893709
0.106453 0 0.893547
0.197092 0 0.802908
0.206341 0 0.793659
0.549109 0 0.450891
0.464122 0 0.535878
0.194971 0 0.805029
0.195556 0 0.804444
0.196382 0 0.803618
0.196964 0 0.803036
0.197559 0 0.802441
0.198328 0 0.801672
0.196516 0 0.803484
0.594935 0 0.405065
0.589924 0 0.410076
0.585027 0 0.414973
0.586719 0 0.413281
0.590259 0 0.409741
0.593872 0 0.406128
0.597559 0 0.402441
0.515258 0 0.484742
0.512456 0 0.487544
0.509708 0 0.490292
0.507014 0 0.492986
0.502763 0 0.497237
0.500182 0 0.499818
0.497652 0 0.502348
0.495171 0 0.504829
0.492739 0 0.507261
0.490354 0 0.509646
0.488016 0 0.511984
0.485724 0 0.514276
0.483476 0 0.516524
0.481273 0 0.518727
0.479112 0 0.520888
0.476995 0 0.523005
0.474919 0 0.525081
0.480179 0 0.519821
0.485755 0 0.514245
0.491486 0 0.508514
0.439098 0 0.560902
0.176336 0 0.823664
0.175939 0 0.824061
0.175552 0 0.824448
0.109162 0 0.890838
0.105576 0 0.894424
0.104489 0 0.895511
0.104563 0 0.895437
0.104643 0 0.895357
0.104728 0 0.895272
0.104818 0 0.895182
0.104914 0 0.895086
0.105015 0 0.894985
0.105122 0 0.894878
0.107526 0 0.892474
0.105594 0 0.894406
0.105414 0 0.894586
0.105542 0 0.894458
0.105676 0 0.894324
0.105815 0 0.894185
0.10596 0 0.89404
0.10611 0 0.89389
0.106266 0 0.893734
0.106428 0 0.893572
0.197111 0 0.802889
0.206362 0 0.793638
0.548929 0 0.451071
0.463932 0 0.536068
0.195344 0 0.804656
0.196043 0 0.803957
0.196694 0 0.803306
0.197469 0 0.802531
0.19826 0 0.80174
0.196277 0 0.803723
0.594877 0 0.405123
0.589868 0 0.410132
0.58497 0 0.41503
0.586743 0 0.413257
0.590284 0 0.409716
0.593897 0 0.406103
0.597584 0 0.402416
0.515176 0 0.484824
0.512375 0 0.487625
0.509628 0 0.490372
0.506935 0 0.493065
0.502685 0 0.497315
0.500105 0 0.499895
0.497575 0 0.502425
0.495095 0 0.504905
0.492664 0 0.507336
0.490279 0 0.509721
0.487942 0 0.512058
0.48565 0 0.51435
0.483403 0 0.516597
0.481201 0 0.518799
0.479041 0 0.520959
0.476924 0 0.523076
0.474849 0 0.525151
0.480203 0 0.519797
0.485779 0 0.514221
0.491512 0 0.508488
0.439082 0 0.560918
0.176289 0 0.823711
0.175891 0 0.824109
0.175505 0 0.824495
0.109053 0 0.890947
0.105477 0 0.894523
0.104465 0 0.895535
0.10454 0 0.89546
0.10462 0 0.89538
0.104705 0 0.895295
0.104795 0 0.895205
0.104891 0 0.895109
0.104992 0 0.895008
0.105098 0 0.894902
0.107502 0 0.892498
0.105566 0 0.894434
0.105391 0 0.89461
0.105519 0 0.894481
0.105652 0 0.894348
0.105791 0 0.894209
0.105936 0 0.894064
0.106086 0 0.893914
0.106242 0 0.893758
0.106404 0 0.893596
0.197137 0 0.802863
0.20639 0 0.79361
0.54878 0 0.45122
0.463785 0 0.536215
0.195906 0 0.804094
0.19663 0 0.80337
0.197405 0 0.802595
0.198196 0 0.801804
0.196148 0 0.803852
0.594824 0 0.405176
0.589816 0 0.410184
0.584919 0 0.415081
0.586777 0 0.413223
0.590318 0 0.409682
0.593932 0 0.406068
0.597619 0 0.402381
0.515101 0 0.484899
0.5123 0 0.4877
0.509555 0 0.490445
0.506862 0 0.493138
0.502613 0 0.497387
0.500034 0 0.499966
0.497505 0 0.502495
0.495026 0 0.504974
0.492594 0 0.507406
0.490211 0 0.509789
0.487874 0 0.512126
0.485583 0 0.514417
0.483336 0 0.516664
0.481135 0 0.518865
0.478976 0 0.521024
0.476859 0 0.523141
0.474803 0 0.525197
0.480231 0 0.519769
0.485809 0 0.514191
0.491541 0 0.508459
0.43907 0 0.56093
0.176244 0 0.823756
0.175847 0 0.824153
0.17546 0 0.82454
0.108949 0 0.891051
0.105385 0 0.894615
0.104443 0 0.895557
0.104518 0 0.895482
0.104413 0 0.895587
0.104517 0 0.895483
0.104626 0 0.895374
0.10474 0 0.89526
0.104969 0 0.895031
0.105076 0 0.894924
0.10748 0 0.89252
0.105539 0 0.894461
0.105368 0 0.894632
0.105496 0 0.894504
0.105535 0 0.894465
0.105693 0 0.894307
0.105857 0 0.894143
0.106027 0 0.893973
0.106219 0 0.893781
0.10638 0 0.893619
0.197157 0 0.802843
0.206412 0 0.793588
0.548659 0 0.451341
0.463668 0 0.536332
0.059975 0 0.940025
0.0502917 0 0.949708
0.196607 0 0.803393
0.197343 0 0.802657
0.198133 0 0.801867
0.196219 0 0.803781
0.594784 0 0.405216
0.589776 0 0.410224
0.584881 0 0.415119
0.586814 0 0.413186
0.590355 0 0.409645
0.593969 0 0.406031
0.597657 0 0.402343
0.515033 0 0.484967
0.512233 0 0.487767
0.509488 0 0.490512
0.506796 0 0.493204
0.502548 0 0.497452
0.49997 0 0.50003
0.497441 0 0.502559
0.494962 0 0.505038
0.492532 0 0.507468
0.490149 0 0.509851
0.487813 0 0.512187
0.485523 0 0.514477
0.483277 0 0.516723
0.481075 0 0.518925
0.478916 0 0.521083
0.476801 0 0.523199
0.474835 0 0.525165
0.480264 0 0.519736
0.485843 0 0.514157
0.491576 0 0.508424
0.439064 0 0.560936
0.176201 0 0.823799
0.175804 0 0.824196
0.175417 0 0.824583
0.108841 0 0.891159
0.105291 0 0.894709
0.104423 0 0.895577
0.104497 0 0.895503
0.104018 0 0.895982
0.104104 0 0.895896
0.104212 0 0.895788
0.104325 0 0.895675
0.104948 0 0.895052
0.105055 0 0.894945
0.107458 0 0.892542
0.105514 0 0.894486
0.105347 0 0.894653
0.105475 0 0.894525
0.105113 0 0.894887
0.10527 0 0.89473
0.105433 0 0.894567
0.105601 0 0.894399
0.106197 0 0.893803
0.106359 0 0.893641
0.197182 0 0.802818
0.206442 0 0.793558
0.54856 0 0.45144
0.463579 0 0.536421
0.0600045 0 0.939996
0.0501743 0 0.949826
0.197326 0 0.802674
0.198073 0 0.801927
0.19633 0 0.80367
0.594747 0 0.405253
0.58974 0 0.41026
0.584845 0 0.415155
0.586859 0 0.413141
0.590401 0 0.409599
0.594016 0 0.405984
0.597704 0 0.402296
0.51497 0 0.48503
0.512171 0 0.487829
0.509426 0 0.490574
0.506767 0 0.493233
0.502489 0 0.497511
0.499911 0 0.500089
0.497383 0 0.502617
0.494905 0 0.505095
0.492475 0 0.507525
0.490092 0 0.509908
0.487757 0 0.512243
0.485467 0 0.514533
0.483222 0 0.516778
0.481021 0 0.518979
0.478863 0 0.521137
0.476747 0 0.523253
0.474875 0 0.525125
0.480304 0 0.519696
0.485884 0 0.514116
0.491618 0 0.508381
0.439065 0 0.560935
0.17616 0 0.82384
0.175763 0 0.824237
0.175377 0 0.824623
0.108416 0 0.891584
0.105198 0 0.894802
0.104403 0 0.895597
0.104478 0 0.895522
0.103994 0 0.896006
0.104052 0 0.895948
0.104142 0 0.895858
0.104237 0 0.895763
0.104929 0 0.895071
0.105035 0 0.894965
0.107438 0 0.892562
0.105489 0 0.894511
0.105327 0 0.894673
0.105455 0 0.894545
0.104993 0 0.895007
0.105131 0 0.894869
0.105275 0 0.894725
0.105424 0 0.894576
0.106178 0 0.893822
0.106339 0 0.893661
0.197216 0 0.802784
0.206476 0 0.793524
0.548482 0 0.451518
0.463515 0 0.536485
0.060063 0 0.939937
0.0501569 0 0.949843
0.198225 0 0.801775
0.196443 0 0.803557
0.594716 0 0.405284
0.58971 0 0.41029
0.584816 0 0.415184
0.586914 0 0.413086
0.590456 0 0.409544
0.594071 0 0.405929
0.59776 0 0.40224
0.514913 0 0.485087
0.512115 0 0.487885
0.509371 0 0.490629
0.506814 0 0.493186
0.502434 0 0.497566
0.499857 0 0.500143
0.49733 0 0.50267
0.494852 0 0.505148
0.492423 0 0.507577
0.490041 0 0.509959
0.487706 0 0.512294
0.485417 0 0.514583
0.483172 0 0.516828
0.480972 0 0.519028
0.478814 0 0.521186
0.476699 0 0.523301
0.474923 0 0.525077
0.480353 0 0.519647
0.485933 0 0.514067
0.491668 0 0.508332
0.43907 0 0.56093
0.176121 0 0.823879
0.175725 0 0.824275
0.119674 0 0.880326
0.108175 0 0.891825
0.105105 0 0.894895
0.104385 0 0.895615
0.10446 0 0.89554
0.10397 0 0.89603
0.104034 0 0.895966
0.104124 0 0.895876
0.104219 0 0.895781
0.104911 0 0.895089
0.105017 0 0.894983
0.107419 0 0.892581
0.105466 0 0.894534
0.105309 0 0.894691
0.105437 0 0.894563
0.104975 0 0.895025
0.105113 0 0.894887
0.105256 0 0.894744
0.105405 0 0.894595
0.106159 0 0.893841
0.10632 0 0.89368
0.197249 0 0.802751
0.206514 0 0.793486
0.548424 0 0.451576
0.463476 0 0.536524
0.0501401 0 0.94986
0.196558 0 0.803442
0.55306 0 0.44694
0.55442 0 0.44558
0.55749 0 0.44251
0.559382 0 0.440618
0.563089 0 0.436911
0.565797 0 0.434203
0.574371 0 0.425629
0.575359 0 0.424641
0.579705 0 0.420295
0.586568 0 0.413432
0.589467 0 0.410533
0.592511 0 0.407489
0.595446 0 0.404554
0.597508 0 0.402492
0.514862 0 0.485138
0.512064 0 0.487936
0.509321 0 0.490679
0.506866 0 0.493134
0.502386 0 0.497614
0.49981 0 0.50019
0.497283 0 0.502717
0.494805 0 0.505195
0.492377 0 0.507623
0.489996 0 0.510004
0.487661 0 0.512339
0.485372 0 0.514628
0.483128 0 0.516872
0.480928 0 0.519072
0.478771 0 0.521229
0.476657 0 0.523343
0.474977 0 0.525023
0.480407 0 0.519593
0.485989 0 0.514011
0.491726 0 0.508274
0.439082 0 0.560918
0.176085 0 0.823915
0.175688 0 0.824312
0.119544 0 0.880456
0.108151 0 0.891849
0.10501 0 0.89499
0.104368 0 0.895632
0.104443 0 0.895557
0.103947 0 0.896053
0.104017 0 0.895983
0.104107 0 0.895893
0.104202 0 0.895798
0.104893 0 0.895107
0.105 0 0.895
0.107402 0 0.892598
0.105444 0 0.894556
0.105292 0 0.894708
0.105419 0 0.894581
0.104957 0 0.895043
0.105095 0 0.894905
0.105239 0 0.894761
0.105388 0 0.894612
0.106141 0 0.893859
0.106302 0 0.893698
0.197289 0 0.802711
0.206557 0 0.793443
0.548386 0 0.451614
0.463459 0 0.536541
0.0501237 0 0.949876
0.528827 0 0.471173
0.530018 0 0.469982
0.531038 0 0.468962
0.533962 0 0.466038
0.532777 0 0.467223
0.534343 0 0.465657
0.537175 0 0.462825
0.539365 0 0.460635
0.538788 0 0.461212
0.539062 0 0.460938
0.539629 0 0.460371
0.542323 0 0.457677
0.545421 0 0.454579
0.547645 0 0.452355
0.548553 0 0.451447
0.549158 0 0.450842
0.55043 0 0.44957
0.553936 0 0.446064
0.556687 0 0.443313
0.558826 0 0.441174
0.558329 0 0.441671
0.577374 0 0.422626
0.591101 0 0.408899
0.598319 0 0.401681
0.514817 0 0.485183
0.51202 0 0.48798
0.509277 0 0.490723
0.506925 0 0.493075
0.502344 0 0.497656
0.499767 0 0.500233
0.497242 0 0.502758
0.494765 0 0.505235
0.492337 0 0.507663
0.489956 0 0.510044
0.487622 0 0.512378
0.485334 0 0.514666
0.48309 0 0.51691
0.480891 0 0.519109
0.478734 0 0.521266
0.47662 0 0.52338
0.475036 0 0.524964
0.480469 0 0.519531
0.486051 0 0.513949
0.491789 0 0.508211
0.439099 0 0.560901
0.17605 0 0.82395
0.175654 0 0.824346
0.11942 0 0.88058
0.108128 0 0.891872
0.105096 0 0.894904
0.104353 0 0.895647
0.104427 0 0.895573
0.103926 0 0.896074
0.104002 0 0.895998
0.104091 0 0.895909
0.104186 0 0.895814
0.104878 0 0.895122
0.104984 0 0.895016
0.107386 0 0.892614
0.105424 0 0.894576
0.105276 0 0.894724
0.105403 0 0.894597
0.104941 0 0.895059
0.10508 0 0.89492
0.105223 0 0.894777
0.105372 0 0.894628
0.106125 0 0.893875
0.106286 0 0.893714
0.197329 0 0.802671
0.2066 0 0.7934
0.548367 0 0.451633
0.463466 0 0.536534
0.0501083 0 0.949892
0.491814 0 0.508186
0.492742 0 0.507258
0.493773 0 0.506227
0.495152 0 0.504848
0.499101 0 0.500899
0.499775 0 0.500225
0.502529 0 0.497471
0.503495 0 0.496505
0.503717 0 0.496283
0.50346 0 0.49654
0.503703 0 0.496297
0.505859 0 0.494141
0.508483 0 0.491517
0.512568 0 0.487432
0.516678 0 0.483322
0.516816 0 0.483184
0.519232 0 0.480768
0.519897 0 0.480103
0.524572 0 0.475428
0.527444 0 0.472556
0.530128 0 0.469872
0.532554 0 0.467446
0.535845 0 0.464155
0.539875 0 0.460125
0.546854 0 0.453146
0.551848 0 0.448152
0.562787 0 0.437213
0.567034 0 0.432966
0.573517 0 0.426483
0.592534 0 0.407466
0.514778 0 0.485222
0.51021 0 0.48979
0.506942 0 0.493058
0.506992 0 0.493008
0.511753 0 0.488247
0.516631 0 0.483369
0.521629 0 0.478371
0.485064 0 0.514936
0.485503 0 0.514497
0.499252 0 0.500748
0.439122 0 0.560878
0.176018 0 0.823982
0.175622 0 0.824378
0.119296 0 0.880704
0.108106 0 0.891894
0.106951 0 0.893049
0.104339 0 0.895661
0.104413 0 0.895587
0.103906 0 0.896094
0.103987 0 0.896013
0.104077 0 0.895923
0.104172 0 0.895828
0.104863 0 0.895137
0.104969 0 0.895031
0.107642 0 0.892358
0.106399 0 0.893601
0.105261 0 0.894739
0.105389 0 0.894611
0.104927 0 0.895073
0.105065 0 0.894935
0.105208 0 0.894792
0.105357 0 0.894643
0.10611 0 0.89389
0.106271 0 0.893729
0.197375 0 0.802625
0.206649 0 0.793351
0.548368 0 0.451632
0.463499 0 0.536501
0.0500932 0 0.949907
0.31537 0 0.68463
0.317911 0 0.682089
0.320497 0 0.679503
0.323127 0 0.676873
0.325802 0 0.674198
0.328524 0 0.671476
0.331293 0 0.668707
0.33411 0 0.66589
0.336977 0 0.663023
0.339895 0 0.660105
0.342865 0 0.657135
0.345889 0 0.654111
0.348967 0 0.651033
0.352102 0 0.647898
0.355293 0 0.644707
0.358544 0 0.641456
0.361855 0 0.638145
0.365228 0 0.634772
0.368664 0 0.631336
0.372164 0 0.627836
0.375732 0 0.624268
0.379369 0 0.620631
0.49594 0 0.50406
0.499517 0 0.500483
0.501772 0 0.498228
0.502819 0 0.497181
0.507764 0 0.492236
0.512384 0 0.487616
0.515958 0 0.484042
0.518729 0 0.481271
0.526456 0 0.473544
0.540151 0 0.459849
0.546222 0 0.453778
0.598888 0 0.401112
0.514746 0 0.485254
0.508145 0 0.491855
0.506239 0 0.493761
0.507063 0 0.492937
0.504825 0 0.495175
0.502236 0 0.497764
0.500467 0 0.499533
0.502914 0 0.497086
0.500446 0 0.499554
0.498027 0 0.501973
0.495655 0 0.504345
0.484142 0 0.515858
0.484469 0 0.515531
0.488815 0 0.511186
0.47896 0 0.52104
0.481627 0 0.518373
0.487049 0 0.512951
0.49262 0 0.50738
0.582722 0 0.417278
0.578977 0 0.421023
0.575905 0 0.424095
0.580993 0 0.419007
0.43915 0 0.56085
0.175987 0 0.824013
0.175592 0 0.824408
0.119173 0 0.880827
0.108225 0 0.891775
0.107596 0 0.892404
0.104894 0 0.895106
0.1044 0 0.8956
0.104243 0 0.895757
0.104312 0 0.895688
0.104387 0 0.895613
0.104468 0 0.895532
0.10485 0 0.89515
0.104956 0 0.895044
0.108433 0 0.891567
0.108554 0 0.891446
0.105248 0 0.894752
0.105376 0 0.894624
0.105213 0 0.894787
0.105337 0 0.894663
0.105466 0 0.894534
0.105602 0 0.894398
0.106097 0 0.893903
0.109149 0 0.890851
0.197422 0 0.802578
0.2067 0 0.7933
0.548388 0 0.451612
0.46356 0 0.53644
0.0499654 0 0.950035
0.0500787 0 0.949921
0.282593 0 0.717407
0.284633 0 0.715367
0.286705 0 0.713295
0.288809 0 0.711191
0.290945 0 0.709055
0.293115 0 0.706885
0.295318 0 0.704682
0.297555 0 0.702445
0.299828 0 0.700172
0.302137 0 0.697863
0.304482 0 0.695518
0.306864 0 0.693136
0.309285 0 0.690715
0.311745 0 0.688255
0.314245 0 0.685755
0.316785 0 0.683215
0.319367 0 0.680633
0.321991 0 0.678009
0.324658 0 0.675342
0.32737 0 0.67263
0.330127 0 0.669873
0.33293 0 0.66707
0.33578 0 0.66422
0.338679 0 0.661321
0.341628 0 0.658372
0.344626 0 0.655374
0.347677 0 0.652323
0.35078 0 0.64922
0.353938 0 0.646062
0.357151 0 0.642849
0.360421 0 0.639579
0.363749 0 0.636251
0.367136 0 0.632864
0.370585 0 0.629415
0.374095 0 0.625905
0.37767 0 0.62233
0.38131 0 0.61869
0.385018 0 0.614982
0.388794 0 0.611206
0.392641 0 0.60736
0.39656 0 0.60344
0.400553 0 0.599447
0.404623 0 0.595377
0.40877 0 0.59123
0.588531 0 0.411469
0.580866 0 0.419134
0.578424 0 0.421576
0.575606 0 0.424394
0.574831 0 0.425169
0.571598 0 0.428402
0.578226 0 0.421774
0.579212 0 0.420788
0.580258 0 0.419742
0.581296 0 0.418704
0.582401 0 0.417599
0.583546 0 0.416454
0.584797 0 0.415203
0.585892 0 0.414108
0.586273 0 0.413727
0.584021 0 0.415979
0.508306 0 0.491694
0.506326 0 0.493674
0.508246 0 0.491754
0.5048 0 0.4952
0.502212 0 0.497788
0.500545 0 0.499455
0.588559 0 0.411441
0.484048 0 0.515952
0.484367 0 0.515633
0.488794 0 0.511206
0.47894 0 0.52106
0.481705 0 0.518295
0.48713 0 0.51287
0.492701 0 0.507299
0.583167 0 0.416833
0.579389 0 0.420611
0.575687 0 0.424313
0.575069 0 0.424931
0.577924 0 0.422076
0.583076 0 0.416924
0.439183 0 0.560817
0.175959 0 0.824041
0.175564 0 0.824436
0.119053 0 0.880947
0.108126 0 0.891874
0.107584 0 0.892416
0.107655 0 0.892345
0.104389 0 0.895611
0.104468 0 0.895532
0.104553 0 0.895447
0.104643 0 0.895357
0.104738 0 0.895262
0.104838 0 0.895162
0.108306 0 0.891694
0.108421 0 0.891579
0.108541 0 0.891459
0.106321 0 0.893679
0.105364 0 0.894636
0.105497 0 0.894503
0.105635 0 0.894365
0.105779 0 0.894221
0.105929 0 0.894071
0.106084 0 0.893916
0.10971 0 0.89029
0.197471 0 0.802529
0.206753 0 0.793247
0.216958 0 0.783042
0.507582 0 0.492418
0.548431 0 0.451569
0.463657 0 0.536343
0.0500209 0 0.949979
0.050065 0 0.949935
0.562699 0 0.437301
0.255985 0 0.744015
0.257659 0 0.742341
0.259357 0 0.740643
0.261079 0 0.738921
0.262823 0 0.737177
0.264594 0 0.735406
0.266388 0 0.733612
0.268208 0 0.731792
0.270053 0 0.729947
0.271925 0 0.728075
0.273824 0 0.726176
0.27575 0 0.72425
0.277703 0 0.722297
0.279684 0 0.720316
0.281695 0 0.718305
0.283734 0 0.716266
0.285803 0 0.714197
0.287902 0 0.712098
0.290032 0 0.709968
0.292194 0 0.707806
0.294388 0 0.705612
0.296614 0 0.703386
0.298874 0 0.701126
0.301167 0 0.698833
0.303495 0 0.696505
0.305858 0 0.694142
0.308257 0 0.691743
0.310693 0 0.689307
0.313166 0 0.686834
0.315677 0 0.684323
0.318227 0 0.681773
0.320817 0 0.679183
0.323447 0 0.676553
0.326118 0 0.673882
0.328831 0 0.671169
0.331587 0 0.668413
0.334387 0 0.665613
0.337232 0 0.662768
0.340122 0 0.659878
0.343059 0 0.656941
0.346043 0 0.653957
0.349077 0 0.650923
0.352159 0 0.647841
0.355292 0 0.644708
0.358478 0 0.641522
0.361716 0 0.638284
0.365008 0 0.634992
0.368355 0 0.631645
0.371759 0 0.628241
0.37522 0 0.62478
0.378741 0 0.621259
0.382322 0 0.617678
0.385964 0 0.614036
0.389669 0 0.610331
0.523518 0 0.476482
0.525798 0 0.474202
0.53202 0 0.46798
0.531615 0 0.468385
0.531665 0 0.468335
0.533595 0 0.466405
0.507269 0 0.492731
0.539658 0 0.460342
0.543885 0 0.456115
0.522484 0 0.477516
0.570579 0 0.429421
0.57493 0 0.42507
0.585506 0 0.414494
0.584171 0 0.415829
0.5792 0 0.4208
0.484711 0 0.515289
0.4851 0 0.5149
0.500377 0 0.499623
0.498153 0 0.501847
0.500243 0 0.499757
0.562253 0 0.437747
0.555754 0 0.444246
0.553529 0 0.446471
0.55465 0 0.44535
0.556714 0 0.443286
0.557587 0 0.442413
0.558649 0 0.441351
0.535815 0 0.464185
0.53474 0 0.46526
0.535544 0 0.464456
0.537306 0 0.462694
0.580907 0 0.419093
0.576905 0 0.423095
0.574904 0 0.425096
0.574982 0 0.425018
0.575088 0 0.424912
0.579989 0 0.420011
0.585205 0 0.414795
0.439221 0 0.560779
0.175934 0 0.824066
0.134782 0 0.865218
0.118934 0 0.881066
0.10803 0 0.89197
0.107342 0 0.892658
0.107429 0 0.892571
0.104707 0 0.895293
0.104457 0 0.895543
0.104542 0 0.895458
0.104632 0 0.895368
0.104727 0 0.895273
0.104828 0 0.895172
0.108295 0 0.891705
0.10841 0 0.89159
0.10853 0 0.89147
0.108656 0 0.891344
0.105353 0 0.894647
0.105486 0 0.894514
0.105624 0 0.894376
0.105768 0 0.894232
0.105918 0 0.894082
0.109532 0 0.890468
0.109698 0 0.890302
0.19752 0 0.80248
0.206804 0 0.793196
0.217015 0 0.782985
0.50748 0 0.49252
0.548496 0 0.451504
0.463803 0 0.536197
0.0497972 0 0.950203
0.0498017 0 0.950198
0.0498114 0 0.950189
0.0498322 0 0.950168
0.0498555 0 0.950144
0.562738 0 0.437262
0.233956 0 0.766044
0.235354 0 0.764646
0.23677 0 0.76323
0.238204 0 0.761796
0.239657 0 0.760343
0.241128 0 0.758872
0.242618 0 0.757382
0.244127 0 0.755873
0.245656 0 0.754344
0.247203 0 0.752797
0.248771 0 0.751229
0.25036 0 0.74964
0.251969 0 0.748031
0.253599 0 0.746401
0.255251 0 0.744749
0.256924 0 0.743076
0.258619 0 0.741381
0.260336 0 0.739664
0.262077 0 0.737923
0.26384 0 0.73616
0.265626 0 0.734374
0.267437 0 0.732563
0.269271 0 0.730729
0.271131 0 0.728869
0.273014 0 0.726986
0.274925 0 0.725075
0.27686 0 0.72314
0.278822 0 0.721178
0.280811 0 0.719189
0.282827 0 0.717173
0.28487 0 0.715129
0.286942 0 0.713058
0.289042 0 0.710958
0.291171 0 0.708829
0.29333 0 0.70667
0.295519 0 0.704481
0.297739 0 0.702261
0.29999 0 0.70001
0.302272 0 0.697728
0.304586 0 0.695414
0.306934 0 0.693066
0.309314 0 0.690686
0.311729 0 0.688271
0.314178 0 0.685822
0.316663 0 0.683337
0.319183 0 0.680817
0.32174 0 0.67826
0.324333 0 0.675667
0.326965 0 0.673035
0.329635 0 0.670365
0.332344 0 0.667656
0.335093 0 0.664907
0.337882 0 0.662118
0.340714 0 0.659286
0.343587 0 0.656413
0.346502 0 0.653498
0.349462 0 0.650538
0.352466 0 0.647534
0.355516 0 0.644484
0.358612 0 0.641388
0.361755 0 0.638245
0.364946 0 0.635054
0.368186 0 0.631814
0.371476 0 0.628524
0.49532 0 0.50468
0.501299 0 0.498701
0.503645 0 0.496355
0.508529 0 0.491471
0.487157 0 0.512843
0.489519 0 0.510481
0.511035 0 0.488965
0.499709 0 0.500291
0.506719 0 0.493281
0.513478 0 0.486522
0.549075 0 0.450925
0.548261 0 0.451739
0.546131 0 0.453869
0.542656 0 0.457344
0.537296 0 0.462704
0.534465 0 0.465535
0.53251 0 0.46749
0.529854 0 0.470146
0.525816 0 0.474184
0.523778 0 0.476222
0.521777 0 0.478223
0.524122 0 0.475878
0.511872 0 0.488128
0.508379 0 0.491621
0.504997 0 0.495003
0.502871 0 0.497129
0.500866 0 0.499134
0.498904 0 0.501096
0.496666 0 0.503334
0.489396 0 0.510604
0.484806 0 0.515194
0.481754 0 0.518246
0.478682 0 0.521318
0.439312 0 0.560688
0.439265 0 0.560735
0.17591 0 0.82409
0.134285 0 0.865715
0.118851 0 0.881149
0.107935 0 0.892065
0.107079 0 0.892921
0.10715 0 0.89285
0.107226 0 0.892774
0.104806 0 0.895194
0.104877 0 0.895123
0.104953 0 0.895047
0.105034 0 0.894966
0.107689 0 0.892311
0.107797 0 0.892203
0.107914 0 0.892085
0.108049 0 0.891951
0.108189 0 0.891811
0.106256 0 0.893744
0.10579 0 0.89421
0.105916 0 0.894084
0.106048 0 0.893952
0.106185 0 0.893815
0.109145 0 0.890855
0.109324 0 0.890676
0.197178 0 0.802822
0.206863 0 0.793137
0.217079 0 0.782921
0.507432 0 0.492568
0.548588 0 0.451412
0.464039 0 0.535961
0.0497881 0 0.950212
0.0497937 0 0.950206
0.0498018 0 0.950198
0.0498123 0 0.950188
0.0498254 0 0.950175
0.562856 0 0.437144
0.597105 0 0.402895
0.215417 0 0.784583
0.216602 0 0.783398
0.217802 0 0.782198
0.219015 0 0.780985
0.220243 0 0.779757
0.221485 0 0.778515
0.222741 0 0.777259
0.224012 0 0.775988
0.225299 0 0.774701
0.2266 0 0.7734
0.227917 0 0.772083
0.22925 0 0.77075
0.230599 0 0.769401
0.231963 0 0.768037
0.233343 0 0.766657
0.234741 0 0.765259
0.236155 0 0.763845
0.237585 0 0.762415
0.239033 0 0.760967
0.240498 0 0.759502
0.241981 0 0.758019
0.243482 0 0.756518
0.245001 0 0.754999
0.246539 0 0.753461
0.248095 0 0.751905
0.24967 0 0.75033
0.251264 0 0.748736
0.252878 0 0.747122
0.254511 0 0.745489
0.256164 0 0.743836
0.257838 0 0.742162
0.259532 0 0.740468
0.261247 0 0.738753
0.262984 0 0.737016
0.264742 0 0.735258
0.266522 0 0.733478
0.268323 0 0.731677
0.270148 0 0.729852
0.271995 0 0.728005
0.273865 0 0.726135
0.275759 0 0.724241
0.277676 0 0.722324
0.279618 0 0.720382
0.281584 0 0.718416
0.283575 0 0.716425
0.285591 0 0.714409
0.287633 0 0.712367
0.289701 0 0.710299
0.291795 0 0.708205
0.293916 0 0.706084
0.296064 0 0.703936
0.298239 0 0.701761
0.300443 0 0.699557
0.302675 0 0.697325
0.304935 0 0.695065
0.307225 0 0.692775
0.309545 0 0.690455
0.311894 0 0.688106
0.314275 0 0.685725
0.316686 0 0.683314
0.319129 0 0.680871
0.321683 0 0.678317
0.325663 0 0.674338
0.329759 0 0.670241
0.333976 0 0.666024
0.338319 0 0.661681
0.342794 0 0.657206
0.347405 0 0.652595
0.35216 0 0.64784
0.357064 0 0.642936
0.362125 0 0.637875
0.472982 0 0.527018
0.473018 0 0.526982
0.473971 0 0.526029
0.473914 0 0.526086
0.487632 0 0.512368
0.488952 0 0.511048
0.490879 0 0.509121
0.49197 0 0.50803
0.502457 0 0.497543
0.49712 0 0.50288
0.521028 0 0.478972
0.518895 0 0.481105
0.514247 0 0.485753
0.510102 0 0.489898
0.505016 0 0.494984
0.501116 0 0.498884
0.498154 0 0.501846
0.495545 0 0.504455
0.492332 0 0.507668
0.489476 0 0.510525
0.485158 0 0.514842
0.482161 0 0.517839
0.479173 0 0.520827
0.475855 0 0.524145
0.471899 0 0.528101
0.439313 0 0.560687
0.439315 0 0.560685
0.467365 0 0.532635
0.175889 0 0.824111
0.133794 0 0.866206
0.119251 0 0.880749
0.108595 0 0.891405
0.107072 0 0.892928
0.107142 0 0.892858
0.107218 0 0.892782
0.1073 0 0.8927
0.107387 0 0.892613
0.10748 0 0.89252
0.107577 0 0.892423
0.107681 0 0.892319
0.107789 0 0.892211
0.107904 0 0.892096
0.108023 0 0.891977
0.108149 0 0.891851
0.10828 0 0.89172
0.108416 0 0.891584
0.108559 0 0.891441
0.108707 0 0.891293
0.108861 0 0.891139
0.10902 0 0.89098
0.109186 0 0.890814
0.197629 0 0.802371
0.206924 0 0.793076
0.217145 0 0.782855
0.493775 0 0.506225
0.427832 0 0.572168
0.497901 0 0.502099
0.500244 0 0.499756
0.502653 0 0.497347
0.505612 0 0.494388
0.0497808 0 0.950219
0.0497863 0 0.950214
0.0497943 0 0.950206
0.049805 0 0.950195
0.0498179 0 0.950182
0.563001 0 0.436999
0.597039 0 0.402961
0.598506 0 0.401494
0.199599 0 0.800401
0.200617 0 0.799383
0.201645 0 0.798355
0.202685 0 0.797315
0.203736 0 0.796264
0.204799 0 0.795201
0.205873 0 0.794127
0.206958 0 0.793042
0.208056 0 0.791944
0.209165 0 0.790835
0.210287 0 0.789713
0.21142 0 0.78858
0.212567 0 0.787433
0.213725 0 0.786275
0.214897 0 0.785103
0.216081 0 0.783919
0.217278 0 0.782722
0.218627 0 0.781373
0.220064 0 0.779936
0.221531 0 0.778469
0.223029 0 0.776971
0.224559 0 0.775441
0.22612 0 0.77388
0.227715 0 0.772285
0.229344 0 0.770656
0.231007 0 0.768993
0.232707 0 0.767293
0.234443 0 0.765557
0.236218 0 0.763782
0.238031 0 0.761969
0.239883 0 0.760117
0.241777 0 0.758223
0.243713 0 0.756287
0.245693 0 0.754307
0.247716 0 0.752284
0.249786 0 0.750214
0.251904 0 0.748096
0.25407 0 0.74593
0.255987 0 0.744013
0.257376 0 0.742624
0.25878 0 0.74122
0.260426 0 0.739574
0.262628 0 0.737372
0.264685 0 0.735315
0.266564 0 0.733436
0.268475 0 0.731525
0.270778 0 0.729222
0.273354 0 0.726646
0.275095 0 0.724905
0.277123 0 0.722877
0.280298 0 0.719702
0.282237 0 0.717763
0.283626 0 0.716374
0.285228 0 0.714772
0.287134 0 0.712866
0.296116 0 0.703884
0.297437 0 0.702563
0.298982 0 0.701018
0.300718 0 0.699282
0.306603 0 0.693397
0.308524 0 0.691476
0.310424 0 0.689576
0.312169 0 0.687831
0.313964 0 0.686036
0.314811 0 0.685189
0.315675 0 0.684325
0.31718 0 0.68282
0.318251 0 0.681749
0.324606 0 0.675394
0.327552 0 0.672448
0.331826 0 0.668174
0.34008 0 0.65992
0.345146 0 0.654854
0.346782 0 0.653218
0.350665 0 0.649335
0.365882 0 0.634118
0.398103 0 0.601897
0.401673 0 0.598328
0.413892 0 0.586108
0.413303 0 0.586697
0.412668 0 0.587332
0.454141 0 0.545859
0.45336 0 0.54664
0.454044 0 0.545956
0.455418 0 0.544582
0.456147 0 0.543853
0.457728 0 0.542272
0.470903 0 0.529097
0.471509 0 0.528491
0.471134 0 0.528866
0.453494 0 0.546506
0.451545 0 0.548455
0.451252 0 0.548748
0.464671 0 0.535329
0.463537 0 0.536463
0.43934 0 0.56066
0.439368 0 0.560632
0.453724 0 0.546276
0.175815 0 0.824185
0.133352 0 0.866648
0.119655 0 0.880345
0.112261 0 0.887739
0.107549 0 0.892451
0.107136 0 0.892864
0.107212 0 0.892788
0.107293 0 0.892707
0.10738 0 0.89262
0.107472 0 0.892528
0.10757 0 0.89243
0.107674 0 0.892326
0.107782 0 0.892218
0.107897 0 0.892103
0.108016 0 0.891984
0.108142 0 0.891858
0.108273 0 0.891727
0.108409 0 0.891591
0.108552 0 0.891448
0.1087 0 0.8913
0.108853 0 0.891147
0.109013 0 0.890987
0.109672 0 0.890328
0.197685 0 0.802315
0.206983 0 0.793017
0.217205 0 0.782795
0.488847 0 0.511153
0.490363 0 0.509637
0.492264 0 0.507736
0.494561 0 0.505439
0.496892 0 0.503108
0.49928 0 0.50072
0.501713 0 0.498287
0.504187 0 0.495813
0.506694 0 0.493306
0.509265 0 0.490735
0.0497738 0 0.950226
0.0497795 0 0.95022
0.0497875 0 0.950212
0.049798 0 0.950202
0.0498111 0 0.950189
0.563171 0 0.436829
0.597028 0 0.402972
0.598659 0 0.401341
0.193766 0 0.806234
0.195425 0 0.804575
0.197024 0 0.802976
0.198511 0 0.801489
0.199842 0 0.800158
0.201114 0 0.798886
0.202383 0 0.797617
0.203607 0 0.796393
0.204944 0 0.795056
0.206238 0 0.793762
0.207526 0 0.792474
0.208916 0 0.791084
0.210176 0 0.789824
0.211093 0 0.788907
0.212022 0 0.787978
0.212484 0 0.787516
0.212971 0 0.787029
0.213507 0 0.786493
0.21406 0 0.78594
0.214617 0 0.785383
0.215155 0 0.784845
0.215655 0 0.784345
0.216192 0 0.783808
0.216743 0 0.783257
0.217314 0 0.782686
0.217888 0 0.782112
0.21867 0 0.78133
0.219687 0 0.780313
0.22131 0 0.77869
0.223798 0 0.776202
0.225388 0 0.774612
0.22728 0 0.77272
0.231079 0 0.768921
0.233677 0 0.766323
0.237174 0 0.762826
0.238487 0 0.761513
0.240579 0 0.759421
0.241984 0 0.758016
0.24324 0 0.75676
0.243795 0 0.756205
0.244211 0 0.755789
0.244578 0 0.755422
0.245914 0 0.754086
0.250526 0 0.749474
0.251395 0 0.748605
0.252165 0 0.747835
0.252925 0 0.747075
0.254316 0 0.745684
0.25652 0 0.74348
0.257753 0 0.742247
0.25847 0 0.74153
0.259615 0 0.740385
0.261195 0 0.738805
0.261718 0 0.738282
0.262377 0 0.737623
0.263764 0 0.736236
0.265231 0 0.734769
0.26643 0 0.73357
0.267348 0 0.732652
0.271323 0 0.728677
0.273403 0 0.726597
0.27485 0 0.72515
0.275739 0 0.724261
0.278233 0 0.721767
0.281748 0 0.718252
0.284645 0 0.715355
0.287195 0 0.712805
0.290008 0 0.709992
0.29273 0 0.70727
0.295314 0 0.704686
0.298618 0 0.701382
0.301594 0 0.698406
0.305244 0 0.694756
0.307684 0 0.692316
0.309713 0 0.690287
0.312728 0 0.687272
0.315746 0 0.684254
0.318841 0 0.681159
0.321613 0 0.678387
0.32302 0 0.67698
0.323812 0 0.676188
0.324227 0 0.675773
0.341003 0 0.658997
0.352151 0 0.647849
0.363792 0 0.636208
0.376511 0 0.623489
0.386648 0 0.613352
0.388271 0 0.611729
0.388741 0 0.611259
0.388127 0 0.611873
0.390035 0 0.609964
0.39727 0 0.60273
0.39707 0 0.60293
0.397551 0 0.602449
0.397744 0 0.602256
0.39754 0 0.60246
0.396988 0 0.603012
0.17595 0 0.82405
0.133336 0 0.866664
0.121023 0 0.878977
0.112678 0 0.887322
0.108351 0 0.891649
0.10713 0 0.89287
0.107206 0 0.892794
0.107288 0 0.892712
0.107375 0 0.892625
0.107467 0 0.892533
0.107565 0 0.892435
0.107668 0 0.892332
0.107777 0 0.892223
0.107891 0 0.892109
0.108011 0 0.891989
0.108136 0 0.891864
0.108267 0 0.891733
0.108404 0 0.891596
0.108546 0 0.891454
0.108694 0 0.891306
0.108848 0 0.891152
0.109007 0 0.890993
0.18925 0 0.81075
0.197746 0 0.802254
0.207048 0 0.792952
0.217277 0 0.782723
0.431026 0 0.568974
0.485478 0 0.514522
0.486996 0 0.513004
0.489002 0 0.510998
0.0496761 0 0.950324
0.0496778 0 0.950322
0.0496818 0 0.950318
0.0496882 0 0.950312
0.0496969 0 0.950303
0.503365 0 0.496635
0.0498384 0 0.950162
0.0498345 0 0.950166
0.049833 0 0.950167
0.0498343 0 0.950166
0.0498382 0 0.950162
0.517817 0 0.482183
0.520933 0 0.479067
0.525689 0 0.474311
0.597022 0 0.402978
0.598828 0 0.401172
0.475848 0 0.524152
0.181871 0 0.818129
0.182986 0 0.817014
0.184081 0 0.815919
0.185135 0 0.814865
0.186195 0 0.813805
0.187268 0 0.812732
0.188354 0 0.811646
0.189453 0 0.810547
0.190567 0 0.809433
0.191701 0 0.808299
0.192879 0 0.807121
0.194077 0 0.805923
0.195239 0 0.804761
0.196411 0 0.803589
0.197492 0 0.802508
0.198412 0 0.801588
0.199121 0 0.800879
0.199292 0 0.800708
0.19928 0 0.80072
0.199274 0 0.800726
0.199336 0 0.800664
0.199416 0 0.800584
0.199573 0 0.800426
0.203271 0 0.796729
0.204775 0 0.795225
0.206215 0 0.793785
0.207139 0 0.792861
0.207587 0 0.792413
0.208002 0 0.791998
0.209881 0 0.790119
0.211627 0 0.788373
0.213003 0 0.786997
0.214012 0 0.785988
0.215117 0 0.784883
0.216254 0 0.783746
0.217139 0 0.782861
0.21801 0 0.78199
0.218518 0 0.781482
0.219186 0 0.780814
0.22007 0 0.77993
0.221176 0 0.778824
0.222492 0 0.777508
0.223865 0 0.776135
0.22527 0 0.77473
0.22739 0 0.77261
0.22868 0 0.77132
0.229857 0 0.770143
0.232831 0 0.767169
0.235091 0 0.764909
0.237548 0 0.762452
0.23934 0 0.76066
0.240194 0 0.759806
0.240901 0 0.759099
0.241407 0 0.758593
0.242024 0 0.757976
0.245577 0 0.754423
0.24781 0 0.75219
0.248713 0 0.751287
0.250129 0 0.749871
0.251507 0 0.748493
0.252854 0 0.747146
0.254212 0 0.745788
0.255849 0 0.744151
0.257267 0 0.742733
0.259255 0 0.740745
0.261022 0 0.738978
0.263176 0 0.736824
0.264622 0 0.735378
0.266253 0 0.733747
0.268315 0 0.731685
0.270175 0 0.729825
0.271167 0 0.728833
0.271803 0 0.728197
0.272215 0 0.727785
0.275812 0 0.724188
0.280493 0 0.719507
0.283439 0 0.716561
0.286313 0 0.713687
0.289401 0 0.710599
0.292608 0 0.707392
0.296018 0 0.703982
0.29935 0 0.70065
0.302843 0 0.697157
0.3064 0 0.6936
0.309926 0 0.690074
0.313131 0 0.686869
0.315641 0 0.684359
0.318045 0 0.681955
0.321199 0 0.678801
0.326167 0 0.673833
0.331412 0 0.668588
0.335304 0 0.664696
0.338531 0 0.661469
0.341903 0 0.658097
0.346062 0 0.653938
0.176557 0 0.823443
0.175868 0 0.824132
0.133323 0 0.866677
0.124779 0 0.875221
0.1131 0 0.8869
0.111617 0 0.888383
0.108204 0 0.891796
0.107202 0 0.892798
0.107284 0 0.892716
0.107371 0 0.892629
0.107463 0 0.892537
0.107561 0 0.892439
0.107664 0 0.892336
0.107773 0 0.892227
0.107887 0 0.892113
0.108007 0 0.891993
0.108132 0 0.891868
0.108263 0 0.891737
0.108399 0 0.891601
0.108541 0 0.891459
0.108689 0 0.891311
0.108843 0 0.891157
0.18521 0 0.81479
0.192266 0 0.807734
0.199892 0 0.800108
0.208162 0 0.791838
0.476994 0 0.523006
0.478971 0 0.521029
0.435637 0 0.564363
0.482179 0 0.517821
0.483683 0 0.516317
0.0494903 0 0.95051
0.049492 0 0.950508
0.049496 0 0.950504
0.0495022 0 0.950498
0.0495108 0 0.950489
0.0495219 0 0.950478
0.0495352 0 0.950465
0.0495508 0 0.950449
0.0495688 0 0.950431
0.0495891 0 0.950411
0.0496117 0 0.950388
0.0496368 0 0.950363
0.0496641 0 0.950336
0.0496939 0 0.950306
0.0497259 0 0.950274
0.0497605 0 0.950239
0.526459 0 0.473541
0.531846 0 0.468154
0.53737 0 0.46263
0.597024 0 0.402976
0.598996 0 0.401004
0.475874 0 0.524126
0.474324 0 0.525676
0.171741 0 0.828259
0.172466 0 0.827534
0.173214 0 0.826786
0.17415 0 0.82585
0.17527 0 0.82473
0.176403 0 0.823597
0.177415 0 0.822585
0.17839 0 0.82161
0.179377 0 0.820623
0.180381 0 0.819619
0.181448 0 0.818552
0.18244 0 0.81756
0.183413 0 0.816587
0.184543 0 0.815457
0.185534 0 0.814466
0.186335 0 0.813665
0.187284 0 0.812716
0.188112 0 0.811888
0.188751 0 0.811249
0.18942 0 0.81058
0.19012 0 0.80988
0.190765 0 0.809235
0.191329 0 0.808671
0.192161 0 0.80784
0.193679 0 0.806321
0.194486 0 0.805514
0.195444 0 0.804556
0.197078 0 0.802922
0.198888 0 0.801112
0.200578 0 0.799422
0.201849 0 0.798151
0.202762 0 0.797238
0.203753 0 0.796247
0.204784 0 0.795216
0.205641 0 0.794359
0.206577 0 0.793423
0.207568 0 0.792432
0.20863 0 0.79137
0.210097 0 0.789903
0.21108 0 0.78892
0.212259 0 0.787741
0.213501 0 0.7865
0.213699 0 0.786301
0.2139 0 0.7861
0.214431 0 0.785569
0.215513 0 0.784487
0.216806 0 0.783194
0.218058 0 0.781942
0.219376 0 0.780624
0.220534 0 0.779466
0.221536 0 0.778464
0.22255 0 0.77745
0.223624 0 0.776376
0.224627 0 0.775373
0.225353 0 0.774647
0.226035 0 0.773965
0.228146 0 0.771854
0.229751 0 0.770249
0.232307 0 0.767693
0.233622 0 0.766378
0.235823 0 0.764177
0.236563 0 0.763437
0.237568 0 0.762432
0.238895 0 0.761105
0.240313 0 0.759687
0.24171 0 0.75829
0.243085 0 0.756914
0.244892 0 0.755108
0.247108 0 0.752892
0.249107 0 0.750893
0.250904 0 0.749096
0.25291 0 0.74709
0.254834 0 0.745166
0.256813 0 0.743187
0.258796 0 0.741204
0.260849 0 0.739151
0.262748 0 0.737252
0.263995 0 0.736005
0.265281 0 0.734719
0.266557 0 0.733443
0.267996 0 0.732004
0.270051 0 0.729949
0.272888 0 0.727112
0.275715 0 0.724285
0.278572 0 0.721428
0.281436 0 0.718564
0.284353 0 0.715647
0.28732 0 0.71268
0.29034 0 0.70966
0.293413 0 0.706587
0.296682 0 0.703318
0.299822 0 0.700178
0.303018 0 0.696982
0.306422 0 0.693578
0.311591 0 0.688409
0.176069 0 0.823931
0.133311 0 0.866689
0.124669 0 0.875331
0.116031 0 0.883969
0.111608 0 0.888392
0.110964 0 0.889036
0.1072 0 0.8928
0.107281 0 0.892719
0.107368 0 0.892632
0.10746 0 0.89254
0.107558 0 0.892442
0.107661 0 0.892339
0.10777 0 0.89223
0.107884 0 0.892116
0.108004 0 0.891996
0.108129 0 0.891871
0.10826 0 0.89174
0.108396 0 0.891604
0.108538 0 0.891462
0.108686 0 0.891314
0.10884 0 0.89116
0.187237 0 0.812763
0.195276 0 0.804724
0.204046 0 0.795954
0.211547 0 0.788453
0.398574 0 0.601426
0.472536 0 0.527464
0.433656 0 0.566344
0.476752 0 0.523248
0.049307 0 0.950693
0.0493063 0 0.950694
0.0493081 0 0.950692
0.049312 0 0.950688
0.0493182 0 0.950682
0.0493269 0 0.950673
0.0493377 0 0.950662
0.049351 0 0.950649
0.0493665 0 0.950634
0.0493842 0 0.950616
0.0494044 0 0.950596
0.049427 0 0.950573
0.0494518 0 0.950548
0.0494788 0 0.950521
0.0495085 0 0.950491
0.0495404 0 0.95046
0.0495745 0 0.950425
0.0496111 0 0.950389
0.519515 0 0.480485
0.522989 0 0.477011
0.527345 0 0.472655
0.532829 0 0.467171
0.538399 0 0.461601
0.544097 0 0.455903
0.475906 0 0.524094
0.474384 0 0.525616
0.165866 0 0.834134
0.166364 0 0.833636
0.166904 0 0.833096
0.167392 0 0.832608
0.167966 0 0.832034
0.168522 0 0.831478
0.169095 0 0.830905
0.169701 0 0.830299
0.170285 0 0.829715
0.170804 0 0.829196
0.17129 0 0.82871
0.172014 0 0.827986
0.172879 0 0.827121
0.173775 0 0.826225
0.174482 0 0.825518
0.176234 0 0.823766
0.177669 0 0.822331
0.178019 0 0.821981
0.178195 0 0.821805
0.178636 0 0.821364
0.179072 0 0.820928
0.179707 0 0.820293
0.180811 0 0.819189
0.182729 0 0.817271
0.183763 0 0.816237
0.184581 0 0.815419
0.185963 0 0.814037
0.186676 0 0.813324
0.187445 0 0.812555
0.189146 0 0.810854
0.190369 0 0.809631
0.190737 0 0.809263
0.19198 0 0.80802
0.193596 0 0.806404
0.1964 0 0.8036
0.197211 0 0.802789
0.197772 0 0.802228
0.198747 0 0.801253
0.199786 0 0.800214
0.200664 0 0.799336
0.201527 0 0.798473
0.20214 0 0.79786
0.202551 0 0.797449
0.203323 0 0.796677
0.203877 0 0.796123
0.20529 0 0.79471
0.206753 0 0.793247
0.207941 0 0.792059
0.208968 0 0.791032
0.209973 0 0.790026
0.210952 0 0.789048
0.211856 0 0.788144
0.2127 0 0.7873
0.213428 0 0.786572
0.213324 0 0.786676
0.213791 0 0.786209
0.214457 0 0.785543
0.215354 0 0.784646
0.21624 0 0.78376
0.217047 0 0.782953
0.2178 0 0.7822
0.218499 0 0.781501
0.219252 0 0.780748
0.220084 0 0.779916
0.221013 0 0.778987
0.222089 0 0.777911
0.223262 0 0.776738
0.224528 0 0.775472
0.225798 0 0.774202
0.227131 0 0.772869
0.228305 0 0.771695
0.229631 0 0.770369
0.231236 0 0.768764
0.233203 0 0.766797
0.239451 0 0.760549
0.241197 0 0.758803
0.242892 0 0.757107
0.244651 0 0.755349
0.246407 0 0.753593
0.248228 0 0.751772
0.249842 0 0.750158
0.251413 0 0.748587
0.253115 0 0.746885
0.255941 0 0.744059
0.258045 0 0.741955
0.259862 0 0.740138
0.261659 0 0.738341
0.263481 0 0.736519
0.265324 0 0.734676
0.267185 0 0.732815
0.269018 0 0.730982
0.270958 0 0.729042
0.273164 0 0.726836
0.275667 0 0.724333
0.17683 0 0.82317
0.133301 0 0.866699
0.124558 0 0.875442
0.110609 0 0.889391
0.10939 0 0.89061
0.109478 0 0.890522
0.108 0 0.892
0.107279 0 0.892721
0.107366 0 0.892634
0.107459 0 0.892541
0.107556 0 0.892444
0.107659 0 0.892341
0.107768 0 0.892232
0.107882 0 0.892118
0.108002 0 0.891998
0.108127 0 0.891873
0.108258 0 0.891742
0.108394 0 0.891606
0.108537 0 0.891463
0.108685 0 0.891315
0.111754 0 0.888246
0.111935 0 0.888065
0.195338 0 0.804662
0.20411 0 0.79589
0.211219 0 0.788781
0.356619 0 0.643381
0.35788 0 0.64212
0.358082 0 0.641918
0.049128 0 0.950872
0.049125 0 0.950875
0.0491243 0 0.950876
0.049126 0 0.950874
0.04913 0 0.95087
0.0491362 0 0.950864
0.0491447 0 0.950855
0.0491555 0 0.950845
0.0491687 0 0.950831
0.049184 0 0.950816
0.0492019 0 0.950798
0.0492217 0 0.950778
0.049244 0 0.950756
0.0492687 0 0.950731
0.0492957 0 0.950704
0.0493251 0 0.950675
0.0493567 0 0.950643
0.0493906 0 0.950609
0.0494269 0 0.950573
0.0494655 0 0.950534
0.515122 0 0.484878
0.517754 0 0.482246
0.520442 0 0.479558
0.524347 0 0.475653
0.528705 0 0.471295
0.475943 0 0.524057
0.474451 0 0.525549
0.545328 0 0.454672
0.551233 0 0.448767
 ] }
}
