# Real Time: 700
# Simulation Time: 11.61
# Radar Position: 875.758 -200.694 3.05903
# Radar Quat: 0.0185723 -0.00475837 0.109005 0.993856
PointSet {
 coord Coordinate { point [
913.013 -239.231 5.01743
879.658 -204.069 3.22836
921.951 -237.261 4.92729
918.141 -226.328 4.394
890.469 -209.455 3.51422
890.539 -209.357 3.50989
919.652 -220.573 4.13715
924.584 -211.399 3.77348
924.659 -211.058 3.76019
906.223 -202.375 3.31023
906.198 -202.161 3.30214
906.313 -201.953 3.2952
905.913 -198.139 3.15756
905.89 -197.929 3.15027
913.016 -239.244 4.83053
879.656 -204.068 3.21018
921.928 -237.253 4.72082
918.14 -226.335 4.22106
890.469 -209.458 3.45436
890.534 -209.357 3.44988
919.657 -220.583 3.96905
924.598 -211.409 3.59916
924.644 -211.062 3.58554
906.225 -202.38 3.20369
906.197 -202.165 3.19572
906.309 -201.957 3.18839
905.915 -198.143 3.05188
905.889 -197.933 3.0446
913.021 -239.259 4.64363
879.654 -204.067 3.19201
921.906 -237.246 4.51459
918.139 -226.342 4.04814
890.462 -209.456 3.39436
890.512 -209.347 3.38953
919.664 -220.594 3.80095
924.616 -211.42 3.42477
924.631 -211.066 3.41102
906.227 -202.384 3.09714
906.197 -202.169 3.0893
906.305 -201.96 3.08162
905.917 -198.146 2.9462
905.888 -197.937 2.93895
913.027 -239.275 4.45669
879.653 -204.067 3.17387
921.884 -237.238 4.30856
918.138 -226.35 3.87522
890.462 -209.459 3.33453
890.508 -209.347 3.32966
919.675 -220.606 3.63283
924.639 -211.432 3.25027
924.62 -211.071 3.2366
906.229 -202.388 2.99058
906.196 -202.173 2.98289
906.301 -201.964 2.97487
933.405 -196.252 2.65896
905.919 -198.15 2.84049
905.887 -197.941 2.83331
934.736 -194.906 2.60631
934.695 -194.494 2.59215
934.653 -194.082 2.57804
934.613 -193.67 2.56393
934.569 -193.259 2.54988
934.529 -192.847 2.53582
934.488 -192.435 2.5218
934.446 -192.022 2.50781
934.408 -191.609 2.4938
934.368 -191.196 2.47983
934.327 -190.782 2.46588
913.034 -239.293 4.26976
879.651 -204.066 3.15573
921.863 -237.231 4.10272
918.137 -226.357 3.7023
918.334 -226.072 3.68935
890.52 -209.357 3.27008
892.07 -209.222 3.25159
919.688 -220.619 3.46466
919.928 -220.357 3.45254
924.675 -211.447 3.0756
924.61 -211.076 3.06224
906.231 -202.392 2.884
906.196 -202.177 2.87647
906.297 -201.968 2.86814
933.432 -197.874 2.51414
933.219 -197.482 2.50187
933.08 -197.088 2.48897
933.017 -196.691 2.47537
932.974 -196.292 2.46162
905.921 -198.154 2.73477
905.886 -197.944 2.72766
931.839 -195.196 2.43167
932.81 -194.699 2.40672
932.768 -194.3 2.39306
932.73 -193.902 2.37937
932.687 -193.503 2.36575
932.65 -193.104 2.35208
932.61 -192.705 2.33846
932.571 -192.306 2.32484
932.529 -191.906 2.31125
932.492 -191.506 2.29763
932.45 -191.106 2.28406
919.241 -193.023 2.45286
913.046 -239.314 4.08284
879.649 -204.065 3.13762
921.842 -237.225 3.89707
918.136 -226.364 3.52939
918.327 -226.076 3.51629
890.516 -209.357 3.21022
892.025 -209.347 3.19235
919.706 -220.635 3.2964
919.883 -220.344 3.28355
924.602 -211.081 2.88795
906.233 -202.396 2.7774
906.195 -202.181 2.77006
906.294 -201.972 2.76144
931.95 -199.524 2.38783
931.655 -199.14 2.37736
931.5 -198.755 2.36532
931.403 -198.369 2.35261
931.361 -197.982 2.33926
931.322 -197.595 2.32588
931.281 -197.208 2.31255
931.241 -196.821 2.29922
931.201 -196.435 2.28591
905.923 -198.157 2.62902
905.885 -197.948 2.62202
931.081 -195.277 2.24605
931.043 -194.89 2.23276
931.005 -194.504 2.21948
930.965 -194.118 2.20623
930.925 -193.732 2.19299
930.886 -193.345 2.17973
930.845 -192.959 2.16651
930.808 -192.572 2.15323
930.769 -192.185 2.14
930.729 -191.798 2.12676
930.692 -191.409 2.11348
919.248 -193.027 2.29858
919.199 -192.722 2.2884
880.174 -204.915 3.14232
879.647 -204.065 3.11951
921.822 -237.218 3.69157
918.135 -226.372 3.35646
918.321 -226.08 3.34327
890.511 -209.357 3.15038
892.023 -209.349 3.12796
919.731 -220.653 3.12799
919.855 -220.339 3.11492
924.594 -211.086 2.71369
906.235 -202.4 2.67077
906.195 -202.185 2.66364
906.29 -201.976 2.65474
930.519 -201.09 2.26847
930.18 -200.707 2.2597
930.03 -200.328 2.24831
929.893 -199.951 2.23679
929.843 -199.574 2.224
929.802 -199.198 2.21109
929.766 -198.821 2.19812
929.725 -198.445 2.18523
929.688 -198.07 2.1723
929.649 -197.694 2.15941
929.61 -197.319 2.14652
929.573 -196.944 2.13361
929.533 -196.569 2.12076
905.925 -198.161 2.52325
905.884 -197.952 2.51637
929.419 -195.445 2.08212
929.382 -195.071 2.06921
929.342 -194.696 2.05637
929.305 -194.322 2.04348
929.266 -193.947 2.03062
929.227 -193.572 2.01774
929.191 -193.197 2.00481
929.151 -192.822 1.99194
929.113 -192.447 1.97904
929.076 -192.071 1.9661
929.036 -191.695 1.95321
919.256 -193.031 2.14421
919.184 -192.73 2.13449
928.542 -190.637 1.92249
879.645 -204.064 3.10143
921.801 -237.212 3.48623
918.135 -226.379 3.18351
918.314 -226.083 3.17027
890.507 -209.357 3.09057
892.023 -209.498 3.06858
919.767 -220.676 2.95934
919.836 -220.338 2.94645
924.588 -211.092 2.53945
906.237 -202.404 2.56412
906.194 -202.188 2.5572
906.287 -201.979 2.54806
929.215 -202.581 2.15402
928.799 -202.195 2.14777
928.64 -201.821 2.13727
928.498 -201.45 2.12655
928.404 -201.081 2.11503
928.369 -200.713 2.10249
928.331 -200.346 2.09
928.295 -199.979 2.0775
928.258 -199.613 2.065
928.221 -199.248 2.05253
928.185 -198.882 2.04003
928.147 -198.517 2.02758
928.112 -198.152 2.01508
928.077 -197.788 2.00256
928.038 -197.423 1.99013
928.003 -197.059 1.97762
927.964 -196.696 1.96518
905.928 -198.164 2.41745
905.884 -197.956 2.41071
927.854 -195.604 1.92772
927.816 -195.241 1.91523
927.779 -194.877 1.90273
927.742 -194.513 1.89019
927.703 -194.15 1.87771
927.668 -193.786 1.86513
927.631 -193.422 1.85256
927.592 -193.058 1.84004
927.401 -192.717 1.83109
926.952 -192.42 1.82838
926.501 -192.128 1.82591
919.266 -193.034 1.9897
919.171 -192.738 1.98062
925.189 -191.28 1.81869
922.258 -191.5 1.87966
879.644 -204.063 3.08335
921.781 -237.206 3.28102
918.134 -226.387 3.01053
918.308 -226.087 2.99729
890.502 -209.357 3.03079
892.026 -209.502 3.00393
919.821 -220.338 2.77807
924.582 -211.097 2.36521
928.062 -204.011 2.0427
906.24 -202.408 2.45742
906.194 -202.192 2.45075
906.283 -201.983 2.44138
927.07 -202.511 2.01086
927.009 -202.15 1.99934
926.971 -201.792 1.98735
926.938 -201.433 1.97526
926.902 -201.076 1.96323
926.869 -200.719 1.95116
926.833 -200.362 1.93911
926.799 -200.006 1.92706
926.764 -199.65 1.91501
926.73 -199.294 1.90295
926.696 -198.939 1.89086
926.661 -198.585 1.8788
926.625 -198.23 1.86674
926.591 -197.876 1.85464
926.554 -197.522 1.8426
926.52 -197.168 1.83048
926.483 -196.815 1.81843
905.93 -198.168 2.31161
905.883 -197.959 2.30503
906.109 -197.725 2.29161
926.338 -195.401 1.76996
926.304 -195.048 1.75775
926.212 -194.701 1.74703
925.893 -194.383 1.74223
925.463 -194.084 1.74053
925.044 -193.789 1.73869
924.625 -193.5 1.73704
924.219 -193.213 1.73521
923.81 -192.932 1.73364
923.411 -192.654 1.73195
919.28 -193.037 1.83502
919.159 -192.745 1.82677
918.425 -192.571 1.8361
917.594 -192.425 1.84856
916.794 -192.285 1.86051
879.643 -204.064 3.06529
921.761 -237.2 3.07596
918.134 -226.394 2.83752
918.302 -226.091 2.82433
890.498 -209.357 2.97103
891.761 -209.362 2.94115
892.023 -209.357 2.93476
892.58 -209.503 2.92598
891.998 -209.054 2.92598
892.092 -208.959 2.92075
892.366 -208.952 2.91396
892.647 -208.945 2.90699
892.942 -208.941 2.89976
919.811 -220.341 2.60973
924.577 -211.103 2.19097
934.769 -206.519 1.77906
927.655 -205.45 1.9201
926.219 -204.963 1.93909
926.044 -204.594 1.93058
925.921 -204.233 1.92096
925.797 -203.873 1.91143
906.242 -202.412 2.3507
906.194 -202.196 2.34428
906.28 -201.987 2.3347
925.613 -202.465 1.86627
925.581 -202.116 1.85466
925.549 -201.767 1.84304
925.516 -201.419 1.83144
925.484 -201.071 1.8198
925.451 -200.724 1.8082
925.419 -200.377 1.79654
925.385 -200.031 1.78494
925.354 -199.685 1.77326
925.322 -199.339 1.76156
925.287 -198.994 1.74994
925.255 -198.649 1.73823
925.22 -198.304 1.72659
925.188 -197.959 1.71485
925.152 -197.615 1.7032
925.119 -197.271 1.69143
925.083 -196.927 1.67976
905.932 -198.171 2.20574
905.883 -197.963 2.19934
906.084 -197.731 2.18574
924.068 -195.644 1.65795
923.672 -195.346 1.65686
923.28 -195.054 1.65583
922.889 -194.766 1.65492
922.513 -194.481 1.65373
922.133 -194.201 1.65281
921.498 -193.964 1.65984
918.291 -194.131 1.74623
917.472 -193.958 1.76024
916.684 -193.791 1.77365
915.916 -193.632 1.78681
915.18 -193.477 1.79932
905.461 -195.036 2.10063
905.09 -194.894 2.1045
903.383 -195.029 2.15216
903.049 -194.899 2.1555
879.54 -204.118 3.05123
879.642 -204.064 3.04723
921.742 -237.194 2.87103
890.75 -209.793 2.91695
890.75 -209.65 2.91286
890.493 -209.357 2.9113
890.758 -209.372 2.90467
890.758 -209.233 2.90064
890.758 -209.094 2.89663
890.758 -208.957 2.89264
890.98 -208.941 2.8862
891.237 -208.941 2.87926
891.501 -208.941 2.87213
891.784 -208.947 2.86466
892.063 -208.947 2.8571
892.35 -208.947 2.84932
892.645 -208.947 2.84131
892.948 -208.947 2.83305
919.803 -220.344 2.4414
924.573 -211.109 2.01672
934.855 -210.313 1.69849
934.691 -209.865 1.68806
934.533 -209.42 1.67753
934.357 -208.976 1.6675
934.022 -208.514 1.66136
933.319 -208.011 1.66426
928.125 -206.979 1.77703
925.034 -206.258 1.8405
924.827 -205.888 1.83368
924.709 -205.53 1.82473
924.592 -205.175 1.81576
924.479 -204.821 1.80676
924.436 -204.476 1.79597
924.409 -204.132 1.78478
924.379 -203.789 1.77363
906.244 -202.416 2.24394
906.193 -202.2 2.2378
906.277 -201.991 2.22802
924.264 -202.423 1.72889
924.233 -202.083 1.71773
924.203 -201.744 1.70651
924.172 -201.405 1.69534
924.142 -201.066 1.6841
924.111 -200.729 1.67289
924.08 -200.391 1.66165
924.05 -200.054 1.65039
924.019 -199.717 1.63911
923.988 -199.381 1.62781
923.955 -199.045 1.61655
923.924 -198.709 1.60522
923.89 -198.374 1.59393
923.825 -198.04 1.58361
923.514 -197.723 1.58085
923.128 -197.414 1.58052
922.752 -197.11 1.58006
905.935 -198.174 2.09983
905.882 -197.967 2.09364
906.068 -197.736 2.07975
921.28 -195.94 1.57861
920.929 -195.657 1.57805
920.575 -195.379 1.57774
917.447 -195.453 1.66973
916.565 -195.274 1.68808
915.813 -195.089 1.7025
915.086 -194.909 1.71642
914.384 -194.737 1.72984
913.704 -194.569 1.7428
913.041 -194.408 1.75551
905.54 -195.455 2.00865
904.803 -195.375 2.0265
904.211 -195.277 2.03952
903.219 -195.266 2.06725
902.92 -195.127 2.07036
902.684 -194.979 2.07129
902.509 -194.82 2.07009
893.205 -219.577 3.02793
893.451 -219.577 3.0214
893.7 -219.577 3.01476
893.953 -219.577 3.008
879.545 -204.123 3.03328
879.642 -204.064 3.02918
889.998 -212.842 2.95538
889.996 -212.67 2.9512
890.015 -212.517 2.94688
921.722 -237.188 2.66622
890.758 -209.8 2.85553
890.758 -209.657 2.8517
890.489 -209.357 2.85159
890.758 -209.375 2.84407
890.758 -209.235 2.84028
890.758 -209.097 2.83651
890.758 -208.96 2.83275
890.985 -208.947 2.82557
891.243 -208.947 2.81784
891.489 -208.938 2.81017
891.749 -208.932 2.80218
892.033 -208.935 2.79369
892.334 -208.942 2.78478
892.629 -208.942 2.77585
892.932 -208.942 2.76665
919.798 -220.349 2.27304
924.57 -211.115 1.84245
933.109 -212.521 1.61687
933.094 -212.101 1.60374
933.052 -211.678 1.59129
932.931 -211.241 1.58088
932.782 -210.803 1.57126
932.636 -210.368 1.56161
932.387 -209.919 1.55472
931.87 -209.433 1.5551
928.266 -208.496 1.63893
923.896 -207.503 1.7453
923.657 -207.128 1.74039
923.546 -206.774 1.73202
923.437 -206.422 1.72364
923.325 -206.071 1.71537
923.252 -205.727 1.70602
923.224 -205.389 1.6954
923.199 -205.053 1.68466
923.172 -204.717 1.67398
923.146 -204.381 1.66325
923.12 -204.047 1.65252
923.094 -203.713 1.64178
906.247 -202.42 2.13713
906.193 -202.204 2.13129
906.274 -201.994 2.12134
922.983 -202.383 1.59876
922.957 -202.052 1.58793
922.927 -201.722 1.57718
922.899 -201.392 1.56632
922.87 -201.062 1.55551
922.841 -200.733 1.54465
922.812 -200.405 1.53379
922.782 -200.076 1.52291
922.736 -199.749 1.51255
922.579 -199.425 1.50582
922.216 -199.11 1.506
921.853 -198.799 1.50632
921.492 -198.494 1.5067
921.145 -198.193 1.50677
920.794 -197.896 1.50706
920.454 -197.604 1.50715
920.114 -197.316 1.50734
905.938 -198.178 1.99388
905.882 -197.97 1.98791
906.056 -197.741 1.97373
915.714 -196.524 1.61866
914.969 -196.324 1.63496
914.276 -196.128 1.64972
913.608 -195.939 1.66389
912.96 -195.756 1.67761
912.331 -195.579 1.69095
911.723 -195.407 1.70376
911.133 -195.24 1.71619
905.01 -195.972 1.9397
904.521 -195.844 1.95035
903.947 -195.737 1.96451
902.903 -195.724 1.99724
902.701 -195.566 1.99749
902.536 -195.403 1.99635
902.311 -195.255 1.99764
901.578 -195.216 2.01937
901.135 -195.124 2.02978
897.876 -195.674 2.15492
889.998 -215.899 2.95524
889.995 -215.686 2.9509
889.993 -215.475 2.9466
889.991 -215.268 2.94235
889.989 -215.064 2.93813
889.987 -214.862 2.93396
889.985 -214.664 2.92982
889.983 -214.468 2.92572
889.981 -214.275 2.92166
889.979 -214.084 2.91763
889.977 -213.896 2.91363
879.546 -204.173 3.01639
879.525 -204.106 3.01555
879.555 -204.085 3.01418
879.585 -204.063 3.0128
879.615 -204.042 3.01141
879.647 -204.023 3.00999
889.963 -212.646 2.88654
889.961 -212.476 2.88278
890.103 -212.425 2.87727
921.703 -237.182 2.46154
890.782 -209.817 2.79375
890.758 -209.66 2.79059
890.485 -209.357 2.7919
890.758 -209.377 2.78346
890.758 -209.238 2.77992
890.758 -209.1 2.77638
890.758 -208.962 2.77285
890.98 -208.947 2.76509
891.238 -208.947 2.75657
891.493 -208.942 2.748
891.764 -208.942 2.73898
892.042 -208.942 2.7297
892.329 -208.942 2.72015
892.623 -208.942 2.7103
892.926 -208.942 2.70015
919.795 -220.355 2.10463
933.106 -215.057 1.49128
932.28 -214.431 1.50089
931.344 -213.793 1.51389
931.334 -213.382 1.50145
931.315 -212.97 1.48923
924.567 -211.121 1.66814
931.111 -212.116 1.46952
930.973 -211.687 1.46073
930.81 -211.255 1.45271
930.375 -210.777 1.45272
929.426 -210.214 1.46814
922.836 -208.706 1.65197
922.527 -208.317 1.65029
922.423 -207.966 1.64252
922.322 -207.618 1.6347
922.217 -207.271 1.62702
922.124 -206.928 1.61896
922.086 -206.593 1.60924
922.063 -206.262 1.59902
922.04 -205.932 1.58877
922.017 -205.602 1.57852
921.994 -205.274 1.56826
921.97 -204.946 1.55797
921.946 -204.618 1.5477
921.922 -204.292 1.53737
921.898 -203.966 1.52703
921.874 -203.64 1.51669
906.249 -202.424 2.03029
906.193 -202.208 2.02477
906.271 -201.998 2.01466
921.771 -202.345 1.47522
921.744 -202.023 1.46484
921.718 -201.701 1.45437
921.678 -201.379 1.44437
921.577 -201.057 1.43649
921.322 -200.737 1.43413
920.973 -200.421 1.43516
920.635 -200.109 1.43596
920.3 -199.802 1.43677
919.97 -199.5 1.43753
919.644 -199.202 1.43824
919.317 -198.908 1.43911
918.997 -198.618 1.43981
918.684 -198.333 1.4404
918.369 -198.051 1.44117
918.066 -197.773 1.44159
917.758 -197.499 1.44229
905.94 -198.181 1.88788
905.881 -197.974 1.88216
906.045 -197.746 1.8677
912.239 -196.889 1.61529
911.641 -196.698 1.62918
911.058 -196.512 1.6428
910.485 -196.334 1.65621
909.94 -196.159 1.66882
909.414 -195.989 1.68085
904.757 -196.431 1.86282
904.248 -196.301 1.87579
903.299 -196.25 1.90734
901.534 -196.348 1.97357
902.86 -195.931 1.91028
902.624 -195.778 1.91258
901.923 -195.717 1.93485
901.73 -195.565 1.93558
901.372 -195.449 1.94355
900.841 -195.375 1.95924
897.894 -195.835 2.08131
897.481 -195.766 2.09305
897.258 -195.658 2.09649
889.96 -215.651 2.87908
889.958 -215.442 2.87532
889.956 -215.235 2.87159
889.954 -215.032 2.8679
889.952 -214.831 2.86423
889.95 -214.633 2.86059
889.948 -214.438 2.85698
889.947 -214.246 2.85339
889.945 -214.056 2.84983
889.943 -213.868 2.84629
879.545 -204.173 2.99834
879.523 -204.105 2.99773
879.553 -204.084 2.99633
879.583 -204.063 2.99492
879.613 -204.041 2.9935
879.645 -204.021 2.99205
889.931 -212.622 2.82215
889.929 -212.452 2.81878
890.099 -212.425 2.81253
921.684 -237.177 2.25697
890.758 -209.805 2.73279
890.758 -209.662 2.72947
890.48 -209.357 2.73223
890.758 -209.38 2.72284
890.758 -209.241 2.71953
890.758 -209.102 2.71623
890.758 -208.965 2.71294
890.976 -208.947 2.70463
891.233 -208.947 2.69532
891.487 -208.942 2.68597
891.758 -208.942 2.67612
892.037 -208.942 2.66598
892.323 -208.942 2.65554
892.617 -208.942 2.64477
892.92 -208.942 2.63367
919.795 -220.362 1.93614
932.914 -217.589 1.36641
932.294 -216.978 1.37229
931.501 -216.328 1.38362
930.722 -215.697 1.39484
929.686 -215.01 1.41419
929.65 -214.598 1.40335
929.641 -214.196 1.39166
929.612 -213.79 1.38057
929.503 -213.366 1.37198
929.38 -212.943 1.36384
929.243 -212.519 1.3562
924.565 -211.127 1.49377
928.129 -211.508 1.36803
921.794 -209.864 1.56165
921.457 -209.466 1.56223
921.335 -209.113 1.55586
921.242 -208.767 1.54858
921.145 -208.424 1.54146
921.057 -208.083 1.53401
920.996 -207.75 1.52568
920.967 -207.422 1.51625
920.95 -207.097 1.50641
920.928 -206.773 1.4967
920.91 -206.449 1.48683
920.887 -206.126 1.47709
920.869 -205.805 1.46719
920.845 -205.484 1.45742
920.826 -205.163 1.44749
920.802 -204.844 1.43768
920.782 -204.525 1.42771
920.757 -204.206 1.41787
920.736 -203.889 1.40786
920.715 -203.572 1.39786
906.252 -202.428 1.92339
906.193 -202.212 1.91821
906.268 -202.002 1.90796
920.439 -202.303 1.36461
920.112 -201.981 1.36613
919.791 -201.663 1.36748
919.468 -201.351 1.36902
919.153 -201.043 1.37038
918.843 -200.739 1.37162
918.535 -200.44 1.37291
918.233 -200.145 1.37407
917.929 -199.854 1.37541
917.63 -199.567 1.37662
917.34 -199.284 1.37762
917.045 -199.005 1.37885
916.757 -198.73 1.37994
916.468 -198.459 1.38115
912.733 -198.403 1.52497
912.121 -198.186 1.54071
911.534 -197.975 1.55566
905.943 -198.185 1.78183
905.881 -197.978 1.77639
906.036 -197.75 1.76166
909.336 -197.195 1.61172
908.825 -197.014 1.62468
908.33 -196.838 1.63712
904.833 -197.044 1.78126
904.539 -196.876 1.78612
903.626 -196.798 1.8186
903.416 -196.63 1.82011
903.244 -196.459 1.82006
901.474 -196.546 1.8922
901.458 -196.364 1.88557
901.441 -196.182 1.87891
901.826 -195.927 1.85378
901.724 -195.758 1.85088
901.495 -195.614 1.85393
900.354 -195.66 1.89982
897.936 -195.991 2.00669
897.422 -195.941 2.02444
897.23 -195.825 2.0271
897.101 -195.697 2.02677
896.749 -195.624 2.03726
889.922 -215.409 2.80437
889.921 -215.203 2.80117
889.919 -215 2.79799
889.917 -214.8 2.79482
889.916 -214.603 2.79167
889.914 -214.408 2.78854
889.913 -214.217 2.78543
889.911 -214.027 2.78233
889.91 -213.841 2.77925
879.544 -204.173 2.98028
879.521 -204.104 2.97992
879.551 -204.083 2.97849
879.581 -204.062 2.97705
879.611 -204.04 2.97561
879.642 -204.02 2.97412
889.899 -212.598 2.75804
889.898 -212.429 2.75505
890.096 -212.425 2.74781
921.665 -237.171 2.0525
897.79 -216.052 2.53243
890.758 -209.808 2.67139
890.758 -209.665 2.66833
890.476 -209.358 2.67258
890.758 -209.383 2.6622
890.758 -209.243 2.65913
890.758 -209.105 2.65607
890.758 -208.968 2.65301
890.971 -208.947 2.64419
891.228 -208.947 2.6341
891.482 -208.942 2.62397
891.753 -208.942 2.61329
892.031 -208.942 2.60229
892.317 -208.942 2.59095
892.612 -208.942 2.57927
892.914 -208.942 2.56723
919.797 -220.37 1.76753
932.455 -220.078 1.24507
931.856 -219.437 1.25242
931.271 -218.812 1.25954
930.676 -218.194 1.26723
929.928 -217.54 1.28013
929.197 -216.905 1.29279
928.074 -216.166 1.31871
928.032 -215.757 1.30898
928.03 -215.362 1.2979
928.024 -214.968 1.28695
927.958 -214.559 1.27796
927.847 -214.141 1.27056
927.735 -213.725 1.2632
927.488 -213.28 1.26052
926.849 -212.747 1.2716
920.769 -210.981 1.47395
920.379 -210.564 1.47789
920.28 -210.217 1.47164
920.192 -209.874 1.46499
920.104 -209.533 1.45837
920.015 -209.195 1.45177
919.94 -208.861 1.44468
919.911 -208.537 1.43588
919.894 -208.216 1.42661
919.876 -207.897 1.41736
919.861 -207.578 1.40797
919.843 -207.26 1.39869
919.827 -206.944 1.38927
919.808 -206.627 1.37994
919.791 -206.312 1.37049
919.771 -205.998 1.36111
919.753 -205.684 1.35163
919.733 -205.371 1.34221
919.714 -205.059 1.33269
919.693 -204.747 1.32321
919.673 -204.436 1.31367
919.647 -204.125 1.30432
919.57 -203.811 1.29697
919.262 -203.484 1.29894
906.254 -202.432 1.81645
906.192 -202.215 1.81162
906.265 -202.006 1.80126
918.052 -202.221 1.30692
917.764 -201.917 1.30853
917.471 -201.617 1.31043
917.186 -201.321 1.31211
916.904 -201.029 1.31374
916.621 -200.741 1.31551
916.343 -200.457 1.31712
916.072 -200.177 1.31855
915.797 -199.901 1.32019
915.528 -199.628 1.32168
915.218 -199.36 1.32508
911.402 -199.238 1.48304
910.844 -199.015 1.49852
910.298 -198.799 1.51371
909.762 -198.59 1.52866
909.249 -198.387 1.54281
908.747 -198.189 1.5567
905.946 -198.188 1.67574
905.88 -197.981 1.67059
906.027 -197.755 1.65562
906.864 -197.455 1.60847
904.636 -197.481 1.70409
904.274 -197.319 1.71311
901.838 -197.421 1.82036
901.817 -197.239 1.81408
901.767 -197.06 1.80908
901.758 -196.876 1.80214
901.532 -196.724 1.80564
901.389 -196.563 1.80518
901.68 -196.33 1.78348
901.46 -196.182 1.78672
901.608 -195.969 1.77181
900.3 -196.03 1.82944
900.201 -195.871 1.82705
898.307 -196.08 1.91532
897.508 -196.084 1.94908
897.203 -195.991 1.95799
897.072 -195.863 1.95813
896.729 -195.786 1.96925
896.426 -195.704 1.97844
896.279 -195.587 1.97964
889.886 -215.171 2.73107
889.884 -214.969 2.72839
889.883 -214.769 2.72573
889.881 -214.573 2.72307
889.88 -214.379 2.72042
889.879 -214.188 2.71777
889.878 -213.999 2.71513
889.876 -213.813 2.7125
879.543 -204.174 2.96223
879.519 -204.103 2.96212
879.549 -204.082 2.96067
879.579 -204.061 2.9592
879.609 -204.039 2.95772
879.64 -204.019 2.95621
889.867 -212.574 2.69419
889.889 -212.425 2.69099
890.092 -212.425 2.6831
921.646 -237.166 1.84814
897.773 -216.044 2.439
897.948 -215.937 2.42997
890.758 -209.811 2.60998
890.758 -209.668 2.60717
890.471 -209.358 2.61294
890.758 -209.385 2.60153
890.758 -209.246 2.59871
890.758 -209.108 2.59589
890.758 -208.97 2.59306
890.966 -208.947 2.58377
891.223 -208.947 2.57289
891.477 -208.942 2.56199
891.748 -208.942 2.55048
892.026 -208.942 2.53861
892.312 -208.942 2.52639
892.606 -208.942 2.51379
892.908 -208.942 2.5008
919.802 -220.38 1.59877
924.231 -220.36 1.40526
930.765 -221.241 1.13965
930.211 -220.602 1.14814
929.661 -219.976 1.15666
929.096 -219.355 1.16589
928.393 -218.697 1.18024
927.705 -218.058 1.19431
926.534 -217.273 1.226
926.473 -216.862 1.21793
926.48 -216.475 1.20737
926.481 -216.088 1.197
886.354 -203.825 2.66416
886.265 -203.719 2.66524
886.192 -203.619 2.6658
886.134 -203.525 2.6658
886.077 -203.432 2.6658
886.02 -203.34 2.6658
885.964 -203.249 2.6658
885.907 -203.16 2.6658
885.852 -203.071 2.6658
885.796 -202.984 2.6658
919.007 -210.267 1.37147
918.934 -209.935 1.36507
918.881 -209.609 1.3579
918.867 -209.293 1.34916
918.856 -208.978 1.34025
918.843 -208.664 1.33141
918.83 -208.351 1.32252
918.816 -208.038 1.31363
918.802 -207.727 1.3047
918.787 -207.416 1.29576
918.772 -207.106 1.2868
918.758 -206.798 1.27776
918.741 -206.489 1.2688
918.725 -206.182 1.25973
918.708 -205.875 1.25071
918.691 -205.569 1.2416
918.636 -205.26 1.23408
918.412 -204.935 1.23375
918.124 -204.607 1.23621
917.836 -204.284 1.23877
917.548 -203.966 1.24137
917.272 -203.652 1.24359
916.992 -203.343 1.24602
906.257 -202.436 1.70945
906.192 -202.219 1.70501
906.263 -202.009 1.69454
915.912 -202.148 1.25474
915.648 -201.86 1.25687
915.384 -201.575 1.25903
915.128 -201.294 1.26092
914.873 -201.017 1.26283
914.616 -200.743 1.26485
914.365 -200.473 1.26671
910.697 -200.249 1.42768
910.165 -200.015 1.44372
909.643 -199.788 1.45943
909.134 -199.568 1.4748
908.645 -199.354 1.48942
908.158 -199.147 1.50409
907.696 -198.945 1.5178
907.234 -198.749 1.53173
906.794 -198.558 1.54469
906.358 -198.373 1.55772
905.938 -198.192 1.57008
904.601 -198.099 1.62797
904.399 -197.916 1.63013
901.809 -197.981 1.7517
901.519 -197.829 1.75907
901.435 -197.656 1.75606
901.39 -197.48 1.75115
900.569 -197.406 1.78585
900.568 -197.23 1.7788
901.272 -196.95 1.73525
901.388 -196.75 1.72181
901.299 -196.58 1.719
901.384 -196.383 1.707
901.144 -196.24 1.71207
900.263 -196.217 1.75131
900.074 -196.076 1.75403
899.945 -195.925 1.75361
897.801 -196.185 1.8621
897.263 -196.138 1.88451
897.066 -196.024 1.88864
896.761 -195.936 1.89871
896.428 -195.859 1.91049
896.219 -195.756 1.91551
895.759 -195.719 1.93469
895.449 -195.649 1.94566
889.85 -214.937 2.65912
889.848 -214.739 2.65694
879.333 -204.221 2.95311
879.363 -204.201 2.95171
879.392 -204.18 2.95029
879.422 -204.159 2.94886
879.451 -204.138 2.94742
879.481 -204.118 2.94597
879.511 -204.097 2.94451
879.541 -204.076 2.94303
879.571 -204.054 2.94154
879.601 -204.033 2.94003
879.631 -204.012 2.93851
879.661 -203.991 2.93698
879.691 -203.969 2.93543
879.722 -203.948 2.93387
879.752 -203.926 2.93229
921.627 -237.16 1.64387
897.757 -216.037 2.34565
890.758 -209.813 2.54854
890.758 -209.67 2.54599
890.469 -209.359 2.55326
890.758 -209.388 2.54085
890.758 -209.249 2.53827
890.758 -209.11 2.53569
890.758 -208.973 2.53309
890.961 -208.947 2.52337
891.218 -208.947 2.51171
891.472 -208.942 2.50004
891.743 -208.942 2.48768
892.02 -208.942 2.47496
892.306 -208.942 2.46186
892.6 -208.942 2.44834
892.903 -208.942 2.43441
919.809 -220.39 1.42983
923.67 -220.53 1.25241
923.788 -220.188 1.23909
923.915 -219.849 1.22536
928.097 -221.09 1.0568
927.547 -220.46 1.06811
926.887 -219.8 1.08381
926.243 -219.159 1.0991
925.061 -218.337 1.13552
924.972 -217.919 1.12961
924.983 -217.538 1.11973
924.992 -217.158 1.10991
924.996 -216.778 1.10024
924.93 -216.377 1.09333
924.843 -215.973 1.08722
924.709 -215.557 1.08301
886.323 -203.818 2.62667
886.235 -203.712 2.62814
886.149 -203.609 2.62955
886.065 -203.507 2.63093
885.983 -203.408 2.63226
885.902 -203.311 2.63354
885.822 -203.215 2.63478
885.745 -203.121 2.63599
885.668 -203.029 2.63715
885.593 -202.939 2.63828
885.519 -202.85 2.63936
885.447 -202.763 2.64042
885.376 -202.678 2.64143
885.306 -202.594 2.64242
885.237 -202.511 2.64337
885.17 -202.43 2.64429
885.103 -202.35 2.64518
885.038 -202.271 2.64604
884.973 -202.194 2.64687
884.91 -202.118 2.64767
884.848 -202.043 2.64844
884.786 -201.969 2.64919
884.726 -201.896 2.64991
884.666 -201.825 2.6506
884.608 -201.754 2.65127
884.55 -201.685 2.65191
884.493 -201.617 2.65253
884.436 -201.549 2.65313
884.381 -201.483 2.6537
884.326 -201.417 2.65425
884.272 -201.352 2.65478
884.219 -201.289 2.65529
884.167 -201.226 2.65578
884.115 -201.163 2.65625
884.064 -201.102 2.6567
884.013 -201.042 2.65713
883.963 -200.982 2.65754
883.914 -200.923 2.65793
883.865 -200.864 2.6583
883.817 -200.807 2.65865
883.77 -200.75 2.65899
883.723 -200.694 2.65931
883.676 -200.638 2.65961
883.63 -200.583 2.6599
883.585 -200.529 2.66017
883.54 -200.475 2.66043
883.496 -200.422 2.66066
883.452 -200.369 2.66089
883.408 -200.317 2.6611
883.365 -200.266 2.66129
883.323 -200.215 2.66147
883.28 -200.165 2.66163
883.239 -200.115 2.66178
883.197 -200.065 2.66192
883.156 -200.017 2.66204
883.116 -199.968 2.66215
883.076 -199.92 2.66225
883.036 -199.873 2.66233
882.996 -199.826 2.6624
882.957 -199.779 2.66246
882.918 -199.733 2.66251
882.88 -199.687 2.66254
882.842 -199.642 2.66256
882.804 -199.596 2.66257
882.767 -199.552 2.66257
882.73 -199.508 2.66255
882.693 -199.464 2.66253
882.656 -199.42 2.66249
882.62 -199.377 2.66244
882.584 -199.334 2.66238
882.639 -199.273 2.65709
897.055 -196.184 1.8196
896.683 -196.11 1.83453
896.383 -196.024 1.84541
895.802 -196.007 1.87297
895.541 -195.921 1.88194
895.271 -195.842 1.89154
894.886 -195.795 1.90814
894.751 -195.687 1.9099
879.329 -204.267 2.93605
879.317 -204.206 2.93599
879.346 -204.186 2.93457
879.376 -204.165 2.93314
879.405 -204.144 2.93169
879.435 -204.124 2.93023
879.464 -204.103 2.92876
879.494 -204.082 2.92728
879.523 -204.061 2.92578
879.553 -204.04 2.92426
879.583 -204.019 2.92273
879.613 -203.998 2.92119
879.643 -203.976 2.91963
879.673 -203.955 2.91806
879.704 -203.934 2.91647
879.734 -203.912 2.91487
879.764 -203.89 2.91325
897.741 -216.031 2.2524
890.758 -209.816 2.48708
890.758 -209.673 2.48478
890.459 -209.356 2.49385
890.719 -209.368 2.48163
890.758 -209.251 2.47781
890.758 -209.113 2.47546
890.758 -208.976 2.4731
890.956 -208.947 2.46299
891.213 -208.947 2.45054
891.467 -208.942 2.4381
891.737 -208.942 2.42491
892.015 -208.942 2.41133
892.301 -208.942 2.39734
892.594 -208.942 2.38291
892.897 -208.942 2.36803
919.819 -220.401 1.26066
927.505 -223.407 0.939028
927.024 -222.771 0.949894
926.553 -222.148 0.960532
923.433 -220.439 1.08088
923.534 -220.092 1.06839
923.747 -219.789 1.05113
924.214 -219.584 1.02311
923.516 -218.929 1.04391
923.533 -218.554 1.03466
923.55 -218.181 1.02538
923.564 -217.809 1.01617
923.538 -217.424 1.00863
923.461 -217.024 1.00318
923.351 -216.616 0.999175
923.042 -216.147 1.00379
917.763 -214.097 1.22488
917.359 -213.649 1.23469
886.381 -203.918 2.58748
886.292 -203.81 2.58939
886.205 -203.705 2.59123
886.12 -203.602 2.59302
886.036 -203.501 2.59475
885.954 -203.402 2.59643
885.874 -203.305 2.59806
885.795 -203.21 2.59964
885.717 -203.116 2.60117
885.641 -203.024 2.60265
885.567 -202.934 2.60409
885.494 -202.846 2.60548
885.422 -202.759 2.60683
885.351 -202.674 2.60814
885.281 -202.59 2.60941
885.213 -202.508 2.61064
885.146 -202.427 2.61183
885.08 -202.347 2.61298
885.015 -202.268 2.6141
884.951 -202.191 2.61519
884.888 -202.115 2.61624
884.826 -202.041 2.61725
884.764 -201.967 2.61824
884.704 -201.895 2.61919
884.645 -201.823 2.62011
884.587 -201.753 2.62101
884.529 -201.684 2.62187
884.472 -201.616 2.6227
884.416 -201.548 2.62351
884.361 -201.482 2.62429
884.307 -201.416 2.62505
884.253 -201.352 2.62577
884.2 -201.288 2.62648
884.148 -201.225 2.62715
884.096 -201.163 2.62781
884.045 -201.102 2.62844
883.995 -201.042 2.62905
883.945 -200.982 2.62963
883.896 -200.923 2.63019
883.848 -200.865 2.63074
883.8 -200.808 2.63125
883.753 -200.751 2.63175
883.706 -200.695 2.63223
883.66 -200.639 2.63269
883.614 -200.584 2.63313
883.569 -200.53 2.63355
883.524 -200.477 2.63395
883.48 -200.424 2.63434
883.436 -200.371 2.6347
883.393 -200.319 2.63505
883.35 -200.268 2.63538
883.307 -200.217 2.63569
883.265 -200.167 2.63598
883.224 -200.117 2.63626
883.183 -200.068 2.63653
883.142 -200.019 2.63677
883.101 -199.97 2.637
883.061 -199.923 2.63722
883.022 -199.875 2.63742
882.982 -199.828 2.6376
882.943 -199.782 2.63777
882.905 -199.735 2.63793
882.866 -199.69 2.63807
882.828 -199.644 2.63819
882.791 -199.599 2.63831
882.753 -199.555 2.6384
882.716 -199.511 2.63849
882.68 -199.467 2.63856
882.643 -199.423 2.63862
882.607 -199.38 2.63866
882.571 -199.337 2.63869
882.574 -199.287 2.63638
882.634 -199.224 2.63045
896.217 -196.214 1.78829
895.792 -196.159 1.80802
895.152 -196.16 1.84148
894.859 -196.087 1.85343
894.721 -195.98 1.8558
894.591 -195.872 1.85768
894.412 -195.778 1.8627
894.213 -195.692 1.86902
879.301 -204.191 2.91901
879.33 -204.171 2.91758
879.359 -204.15 2.91613
879.389 -204.13 2.91467
879.418 -204.109 2.91319
879.447 -204.088 2.9117
879.477 -204.067 2.91019
879.506 -204.047 2.90867
879.536 -204.026 2.90714
879.566 -204.005 2.90559
879.595 -203.983 2.90402
879.625 -203.962 2.90244
879.655 -203.941 2.90084
879.685 -203.92 2.89923
879.716 -203.898 2.8976
879.746 -203.877 2.89595
879.776 -203.855 2.89429
897.725 -216.024 2.15925
890.277 -209.666 2.44768
890.277 -209.527 2.44573
890.425 -209.477 2.43754
890.66 -209.477 2.4256
890.714 -209.368 2.42125
890.758 -209.254 2.41733
890.758 -209.115 2.41522
890.758 -208.978 2.41308
890.951 -208.947 2.40262
891.208 -208.947 2.38938
891.462 -208.942 2.37617
891.732 -208.942 2.36216
892.01 -208.942 2.34772
892.295 -208.942 2.33284
892.589 -208.942 2.3175
892.891 -208.942 2.30168
925.926 -224.414 0.843222
925.476 -223.778 0.855393
925.036 -223.157 0.867197
919.833 -220.415 1.09119
920.084 -220.157 1.073
923.377 -221.207 0.918228
922.791 -220.567 0.936969
922.105 -219.897 0.960324
922.129 -219.529 0.951651
922.149 -219.16 0.943139
922.17 -218.794 0.934484
922.165 -218.42 0.926971
922.113 -218.031 0.921519
922.046 -217.638 0.916787
921.768 -217.173 0.921736
916.77 -215.06 1.14627
916.397 -214.612 1.1566
916.293 -214.261 1.15434
916.236 -213.928 1.14986
916.178 -213.597 1.14542
916.117 -213.268 1.14107
886.35 -203.91 2.55002
886.262 -203.803 2.55231
886.175 -203.698 2.55452
886.09 -203.595 2.55668
886.007 -203.495 2.55876
885.926 -203.396 2.56079
885.846 -203.299 2.56276
885.768 -203.204 2.56467
885.691 -203.111 2.56652
885.615 -203.02 2.56832
885.541 -202.93 2.57007
885.468 -202.842 2.57176
885.396 -202.755 2.57341
885.326 -202.67 2.575
885.257 -202.586 2.57655
885.189 -202.504 2.57806
885.122 -202.423 2.57952
885.056 -202.344 2.58094
884.992 -202.266 2.58232
884.928 -202.189 2.58365
884.865 -202.113 2.58495
884.804 -202.039 2.58621
884.743 -201.965 2.58743
884.683 -201.893 2.58861
884.624 -201.822 2.58976
884.566 -201.752 2.59088
884.509 -201.683 2.59196
884.452 -201.614 2.593
884.396 -201.547 2.59402
884.341 -201.481 2.59501
884.287 -201.416 2.59596
884.234 -201.352 2.59688
884.181 -201.288 2.59778
884.129 -201.225 2.59864
884.078 -201.163 2.59948
884.027 -201.102 2.60029
883.977 -201.042 2.60108
883.928 -200.983 2.60184
883.879 -200.924 2.60257
883.831 -200.866 2.60328
883.783 -200.808 2.60396
883.736 -200.752 2.60462
883.689 -200.696 2.60526
883.643 -200.64 2.60587
883.597 -200.586 2.60646
883.552 -200.531 2.60703
883.508 -200.478 2.60758
883.464 -200.425 2.6081
883.42 -200.373 2.60861
883.377 -200.321 2.60909
883.334 -200.27 2.60956
883.292 -200.219 2.61
883.25 -200.169 2.61043
883.209 -200.119 2.61083
883.168 -200.07 2.61122
883.127 -200.021 2.61159
883.087 -199.973 2.61194
883.047 -199.925 2.61227
883.007 -199.878 2.61259
882.968 -199.831 2.61288
882.929 -199.784 2.61317
882.891 -199.738 2.61343
882.853 -199.692 2.61368
882.815 -199.647 2.61391
882.777 -199.602 2.61412
882.74 -199.558 2.61432
882.703 -199.514 2.61451
882.667 -199.47 2.61467
882.63 -199.426 2.61483
882.594 -199.383 2.61496
882.558 -199.341 2.61509
882.523 -199.298 2.6152
882.569 -199.239 2.60997
882.63 -199.176 2.60375
894.825 -196.379 1.79962
894.573 -196.297 1.80991
894.46 -196.185 1.81107
894.35 -196.074 1.81206
894.195 -195.975 1.81608
893.936 -195.905 1.82708
893.545 -195.875 1.84729
893.319 -195.803 1.85636
879.314 -204.156 2.90073
879.343 -204.136 2.89926
879.372 -204.115 2.89778
879.401 -204.095 2.89629
879.431 -204.074 2.89478
879.46 -204.053 2.89325
879.489 -204.032 2.89171
879.519 -204.011 2.89015
879.548 -203.99 2.88858
879.578 -203.969 2.88699
879.608 -203.948 2.88539
879.638 -203.927 2.88377
879.667 -203.906 2.88213
879.697 -203.884 2.88048
879.728 -203.863 2.8788
879.758 -203.841 2.87711
879.788 -203.82 2.87541
890.277 -209.669 2.38787
890.277 -209.529 2.38617
890.42 -209.477 2.37783
890.502 -209.386 2.3723
890.71 -209.368 2.36087
890.758 -209.257 2.3568
890.758 -209.118 2.35492
890.758 -208.981 2.35303
890.946 -208.947 2.34225
891.203 -208.947 2.32823
891.457 -208.942 2.31425
891.727 -208.942 2.2994
892.004 -208.942 2.2841
892.29 -208.942 2.26834
892.583 -208.942 2.25208
892.885 -208.942 2.23532
922.489 -222.797 0.813737
921.965 -222.156 0.832303
921.454 -221.532 0.850327
919.85 -220.43 0.921298
920.034 -220.142 0.905954
920.789 -220.1 0.862625
920.818 -219.74 0.854522
920.832 -219.377 0.846992
920.803 -218.997 0.841585
920.738 -218.606 0.837853
920.535 -218.164 0.840876
915.778 -215.987 1.06969
915.439 -215.54 1.08021
915.346 -215.191 1.07852
915.291 -214.859 1.07486
915.241 -214.53 1.07092
915.19 -214.204 1.06701
915.135 -213.879 1.06319
915.083 -213.557 1.05925
915.041 -213.24 1.05472
915.029 -212.935 1.04859
886.319 -203.902 2.51275
886.231 -203.795 2.51541
886.145 -203.691 2.518
886.061 -203.588 2.52051
885.979 -203.488 2.52295
885.898 -203.39 2.52532
885.818 -203.293 2.52763
885.74 -203.199 2.52986
885.664 -203.106 2.53204
885.589 -203.015 2.53415
885.515 -202.925 2.5362
885.442 -202.837 2.53819
885.371 -202.751 2.54013
885.301 -202.666 2.54201
885.233 -202.583 2.54384
885.165 -202.501 2.54562
885.099 -202.42 2.54735
885.033 -202.341 2.54903
884.969 -202.263 2.55066
884.905 -202.186 2.55225
884.843 -202.111 2.55379
884.782 -202.037 2.55529
884.721 -201.963 2.55674
884.662 -201.891 2.55816
884.603 -201.82 2.55953
884.545 -201.75 2.56087
884.488 -201.681 2.56216
884.432 -201.613 2.56342
884.377 -201.547 2.56464
884.322 -201.48 2.56583
884.268 -201.415 2.56698
884.215 -201.351 2.5681
884.162 -201.288 2.56919
884.111 -201.225 2.57024
884.059 -201.163 2.57126
884.009 -201.103 2.57225
883.959 -201.042 2.57321
883.91 -200.983 2.57415
883.861 -200.924 2.57505
883.813 -200.866 2.57592
883.766 -200.809 2.57677
883.719 -200.753 2.57759
883.672 -200.697 2.57838
883.626 -200.641 2.57915
883.581 -200.587 2.57989
883.536 -200.533 2.5806
883.492 -200.479 2.58129
883.448 -200.426 2.58196
883.405 -200.374 2.58261
883.362 -200.322 2.58323
883.319 -200.271 2.58382
883.277 -200.221 2.5844
883.235 -200.171 2.58495
883.194 -200.121 2.58549
883.153 -200.072 2.586
883.113 -200.023 2.58649
883.072 -199.975 2.58696
883.033 -199.927 2.58741
882.993 -199.88 2.58784
882.954 -199.833 2.58825
882.916 -199.787 2.58864
882.877 -199.741 2.58901
882.839 -199.695 2.58936
882.801 -199.65 2.5897
882.764 -199.605 2.59002
882.727 -199.561 2.59032
882.69 -199.517 2.5906
882.654 -199.473 2.59086
882.617 -199.43 2.59111
882.581 -199.387 2.59134
882.546 -199.344 2.59155
882.51 -199.302 2.59175
882.524 -199.249 2.58862
882.603 -199.182 2.58084
894.36 -196.486 1.76328
894.08 -196.414 1.77645
893.828 -196.339 1.78781
893.595 -196.263 1.79799
893.449 -196.167 1.80202
893.257 -196.085 1.80941
892.755 -196.089 1.83903
892.608 -196.002 1.84346
892.449 -195.92 1.84883
879.327 -204.121 2.88254
879.356 -204.101 2.88104
879.385 -204.08 2.87953
879.414 -204.06 2.878
879.443 -204.039 2.87646
879.472 -204.018 2.8749
879.502 -203.997 2.87332
879.531 -203.976 2.87173
879.561 -203.955 2.87012
879.59 -203.934 2.86849
879.62 -203.913 2.86685
879.65 -203.892 2.86518
879.679 -203.871 2.8635
879.709 -203.849 2.8618
879.74 -203.828 2.86009
879.77 -203.806 2.85835
888.83 -210.666 2.4158
888.812 -210.508 2.4158
897.693 -216.01 1.97322
890.277 -209.672 2.32804
890.277 -209.532 2.3266
890.416 -209.477 2.31815
890.651 -209.477 2.30481
890.705 -209.368 2.30052
890.758 -209.259 2.29626
890.758 -209.121 2.29463
890.758 -208.983 2.29296
890.942 -208.947 2.28191
891.198 -208.947 2.26711
891.451 -208.942 2.25235
891.721 -208.942 2.23667
892.065 -208.976 2.21712
892.294 -208.947 2.20336
892.587 -208.947 2.18618
892.889 -208.947 2.16847
919.43 -221.357 0.791258
919.464 -221.001 0.783871
919.496 -220.646 0.776494
919.52 -220.289 0.769409
919.519 -219.923 0.763593
919.465 -219.536 0.760447
919.299 -219.105 0.763131
914.788 -216.877 0.995023
914.482 -216.435 1.00564
914.407 -216.09 1.00409
914.364 -215.762 1.00077
914.317 -215.434 0.997593
914.273 -215.11 0.994177
914.228 -214.788 0.990805
914.181 -214.467 0.987486
914.14 -214.15 0.983781
914.123 -213.844 0.978741
914.127 -213.547 0.972462
914.133 -213.252 0.966008
914.14 -212.958 0.959449
914.146 -212.665 0.952882
886.288 -203.894 2.47569
886.201 -203.788 2.47873
886.116 -203.684 2.48168
886.032 -203.582 2.48455
885.95 -203.482 2.48734
885.87 -203.384 2.49005
885.791 -203.288 2.49268
885.713 -203.193 2.49524
885.637 -203.101 2.49773
885.562 -203.01 2.50016
885.489 -202.921 2.50251
885.417 -202.833 2.5048
885.346 -202.747 2.50702
885.277 -202.662 2.50919
885.208 -202.579 2.5113
885.141 -202.498 2.51335
885.075 -202.417 2.51534
885.01 -202.338 2.51728
884.946 -202.26 2.51916
884.883 -202.184 2.521
884.821 -202.109 2.52278
884.76 -202.035 2.52451
884.7 -201.962 2.5262
884.64 -201.89 2.52784
884.582 -201.819 2.52944
884.524 -201.749 2.53099
884.468 -201.68 2.5325
884.412 -201.612 2.53397
884.357 -201.546 2.5354
884.302 -201.48 2.53679
884.249 -201.415 2.53814
884.196 -201.351 2.53945
884.144 -201.287 2.54072
884.092 -201.225 2.54196
884.041 -201.163 2.54316
883.991 -201.103 2.54433
883.941 -201.043 2.54547
883.892 -200.983 2.54657
883.844 -200.925 2.54764
883.796 -200.867 2.54868
883.749 -200.81 2.54968
883.702 -200.753 2.55066
883.656 -200.698 2.55161
883.61 -200.642 2.55253
883.565 -200.588 2.55342
883.52 -200.534 2.55428
883.476 -200.481 2.55512
883.432 -200.428 2.55592
883.389 -200.376 2.55671
883.346 -200.324 2.55746
883.304 -200.273 2.55819
883.262 -200.223 2.5589
883.22 -200.173 2.55958
883.179 -200.123 2.56024
883.138 -200.074 2.56087
883.098 -200.025 2.56148
883.058 -199.977 2.56207
883.019 -199.93 2.56263
882.979 -199.882 2.56318
882.94 -199.836 2.5637
882.902 -199.789 2.5642
882.864 -199.743 2.56468
882.826 -199.698 2.56514
882.788 -199.653 2.56558
882.751 -199.608 2.566
882.714 -199.564 2.5664
882.677 -199.52 2.56677
882.641 -199.476 2.56713
882.605 -199.433 2.56748
882.569 -199.39 2.5678
882.533 -199.347 2.5681
882.498 -199.305 2.56839
882.522 -199.25 2.56437
882.602 -199.183 2.55627
893.66 -196.646 1.74738
893.434 -196.566 1.75775
893.241 -196.482 1.7658
892.897 -196.437 1.78508
892.565 -196.394 1.80366
892.158 -196.375 1.828
891.907 -196.32 1.8409
891.7 -196.256 1.85055
891.471 -196.201 1.86201
891.187 -196.164 1.87771
879.345 -204.091 2.86419
879.374 -204.071 2.86265
879.403 -204.05 2.8611
879.432 -204.03 2.85952
879.461 -204.009 2.85793
879.491 -203.988 2.85633
879.52 -203.968 2.8547
879.55 -203.947 2.85306
879.579 -203.926 2.85139
879.609 -203.905 2.84971
879.639 -203.884 2.84801
879.669 -203.863 2.84629
879.699 -203.842 2.84455
879.729 -203.82 2.84279
879.76 -203.799 2.84101
879.79 -203.778 2.83921
888.617 -210.364 2.36892
888.549 -210.174 2.37188
888.483 -209.988 2.37474
888.418 -209.806 2.3775
888.354 -209.627 2.38017
888.292 -209.452 2.38275
888.231 -209.28 2.38524
888.171 -209.112 2.38765
888.112 -208.946 2.38998
888.054 -208.784 2.39222
887.997 -208.625 2.39439
887.941 -208.468 2.39648
887.886 -208.314 2.3985
887.832 -208.163 2.40046
887.779 -208.015 2.40234
887.727 -207.869 2.40415
887.676 -207.725 2.4059
887.625 -207.584 2.40759
887.576 -207.445 2.40922
887.527 -207.309 2.41079
887.479 -207.174 2.4123
887.431 -207.042 2.41375
887.385 -206.912 2.41515
887.351 -206.79 2.4158
887.329 -206.675 2.4158
887.307 -206.562 2.4158
887.284 -206.449 2.4158
887.261 -206.338 2.4158
887.238 -206.227 2.4158
887.214 -206.117 2.4158
893.064 -208.738 2.08809
914.531 -218.387 0.885733
913.793 -217.731 0.922367
913.53 -217.298 0.932467
913.484 -216.964 0.930372
913.445 -216.636 0.927783
913.408 -216.311 0.925037
913.368 -215.988 0.922339
913.329 -215.667 0.91954
913.29 -215.348 0.91674
913.252 -215.033 0.913761
913.238 -214.728 0.909359
913.24 -214.431 0.90395
913.25 -214.139 0.898025
913.26 -213.848 0.891993
913.269 -213.557 0.885984
913.278 -213.268 0.879876
913.275 -212.976 0.874407
913.232 -212.673 0.87116
913.072 -212.336 0.874687
886.258 -203.886 2.43882
886.171 -203.78 2.44223
886.086 -203.677 2.44555
886.003 -203.575 2.44877
885.922 -203.476 2.45191
885.842 -203.378 2.45495
885.763 -203.282 2.45792
885.686 -203.188 2.4608
885.611 -203.096 2.4636
885.536 -203.005 2.46633
885.463 -202.916 2.46898
885.392 -202.829 2.47156
885.321 -202.743 2.47407
885.252 -202.659 2.47652
885.184 -202.576 2.4789
885.117 -202.494 2.48122
885.052 -202.414 2.48347
884.987 -202.335 2.48566
884.923 -202.258 2.4878
884.861 -202.182 2.48988
884.799 -202.106 2.4919
884.738 -202.032 2.49387
884.678 -201.96 2.49579
884.619 -201.888 2.49766
884.561 -201.817 2.49948
884.504 -201.748 2.50125
884.447 -201.679 2.50297
884.392 -201.611 2.50464
884.337 -201.545 2.50627
884.283 -201.479 2.50786
884.229 -201.414 2.50941
884.177 -201.35 2.51091
884.125 -201.287 2.51237
884.074 -201.225 2.51379
884.023 -201.163 2.51517
883.973 -201.103 2.51652
883.923 -201.043 2.51783
883.875 -200.984 2.5191
883.826 -200.925 2.52034
883.779 -200.868 2.52154
883.732 -200.811 2.5227
883.685 -200.754 2.52384
883.639 -200.699 2.52494
883.594 -200.644 2.52601
883.549 -200.589 2.52705
883.504 -200.535 2.52805
883.46 -200.482 2.52903
883.417 -200.429 2.52998
883.373 -200.377 2.5309
883.331 -200.326 2.53179
883.289 -200.275 2.53265
883.247 -200.224 2.53349
883.205 -200.174 2.53429
883.164 -200.125 2.53508
883.124 -200.076 2.53583
883.084 -200.028 2.53656
883.044 -199.98 2.53727
883.004 -199.932 2.53795
882.965 -199.885 2.5386
882.926 -199.838 2.53924
882.888 -199.792 2.53985
882.85 -199.746 2.54043
882.812 -199.701 2.541
882.775 -199.656 2.54154
882.738 -199.611 2.54206
882.701 -199.567 2.54255
882.664 -199.523 2.54303
882.628 -199.479 2.54349
882.592 -199.436 2.54392
882.556 -199.393 2.54433
882.521 -199.35 2.54473
882.486 -199.308 2.5451
882.521 -199.251 2.54012
882.601 -199.184 2.5317
893.124 -196.768 1.72395
892.429 -196.802 1.77127
892.241 -196.723 1.77989
891.858 -196.696 1.80371
891.632 -196.634 1.8155
891.433 -196.567 1.82528
891.261 -196.496 1.83293
891.034 -196.442 1.84509
890.872 -196.373 1.85215
890.771 -196.288 1.85448
890.669 -196.204 1.85682
879.372 -204.07 2.84534
879.401 -204.049 2.84376
879.43 -204.029 2.84216
879.459 -204.008 2.84054
879.489 -203.988 2.8389
879.518 -203.967 2.83725
879.548 -203.946 2.83558
879.577 -203.925 2.83388
879.607 -203.904 2.83217
879.637 -203.883 2.83043
879.667 -203.862 2.82868
879.697 -203.841 2.8269
879.727 -203.82 2.82511
879.757 -203.798 2.82329
879.788 -203.777 2.82145
888.578 -210.338 2.31471
888.511 -210.149 2.31822
888.446 -209.964 2.32162
888.381 -209.782 2.3249
888.318 -209.604 2.32809
888.256 -209.43 2.33117
888.196 -209.259 2.33415
888.136 -209.091 2.33704
888.078 -208.926 2.33983
888.02 -208.764 2.34253
887.964 -208.605 2.34515
887.909 -208.45 2.34768
887.854 -208.296 2.35012
887.801 -208.146 2.35249
887.748 -207.998 2.35478
887.696 -207.852 2.357
887.645 -207.709 2.35914
887.595 -207.569 2.36121
887.546 -207.43 2.36321
887.497 -207.294 2.36514
887.45 -207.16 2.36701
887.402 -207.028 2.36881
887.356 -206.898 2.37055
887.31 -206.77 2.37223
887.265 -206.644 2.37385
887.221 -206.52 2.37541
887.177 -206.398 2.37691
887.134 -206.277 2.37837
887.092 -206.158 2.37976
887.05 -206.041 2.38111
887.008 -205.925 2.3824
887.034 -205.842 2.37966
912.507 -217.161 0.853354
912.475 -216.84 0.851188
912.443 -216.521 0.848936
912.41 -216.204 0.846702
912.377 -215.89 0.844342
912.368 -215.587 0.840502
912.369 -215.29 0.835948
912.38 -214.999 0.830738
912.394 -214.71 0.82526
912.409 -214.423 0.819612
912.392 -214.126 0.815846
912.339 -213.818 0.814159
912.197 -213.48 0.817903
912.021 -213.135 0.823693
911.843 -212.793 0.829601
911.664 -212.454 0.835524
911.49 -212.122 0.841086
886.315 -203.986 2.39827
886.227 -203.879 2.40216
886.141 -203.773 2.40593
886.057 -203.67 2.40961
885.974 -203.569 2.41318
885.893 -203.469 2.41665
885.814 -203.372 2.42003
885.736 -203.276 2.42332
885.659 -203.183 2.42652
885.584 -203.091 2.42963
885.51 -203 2.43266
885.438 -202.912 2.43561
885.367 -202.825 2.43848
885.297 -202.739 2.44128
885.228 -202.655 2.444
885.16 -202.572 2.44665
885.094 -202.491 2.44923
885.028 -202.411 2.45175
884.964 -202.333 2.4542
884.901 -202.255 2.45658
884.838 -202.179 2.4589
884.777 -202.104 2.46116
884.716 -202.03 2.46337
884.657 -201.958 2.46551
884.598 -201.886 2.4676
884.54 -201.816 2.46964
884.484 -201.746 2.47162
884.427 -201.678 2.47355
884.372 -201.61 2.47544
884.317 -201.544 2.47727
884.264 -201.478 2.47905
884.21 -201.414 2.48079
884.158 -201.35 2.48248
884.106 -201.287 2.48413
884.055 -201.225 2.48573
884.005 -201.163 2.4873
883.955 -201.103 2.48882
883.906 -201.043 2.4903
883.857 -200.984 2.49173
883.809 -200.926 2.49314
883.762 -200.868 2.4945
883.715 -200.811 2.49583
883.668 -200.755 2.49711
883.623 -200.7 2.49837
883.577 -200.645 2.49959
883.532 -200.59 2.50077
883.488 -200.537 2.50192
883.444 -200.483 2.50304
883.401 -200.431 2.50413
883.358 -200.379 2.50518
883.315 -200.327 2.50621
883.273 -200.277 2.5072
883.232 -200.226 2.50816
883.191 -200.176 2.5091
883.15 -200.127 2.51
883.109 -200.078 2.51088
883.069 -200.03 2.51173
883.03 -199.982 2.51255
882.99 -199.934 2.51335
882.951 -199.887 2.51411
882.913 -199.841 2.51486
882.874 -199.794 2.51557
882.836 -199.749 2.51627
882.799 -199.703 2.51693
882.761 -199.658 2.51758
882.724 -199.614 2.5182
882.688 -199.569 2.51879
882.651 -199.526 2.51936
882.615 -199.482 2.51991
882.579 -199.439 2.52044
882.544 -199.396 2.52094
882.508 -199.354 2.52143
882.473 -199.311 2.52189
882.52 -199.253 2.51587
882.6 -199.186 2.50713
892.016 -197.019 1.75019
891.778 -196.955 1.76354
891.611 -196.876 1.77126
891.411 -196.808 1.78167
891.232 -196.737 1.79055
890.97 -196.69 1.80627
890.768 -196.63 1.81708
890.61 -196.561 1.82447
890.279 -196.543 1.8462
890.238 -196.445 1.84397
890.196 -196.347 1.84172
890.12 -196.26 1.84236
 ] }
 color Color { color [
0.536362 0 0.463638
0.0516052 0 0.948395
0.589452 0 0.410548
0.495506 0 0.504494
0.171288 0 0.828712
0.171386 0 0.828614
0.481986 0 0.518014
0.499913 0 0.500087
0.499927 0 0.500073
0.305132 0 0.694868
0.30477 0 0.69523
0.305824 0 0.694176
0.302635 0 0.697365
0.302591 0 0.697409
0.536422 0 0.463578
0.0515815 0 0.948419
0.589157 0 0.410843
0.495488 0 0.504512
0.171286 0 0.828714
0.171331 0 0.828669
0.482034 0 0.517967
0.500053 0 0.499947
0.499768 0 0.500232
0.305146 0 0.694854
0.304758 0 0.695242
0.305777 0 0.694223
0.302649 0 0.697351
0.302575 0 0.697425
0.536502 0 0.463498
0.0515578 0 0.948442
0.588881 0 0.411119
0.495477 0 0.504523
0.171206 0 0.828794
0.171082 0 0.828918
0.482116 0 0.517884
0.500234 0 0.499766
0.499637 0 0.500363
0.305164 0 0.694836
0.30475 0 0.69525
0.305736 0 0.694264
0.302668 0 0.697332
0.302564 0 0.697436
0.536603 0 0.463397
0.0515354 0 0.948465
0.588618 0 0.411382
0.495474 0 0.504526
0.171209 0 0.828791
0.171031 0 0.828969
0.482237 0 0.517763
0.500477 0 0.499523
0.499527 0 0.500473
0.305187 0 0.694813
0.304747 0 0.695253
0.305699 0 0.694301
0.578198 0 0.421802
0.302692 0 0.697308
0.302557 0 0.697443
0.592636 0 0.407364
0.59265 0 0.40735
0.592672 0 0.407328
0.592749 0 0.407251
0.592819 0 0.407181
0.592956 0 0.407044
0.593109 0 0.406891
0.593286 0 0.406714
0.593526 0 0.406474
0.593783 0 0.406217
0.594052 0 0.405948
0.536737 0 0.463263
0.051513 0 0.948487
0.588368 0 0.411632
0.495478 0 0.504522
0.495705 0 0.504295
0.171181 0 0.828819
0.184084 0 0.815916
0.482399 0 0.517601
0.483514 0 0.516486
0.500852 0 0.499148
0.499438 0 0.500562
0.305213 0 0.694787
0.304748 0 0.695252
0.305668 0 0.694332
0.577463 0 0.422537
0.57554 0 0.42446
0.574385 0 0.425615
0.574027 0 0.425973
0.573885 0 0.426115
0.30272 0 0.69728
0.302555 0 0.697445
0.563534 0 0.436466
0.573706 0 0.426294
0.573721 0 0.426279
0.573797 0 0.426203
0.573861 0 0.426139
0.574008 0 0.425992
0.574158 0 0.425842
0.574338 0 0.425662
0.574529 0 0.425471
0.574785 0 0.425215
0.575031 0 0.424969
0.441592 0 0.558408
0.536936 0 0.463064
0.0514916 0 0.948508
0.588131 0 0.411869
0.495489 0 0.504511
0.495645 0 0.504355
0.171136 0 0.828864
0.184263 0 0.815737
0.482617 0 0.517383
0.483036 0 0.516964
0.499367 0 0.500633
0.305244 0 0.694756
0.304753 0 0.695247
0.305643 0 0.694357
0.562084 0 0.437916
0.559236 0 0.440764
0.557804 0 0.442196
0.556989 0 0.443011
0.556739 0 0.443261
0.556557 0 0.443443
0.556375 0 0.443625
0.556234 0 0.443766
0.556123 0 0.443877
0.302752 0 0.697248
0.302558 0 0.697442
0.555944 0 0.444056
0.555956 0 0.444044
0.555992 0 0.444008
0.55604 0 0.44396
0.556118 0 0.443882
0.556236 0 0.443764
0.556355 0 0.443645
0.556542 0 0.443458
0.55673 0 0.44327
0.556949 0 0.443051
0.55722 0 0.44278
0.441674 0 0.558326
0.441733 0 0.558267
0.0610976 0 0.938902
0.0514705 0 0.948529
0.587904 0 0.412096
0.495508 0 0.504492
0.495594 0 0.504406
0.171094 0 0.828906
0.18425 0 0.81575
0.48291 0 0.51709
0.482759 0 0.517241
0.499313 0 0.500687
0.305278 0 0.694722
0.304762 0 0.695238
0.305622 0 0.694378
0.547684 0 0.452316
0.544288 0 0.455712
0.542798 0 0.457202
0.54147 0 0.45853
0.541036 0 0.458964
0.540719 0 0.459281
0.540474 0 0.459526
0.540216 0 0.459784
0.540013 0 0.459987
0.53982 0 0.46018
0.53966 0 0.46034
0.53954 0 0.46046
0.539415 0 0.460585
0.302788 0 0.697212
0.302564 0 0.697436
0.539263 0 0.460737
0.53928 0 0.46072
0.539288 0 0.460712
0.539347 0 0.460653
0.539419 0 0.460581
0.53952 0 0.46048
0.53967 0 0.46033
0.539817 0 0.460183
0.540002 0 0.459998
0.540224 0 0.459776
0.540443 0 0.459557
0.441778 0 0.558222
0.441605 0 0.558395
0.537457 0 0.462543
0.0514506 0 0.948549
0.587687 0 0.412313
0.495535 0 0.504465
0.49555 0 0.50445
0.171052 0 0.828948
0.184952 0 0.815048
0.483334 0 0.516666
0.482574 0 0.517426
0.499276 0 0.500724
0.305317 0 0.694683
0.304776 0 0.695224
0.305605 0 0.694395
0.534983 0 0.465017
0.530708 0 0.469292
0.529024 0 0.470976
0.52754 0 0.47246
0.526565 0 0.473435
0.526198 0 0.473802
0.525838 0 0.474162
0.525514 0 0.474486
0.525212 0 0.474788
0.52493 0 0.47507
0.524687 0 0.475313
0.524447 0 0.475553
0.524263 0 0.475737
0.524112 0 0.475888
0.523937 0 0.476063
0.523831 0 0.476169
0.523711 0 0.476289
0.302828 0 0.697172
0.302574 0 0.697426
0.523564 0 0.476436
0.523558 0 0.476442
0.52358 0 0.47642
0.523641 0 0.476359
0.523696 0 0.476304
0.523814 0 0.476186
0.523949 0 0.476051
0.524077 0 0.475923
0.522702 0 0.477298
0.518734 0 0.481266
0.514766 0 0.485234
0.441911 0 0.558089
0.441498 0 0.558502
0.50335 0 0.49665
0.474157 0 0.525843
0.0514346 0 0.948565
0.58748 0 0.41252
0.495569 0 0.504431
0.495515 0 0.504485
0.171014 0 0.828986
0.184997 0 0.815003
0.482452 0 0.517548
0.499253 0 0.500747
0.524197 0 0.475803
0.305361 0 0.694639
0.304793 0 0.695207
0.305593 0 0.694407
0.513555 0 0.486445
0.512831 0 0.487169
0.512364 0 0.487636
0.511972 0 0.488028
0.511581 0 0.488419
0.511231 0 0.488769
0.510893 0 0.489107
0.510586 0 0.489414
0.510302 0 0.489698
0.510044 0 0.489956
0.509821 0 0.490179
0.509605 0 0.490395
0.509414 0 0.490586
0.509261 0 0.490739
0.509102 0 0.490898
0.509 0 0.491
0.508883 0 0.491117
0.302873 0 0.697127
0.30259 0 0.69741
0.305057 0 0.694943
0.508732 0 0.491268
0.508775 0 0.491225
0.508259 0 0.491741
0.505486 0 0.494514
0.501601 0 0.498399
0.497852 0 0.502148
0.494118 0 0.505882
0.490532 0 0.509468
0.486932 0 0.513068
0.483449 0 0.516551
0.442075 0 0.557925
0.441411 0 0.558589
0.434508 0 0.565493
0.426625 0 0.573375
0.419061 0 0.580939
0.0514307 0 0.948569
0.587284 0 0.412716
0.495611 0 0.504389
0.495487 0 0.504513
0.170978 0 0.829022
0.182009 0 0.817991
0.184292 0 0.815708
0.189897 0 0.810103
0.182662 0 0.817338
0.183071 0 0.816929
0.185488 0 0.814512
0.187979 0 0.812021
0.19062 0 0.80938
0.482375 0 0.517625
0.499244 0 0.500757
0.593122 0 0.406878
0.521276 0 0.478724
0.506538 0 0.493462
0.504498 0 0.495502
0.503013 0 0.496987
0.501531 0 0.498469
0.30541 0 0.69459
0.304815 0 0.695185
0.305587 0 0.694413
0.499013 0 0.500987
0.498582 0 0.501418
0.49818 0 0.50182
0.497791 0 0.502209
0.497438 0 0.502562
0.497092 0 0.502908
0.496788 0 0.503212
0.496483 0 0.503517
0.49623 0 0.50377
0.496003 0 0.503997
0.495763 0 0.504237
0.495577 0 0.504423
0.495379 0 0.504621
0.49524 0 0.50476
0.495085 0 0.504915
0.494992 0 0.505008
0.49488 0 0.50512
0.302922 0 0.697078
0.302608 0 0.697392
0.304838 0 0.695162
0.485937 0 0.514063
0.482323 0 0.517677
0.478767 0 0.521233
0.47524 0 0.52476
0.471876 0 0.528124
0.468493 0 0.531507
0.462539 0 0.537461
0.430573 0 0.569427
0.422748 0 0.577252
0.415243 0 0.584757
0.407946 0 0.592054
0.400975 0 0.599025
0.302529 0 0.697471
0.299156 0 0.700844
0.282148 0 0.717852
0.279148 0 0.720852
0.0510154 0 0.948985
0.051428 0 0.948572
0.587096 0 0.412904
0.175383 0 0.824617
0.174648 0 0.825352
0.170945 0 0.829055
0.1733 0 0.8267
0.172607 0 0.827393
0.171927 0 0.828073
0.171262 0 0.828738
0.173136 0 0.826864
0.175404 0 0.824596
0.177741 0 0.822259
0.180276 0 0.819724
0.182762 0 0.817238
0.185326 0 0.814674
0.187974 0 0.812026
0.190706 0 0.809294
0.482339 0 0.517661
0.499249 0 0.500751
0.598911 0 0.401089
0.596581 0 0.403419
0.594359 0 0.405641
0.591986 0 0.408014
0.588035 0 0.411965
0.58041 0 0.41959
0.527588 0 0.472412
0.496045 0 0.503955
0.493592 0 0.506408
0.492049 0 0.507951
0.490557 0 0.509443
0.48912 0 0.51088
0.488416 0 0.511584
0.487892 0 0.512108
0.487371 0 0.512629
0.305461 0 0.694539
0.30484 0 0.69516
0.305584 0 0.694416
0.485551 0 0.514449
0.485134 0 0.514866
0.48476 0 0.51524
0.484388 0 0.515612
0.484056 0 0.515944
0.483734 0 0.516266
0.483438 0 0.516562
0.483168 0 0.516832
0.48292 0 0.51708
0.482694 0 0.517306
0.482474 0 0.517526
0.48229 0 0.51771
0.482111 0 0.517889
0.48163 0 0.51837
0.478713 0 0.521287
0.475071 0 0.524929
0.471538 0 0.528462
0.302975 0 0.697025
0.302631 0 0.697369
0.304706 0 0.695294
0.457941 0 0.542059
0.454761 0 0.545239
0.451561 0 0.548439
0.420401 0 0.579599
0.411891 0 0.588109
0.404687 0 0.595313
0.397746 0 0.602254
0.391057 0 0.608943
0.384606 0 0.615394
0.378324 0 0.621676
0.302578 0 0.697422
0.295462 0 0.704538
0.289827 0 0.710173
0.2801 0 0.7199
0.277446 0 0.722554
0.275442 0 0.724558
0.274066 0 0.725934
0.257093 0 0.742907
0.25877 0 0.74123
0.260482 0 0.739518
0.26223 0 0.73777
0.0510899 0 0.94891
0.0514253 0 0.948575
0.187183 0 0.812817
0.186051 0 0.813949
0.185217 0 0.814783
0.586917 0 0.413083
0.17549 0 0.82451
0.174749 0 0.825251
0.170912 0 0.829088
0.17332 0 0.82668
0.172627 0 0.827373
0.171947 0 0.828053
0.171281 0 0.828719
0.17322 0 0.82678
0.175489 0 0.824511
0.177627 0 0.822373
0.179907 0 0.820093
0.182443 0 0.817557
0.185173 0 0.814827
0.187816 0 0.812184
0.190546 0 0.809454
0.482337 0 0.517663
0.499268 0 0.500732
0.585762 0 0.414238
0.584784 0 0.415216
0.583565 0 0.416435
0.581575 0 0.418425
0.579326 0 0.420674
0.577143 0 0.422857
0.573956 0 0.426044
0.568089 0 0.431911
0.531042 0 0.468958
0.486354 0 0.513646
0.483477 0 0.516523
0.481921 0 0.518079
0.480407 0 0.519593
0.478892 0 0.521108
0.477796 0 0.522204
0.477172 0 0.522828
0.476612 0 0.523388
0.476052 0 0.523948
0.475526 0 0.524474
0.475018 0 0.524982
0.474534 0 0.525466
0.305519 0 0.694481
0.30487 0 0.69513
0.305586 0 0.694414
0.472786 0 0.527214
0.472415 0 0.527585
0.472036 0 0.527964
0.471707 0 0.528293
0.471378 0 0.528622
0.471082 0 0.528918
0.4708 0 0.5292
0.470537 0 0.529463
0.470132 0 0.529868
0.468642 0 0.531358
0.465113 0 0.534887
0.461603 0 0.538397
0.458139 0 0.541861
0.454825 0 0.545175
0.451505 0 0.548495
0.448302 0 0.551698
0.445124 0 0.554876
0.303034 0 0.696966
0.302659 0 0.697341
0.304613 0 0.695387
0.401992 0 0.598008
0.3948 0 0.6052
0.388139 0 0.611861
0.381733 0 0.618267
0.375544 0 0.624456
0.369546 0 0.630454
0.363775 0 0.636225
0.358186 0 0.641814
0.296527 0 0.703473
0.291905 0 0.708095
0.286425 0 0.713575
0.276169 0 0.723831
0.274474 0 0.725526
0.273165 0 0.726835
0.271256 0 0.728744
0.264157 0 0.735843
0.260021 0 0.739979
0.226986 0 0.773014
0.208322 0 0.791678
0.206754 0 0.793246
0.20522 0 0.79478
0.203718 0 0.796282
0.202247 0 0.797753
0.200806 0 0.799194
0.199396 0 0.800604
0.198014 0 0.801986
0.196662 0 0.803338
0.195337 0 0.804663
0.194038 0 0.805962
0.0514343 0 0.948566
0.0508267 0 0.949173
0.050909 0 0.949091
0.0509938 0 0.949006
0.051082 0 0.948918
0.0511984 0 0.948802
0.185654 0 0.814346
0.18455 0 0.81545
0.185321 0 0.814679
0.586747 0 0.413253
0.175794 0 0.824206
0.174772 0 0.825228
0.170883 0 0.829117
0.173342 0 0.826658
0.172648 0 0.827352
0.171969 0 0.828031
0.171303 0 0.828697
0.173187 0 0.826813
0.175455 0 0.824545
0.177684 0 0.822316
0.180091 0 0.819909
0.182573 0 0.817427
0.185133 0 0.814867
0.187776 0 0.812224
0.190504 0 0.809496
0.48237 0 0.51763
0.591408 0 0.408592
0.581887 0 0.418113
0.571302 0 0.428698
0.570272 0 0.429728
0.56919 0 0.43081
0.4993 0 0.5007
0.565416 0 0.434584
0.563215 0 0.436785
0.560794 0 0.439206
0.55564 0 0.44436
0.545292 0 0.454708
0.477764 0 0.522236
0.474079 0 0.525921
0.472504 0 0.527496
0.470978 0 0.529022
0.469444 0 0.530556
0.468062 0 0.531938
0.467251 0 0.532749
0.466619 0 0.533381
0.466014 0 0.533986
0.465426 0 0.534574
0.464862 0 0.535138
0.464321 0 0.535679
0.463792 0 0.536208
0.463299 0 0.536701
0.462821 0 0.537179
0.46236 0 0.53764
0.305579 0 0.694421
0.304904 0 0.695096
0.305592 0 0.694408
0.460703 0 0.539297
0.460329 0 0.539671
0.459993 0 0.540007
0.45954 0 0.54046
0.458499 0 0.541501
0.45593 0 0.54407
0.452459 0 0.547541
0.449107 0 0.550893
0.445811 0 0.554189
0.442579 0 0.55742
0.439414 0 0.560586
0.43626 0 0.56374
0.433197 0 0.566803
0.430218 0 0.569782
0.427235 0 0.572765
0.424396 0 0.575604
0.421524 0 0.578476
0.303097 0 0.696903
0.302691 0 0.697309
0.304541 0 0.695459
0.367075 0 0.632925
0.361341 0 0.638659
0.355751 0 0.644249
0.350288 0 0.649712
0.345096 0 0.654904
0.340116 0 0.659884
0.293361 0 0.706639
0.288518 0 0.711482
0.279214 0 0.720786
0.261625 0 0.738375
0.275418 0 0.724582
0.273362 0 0.726638
0.266581 0 0.733419
0.264979 0 0.735021
0.261696 0 0.738304
0.256645 0 0.743355
0.226851 0 0.773149
0.22296 0 0.77704
0.22103 0 0.77897
0.206265 0 0.793735
0.204737 0 0.795263
0.203242 0 0.796758
0.201778 0 0.798222
0.200345 0 0.799655
0.198941 0 0.801059
0.197566 0 0.802434
0.196219 0 0.803781
0.1949 0 0.8051
0.193608 0 0.806392
0.0514292 0 0.948571
0.0508069 0 0.949193
0.0508886 0 0.949111
0.0509736 0 0.949026
0.0510618 0 0.948938
0.0511725 0 0.948828
0.185261 0 0.814739
0.184161 0 0.815839
0.1853 0 0.8147
0.586586 0 0.413414
0.175533 0 0.824467
0.174796 0 0.825204
0.170856 0 0.829144
0.173366 0 0.826634
0.172672 0 0.827328
0.171992 0 0.828008
0.171326 0 0.828674
0.173156 0 0.826844
0.175423 0 0.824577
0.177651 0 0.822349
0.180056 0 0.819944
0.182537 0 0.817463
0.185097 0 0.814903
0.187738 0 0.812262
0.190465 0 0.809535
0.482433 0 0.517567
0.596257 0 0.403743
0.58859 0 0.41141
0.579183 0 0.420817
0.569991 0 0.430009
0.558203 0 0.441797
0.556814 0 0.443186
0.555742 0 0.444258
0.55449 0 0.44551
0.55245 0 0.44755
0.550298 0 0.449702
0.548032 0 0.451968
0.499346 0 0.500654
0.535029 0 0.464971
0.469644 0 0.530356
0.465575 0 0.534425
0.463733 0 0.536267
0.462201 0 0.537799
0.460656 0 0.539344
0.459237 0 0.540763
0.458111 0 0.541889
0.457338 0 0.542662
0.456701 0 0.543299
0.456045 0 0.543955
0.455448 0 0.544552
0.454831 0 0.545169
0.454275 0 0.545725
0.453697 0 0.546303
0.453179 0 0.546821
0.452641 0 0.547359
0.452164 0 0.547836
0.451666 0 0.548334
0.451225 0 0.548775
0.450799 0 0.549201
0.305645 0 0.694355
0.304942 0 0.695058
0.305604 0 0.694396
0.44743 0 0.55257
0.44405 0 0.55595
0.440766 0 0.559234
0.437481 0 0.562519
0.434297 0 0.565703
0.431188 0 0.568812
0.428118 0 0.571882
0.425126 0 0.574874
0.422133 0 0.577867
0.419217 0 0.580783
0.416399 0 0.583601
0.413566 0 0.586434
0.410807 0 0.589193
0.408064 0 0.591936
0.370781 0 0.629219
0.364815 0 0.635185
0.359116 0 0.640884
0.303164 0 0.696836
0.302727 0 0.697273
0.304488 0 0.695512
0.337911 0 0.662089
0.333021 0 0.666979
0.328312 0 0.671688
0.293312 0 0.706688
0.29062 0 0.70938
0.281665 0 0.718335
0.279834 0 0.720166
0.278381 0 0.721619
0.260748 0 0.739252
0.260889 0 0.739111
0.261039 0 0.738961
0.265278 0 0.734722
0.264589 0 0.735411
0.262615 0 0.737385
0.251336 0 0.748664
0.226959 0 0.773041
0.222042 0 0.777958
0.220413 0 0.779587
0.219446 0 0.780554
0.216189 0 0.783811
0.20426 0 0.79574
0.202772 0 0.797228
0.201315 0 0.798685
0.199888 0 0.800112
0.19849 0 0.80151
0.197121 0 0.802878
0.195781 0 0.804219
0.194468 0 0.805532
0.193182 0 0.806818
0.0514281 0 0.948572
0.0507871 0 0.949213
0.0508695 0 0.949131
0.0509546 0 0.949045
0.0510422 0 0.948958
0.0511478 0 0.948852
0.184871 0 0.815129
0.183776 0 0.816224
0.18528 0 0.814719
0.586434 0 0.413566
0.268617 0 0.731383
0.175559 0 0.824441
0.174822 0 0.825178
0.17083 0 0.82917
0.173392 0 0.826608
0.172698 0 0.827302
0.172018 0 0.827982
0.171352 0 0.828648
0.173127 0 0.826873
0.175393 0 0.824607
0.177619 0 0.822381
0.180024 0 0.819976
0.182504 0 0.817496
0.185062 0 0.814938
0.187702 0 0.812298
0.190428 0 0.809572
0.482528 0 0.517472
0.599468 0 0.400532
0.591746 0 0.408254
0.584233 0 0.415767
0.576673 0 0.423327
0.567578 0 0.432422
0.558717 0 0.441283
0.545839 0 0.454161
0.544297 0 0.455703
0.543204 0 0.456796
0.542089 0 0.457911
0.540402 0 0.459598
0.538266 0 0.461734
0.536159 0 0.463841
0.532695 0 0.467305
0.52524 0 0.47476
0.461989 0 0.538011
0.457276 0 0.542724
0.455571 0 0.544429
0.45401 0 0.54599
0.45247 0 0.54753
0.450951 0 0.549049
0.449594 0 0.550406
0.448739 0 0.551261
0.448029 0 0.551971
0.447331 0 0.552669
0.446684 0 0.553316
0.446025 0 0.553975
0.445414 0 0.554586
0.444795 0 0.555205
0.444222 0 0.555778
0.443642 0 0.556358
0.443104 0 0.556896
0.442564 0 0.557436
0.442061 0 0.557939
0.441562 0 0.558438
0.441091 0 0.558909
0.440584 0 0.559416
0.439589 0 0.560411
0.436296 0 0.563704
0.305716 0 0.694284
0.304984 0 0.695016
0.305619 0 0.694381
0.423579 0 0.576421
0.420606 0 0.579394
0.417607 0 0.582393
0.414701 0 0.585299
0.411849 0 0.588151
0.409005 0 0.590995
0.406239 0 0.593761
0.403552 0 0.596448
0.400855 0 0.599145
0.398231 0 0.601769
0.395207 0 0.604793
0.357094 0 0.642906
0.351615 0 0.648385
0.346268 0 0.653732
0.341038 0 0.658962
0.33605 0 0.66395
0.331181 0 0.668819
0.303235 0 0.696765
0.302767 0 0.697233
0.304447 0 0.695553
0.313086 0 0.686914
0.29088 0 0.70912
0.287469 0 0.712531
0.263147 0 0.736853
0.263167 0 0.736833
0.262922 0 0.737078
0.263093 0 0.736907
0.261084 0 0.738916
0.259926 0 0.740074
0.263181 0 0.736819
0.26127 0 0.73873
0.263106 0 0.736894
0.250115 0 0.749885
0.249451 0 0.750549
0.230453 0 0.769547
0.222612 0 0.777388
0.219829 0 0.780171
0.218828 0 0.781172
0.215657 0 0.784343
0.212902 0 0.787098
0.211749 0 0.788251
0.202306 0 0.797694
0.200855 0 0.799145
0.199435 0 0.800565
0.198044 0 0.801956
0.196682 0 0.803318
0.195348 0 0.804652
0.194041 0 0.805959
0.19276 0 0.80724
0.0514276 0 0.948572
0.0507685 0 0.949231
0.0508505 0 0.949149
0.0509355 0 0.949064
0.0510232 0 0.948977
0.0511237 0 0.948876
0.184486 0 0.815515
0.183697 0 0.816303
0.185263 0 0.814737
0.58629 0 0.41371
0.268453 0 0.731547
0.269287 0 0.730713
0.175588 0 0.824412
0.174851 0 0.825149
0.170806 0 0.829194
0.173421 0 0.826579
0.172726 0 0.827273
0.172046 0 0.827954
0.17138 0 0.82862
0.173099 0 0.826901
0.175364 0 0.824636
0.17759 0 0.82241
0.179994 0 0.820006
0.182473 0 0.817527
0.18503 0 0.81497
0.187669 0 0.812331
0.190393 0 0.809607
0.482656 0 0.517344
0.52337 0 0.47663
0.587512 0 0.412488
0.580098 0 0.419902
0.572797 0 0.427203
0.565404 0 0.434596
0.556613 0 0.443387
0.548044 0 0.451956
0.534459 0 0.465541
0.532622 0 0.467378
0.531535 0 0.468465
0.530408 0 0.469592
0.110561 0 0.889439
0.109418 0 0.890582
0.108441 0 0.891559
0.107632 0 0.892368
0.106837 0 0.893163
0.106054 0 0.893946
0.105283 0 0.894717
0.104524 0 0.895476
0.103777 0 0.896223
0.103041 0 0.896959
0.443285 0 0.556715
0.441871 0 0.558129
0.440684 0 0.559316
0.43992 0 0.56008
0.439215 0 0.560785
0.438505 0 0.561495
0.437821 0 0.562179
0.437152 0 0.562848
0.436504 0 0.563496
0.435873 0 0.564127
0.435261 0 0.564739
0.43468 0 0.56532
0.434091 0 0.565909
0.433543 0 0.566457
0.432994 0 0.567006
0.432478 0 0.567522
0.431597 0 0.568403
0.429036 0 0.570964
0.425861 0 0.574139
0.422706 0 0.577294
0.419582 0 0.580418
0.41659 0 0.58341
0.41359 0 0.58641
0.30579 0 0.69421
0.305031 0 0.694969
0.305639 0 0.694361
0.402217 0 0.597783
0.399479 0 0.600521
0.39677 0 0.60323
0.394157 0 0.605843
0.391575 0 0.608425
0.389003 0 0.610997
0.386499 0 0.613501
0.349805 0 0.650195
0.344516 0 0.655484
0.339357 0 0.660643
0.334328 0 0.665672
0.329517 0 0.670483
0.32475 0 0.67525
0.320237 0 0.679763
0.315731 0 0.684269
0.311472 0 0.688528
0.30725 0 0.69275
0.30321 0 0.69679
0.289956 0 0.710044
0.288116 0 0.711884
0.26225 0 0.73775
0.259524 0 0.740476
0.258898 0 0.741102
0.258661 0 0.741339
0.250603 0 0.749397
0.250837 0 0.749163
0.25822 0 0.74178
0.259671 0 0.740329
0.259052 0 0.740948
0.26022 0 0.73978
0.258097 0 0.741902
0.249457 0 0.750543
0.247858 0 0.752142
0.246873 0 0.753127
0.225316 0 0.774684
0.220146 0 0.779854
0.218453 0 0.781547
0.215668 0 0.784332
0.212594 0 0.787406
0.2108 0 0.7892
0.206413 0 0.793587
0.203576 0 0.796424
0.200401 0 0.799599
0.198988 0 0.801012
0.0502381 0 0.949762
0.0503039 0 0.949696
0.0503729 0 0.949627
0.050444 0 0.949556
0.0505176 0 0.949482
0.0505939 0 0.949406
0.0506728 0 0.949327
0.0507542 0 0.949246
0.0508381 0 0.949162
0.0509254 0 0.949075
0.0510151 0 0.948985
0.0511075 0 0.948893
0.0512023 0 0.948798
0.0513005 0 0.948699
0.0514011 0 0.948599
0.586154 0 0.413846
0.268307 0 0.731693
0.175619 0 0.824381
0.174882 0 0.825118
0.170805 0 0.829195
0.173451 0 0.826549
0.172757 0 0.827243
0.172077 0 0.827923
0.17141 0 0.82859
0.173075 0 0.826925
0.175338 0 0.824662
0.177563 0 0.822437
0.179966 0 0.820034
0.182443 0 0.817557
0.184999 0 0.815001
0.187637 0 0.812363
0.19036 0 0.80964
0.482817 0 0.517183
0.518879 0 0.481121
0.518679 0 0.481321
0.518599 0 0.481401
0.562087 0 0.437913
0.554688 0 0.445312
0.546182 0 0.453818
0.537917 0 0.462083
0.524004 0 0.475996
0.521772 0 0.478228
0.520642 0 0.479358
0.519513 0 0.480487
0.518363 0 0.481637
0.516505 0 0.483495
0.514465 0 0.485535
0.511961 0 0.488039
0.110258 0 0.889742
0.109122 0 0.890878
0.108013 0 0.891987
0.106933 0 0.893067
0.105879 0 0.894121
0.104849 0 0.895151
0.103846 0 0.896154
0.102865 0 0.897135
0.101908 0 0.898092
0.100973 0 0.899027
0.10006 0 0.89994
0.0991676 0 0.900832
0.0982963 0 0.901704
0.0974444 0 0.902556
0.0966116 0 0.903388
0.0957976 0 0.904202
0.0950016 0 0.904998
0.0942233 0 0.905777
0.0934617 0 0.906538
0.0927168 0 0.907283
0.0919882 0 0.908012
0.0912752 0 0.908725
0.0905775 0 0.909423
0.089895 0 0.910105
0.0892261 0 0.910774
0.088572 0 0.911428
0.0879312 0 0.912069
0.0873043 0 0.912696
0.0866896 0 0.91331
0.0860878 0 0.913912
0.0854988 0 0.914501
0.0849217 0 0.915078
0.0843564 0 0.915644
0.0838027 0 0.916197
0.0832599 0 0.91674
0.0827278 0 0.917272
0.0822071 0 0.917793
0.0816962 0 0.918304
0.0811957 0 0.918804
0.0807049 0 0.919295
0.0802244 0 0.919776
0.0797526 0 0.920247
0.0792909 0 0.920709
0.0788378 0 0.921162
0.078394 0 0.921606
0.0779586 0 0.922041
0.0775315 0 0.922468
0.0771135 0 0.922886
0.076703 0 0.923297
0.0763007 0 0.923699
0.0759065 0 0.924094
0.0755196 0 0.92448
0.0751407 0 0.924859
0.0747683 0 0.925232
0.0744039 0 0.925596
0.0740465 0 0.925954
0.0736963 0 0.926304
0.0733523 0 0.926648
0.0730153 0 0.926985
0.0726853 0 0.927315
0.0723606 0 0.927639
0.0720436 0 0.927956
0.071732 0 0.928268
0.0714264 0 0.928574
0.0711275 0 0.928872
0.0708339 0 0.929166
0.0705463 0 0.929454
0.0702646 0 0.929735
0.0699888 0 0.930011
0.0697181 0 0.930282
0.070378 0 0.929622
0.218048 0 0.781952
0.214566 0 0.785434
0.211825 0 0.788175
0.206198 0 0.793802
0.203849 0 0.796151
0.201414 0 0.798586
0.197794 0 0.802206
0.196755 0 0.803245
0.0505304 0 0.94947
0.0500214 0 0.949979
0.0500867 0 0.949913
0.0501544 0 0.949846
0.0502249 0 0.949775
0.0502979 0 0.949702
0.0503735 0 0.949627
0.0504522 0 0.949548
0.0505329 0 0.949467
0.0506162 0 0.949384
0.0507021 0 0.949298
0.0507912 0 0.949209
0.0508827 0 0.949117
0.050977 0 0.949023
0.0510742 0 0.948926
0.0511735 0 0.948826
0.0512766 0 0.948723
0.268164 0 0.731836
0.175652 0 0.824348
0.174915 0 0.825085
0.170728 0 0.829272
0.173036 0 0.826964
0.172789 0 0.827211
0.172109 0 0.827891
0.171442 0 0.828558
0.173051 0 0.826949
0.175314 0 0.824686
0.177539 0 0.822461
0.17994 0 0.82006
0.182417 0 0.817583
0.184972 0 0.815028
0.187608 0 0.812392
0.19033 0 0.80967
0.483015 0 0.516985
0.565519 0 0.434481
0.55858 0 0.44142
0.551798 0 0.448202
0.516403 0 0.483597
0.516022 0 0.483978
0.516877 0 0.483123
0.520479 0 0.479521
0.511606 0 0.488394
0.51045 0 0.48955
0.509322 0 0.490678
0.508187 0 0.491813
0.50666 0 0.49334
0.504636 0 0.495364
0.502288 0 0.497712
0.49788 0 0.50212
0.441304 0 0.558696
0.436105 0 0.563895
0.111117 0 0.888883
0.109958 0 0.890042
0.108828 0 0.891172
0.107726 0 0.892274
0.106651 0 0.893349
0.105603 0 0.894397
0.104579 0 0.895421
0.10358 0 0.89642
0.102605 0 0.897395
0.101652 0 0.898348
0.100722 0 0.899278
0.0998138 0 0.900186
0.0989265 0 0.901074
0.0980587 0 0.901941
0.097211 0 0.902789
0.0963823 0 0.903618
0.0955725 0 0.904428
0.0947805 0 0.905219
0.0940056 0 0.905994
0.0932481 0 0.906752
0.0925064 0 0.907494
0.0917812 0 0.908219
0.0910714 0 0.908929
0.0903769 0 0.909623
0.0896969 0 0.910303
0.0890319 0 0.910968
0.0883803 0 0.91162
0.0877427 0 0.912257
0.0871182 0 0.912882
0.0865066 0 0.913493
0.0859072 0 0.914093
0.0853206 0 0.914679
0.0847458 0 0.915254
0.0841828 0 0.915817
0.0836315 0 0.916369
0.083091 0 0.916909
0.0825612 0 0.917439
0.0820428 0 0.917957
0.0815342 0 0.918466
0.0810352 0 0.918965
0.0805467 0 0.919453
0.0800677 0 0.919932
0.0795989 0 0.920401
0.0791387 0 0.920861
0.0786871 0 0.921313
0.0782447 0 0.921755
0.0778115 0 0.922188
0.0773859 0 0.922614
0.0769694 0 0.923031
0.0765611 0 0.923439
0.0761602 0 0.92384
0.0757674 0 0.924233
0.075382 0 0.924618
0.0750038 0 0.924996
0.0746336 0 0.925366
0.0742705 0 0.925729
0.0739138 0 0.926086
0.073565 0 0.926435
0.0732224 0 0.926778
0.0728868 0 0.927113
0.0725574 0 0.927443
0.0722349 0 0.927765
0.0719185 0 0.928081
0.0716083 0 0.928392
0.071304 0 0.928696
0.0710058 0 0.928994
0.0707136 0 0.929286
0.0704265 0 0.929573
0.0701462 0 0.929854
0.069871 0 0.930129
0.0696009 0 0.930399
0.0697256 0 0.930274
0.0704532 0 0.929547
0.209825 0 0.790175
0.205797 0 0.794203
0.199543 0 0.800457
0.196866 0 0.803134
0.195776 0 0.804224
0.194777 0 0.805223
0.193279 0 0.806721
0.191586 0 0.808414
0.0498067 0 0.950193
0.049872 0 0.950128
0.0499391 0 0.950061
0.0500089 0 0.949991
0.0500812 0 0.949919
0.0501562 0 0.949844
0.0502336 0 0.949766
0.0503137 0 0.949686
0.0503963 0 0.949604
0.0504821 0 0.949518
0.0505698 0 0.94943
0.0506606 0 0.949339
0.0507541 0 0.949246
0.05085 0 0.94915
0.0509492 0 0.949051
0.0510509 0 0.948949
0.0511557 0 0.948844
0.268024 0 0.731976
0.170789 0 0.829211
0.17006 0 0.82994
0.17107 0 0.82893
0.173097 0 0.826903
0.173017 0 0.826983
0.172824 0 0.827176
0.172143 0 0.827857
0.171477 0 0.828523
0.17303 0 0.82697
0.175293 0 0.824707
0.177516 0 0.822484
0.179917 0 0.820083
0.182392 0 0.817608
0.184946 0 0.815054
0.187581 0 0.812419
0.190302 0 0.809698
0.55538 0 0.44462
0.548604 0 0.451396
0.542008 0 0.457992
0.483258 0 0.516742
0.484515 0 0.515485
0.518939 0 0.481061
0.511031 0 0.488969
0.502119 0 0.497881
0.500953 0 0.499047
0.499764 0 0.500236
0.498624 0 0.501376
0.497231 0 0.502769
0.495378 0 0.504622
0.493383 0 0.506617
0.489191 0 0.510809
0.434983 0 0.565017
0.429984 0 0.570016
0.427882 0 0.572118
0.426301 0 0.573699
0.424735 0 0.575265
0.423166 0 0.576834
0.110813 0 0.889187
0.109661 0 0.890339
0.108538 0 0.891462
0.107442 0 0.892558
0.106372 0 0.893628
0.105329 0 0.894671
0.104311 0 0.895689
0.103317 0 0.896683
0.102347 0 0.897653
0.1014 0 0.8986
0.100475 0 0.899525
0.0995704 0 0.90043
0.0986874 0 0.901313
0.0978246 0 0.902175
0.0969802 0 0.90302
0.0961557 0 0.903844
0.09535 0 0.90465
0.0945614 0 0.905439
0.0937905 0 0.906209
0.0930364 0 0.906964
0.092298 0 0.907702
0.091576 0 0.908424
0.0908694 0 0.909131
0.0901782 0 0.909822
0.0895014 0 0.910499
0.0888396 0 0.91116
0.0881904 0 0.91181
0.0875559 0 0.912444
0.0869338 0 0.913066
0.0863247 0 0.913675
0.0857284 0 0.914272
0.0851441 0 0.914856
0.0845724 0 0.915428
0.0840117 0 0.915988
0.083462 0 0.916538
0.0829238 0 0.917076
0.0823963 0 0.917604
0.0818794 0 0.918121
0.0813731 0 0.918627
0.0808772 0 0.919123
0.0803902 0 0.91961
0.0799134 0 0.920087
0.0794461 0 0.920554
0.0789874 0 0.921013
0.078538 0 0.921462
0.0780971 0 0.921903
0.0776654 0 0.922335
0.077242 0 0.922758
0.0768269 0 0.923173
0.0764201 0 0.92358
0.0760206 0 0.923979
0.0756293 0 0.924371
0.0752453 0 0.924755
0.0748693 0 0.925131
0.0744997 0 0.9255
0.0741381 0 0.925862
0.0737835 0 0.926216
0.0734353 0 0.926565
0.0730941 0 0.926906
0.0727592 0 0.927241
0.0724311 0 0.927569
0.0721101 0 0.92789
0.0717943 0 0.928206
0.0714854 0 0.928515
0.0711825 0 0.928817
0.0708849 0 0.929115
0.0705941 0 0.929406
0.0703084 0 0.929692
0.0700286 0 0.929971
0.069754 0 0.930246
0.0694853 0 0.930515
0.0692224 0 0.930778
0.0698005 0 0.930199
0.0705321 0 0.929468
0.195898 0 0.804102
0.193624 0 0.806376
0.192786 0 0.807214
0.191981 0 0.808019
0.19072 0 0.80928
0.188395 0 0.811605
0.184682 0 0.815318
0.182697 0 0.817303
0.0496593 0 0.950341
0.0497258 0 0.950274
0.0497949 0 0.950205
0.0498666 0 0.950133
0.0499415 0 0.950059
0.0500183 0 0.949982
0.0500977 0 0.949902
0.0501796 0 0.94982
0.050264 0 0.949736
0.0503516 0 0.949648
0.0504412 0 0.949559
0.0505338 0 0.949466
0.0506291 0 0.949371
0.0507274 0 0.949273
0.0508282 0 0.949172
0.0509317 0 0.949068
0.0510377 0 0.948962
0.170825 0 0.829175
0.170097 0 0.829903
0.171054 0 0.828946
0.171295 0 0.828705
0.173 0 0.826999
0.172861 0 0.827139
0.17218 0 0.82782
0.171513 0 0.828487
0.173012 0 0.826988
0.175273 0 0.824727
0.177495 0 0.822505
0.179895 0 0.820105
0.182369 0 0.817631
0.184922 0 0.815078
0.187556 0 0.812444
0.190276 0 0.809724
0.517441 0 0.482559
0.509974 0 0.490026
0.502722 0 0.497278
0.483552 0 0.516448
0.484067 0 0.515933
0.490844 0 0.509156
0.489697 0 0.510303
0.488435 0 0.511565
0.486722 0 0.513278
0.484662 0 0.515338
0.481158 0 0.518842
0.428891 0 0.571109
0.424139 0 0.575861
0.422055 0 0.577945
0.420413 0 0.579587
0.418848 0 0.581152
0.417297 0 0.582703
0.415744 0 0.584256
0.414235 0 0.585765
0.412867 0 0.587133
0.411843 0 0.588157
0.110513 0 0.889487
0.109367 0 0.890633
0.108249 0 0.891751
0.107159 0 0.892841
0.106096 0 0.893904
0.105058 0 0.894942
0.104046 0 0.895954
0.103057 0 0.896943
0.102092 0 0.897908
0.10115 0 0.89885
0.100229 0 0.899771
0.099329 0 0.900671
0.098451 0 0.901549
0.0975916 0 0.902408
0.0967522 0 0.903248
0.0959318 0 0.904068
0.0951294 0 0.904871
0.0943442 0 0.905656
0.0935774 0 0.906423
0.0928265 0 0.907174
0.0920921 0 0.907908
0.0913734 0 0.908627
0.0906701 0 0.90933
0.0899821 0 0.910018
0.0893085 0 0.910691
0.0886483 0 0.911352
0.0880031 0 0.911997
0.087371 0 0.912629
0.086752 0 0.913248
0.0861453 0 0.913855
0.0855513 0 0.914449
0.0849701 0 0.91503
0.0844 0 0.9156
0.0838417 0 0.916158
0.083295 0 0.916705
0.0827583 0 0.917242
0.0822331 0 0.917767
0.0817186 0 0.918281
0.0812145 0 0.918786
0.0807201 0 0.91928
0.0802353 0 0.919765
0.0797601 0 0.92024
0.0792942 0 0.920706
0.0788378 0 0.921162
0.0783907 0 0.921609
0.0779512 0 0.922049
0.0775209 0 0.922479
0.0770998 0 0.9229
0.0766861 0 0.923314
0.0762799 0 0.92372
0.0758827 0 0.924117
0.0754928 0 0.924507
0.0751102 0 0.92489
0.0747356 0 0.925264
0.0743675 0 0.925633
0.0740072 0 0.925993
0.0736533 0 0.926347
0.0733065 0 0.926693
0.0729667 0 0.927033
0.0726339 0 0.927366
0.0723065 0 0.927693
0.071986 0 0.928014
0.0716716 0 0.928328
0.0713641 0 0.928636
0.0710619 0 0.928938
0.0707656 0 0.929234
0.0704754 0 0.929525
0.0701911 0 0.929809
0.0699119 0 0.930088
0.0696386 0 0.930361
0.0693712 0 0.930629
0.0691089 0 0.930891
0.0693454 0 0.930655
0.0702719 0 0.929728
0.191163 0 0.808837
0.188596 0 0.811404
0.186315 0 0.813685
0.184225 0 0.815775
0.18305 0 0.81695
0.181397 0 0.818603
0.176526 0 0.823474
0.175337 0 0.824663
0.174024 0 0.825976
0.049515 0 0.950485
0.0495835 0 0.950417
0.0496552 0 0.950345
0.0497287 0 0.950271
0.0498048 0 0.950195
0.0498835 0 0.950116
0.0499648 0 0.950035
0.0500485 0 0.949952
0.0501354 0 0.949865
0.0502242 0 0.949776
0.0503161 0 0.949684
0.0504105 0 0.949589
0.0505075 0 0.949492
0.0506077 0 0.949392
0.0507103 0 0.94929
0.050816 0 0.949184
0.164543 0 0.835457
0.163441 0 0.836559
0.267751 0 0.732249
0.170864 0 0.829136
0.170135 0 0.829865
0.171041 0 0.828959
0.173066 0 0.826934
0.172986 0 0.827014
0.1729 0 0.8271
0.172219 0 0.827781
0.171551 0 0.828449
0.172995 0 0.827005
0.175255 0 0.824745
0.177476 0 0.822524
0.179875 0 0.820125
0.183092 0 0.816908
0.185013 0 0.814987
0.187648 0 0.812352
0.190368 0 0.809632
0.483674 0 0.516326
0.482471 0 0.517529
0.481279 0 0.518721
0.480037 0 0.519963
0.478544 0 0.521456
0.476513 0 0.523487
0.473299 0 0.526701
0.423025 0 0.576975
0.41852 0 0.58148
0.416538 0 0.583462
0.414935 0 0.585065
0.41332 0 0.58668
0.411772 0 0.588228
0.410232 0 0.589768
0.408698 0 0.591302
0.407258 0 0.592742
0.406094 0 0.593906
0.405186 0 0.594814
0.404321 0 0.595679
0.403487 0 0.596513
0.402664 0 0.597336
0.110216 0 0.889784
0.109076 0 0.890924
0.107965 0 0.892035
0.10688 0 0.89312
0.105823 0 0.894177
0.104791 0 0.895209
0.103783 0 0.896217
0.1028 0 0.8972
0.10184 0 0.89816
0.100902 0 0.899098
0.0999854 0 0.900015
0.0990911 0 0.900909
0.0982165 0 0.901784
0.097362 0 0.902638
0.096526 0 0.903474
0.0957098 0 0.90429
0.0949108 0 0.905089
0.0941296 0 0.90587
0.0933661 0 0.906634
0.0926184 0 0.907382
0.0918881 0 0.908112
0.0911726 0 0.908827
0.0904725 0 0.909527
0.089787 0 0.910213
0.0891166 0 0.910883
0.0884596 0 0.91154
0.0878175 0 0.912183
0.0871878 0 0.912812
0.0865712 0 0.913429
0.0859676 0 0.914032
0.085376 0 0.914624
0.0847972 0 0.915203
0.0842294 0 0.915771
0.0836734 0 0.916327
0.083129 0 0.916871
0.0825954 0 0.917405
0.0820717 0 0.917928
0.0815594 0 0.918441
0.0810569 0 0.918943
0.0805648 0 0.919435
0.0800822 0 0.919918
0.0796084 0 0.920392
0.0791449 0 0.920855
0.0786899 0 0.92131
0.0782442 0 0.921756
0.077807 0 0.922193
0.0773781 0 0.922622
0.0769584 0 0.923042
0.0765462 0 0.923454
0.0761422 0 0.923858
0.0757464 0 0.924254
0.0753579 0 0.924642
0.0749768 0 0.925023
0.0746028 0 0.925397
0.0742368 0 0.925763
0.0738772 0 0.926123
0.0735255 0 0.926474
0.0731801 0 0.92682
0.0728409 0 0.927159
0.0725088 0 0.927491
0.0721835 0 0.927817
0.0718636 0 0.928136
0.0715506 0 0.928449
0.0712437 0 0.928756
0.0709428 0 0.929057
0.0706479 0 0.929352
0.070359 0 0.929641
0.0700753 0 0.929925
0.0697975 0 0.930202
0.0695248 0 0.930475
0.069258 0 0.930742
0.0689963 0 0.931004
0.0693478 0 0.930652
0.0702746 0 0.929725
0.184015 0 0.815985
0.181989 0 0.818011
0.180303 0 0.819697
0.177062 0 0.822938
0.173944 0 0.826056
0.170045 0 0.829955
0.167755 0 0.832245
0.165929 0 0.834071
0.163869 0 0.836131
0.161242 0 0.838758
0.0494422 0 0.950558
0.0495142 0 0.950486
0.0495888 0 0.950411
0.0496666 0 0.950333
0.0497464 0 0.950254
0.0498293 0 0.950171
0.0499148 0 0.950085
0.0500029 0 0.949997
0.0500937 0 0.949906
0.0501875 0 0.949812
0.0502845 0 0.949715
0.0503841 0 0.949616
0.0504863 0 0.949514
0.0505916 0 0.949408
0.0506994 0 0.949301
0.0508111 0 0.949189
0.161041 0 0.838959
0.159363 0 0.840637
0.157728 0 0.842272
0.156134 0 0.843866
0.154578 0 0.845422
0.15306 0 0.846941
0.151578 0 0.848422
0.150132 0 0.849868
0.148719 0 0.851281
0.14734 0 0.85266
0.145994 0 0.854006
0.144678 0 0.855322
0.143392 0 0.856608
0.142136 0 0.857864
0.140907 0 0.859093
0.139706 0 0.860294
0.138533 0 0.861467
0.137384 0 0.862616
0.136262 0 0.863738
0.135163 0 0.864837
0.134089 0 0.865911
0.133037 0 0.866963
0.132008 0 0.867992
0.131144 0 0.868856
0.130422 0 0.869578
0.129707 0 0.870293
0.128999 0 0.871001
0.128299 0 0.871701
0.127605 0 0.872395
0.126919 0 0.873081
0.19109 0 0.80891
0.426746 0 0.573254
0.417318 0 0.582682
0.413156 0 0.586844
0.411401 0 0.588599
0.409758 0 0.590242
0.408163 0 0.591837
0.406574 0 0.593426
0.405021 0 0.594979
0.403484 0 0.596516
0.401998 0 0.598002
0.400791 0 0.599209
0.399786 0 0.600214
0.398886 0 0.601114
0.398016 0 0.601984
0.39715 0 0.60285
0.396312 0 0.603688
0.395367 0 0.604633
0.394031 0 0.605969
0.391491 0 0.608509
0.109922 0 0.890078
0.108788 0 0.891212
0.107683 0 0.892317
0.106605 0 0.893395
0.105552 0 0.894448
0.104525 0 0.895475
0.103523 0 0.896477
0.102545 0 0.897455
0.10159 0 0.89841
0.100657 0 0.899343
0.0997452 0 0.900255
0.0988544 0 0.901146
0.0979847 0 0.902015
0.0971337 0 0.902866
0.0963026 0 0.903697
0.0954896 0 0.90451
0.0946948 0 0.905305
0.0939176 0 0.906082
0.0931574 0 0.906843
0.092413 0 0.907587
0.091686 0 0.908314
0.0909737 0 0.909026
0.0902768 0 0.909723
0.0895945 0 0.910406
0.0889273 0 0.911073
0.0882735 0 0.911727
0.087633 0 0.912367
0.0870065 0 0.912994
0.086393 0 0.913607
0.0857917 0 0.914208
0.0852025 0 0.914798
0.0846259 0 0.915374
0.0840613 0 0.915939
0.0835075 0 0.916492
0.0829647 0 0.917035
0.0824334 0 0.917567
0.081912 0 0.918088
0.081402 0 0.918598
0.0809017 0 0.919098
0.0804111 0 0.919589
0.07993 0 0.92007
0.0794585 0 0.920542
0.0789964 0 0.921004
0.0785436 0 0.921456
0.0780994 0 0.921901
0.0776644 0 0.922336
0.077237 0 0.922763
0.0768188 0 0.923181
0.076408 0 0.923592
0.0760054 0 0.923995
0.075611 0 0.924389
0.075224 0 0.924776
0.0748442 0 0.925156
0.0744724 0 0.925528
0.0741071 0 0.925893
0.0737489 0 0.926251
0.0733986 0 0.926601
0.0730546 0 0.926945
0.0727168 0 0.927283
0.072386 0 0.927614
0.0720613 0 0.927939
0.0717428 0 0.928257
0.0714312 0 0.928569
0.0711249 0 0.928875
0.0708254 0 0.929175
0.0705311 0 0.929469
0.0702428 0 0.929757
0.0699604 0 0.93004
0.069684 0 0.930316
0.0694119 0 0.930588
0.0691464 0 0.930854
0.0688853 0 0.931115
0.0693504 0 0.93065
0.0702773 0 0.929723
0.178549 0 0.821451
0.171686 0 0.828314
0.170034 0 0.829966
0.166369 0 0.833631
0.164324 0 0.835676
0.162561 0 0.837439
0.16109 0 0.83891
0.159038 0 0.840962
0.157668 0 0.842332
0.156927 0 0.843073
0.156191 0 0.843809
0.0495005 0 0.9505
0.0495752 0 0.950425
0.0496524 0 0.950348
0.0497324 0 0.950268
0.0498154 0 0.950185
0.0499004 0 0.9501
0.0499885 0 0.950012
0.0500798 0 0.94992
0.0501732 0 0.949827
0.0502697 0 0.94973
0.0503693 0 0.949631
0.0504716 0 0.949528
0.0505769 0 0.949423
0.0506848 0 0.949315
0.0507961 0 0.949204
0.160601 0 0.839399
0.158934 0 0.841066
0.157307 0 0.842693
0.155722 0 0.844278
0.154174 0 0.845826
0.152664 0 0.847336
0.151191 0 0.848809
0.149751 0 0.850249
0.148347 0 0.851653
0.146975 0 0.853025
0.145635 0 0.854365
0.144326 0 0.855674
0.143046 0 0.856954
0.141796 0 0.858204
0.140574 0 0.859426
0.139379 0 0.860621
0.138211 0 0.861789
0.137068 0 0.862932
0.135951 0 0.864049
0.134857 0 0.865143
0.133788 0 0.866212
0.132741 0 0.867259
0.131717 0 0.868283
0.130714 0 0.869286
0.129733 0 0.870267
0.128772 0 0.871228
0.127831 0 0.872169
0.12691 0 0.87309
0.126008 0 0.873991
0.125125 0 0.874875
0.12426 0 0.87574
0.124145 0 0.875855
0.4033 0 0.5967
0.40171 0 0.59829
0.40015 0 0.59985
0.398602 0 0.601398
0.397091 0 0.602909
0.39586 0 0.60414
0.394768 0 0.605232
0.393803 0 0.606197
0.392894 0 0.607106
0.392024 0 0.607976
0.390833 0 0.609167
0.389294 0 0.610706
0.386829 0 0.613171
0.384035 0 0.615965
0.381249 0 0.618751
0.378486 0 0.621514
0.37581 0 0.62419
0.110787 0 0.889213
0.109631 0 0.890369
0.108503 0 0.891497
0.107403 0 0.892597
0.106331 0 0.893669
0.105284 0 0.894716
0.104263 0 0.895737
0.103266 0 0.896734
0.102293 0 0.897707
0.101342 0 0.898658
0.100414 0 0.899586
0.099507 0 0.900493
0.0986211 0 0.901379
0.0977548 0 0.902245
0.0969087 0 0.903091
0.096081 0 0.903919
0.0952722 0 0.904728
0.0944806 0 0.905519
0.0937075 0 0.906292
0.0929506 0 0.907049
0.0922103 0 0.90779
0.0914856 0 0.908514
0.0907766 0 0.909223
0.090083 0 0.909917
0.0894038 0 0.910596
0.088739 0 0.911261
0.0880883 0 0.911912
0.087451 0 0.912549
0.0868269 0 0.913173
0.0862158 0 0.913784
0.0856176 0 0.914382
0.0850314 0 0.914969
0.0844573 0 0.915543
0.0838941 0 0.916106
0.0833427 0 0.916657
0.0828021 0 0.917198
0.0822731 0 0.917727
0.081754 0 0.918246
0.0812455 0 0.918755
0.0807475 0 0.919253
0.0802591 0 0.919741
0.0797803 0 0.92022
0.0793102 0 0.92069
0.0788504 0 0.92115
0.0783991 0 0.921601
0.0779563 0 0.922044
0.0775227 0 0.922477
0.0770976 0 0.922902
0.0766807 0 0.923319
0.0762714 0 0.923729
0.0758703 0 0.92413
0.0754773 0 0.924523
0.0750916 0 0.924908
0.0747133 0 0.925287
0.0743429 0 0.925657
0.073979 0 0.926021
0.0736222 0 0.926378
0.0732725 0 0.926728
0.0729298 0 0.92707
0.0725934 0 0.927407
0.072264 0 0.927736
0.0719408 0 0.928059
0.0716237 0 0.928376
0.0713126 0 0.928687
0.0710077 0 0.928992
0.0707087 0 0.929291
0.0704158 0 0.929584
0.0701289 0 0.929871
0.0698471 0 0.930153
0.0695712 0 0.930429
0.0693005 0 0.9307
0.0690356 0 0.930964
0.0687757 0 0.931224
0.0693545 0 0.930645
0.0702808 0 0.929719
0.167201 0 0.832799
0.165022 0 0.834978
0.163576 0 0.836424
0.161797 0 0.838203
0.160225 0 0.839775
0.1578 0 0.8422
0.156008 0 0.843992
0.154658 0 0.845342
0.151519 0 0.848481
0.151399 0 0.848601
0.151282 0 0.848718
0.150811 0 0.849189
 ] }
}
