# Real Time: 688.397
# Simulation Time: 10.78
# Radar Position: 873.082 -199.856 3.08384
# Radar Quat: 0.00322931 -0.00486095 0.0527924 0.998588
PointSet {
 coord Coordinate { point [
880.427 -207.279 3.273
880.506 -207.254 3.27286
880.586 -207.229 3.27274
880.666 -207.204 3.27262
880.747 -207.179 3.27252
918.148 -226.299 3.88266
918.427 -226.039 3.8806
890.462 -209.42 3.38164
890.671 -209.375 3.38266
919.664 -220.596 3.80694
877.367 -201.594 3.14809
924.56 -211.168 3.73732
906.235 -202.399 3.46191
906.198 -202.164 3.45974
906.328 -201.939 3.45951
905.995 -198.235 3.43322
905.879 -198.011 3.43088
905.998 -197.773 3.43105
919.243 -193.024 3.55593
916.963 -190.512 3.52619
880.505 -207.253 3.23615
880.585 -207.229 3.23588
880.665 -207.204 3.23563
880.746 -207.179 3.23538
918.148 -226.301 3.70013
918.424 -226.04 3.69765
890.462 -209.42 3.31227
890.669 -209.375 3.3127
878.091 -202.265 3.14484
919.675 -220.603 3.62895
877.366 -201.594 3.13182
924.558 -211.169 3.55318
906.235 -202.4 3.34572
906.197 -202.165 3.34373
906.327 -201.94 3.34309
905.996 -198.236 3.31807
905.88 -198.011 3.31608
905.997 -197.774 3.31578
919.242 -193.025 3.3929
919.366 -192.677 3.39262
916.969 -190.512 3.36949
880.564 -207.21 3.19875
880.65 -207.19 3.19844
880.744 -207.178 3.19826
918.147 -226.303 3.51762
918.421 -226.04 3.51474
890.469 -209.425 3.24296
890.679 -209.381 3.24286
878.091 -202.266 3.12532
919.688 -220.611 3.4509
877.365 -201.594 3.11555
924.557 -211.171 3.36908
906.236 -202.401 3.22953
906.197 -202.165 3.22773
906.326 -201.941 3.22669
905.997 -198.236 3.20292
905.88 -198.012 3.2013
905.996 -197.775 3.20053
919.241 -193.026 3.2299
919.327 -192.683 3.22889
916.975 -190.511 3.21277
880.616 -207.158 3.1612
880.743 -207.178 3.16114
918.147 -226.306 3.3351
918.418 -226.041 3.33186
890.469 -209.426 3.17357
890.677 -209.381 3.17289
892.082 -209.463 3.17268
892.046 -209.279 3.17075
878.092 -202.266 3.1058
919.704 -220.62 3.27276
919.972 -220.348 3.26985
877.365 -201.594 3.09929
924.555 -211.172 3.18498
906.236 -202.402 3.11334
906.197 -202.166 3.11173
906.325 -201.942 3.11029
905.998 -198.237 3.08777
905.88 -198.013 3.08651
905.995 -197.776 3.08528
919.241 -193.027 3.0669
919.299 -192.689 3.06543
916.981 -190.511 3.056
880.742 -207.177 3.12404
918.146 -226.308 3.1526
918.415 -226.042 3.14899
890.469 -209.427 3.10418
890.675 -209.381 3.10293
892.084 -209.466 3.09825
919.724 -220.631 3.0945
919.917 -220.326 3.09111
877.364 -201.593 3.08303
924.555 -211.174 3.0009
906.237 -202.403 2.99714
906.197 -202.167 2.99574
906.324 -201.943 2.9939
905.999 -198.238 2.97261
905.88 -198.014 2.97172
905.994 -197.776 2.97005
919.242 -193.028 2.90391
919.275 -192.693 2.90215
916.986 -190.51 2.89919
906.743 -189.932 2.93046
894.054 -219.577 3.09048
918.146 -226.309 2.9701
918.413 -226.042 2.96615
890.51 -209.451 3.03467
890.651 -209.368 3.03306
892.084 -209.3 3.02255
919.749 -220.644 2.91607
919.89 -220.316 2.91268
924.554 -211.175 2.81683
906.237 -202.404 2.88095
906.197 -202.168 2.87975
906.323 -201.943 2.87752
906 -198.238 2.85745
905.88 -198.014 2.85694
905.993 -197.777 2.85483
919.243 -193.029 2.7409
919.255 -192.697 2.73902
916.992 -190.509 2.74235
907.026 -190.363 2.80811
906.672 -190.208 2.8097
903.294 -190.948 2.83607
903.063 -190.788 2.83683
918.145 -226.311 2.78759
918.41 -226.043 2.78332
890.509 -209.451 2.96511
890.65 -209.368 2.96321
892.049 -209.45 2.9496
892.024 -209.271 2.94879
919.783 -220.661 2.73737
877.268 -201.694 3.05209
877.292 -201.669 3.0517
924.554 -211.176 2.63274
906.238 -202.405 2.76474
906.197 -202.169 2.76374
906.323 -201.944 2.76114
932.852 -198.181 2.47165
932.81 -197.765 2.46959
932.814 -197.347 2.46706
906 -198.239 2.74227
905.88 -198.015 2.74215
905.992 -197.778 2.7396
932.432 -195.699 2.46107
931.797 -194.918 2.4628
919.245 -193.029 2.57787
919.236 -192.701 2.576
916.998 -190.509 2.58545
906.473 -191.268 2.69591
906.357 -191.049 2.69578
906.393 -190.79 2.69387
903.5 -191.348 2.72632
903.107 -191.231 2.72957
902.986 -191.039 2.72964
902.886 -190.841 2.72947
902.801 -190.64 2.72913
889.983 -215.317 2.92536
889.982 -215.101 2.92458
889.982 -214.888 2.92381
889.981 -214.677 2.92305
889.981 -214.469 2.92228
889.981 -214.264 2.92153
889.98 -214.061 2.92078
889.98 -213.86 2.92004
889.98 -213.662 2.9193
889.979 -213.466 2.91856
889.979 -213.272 2.91783
889.979 -213.08 2.9171
889.978 -212.891 2.91638
889.978 -212.703 2.91566
889.977 -212.517 2.91495
918.145 -226.313 2.60506
918.408 -226.044 2.60048
890.758 -209.75 2.89356
890.469 -209.429 2.89598
890.648 -209.368 2.89336
890.758 -209.268 2.89149
890.758 -209.11 2.89081
890.758 -208.953 2.89012
891.042 -208.941 2.88632
891.359 -208.941 2.88215
891.684 -208.941 2.87785
892.019 -208.941 2.87342
892.376 -208.947 2.86873
892.732 -208.947 2.86403
877.274 -201.697 3.03594
924.554 -211.178 2.44863
906.238 -202.405 2.64852
906.197 -202.17 2.64773
906.322 -201.945 2.64475
930.935 -200.661 2.30363
930.736 -200.256 2.30393
930.707 -199.853 2.30191
930.677 -199.451 2.29992
930.694 -199.048 2.29726
930.754 -198.644 2.29402
930.819 -198.239 2.29069
930.884 -197.833 2.28734
930.946 -197.426 2.28401
906.001 -198.239 2.62707
905.88 -198.016 2.62734
905.991 -197.778 2.62436
931.203 -195.786 2.27043
931.266 -195.373 2.26701
931.331 -194.958 2.26353
931.395 -194.543 2.26006
931.461 -194.125 2.25654
931.525 -193.706 2.25303
931.592 -193.286 2.24945
931.655 -192.864 2.24591
931.72 -192.441 2.24233
931.786 -192.015 2.2387
931.853 -191.588 2.23505
919.248 -193.029 2.41479
919.22 -192.704 2.41306
932.051 -190.296 2.22398
932.116 -189.862 2.22026
917.004 -190.508 2.4285
905.531 -191.992 2.59304
905.722 -191.704 2.5885
905.896 -191.417 2.5842
903.664 -191.761 2.61656
903.254 -191.643 2.62127
903.006 -191.486 2.62351
901.377 -191.727 2.64705
900.988 -191.627 2.65158
900.966 -191.421 2.65044
901.269 -191.114 2.64424
901.732 -190.751 2.63548
889.943 -215.066 2.84557
889.943 -214.854 2.84529
889.942 -214.644 2.84501
889.942 -214.437 2.84472
889.942 -214.232 2.84443
889.942 -214.03 2.84414
889.942 -213.83 2.84384
889.942 -213.632 2.84354
889.942 -213.437 2.84323
889.941 -213.243 2.84292
889.941 -213.052 2.84261
889.941 -212.863 2.84229
889.941 -212.676 2.84197
889.941 -212.491 2.84165
890.1 -212.425 2.83904
918.144 -226.315 2.4225
918.405 -226.044 2.41764
890.801 -209.775 2.82208
890.419 -209.403 2.82729
890.647 -209.368 2.82352
890.758 -209.269 2.82145
890.758 -209.111 2.82103
890.758 -208.954 2.82059
891.052 -208.947 2.81578
891.352 -208.939 2.81085
891.665 -208.933 2.80572
891.997 -208.932 2.8003
892.347 -208.934 2.79458
892.719 -208.942 2.7885
877.284 -201.737 3.01978
877.247 -201.685 3.02023
877.27 -201.66 3.01978
877.291 -201.634 3.01934
877.313 -201.608 3.01889
877.337 -201.583 3.01842
924.554 -211.18 2.26448
906.239 -202.406 2.53228
906.197 -202.17 2.5317
906.321 -201.946 2.52835
928.981 -202.59 2.14587
928.784 -202.19 2.14696
928.744 -201.799 2.14543
928.715 -201.409 2.14368
928.707 -201.02 2.14156
928.749 -200.632 2.13857
928.804 -200.243 2.13534
928.865 -199.854 2.13199
928.924 -199.464 2.12865
928.985 -199.073 2.12524
929.043 -198.681 2.12186
929.103 -198.288 2.11843
929.163 -197.894 2.11498
929.223 -197.499 2.11148
906.002 -198.24 2.51185
905.88 -198.016 2.51252
905.991 -197.779 2.50912
929.461 -195.909 2.09732
929.52 -195.508 2.09373
929.58 -195.106 2.09008
929.64 -194.703 2.0864
929.7 -194.299 2.08271
929.758 -193.893 2.079
929.818 -193.486 2.07525
929.879 -193.077 2.07145
929.939 -192.666 2.06762
929.998 -192.255 2.0638
930.057 -191.841 2.05994
919.252 -193.03 2.25165
919.205 -192.707 2.25019
881.76 -198.438 2.9258
881.736 -198.38 2.9258
881.711 -198.322 2.9258
930.42 -189.323 2.03594
930.429 -188.907 2.03278
930.313 -188.514 2.03187
930.007 -188.161 2.03445
917.009 -190.508 2.27148
905.975 -192.612 2.4735
905.194 -192.548 2.48621
905.149 -192.322 2.48528
905.34 -192.039 2.4799
905.324 -191.804 2.47838
902.148 -192.379 2.53626
902.026 -192.194 2.5369
901.881 -192.017 2.53794
901.483 -191.911 2.54381
900.975 -191.843 2.5518
900.889 -191.656 2.55176
900.865 -191.452 2.55053
896.855 -192.48 2.62591
896.588 -192.383 2.6296
896.323 -192.287 2.63325
889.904 -214.82 2.76712
889.904 -214.611 2.76732
889.904 -214.405 2.76751
889.904 -214.201 2.76768
889.904 -213.999 2.76783
889.904 -213.799 2.76798
889.904 -213.602 2.76811
889.904 -213.407 2.76823
889.904 -213.215 2.76834
889.904 -213.024 2.76844
889.904 -212.836 2.76852
889.904 -212.649 2.76859
889.904 -212.465 2.76865
890.098 -212.425 2.76508
918.144 -226.317 2.23993
918.403 -226.045 2.23479
890.758 -209.751 2.75187
890.419 -209.403 2.75806
890.645 -209.368 2.75368
890.758 -209.27 2.75141
890.758 -209.112 2.75124
890.758 -208.955 2.75106
891.05 -208.947 2.74536
891.357 -208.942 2.7394
891.682 -208.942 2.73307
892.017 -208.942 2.72654
892.362 -208.942 2.7198
892.717 -208.942 2.71285
877.28 -201.735 3.00366
877.244 -201.684 3.00428
877.266 -201.658 3.00381
877.287 -201.633 3.00333
877.309 -201.607 3.00285
877.331 -201.581 3.00237
924.555 -211.181 2.08031
927.112 -204.396 1.99817
906.239 -202.407 2.41602
906.196 -202.171 2.41566
906.32 -201.946 2.41194
926.857 -202.864 1.99539
926.869 -202.488 1.9931
926.923 -202.113 1.98993
926.978 -201.738 1.98672
927.034 -201.363 1.98345
927.092 -200.987 1.98011
927.149 -200.61 1.97677
927.204 -200.233 1.97343
927.261 -199.855 1.97001
927.318 -199.476 1.96656
927.373 -199.096 1.96313
927.429 -198.716 1.95964
927.486 -198.334 1.95609
927.541 -197.952 1.95255
927.596 -197.568 1.94899
906.003 -198.241 2.39661
905.88 -198.017 2.39768
905.99 -197.78 2.39387
927.818 -196.025 1.93432
927.874 -195.636 1.93054
927.93 -195.246 1.92674
927.984 -194.855 1.92294
928.039 -194.462 1.91909
928.095 -194.068 1.91516
928.15 -193.673 1.91124
928.204 -193.277 1.90729
928.259 -192.879 1.90328
928.316 -192.48 1.89921
928.368 -192.079 1.89517
919.257 -193.03 2.08844
881.705 -198.509 2.89665
881.659 -198.455 2.89716
881.614 -198.401 2.89766
881.569 -198.347 2.89816
881.525 -198.294 2.89865
881.481 -198.241 2.89913
881.437 -198.188 2.8996
881.394 -198.136 2.90006
881.351 -198.085 2.90052
881.308 -198.033 2.90097
881.266 -197.982 2.90141
881.223 -197.932 2.90184
881.182 -197.882 2.90227
881.14 -197.832 2.90269
881.099 -197.782 2.9031
881.058 -197.733 2.9035
881.017 -197.684 2.9039
880.976 -197.636 2.90429
880.936 -197.587 2.90468
880.896 -197.539 2.90506
880.856 -197.492 2.90543
880.817 -197.444 2.9058
880.778 -197.397 2.90616
880.738 -197.35 2.90651
880.7 -197.304 2.90686
889.865 -214.579 2.68998
889.865 -214.373 2.69063
889.866 -214.169 2.69125
889.866 -213.968 2.69186
889.866 -213.769 2.69244
889.866 -213.573 2.69301
889.867 -213.378 2.69355
889.867 -213.186 2.69407
889.867 -212.996 2.69457
889.868 -212.808 2.69505
889.868 -212.622 2.69552
889.868 -212.438 2.69596
890.097 -212.425 2.69112
897.793 -216.05 2.51809
918.143 -226.319 2.05732
918.4 -226.046 2.05193
890.758 -209.752 2.68101
890.469 -209.431 2.6877
890.644 -209.368 2.68383
890.758 -209.271 2.68135
890.758 -209.113 2.68144
890.758 -208.956 2.68151
891.049 -208.947 2.67495
891.355 -208.942 2.66804
891.681 -208.942 2.66069
892.016 -208.942 2.6531
892.361 -208.942 2.64528
892.716 -208.942 2.63721
877.276 -201.733 2.98757
877.243 -201.683 2.98832
877.264 -201.658 2.98781
877.286 -201.632 2.9873
877.308 -201.606 2.98678
877.33 -201.581 2.98626
924.556 -211.183 1.8961
932.541 -207.374 1.69203
925.313 -206.089 1.85952
925.175 -205.704 1.86112
925.154 -205.333 1.85998
925.138 -204.964 1.85869
925.116 -204.595 1.85749
925.103 -204.228 1.85605
906.239 -202.408 2.29974
906.196 -202.172 2.2996
906.319 -201.947 2.29552
925.315 -202.779 1.84373
925.369 -202.415 1.84054
925.425 -202.051 1.83726
925.479 -201.687 1.83398
925.531 -201.322 1.8307
925.586 -200.957 1.82732
925.64 -200.59 1.82393
925.692 -200.223 1.82054
925.746 -199.856 1.81707
925.8 -199.487 1.81355
925.852 -199.118 1.81006
925.905 -198.748 1.80649
925.959 -198.378 1.80286
926.01 -198.006 1.79924
926.061 -197.633 1.79558
906.004 -198.241 2.28135
905.88 -198.017 2.28283
905.989 -197.78 2.2786
926.269 -196.134 1.78046
926.322 -195.756 1.77657
926.372 -195.377 1.77269
926.424 -194.997 1.7687
926.446 -194.619 1.76542
926.402 -194.247 1.76373
926.219 -193.891 1.76546
925.96 -193.545 1.76903
925.692 -193.204 1.77283
925.428 -192.866 1.77651
925.172 -192.529 1.77999
919.263 -193.029 1.92514
881.687 -198.512 2.86648
881.642 -198.458 2.86712
881.597 -198.404 2.86775
881.553 -198.35 2.86836
881.508 -198.297 2.86896
881.464 -198.244 2.86956
881.421 -198.192 2.87014
881.378 -198.14 2.87072
881.335 -198.088 2.87128
881.292 -198.037 2.87183
881.25 -197.986 2.87238
881.208 -197.936 2.87291
881.166 -197.885 2.87344
881.125 -197.836 2.87395
881.083 -197.786 2.87446
881.043 -197.737 2.87496
881.002 -197.688 2.87545
880.961 -197.64 2.87593
880.921 -197.592 2.8764
880.881 -197.544 2.87687
880.842 -197.496 2.87732
880.802 -197.449 2.87777
880.763 -197.402 2.87821
880.724 -197.355 2.87864
880.685 -197.308 2.87907
880.647 -197.262 2.87948
889.827 -214.341 2.61408
889.828 -214.138 2.61516
889.828 -213.937 2.61621
889.829 -213.739 2.61723
889.829 -213.543 2.61822
889.83 -213.35 2.61918
889.83 -213.158 2.62012
889.83 -212.969 2.62102
889.831 -212.781 2.62189
889.831 -212.596 2.62274
889.861 -212.434 2.62275
890.096 -212.425 2.61716
897.779 -216.042 2.41516
918.143 -226.321 1.87469
918.398 -226.046 1.86905
890.758 -209.753 2.61013
890.469 -209.432 2.61825
890.642 -209.368 2.61399
890.758 -209.271 2.61128
890.758 -209.113 2.61162
890.758 -208.956 2.61195
891.047 -208.947 2.60454
891.354 -208.942 2.59668
891.679 -208.942 2.58831
892.014 -208.942 2.57967
892.359 -208.942 2.57076
892.714 -208.942 2.56157
877.272 -201.732 2.97149
877.241 -201.683 2.97236
877.263 -201.657 2.97182
877.284 -201.632 2.97128
877.306 -201.606 2.97073
877.328 -201.58 2.97017
924.557 -211.185 1.71185
931.852 -211.504 1.5145
931.842 -211.076 1.51363
931.832 -210.649 1.51272
931.633 -210.19 1.51682
931.185 -209.693 1.52755
924.986 -208.271 1.69231
923.631 -207.689 1.72744
923.517 -207.311 1.72927
923.504 -206.949 1.72836
923.487 -206.588 1.72755
923.472 -206.228 1.72661
923.464 -205.87 1.72544
923.483 -205.515 1.72353
923.529 -205.164 1.72081
923.585 -204.813 1.71781
923.638 -204.462 1.71484
923.691 -204.11 1.71182
906.24 -202.409 2.18343
906.196 -202.173 2.18353
906.319 -201.948 2.17908
923.904 -202.701 1.69927
923.956 -202.347 1.69607
924.007 -201.993 1.69283
924.06 -201.638 1.68949
924.111 -201.283 1.68617
924.161 -200.928 1.68281
924.213 -200.571 1.67935
924.263 -200.214 1.67591
924.314 -199.857 1.67239
924.365 -199.498 1.66885
924.415 -199.139 1.66527
924.463 -198.779 1.66168
924.514 -198.419 1.65797
924.564 -198.057 1.65422
924.612 -197.695 1.6505
906.005 -198.242 2.16606
905.88 -198.018 2.16796
905.988 -197.781 2.16332
924.379 -196.266 1.647
924.139 -195.925 1.6511
923.894 -195.586 1.65536
923.656 -195.25 1.65938
923.416 -194.917 1.66342
923.174 -194.587 1.66751
922.94 -194.259 1.67135
922.704 -193.934 1.67524
922.465 -193.612 1.67917
919.275 -193.687 1.76712
918.583 -193.455 1.78413
881.716 -198.57 2.83566
881.67 -198.515 2.83643
881.625 -198.461 2.83719
881.58 -198.407 2.83794
881.536 -198.353 2.83867
881.492 -198.3 2.83939
881.448 -198.247 2.8401
881.404 -198.195 2.84079
881.361 -198.143 2.84148
881.319 -198.092 2.84215
881.276 -198.041 2.84281
881.234 -197.99 2.84345
881.192 -197.939 2.84409
881.15 -197.889 2.84471
881.109 -197.84 2.84533
881.068 -197.79 2.84593
881.027 -197.741 2.84652
880.987 -197.692 2.8471
880.947 -197.644 2.84767
880.907 -197.596 2.84823
880.867 -197.548 2.84878
880.827 -197.501 2.84931
880.788 -197.453 2.84984
880.749 -197.406 2.85036
880.71 -197.36 2.85087
880.671 -197.313 2.85137
880.633 -197.267 2.85186
880.595 -197.221 2.85234
889.79 -214.107 2.5394
889.79 -213.907 2.54089
889.791 -213.709 2.54234
889.792 -213.514 2.54375
889.793 -213.321 2.54513
889.793 -213.13 2.54647
889.794 -212.941 2.54777
889.795 -212.754 2.54904
889.812 -212.582 2.54973
889.861 -212.435 2.54939
890.094 -212.425 2.54319
897.765 -216.034 2.31231
918.142 -226.323 1.69203
918.395 -226.047 1.68617
890.758 -209.754 2.53924
890.469 -209.433 2.54879
890.641 -209.368 2.54415
890.758 -209.272 2.5412
890.758 -209.114 2.5418
890.758 -208.957 2.54237
891.046 -208.947 2.53412
877.08 -201.853 2.96056
877.103 -201.829 2.95997
892.013 -208.942 2.50624
892.357 -208.942 2.49624
892.712 -208.942 2.48592
877.269 -201.73 2.95545
877.239 -201.682 2.95642
877.261 -201.657 2.95584
877.283 -201.631 2.95526
877.305 -201.605 2.95468
877.326 -201.58 2.95408
930.382 -216.304 1.3548
929.78 -215.703 1.37283
929.262 -215.136 1.38828
929.364 -214.742 1.38498
929.461 -214.347 1.38174
929.554 -213.951 1.37859
929.588 -213.541 1.37717
929.588 -213.124 1.37671
929.584 -212.707 1.37629
924.558 -211.186 1.52754
929.423 -211.845 1.37996
929.025 -211.352 1.3913
922.472 -209.646 1.58873
922 -209.198 1.60232
921.939 -208.833 1.6034
921.927 -208.478 1.60299
921.918 -208.125 1.60241
921.905 -207.773 1.6019
921.894 -207.421 1.6013
921.906 -207.074 1.59994
921.94 -206.731 1.59786
921.994 -206.39 1.59515
922.049 -206.049 1.59233
922.101 -205.708 1.58956
922.154 -205.367 1.58671
922.208 -205.026 1.58378
922.259 -204.684 1.5809
922.311 -204.342 1.57791
922.364 -204 1.57487
906.24 -202.409 2.06711
906.196 -202.173 2.06743
906.318 -201.948 2.06263
922.566 -202.627 1.56242
922.616 -202.282 1.55918
922.666 -201.938 1.55591
922.714 -201.592 1.55264
922.765 -201.247 1.54923
922.814 -200.9 1.5458
922.86 -200.553 1.54242
922.91 -200.206 1.53889
922.957 -199.857 1.53539
923.006 -199.509 1.53175
922.993 -199.16 1.52999
922.868 -198.814 1.53167
922.648 -198.472 1.53627
922.423 -198.133 1.54102
922.202 -197.797 1.54559
906.006 -198.242 2.05075
905.88 -198.018 2.05307
905.987 -197.782 2.04803
921.328 -196.48 1.56328
921.108 -196.158 1.56768
920.894 -195.838 1.57187
920.68 -195.521 1.57599
920.442 -195.209 1.58088
916.976 -195.238 1.68828
916.364 -194.997 1.7052
915.768 -194.761 1.72162
915.178 -194.533 1.7379
914.603 -194.31 1.75371
905.498 -195.293 2.04302
881.698 -198.573 2.8056
881.653 -198.518 2.8065
881.608 -198.464 2.80738
881.563 -198.41 2.80824
881.519 -198.356 2.8091
881.475 -198.303 2.80993
881.431 -198.251 2.81075
881.388 -198.198 2.81156
881.345 -198.147 2.81235
881.303 -198.095 2.81312
881.26 -198.044 2.81389
881.218 -197.993 2.81464
881.176 -197.943 2.81537
881.135 -197.893 2.81609
881.094 -197.844 2.8168
881.053 -197.794 2.8175
881.012 -197.745 2.81818
880.972 -197.697 2.81885
880.932 -197.648 2.81951
880.892 -197.6 2.82015
880.852 -197.552 2.82078
880.813 -197.505 2.8214
880.774 -197.458 2.82201
880.735 -197.411 2.82261
880.696 -197.364 2.8232
880.657 -197.318 2.82377
880.619 -197.272 2.82434
880.581 -197.226 2.82489
880.543 -197.18 2.82543
889.755 -213.878 2.4658
889.755 -213.681 2.46771
889.755 -213.485 2.46958
889.756 -213.292 2.47139
889.757 -213.102 2.47313
889.757 -212.913 2.47483
889.763 -212.731 2.47632
889.812 -212.583 2.47617
889.861 -212.436 2.47601
890.093 -212.425 2.46921
897.752 -216.026 2.20956
918.142 -226.325 1.50933
918.393 -226.048 1.50325
890.758 -209.754 2.46834
890.449 -209.423 2.48
890.639 -209.368 2.4743
890.758 -209.273 2.4711
890.758 -209.115 2.47196
877.291 -202.032 2.93717
877.123 -201.91 2.94318
877.063 -201.844 2.94542
877.086 -201.821 2.9448
877.109 -201.797 2.94417
877.132 -201.773 2.94353
877.155 -201.749 2.94289
877.179 -201.725 2.94223
877.202 -201.701 2.94157
877.226 -201.676 2.9409
877.249 -201.652 2.94022
877.273 -201.627 2.93953
877.31 -201.608 2.93839
877.33 -201.581 2.93783
924.145 -220.097 1.34636
929.515 -219.531 1.17069
929.082 -218.942 1.18624
928.594 -218.344 1.20356
928.114 -217.758 1.2205
927.226 -217.052 1.25115
927.07 -216.588 1.257
886.377 -203.878 2.63296
886.268 -203.744 2.63677
886.16 -203.613 2.64049
886.055 -203.485 2.64411
885.952 -203.359 2.64765
885.85 -203.235 2.65111
885.751 -203.114 2.65448
885.653 -202.996 2.65778
885.558 -202.879 2.66099
885.464 -202.765 2.66414
885.414 -202.662 2.6658
885.412 -202.571 2.6658
920.42 -209.93 1.48277
920.413 -209.584 1.48267
920.407 -209.238 1.48248
920.4 -208.894 1.48226
920.4 -208.551 1.48176
920.427 -208.215 1.48028
920.48 -207.883 1.47788
920.532 -207.551 1.47543
920.587 -207.22 1.47286
920.64 -206.888 1.47025
920.692 -206.556 1.46767
920.746 -206.224 1.46494
920.797 -205.892 1.46223
920.848 -205.56 1.45948
920.901 -205.227 1.45662
920.951 -204.894 1.45381
921.002 -204.561 1.4509
921.052 -204.228 1.44793
921.101 -203.894 1.44499
906.241 -202.41 1.95075
906.196 -202.174 1.9513
906.317 -201.949 1.94616
921.298 -202.557 1.43249
921.345 -202.221 1.42928
921.391 -201.885 1.42608
921.44 -201.549 1.42268
921.395 -201.209 1.42248
921.205 -200.867 1.42721
920.998 -200.528 1.43246
920.794 -200.191 1.43758
920.596 -199.858 1.44243
920.392 -199.527 1.44749
920.193 -199.199 1.45232
919.995 -198.874 1.45706
919.793 -198.552 1.46192
919.598 -198.232 1.46651
919.4 -197.914 1.47112
906.006 -198.243 1.9354
905.88 -198.019 1.93815
905.986 -197.782 1.93271
918.582 -196.673 1.49021
914.889 -196.636 1.61718
914.337 -196.389 1.63423
913.799 -196.147 1.65078
913.268 -195.912 1.66711
912.75 -195.683 1.683
912.25 -195.458 1.69822
905.153 -196.026 1.94703
904.9 -195.83 1.95397
904.273 -195.687 1.97416
902.962 -195.649 2.01879
881.681 -198.575 2.77565
881.636 -198.521 2.77667
881.591 -198.466 2.77768
881.546 -198.413 2.77866
881.502 -198.359 2.77963
881.459 -198.306 2.78058
881.415 -198.254 2.78151
881.372 -198.202 2.78243
881.329 -198.15 2.78332
881.287 -198.099 2.78421
881.244 -198.048 2.78507
881.202 -197.997 2.78592
881.161 -197.947 2.78676
881.12 -197.897 2.78757
881.079 -197.847 2.78838
881.038 -197.798 2.78917
880.997 -197.749 2.78994
880.957 -197.701 2.7907
880.917 -197.652 2.79144
880.877 -197.605 2.79217
880.838 -197.557 2.79289
880.798 -197.509 2.79359
880.759 -197.462 2.79428
880.72 -197.416 2.79496
880.682 -197.369 2.79562
880.643 -197.323 2.79627
880.605 -197.277 2.79691
880.567 -197.231 2.79753
880.529 -197.185 2.79814
880.492 -197.14 2.79874
889.755 -213.682 2.3919
889.755 -213.486 2.3942
889.755 -213.293 2.39645
889.755 -213.102 2.39864
889.755 -212.913 2.40077
889.763 -212.731 2.40257
889.812 -212.584 2.40261
889.861 -212.437 2.40261
890.092 -212.425 2.39523
897.738 -216.019 2.1069
918.142 -226.326 1.32658
918.391 -226.049 1.32031
890.277 -209.645 2.4148
890.277 -209.486 2.41603
890.545 -209.477 2.40684
890.638 -209.368 2.40444
890.758 -209.274 2.40098
877.359 -202.106 2.91763
877.184 -201.977 2.92461
877.024 -201.86 2.93101
877.045 -201.836 2.9304
877.068 -201.812 2.92975
877.091 -201.789 2.92909
877.114 -201.765 2.92842
877.137 -201.741 2.92774
877.161 -201.717 2.92705
877.184 -201.693 2.92635
877.207 -201.669 2.92565
877.231 -201.644 2.92493
877.255 -201.62 2.9242
877.279 -201.595 2.92347
877.302 -201.57 2.92272
877.326 -201.545 2.92196
877.351 -201.52 2.9212
877.375 -201.495 2.92042
877.4 -201.47 2.91963
877.424 -201.444 2.91883
925.028 -218.376 1.12894
924.987 -217.954 1.13182
925.089 -217.583 1.12925
925.187 -217.211 1.12676
925.289 -216.841 1.12408
925.374 -216.465 1.1219
925.402 -216.072 1.12183
886.337 -203.866 2.58581
886.228 -203.733 2.59009
886.121 -203.602 2.59427
886.016 -203.474 2.59835
885.914 -203.349 2.60233
885.813 -203.226 2.60621
885.714 -203.105 2.61
885.617 -202.987 2.6137
885.522 -202.871 2.61732
885.429 -202.757 2.62086
885.337 -202.645 2.62431
885.247 -202.535 2.62769
885.159 -202.427 2.63099
885.072 -202.321 2.63422
884.986 -202.217 2.63737
884.902 -202.114 2.64046
884.82 -202.013 2.64348
884.738 -201.914 2.64644
884.658 -201.816 2.64933
884.579 -201.72 2.65216
884.502 -201.625 2.65493
884.425 -201.532 2.65764
884.35 -201.441 2.6603
884.276 -201.35 2.6629
884.203 -201.261 2.66544
884.188 -201.18 2.6658
884.183 -201.101 2.6658
919.757 -204.77 1.33025
919.808 -204.445 1.32732
919.852 -204.12 1.32453
919.903 -203.795 1.32146
906.241 -202.411 1.83436
906.196 -202.175 1.83515
906.316 -201.95 1.82966
919.422 -202.452 1.33431
919.24 -202.119 1.33973
919.054 -201.788 1.34525
918.871 -201.459 1.35058
918.692 -201.134 1.35572
918.508 -200.811 1.36103
918.326 -200.491 1.36619
918.149 -200.173 1.37109
917.966 -199.858 1.3762
917.787 -199.546 1.38112
917.611 -199.236 1.38586
917.429 -198.928 1.39078
917.251 -198.623 1.39551
917.077 -198.32 1.40008
913.576 -198.158 1.53194
906.007 -198.243 1.82003
905.88 -198.02 1.8232
905.986 -197.783 1.81737
911.516 -197.166 1.6027
911.05 -196.932 1.61849
910.583 -196.704 1.63431
910.141 -196.48 1.64918
909.7 -196.262 1.66403
904.807 -196.516 1.85153
904.314 -196.347 1.8687
903.293 -196.248 1.9064
901.484 -196.261 1.97492
902.825 -195.881 1.92059
902.568 -195.705 1.92858
881.664 -198.578 2.74582
881.619 -198.523 2.74696
881.574 -198.469 2.74809
881.53 -198.416 2.74919
881.486 -198.362 2.75027
881.442 -198.309 2.75133
881.399 -198.257 2.75238
881.356 -198.205 2.7534
881.313 -198.153 2.75441
881.271 -198.102 2.75539
881.229 -198.051 2.75636
881.187 -198.001 2.75731
881.145 -197.951 2.75824
881.104 -197.901 2.75916
881.063 -197.851 2.76006
881.023 -197.802 2.76094
880.982 -197.753 2.7618
880.942 -197.705 2.76265
880.902 -197.657 2.76348
880.863 -197.609 2.76429
880.823 -197.561 2.76509
880.784 -197.514 2.76588
880.745 -197.467 2.76665
880.706 -197.42 2.7674
880.668 -197.374 2.76814
880.629 -197.327 2.76886
880.591 -197.281 2.76957
880.553 -197.236 2.77027
880.516 -197.19 2.77095
880.478 -197.145 2.77161
880.441 -197.1 2.77227
889.755 -213.487 2.31881
889.755 -213.294 2.32148
889.755 -213.103 2.32408
889.755 -212.914 2.32663
889.762 -212.732 2.32881
889.811 -212.585 2.32902
889.86 -212.438 2.3292
890.09 -212.425 2.32124
889.018 -211.462 2.37138
888.938 -211.236 2.37702
888.86 -211.013 2.38252
888.784 -210.796 2.38788
888.709 -210.582 2.39312
888.635 -210.372 2.39822
888.563 -210.167 2.4032
888.492 -209.965 2.40807
888.423 -209.766 2.41282
888.392 -209.596 2.4158
888.429 -209.469 2.4158
918.141 -226.328 1.14379
918.388 -226.049 1.13733
890.277 -209.646 2.34551
890.277 -209.487 2.34701
890.544 -209.477 2.33708
877.628 -202.329 2.88846
877.429 -202.182 2.8973
877.248 -202.047 2.90534
877.082 -201.925 2.91268
877.006 -201.851 2.91618
877.028 -201.828 2.91551
877.051 -201.804 2.91483
877.074 -201.781 2.91413
877.097 -201.757 2.91343
877.12 -201.733 2.91272
877.143 -201.709 2.912
877.166 -201.685 2.91126
877.189 -201.661 2.91052
877.213 -201.637 2.90977
877.236 -201.612 2.909
877.26 -201.588 2.90823
877.284 -201.563 2.90744
877.308 -201.538 2.90665
877.332 -201.513 2.90584
877.356 -201.488 2.90502
877.38 -201.463 2.90419
877.405 -201.437 2.90335
877.429 -201.411 2.90249
923.448 -217.419 1.00307
923.471 -217.034 1.00378
923.467 -216.64 1.00556
923.393 -216.226 1.01008
918.251 -214.205 1.22312
917.729 -213.696 1.2458
886.296 -203.854 2.53894
886.188 -203.721 2.54369
886.082 -203.591 2.54832
885.978 -203.464 2.55284
885.876 -203.339 2.55725
885.776 -203.217 2.56156
885.678 -203.096 2.56577
885.582 -202.979 2.56987
885.487 -202.863 2.57389
885.394 -202.749 2.57781
885.303 -202.638 2.58164
885.214 -202.528 2.58538
885.126 -202.42 2.58904
885.039 -202.315 2.59262
884.954 -202.211 2.59613
884.871 -202.108 2.59955
884.789 -202.008 2.6029
884.708 -201.909 2.60618
884.628 -201.811 2.60938
884.55 -201.716 2.61252
884.473 -201.621 2.6156
884.397 -201.528 2.6186
884.322 -201.437 2.62155
884.248 -201.347 2.62443
884.175 -201.258 2.62726
884.104 -201.171 2.63003
884.033 -201.084 2.63274
883.964 -200.999 2.63539
883.895 -200.916 2.63799
883.827 -200.833 2.64055
883.761 -200.752 2.64304
883.695 -200.671 2.64549
883.63 -200.592 2.6479
883.566 -200.514 2.65025
883.502 -200.436 2.65256
883.44 -200.36 2.65482
883.378 -200.285 2.65704
883.317 -200.21 2.65922
883.257 -200.137 2.66135
883.197 -200.064 2.66345
883.138 -199.992 2.6655
883.122 -199.922 2.6658
883.112 -199.851 2.6658
883.101 -199.781 2.6658
911.677 -199.318 1.47685
911.217 -199.058 1.49423
910.768 -198.804 1.51114
910.326 -198.555 1.52777
909.896 -198.312 1.54386
906.008 -198.244 1.70461
905.88 -198.02 1.70822
905.985 -197.784 1.70201
908.247 -197.395 1.60515
907.851 -197.178 1.61976
904.527 -197.212 1.75766
904.343 -197.007 1.76352
903.617 -196.858 1.79219
903.4 -196.665 1.79943
901.534 -196.659 1.87647
901.443 -196.468 1.87842
901.422 -196.27 1.87731
901.878 -196.007 1.85587
901.776 -195.817 1.85815
881.647 -198.581 2.71609
881.602 -198.526 2.71736
881.557 -198.472 2.7186
881.513 -198.419 2.71982
881.469 -198.365 2.72102
881.426 -198.313 2.7222
881.383 -198.26 2.72335
881.34 -198.208 2.72448
881.297 -198.157 2.72559
881.255 -198.106 2.72668
881.213 -198.055 2.72775
881.171 -198.004 2.7288
881.13 -197.954 2.72983
881.089 -197.905 2.73084
881.048 -197.855 2.73183
881.008 -197.806 2.7328
880.967 -197.757 2.73376
880.927 -197.709 2.73469
880.888 -197.661 2.73561
880.848 -197.613 2.73651
880.809 -197.566 2.73739
880.77 -197.518 2.73826
880.731 -197.471 2.7391
880.692 -197.425 2.73993
880.654 -197.378 2.74075
880.615 -197.332 2.74155
880.577 -197.286 2.74233
880.54 -197.24 2.74309
880.502 -197.195 2.74384
880.465 -197.15 2.74457
880.427 -197.105 2.74529
880.39 -197.06 2.746
889.755 -213.295 2.24648
889.755 -213.104 2.24951
889.755 -212.915 2.25246
889.762 -212.733 2.25502
889.811 -212.585 2.25541
889.86 -212.438 2.25577
890.089 -212.425 2.24724
888.97 -211.428 2.30467
888.891 -211.203 2.31096
888.814 -210.982 2.31709
888.738 -210.765 2.32307
888.664 -210.552 2.3289
888.591 -210.343 2.3346
888.519 -210.138 2.34015
888.449 -209.937 2.34558
888.38 -209.74 2.35088
888.312 -209.546 2.35605
888.245 -209.355 2.36111
888.18 -209.168 2.36604
888.115 -208.983 2.37087
888.052 -208.802 2.37558
887.989 -208.624 2.38019
887.928 -208.449 2.38469
887.868 -208.277 2.38909
887.808 -208.107 2.3934
877.709 -202.415 2.86603
877.502 -202.261 2.87613
877.314 -202.12 2.8853
877.142 -201.992 2.89366
876.985 -201.875 2.90131
876.989 -201.843 2.90144
877.011 -201.819 2.90074
877.034 -201.796 2.90003
877.057 -201.773 2.8993
877.079 -201.749 2.89857
877.102 -201.725 2.89782
877.125 -201.701 2.89707
877.148 -201.677 2.8963
877.171 -201.653 2.89552
877.195 -201.629 2.89473
877.218 -201.605 2.89393
877.242 -201.58 2.89312
877.265 -201.556 2.8923
877.289 -201.531 2.89146
877.313 -201.506 2.89061
877.337 -201.481 2.88975
877.361 -201.456 2.88888
877.385 -201.43 2.88799
877.41 -201.405 2.88709
877.434 -201.379 2.88618
916.182 -214.551 1.14505
916.192 -214.219 1.14634
916.205 -213.889 1.1474
916.216 -213.56 1.14847
916.225 -213.232 1.14955
886.256 -203.842 2.49233
886.148 -203.71 2.49754
886.043 -203.581 2.50263
885.94 -203.454 2.50759
885.838 -203.329 2.51243
885.739 -203.207 2.51715
885.642 -203.088 2.52177
885.546 -202.97 2.52628
885.452 -202.855 2.53068
885.36 -202.741 2.53498
885.269 -202.63 2.53919
885.18 -202.521 2.5433
885.093 -202.414 2.54731
885.007 -202.308 2.55124
884.923 -202.205 2.55508
884.839 -202.103 2.55884
884.758 -202.002 2.56252
884.677 -201.904 2.56612
884.598 -201.807 2.56963
884.52 -201.711 2.57308
884.443 -201.617 2.57645
884.368 -201.524 2.57975
884.294 -201.433 2.58298
884.22 -201.343 2.58615
884.148 -201.255 2.58925
884.077 -201.168 2.59229
884.007 -201.082 2.59526
883.937 -200.997 2.59818
883.869 -200.913 2.60103
883.802 -200.831 2.60383
883.735 -200.75 2.60657
883.67 -200.669 2.60926
883.605 -200.59 2.6119
883.541 -200.512 2.61448
883.478 -200.435 2.61701
883.416 -200.359 2.6195
883.355 -200.284 2.62193
883.294 -200.21 2.62432
883.234 -200.136 2.62666
883.174 -200.064 2.62896
883.116 -199.992 2.63121
883.058 -199.921 2.63342
883.001 -199.852 2.63559
882.944 -199.782 2.63772
882.888 -199.714 2.6398
882.833 -199.646 2.64185
882.778 -199.58 2.64386
882.724 -199.513 2.64583
882.67 -199.448 2.64777
882.617 -199.383 2.64967
882.57 -199.319 2.65125
882.646 -199.247 2.64727
901.765 -197.847 1.7767
901.746 -197.647 1.77586
901.658 -197.453 1.77809
900.601 -197.347 1.82455
901.515 -197.064 1.78096
901.546 -196.86 1.77761
901.46 -196.668 1.77961
901.356 -196.479 1.78237
901.42 -196.27 1.7774
901.537 -196.053 1.76987
900.283 -196.027 1.82561
881.629 -198.583 2.68648
881.585 -198.529 2.68787
881.54 -198.475 2.68923
881.496 -198.421 2.69056
881.453 -198.368 2.69188
881.409 -198.316 2.69316
881.366 -198.263 2.69442
881.324 -198.212 2.69566
881.281 -198.16 2.69688
881.239 -198.109 2.69807
881.197 -198.058 2.69924
881.156 -198.008 2.70039
881.115 -197.958 2.70152
881.074 -197.908 2.70262
881.033 -197.859 2.70371
880.993 -197.81 2.70477
880.952 -197.761 2.70581
880.913 -197.713 2.70684
880.873 -197.665 2.70784
880.834 -197.617 2.70882
880.794 -197.57 2.70979
880.755 -197.523 2.71073
880.717 -197.476 2.71166
880.678 -197.429 2.71256
880.64 -197.383 2.71345
880.602 -197.337 2.71432
880.564 -197.291 2.71517
880.526 -197.245 2.71601
880.489 -197.2 2.71683
880.451 -197.155 2.71763
880.414 -197.11 2.71841
880.377 -197.065 2.71918
880.34 -197.021 2.71993
889.755 -213.105 2.17491
889.755 -212.916 2.17827
889.762 -212.734 2.18122
889.811 -212.586 2.18179
889.86 -212.439 2.18231
890.088 -212.425 2.17323
888.922 -211.395 2.23834
888.844 -211.17 2.24526
888.768 -210.95 2.25202
888.693 -210.734 2.25861
888.619 -210.522 2.26504
888.547 -210.314 2.27131
888.476 -210.11 2.27744
888.406 -209.91 2.28342
888.337 -209.713 2.28926
888.27 -209.52 2.29496
888.204 -209.33 2.30054
888.139 -209.143 2.30598
888.075 -208.96 2.3113
888.012 -208.779 2.3165
887.95 -208.602 2.32158
887.889 -208.427 2.32655
887.829 -208.255 2.33141
877.794 -202.505 2.84259
877.578 -202.343 2.85406
877.382 -202.196 2.86445
877.204 -202.062 2.87391
877.041 -201.94 2.88255
876.952 -201.858 2.88745
876.972 -201.834 2.88682
876.995 -201.811 2.88609
877.017 -201.788 2.88535
877.04 -201.764 2.88459
877.062 -201.741 2.88383
877.085 -201.717 2.88305
877.108 -201.694 2.88226
877.131 -201.67 2.88146
877.154 -201.646 2.88065
877.177 -201.622 2.87983
877.2 -201.597 2.87899
877.224 -201.573 2.87814
877.247 -201.548 2.87728
877.271 -201.524 2.8764
877.294 -201.499 2.87551
877.318 -201.474 2.87461
877.342 -201.449 2.8737
877.366 -201.423 2.87277
877.391 -201.398 2.87183
877.415 -201.372 2.87087
914.929 -214.125 1.0466
914.942 -213.804 1.04798
914.96 -213.485 1.04911
914.991 -213.172 1.04945
886.325 -203.965 2.44019
886.216 -203.831 2.446
886.109 -203.699 2.45166
886.004 -203.57 2.45719
885.902 -203.444 2.46259
885.801 -203.32 2.46785
885.702 -203.198 2.47299
885.606 -203.079 2.47801
885.511 -202.962 2.48292
885.417 -202.847 2.4877
885.326 -202.734 2.49238
885.236 -202.623 2.49696
885.147 -202.514 2.50143
885.06 -202.407 2.5058
884.975 -202.302 2.51007
884.891 -202.199 2.51425
884.808 -202.097 2.51834
884.727 -201.997 2.52234
884.647 -201.899 2.52625
884.568 -201.802 2.53008
884.491 -201.707 2.53383
884.415 -201.613 2.53749
884.339 -201.52 2.54109
884.265 -201.43 2.5446
884.192 -201.34 2.54805
884.121 -201.252 2.55142
884.05 -201.165 2.55472
883.98 -201.079 2.55796
883.911 -200.994 2.56113
883.843 -200.911 2.56423
883.776 -200.829 2.56728
883.71 -200.748 2.57026
883.645 -200.668 2.57319
883.58 -200.589 2.57605
883.517 -200.511 2.57886
883.454 -200.434 2.58162
883.392 -200.358 2.58432
883.331 -200.283 2.58697
883.271 -200.209 2.58957
883.211 -200.136 2.59212
883.152 -200.064 2.59461
883.094 -199.992 2.59706
883.036 -199.922 2.59947
882.979 -199.852 2.60183
882.922 -199.783 2.60414
882.867 -199.715 2.60641
882.811 -199.647 2.60864
882.757 -199.58 2.61082
882.703 -199.514 2.61297
882.65 -199.449 2.61507
882.597 -199.384 2.61714
882.544 -199.32 2.61916
882.571 -199.252 2.61732
882.646 -199.18 2.61303
901.089 -197.698 1.7074
900.575 -197.544 1.73088
900.548 -197.353 1.7304
900.56 -197.158 1.72795
901.157 -196.901 1.69657
901.283 -196.688 1.68836
901.335 -196.482 1.68366
900.998 -196.324 1.69824
900.191 -196.233 1.73612
900.022 -196.064 1.74237
881.612 -198.586 2.65697
881.568 -198.532 2.65848
881.524 -198.478 2.65996
881.48 -198.424 2.66141
881.436 -198.371 2.66283
881.393 -198.319 2.66423
881.35 -198.267 2.6656
881.308 -198.215 2.66695
881.265 -198.164 2.66827
881.223 -198.113 2.66957
881.182 -198.062 2.67084
881.14 -198.012 2.67208
881.099 -197.962 2.67331
881.059 -197.912 2.67451
881.018 -197.863 2.67568
880.978 -197.814 2.67683
880.938 -197.765 2.67797
880.898 -197.717 2.67908
880.858 -197.669 2.68016
880.819 -197.622 2.68123
880.78 -197.574 2.68227
880.741 -197.527 2.6833
880.702 -197.48 2.6843
880.664 -197.434 2.68528
880.626 -197.387 2.68625
880.588 -197.341 2.68719
880.55 -197.296 2.68811
880.512 -197.25 2.68902
880.475 -197.205 2.6899
880.438 -197.16 2.69077
880.401 -197.115 2.69162
880.364 -197.07 2.69245
880.327 -197.026 2.69326
880.291 -196.982 2.69405
889.755 -212.917 2.10405
889.761 -212.735 2.10739
889.811 -212.587 2.10813
889.969 -212.521 2.10252
890.242 -212.54 2.0902
888.875 -211.361 2.17237
888.798 -211.138 2.17993
888.722 -210.918 2.1873
888.647 -210.703 2.19449
888.574 -210.492 2.20151
888.503 -210.285 2.20836
888.432 -210.082 2.21505
888.363 -209.883 2.22158
888.295 -209.687 2.22796
888.228 -209.494 2.23419
888.163 -209.305 2.24027
888.098 -209.119 2.24622
888.035 -208.936 2.25203
887.972 -208.756 2.25771
887.911 -208.58 2.26327
887.851 -208.406 2.26869
887.791 -208.234 2.274
877.657 -202.429 2.83104
877.454 -202.275 2.84274
877.269 -202.135 2.85338
877.1 -202.007 2.86308
876.946 -201.89 2.87196
876.951 -201.858 2.87216
876.971 -201.834 2.8715
876.991 -201.81 2.87084
877.012 -201.786 2.87017
877.033 -201.761 2.86948
877.053 -201.737 2.86878
877.074 -201.712 2.86807
877.095 -201.688 2.86735
877.116 -201.663 2.86662
877.137 -201.638 2.86587
877.159 -201.614 2.86504
877.182 -201.59 2.86417
877.205 -201.566 2.86328
877.229 -201.541 2.86238
877.252 -201.516 2.86147
877.276 -201.492 2.86054
877.3 -201.467 2.8596
877.323 -201.442 2.85865
877.347 -201.417 2.85768
877.371 -201.391 2.85669
877.396 -201.366 2.85569
877.42 -201.34 2.85468
913.904 -213.46 0.947746
913.965 -213.163 0.946792
914.026 -212.867 0.945762
886.284 -203.953 2.39366
886.176 -203.819 2.39993
886.07 -203.688 2.40604
885.966 -203.559 2.41201
885.864 -203.433 2.41783
885.764 -203.31 2.42352
885.666 -203.189 2.42907
885.57 -203.07 2.43449
885.475 -202.953 2.43978
885.383 -202.839 2.44495
885.292 -202.726 2.45001
885.202 -202.616 2.45495
885.114 -202.507 2.45977
885.028 -202.401 2.46449
884.943 -202.296 2.46911
884.859 -202.193 2.47362
884.777 -202.091 2.47803
884.696 -201.992 2.48235
884.617 -201.894 2.48658
884.539 -201.797 2.49071
884.462 -201.702 2.49476
884.386 -201.609 2.49872
884.311 -201.517 2.5026
884.237 -201.426 2.5064
884.165 -201.337 2.51012
884.093 -201.249 2.51376
884.023 -201.162 2.51733
883.953 -201.076 2.52082
883.885 -200.992 2.52425
883.817 -200.909 2.5276
883.751 -200.827 2.53089
883.685 -200.746 2.53411
883.62 -200.666 2.53727
883.556 -200.587 2.54037
883.493 -200.51 2.5434
883.43 -200.433 2.54638
883.369 -200.357 2.54929
883.308 -200.282 2.55215
883.248 -200.208 2.55496
883.188 -200.135 2.55771
883.129 -200.063 2.56041
883.071 -199.992 2.56306
883.014 -199.922 2.56565
882.957 -199.852 2.5682
882.901 -199.783 2.5707
882.845 -199.715 2.57315
882.79 -199.648 2.57555
882.736 -199.581 2.57791
882.682 -199.515 2.58023
882.629 -199.45 2.5825
882.576 -199.386 2.58473
882.524 -199.322 2.58692
882.516 -199.256 2.5868
882.602 -199.183 2.58169
900.718 -197.727 1.62847
900.542 -197.547 1.63591
900.526 -197.355 1.6349
900.525 -197.162 1.63306
900.69 -196.95 1.62233
900.666 -196.758 1.62155
900.539 -196.577 1.62619
899.982 -196.453 1.65361
899.884 -196.274 1.65661
897.609 -196.403 1.77554
881.595 -198.589 2.62758
881.551 -198.534 2.6292
881.507 -198.481 2.6308
881.463 -198.427 2.63236
881.42 -198.374 2.6339
881.377 -198.322 2.63541
881.334 -198.27 2.63688
881.292 -198.218 2.63834
881.25 -198.167 2.63976
881.208 -198.116 2.64116
881.166 -198.065 2.64253
881.125 -198.015 2.64387
881.084 -197.965 2.64519
881.043 -197.916 2.64648
881.003 -197.867 2.64775
880.963 -197.818 2.64899
880.923 -197.769 2.65021
880.883 -197.721 2.65141
880.844 -197.673 2.65258
880.805 -197.626 2.65373
880.766 -197.578 2.65485
880.727 -197.531 2.65596
880.688 -197.485 2.65704
880.65 -197.438 2.65809
880.612 -197.392 2.65913
880.574 -197.346 2.66014
880.536 -197.3 2.66114
880.499 -197.255 2.66211
880.462 -197.21 2.66306
880.424 -197.165 2.66399
880.387 -197.12 2.6649
880.351 -197.075 2.66579
880.314 -197.031 2.66667
880.278 -196.987 2.66752
880.241 -196.943 2.66835
889.761 -212.735 2.03351
889.864 -212.629 2.03106
890.136 -212.648 2.01803
888.906 -211.555 2.09837
888.828 -211.328 2.10676
888.751 -211.105 2.11494
888.676 -210.887 2.12292
888.602 -210.673 2.13071
888.53 -210.463 2.13831
888.459 -210.257 2.14573
888.389 -210.054 2.15297
888.32 -209.855 2.16005
888.253 -209.66 2.16696
888.187 -209.468 2.17371
888.122 -209.28 2.1803
888.058 -209.095 2.18674
887.995 -208.913 2.19304
887.933 -208.734 2.1992
887.872 -208.557 2.20521
887.812 -208.384 2.2111
877.739 -202.518 2.80699
877.528 -202.357 2.82012
877.336 -202.21 2.83202
877.161 -202.077 2.84286
877.001 -201.955 2.85277
876.929 -201.881 2.85753
876.949 -201.857 2.85686
876.97 -201.833 2.85619
876.99 -201.809 2.8555
877.011 -201.785 2.8548
877.031 -201.761 2.85408
877.052 -201.736 2.85336
877.072 -201.712 2.85262
877.093 -201.687 2.85187
877.114 -201.663 2.8511
877.135 -201.638 2.85033
877.156 -201.613 2.84954
877.177 -201.588 2.84873
877.199 -201.563 2.84792
877.22 -201.538 2.84709
877.241 -201.512 2.84624
877.263 -201.487 2.84538
877.285 -201.461 2.84451
877.306 -201.436 2.84362
877.329 -201.41 2.84271
877.352 -201.385 2.84168
877.376 -201.359 2.84064
877.401 -201.334 2.83958
912.929 -213.136 0.851533
912.892 -212.815 0.856133
912.807 -212.481 0.86328
886.244 -203.941 2.34738
886.136 -203.807 2.3541
886.031 -203.677 2.36067
885.928 -203.549 2.36707
885.827 -203.423 2.37332
885.727 -203.3 2.37941
885.63 -203.179 2.38537
885.534 -203.061 2.39119
885.44 -202.945 2.39686
885.348 -202.831 2.40241
885.258 -202.719 2.40784
885.169 -202.608 2.41314
885.081 -202.5 2.41832
884.996 -202.394 2.42338
884.911 -202.29 2.42833
884.828 -202.187 2.43318
884.746 -202.086 2.43791
884.666 -201.986 2.44255
884.587 -201.889 2.44709
884.509 -201.792 2.45152
884.433 -201.698 2.45587
884.357 -201.604 2.46012
884.283 -201.513 2.46428
884.209 -201.422 2.46836
884.137 -201.333 2.47235
884.066 -201.245 2.47626
883.996 -201.159 2.48009
883.927 -201.074 2.48384
883.859 -200.989 2.48752
883.792 -200.907 2.49112
883.725 -200.825 2.49465
883.66 -200.744 2.49811
883.595 -200.664 2.5015
883.532 -200.586 2.50482
883.469 -200.508 2.50808
883.406 -200.432 2.51127
883.345 -200.356 2.5144
883.284 -200.282 2.51748
883.225 -200.208 2.52049
883.165 -200.135 2.52344
883.107 -200.063 2.52634
883.049 -199.992 2.52918
882.992 -199.922 2.53196
882.935 -199.852 2.5347
882.879 -199.783 2.53738
882.824 -199.716 2.54001
882.769 -199.648 2.54259
882.715 -199.582 2.54512
882.662 -199.516 2.54761
882.609 -199.451 2.55004
882.556 -199.387 2.55244
882.504 -199.323 2.55478
882.516 -199.256 2.55359
882.602 -199.184 2.54815
900.277 -197.761 1.55601
900.226 -197.574 1.55703
900.189 -197.386 1.55723
900.184 -197.195 1.55553
900.142 -197.008 1.55589
898.959 -196.949 1.6206
898.636 -196.804 1.63679
897.987 -196.705 1.67146
897.143 -196.64 1.7172
881.623 -198.646 2.5965
881.579 -198.591 2.59827
881.534 -198.537 2.60002
881.49 -198.483 2.60173
881.447 -198.43 2.60341
881.404 -198.377 2.60506
881.361 -198.325 2.60667
881.318 -198.273 2.60826
881.276 -198.221 2.60981
881.234 -198.17 2.61134
881.192 -198.119 2.61284
881.151 -198.069 2.61431
881.11 -198.019 2.61575
881.069 -197.969 2.61716
881.028 -197.92 2.61855
880.988 -197.871 2.61991
880.948 -197.822 2.62124
880.908 -197.773 2.62254
880.869 -197.725 2.62382
880.829 -197.677 2.62508
880.79 -197.63 2.62631
880.751 -197.583 2.62752
880.713 -197.536 2.6287
880.674 -197.489 2.62985
880.636 -197.443 2.63099
880.598 -197.397 2.6321
880.56 -197.351 2.63318
880.523 -197.305 2.63425
880.485 -197.26 2.63529
880.448 -197.214 2.63631
880.411 -197.17 2.63731
880.374 -197.125 2.63828
880.337 -197.08 2.63924
880.301 -197.036 2.64017
880.265 -196.992 2.64108
880.228 -196.948 2.64197
880.192 -196.904 2.64284
890.031 -212.756 1.94593
890.308 -212.777 1.93184
888.878 -211.535 2.03121
888.781 -211.295 2.04152
888.705 -211.073 2.05032
888.631 -210.856 2.05891
888.558 -210.643 2.06729
888.486 -210.433 2.07546
888.415 -210.228 2.08345
888.346 -210.026 2.09124
888.278 -209.828 2.09885
888.211 -209.634 2.10628
888.146 -209.443 2.11355
888.081 -209.255 2.12064
888.018 -209.071 2.12758
887.955 -208.889 2.13436
887.894 -208.711 2.14098
887.833 -208.535 2.14746
877.825 -202.612 2.78186
877.605 -202.442 2.79653
877.406 -202.289 2.8098
877.225 -202.149 2.82186
877.059 -202.022 2.83287
876.907 -201.905 2.84295
876.928 -201.881 2.84227
876.948 -201.857 2.84158
876.968 -201.833 2.84088
876.989 -201.809 2.84016
877.009 -201.784 2.83944
877.03 -201.76 2.8387
877.05 -201.736 2.83794
877.071 -201.711 2.83717
877.092 -201.687 2.83639
877.113 -201.662 2.8356
877.134 -201.637 2.83479
877.155 -201.612 2.83397
877.176 -201.587 2.83313
877.197 -201.562 2.83228
877.218 -201.537 2.83141
877.24 -201.512 2.83053
877.261 -201.486 2.82964
877.283 -201.461 2.82873
877.305 -201.435 2.8278
877.327 -201.409 2.82686
877.349 -201.383 2.8259
877.371 -201.357 2.82493
877.393 -201.331 2.82394
877.415 -201.305 2.82294
910.945 -212.183 0.825395
910.861 -211.864 0.833011
886.204 -203.929 2.30138
886.097 -203.796 2.30855
885.992 -203.666 2.31555
885.89 -203.538 2.32239
885.789 -203.413 2.32905
885.691 -203.291 2.33556
885.594 -203.17 2.34192
885.499 -203.052 2.34812
885.406 -202.936 2.35418
885.314 -202.823 2.36011
885.224 -202.711 2.3659
885.136 -202.601 2.37155
885.049 -202.493 2.37708
884.963 -202.388 2.38249
884.879 -202.283 2.38777
884.797 -202.181 2.39295
884.716 -202.08 2.398
884.636 -201.981 2.40295
884.557 -201.884 2.40779
884.48 -201.788 2.41253
884.404 -201.693 2.41717
884.329 -201.6 2.42171
884.255 -201.509 2.42615
884.182 -201.419 2.43051
884.11 -201.33 2.43477
884.039 -201.242 2.43894
883.97 -201.156 2.44303
883.901 -201.071 2.44704
883.833 -200.987 2.45096
883.766 -200.904 2.45481
883.7 -200.823 2.45858
883.635 -200.742 2.46227
883.571 -200.663 2.46589
883.507 -200.584 2.46944
883.445 -200.507 2.47292
883.383 -200.431 2.47633
883.322 -200.355 2.47967
883.261 -200.281 2.48295
883.202 -200.207 2.48616
883.143 -200.135 2.48932
883.084 -200.063 2.49241
883.027 -199.992 2.49544
882.97 -199.922 2.49842
882.914 -199.852 2.50134
882.858 -199.784 2.5042
882.803 -199.716 2.50701
882.749 -199.649 2.50977
882.695 -199.583 2.51247
882.641 -199.517 2.51512
882.589 -199.452 2.51772
882.536 -199.388 2.52028
882.485 -199.324 2.52278
882.515 -199.256 2.52037
882.602 -199.184 2.51462
899.636 -197.811 1.49857
899.154 -197.664 1.52546
898.188 -197.568 1.5813
898.011 -197.408 1.59002
897.877 -197.246 1.59617
897.746 -197.085 1.60203
896.723 -197.032 1.66146
896.462 -196.897 1.67514
896.327 -196.749 1.68124
881.619 -198.647 2.56644
881.562 -198.594 2.56908
881.518 -198.54 2.57095
881.474 -198.486 2.57277
881.43 -198.433 2.57456
881.387 -198.38 2.57632
881.345 -198.328 2.57805
881.302 -198.276 2.57974
881.26 -198.225 2.5814
881.218 -198.174 2.58303
881.177 -198.123 2.58462
881.135 -198.072 2.58619
881.094 -198.022 2.58773
881.054 -197.973 2.58924
881.013 -197.923 2.59071
880.973 -197.874 2.59216
880.933 -197.826 2.59358
880.894 -197.777 2.59498
880.854 -197.729 2.59634
880.815 -197.682 2.59768
880.776 -197.634 2.59899
880.737 -197.587 2.60028
880.699 -197.54 2.60154
880.66 -197.493 2.60277
880.622 -197.447 2.60398
880.584 -197.401 2.60516
880.547 -197.355 2.60632
880.509 -197.31 2.60745
880.472 -197.264 2.60856
880.435 -197.219 2.60965
880.398 -197.174 2.61071
880.361 -197.13 2.61175
880.324 -197.085 2.61276
880.288 -197.041 2.61375
880.252 -196.997 2.61472
880.216 -196.953 2.61567
880.18 -196.91 2.6166
880.144 -196.866 2.6175
890.157 -212.666 1.867
888.88 -211.537 1.96216
888.735 -211.262 1.97665
888.659 -211.041 1.98606
888.585 -210.825 1.99524
888.513 -210.612 2.0042
888.442 -210.404 2.01295
888.372 -210.2 2.02148
888.303 -209.999 2.02982
888.236 -209.802 2.03797
888.17 -209.608 2.04592
888.105 -209.418 2.05369
888.04 -209.231 2.06128
887.977 -209.047 2.06871
887.916 -208.866 2.07596
887.855 -208.688 2.08305
887.795 -208.513 2.08998
877.686 -202.531 2.7719
877.479 -202.37 2.78665
877.29 -202.224 2.80002
877.129 -202.097 2.81153
877.007 -201.994 2.82033
876.906 -201.904 2.82772
876.926 -201.88 2.82702
876.946 -201.856 2.8263
876.967 -201.832 2.82558
876.987 -201.808 2.82484
877.008 -201.784 2.82408
877.028 -201.76 2.82331
877.049 -201.735 2.82253
877.07 -201.711 2.82173
877.09 -201.686 2.82092
877.111 -201.662 2.8201
877.132 -201.637 2.81926
877.153 -201.612 2.8184
877.174 -201.587 2.81753
877.196 -201.562 2.81665
877.217 -201.537 2.81575
877.238 -201.511 2.81483
877.26 -201.486 2.8139
877.281 -201.46 2.81295
877.303 -201.435 2.81198
877.325 -201.409 2.811
877.347 -201.383 2.81
877.369 -201.357 2.80899
877.391 -201.331 2.80796
877.414 -201.304 2.80691
904.379 -210.047 1.10117
904.292 -209.778 1.10912
886.164 -203.917 2.25563
886.058 -203.785 2.26325
885.954 -203.655 2.27069
885.852 -203.528 2.27795
885.752 -203.403 2.28503
885.654 -203.281 2.29194
885.558 -203.161 2.29869
885.464 -203.044 2.30529
885.371 -202.928 2.31173
885.28 -202.815 2.31802
885.19 -202.703 2.32417
885.103 -202.594 2.33018
885.016 -202.487 2.33605
884.931 -202.381 2.3418
884.848 -202.277 2.34741
884.766 -202.175 2.35291
884.685 -202.075 2.35828
884.606 -201.976 2.36354
884.528 -201.879 2.36869
884.451 -201.783 2.37372
884.375 -201.689 2.37865
884.3 -201.596 2.38348
884.227 -201.505 2.3882
884.154 -201.415 2.39282
884.083 -201.326 2.39735
884.012 -201.239 2.40179
883.943 -201.153 2.40614
883.875 -201.068 2.41039
883.807 -200.985 2.41457
883.741 -200.902 2.41865
883.675 -200.821 2.42266
883.61 -200.74 2.42658
883.546 -200.661 2.43043
883.483 -200.583 2.4342
883.421 -200.506 2.4379
883.359 -200.43 2.44153
883.298 -200.354 2.44508
883.238 -200.28 2.44856
883.179 -200.207 2.45198
883.12 -200.134 2.45533
883.062 -200.063 2.45862
883.005 -199.992 2.46184
882.948 -199.922 2.46501
882.892 -199.853 2.46811
882.837 -199.784 2.47115
882.782 -199.716 2.47414
882.728 -199.65 2.47707
882.674 -199.583 2.47994
882.621 -199.518 2.48276
882.568 -199.453 2.48553
882.516 -199.389 2.48824
882.465 -199.326 2.49091
882.515 -199.256 2.48714
882.601 -199.184 2.48107
897.626 -197.965 1.53201
897.388 -197.813 1.54531
897.152 -197.663 1.55842
896.852 -197.522 1.57554
896.583 -197.382 1.59071
895.527 -197.334 1.65585
894.572 -197.289 1.71471
894.479 -197.148 1.71875
894.455 -196.999 1.71833
881.619 -198.647 2.5361
881.545 -198.596 2.54
881.501 -198.543 2.54198
881.457 -198.489 2.54392
881.414 -198.436 2.54582
881.371 -198.383 2.54769
881.329 -198.331 2.54952
881.286 -198.279 2.55132
881.244 -198.228 2.55308
881.202 -198.177 2.55481
881.161 -198.126 2.55651
881.12 -198.076 2.55817
881.079 -198.026 2.5598
881.039 -197.976 2.5614
880.998 -197.927 2.56297
880.958 -197.878 2.56451
880.918 -197.83 2.56602
880.879 -197.781 2.5675
880.84 -197.733 2.56895
880.8 -197.686 2.57037
880.762 -197.638 2.57176
880.723 -197.591 2.57313
880.685 -197.544 2.57446
880.646 -197.498 2.57577
880.608 -197.452 2.57705
880.571 -197.406 2.57831
880.533 -197.36 2.57954
880.496 -197.314 2.58074
880.459 -197.269 2.58192
880.421 -197.224 2.58307
880.385 -197.179 2.58419
880.348 -197.135 2.58529
880.311 -197.09 2.58637
880.275 -197.046 2.58742
880.239 -197.002 2.58845
880.203 -196.959 2.58946
880.167 -196.915 2.59044
880.131 -196.872 2.5914
880.096 -196.829 2.59233
888.882 -211.539 1.89306
888.702 -211.239 1.91111
888.62 -211.014 1.92167
888.541 -210.794 1.93191
888.469 -210.582 1.94145
888.398 -210.375 1.95075
888.329 -210.171 1.95984
888.261 -209.971 1.96872
888.194 -209.775 1.97739
888.128 -209.582 1.98586
888.064 -209.393 1.99413
888 -209.206 2.00222
887.938 -209.023 2.01012
887.876 -208.843 2.01784
887.816 -208.666 2.0254
887.756 -208.492 2.03278
877.554 -202.455 2.7625
877.394 -202.322 2.77478
877.254 -202.204 2.78555
877.124 -202.094 2.79556
877.002 -201.991 2.80488
876.904 -201.904 2.81249
876.925 -201.88 2.81177
876.945 -201.856 2.81103
876.965 -201.832 2.81028
876.986 -201.808 2.80951
877.006 -201.783 2.80873
877.027 -201.759 2.80794
877.047 -201.735 2.80713
877.068 -201.71 2.8063
877.089 -201.686 2.80546
877.11 -201.661 2.8046
877.131 -201.636 2.80373
877.152 -201.611 2.80284
877.173 -201.587 2.80194
877.194 -201.561 2.80102
877.215 -201.536 2.80008
877.237 -201.511 2.79913
877.258 -201.486 2.79816
877.28 -201.46 2.79717
877.302 -201.434 2.79617
877.323 -201.409 2.79515
877.345 -201.383 2.79411
877.367 -201.357 2.79305
877.39 -201.33 2.79198
877.412 -201.304 2.79089
877.434 -201.277 2.78977
903.349 -209.48 1.05726
886.124 -203.905 2.21015
886.019 -203.773 2.21821
885.916 -203.644 2.22607
885.815 -203.518 2.23375
885.715 -203.393 2.24124
885.618 -203.272 2.24855
885.522 -203.152 2.2557
885.429 -203.035 2.26267
885.336 -202.92 2.26949
885.246 -202.807 2.27614
885.157 -202.696 2.28265
885.07 -202.587 2.28901
884.984 -202.48 2.29523
884.9 -202.375 2.30131
884.817 -202.271 2.30725
884.735 -202.169 2.31306
884.655 -202.069 2.31875
884.576 -201.971 2.32432
884.498 -201.874 2.32976
884.421 -201.778 2.33509
884.346 -201.685 2.34031
884.272 -201.592 2.34542
884.199 -201.501 2.35042
884.127 -201.411 2.35531
884.056 -201.323 2.36011
883.986 -201.236 2.3648
883.917 -201.15 2.3694
883.849 -201.066 2.37391
883.781 -200.982 2.37833
883.715 -200.9 2.38265
883.65 -200.819 2.38689
883.585 -200.739 2.39105
883.522 -200.66 2.39512
883.459 -200.582 2.39912
883.397 -200.505 2.40303
883.336 -200.429 2.40687
883.275 -200.353 2.41063
883.215 -200.279 2.41432
883.156 -200.206 2.41794
883.098 -200.134 2.42149
883.04 -200.062 2.42497
882.983 -199.992 2.42838
882.927 -199.922 2.43173
882.871 -199.853 2.43501
882.816 -199.784 2.43823
882.761 -199.717 2.44139
882.707 -199.65 2.4445
882.654 -199.584 2.44754
882.601 -199.519 2.45052
882.548 -199.454 2.45345
882.496 -199.39 2.45633
882.445 -199.327 2.45915
882.515 -199.257 2.4539
882.601 -199.184 2.44751
882.689 -199.11 2.44097
896.589 -197.88 1.51294
896.003 -197.767 1.5503
894.824 -197.721 1.62731
894.418 -197.61 1.65272
894.212 -197.482 1.66473
894.119 -197.343 1.66913
894.013 -197.207 1.67435
893.864 -197.078 1.68238
881.619 -198.647 2.50574
881.539 -198.597 2.51031
881.484 -198.545 2.51311
881.441 -198.492 2.51516
881.398 -198.439 2.51718
881.355 -198.386 2.51915
881.312 -198.334 2.52109
881.27 -198.282 2.52299
881.228 -198.231 2.52486
881.187 -198.18 2.52669
881.146 -198.13 2.52849
881.105 -198.079 2.53025
881.064 -198.03 2.53197
881.024 -197.98 2.53367
880.983 -197.931 2.53533
880.943 -197.882 2.53695
880.904 -197.833 2.53855
880.864 -197.785 2.54011
880.825 -197.737 2.54165
880.786 -197.69 2.54315
880.747 -197.642 2.54462
880.709 -197.595 2.54606
880.671 -197.549 2.54748
880.633 -197.502 2.54886
880.595 -197.456 2.55022
880.557 -197.41 2.55154
880.52 -197.364 2.55284
880.482 -197.319 2.55411
880.445 -197.274 2.55536
880.408 -197.229 2.55657
880.371 -197.184 2.55776
880.335 -197.14 2.55893
880.298 -197.095 2.56006
880.262 -197.051 2.56118
880.226 -197.007 2.56226
880.19 -196.964 2.56332
880.154 -196.92 2.56436
880.119 -196.877 2.56537
880.083 -196.834 2.56636
880.048 -196.791 2.56732
 ] }
 color Color { color [
0.104437 0 0.895563
0.104821 0 0.895179
0.105213 0 0.894787
0.105613 0 0.894387
0.106022 0 0.893978
0.522571 0 0.477429
0.523669 0 0.476331
0.198393 0 0.801607
0.200011 0 0.799989
0.509948 0 0.490052
0.0462364 0 0.953764
0.527094 0 0.472906
0.332519 0 0.667481
0.331976 0 0.668024
0.333131 0 0.666869
0.329544 0 0.670456
0.328508 0 0.671492
0.329837 0 0.670163
0.466662 0 0.533338
0.44867 0 0.55133
0.104802 0 0.895198
0.105194 0 0.894806
0.105594 0 0.894406
0.106002 0 0.893998
0.522551 0 0.477449
0.52362 0 0.47638
0.198388 0 0.801612
0.199987 0 0.800013
0.0555767 0 0.944423
0.510054 0 0.489946
0.0462275 0 0.953772
0.527061 0 0.472939
0.332514 0 0.667486
0.331964 0 0.668036
0.33311 0 0.66689
0.329543 0 0.670457
0.328498 0 0.671502
0.329815 0 0.670185
0.466633 0 0.533367
0.468377 0 0.531623
0.448714 0 0.551286
0.104911 0 0.895089
0.105385 0 0.894615
0.105984 0 0.894016
0.522539 0 0.477461
0.523581 0 0.476419
0.198459 0 0.801541
0.20009 0 0.79991
0.0555846 0 0.944415
0.51019 0 0.48981
0.0462192 0 0.953781
0.527037 0 0.472963
0.332512 0 0.667488
0.331957 0 0.668043
0.333094 0 0.666906
0.329545 0 0.670455
0.328491 0 0.671509
0.329798 0 0.670202
0.466616 0 0.533384
0.467978 0 0.532022
0.448765 0 0.551235
0.104913 0 0.895087
0.105968 0 0.894032
0.522532 0 0.477468
0.523547 0 0.476453
0.198459 0 0.801541
0.200072 0 0.799928
0.2129 0 0.7871
0.211756 0 0.788244
0.0555957 0 0.944404
0.510365 0 0.489635
0.511719 0 0.488281
0.0462115 0 0.953789
0.527022 0 0.472978
0.332514 0 0.667486
0.331953 0 0.668047
0.333083 0 0.666917
0.329553 0 0.670447
0.328489 0 0.671511
0.329784 0 0.670216
0.466611 0 0.533389
0.467687 0 0.532313
0.448821 0 0.551179
0.105952 0 0.894048
0.522532 0 0.477468
0.523521 0 0.476479
0.198461 0 0.801539
0.200056 0 0.799944
0.212935 0 0.787065
0.510585 0 0.489415
0.511125 0 0.488875
0.0462043 0 0.953796
0.527016 0 0.472984
0.332521 0 0.667479
0.331953 0 0.668047
0.333075 0 0.666925
0.329563 0 0.670437
0.32849 0 0.67151
0.329776 0 0.670224
0.46662 0 0.53338
0.467451 0 0.532549
0.448881 0 0.551119
0.350935 0 0.649065
0.287875 0 0.712125
0.522538 0 0.477462
0.523502 0 0.476498
0.198944 0 0.801056
0.199783 0 0.800217
0.21219 0 0.78781
0.51087 0 0.48913
0.51084 0 0.48916
0.527021 0 0.472979
0.332531 0 0.667469
0.331957 0 0.668043
0.333071 0 0.666929
0.329577 0 0.670423
0.328496 0 0.671504
0.329772 0 0.670228
0.46664 0 0.53336
0.467252 0 0.532748
0.448947 0 0.551053
0.352471 0 0.647529
0.349488 0 0.650512
0.314986 0 0.685014
0.313228 0 0.686772
0.522551 0 0.477449
0.52349 0 0.47651
0.198934 0 0.801066
0.199773 0 0.800227
0.212554 0 0.787446
0.21153 0 0.78847
0.511262 0 0.488738
0.0457125 0 0.954287
0.0458339 0 0.954166
0.527033 0 0.472967
0.332545 0 0.667455
0.331966 0 0.668034
0.333072 0 0.666928
0.597967 0 0.402033
0.597673 0 0.402327
0.597871 0 0.402129
0.329595 0 0.670405
0.328506 0 0.671494
0.329773 0 0.670227
0.594985 0 0.405015
0.589256 0 0.410744
0.466674 0 0.533326
0.46708 0 0.53292
0.44902 0 0.55098
0.344801 0 0.6552
0.344228 0 0.655772
0.345245 0 0.654755
0.315868 0 0.684132
0.31241 0 0.68759
0.311788 0 0.688212
0.311391 0 0.688609
0.31117 0 0.68883
0.229054 0 0.770946
0.2276 0 0.7724
0.226176 0 0.773824
0.224779 0 0.775221
0.223411 0 0.776589
0.22207 0 0.77793
0.220756 0 0.779244
0.219467 0 0.780533
0.218204 0 0.781796
0.216966 0 0.783034
0.215753 0 0.784247
0.214563 0 0.785437
0.213397 0 0.786603
0.212254 0 0.787746
0.211132 0 0.788868
0.52257 0 0.47743
0.523485 0 0.476515
0.202563 0 0.797437
0.198482 0 0.801518
0.199766 0 0.800234
0.200257 0 0.799743
0.199519 0 0.800481
0.198796 0 0.801203
0.201276 0 0.798724
0.204106 0 0.795894
0.207026 0 0.792974
0.210041 0 0.789959
0.213292 0 0.786708
0.216513 0 0.783486
0.0457803 0 0.95422
0.527056 0 0.472944
0.332564 0 0.667436
0.331978 0 0.668022
0.333077 0 0.666923
0.578636 0 0.421364
0.576598 0 0.423402
0.576299 0 0.423701
0.57601 0 0.42399
0.576228 0 0.423772
0.576898 0 0.423102
0.577645 0 0.422355
0.578421 0 0.421579
0.579204 0 0.420796
0.329618 0 0.670382
0.32852 0 0.67148
0.329777 0 0.670223
0.582683 0 0.417317
0.583615 0 0.416385
0.584602 0 0.415398
0.585599 0 0.414401
0.586647 0 0.413353
0.587709 0 0.412291
0.58883 0 0.41117
0.58994 0 0.41006
0.591103 0 0.408897
0.592312 0 0.407688
0.59355 0 0.40645
0.466722 0 0.533278
0.466932 0 0.533068
0.597449 0 0.402551
0.598798 0 0.401202
0.449097 0 0.550903
0.333915 0 0.666085
0.336461 0 0.663539
0.338855 0 0.661145
0.316388 0 0.683612
0.312731 0 0.687268
0.31076 0 0.68924
0.294425 0 0.705575
0.290967 0 0.709033
0.291348 0 0.708652
0.295141 0 0.704859
0.300653 0 0.699347
0.227084 0 0.772916
0.225666 0 0.774334
0.224276 0 0.775724
0.222913 0 0.777086
0.221578 0 0.778422
0.22027 0 0.77973
0.218987 0 0.781013
0.217729 0 0.782271
0.216497 0 0.783503
0.215289 0 0.784711
0.214104 0 0.785896
0.212943 0 0.787057
0.211804 0 0.788196
0.210688 0 0.789312
0.211568 0 0.788432
0.522596 0 0.477404
0.523487 0 0.476513
0.203073 0 0.796927
0.197929 0 0.802071
0.19976 0 0.80024
0.200269 0 0.799731
0.199531 0 0.800469
0.198808 0 0.801192
0.201399 0 0.798601
0.204049 0 0.795951
0.206832 0 0.793168
0.209806 0 0.790193
0.212979 0 0.787021
0.216387 0 0.783613
0.0460379 0 0.953962
0.0454879 0 0.954512
0.0455955 0 0.954404
0.0456948 0 0.954305
0.0457972 0 0.954203
0.045919 0 0.954081
0.527088 0 0.472912
0.332586 0 0.667414
0.331996 0 0.668004
0.333087 0 0.666913
0.559733 0 0.440267
0.557587 0 0.442413
0.55703 0 0.44297
0.556619 0 0.443381
0.556446 0 0.443554
0.556802 0 0.443198
0.55731 0 0.44269
0.557904 0 0.442096
0.558507 0 0.441493
0.559164 0 0.440836
0.559814 0 0.440186
0.56051 0 0.43949
0.56123 0 0.43877
0.561987 0 0.438013
0.329645 0 0.670355
0.328537 0 0.671463
0.329786 0 0.670214
0.565255 0 0.434745
0.566131 0 0.433869
0.567051 0 0.432949
0.568009 0 0.431991
0.568984 0 0.431016
0.569977 0 0.430023
0.57101 0 0.42899
0.572087 0 0.427913
0.573187 0 0.426813
0.574301 0 0.425699
0.575448 0 0.424552
0.466787 0 0.533213
0.466804 0 0.533196
0.0879457 0 0.912054
0.0878007 0 0.912199
0.0876588 0 0.912341
0.583065 0 0.416935
0.583918 0 0.416082
0.583531 0 0.416469
0.581231 0 0.418769
0.44918 0 0.55082
0.336869 0 0.663131
0.329383 0 0.670617
0.329449 0 0.670551
0.331973 0 0.668027
0.332378 0 0.667622
0.300173 0 0.699827
0.299454 0 0.700546
0.298519 0 0.701481
0.294961 0 0.705039
0.290257 0 0.709743
0.289958 0 0.710042
0.290313 0 0.709687
0.248951 0 0.751049
0.246693 0 0.753307
0.244464 0 0.755536
0.22516 0 0.77484
0.223777 0 0.776223
0.22242 0 0.77758
0.221091 0 0.778909
0.219788 0 0.780212
0.218511 0 0.781489
0.21726 0 0.78274
0.216032 0 0.783968
0.214829 0 0.785171
0.21365 0 0.78635
0.212493 0 0.787507
0.211359 0 0.788641
0.210247 0 0.789753
0.211567 0 0.788433
0.522627 0 0.477373
0.523496 0 0.476504
0.202589 0 0.797411
0.197943 0 0.802057
0.199758 0 0.800242
0.200283 0 0.799717
0.199545 0 0.800455
0.198822 0 0.801178
0.201395 0 0.798605
0.204114 0 0.795886
0.207035 0 0.792965
0.21005 0 0.78995
0.213165 0 0.786835
0.216384 0 0.783616
0.0459949 0 0.954005
0.0454586 0 0.954541
0.0455554 0 0.954445
0.0456547 0 0.954345
0.0457565 0 0.954243
0.0458616 0 0.954138
0.527128 0 0.472872
0.542311 0 0.457689
0.332612 0 0.667388
0.332016 0 0.667984
0.333101 0 0.666899
0.538695 0 0.461305
0.538619 0 0.461381
0.538994 0 0.461006
0.539397 0 0.460603
0.539842 0 0.460158
0.540331 0 0.459669
0.540829 0 0.459171
0.54134 0 0.45866
0.541901 0 0.458099
0.542487 0 0.457513
0.543074 0 0.456926
0.543698 0 0.456302
0.544364 0 0.455636
0.54504 0 0.45496
0.545732 0 0.454268
0.329673 0 0.670327
0.32856 0 0.67144
0.3298 0 0.6702
0.548813 0 0.451187
0.549664 0 0.450336
0.550533 0 0.449467
0.551412 0 0.448588
0.55233 0 0.44767
0.55329 0 0.44671
0.554263 0 0.445737
0.555253 0 0.444747
0.556289 0 0.443711
0.557361 0 0.442639
0.558429 0 0.441571
0.466868 0 0.533131
0.0872885 0 0.912712
0.0869256 0 0.913074
0.0865694 0 0.913431
0.0862214 0 0.913779
0.0858791 0 0.914121
0.0855449 0 0.914455
0.0852165 0 0.914784
0.0848953 0 0.915105
0.0845806 0 0.915419
0.0842715 0 0.915729
0.0839695 0 0.91603
0.083674 0 0.916326
0.083384 0 0.916616
0.0831004 0 0.9169
0.0828223 0 0.917178
0.0825505 0 0.917449
0.0822842 0 0.917716
0.0820241 0 0.917976
0.0817695 0 0.91823
0.0815204 0 0.91848
0.0812767 0 0.918723
0.0810384 0 0.918962
0.0808055 0 0.919194
0.0805773 0 0.919423
0.0803552 0 0.919645
0.223282 0 0.776718
0.221932 0 0.778068
0.220609 0 0.779391
0.219312 0 0.780688
0.21804 0 0.78196
0.216794 0 0.783206
0.215571 0 0.784429
0.214374 0 0.785626
0.213199 0 0.786801
0.212048 0 0.787952
0.210919 0 0.789082
0.209812 0 0.790188
0.211569 0 0.788431
0.295491 0 0.704509
0.522666 0 0.477334
0.523511 0 0.476489
0.202606 0 0.797394
0.198524 0 0.801476
0.199759 0 0.800241
0.200299 0 0.799701
0.199561 0 0.800439
0.198838 0 0.801162
0.201396 0 0.798604
0.204114 0 0.795886
0.207034 0 0.792966
0.210049 0 0.789951
0.213164 0 0.786836
0.216383 0 0.783617
0.0459559 0 0.954044
0.0454453 0 0.954555
0.0455421 0 0.954458
0.0456414 0 0.954359
0.0457433 0 0.954257
0.0458484 0 0.954152
0.527179 0 0.472821
0.599481 0 0.400519
0.52615 0 0.47385
0.524344 0 0.475656
0.523733 0 0.476267
0.523198 0 0.476802
0.522632 0 0.477368
0.522188 0 0.477812
0.332643 0 0.667357
0.332041 0 0.667959
0.333119 0 0.666881
0.52329 0 0.47671
0.523636 0 0.476364
0.524029 0 0.475971
0.52443 0 0.47557
0.524841 0 0.475159
0.525304 0 0.474696
0.52578 0 0.47422
0.526263 0 0.473737
0.526791 0 0.473209
0.527345 0 0.472655
0.527898 0 0.472102
0.528492 0 0.471508
0.529123 0 0.470877
0.529753 0 0.470247
0.530411 0 0.469589
0.329708 0 0.670292
0.328586 0 0.671414
0.329817 0 0.670183
0.533331 0 0.466669
0.53413 0 0.46587
0.534932 0 0.465068
0.535786 0 0.464214
0.536361 0 0.463639
0.5363 0 0.4637
0.534863 0 0.465137
0.532692 0 0.467308
0.530448 0 0.469552
0.528269 0 0.471731
0.526183 0 0.473817
0.466968 0 0.533032
0.0871199 0 0.91288
0.0867584 0 0.913242
0.0864043 0 0.913596
0.0860568 0 0.913943
0.0857167 0 0.914283
0.0853831 0 0.914617
0.085056 0 0.914944
0.0847353 0 0.915265
0.0844219 0 0.915578
0.0841149 0 0.915885
0.0838136 0 0.916186
0.0835185 0 0.916481
0.0832299 0 0.91677
0.0829476 0 0.917052
0.0826708 0 0.917329
0.0824003 0 0.9176
0.0821353 0 0.917865
0.0818757 0 0.918124
0.0816216 0 0.918378
0.0813737 0 0.918626
0.0811306 0 0.918869
0.0808936 0 0.919106
0.0806612 0 0.919339
0.0804342 0 0.919566
0.0802126 0 0.919787
0.0799963 0 0.920004
0.221449 0 0.778551
0.220131 0 0.779869
0.218839 0 0.781161
0.217574 0 0.782426
0.216332 0 0.783668
0.215116 0 0.784884
0.213923 0 0.786077
0.212753 0 0.787247
0.211607 0 0.788393
0.210482 0 0.789518
0.209751 0 0.790249
0.211574 0 0.788426
0.295355 0 0.704645
0.522711 0 0.477289
0.523533 0 0.476467
0.202625 0 0.797375
0.198543 0 0.801458
0.199761 0 0.800239
0.200318 0 0.799682
0.19958 0 0.80042
0.198857 0 0.801143
0.201397 0 0.798603
0.204116 0 0.795884
0.207035 0 0.792965
0.21005 0 0.78995
0.213165 0 0.786835
0.216384 0 0.783616
0.0459183 0 0.954082
0.0454326 0 0.954567
0.0455294 0 0.954471
0.0456288 0 0.954371
0.0457307 0 0.954269
0.0458358 0 0.954164
0.527239 0 0.472761
0.59933 0 0.40067
0.598419 0 0.401581
0.597537 0 0.402463
0.594765 0 0.405235
0.589501 0 0.410499
0.525993 0 0.474007
0.511694 0 0.488306
0.510006 0 0.489994
0.509363 0 0.490637
0.508698 0 0.491302
0.508088 0 0.491912
0.507576 0 0.492424
0.507354 0 0.492646
0.507437 0 0.492563
0.507638 0 0.492362
0.507836 0 0.492164
0.508057 0 0.491943
0.332677 0 0.667323
0.332069 0 0.667931
0.333141 0 0.666859
0.509201 0 0.490799
0.50953 0 0.49047
0.509882 0 0.490118
0.510278 0 0.489722
0.510672 0 0.489328
0.51109 0 0.48891
0.511553 0 0.488447
0.512015 0 0.487985
0.512514 0 0.487486
0.51303 0 0.48697
0.513567 0 0.486433
0.514113 0 0.485887
0.514713 0 0.485287
0.515333 0 0.484667
0.51595 0 0.48405
0.329746 0 0.670254
0.328615 0 0.671385
0.329839 0 0.670161
0.514419 0 0.485581
0.512282 0 0.487718
0.510103 0 0.489897
0.508026 0 0.491974
0.505956 0 0.494044
0.50388 0 0.49612
0.501908 0 0.498092
0.499933 0 0.500067
0.497958 0 0.502042
0.466219 0 0.533781
0.459673 0 0.540327
0.0873206 0 0.912679
0.086953 0 0.913047
0.0865929 0 0.913407
0.0862402 0 0.91376
0.0858941 0 0.914106
0.0855553 0 0.914445
0.085223 0 0.914777
0.0848972 0 0.915103
0.0845779 0 0.915422
0.0842659 0 0.915734
0.0839594 0 0.916041
0.0836594 0 0.916341
0.0833657 0 0.916634
0.0830783 0 0.916922
0.0827965 0 0.917203
0.082521 0 0.917479
0.082251 0 0.917749
0.0819865 0 0.918013
0.0817283 0 0.918272
0.0814755 0 0.918525
0.0812281 0 0.918772
0.0809862 0 0.919014
0.0807497 0 0.91925
0.0805186 0 0.919481
0.0802921 0 0.919708
0.0800718 0 0.919928
0.079856 0 0.920144
0.0796448 0 0.920355
0.219658 0 0.780342
0.218372 0 0.781628
0.217112 0 0.782888
0.215876 0 0.784124
0.214665 0 0.785335
0.213477 0 0.786523
0.212312 0 0.787688
0.211171 0 0.788829
0.210266 0 0.789734
0.209772 0 0.790228
0.211581 0 0.788419
0.295223 0 0.704777
0.522762 0 0.477238
0.523562 0 0.476438
0.202647 0 0.797353
0.198564 0 0.801436
0.199766 0 0.800234
0.20034 0 0.79966
0.199601 0 0.800399
0.198878 0 0.801122
0.201401 0 0.798599
0.0446993 0 0.955301
0.0448015 0 0.955198
0.210055 0 0.789945
0.213169 0 0.786831
0.216388 0 0.783612
0.0458813 0 0.954119
0.0454205 0 0.95458
0.0455173 0 0.954483
0.0456167 0 0.954383
0.0457186 0 0.954281
0.0458231 0 0.954177
0.59638 0 0.40362
0.58895 0 0.41105
0.582447 0 0.417553
0.582413 0 0.417587
0.582364 0 0.417636
0.582291 0 0.417709
0.581639 0 0.418361
0.58067 0 0.41933
0.5797 0 0.4203
0.527308 0 0.472692
0.576269 0 0.423731
0.571362 0 0.428638
0.503727 0 0.496273
0.498234 0 0.501766
0.496967 0 0.503033
0.496214 0 0.503786
0.495527 0 0.504473
0.494826 0 0.505174
0.494165 0 0.505835
0.493767 0 0.506233
0.493615 0 0.506385
0.493682 0 0.506318
0.493792 0 0.506208
0.493893 0 0.506107
0.494027 0 0.505973
0.494195 0 0.505805
0.494355 0 0.505645
0.494554 0 0.505445
0.49478 0 0.50522
0.332716 0 0.667284
0.332102 0 0.667898
0.333167 0 0.666833
0.49584 0 0.50416
0.496166 0 0.503834
0.496504 0 0.503496
0.496854 0 0.503146
0.497252 0 0.502748
0.497665 0 0.502335
0.498068 0 0.501932
0.498527 0 0.501473
0.498983 0 0.501017
0.499489 0 0.500511
0.499397 0 0.500603
0.498209 0 0.501791
0.496095 0 0.503905
0.493948 0 0.506052
0.491868 0 0.508132
0.329789 0 0.670211
0.32865 0 0.67135
0.329865 0 0.670135
0.483875 0 0.516125
0.481916 0 0.518084
0.480035 0 0.519965
0.478188 0 0.521812
0.47611 0 0.52389
0.441576 0 0.558424
0.435751 0 0.564249
0.430103 0 0.569897
0.424517 0 0.575483
0.419101 0 0.580899
0.327522 0 0.672478
0.0871542 0 0.912846
0.086788 0 0.913212
0.0864293 0 0.913571
0.0860779 0 0.913922
0.0857331 0 0.914267
0.0853949 0 0.914605
0.085064 0 0.914936
0.0847396 0 0.91526
0.0844216 0 0.915578
0.0841108 0 0.915889
0.0838057 0 0.916194
0.083507 0 0.916493
0.0832146 0 0.916785
0.0829278 0 0.917072
0.0826473 0 0.917353
0.0823723 0 0.917628
0.0821036 0 0.917896
0.0818404 0 0.91816
0.0815827 0 0.918417
0.0813312 0 0.918669
0.0810843 0 0.918916
0.0808436 0 0.919156
0.0806076 0 0.919392
0.0803771 0 0.919623
0.0801518 0 0.919848
0.0799319 0 0.920068
0.0797167 0 0.920283
0.0795068 0 0.920493
0.0793022 0 0.920698
0.217942 0 0.782058
0.216674 0 0.783326
0.215432 0 0.784568
0.214218 0 0.785782
0.213035 0 0.786965
0.211875 0 0.788125
0.210795 0 0.789205
0.210288 0 0.789712
0.209793 0 0.790206
0.21159 0 0.78841
0.295095 0 0.704905
0.52282 0 0.47718
0.523597 0 0.476403
0.202671 0 0.797329
0.19836 0 0.80164
0.199773 0 0.800227
0.200363 0 0.799637
0.199625 0 0.800375
0.0474044 0 0.952596
0.0453413 0 0.954659
0.0445117 0 0.955488
0.0446128 0 0.955387
0.0447164 0 0.955284
0.0448224 0 0.955178
0.0449315 0 0.955069
0.0450437 0 0.954956
0.0451577 0 0.954842
0.0452756 0 0.954724
0.0453951 0 0.954605
0.0455179 0 0.954482
0.0457833 0 0.954217
0.0458681 0 0.954132
0.549555 0 0.450445
0.597945 0 0.402055
0.591927 0 0.408073
0.585388 0 0.414612
0.578999 0 0.421001
0.568385 0 0.431615
0.565503 0 0.434497
0.138971 0 0.861029
0.137537 0 0.862463
0.136138 0 0.863862
0.134774 0 0.865226
0.133444 0 0.866556
0.132145 0 0.867855
0.130878 0 0.869122
0.129641 0 0.870359
0.128433 0 0.871567
0.127253 0 0.872747
0.126531 0 0.873469
0.126316 0 0.873684
0.484237 0 0.515763
0.483461 0 0.516539
0.482717 0 0.517283
0.481996 0 0.518004
0.481363 0 0.518637
0.481035 0 0.518965
0.480989 0 0.519011
0.480966 0 0.519034
0.480986 0 0.519014
0.48102 0 0.51898
0.481055 0 0.518945
0.481141 0 0.518859
0.481224 0 0.518776
0.481327 0 0.518673
0.48147 0 0.51853
0.481602 0 0.518398
0.481773 0 0.518227
0.481965 0 0.518035
0.482155 0 0.517845
0.332759 0 0.667241
0.33214 0 0.66786
0.333198 0 0.666802
0.483189 0 0.516811
0.483489 0 0.516511
0.483791 0 0.516209
0.484158 0 0.515842
0.483599 0 0.516401
0.481612 0 0.518388
0.479485 0 0.520515
0.477409 0 0.522591
0.475423 0 0.524577
0.47339 0 0.52661
0.471431 0 0.528569
0.469511 0 0.530489
0.467569 0 0.532431
0.465717 0 0.534283
0.463867 0 0.536133
0.329834 0 0.670166
0.328687 0 0.671313
0.329895 0 0.670105
0.456391 0 0.543609
0.419559 0 0.580441
0.41425 0 0.58575
0.409101 0 0.590899
0.404034 0 0.595966
0.399108 0 0.600892
0.394385 0 0.605615
0.323184 0 0.676816
0.320909 0 0.679091
0.314878 0 0.685122
0.301927 0 0.698073
0.0869889 0 0.913011
0.0866249 0 0.913375
0.0862674 0 0.913733
0.0859167 0 0.914083
0.0855733 0 0.914427
0.0852371 0 0.914763
0.0849075 0 0.915092
0.0845845 0 0.915416
0.0842678 0 0.915732
0.0839576 0 0.916042
0.083653 0 0.916347
0.0833556 0 0.916644
0.0830645 0 0.916936
0.082779 0 0.917221
0.082499 0 0.917501
0.0822254 0 0.917775
0.0819572 0 0.918043
0.0816953 0 0.918305
0.0814388 0 0.918561
0.0811878 0 0.918812
0.0809423 0 0.919058
0.0807021 0 0.919298
0.0804674 0 0.919533
0.0802373 0 0.919763
0.0800133 0 0.919987
0.0797939 0 0.920206
0.0795791 0 0.920421
0.0793704 0 0.92063
0.0791656 0 0.920834
0.078966 0 0.921034
0.216704 0 0.783296
0.215461 0 0.784539
0.214243 0 0.785757
0.213049 0 0.786951
0.211878 0 0.788122
0.210821 0 0.789179
0.210313 0 0.789687
0.209819 0 0.790181
0.211603 0 0.788397
0.29497 0 0.70503
0.522884 0 0.477116
0.523639 0 0.476361
0.197969 0 0.802031
0.197189 0 0.802811
0.19949 0 0.80051
0.199784 0 0.800216
0.20039 0 0.79961
0.0483476 0 0.951652
0.046202 0 0.953798
0.0442393 0 0.955761
0.0443256 0 0.955674
0.0444257 0 0.955574
0.0445282 0 0.955472
0.0446339 0 0.955366
0.044742 0 0.955258
0.0448531 0 0.955147
0.0449667 0 0.955033
0.0450828 0 0.954917
0.045202 0 0.954798
0.0453236 0 0.954676
0.0454485 0 0.954552
0.0455757 0 0.954424
0.045706 0 0.954294
0.0458397 0 0.95416
0.0459764 0 0.954024
0.0461156 0 0.953884
0.0462581 0 0.953742
0.551828 0 0.448172
0.55004 0 0.44996
0.549798 0 0.450202
0.549541 0 0.450459
0.549345 0 0.450655
0.549013 0 0.450987
0.5481 0 0.4519
0.138563 0 0.861437
0.137137 0 0.862863
0.135746 0 0.864254
0.134391 0 0.865609
0.133068 0 0.866932
0.131777 0 0.868223
0.130516 0 0.869484
0.129286 0 0.870714
0.128085 0 0.871915
0.126911 0 0.873089
0.125766 0 0.874234
0.124646 0 0.875354
0.123552 0 0.876448
0.122483 0 0.877517
0.121438 0 0.878562
0.120417 0 0.879583
0.119417 0 0.880583
0.11844 0 0.88156
0.117484 0 0.882515
0.11655 0 0.88345
0.115635 0 0.884365
0.11474 0 0.88526
0.113864 0 0.886136
0.113008 0 0.886992
0.112168 0 0.887832
0.111923 0 0.888077
0.111774 0 0.888226
0.469653 0 0.530347
0.469827 0 0.530173
0.469969 0 0.530031
0.47019 0 0.52981
0.332805 0 0.667195
0.33218 0 0.667819
0.333232 0 0.666768
0.464455 0 0.535545
0.462458 0 0.537542
0.460445 0 0.539555
0.458495 0 0.541505
0.456604 0 0.543396
0.454678 0 0.545322
0.452802 0 0.547198
0.451005 0 0.548995
0.449163 0 0.550837
0.447378 0 0.552622
0.445652 0 0.554348
0.44389 0 0.55611
0.442184 0 0.557816
0.440533 0 0.559467
0.405586 0 0.594414
0.329885 0 0.670115
0.32873 0 0.67127
0.329929 0 0.670071
0.385556 0 0.614444
0.38108 0 0.61892
0.37661 0 0.62339
0.372398 0 0.627602
0.368208 0 0.631792
0.319241 0 0.680759
0.314512 0 0.685488
0.304479 0 0.695521
0.286494 0 0.713506
0.3003 0 0.6997
0.29799 0 0.70201
0.0868262 0 0.913174
0.0864627 0 0.913537
0.0861067 0 0.913893
0.085758 0 0.914242
0.0854159 0 0.914584
0.0850804 0 0.91492
0.0847521 0 0.915248
0.0844303 0 0.91557
0.0841143 0 0.915886
0.0838054 0 0.916195
0.0835029 0 0.916497
0.083206 0 0.916794
0.0829154 0 0.917085
0.0826313 0 0.917369
0.0823526 0 0.917647
0.0820802 0 0.91792
0.0818133 0 0.918187
0.0815519 0 0.918448
0.081296 0 0.918704
0.0810462 0 0.918954
0.0808012 0 0.919199
0.0805623 0 0.919438
0.080328 0 0.919672
0.0800992 0 0.919901
0.0798756 0 0.920124
0.0796568 0 0.920343
0.0794432 0 0.920557
0.079235 0 0.920765
0.0790315 0 0.920969
0.0788324 0 0.921168
0.0786386 0 0.921361
0.215493 0 0.784507
0.214275 0 0.785725
0.213081 0 0.786919
0.21191 0 0.78809
0.210849 0 0.789151
0.210341 0 0.789659
0.209847 0 0.790153
0.211618 0 0.788382
0.197264 0 0.802736
0.195292 0 0.804708
0.193368 0 0.806632
0.191491 0 0.808509
0.189658 0 0.810342
0.187869 0 0.812131
0.186123 0 0.813877
0.184417 0 0.815583
0.18275 0 0.81725
0.181575 0 0.818425
0.181214 0 0.818786
0.522956 0 0.477044
0.523688 0 0.476312
0.197997 0 0.802003
0.197217 0 0.802783
0.199502 0 0.800498
0.0517842 0 0.948216
0.0493295 0 0.950671
0.0470973 0 0.952903
0.0450586 0 0.954941
0.0440443 0 0.955956
0.0441417 0 0.955858
0.0442408 0 0.955759
0.044343 0 0.955657
0.0444476 0 0.955552
0.0445545 0 0.955445
0.0446647 0 0.955335
0.0447773 0 0.955223
0.0448923 0 0.955108
0.0450103 0 0.95499
0.0451309 0 0.954869
0.0452546 0 0.954745
0.0453814 0 0.954619
0.0455107 0 0.954489
0.0456425 0 0.954358
0.0457781 0 0.954222
0.0459162 0 0.954084
0.0460575 0 0.953942
0.046202 0 0.953798
0.533801 0 0.466199
0.532767 0 0.467233
0.531466 0 0.468534
0.529476 0 0.470524
0.474295 0 0.525705
0.467784 0 0.532216
0.138159 0 0.861841
0.136742 0 0.863258
0.135359 0 0.864641
0.134011 0 0.865989
0.132695 0 0.867305
0.131412 0 0.868588
0.130158 0 0.869842
0.128935 0 0.871065
0.127741 0 0.872259
0.126573 0 0.873427
0.125434 0 0.874566
0.12432 0 0.87568
0.123232 0 0.876768
0.122169 0 0.877831
0.121129 0 0.878871
0.120113 0 0.879887
0.119118 0 0.880882
0.118147 0 0.881853
0.117196 0 0.882804
0.116265 0 0.883735
0.115356 0 0.884644
0.114465 0 0.885535
0.113594 0 0.886406
0.11274 0 0.88726
0.111906 0 0.888094
0.111088 0 0.888912
0.110288 0 0.889712
0.109504 0 0.890496
0.108736 0 0.891264
0.107985 0 0.892015
0.107249 0 0.892751
0.106527 0 0.893472
0.105821 0 0.894179
0.105128 0 0.894872
0.10445 0 0.89555
0.103785 0 0.896215
0.103134 0 0.896866
0.102495 0 0.897505
0.10187 0 0.89813
0.101256 0 0.898744
0.100656 0 0.899344
0.100481 0 0.899519
0.10038 0 0.89962
0.10028 0 0.89972
0.386315 0 0.613685
0.381761 0 0.618239
0.377335 0 0.622665
0.372986 0 0.627014
0.36878 0 0.63122
0.329939 0 0.670061
0.328776 0 0.671224
0.329967 0 0.670033
0.352814 0 0.647187
0.349023 0 0.650977
0.315839 0 0.684161
0.314176 0 0.685824
0.307091 0 0.692909
0.305117 0 0.694883
0.286561 0 0.713439
0.285872 0 0.714128
0.285914 0 0.714086
0.290781 0 0.709219
0.290023 0 0.709978
0.0866645 0 0.913336
0.0863032 0 0.913697
0.0859485 0 0.914052
0.0856004 0 0.9144
0.0852596 0 0.91474
0.0849254 0 0.915075
0.0845985 0 0.915402
0.0842772 0 0.915723
0.0839633 0 0.916037
0.0836557 0 0.916344
0.0833537 0 0.916646
0.0830581 0 0.916942
0.0827689 0 0.917231
0.0824852 0 0.917515
0.0822079 0 0.917792
0.081936 0 0.918064
0.0816704 0 0.91833
0.0814103 0 0.91859
0.0811549 0 0.918845
0.0809056 0 0.919094
0.0806619 0 0.919338
0.0804234 0 0.919577
0.0801905 0 0.91981
0.0799621 0 0.920038
0.0797398 0 0.92026
0.0795215 0 0.920479
0.0793092 0 0.920691
0.0791014 0 0.920899
0.0788983 0 0.921102
0.0787004 0 0.9213
0.0785072 0 0.921493
0.0783185 0 0.921682
0.21431 0 0.78569
0.213115 0 0.786885
0.211944 0 0.788056
0.210879 0 0.789121
0.210371 0 0.789629
0.209877 0 0.790123
0.211635 0 0.788365
0.196704 0 0.803296
0.194743 0 0.805257
0.19283 0 0.80717
0.190963 0 0.809037
0.189141 0 0.810859
0.187362 0 0.812638
0.185625 0 0.814375
0.183928 0 0.816072
0.182271 0 0.817729
0.180651 0 0.819349
0.179069 0 0.820931
0.177522 0 0.822478
0.17601 0 0.82399
0.174532 0 0.825468
0.173086 0 0.826914
0.171672 0 0.828328
0.17029 0 0.82971
0.168937 0 0.831063
0.0529158 0 0.947084
0.0503547 0 0.949645
0.0480298 0 0.95197
0.0459107 0 0.954089
0.0439709 0 0.956029
0.0438637 0 0.956136
0.0439592 0 0.956041
0.044058 0 0.955942
0.0441592 0 0.955841
0.0442628 0 0.955737
0.0443694 0 0.955631
0.0444785 0 0.955522
0.0445899 0 0.95541
0.0447039 0 0.955296
0.0448209 0 0.955179
0.044941 0 0.955059
0.0450636 0 0.954936
0.0451887 0 0.954811
0.0453168 0 0.954683
0.0454482 0 0.954552
0.045582 0 0.954418
0.045719 0 0.954281
0.0458591 0 0.954141
0.0460025 0 0.953997
0.0461483 0 0.953852
0.455772 0 0.544228
0.454804 0 0.545196
0.4539 0 0.5461
0.452999 0 0.547001
0.452101 0 0.547899
0.137759 0 0.862241
0.13635 0 0.86365
0.134975 0 0.865025
0.133635 0 0.866365
0.132327 0 0.867673
0.13105 0 0.86895
0.129804 0 0.870196
0.128588 0 0.871412
0.1274 0 0.8726
0.126239 0 0.873761
0.125105 0 0.874895
0.123998 0 0.876002
0.122915 0 0.877085
0.121857 0 0.878143
0.120823 0 0.879177
0.119812 0 0.880188
0.118822 0 0.881178
0.117856 0 0.882144
0.11691 0 0.88309
0.115984 0 0.884016
0.115078 0 0.884922
0.114192 0 0.885808
0.113325 0 0.886675
0.112476 0 0.887524
0.111645 0 0.888355
0.110832 0 0.889168
0.110035 0 0.889965
0.109255 0 0.890745
0.108491 0 0.891509
0.107743 0 0.892257
0.10701 0 0.89299
0.106292 0 0.893708
0.105588 0 0.894412
0.1049 0 0.8951
0.104224 0 0.895776
0.103562 0 0.896438
0.102914 0 0.897086
0.102278 0 0.897722
0.101655 0 0.898345
0.101044 0 0.898956
0.100446 0 0.899554
0.0998592 0 0.900141
0.0992841 0 0.900716
0.09872 0 0.90128
0.0981671 0 0.901833
0.0976251 0 0.902375
0.0970939 0 0.902906
0.0965729 0 0.903427
0.0960618 0 0.903938
0.0955606 0 0.904439
0.0951303 0 0.90487
0.0959323 0 0.904068
0.287826 0 0.712174
0.287781 0 0.712219
0.287062 0 0.712938
0.276619 0 0.723381
0.28599 0 0.71401
0.286511 0 0.713489
0.285859 0 0.714141
0.285046 0 0.714954
0.285932 0 0.714068
0.287378 0 0.712622
0.27498 0 0.72502
0.0865046 0 0.913495
0.0861446 0 0.913855
0.0857913 0 0.914209
0.0854445 0 0.914555
0.0851051 0 0.914895
0.0847722 0 0.915228
0.0844466 0 0.915553
0.0841267 0 0.915873
0.0838133 0 0.916187
0.083507 0 0.916493
0.0832064 0 0.916794
0.0829121 0 0.917088
0.0826234 0 0.917377
0.082341 0 0.917659
0.0820649 0 0.917935
0.0817936 0 0.918206
0.0815285 0 0.918471
0.0812696 0 0.91873
0.0810155 0 0.918984
0.0807675 0 0.919232
0.0805243 0 0.919476
0.0802864 0 0.919714
0.0800546 0 0.919945
0.0798267 0 0.920173
0.079605 0 0.920395
0.0793879 0 0.920612
0.079176 0 0.920824
0.0789688 0 0.921031
0.0787668 0 0.921233
0.0785695 0 0.92143
0.0783767 0 0.921623
0.0781892 0 0.921811
0.0780054 0 0.921995
0.213152 0 0.786848
0.21198 0 0.78802
0.210912 0 0.789088
0.210405 0 0.789595
0.20991 0 0.79009
0.211655 0 0.788345
0.196149 0 0.803851
0.194199 0 0.805801
0.192297 0 0.807703
0.190441 0 0.809559
0.188629 0 0.811371
0.186859 0 0.813141
0.185132 0 0.814868
0.183444 0 0.816556
0.181796 0 0.818204
0.180185 0 0.819815
0.178611 0 0.821389
0.177072 0 0.822928
0.175568 0 0.824432
0.174097 0 0.825903
0.172659 0 0.827341
0.171252 0 0.828748
0.169877 0 0.830123
0.0540991 0 0.945901
0.0514244 0 0.948576
0.0490019 0 0.950998
0.046797 0 0.953203
0.0447825 0 0.955218
0.0436127 0 0.956387
0.0436845 0 0.956316
0.0437797 0 0.95622
0.0438775 0 0.956123
0.0439776 0 0.956022
0.0440808 0 0.955919
0.0441857 0 0.955814
0.0442937 0 0.955706
0.0444048 0 0.955595
0.0445177 0 0.955482
0.0446343 0 0.955366
0.0447527 0 0.955247
0.0448741 0 0.955126
0.0449988 0 0.955001
0.0451259 0 0.954874
0.0452554 0 0.954745
0.0453888 0 0.954611
0.0455247 0 0.954475
0.0456629 0 0.954337
0.0458051 0 0.954195
0.0459498 0 0.95405
0.442589 0 0.557411
0.441694 0 0.558306
0.44086 0 0.55914
0.440202 0 0.559798
0.138799 0 0.861201
0.137363 0 0.862637
0.135962 0 0.864038
0.134596 0 0.865404
0.133263 0 0.866737
0.131962 0 0.868038
0.130692 0 0.869308
0.129454 0 0.870546
0.128243 0 0.871757
0.127062 0 0.872938
0.125907 0 0.874093
0.12478 0 0.87522
0.123678 0 0.876322
0.122602 0 0.877398
0.121549 0 0.878451
0.12052 0 0.87948
0.119514 0 0.880486
0.11853 0 0.88147
0.117568 0 0.882432
0.116626 0 0.883374
0.115706 0 0.884294
0.114804 0 0.885196
0.113922 0 0.886078
0.113059 0 0.886941
0.112214 0 0.887786
0.111388 0 0.888612
0.110578 0 0.889422
0.109785 0 0.890215
0.109008 0 0.890992
0.108248 0 0.891752
0.107503 0 0.892497
0.106773 0 0.893227
0.106058 0 0.893942
0.105358 0 0.894642
0.104672 0 0.895328
0.104 0 0.896
0.103341 0 0.896659
0.102696 0 0.897304
0.102063 0 0.897937
0.101442 0 0.898558
0.100835 0 0.899165
0.100238 0 0.899762
0.0996543 0 0.900346
0.0990814 0 0.900919
0.0985196 0 0.90148
0.0979689 0 0.902031
0.0974291 0 0.902571
0.0969002 0 0.9031
0.0963814 0 0.903619
0.0958725 0 0.904128
0.0953735 0 0.904626
0.0948843 0 0.905116
0.0951886 0 0.904811
0.095995 0 0.904005
0.281232 0 0.718768
0.276225 0 0.723775
0.276124 0 0.723876
0.276428 0 0.723572
0.282637 0 0.717363
0.284118 0 0.715882
0.284882 0 0.715118
0.281725 0 0.718275
0.273832 0 0.726168
0.272384 0 0.727616
0.0863465 0 0.913653
0.0859879 0 0.914012
0.0856359 0 0.914364
0.0852904 0 0.91471
0.0849524 0 0.915048
0.0846208 0 0.915379
0.0842958 0 0.915704
0.0839772 0 0.916023
0.0836658 0 0.916334
0.0833601 0 0.91664
0.08306 0 0.91694
0.082767 0 0.917233
0.0824796 0 0.91752
0.0821985 0 0.917801
0.0819229 0 0.918077
0.0816529 0 0.918347
0.0813891 0 0.918611
0.0811308 0 0.918869
0.0808779 0 0.919122
0.0806304 0 0.91937
0.0803876 0 0.919612
0.080151 0 0.919849
0.0799198 0 0.92008
0.0796931 0 0.920307
0.0794719 0 0.920528
0.0792552 0 0.920745
0.0790446 0 0.920955
0.0788378 0 0.921162
0.0786364 0 0.921364
0.0784395 0 0.921561
0.0782479 0 0.921752
0.0780608 0 0.921939
0.0778783 0 0.922122
0.0777003 0 0.9223
0.21202 0 0.78798
0.210947 0 0.789053
0.21044 0 0.78956
0.211307 0 0.788693
0.213615 0 0.786385
0.1956 0 0.8044
0.193662 0 0.806338
0.19177 0 0.80823
0.189924 0 0.810076
0.188122 0 0.811878
0.186362 0 0.813638
0.184644 0 0.815356
0.182966 0 0.817034
0.181326 0 0.818675
0.179724 0 0.820276
0.178157 0 0.821843
0.176626 0 0.823373
0.17513 0 0.82487
0.173667 0 0.826333
0.172236 0 0.827764
0.170836 0 0.829164
0.169467 0 0.830533
0.0525425 0 0.947458
0.0500152 0 0.949985
0.0477204 0 0.95228
0.0456261 0 0.954374
0.0437085 0 0.956291
0.0436048 0 0.956395
0.0436767 0 0.956323
0.043751 0 0.956249
0.0438273 0 0.956173
0.0439066 0 0.956093
0.0439878 0 0.956012
0.0440722 0 0.955928
0.0441583 0 0.955842
0.0442477 0 0.955752
0.0443388 0 0.955661
0.0444493 0 0.955551
0.0445665 0 0.955433
0.0446869 0 0.955313
0.0448105 0 0.95519
0.0449364 0 0.955064
0.0450655 0 0.954935
0.045197 0 0.954803
0.0453317 0 0.954668
0.0454696 0 0.95453
0.0456099 0 0.95439
0.0457535 0 0.954247
0.0459002 0 0.9541
0.430813 0 0.569187
0.43047 0 0.56953
0.430148 0 0.569852
0.138399 0 0.861601
0.136971 0 0.863029
0.135578 0 0.864422
0.13422 0 0.86578
0.132894 0 0.867106
0.131601 0 0.868399
0.130339 0 0.869661
0.129106 0 0.870894
0.127903 0 0.872097
0.126728 0 0.873272
0.125579 0 0.874421
0.124458 0 0.875542
0.123362 0 0.876638
0.122291 0 0.877709
0.121244 0 0.878756
0.12022 0 0.87978
0.119219 0 0.880781
0.11824 0 0.88176
0.117283 0 0.882717
0.116346 0 0.883654
0.11543 0 0.88457
0.114532 0 0.885468
0.113655 0 0.886345
0.112796 0 0.887204
0.111955 0 0.888045
0.111132 0 0.888868
0.110326 0 0.889674
0.109537 0 0.890463
0.108764 0 0.891236
0.108007 0 0.891993
0.107266 0 0.892734
0.106539 0 0.893461
0.105828 0 0.894172
0.10513 0 0.89487
0.104448 0 0.895552
0.103779 0 0.896221
0.103122 0 0.896878
0.10248 0 0.89752
0.101849 0 0.898151
0.101232 0 0.898768
0.100626 0 0.899374
0.100033 0 0.899967
0.0994513 0 0.900549
0.0988806 0 0.901119
0.0983219 0 0.901678
0.0977734 0 0.902227
0.0972359 0 0.902764
0.0967084 0 0.903292
0.0961918 0 0.903808
0.0956851 0 0.904315
0.0951883 0 0.904812
0.0947005 0 0.905299
0.0946552 0 0.905345
0.0955665 0 0.904433
0.277556 0 0.722444
0.275946 0 0.724054
0.275953 0 0.724047
0.276122 0 0.723878
0.277986 0 0.722014
0.277955 0 0.722045
0.276898 0 0.723102
0.271513 0 0.728487
0.270777 0 0.729223
0.248031 0 0.751969
0.0861903 0 0.91381
0.0858322 0 0.914168
0.0854815 0 0.914518
0.0851382 0 0.914862
0.0848006 0 0.915199
0.0844704 0 0.91553
0.0841467 0 0.915853
0.0838294 0 0.916171
0.0835186 0 0.916481
0.0832142 0 0.916786
0.0829161 0 0.917084
0.0826237 0 0.917376
0.0823376 0 0.917662
0.082057 0 0.917943
0.0817827 0 0.918217
0.0815139 0 0.918486
0.0812507 0 0.918749
0.0809928 0 0.919007
0.0807412 0 0.919259
0.0804943 0 0.919506
0.0802528 0 0.919747
0.0800173 0 0.919983
0.0797866 0 0.920213
0.0795605 0 0.92044
0.0793404 0 0.92066
0.0791242 0 0.920876
0.0789141 0 0.921086
0.0787086 0 0.921291
0.0785077 0 0.921492
0.0783112 0 0.921689
0.0781201 0 0.92188
0.0779335 0 0.922067
0.0777514 0 0.922249
0.0775746 0 0.922425
0.0774016 0 0.922598
0.210986 0 0.789014
0.211155 0 0.788845
0.213448 0 0.786552
0.197031 0 0.802969
0.195056 0 0.804944
0.193128 0 0.806872
0.191248 0 0.808752
0.189412 0 0.810588
0.18762 0 0.81238
0.18587 0 0.81413
0.184161 0 0.815839
0.182491 0 0.817509
0.18086 0 0.81914
0.179266 0 0.820734
0.177709 0 0.822291
0.176186 0 0.823814
0.174697 0 0.825303
0.17324 0 0.82676
0.171817 0 0.828183
0.170424 0 0.829576
0.0537106 0 0.946289
0.0510726 0 0.948927
0.048681 0 0.951319
0.0465031 0 0.953497
0.0445122 0 0.955488
0.043528 0 0.956472
0.0435975 0 0.956403
0.0436694 0 0.956331
0.0437431 0 0.956257
0.04382 0 0.95618
0.0438987 0 0.956101
0.04398 0 0.95602
0.0440643 0 0.955936
0.0441505 0 0.955849
0.04424 0 0.95576
0.0443312 0 0.955669
0.0444255 0 0.955574
0.0445224 0 0.955478
0.0446218 0 0.955378
0.0447237 0 0.955276
0.0448281 0 0.955172
0.0449357 0 0.955064
0.0450459 0 0.954954
0.0451585 0 0.954841
0.0452778 0 0.954722
0.045417 0 0.954583
0.0455593 0 0.954441
0.0457049 0 0.954295
0.4206 0 0.5794
0.419246 0 0.580754
0.417419 0 0.582582
0.138002 0 0.861998
0.136582 0 0.863418
0.135198 0 0.864802
0.133847 0 0.866153
0.132529 0 0.867471
0.131243 0 0.868757
0.129988 0 0.870012
0.128762 0 0.871238
0.127565 0 0.872435
0.126397 0 0.873603
0.125254 0 0.874745
0.124139 0 0.875861
0.123048 0 0.876952
0.121983 0 0.878017
0.120941 0 0.879059
0.119923 0 0.880077
0.118927 0 0.881073
0.117952 0 0.882048
0.117 0 0.883
0.116068 0 0.883932
0.115156 0 0.884844
0.114263 0 0.885737
0.11339 0 0.88661
0.112535 0 0.887465
0.111699 0 0.888301
0.11088 0 0.88912
0.110077 0 0.889923
0.109292 0 0.890708
0.108522 0 0.891478
0.107769 0 0.892231
0.107031 0 0.892969
0.106307 0 0.893692
0.105599 0 0.894401
0.104906 0 0.895094
0.104225 0 0.895775
0.103558 0 0.896442
0.102906 0 0.897094
0.102266 0 0.897734
0.101638 0 0.898362
0.101023 0 0.898977
0.100421 0 0.899579
0.099829 0 0.900171
0.0992502 0 0.90075
0.0986818 0 0.901318
0.0981253 0 0.901875
0.097579 0 0.902421
0.0970437 0 0.902956
0.0965185 0 0.903481
0.0960041 0 0.903996
0.0954996 0 0.9045
0.0950042 0 0.904996
0.0945194 0 0.905481
0.0946708 0 0.905329
0.0955823 0 0.904418
0.27318 0 0.72682
0.272822 0 0.727178
0.272614 0 0.727386
0.272749 0 0.727251
0.272518 0 0.727482
0.260804 0 0.739196
0.25776 0 0.74224
0.251429 0 0.748571
0.243134 0 0.756866
0.0863984 0 0.913602
0.086035 0 0.913965
0.085679 0 0.914321
0.0853297 0 0.91467
0.0849869 0 0.915013
0.0846507 0 0.915349
0.0843218 0 0.915678
0.0839994 0 0.916001
0.0836834 0 0.916317
0.0833739 0 0.916626
0.08307 0 0.91693
0.0827733 0 0.917227
0.0824821 0 0.917518
0.0821965 0 0.917803
0.0819173 0 0.918083
0.0816435 0 0.918356
0.081376 0 0.918624
0.0811132 0 0.918887
0.0808567 0 0.919143
0.0806056 0 0.919394
0.0803599 0 0.91964
0.0801196 0 0.91988
0.079884 0 0.920116
0.0796545 0 0.920346
0.0794296 0 0.92057
0.07921 0 0.92079
0.0789951 0 0.921005
0.0787854 0 0.921215
0.0785803 0 0.92142
0.0783799 0 0.92162
0.0781847 0 0.921815
0.077994 0 0.922006
0.0778079 0 0.922192
0.077627 0 0.922373
0.0774499 0 0.92255
0.0772781 0 0.922722
0.07711 0 0.92289
0.213297 0 0.786703
0.215637 0 0.784364
0.196723 0 0.803277
0.194517 0 0.805483
0.192601 0 0.807399
0.190731 0 0.809269
0.188905 0 0.811095
0.187122 0 0.812878
0.185382 0 0.814618
0.183682 0 0.816318
0.182022 0 0.817978
0.180399 0 0.819601
0.178813 0 0.821187
0.177264 0 0.822736
0.175748 0 0.824252
0.174267 0 0.825733
0.172819 0 0.827181
0.171402 0 0.828598
0.0549334 0 0.945067
0.0521763 0 0.947824
0.0496828 0 0.950317
0.0474165 0 0.952583
0.0453472 0 0.954653
0.0434542 0 0.956546
0.0435212 0 0.956479
0.0435906 0 0.956409
0.0436619 0 0.956338
0.0437363 0 0.956264
0.0438126 0 0.956187
0.0438921 0 0.956108
0.0439733 0 0.956027
0.0440571 0 0.955943
0.0441434 0 0.955857
0.0442328 0 0.955767
0.044324 0 0.955676
0.0444178 0 0.955582
0.0445147 0 0.955485
0.0446141 0 0.955386
0.044716 0 0.955284
0.0448205 0 0.95518
0.0449282 0 0.955072
0.0450384 0 0.954962
0.0451511 0 0.954849
0.045267 0 0.954733
0.0453855 0 0.954615
0.0455065 0 0.954494
0.0456308 0 0.954369
0.0457583 0 0.954242
0.398826 0 0.601174
0.39705 0 0.60295
0.13761 0 0.86239
0.136198 0 0.863802
0.134821 0 0.865179
0.133479 0 0.866521
0.132168 0 0.867832
0.130889 0 0.869111
0.129641 0 0.870359
0.128422 0 0.871578
0.127231 0 0.872769
0.126069 0 0.873931
0.124933 0 0.875067
0.123823 0 0.876177
0.122738 0 0.877262
0.121679 0 0.878321
0.120642 0 0.879358
0.119628 0 0.880372
0.118638 0 0.881362
0.117668 0 0.882332
0.116721 0 0.883279
0.115793 0 0.884207
0.114886 0 0.885114
0.113997 0 0.886003
0.113128 0 0.886872
0.112277 0 0.887723
0.111445 0 0.888555
0.110629 0 0.889371
0.109831 0 0.890169
0.109048 0 0.890952
0.108283 0 0.891717
0.107533 0 0.892467
0.106798 0 0.893202
0.106078 0 0.893922
0.105373 0 0.894627
0.104682 0 0.895318
0.104005 0 0.895995
0.103342 0 0.896658
0.102692 0 0.897308
0.102054 0 0.897946
0.101429 0 0.898571
0.100817 0 0.899183
0.100216 0 0.899784
0.0996276 0 0.900372
0.0990511 0 0.900949
0.0984857 0 0.901514
0.0979306 0 0.902069
0.0973874 0 0.902613
0.0968543 0 0.903146
0.0963312 0 0.903669
0.0958182 0 0.904182
0.0953159 0 0.904684
0.0948227 0 0.905177
0.0943394 0 0.905661
0.0946875 0 0.905312
0.0955992 0 0.904401
0.266794 0 0.733206
0.262103 0 0.737897
0.252547 0 0.747453
0.250934 0 0.749066
0.249756 0 0.750244
0.248629 0 0.751371
0.238509 0 0.761491
0.236082 0 0.763918
0.234932 0 0.765068
0.0863692 0 0.913631
0.0858822 0 0.914118
0.0855268 0 0.914473
0.0851788 0 0.914821
0.0848374 0 0.915163
0.0845025 0 0.915497
0.0841749 0 0.915825
0.0838538 0 0.916146
0.0835384 0 0.916462
0.0832302 0 0.91677
0.0829276 0 0.917072
0.0826314 0 0.917369
0.0823416 0 0.917658
0.0820572 0 0.917943
0.0817785 0 0.918222
0.081506 0 0.918494
0.081239 0 0.918761
0.0809783 0 0.919022
0.0807223 0 0.919278
0.0804716 0 0.919528
0.0802272 0 0.919773
0.0799874 0 0.920013
0.079753 0 0.920247
0.079524 0 0.920476
0.0792996 0 0.9207
0.0790805 0 0.920919
0.0788668 0 0.921133
0.0786576 0 0.921342
0.0784531 0 0.921547
0.0782538 0 0.921746
0.078059 0 0.921941
0.0778696 0 0.92213
0.0776839 0 0.922316
0.0775035 0 0.922497
0.0773269 0 0.922673
0.0771555 0 0.922845
0.0769879 0 0.923012
0.0768254 0 0.923175
0.2138 0 0.7862
0.196789 0 0.803211
0.193984 0 0.806016
0.192079 0 0.807921
0.190219 0 0.809781
0.188403 0 0.811597
0.18663 0 0.81337
0.1849 0 0.8151
0.183208 0 0.816792
0.181556 0 0.818444
0.179943 0 0.820057
0.178365 0 0.821635
0.176824 0 0.823177
0.175316 0 0.824684
0.173842 0 0.826158
0.172401 0 0.827599
0.170992 0 0.829008
0.0533309 0 0.946669
0.0507282 0 0.949272
0.0483673 0 0.951633
0.0463336 0 0.953666
0.0447679 0 0.955232
0.0434478 0 0.956552
0.0435148 0 0.956485
0.0435843 0 0.956416
0.0436557 0 0.956344
0.0437295 0 0.95627
0.0438065 0 0.956193
0.0438854 0 0.956115
0.0439666 0 0.956033
0.0440504 0 0.95595
0.0441367 0 0.955863
0.0442255 0 0.955775
0.0443175 0 0.955683
0.0444112 0 0.955589
0.0445082 0 0.955492
0.044607 0 0.955393
0.0447089 0 0.955291
0.0448135 0 0.955186
0.0449212 0 0.955079
0.0450314 0 0.954969
0.0451441 0 0.954856
0.0452594 0 0.954741
0.045378 0 0.954622
0.045499 0 0.954501
0.0456233 0 0.954377
0.0457509 0 0.954249
0.32974 0 0.67026
0.328081 0 0.671919
0.137222 0 0.862778
0.135818 0 0.864182
0.134449 0 0.865551
0.133113 0 0.866887
0.13181 0 0.86819
0.130539 0 0.869461
0.129297 0 0.870703
0.128085 0 0.871915
0.1269 0 0.8731
0.125744 0 0.874256
0.124614 0 0.875386
0.123511 0 0.876489
0.122431 0 0.877569
0.121377 0 0.878623
0.120346 0 0.879654
0.119337 0 0.880663
0.118351 0 0.881649
0.117387 0 0.882613
0.116444 0 0.883556
0.115521 0 0.884479
0.114618 0 0.885382
0.113734 0 0.886266
0.112869 0 0.887131
0.112022 0 0.887978
0.111193 0 0.888807
0.110381 0 0.889619
0.109586 0 0.890414
0.108808 0 0.891192
0.108046 0 0.891954
0.107299 0 0.892701
0.106567 0 0.893433
0.105851 0 0.894149
0.105149 0 0.894851
0.104461 0 0.895539
0.103787 0 0.896213
0.103126 0 0.896874
0.102479 0 0.897521
0.101844 0 0.898156
0.101222 0 0.898778
0.100612 0 0.899388
0.100015 0 0.899985
0.099429 0 0.900571
0.0988539 0 0.901146
0.0982907 0 0.901709
0.0977387 0 0.902261
0.0971968 0 0.902803
0.0966659 0 0.903334
0.0961451 0 0.903855
0.0956343 0 0.904366
0.0951342 0 0.904866
0.0946432 0 0.905357
0.0941612 0 0.905839
0.0947054 0 0.905295
0.0956173 0 0.904383
0.246652 0 0.753348
0.244395 0 0.755605
0.242174 0 0.757826
0.239319 0 0.760681
0.23678 0 0.76322
0.226313 0 0.773687
0.216854 0 0.783146
0.2161 0 0.7839
0.216058 0 0.783942
0.08639 0 0.91361
0.0857305 0 0.914269
0.0853765 0 0.914623
0.0850298 0 0.91497
0.0846897 0 0.91531
0.0843561 0 0.915644
0.0840298 0 0.91597
0.0837093 0 0.916291
0.0833959 0 0.916604
0.0830882 0 0.916912
0.082787 0 0.917213
0.082492 0 0.917508
0.0822027 0 0.917797
0.0819189 0 0.918081
0.0816422 0 0.918358
0.0813702 0 0.91863
0.0811046 0 0.918895
0.0808443 0 0.919156
0.0805887 0 0.919411
0.0803394 0 0.919661
0.0800955 0 0.919905
0.079857 0 0.920143
0.0796231 0 0.920377
0.0793945 0 0.920605
0.0791713 0 0.920829
0.0789535 0 0.921046
0.0787403 0 0.92126
0.0785316 0 0.921468
0.0783282 0 0.921672
0.0781294 0 0.921871
0.0779351 0 0.922065
0.0777461 0 0.922254
0.0775609 0 0.922439
0.077381 0 0.922619
0.0772055 0 0.922794
0.0770346 0 0.922965
0.0768674 0 0.923133
0.0767055 0 0.923295
0.0765473 0 0.923453
0.196857 0 0.803143
0.193624 0 0.806376
0.191639 0 0.808361
0.189712 0 0.810288
0.187906 0 0.812094
0.186143 0 0.813857
0.184421 0 0.815579
0.182739 0 0.817261
0.181096 0 0.818904
0.179491 0 0.820509
0.177922 0 0.822078
0.176388 0 0.823612
0.174888 0 0.825112
0.173422 0 0.826578
0.171988 0 0.828012
0.170585 0 0.829415
0.051819 0 0.948181
0.0497658 0 0.950234
0.0479616 0 0.952038
0.0462854 0 0.953715
0.0447225 0 0.955278
0.043442 0 0.956558
0.0435091 0 0.956491
0.0435779 0 0.956422
0.04365 0 0.95635
0.0437239 0 0.956276
0.0438002 0 0.9562
0.043879 0 0.956121
0.0439604 0 0.95604
0.0440443 0 0.955956
0.0441306 0 0.955869
0.0442194 0 0.955781
0.0443114 0 0.955689
0.0444053 0 0.955595
0.0445016 0 0.955498
0.0446011 0 0.955399
0.0447025 0 0.955298
0.044807 0 0.955193
0.0449147 0 0.955085
0.0450243 0 0.954976
0.0451371 0 0.954863
0.0452532 0 0.954747
0.045371 0 0.954629
0.0454928 0 0.954507
0.0456164 0 0.954384
0.0457441 0 0.954256
0.0458736 0 0.954126
0.318243 0 0.681757
0.136837 0 0.863163
0.135441 0 0.864559
0.13408 0 0.86592
0.132753 0 0.867247
0.131456 0 0.868544
0.130192 0 0.869808
0.128957 0 0.871043
0.127751 0 0.872249
0.126573 0 0.873427
0.125423 0 0.874577
0.124299 0 0.875701
0.123201 0 0.876799
0.122128 0 0.877872
0.121078 0 0.878922
0.120052 0 0.879948
0.119049 0 0.880951
0.118068 0 0.881932
0.117109 0 0.882891
0.116169 0 0.883831
0.115251 0 0.884749
0.114353 0 0.885647
0.113472 0 0.886528
0.112612 0 0.887388
0.111769 0 0.888231
0.110944 0 0.889056
0.110136 0 0.889864
0.109345 0 0.890655
0.10857 0 0.89143
0.107811 0 0.892189
0.107068 0 0.892932
0.10634 0 0.89366
0.105626 0 0.894374
0.104928 0 0.895072
0.104242 0 0.895758
0.103571 0 0.896429
0.102914 0 0.897086
0.102269 0 0.897731
0.101637 0 0.898363
0.101017 0 0.898983
0.10041 0 0.89959
0.0998148 0 0.900185
0.0992314 0 0.900769
0.0986593 0 0.901341
0.0980984 0 0.901902
0.0975486 0 0.902451
0.0970089 0 0.902991
0.0964803 0 0.90352
0.0959616 0 0.904038
0.095453 0 0.904547
0.0949543 0 0.905046
0.0944647 0 0.905535
0.0939856 0 0.906014
0.0947245 0 0.905276
0.0956366 0 0.904363
0.0965715 0 0.903428
0.236422 0 0.763578
0.230668 0 0.769332
0.21895 0 0.78105
0.215013 0 0.784987
0.213099 0 0.786901
0.212331 0 0.787669
0.211442 0 0.788558
0.210135 0 0.789865
0.0864112 0 0.913589
0.0856867 0 0.914313
0.0852279 0 0.914772
0.0848817 0 0.915118
0.0845429 0 0.915457
0.0842114 0 0.915789
0.0838857 0 0.916114
0.0835664 0 0.916434
0.0832537 0 0.916746
0.0829472 0 0.917053
0.0826473 0 0.917353
0.0823536 0 0.917646
0.0820648 0 0.917935
0.0817831 0 0.918217
0.0815061 0 0.918494
0.0812354 0 0.918765
0.080971 0 0.919029
0.0807113 0 0.919289
0.080457 0 0.919543
0.0802089 0 0.919791
0.0799654 0 0.920035
0.0797274 0 0.920273
0.0794948 0 0.920505
0.0792675 0 0.920732
0.0790448 0 0.920955
0.0788274 0 0.921173
0.0786147 0 0.921385
0.0784072 0 0.921593
0.0782043 0 0.921796
0.0780059 0 0.921994
0.0778129 0 0.922187
0.0776236 0 0.922376
0.0774396 0 0.92256
0.0772601 0 0.92274
0.077085 0 0.922915
0.0769146 0 0.923085
0.0767486 0 0.923251
0.0765863 0 0.923414
0.0764294 0 0.923571
0.0762761 0 0.923724
 ] }
}
