# Real Time: 710.557
# Simulation Time: 12.37
# Radar Position: 878.041 -202.38 3.07493
# Radar Quat: 0.0326995 -0.00535935 0.220804 0.974755
PointSet {
 coord Coordinate { point [
905.503 -241.867 5.81298
881.19 -206.85 3.38568
913.709 -243.095 5.80929
913.055 -239.123 5.51201
920.12 -241.869 5.64903
926.495 -234.074 5.0171
918.154 -226.282 4.51423
918.397 -226.047 4.49567
890.469 -209.428 3.49625
890.546 -209.357 3.49065
919.658 -220.56 4.10004
924.543 -211.266 3.4505
905.496 -241.874 5.64477
881.188 -206.85 3.36635
913.698 -243.1 5.6199
913.05 -239.134 5.33485
920.079 -241.848 5.44567
926.49 -234.087 4.8152
918.15 -226.292 4.35139
918.383 -226.051 4.3322
890.469 -209.432 3.44637
890.54 -209.357 3.44046
919.66 -220.572 3.94181
924.546 -211.277 3.2855
905.489 -241.881 5.47668
881.187 -206.849 3.34703
913.686 -243.104 5.4306
913.046 -239.145 5.15776
920.049 -241.838 5.24325
926.486 -234.101 4.61334
918.147 -226.303 4.18858
918.37 -226.056 4.16885
890.462 -209.432 3.3963
890.515 -209.347 3.38986
919.666 -220.586 3.78361
924.551 -211.289 3.12048
905.483 -241.889 5.30868
881.185 -206.848 3.32773
913.675 -243.108 5.24138
913.042 -239.157 4.98071
920.025 -241.833 5.04136
926.483 -234.114 4.41147
918.144 -226.314 4.02577
918.357 -226.061 4.00559
890.462 -209.436 3.34643
890.508 -209.347 3.33983
919.675 -220.602 3.62539
919.954 -220.377 3.60642
924.557 -211.301 2.95539
924.748 -211.001 2.93366
905.478 -241.899 5.14076
881.183 -206.848 3.30845
913.664 -243.112 5.05225
913.039 -239.17 4.80369
920.006 -241.832 4.83984
926.479 -234.128 4.20963
918.142 -226.325 3.86298
918.345 -226.067 3.84243
890.469 -209.443 3.29667
890.519 -209.357 3.29017
892.062 -209.223 3.25253
919.688 -220.619 3.46713
919.881 -220.357 3.44681
924.564 -211.314 2.79025
924.709 -211.005 2.76836
905.474 -241.909 4.97293
881.181 -206.847 3.28919
913.652 -243.117 4.86321
913.037 -239.183 4.6267
919.99 -241.834 4.63862
926.476 -234.141 4.00779
918.14 -226.336 3.70019
918.334 -226.073 3.67935
890.469 -209.447 3.24677
890.513 -209.357 3.24016
892.047 -209.463 3.21322
892.025 -209.33 3.20535
892.072 -209.232 3.19816
919.707 -220.639 3.30878
919.846 -220.354 3.28792
924.574 -211.327 2.62501
924.681 -211.011 2.6032
905.471 -241.921 4.80515
881.18 -206.847 3.26994
913.641 -243.121 4.67423
913.035 -239.197 4.44971
919.978 -241.84 4.43763
926.473 -234.155 3.80593
918.138 -226.348 3.53739
918.323 -226.079 3.51633
890.469 -209.451 3.19685
890.506 -209.357 3.19021
892.039 -209.463 3.15839
892.051 -209.347 3.15098
919.734 -220.663 3.15027
919.822 -220.355 3.12928
924.586 -211.34 2.45964
924.659 -211.018 2.43812
937.72 -207.089 1.87176
937.401 -206.647 1.85277
936.774 -206.19 1.84054
935.562 -205.709 1.84139
930.504 -205.046 1.92737
926.869 -204.518 1.98596
926.563 -204.166 1.97206
905.469 -241.935 4.63742
881.178 -206.846 3.25071
909.2 -241.782 4.5275
913.63 -243.125 4.48531
913.034 -239.211 4.2727
919.971 -241.85 4.23679
921.908 -237.241 3.91233
926.469 -234.169 3.60405
918.136 -226.359 3.37456
918.312 -226.085 3.35336
890.469 -209.454 3.14692
890.499 -209.357 3.14029
892.031 -209.463 3.1036
892.023 -209.337 3.09631
919.778 -220.693 2.99148
919.804 -220.359 2.97076
924.601 -211.354 2.2941
924.642 -211.025 2.27308
937.065 -209.962 1.8553
936.932 -209.528 1.83275
936.716 -209.087 1.81215
936.425 -208.642 1.7934
936.13 -208.2 1.775
935.812 -207.762 1.75743
935.236 -207.306 1.74611
934.047 -206.81 1.74982
928.373 -206.005 1.86248
925.811 -205.485 1.90378
925.538 -205.134 1.89021
925.338 -204.792 1.87505
925.147 -204.452 1.85985
924.997 -204.118 1.84371
924.901 -203.787 1.82629
905.469 -241.951 4.46973
881.176 -206.845 3.23149
909.182 -241.775 4.35172
913.619 -243.129 4.29644
913.034 -239.227 4.09567
919.968 -241.865 4.03608
921.864 -237.222 3.71641
926.466 -234.182 3.40213
918.135 -226.371 3.21169
918.302 -226.091 3.19043
890.469 -209.458 3.09698
890.493 -209.357 3.09041
892.065 -209.485 3.04878
919.791 -220.364 2.81231
924.621 -211.369 2.12831
924.627 -211.033 2.10807
936.545 -211.574 1.76037
935.499 -210.999 1.75924
935.35 -210.568 1.73812
935.167 -210.136 1.71798
934.894 -209.695 1.7002
934.619 -209.259 1.68272
934.324 -208.825 1.66598
933.753 -208.366 1.65654
932.599 -207.857 1.66268
926.38 -206.89 1.80297
924.768 -206.41 1.82549
924.548 -206.064 1.81162
924.361 -205.724 1.797
924.172 -205.387 1.78264
924.026 -205.056 1.7672
923.928 -204.729 1.75047
923.839 -204.404 1.73361
923.748 -204.081 1.71685
923.66 -203.759 1.70006
923.57 -203.438 1.68343
905.471 -241.971 4.30209
881.175 -206.845 3.21229
909.17 -241.776 4.17634
913.608 -243.133 4.10762
913.034 -239.243 3.9186
919.974 -241.887 3.83549
921.832 -237.212 3.52096
926.463 -234.196 3.20018
918.134 -226.383 3.04879
918.292 -226.098 3.02754
890.469 -209.462 3.04702
890.486 -209.357 3.04057
890.712 -209.368 3.03346
919.782 -220.372 2.65388
924.647 -211.385 1.96219
924.614 -211.042 1.94307
934.958 -212.561 1.66767
933.961 -211.98 1.66847
933.849 -211.561 1.64755
933.688 -211.136 1.62799
933.432 -210.7 1.61113
933.17 -210.268 1.59465
932.871 -209.836 1.57942
932.353 -209.379 1.57055
931.204 -208.854 1.57983
924.676 -207.726 1.74353
923.794 -207.302 1.74932
923.598 -206.959 1.73572
923.415 -206.621 1.7219
923.238 -206.287 1.70806
923.09 -205.958 1.69348
922.989 -205.634 1.67755
922.905 -205.314 1.66117
922.821 -204.995 1.64487
922.735 -204.677 1.62871
922.651 -204.36 1.61253
922.566 -204.045 1.59643
922.48 -203.732 1.58042
922.398 -203.42 1.56437
922.312 -203.109 1.54845
905.479 -241.999 4.13458
881.173 -206.845 3.19311
909.161 -241.781 4.00109
913.596 -243.137 3.91886
913.036 -239.26 3.74148
921.803 -237.205 3.32575
926.46 -234.21 2.9982
918.134 -226.395 2.88585
918.283 -226.104 2.86468
890.48 -209.357 2.99077
890.705 -209.368 2.98296
891.738 -209.448 2.94872
891.782 -209.349 2.94169
892.023 -209.349 2.93266
892.025 -209.228 2.92598
891.721 -208.961 2.92271
891.949 -208.952 2.91361
892.184 -208.943 2.90426
892.443 -208.941 2.89442
892.713 -208.941 2.88422
892.991 -208.941 2.8737
919.776 -220.381 2.49542
936.33 -215.358 1.57517
935.481 -214.749 1.57263
934.467 -214.119 1.57521
933.441 -213.503 1.57899
924.689 -211.404 1.7954
924.604 -211.051 1.77807
932.272 -212.092 1.54179
932.032 -211.661 1.52581
931.783 -211.233 1.51029
931.511 -210.805 1.49568
931.008 -210.347 1.48823
929.872 -209.807 1.50041
923.482 -208.565 1.67527
922.851 -208.161 1.67583
922.676 -207.822 1.66254
922.505 -207.486 1.64925
922.333 -207.154 1.63613
922.195 -206.827 1.62204
922.085 -206.506 1.60712
922.004 -206.189 1.59131
921.924 -205.874 1.57555
921.844 -205.56 1.55983
921.763 -205.248 1.54419
921.683 -204.937 1.52858
921.603 -204.627 1.51302
921.521 -204.319 1.49758
921.442 -204.012 1.48207
921.362 -203.706 1.46669
921.281 -203.402 1.45134
921.203 -203.099 1.43595
921.125 -202.797 1.42062
881.172 -206.845 3.17393
909.153 -241.787 3.82593
913.585 -243.142 3.73016
913.039 -239.279 3.56432
921.776 -237.199 3.13074
926.458 -234.223 2.79618
918.134 -226.407 2.72286
918.274 -226.111 2.70184
890.473 -209.357 2.941
890.699 -209.368 2.9325
890.75 -209.282 2.92584
890.75 -209.167 2.91979
890.75 -209.053 2.91378
890.761 -208.946 2.90765
890.973 -208.941 2.89883
891.199 -208.941 2.88963
891.432 -208.941 2.88016
891.684 -208.947 2.87022
891.93 -208.947 2.86015
892.185 -208.947 2.84977
892.447 -208.947 2.83906
892.717 -208.947 2.82801
892.995 -208.947 2.81659
919.773 -220.391 2.33692
935.602 -216.905 1.4849
934.77 -216.275 1.48396
933.944 -215.66 1.48361
932.948 -215.019 1.48888
931.977 -214.4 1.49428
931.121 -213.821 1.49708
931.022 -213.413 1.47784
930.909 -213.006 1.45912
930.685 -212.579 1.44397
924.594 -211.06 1.61304
930.191 -211.731 1.41566
929.709 -211.272 1.40943
928.594 -210.717 1.42425
922.47 -209.386 1.6055
921.951 -208.991 1.60433
921.786 -208.654 1.5916
921.622 -208.321 1.57898
921.458 -207.99 1.56647
921.312 -207.664 1.55348
921.215 -207.347 1.53884
921.134 -207.033 1.5237
921.059 -206.722 1.50844
920.982 -206.412 1.49327
920.904 -206.103 1.47818
920.829 -205.796 1.46303
920.752 -205.49 1.44804
920.677 -205.185 1.43297
920.6 -204.882 1.41804
920.526 -204.58 1.40305
920.449 -204.28 1.3882
920.373 -203.98 1.37335
920.298 -203.682 1.3585
920.221 -203.385 1.34378
920.033 -203.088 1.33366
919.679 -202.791 1.33063
906.268 -202.452 1.87991
881.17 -206.844 3.15477
909.146 -241.795 3.65079
913.574 -243.146 3.54149
913.044 -239.3 3.38706
921.751 -237.195 2.93589
926.455 -234.237 2.59411
918.134 -226.42 2.55981
890.75 -209.872 2.90504
890.758 -209.757 2.89893
890.758 -209.638 2.89295
890.469 -209.359 2.89124
890.692 -209.368 2.88207
890.758 -209.289 2.87518
890.758 -209.175 2.86932
890.758 -209.061 2.86349
890.758 -208.948 2.85769
890.977 -208.947 2.84808
891.203 -208.947 2.83817
891.436 -208.947 2.82797
891.676 -208.947 2.81746
891.894 -208.934 2.80717
892.147 -208.933 2.79603
892.427 -208.942 2.78414
892.697 -208.942 2.77224
892.986 -208.947 2.75972
919.773 -220.402 2.17832
935.633 -218.648 1.37259
934.047 -217.779 1.39609
933.264 -217.15 1.39653
932.44 -216.523 1.39896
931.486 -215.878 1.40613
930.566 -215.256 1.41302
929.784 -214.682 1.41631
929.69 -214.28 1.39792
929.582 -213.877 1.38008
929.391 -213.459 1.3651
929.175 -213.04 1.35117
928.911 -212.615 1.339
928.448 -212.156 1.33397
924.587 -211.069 1.44798
921.519 -210.182 1.53717
921.082 -209.793 1.53481
920.923 -209.458 1.52279
920.764 -209.126 1.51085
920.611 -208.798 1.49885
920.459 -208.473 1.4869
920.364 -208.158 1.47296
920.291 -207.848 1.4582
920.22 -207.54 1.44346
920.146 -207.233 1.42883
920.076 -206.928 1.41413
920.004 -206.624 1.39953
919.932 -206.322 1.38496
919.858 -206.02 1.37051
919.787 -205.721 1.35598
919.715 -205.423 1.34156
919.642 -205.126 1.32719
919.571 -204.83 1.31275
919.498 -204.535 1.29847
919.387 -204.24 1.28583
919.101 -203.94 1.28093
918.717 -203.641 1.2805
918.341 -203.348 1.28006
917.977 -203.06 1.2793
917.613 -202.777 1.27888
906.273 -202.458 1.78105
906.194 -202.261 1.77266
881.169 -206.844 3.13561
909.141 -241.804 3.47567
913.564 -243.15 3.35286
913.054 -239.325 3.2097
921.726 -237.191 2.7412
926.452 -234.251 2.392
918.135 -226.433 2.3967
918.257 -226.126 2.3762
890.808 -209.79 2.84665
890.758 -209.642 2.84177
890.469 -209.362 2.84142
890.685 -209.368 2.83168
890.758 -209.293 2.82459
890.758 -209.178 2.81892
890.758 -209.064 2.81327
890.758 -208.951 2.80765
890.969 -208.947 2.79752
891.196 -208.947 2.78692
891.418 -208.942 2.77622
891.657 -208.942 2.76497
891.904 -208.942 2.75338
892.157 -208.942 2.74142
892.418 -208.942 2.72908
892.688 -208.942 2.71634
892.977 -208.947 2.70289
919.776 -220.415 2.01959
933.322 -219.264 1.30842
932.547 -218.613 1.31074
931.809 -217.985 1.31256
930.977 -217.344 1.31808
930.074 -216.698 1.32668
929.144 -216.059 1.33698
928.493 -215.508 1.33846
928.411 -215.112 1.32068
928.312 -214.715 1.30359
928.143 -214.303 1.28906
927.94 -213.888 1.27592
927.686 -213.465 1.26477
927.214 -213 1.26188
923.123 -211.786 1.39419
920.593 -210.947 1.47107
920.235 -210.569 1.46731
920.081 -210.236 1.45598
919.933 -209.906 1.44454
919.785 -209.579 1.43324
919.645 -209.256 1.4217
919.544 -208.942 1.40874
919.474 -208.635 1.39453
919.408 -208.33 1.38027
919.338 -208.027 1.36615
919.27 -207.725 1.35201
919.203 -207.424 1.3379
919.135 -207.125 1.32383
919.067 -206.827 1.30978
918.999 -206.531 1.29579
918.932 -206.236 1.28179
918.862 -205.942 1.26793
918.795 -205.65 1.25397
918.717 -205.358 1.24051
918.519 -205.06 1.23257
918.15 -204.754 1.23261
917.792 -204.454 1.23243
917.434 -204.16 1.2325
917.089 -203.871 1.23221
916.742 -203.587 1.23227
916.4 -203.308 1.23231
916.071 -203.034 1.232
915.741 -202.765 1.23196
906.278 -202.464 1.68211
906.194 -202.267 1.67421
906.227 -202.07 1.66054
881.167 -206.844 3.11646
909.136 -241.813 3.30054
913.553 -243.154 3.16427
893.446 -219.579 3.0938
893.662 -219.577 3.08428
893.882 -219.577 3.0746
894.106 -219.577 3.06477
890.07 -212.526 2.95318
921.703 -237.188 2.54662
926.45 -234.265 2.18982
918.136 -226.446 2.2335
918.249 -226.133 2.21339
890.784 -209.78 2.79556
890.758 -209.646 2.79057
890.469 -209.366 2.79158
890.678 -209.368 2.78133
890.758 -209.297 2.77399
890.758 -209.182 2.7685
890.758 -209.068 2.76304
890.758 -208.955 2.7576
890.962 -208.947 2.74701
891.188 -208.947 2.7357
891.41 -208.942 2.72432
891.649 -208.942 2.71234
891.895 -208.942 2.69998
892.149 -208.942 2.68723
892.41 -208.942 2.67407
892.679 -208.942 2.66048
892.956 -208.942 2.64644
919.783 -220.429 1.86068
934.237 -221.287 1.1649
931.825 -220.058 1.22506
931.1 -219.411 1.22852
930.398 -218.783 1.23177
929.562 -218.127 1.24038
928.708 -217.481 1.2503
927.374 -216.709 1.27843
927.252 -216.302 1.26304
927.175 -215.91 1.24608
927.095 -215.521 1.22927
926.937 -215.114 1.21552
926.744 -214.702 1.20327
926.531 -214.288 1.19192
925.998 -213.803 1.19328
921.257 -212.354 1.36176
919.691 -211.686 1.40697
919.414 -211.322 1.40139
919.263 -210.988 1.39087
919.123 -210.66 1.38
918.981 -210.335 1.36934
918.844 -210.013 1.35857
918.743 -209.701 1.34635
918.68 -209.397 1.33255
918.615 -209.095 1.31892
918.553 -208.794 1.30515
918.489 -208.495 1.29152
918.426 -208.198 1.27788
918.36 -207.901 1.26437
918.297 -207.607 1.25078
918.233 -207.314 1.23728
918.168 -207.022 1.22384
918.105 -206.731 1.21031
918.036 -206.441 1.19711
917.877 -206.145 1.18818
917.59 -205.839 1.18544
917.238 -205.532 1.18606
916.898 -205.232 1.18633
916.558 -204.937 1.18682
916.228 -204.647 1.18712
915.901 -204.362 1.18747
915.576 -204.083 1.18796
915.259 -203.808 1.18828
914.949 -203.538 1.18846
914.639 -203.272 1.18883
914.34 -203.011 1.18888
914.039 -202.754 1.18924
906.283 -202.47 1.5831
906.195 -202.273 1.57571
906.224 -202.076 1.56211
906.442 -201.876 1.53822
892.551 -226.108 3.28537
892.778 -226.106 3.27586
893.007 -226.103 3.26624
893.238 -226.101 3.25648
881.166 -206.844 3.09732
909.131 -241.824 3.12538
893.037 -220.61 3.06988
893.037 -220.353 3.06041
893.037 -220.1 3.05106
893.037 -219.852 3.04183
893.037 -219.607 3.03272
893.223 -219.577 3.02308
893.438 -219.577 3.01321
893.655 -219.577 3.00319
893.876 -219.577 2.993
894.099 -219.577 2.98265
889.997 -213.83 2.9537
889.994 -213.668 2.94747
889.991 -213.508 2.9413
889.988 -213.351 2.93519
889.985 -213.195 2.92913
889.982 -213.042 2.92313
889.979 -212.89 2.91718
889.976 -212.74 2.91128
889.973 -212.593 2.90544
889.97 -212.447 2.89964
890.125 -212.434 2.8915
921.68 -237.185 2.35218
926.448 -234.279 1.98759
918.138 -226.459 2.07022
918.241 -226.141 2.05057
890.758 -209.768 2.74472
890.758 -209.65 2.73935
890.469 -209.37 2.74172
890.671 -209.368 2.73101
890.758 -209.3 2.72336
890.758 -209.186 2.71807
890.758 -209.072 2.71279
890.758 -208.959 2.70753
890.955 -208.947 2.69652
891.181 -208.947 2.68453
891.403 -208.942 2.67247
891.641 -208.942 2.65974
891.887 -208.942 2.64662
892.14 -208.942 2.63308
892.401 -208.942 2.6191
892.67 -208.942 2.60467
892.947 -208.942 2.58976
919.793 -220.445 1.70155
920.046 -220.208 1.67632
931.079 -221.481 1.13993
930.381 -220.818 1.14457
929.693 -220.172 1.14942
929.019 -219.543 1.1543
928.19 -218.875 1.16561
927.383 -218.229 1.17678
926.221 -217.485 1.20234
926.047 -217.064 1.1901
925.98 -216.678 1.17377
925.9 -216.292 1.15799
925.767 -215.893 1.14439
925.59 -215.485 1.13274
925.373 -215.071 1.12283
924.806 -214.57 1.12767
919.548 -212.888 1.33
918.838 -212.406 1.34363
918.6 -212.047 1.33764
918.466 -211.718 1.32732
918.332 -211.391 1.31711
918.199 -211.068 1.30694
918.067 -210.747 1.29682
917.974 -210.437 1.28502
917.908 -210.135 1.27209
917.846 -209.835 1.25896
917.788 -209.538 1.24574
917.728 -209.241 1.23261
917.667 -208.946 1.21953
917.608 -208.653 1.20637
917.549 -208.361 1.1933
917.489 -208.071 1.18022
917.428 -207.782 1.16723
917.361 -207.494 1.15459
917.266 -207.203 1.14332
917.027 -206.898 1.13923
916.692 -206.585 1.1401
916.36 -206.279 1.14109
916.037 -205.978 1.14182
915.713 -205.682 1.14283
915.395 -205.391 1.14374
915.088 -205.106 1.14433
914.779 -204.825 1.14524
914.48 -204.55 1.14581
914.182 -204.279 1.14654
913.886 -204.012 1.14735
913.599 -203.75 1.14792
913.315 -203.493 1.14847
913.032 -203.239 1.14919
885.39 -202.487 2.6658
885.334 -202.434 2.6658
885.279 -202.383 2.6658
885.224 -202.333 2.6658
885.17 -202.283 2.6658
885.117 -202.234 2.6658
885.064 -202.185 2.6658
892.772 -226.106 3.17835
893.001 -226.104 3.16831
893.236 -226.107 3.15815
881.165 -206.843 3.07819
909.127 -241.835 2.95019
893.037 -220.618 2.98745
893.037 -220.361 2.97867
893.037 -220.108 2.97
893.037 -219.859 2.96142
893.037 -219.614 2.95295
893.217 -219.577 2.94302
893.432 -219.577 2.93266
893.649 -219.577 2.92213
889.996 -215.369 2.95126
889.992 -215.185 2.9449
889.989 -215.003 2.9386
889.986 -214.825 2.93237
889.983 -214.649 2.92621
889.98 -214.476 2.9201
889.977 -214.305 2.91406
889.974 -214.137 2.90807
889.971 -213.971 2.90214
889.968 -213.807 2.89627
889.965 -213.646 2.89044
889.962 -213.487 2.88467
889.959 -213.33 2.87895
889.957 -213.174 2.87328
889.954 -213.021 2.86765
889.951 -212.87 2.86207
889.948 -212.721 2.85653
889.945 -212.574 2.85104
889.943 -212.428 2.84559
890.109 -212.425 2.83686
921.658 -237.183 2.15783
897.87 -216.051 2.57101
926.445 -234.293 1.78528
918.141 -226.473 1.90684
918.233 -226.149 1.88774
890.758 -209.772 2.69327
890.758 -209.654 2.68811
890.469 -209.374 2.69184
890.665 -209.368 2.68072
890.758 -209.304 2.67271
890.758 -209.189 2.66761
890.758 -209.076 2.66252
890.758 -208.963 2.65744
890.947 -208.947 2.64608
891.173 -208.947 2.63339
891.395 -208.942 2.62066
891.633 -208.942 2.60719
891.879 -208.942 2.5933
892.132 -208.942 2.57897
892.392 -208.942 2.56418
892.661 -208.942 2.54891
892.938 -208.942 2.53313
919.807 -220.462 1.54213
919.989 -220.195 1.51905
923.79 -220.691 1.32471
923.864 -220.351 1.30401
924.017 -220.042 1.28023
928.978 -221.543 1.06696
928.329 -220.9 1.07296
927.642 -220.255 1.08105
926.851 -219.586 1.09388
926.095 -218.943 1.10588
924.943 -218.181 1.13485
924.883 -217.798 1.11914
924.82 -217.416 1.10361
924.759 -217.038 1.08807
924.635 -216.643 1.07525
924.465 -216.237 1.06449
924.244 -215.821 1.05612
923.653 -215.304 1.06422
918.537 -213.548 1.27378
917.99 -213.098 1.28254
917.812 -212.753 1.27501
917.687 -212.425 1.26522
917.558 -212.1 1.25566
917.434 -211.778 1.24598
917.312 -211.46 1.23629
917.214 -211.15 1.22554
917.151 -210.85 1.21316
917.097 -210.553 1.20039
917.04 -210.258 1.18775
916.986 -209.964 1.17501
916.931 -209.672 1.16238
916.875 -209.382 1.14973
886.325 -203.795 2.65953
886.267 -203.726 2.65917
886.209 -203.657 2.65881
886.153 -203.59 2.65844
886.097 -203.524 2.65806
886.042 -203.459 2.65767
885.988 -203.395 2.65727
885.935 -203.332 2.65687
885.883 -203.27 2.65646
885.831 -203.209 2.65604
885.78 -203.148 2.65562
885.73 -203.089 2.65519
885.68 -203.03 2.65475
885.631 -202.972 2.65431
885.583 -202.915 2.65386
885.536 -202.859 2.65341
885.489 -202.803 2.65294
885.443 -202.749 2.65247
885.397 -202.694 2.652
885.352 -202.641 2.65152
885.307 -202.588 2.65103
885.263 -202.536 2.65054
885.22 -202.485 2.65004
885.177 -202.434 2.64954
885.134 -202.384 2.64903
885.092 -202.334 2.64852
885.051 -202.285 2.648
885.01 -202.237 2.64747
884.97 -202.189 2.64694
884.929 -202.142 2.6464
892.997 -226.107 3.0704
893.233 -226.113 3.0598
881.163 -206.843 3.05907
909.123 -241.846 2.77495
889.996 -217.347 2.95243
889.993 -217.131 2.94586
889.99 -216.919 2.93937
889.986 -216.71 2.93295
889.983 -216.504 2.92662
889.98 -216.302 2.92035
889.977 -216.104 2.91416
889.974 -215.908 2.90803
889.971 -215.716 2.90197
889.968 -215.527 2.89597
889.965 -215.341 2.89004
889.962 -215.157 2.88416
889.959 -214.977 2.87834
889.956 -214.799 2.87258
889.953 -214.624 2.86687
889.951 -214.451 2.86122
889.948 -214.281 2.85561
889.945 -214.113 2.85005
889.942 -213.948 2.84454
889.94 -213.785 2.83908
889.937 -213.624 2.83366
889.934 -213.465 2.82829
889.931 -213.309 2.82295
889.929 -213.154 2.81766
889.926 -213.001 2.8124
889.924 -212.851 2.80719
889.921 -212.702 2.80201
889.918 -212.555 2.79686
889.934 -212.425 2.79133
890.103 -212.425 2.78208
921.636 -237.182 1.96359
897.832 -216.031 2.48796
926.443 -234.307 1.58291
918.144 -226.487 1.74334
918.226 -226.157 1.72489
890.758 -209.776 2.64181
890.758 -209.658 2.63685
890.469 -209.377 2.64193
890.658 -209.368 2.63047
890.758 -209.308 2.62204
890.758 -209.193 2.61712
890.758 -209.079 2.61222
890.758 -208.966 2.60732
890.94 -208.947 2.59567
891.166 -208.947 2.58228
891.387 -208.942 2.56888
891.625 -208.942 2.55467
891.871 -208.942 2.54002
892.123 -208.942 2.52491
892.383 -208.942 2.5093
892.652 -208.942 2.49319
892.928 -208.942 2.47654
919.827 -220.482 1.38229
919.957 -220.192 1.36112
928.923 -223.589 0.975574
928.23 -222.89 0.98509
923.499 -220.586 1.16471
923.558 -220.243 1.14498
923.8 -219.971 1.11739
925.556 -220.267 1.02434
924.835 -219.624 1.03772
923.816 -218.886 1.0647
923.75 -218.503 1.05025
923.696 -218.127 1.03534
923.641 -217.753 1.02048
923.532 -217.364 1.00813
923.377 -216.963 0.99795
923.153 -216.545 0.991034
922.52 -216.006 1.00335
917.638 -214.206 1.21548
917.202 -213.779 1.22097
917.041 -213.437 1.21373
916.923 -213.112 1.20448
916.802 -212.788 1.19547
916.685 -212.468 1.18634
916.565 -212.15 1.17743
916.466 -211.84 1.16754
916.415 -211.544 1.15529
916.364 -211.25 1.14307
916.312 -210.957 1.13092
916.262 -210.666 1.11867
916.209 -210.376 1.10658
916.159 -210.088 1.09438
916.106 -209.801 1.08228
916.055 -209.516 1.07014
886.364 -203.864 2.63122
886.305 -203.793 2.63111
886.247 -203.724 2.63099
886.19 -203.656 2.63085
886.134 -203.589 2.6307
886.078 -203.523 2.63053
886.024 -203.458 2.63036
885.97 -203.394 2.63017
885.917 -203.331 2.62998
885.865 -203.269 2.62977
885.813 -203.208 2.62955
885.763 -203.148 2.62931
885.713 -203.089 2.62907
885.664 -203.03 2.62882
885.615 -202.972 2.62856
885.567 -202.916 2.62829
885.52 -202.859 2.628
885.473 -202.804 2.62771
885.427 -202.749 2.62741
885.381 -202.695 2.6271
885.336 -202.642 2.62678
885.292 -202.589 2.62645
885.248 -202.538 2.62611
885.205 -202.486 2.62576
885.162 -202.436 2.6254
885.12 -202.385 2.62504
885.078 -202.336 2.62467
885.037 -202.287 2.62428
884.996 -202.239 2.62389
884.956 -202.191 2.6235
884.916 -202.144 2.62309
884.876 -202.097 2.62268
893.231 -226.119 2.96142
881.162 -206.843 3.03995
889.978 -218.45 2.91691
889.975 -218.214 2.91057
889.972 -217.982 2.90432
889.969 -217.755 2.89814
889.966 -217.531 2.89203
889.963 -217.312 2.886
889.96 -217.097 2.88003
889.957 -216.885 2.87414
889.954 -216.677 2.8683
889.951 -216.472 2.86253
889.948 -216.271 2.85682
889.946 -216.073 2.85117
889.943 -215.879 2.84557
889.94 -215.687 2.84002
889.937 -215.499 2.83453
889.935 -215.313 2.82909
889.932 -215.13 2.8237
889.929 -214.95 2.81835
889.926 -214.773 2.81306
889.924 -214.599 2.8078
889.921 -214.427 2.80259
889.919 -214.257 2.79742
889.916 -214.09 2.79229
889.914 -213.925 2.78719
889.911 -213.762 2.78214
889.909 -213.602 2.77712
889.906 -213.444 2.77214
889.904 -213.288 2.76719
889.901 -213.134 2.76227
889.899 -212.981 2.75738
889.896 -212.831 2.75253
889.894 -212.683 2.7477
889.891 -212.536 2.7429
889.928 -212.425 2.73702
890.098 -212.425 2.72732
924.524 -240.038 1.70092
921.615 -237.181 1.76942
897.816 -216.027 2.40445
926.441 -234.322 1.38046
918.148 -226.502 1.57972
918.219 -226.165 1.56201
890.758 -209.78 2.59031
890.758 -209.662 2.58556
890.469 -209.381 2.592
890.651 -209.368 2.58024
890.758 -209.312 2.57135
890.758 -209.197 2.56662
890.758 -209.083 2.5619
890.758 -208.97 2.55719
890.933 -208.947 2.5453
891.158 -208.947 2.53122
891.379 -208.942 2.51713
891.618 -208.942 2.50219
891.863 -208.942 2.48678
892.115 -208.942 2.47088
892.375 -208.942 2.45447
892.643 -208.942 2.43752
892.919 -208.942 2.42
919.856 -220.506 1.22182
919.934 -220.194 1.20294
925.7 -222.257 0.92797
924.984 -221.575 0.942894
923.845 -220.738 0.977694
923.479 -220.224 0.977727
922.72 -219.567 0.996246
922.653 -219.185 0.982903
922.602 -218.812 0.968797
922.548 -218.44 0.954929
922.452 -218.057 0.943038
922.314 -217.661 0.933291
922.085 -217.239 0.928003
918.622 -215.755 1.08163
916.775 -214.846 1.15787
916.425 -214.439 1.1609
916.285 -214.102 1.15364
916.174 -213.778 1.14495
916.061 -213.456 1.13645
915.95 -213.137 1.12791
915.838 -212.821 1.1195
915.753 -212.515 1.1097
915.694 -212.218 1.09863
915.647 -211.926 1.08691
915.601 -211.635 1.07513
915.554 -211.347 1.06343
915.505 -211.059 1.05179
915.459 -210.774 1.04005
915.41 -210.489 1.02847
915.362 -210.207 1.01681
915.277 -209.918 1.00724
915.031 -209.6 1.00667
914.733 -209.276 1.00915
886.344 -203.862 2.60269
886.286 -203.792 2.60281
886.228 -203.723 2.60292
886.171 -203.655 2.60301
886.115 -203.588 2.60308
886.06 -203.522 2.60313
886.005 -203.458 2.60317
885.952 -203.394 2.60319
885.899 -203.331 2.60319
885.847 -203.269 2.60318
885.796 -203.208 2.60315
885.746 -203.148 2.60311
885.696 -203.089 2.60306
885.647 -203.03 2.60299
885.598 -202.973 2.6029
885.551 -202.916 2.60281
885.504 -202.86 2.6027
885.457 -202.805 2.60257
885.411 -202.75 2.60243
885.366 -202.696 2.60229
885.321 -202.643 2.60212
885.277 -202.591 2.60195
885.233 -202.539 2.60176
885.19 -202.487 2.60156
885.148 -202.437 2.60135
885.106 -202.387 2.60113
885.064 -202.337 2.6009
885.023 -202.289 2.60065
884.982 -202.24 2.6004
884.942 -202.193 2.60013
884.902 -202.145 2.59985
884.863 -202.099 2.59957
884.824 -202.053 2.59927
895.833 -228.17 2.77972
881.16 -206.843 3.02084
893.222 -223.743 2.80756
893.305 -223.545 2.79853
893.178 -223.063 2.7934
889.944 -218.41 2.84757
889.941 -218.175 2.84191
889.938 -217.944 2.83631
889.935 -217.718 2.83078
889.933 -217.495 2.8253
889.93 -217.277 2.81988
889.927 -217.062 2.81452
889.925 -216.851 2.80921
889.922 -216.644 2.80394
889.919 -216.44 2.79873
889.917 -216.24 2.79357
889.914 -216.043 2.78845
889.912 -215.849 2.78338
889.909 -215.658 2.77834
889.907 -215.47 2.77335
889.904 -215.285 2.7684
889.902 -215.103 2.76349
889.899 -214.924 2.75861
889.897 -214.748 2.75378
889.894 -214.574 2.74897
889.892 -214.402 2.7442
889.89 -214.233 2.73946
889.887 -214.066 2.73475
889.885 -213.902 2.73007
889.883 -213.74 2.72542
889.88 -213.58 2.7208
889.878 -213.422 2.7162
889.876 -213.267 2.71163
889.874 -213.113 2.70709
889.871 -212.961 2.70257
889.869 -212.812 2.69807
889.867 -212.664 2.6936
889.865 -212.518 2.68914
889.923 -212.425 2.68271
890.093 -212.425 2.67256
890.265 -212.425 2.6622
924.5 -240.036 1.49269
921.594 -237.18 1.57527
897.805 -216.025 2.32082
926.439 -234.336 1.17785
918.152 -226.517 1.4159
918.212 -226.174 1.39905
890.758 -209.784 2.53878
890.758 -209.665 2.53423
890.469 -209.385 2.54204
890.644 -209.368 2.53003
890.758 -209.316 2.52061
890.758 -209.201 2.51608
890.758 -209.087 2.51154
890.758 -208.974 2.50701
890.925 -208.947 2.49494
891.15 -208.947 2.48017
891.372 -208.942 2.46541
891.61 -208.942 2.44973
891.854 -208.942 2.43356
892.089 -208.934 2.4177
892.366 -208.942 2.39966
892.634 -208.942 2.38187
892.91 -208.942 2.36348
919.907 -220.54 1.05995
919.917 -220.198 1.04451
922.405 -220.894 0.908172
921.62 -220.21 0.930875
921.579 -219.84 0.917294
921.538 -219.472 0.903767
921.493 -219.106 0.890395
921.413 -218.729 0.878844
921.278 -218.334 0.870145
921.026 -217.901 0.867482
916.64 -216.012 1.07858
915.925 -215.463 1.10182
915.655 -215.077 1.10229
915.542 -214.748 1.0946
915.439 -214.425 1.08646
915.333 -214.105 1.07848
915.229 -213.787 1.07051
915.124 -213.473 1.06261
915.04 -213.167 1.05362
914.987 -212.872 1.04292
914.945 -212.583 1.03167
914.901 -212.294 1.02049
914.859 -212.008 1.00919
914.815 -211.723 0.99805
914.771 -211.439 0.986828
914.728 -211.158 0.975622
914.65 -210.869 0.966391
914.462 -210.558 0.963571
914.181 -210.231 0.966216
913.902 -209.908 0.968983
913.624 -209.591 0.971802
913.354 -209.28 0.97436
913.088 -208.974 0.97679
886.324 -203.86 2.57427
886.266 -203.79 2.57462
886.208 -203.722 2.57496
886.152 -203.654 2.57527
886.096 -203.587 2.57556
886.041 -203.521 2.57583
885.987 -203.457 2.57608
885.934 -203.393 2.5763
885.881 -203.331 2.57651
885.83 -203.269 2.57669
885.779 -203.208 2.57686
885.729 -203.148 2.57701
885.679 -203.089 2.57714
885.63 -203.031 2.57725
885.582 -202.973 2.57734
885.535 -202.916 2.57742
885.488 -202.861 2.57748
885.441 -202.805 2.57752
885.396 -202.751 2.57755
885.351 -202.697 2.57756
885.306 -202.644 2.57755
885.262 -202.592 2.57753
885.219 -202.54 2.5775
885.176 -202.489 2.57745
885.133 -202.438 2.57738
885.091 -202.388 2.5773
885.05 -202.339 2.57721
885.009 -202.29 2.5771
884.968 -202.242 2.57698
884.928 -202.194 2.57685
884.889 -202.147 2.5767
884.849 -202.101 2.57654
884.811 -202.055 2.57637
884.772 -202.009 2.57619
895.378 -228.286 2.69634
895.51 -228.093 2.68549
895.806 -228.141 2.67087
881.159 -206.842 3.00173
893.133 -223.626 2.71808
893.159 -223.352 2.71082
893.145 -223.028 2.70461
889.909 -218.37 2.77861
889.907 -218.136 2.77362
889.904 -217.906 2.76867
889.902 -217.681 2.76378
889.899 -217.459 2.75892
889.897 -217.242 2.75411
889.895 -217.028 2.74934
889.892 -216.818 2.74461
889.89 -216.612 2.73991
889.888 -216.409 2.73526
889.885 -216.209 2.73063
889.883 -216.013 2.72605
889.881 -215.819 2.72149
889.878 -215.629 2.71697
889.876 -215.442 2.71247
889.874 -215.258 2.70801
889.872 -215.077 2.70357
889.87 -214.898 2.69916
889.867 -214.722 2.69477
889.865 -214.549 2.69041
889.863 -214.378 2.68608
889.861 -214.209 2.68177
889.859 -214.043 2.67748
889.857 -213.879 2.67321
889.854 -213.718 2.66896
889.852 -213.558 2.66473
889.85 -213.401 2.66052
889.848 -213.246 2.65633
889.846 -213.093 2.65215
889.844 -212.942 2.648
889.842 -212.792 2.64385
889.84 -212.645 2.63973
889.839 -212.501 2.63556
889.918 -212.425 2.62844
890.087 -212.425 2.61784
890.26 -212.425 2.60703
924.482 -240.038 1.28442
921.574 -237.179 1.38124
897.796 -216.026 2.23716
926.437 -234.35 0.975225
918.158 -226.533 1.25197
918.206 -226.182 1.23609
890.758 -209.788 2.48724
890.758 -209.669 2.48289
890.458 -209.383 2.49255
890.637 -209.368 2.47987
890.758 -209.319 2.46987
890.758 -209.205 2.46552
890.758 -209.091 2.46117
890.758 -208.977 2.45682
890.918 -208.947 2.44463
891.143 -208.947 2.42917
891.364 -208.942 2.41374
891.602 -208.942 2.39732
891.846 -208.942 2.3804
892.087 -208.937 2.36346
892.357 -208.942 2.3449
892.625 -208.942 2.32627
892.9 -208.942 2.30702
920.569 -220.839 0.865958
919.905 -220.205 0.885954
920.5 -220.11 0.840142
920.461 -219.747 0.827501
920.389 -219.374 0.81659
920.262 -218.982 0.808674
919.988 -218.537 0.80876
915.565 -216.532 1.03439
915.104 -216.063 1.04643
914.912 -215.701 1.04401
914.812 -215.375 1.03657
914.714 -215.054 1.02908
914.615 -214.735 1.02165
914.519 -214.419 1.01411
914.421 -214.106 1.00672
914.343 -213.802 0.998234
914.292 -213.508 0.98824
914.255 -213.221 0.977396
914.216 -212.935 0.96664
914.178 -212.651 0.955854
914.138 -212.368 0.945147
914.1 -212.087 0.934344
914.035 -211.801 0.925108
913.893 -211.497 0.920548
913.619 -211.163 0.923965
913.353 -210.836 0.927101
913.091 -210.515 0.9301
912.829 -210.199 0.933277
912.573 -209.888 0.936202
912.323 -209.584 0.938953
912.071 -209.283 0.941908
911.826 -208.988 0.944594
886.364 -203.93 2.54536
886.305 -203.859 2.54598
886.246 -203.789 2.54657
886.189 -203.72 2.54713
886.133 -203.653 2.54766
886.077 -203.586 2.54817
886.023 -203.521 2.54865
885.969 -203.456 2.5491
885.916 -203.393 2.54953
885.864 -203.33 2.54994
885.812 -203.269 2.55032
885.762 -203.208 2.55068
885.712 -203.148 2.55101
885.662 -203.089 2.55133
885.614 -203.031 2.55162
885.566 -202.973 2.55189
885.518 -202.917 2.55214
885.472 -202.861 2.55236
885.426 -202.806 2.55257
885.38 -202.752 2.55276
885.335 -202.698 2.55293
885.291 -202.645 2.55308
885.247 -202.593 2.55322
885.204 -202.541 2.55333
885.161 -202.49 2.55343
885.119 -202.44 2.55351
885.077 -202.39 2.55357
885.036 -202.341 2.55361
884.995 -202.292 2.55364
884.955 -202.244 2.55365
884.915 -202.196 2.55365
884.875 -202.149 2.55363
884.836 -202.103 2.5536
884.797 -202.057 2.55355
884.759 -202.011 2.55348
884.721 -201.966 2.55341
895.375 -228.292 2.58747
895.505 -228.097 2.57696
895.779 -228.112 2.56228
881.157 -206.842 2.98263
893.131 -223.632 2.62702
893.153 -223.352 2.62061
893.142 -223.031 2.61528
889.875 -218.331 2.71
889.873 -218.098 2.70567
889.871 -217.869 2.70137
889.869 -217.644 2.69711
889.866 -217.424 2.69287
889.864 -217.207 2.68866
889.862 -216.994 2.68448
889.86 -216.785 2.68032
889.858 -216.579 2.67619
889.856 -216.377 2.67208
889.854 -216.178 2.66799
889.852 -215.983 2.66393
889.85 -215.79 2.65989
889.848 -215.601 2.65587
889.846 -215.414 2.65186
889.844 -215.231 2.64788
889.842 -215.05 2.64391
889.84 -214.872 2.63996
889.838 -214.697 2.63603
889.836 -214.524 2.63211
889.834 -214.353 2.62821
889.832 -214.186 2.62432
889.83 -214.02 2.62044
889.828 -213.857 2.61658
889.826 -213.696 2.61273
889.824 -213.537 2.60889
889.822 -213.38 2.60507
889.821 -213.225 2.60125
889.819 -213.073 2.59744
889.817 -212.922 2.59364
889.815 -212.773 2.58985
889.813 -212.626 2.58607
889.838 -212.504 2.58117
889.913 -212.425 2.57419
890.082 -212.425 2.56314
890.254 -212.425 2.55187
924.466 -240.042 1.07608
921.554 -237.18 1.18725
897.778 -216.02 2.15397
926.435 -234.365 0.772497
918.164 -226.55 1.08784
890.379 -209.687 2.45863
890.299 -209.524 2.45863
890.416 -209.477 2.44877
890.501 -209.41 2.44042
890.631 -209.368 2.42973
890.758 -209.323 2.4191
890.758 -209.208 2.41494
890.758 -209.094 2.41078
890.758 -208.981 2.40661
890.911 -208.947 2.39435
891.135 -208.947 2.3782
891.356 -208.942 2.3621
891.594 -208.942 2.34495
891.838 -208.942 2.32727
892.079 -208.937 2.30959
892.349 -208.942 2.29018
892.616 -208.942 2.27072
892.891 -208.942 2.25061
919.458 -220.368 0.765592
919.39 -219.996 0.755575
893.074 -208.65 2.22541
918.909 -219.122 0.75509
914.711 -217.102 0.980834
914.331 -216.657 0.990267
914.186 -216.309 0.986319
914.094 -215.986 0.979422
914.002 -215.665 0.972482
913.91 -215.348 0.96559
913.821 -215.034 0.958572
913.731 -214.723 0.951652
913.663 -214.422 0.943407
913.612 -214.129 0.93414
913.577 -213.843 0.923922
913.543 -213.559 0.913619
913.509 -213.277 0.903335
913.471 -212.995 0.893239
913.416 -212.71 0.884167
913.309 -212.412 0.87837
913.054 -212.076 0.881817
912.797 -211.744 0.885589
912.545 -211.418 0.8891
912.299 -211.099 0.892407
912.052 -210.783 0.895922
911.811 -210.474 0.899127
911.574 -210.17 0.90225
911.336 -209.87 0.905528
911.104 -209.576 0.90854
910.877 -209.287 0.911403
910.648 -209.001 0.914462
910.423 -208.72 0.91735
886.344 -203.928 2.51695
886.285 -203.857 2.51781
886.227 -203.787 2.51863
886.17 -203.719 2.51941
886.114 -203.651 2.52017
886.059 -203.585 2.52089
886.004 -203.52 2.52158
885.951 -203.455 2.52224
885.898 -203.392 2.52287
885.846 -203.33 2.52348
885.795 -203.268 2.52405
885.744 -203.208 2.5246
885.695 -203.148 2.52512
885.646 -203.089 2.52562
885.597 -203.031 2.52608
885.549 -202.974 2.52653
885.502 -202.917 2.52695
885.456 -202.862 2.52734
885.41 -202.807 2.52772
885.365 -202.752 2.52807
885.32 -202.699 2.52839
885.276 -202.646 2.5287
885.232 -202.594 2.52898
885.189 -202.542 2.52925
885.146 -202.491 2.52949
885.104 -202.441 2.52971
885.063 -202.391 2.52991
885.022 -202.342 2.5301
884.981 -202.293 2.53026
884.941 -202.245 2.53041
884.901 -202.198 2.53053
884.862 -202.151 2.53064
884.823 -202.105 2.53073
884.784 -202.059 2.5308
884.746 -202.013 2.53086
884.708 -201.968 2.5309
884.671 -201.924 2.53092
895.501 -228.102 2.4684
895.752 -228.083 2.45395
881.156 -206.842 2.96354
893.13 -223.64 2.53587
893.147 -223.353 2.53041
893.138 -223.034 2.52593
889.841 -218.291 2.64175
889.839 -218.059 2.63807
889.837 -217.831 2.63441
889.835 -217.608 2.63077
889.834 -217.388 2.62714
889.832 -217.172 2.62353
889.83 -216.96 2.61992
889.828 -216.752 2.61634
889.826 -216.547 2.61276
889.825 -216.346 2.6092
889.823 -216.147 2.60564
889.821 -215.953 2.6021
889.819 -215.761 2.59857
889.817 -215.572 2.59504
889.816 -215.386 2.59153
889.814 -215.204 2.58802
889.812 -215.023 2.58452
889.81 -214.846 2.58103
889.809 -214.671 2.57754
889.807 -214.499 2.57406
889.805 -214.329 2.57059
889.804 -214.162 2.56712
889.802 -213.997 2.56365
889.8 -213.834 2.56019
889.798 -213.674 2.55674
889.797 -213.515 2.55328
889.795 -213.359 2.54984
889.793 -213.205 2.54639
889.791 -213.053 2.54295
889.79 -212.902 2.5395
889.788 -212.754 2.53606
889.8 -212.619 2.532
889.837 -212.508 2.52676
889.907 -212.425 2.51995
890.076 -212.425 2.50846
890.249 -212.425 2.49672
924.453 -240.048 0.867665
921.535 -237.18 0.993308
926.433 -234.379 0.569668
928.62 -234.327 0.410344
928.185 -233.565 0.417913
927.691 -232.78 0.428873
918.172 -226.567 0.923502
890.277 -209.63 2.41387
890.277 -209.515 2.41009
890.409 -209.477 2.39911
890.489 -209.407 2.39093
890.625 -209.369 2.37954
890.758 -209.327 2.36829
890.758 -209.212 2.36433
890.758 -209.098 2.36035
890.758 -208.985 2.35637
890.904 -208.947 2.3441
891.128 -208.947 2.32726
891.349 -208.942 2.31049
891.586 -208.942 2.29261
891.83 -208.942 2.27417
892.081 -208.942 2.25514
892.34 -208.942 2.2355
892.618 -208.947 2.21455
892.893 -208.947 2.19356
914.663 -218.293 0.892931
913.868 -217.651 0.92869
893.073 -208.654 2.16835
913.471 -216.901 0.929443
913.385 -216.579 0.923079
913.3 -216.26 0.91669
913.216 -215.944 0.910318
913.132 -215.631 0.903918
913.047 -215.321 0.897587
912.987 -215.022 0.889691
912.941 -214.731 0.880898
912.91 -214.447 0.871169
912.88 -214.165 0.861375
912.849 -213.885 0.851641
912.792 -213.598 0.843506
912.705 -213.303 0.837283
912.474 -212.967 0.840403
912.234 -212.632 0.844267
911.992 -212.302 0.84837
911.756 -211.978 0.852131
911.524 -211.66 0.855832
911.291 -211.346 0.859664
911.065 -211.038 0.863123
910.841 -210.735 0.86661
910.616 -210.436 0.870192
910.398 -210.143 0.873437
910.182 -209.854 0.876657
909.966 -209.569 0.880008
909.755 -209.289 0.883121
909.547 -209.014 0.886031
909.338 -208.742 0.889167
909.132 -208.474 0.892221
886.324 -203.926 2.48867
886.265 -203.855 2.48976
886.207 -203.786 2.4908
886.151 -203.718 2.49181
886.095 -203.65 2.49279
886.04 -203.584 2.49372
885.986 -203.519 2.49462
885.933 -203.455 2.49549
885.88 -203.392 2.49632
885.829 -203.329 2.49712
885.778 -203.268 2.49788
885.727 -203.208 2.49862
885.678 -203.148 2.49933
885.629 -203.089 2.5
885.581 -203.031 2.50065
885.533 -202.974 2.50126
885.486 -202.918 2.50185
885.44 -202.862 2.50242
885.394 -202.807 2.50295
885.349 -202.753 2.50346
885.305 -202.7 2.50395
885.261 -202.647 2.50441
885.217 -202.595 2.50484
885.174 -202.543 2.50525
885.132 -202.493 2.50564
885.09 -202.442 2.506
885.049 -202.393 2.50634
885.008 -202.344 2.50666
884.967 -202.295 2.50696
884.927 -202.247 2.50724
884.887 -202.2 2.50749
884.848 -202.153 2.50773
884.809 -202.106 2.50794
884.771 -202.061 2.50814
884.733 -202.015 2.50831
884.696 -201.97 2.50847
884.658 -201.926 2.5086
884.621 -201.882 2.50872
 ] }
 color Color { color [
0.481751 0 0.518249
0.0547639 0 0.945236
0.541975 0 0.458025
0.508126 0 0.491874
0.577632 0 0.422368
0.579308 0 0.420692
0.467157 0 0.532843
0.468045 0 0.531955
0.142932 0 0.857068
0.143255 0 0.856745
0.454254 0 0.545746
0.473444 0 0.526556
0.48167 0 0.51833
0.0547379 0 0.945262
0.541839 0 0.458161
0.508089 0 0.491911
0.577104 0 0.422896
0.579279 0 0.420721
0.467134 0 0.532866
0.467902 0 0.532098
0.142937 0 0.857063
0.143182 0 0.856818
0.454294 0 0.545706
0.473486 0 0.526514
0.481607 0 0.518393
0.0547131 0 0.945287
0.541711 0 0.458289
0.508066 0 0.491934
0.576733 0 0.423267
0.579262 0 0.420738
0.46712 0 0.53288
0.467772 0 0.532228
0.142863 0 0.857137
0.142907 0 0.857093
0.454374 0 0.545626
0.473548 0 0.526452
0.481562 0 0.518438
0.0546885 0 0.945311
0.541588 0 0.458412
0.508058 0 0.491942
0.576452 0 0.423548
0.579252 0 0.420748
0.467116 0 0.532884
0.467655 0 0.532345
0.142871 0 0.857129
0.142838 0 0.857162
0.454497 0 0.545503
0.456158 0 0.543842
0.473631 0 0.526369
0.474958 0 0.525042
0.481535 0 0.518465
0.054665 0 0.945335
0.541473 0 0.458527
0.508065 0 0.491935
0.576238 0 0.423762
0.579256 0 0.420744
0.467121 0 0.532879
0.46755 0 0.53245
0.142956 0 0.857044
0.142976 0 0.857024
0.156026 0 0.843974
0.454672 0 0.545328
0.455393 0 0.544607
0.473738 0 0.526262
0.474583 0 0.525417
0.481528 0 0.518472
0.0546423 0 0.945358
0.541365 0 0.458635
0.508086 0 0.491914
0.576084 0 0.423916
0.579267 0 0.420733
0.467134 0 0.532866
0.467455 0 0.532545
0.142968 0 0.857032
0.142911 0 0.857089
0.156948 0 0.843052
0.156153 0 0.843847
0.156146 0 0.843853
0.454912 0 0.545088
0.455048 0 0.544952
0.473871 0 0.526129
0.474337 0 0.525663
0.481546 0 0.518454
0.0546198 0 0.94538
0.541264 0 0.458736
0.508123 0 0.491877
0.575988 0 0.424012
0.579286 0 0.420714
0.467158 0 0.532842
0.467373 0 0.532627
0.142982 0 0.857018
0.142847 0 0.857153
0.156873 0 0.843127
0.156463 0 0.843537
0.455247 0 0.544753
0.454827 0 0.545173
0.474033 0 0.525967
0.474156 0 0.525844
0.598762 0 0.401238
0.595248 0 0.404752
0.588687 0 0.411313
0.576301 0 0.423699
0.525423 0 0.474577
0.488863 0 0.511137
0.485672 0 0.514328
0.48159 0 0.51841
0.0545986 0 0.945401
0.502542 0 0.497458
0.541168 0 0.458832
0.508175 0 0.491825
0.575956 0 0.424044
0.560378 0 0.439622
0.579312 0 0.420688
0.467191 0 0.532809
0.4673 0 0.5327
0.142997 0 0.857003
0.142786 0 0.857214
0.156804 0 0.843196
0.156168 0 0.843832
0.455776 0 0.544224
0.454682 0 0.545318
0.474232 0 0.525768
0.474021 0 0.525979
0.595214 0 0.404786
0.593361 0 0.406639
0.590702 0 0.409298
0.58732 0 0.41268
0.583941 0 0.416059
0.580353 0 0.419647
0.574219 0 0.425781
0.561957 0 0.438043
0.504766 0 0.495234
0.478843 0 0.521157
0.475915 0 0.524085
0.473736 0 0.526264
0.471666 0 0.528334
0.47004 0 0.52996
0.468971 0 0.531029
0.48167 0 0.51833
0.0545779 0 0.945422
0.502322 0 0.497678
0.541081 0 0.458919
0.508245 0 0.491755
0.576001 0 0.423999
0.559884 0 0.440116
0.579347 0 0.420653
0.467234 0 0.532766
0.467239 0 0.532761
0.143014 0 0.856986
0.142727 0 0.857273
0.157205 0 0.842795
0.454591 0 0.545409
0.47448 0 0.52552
0.473921 0 0.526079
0.592359 0 0.407641
0.581152 0 0.418848
0.579062 0 0.420938
0.576657 0 0.423343
0.573375 0 0.426625
0.570107 0 0.429893
0.566681 0 0.433319
0.560504 0 0.439496
0.548503 0 0.451497
0.485653 0 0.514346
0.469167 0 0.530833
0.466691 0 0.533309
0.46458 0 0.53542
0.462462 0 0.537538
0.460804 0 0.539196
0.459661 0 0.540339
0.458616 0 0.541384
0.457582 0 0.542418
0.456603 0 0.543397
0.45562 0 0.544379
0.481799 0 0.518201
0.0545614 0 0.945439
0.50222 0 0.49778
0.541 0 0.459
0.508333 0 0.491667
0.576167 0 0.423833
0.559556 0 0.440444
0.579389 0 0.420611
0.467285 0 0.532715
0.467188 0 0.532812
0.143032 0 0.856968
0.14267 0 0.85733
0.1447 0 0.8553
0.454549 0 0.545451
0.474801 0 0.525199
0.47385 0 0.52615
0.578367 0 0.421633
0.567549 0 0.432451
0.565752 0 0.434248
0.563501 0 0.436499
0.560307 0 0.439693
0.557096 0 0.442904
0.553546 0 0.446454
0.547809 0 0.452191
0.535758 0 0.464242
0.469584 0 0.530416
0.460353 0 0.539647
0.458056 0 0.541944
0.455914 0 0.544086
0.453854 0 0.546146
0.452115 0 0.547885
0.45087 0 0.54913
0.449819 0 0.550181
0.448789 0 0.551211
0.447754 0 0.552246
0.446769 0 0.553231
0.445801 0 0.554199
0.444843 0 0.555157
0.443939 0 0.556061
0.443032 0 0.556968
0.482032 0 0.517968
0.0545467 0 0.945453
0.502163 0 0.497837
0.540926 0 0.459074
0.508443 0 0.491557
0.559275 0 0.440725
0.579439 0 0.420561
0.467347 0 0.532653
0.467145 0 0.532855
0.142615 0 0.857385
0.144642 0 0.855358
0.15413 0 0.84587
0.154075 0 0.845925
0.156228 0 0.843772
0.155707 0 0.844293
0.151805 0 0.848195
0.153828 0 0.846172
0.155914 0 0.844086
0.158265 0 0.841735
0.160727 0 0.839273
0.163276 0 0.836724
0.454546 0 0.545454
0.597349 0 0.402651
0.587753 0 0.412247
0.576527 0 0.423473
0.565248 0 0.434752
0.475294 0 0.524706
0.473802 0 0.526198
0.551149 0 0.448851
0.548041 0 0.451959
0.544884 0 0.455116
0.541524 0 0.458476
0.53586 0 0.46414
0.523839 0 0.476161
0.458807 0 0.541193
0.452029 0 0.547971
0.449868 0 0.550132
0.447782 0 0.552218
0.445709 0 0.554291
0.444006 0 0.555994
0.442607 0 0.557393
0.441524 0 0.558476
0.440466 0 0.559534
0.439436 0 0.560564
0.438422 0 0.561578
0.437437 0 0.562563
0.436473 0 0.563527
0.435515 0 0.564485
0.434609 0 0.565391
0.433705 0 0.566295
0.432824 0 0.567176
0.431986 0 0.568014
0.431168 0 0.568832
0.0545325 0 0.945468
0.502135 0 0.497865
0.540859 0 0.459141
0.508581 0 0.491419
0.559027 0 0.440973
0.579499 0 0.420501
0.46742 0 0.53258
0.467114 0 0.532886
0.142561 0 0.857439
0.144586 0 0.855414
0.144626 0 0.855374
0.144084 0 0.855916
0.143552 0 0.856448
0.143153 0 0.856847
0.145014 0 0.854986
0.147039 0 0.852961
0.149128 0 0.850872
0.151417 0 0.848583
0.153646 0 0.846354
0.15595 0 0.84405
0.158331 0 0.841669
0.160794 0 0.839206
0.163341 0 0.836659
0.454584 0 0.545416
0.593857 0 0.406143
0.584275 0 0.415725
0.5748 0 0.4252
0.563645 0 0.436355
0.552809 0 0.447191
0.543217 0 0.456783
0.541409 0 0.458591
0.539491 0 0.460509
0.536467 0 0.463533
0.473777 0 0.526223
0.530076 0 0.469924
0.524534 0 0.475466
0.512616 0 0.487384
0.450015 0 0.549985
0.444287 0 0.555713
0.44217 0 0.55783
0.440085 0 0.559915
0.438033 0 0.561967
0.436183 0 0.563817
0.434856 0 0.565144
0.433712 0 0.566288
0.43264 0 0.56736
0.431582 0 0.568418
0.430538 0 0.569462
0.429542 0 0.570458
0.428542 0 0.571458
0.427596 0 0.572404
0.426645 0 0.573355
0.425742 0 0.574258
0.424837 0 0.575163
0.42396 0 0.57604
0.423117 0 0.576883
0.422268 0 0.577732
0.420339 0 0.579661
0.416765 0 0.583235
0.282523 0 0.717477
0.0545189 0 0.945481
0.50213 0 0.49787
0.540799 0 0.459201
0.508754 0 0.491246
0.558801 0 0.441199
0.579567 0 0.420433
0.467503 0 0.532497
0.147536 0 0.852464
0.147016 0 0.852984
0.146427 0 0.853573
0.142535 0 0.857465
0.144533 0 0.855467
0.14473 0 0.85527
0.144187 0 0.855813
0.143655 0 0.856345
0.143134 0 0.856866
0.145083 0 0.854917
0.147108 0 0.852892
0.149197 0 0.850803
0.151353 0 0.848647
0.153264 0 0.846736
0.155555 0 0.844445
0.15814 0 0.84186
0.160599 0 0.839401
0.163267 0 0.836733
0.454657 0 0.545343
0.598687 0 0.401313
0.581076 0 0.418924
0.571885 0 0.428115
0.562316 0 0.437684
0.551476 0 0.448524
0.541054 0 0.458946
0.532105 0 0.467895
0.530281 0 0.469719
0.528345 0 0.471655
0.525593 0 0.474407
0.522607 0 0.477393
0.519182 0 0.480818
0.513752 0 0.486248
0.473773 0 0.526227
0.441981 0 0.558019
0.437013 0 0.562987
0.434889 0 0.565111
0.432803 0 0.567197
0.430793 0 0.569207
0.428827 0 0.571173
0.427449 0 0.572551
0.426328 0 0.573672
0.425238 0 0.574762
0.424152 0 0.575848
0.423121 0 0.576879
0.422096 0 0.577904
0.421095 0 0.578905
0.420094 0 0.579906
0.419146 0 0.580854
0.418202 0 0.581798
0.417276 0 0.582724
0.416395 0 0.583605
0.415504 0 0.584496
0.414261 0 0.585739
0.411278 0 0.588722
0.407349 0 0.592651
0.403506 0 0.596494
0.399821 0 0.600179
0.396139 0 0.603861
0.282614 0 0.717386
0.281828 0 0.718172
0.0545064 0 0.945494
0.502146 0 0.497854
0.540747 0 0.459253
0.508996 0 0.491004
0.558595 0 0.441405
0.579641 0 0.420359
0.467597 0 0.532403
0.467077 0 0.532923
0.147626 0 0.852374
0.146454 0 0.853546
0.142561 0 0.85744
0.144481 0 0.855519
0.144756 0 0.855244
0.144213 0 0.855787
0.143681 0 0.856319
0.14316 0 0.85684
0.145027 0 0.854973
0.14705 0 0.85295
0.149024 0 0.850976
0.151177 0 0.848823
0.1534 0 0.8466
0.155697 0 0.844303
0.158072 0 0.841928
0.160528 0 0.839472
0.163194 0 0.836806
0.45477 0 0.54523
0.578282 0 0.421718
0.568988 0 0.431012
0.560135 0 0.439865
0.550377 0 0.449623
0.53995 0 0.46005
0.529302 0 0.470698
0.521604 0 0.478396
0.519836 0 0.480164
0.517917 0 0.482083
0.515317 0 0.484683
0.512395 0 0.487605
0.508995 0 0.491005
0.503392 0 0.496608
0.46083 0 0.53917
0.434348 0 0.565652
0.430106 0 0.569894
0.427979 0 0.572021
0.425937 0 0.574063
0.423913 0 0.576087
0.422004 0 0.577996
0.420507 0 0.579493
0.41936 0 0.58064
0.418262 0 0.581738
0.417158 0 0.582842
0.416093 0 0.583907
0.415054 0 0.584946
0.414033 0 0.585967
0.413037 0 0.586963
0.412058 0 0.587942
0.411107 0 0.588893
0.410154 0 0.589846
0.409251 0 0.590749
0.40826 0 0.59174
0.406082 0 0.593918
0.402211 0 0.597789
0.39847 0 0.60153
0.394752 0 0.605248
0.39119 0 0.60881
0.387627 0 0.612373
0.384141 0 0.615859
0.3808 0 0.6192
0.37747 0 0.62253
0.282709 0 0.717291
0.28188 0 0.71812
0.282225 0 0.717775
0.054494 0 0.945506
0.502179 0 0.497821
0.5407 0 0.4593
0.230886 0 0.769114
0.232319 0 0.767681
0.233807 0 0.766193
0.235325 0 0.764675
0.157362 0 0.842638
0.558406 0 0.441594
0.579725 0 0.420275
0.467702 0 0.532298
0.467072 0 0.532928
0.147381 0 0.852619
0.146482 0 0.853518
0.142588 0 0.857412
0.144431 0 0.855569
0.144784 0 0.855216
0.14424 0 0.85576
0.143708 0 0.856292
0.143187 0 0.856813
0.144973 0 0.855027
0.146994 0 0.853006
0.148966 0 0.851035
0.151117 0 0.848883
0.153338 0 0.846662
0.155633 0 0.844367
0.158006 0 0.841994
0.16046 0 0.83954
0.162999 0 0.837001
0.454924 0 0.545076
0.59322 0 0.40678
0.566444 0 0.433556
0.55755 0 0.44245
0.548967 0 0.451033
0.539044 0 0.460956
0.529006 0 0.470994
0.514023 0 0.485977
0.511734 0 0.488266
0.509947 0 0.490053
0.50817 0 0.49183
0.50561 0 0.49439
0.502715 0 0.497285
0.499657 0 0.500343
0.49334 0 0.50666
0.443842 0 0.556158
0.427095 0 0.572905
0.423608 0 0.576392
0.421445 0 0.578555
0.419422 0 0.580578
0.4174 0 0.5826
0.415454 0 0.584546
0.413906 0 0.586094
0.41277 0 0.58723
0.411626 0 0.588374
0.410545 0 0.589455
0.409462 0 0.590538
0.40841 0 0.59159
0.407355 0 0.592645
0.406347 0 0.593653
0.405349 0 0.594651
0.404363 0 0.595637
0.403422 0 0.596578
0.402436 0 0.597564
0.40057 0 0.59943
0.397443 0 0.602557
0.39368 0 0.60632
0.390065 0 0.609935
0.386478 0 0.613522
0.383 0 0.617
0.379583 0 0.620417
0.376205 0 0.623795
0.372925 0 0.627075
0.369737 0 0.630263
0.366572 0 0.633428
0.363531 0 0.636469
0.36049 0 0.63951
0.282812 0 0.717188
0.281938 0 0.718062
0.282248 0 0.717752
0.284464 0 0.715536
0.278131 0 0.721869
0.279302 0 0.720698
0.280497 0 0.719503
0.281717 0 0.718283
0.0544825 0 0.945518
0.502227 0 0.497773
0.236051 0 0.763949
0.234071 0 0.765929
0.232136 0 0.767864
0.230243 0 0.769757
0.228392 0 0.771608
0.229392 0 0.770608
0.230819 0 0.769181
0.232277 0 0.767723
0.233764 0 0.766236
0.235281 0 0.764719
0.16554 0 0.83446
0.164403 0 0.835597
0.163288 0 0.836712
0.162196 0 0.837804
0.161126 0 0.838874
0.160078 0 0.839922
0.15905 0 0.84095
0.158044 0 0.841956
0.157058 0 0.842942
0.15609 0 0.84391
0.157197 0 0.842803
0.558232 0 0.441768
0.579817 0 0.420183
0.46782 0 0.53218
0.467077 0 0.532923
0.147101 0 0.852899
0.146512 0 0.853488
0.142617 0 0.857383
0.144383 0 0.855617
0.144813 0 0.855187
0.14427 0 0.85573
0.143737 0 0.856263
0.143216 0 0.856784
0.144919 0 0.855081
0.146939 0 0.853061
0.148909 0 0.851091
0.151059 0 0.848941
0.153278 0 0.846722
0.155571 0 0.844429
0.157942 0 0.842058
0.160393 0 0.839607
0.16293 0 0.83707
0.455122 0 0.544878
0.45653 0 0.54347
0.564048 0 0.435952
0.555256 0 0.444744
0.546636 0 0.453364
0.53823 0 0.46177
0.528263 0 0.471737
0.518589 0 0.481411
0.50527 0 0.49473
0.502364 0 0.497636
0.500609 0 0.499391
0.498758 0 0.501242
0.496393 0 0.503607
0.493595 0 0.506405
0.490425 0 0.509575
0.483665 0 0.516335
0.428511 0 0.571489
0.42046 0 0.57954
0.417308 0 0.582692
0.415258 0 0.584742
0.413231 0 0.586769
0.411242 0 0.588758
0.409289 0 0.590711
0.407766 0 0.592234
0.406533 0 0.593467
0.405377 0 0.594623
0.404268 0 0.595732
0.40317 0 0.59683
0.402086 0 0.597914
0.401047 0 0.598953
0.400015 0 0.599985
0.39901 0 0.60099
0.398013 0 0.601987
0.396968 0 0.603032
0.395668 0 0.604332
0.392939 0 0.607061
0.389267 0 0.610733
0.385643 0 0.614357
0.38214 0 0.61786
0.37865 0 0.62135
0.375245 0 0.624755
0.371967 0 0.628033
0.368691 0 0.631309
0.365539 0 0.634461
0.362416 0 0.637584
0.359336 0 0.640664
0.356358 0 0.643642
0.353436 0 0.646564
0.350536 0 0.649464
0.0736097 0 0.92639
0.0730448 0 0.926955
0.0724906 0 0.927509
0.0719461 0 0.928054
0.0714115 0 0.928589
0.0708865 0 0.929114
0.0703703 0 0.92963
0.279268 0 0.720732
0.280463 0 0.719537
0.281749 0 0.718251
0.0544721 0 0.945528
0.50229 0 0.49771
0.23611 0 0.76389
0.23413 0 0.76587
0.232194 0 0.767806
0.230301 0 0.769699
0.228449 0 0.771551
0.229354 0 0.770646
0.230781 0 0.769219
0.232237 0 0.767763
0.176525 0 0.823475
0.175154 0 0.824846
0.173813 0 0.826187
0.1725 0 0.8275
0.171215 0 0.828785
0.169957 0 0.830043
0.168726 0 0.831274
0.167519 0 0.832481
0.166338 0 0.833662
0.165182 0 0.834818
0.164049 0 0.835951
0.162939 0 0.837061
0.161852 0 0.838148
0.160786 0 0.839213
0.159743 0 0.840257
0.15872 0 0.84128
0.157718 0 0.842282
0.156735 0 0.843265
0.155773 0 0.844227
0.157026 0 0.842974
0.558074 0 0.441926
0.240894 0 0.759106
0.579916 0 0.420084
0.46795 0 0.53205
0.467091 0 0.532909
0.147133 0 0.852867
0.146543 0 0.853457
0.142648 0 0.857352
0.144336 0 0.855664
0.144844 0 0.855156
0.144301 0 0.855699
0.143768 0 0.856232
0.143247 0 0.856753
0.144869 0 0.855131
0.146886 0 0.853114
0.148855 0 0.851145
0.151002 0 0.848998
0.15322 0 0.84678
0.155511 0 0.844489
0.15788 0 0.84212
0.160329 0 0.839671
0.162863 0 0.837137
0.455374 0 0.544626
0.456002 0 0.543998
0.493073 0 0.506927
0.492526 0 0.507474
0.492842 0 0.507158
0.544586 0 0.455414
0.536271 0 0.463729
0.527605 0 0.472395
0.51791 0 0.48209
0.50866 0 0.49134
0.495293 0 0.504707
0.493526 0 0.506474
0.491756 0 0.508244
0.490032 0 0.509968
0.487686 0 0.512314
0.484896 0 0.515104
0.481602 0 0.518398
0.474493 0 0.525507
0.420458 0 0.579542
0.414 0 0.586
0.411406 0 0.588594
0.409382 0 0.590618
0.407353 0 0.592646
0.405395 0 0.594605
0.403483 0 0.596517
0.401844 0 0.598156
0.400591 0 0.599409
0.399452 0 0.600548
0.398313 0 0.601687
0.397219 0 0.602781
0.396131 0 0.603869
0.39507 0 0.60493
0.0841383 0 0.915862
0.0834494 0 0.916551
0.0827749 0 0.917225
0.0821154 0 0.917885
0.0814701 0 0.91853
0.0808387 0 0.919161
0.0802203 0 0.91978
0.0796157 0 0.920384
0.0790238 0 0.920976
0.0784446 0 0.921555
0.0778773 0 0.922123
0.0773224 0 0.922678
0.0767783 0 0.923222
0.0762457 0 0.923754
0.0757245 0 0.924276
0.0752138 0 0.924786
0.0747135 0 0.925287
0.0742228 0 0.925777
0.0737431 0 0.926257
0.073272 0 0.926728
0.0728111 0 0.927189
0.0723594 0 0.927641
0.0719168 0 0.928083
0.0714826 0 0.928517
0.0710574 0 0.928943
0.0706405 0 0.92936
0.0702316 0 0.929768
0.0698317 0 0.930168
0.0694389 0 0.930561
0.0690541 0 0.930946
0.280465 0 0.719535
0.281783 0 0.718217
0.0544618 0 0.945538
0.502367 0 0.497633
0.191558 0 0.808442
0.189852 0 0.810148
0.188185 0 0.811815
0.186556 0 0.813444
0.184963 0 0.815037
0.183406 0 0.816594
0.181883 0 0.818117
0.180394 0 0.819606
0.178937 0 0.821063
0.177512 0 0.822488
0.176118 0 0.823882
0.174754 0 0.825246
0.173419 0 0.826581
0.172112 0 0.827888
0.170833 0 0.829167
0.169581 0 0.830419
0.168355 0 0.831645
0.167154 0 0.832846
0.165979 0 0.834021
0.164827 0 0.835173
0.163699 0 0.836301
0.162594 0 0.837406
0.161511 0 0.838489
0.160451 0 0.839549
0.159411 0 0.840589
0.158393 0 0.841607
0.157395 0 0.842605
0.156417 0 0.843583
0.155691 0 0.844309
0.156994 0 0.843006
0.557929 0 0.442071
0.240492 0 0.759508
0.580024 0 0.419976
0.468094 0 0.531906
0.467114 0 0.532886
0.147167 0 0.852833
0.146577 0 0.853423
0.14268 0 0.85732
0.144291 0 0.855709
0.144877 0 0.855123
0.144333 0 0.855667
0.143801 0 0.856199
0.143279 0 0.856721
0.144819 0 0.855181
0.146835 0 0.853165
0.148802 0 0.851198
0.150948 0 0.849052
0.153163 0 0.846837
0.155453 0 0.844547
0.157819 0 0.842181
0.160266 0 0.839734
0.162798 0 0.837202
0.455693 0 0.544307
0.455752 0 0.544248
0.551642 0 0.448358
0.542582 0 0.457418
0.490051 0 0.509949
0.489343 0 0.510657
0.490623 0 0.509377
0.508112 0 0.491888
0.499108 0 0.500892
0.487008 0 0.512992
0.485111 0 0.514889
0.483365 0 0.516635
0.481651 0 0.518349
0.47939 0 0.52061
0.476683 0 0.523317
0.473292 0 0.526708
0.465646 0 0.534354
0.413661 0 0.586339
0.408281 0 0.591719
0.405791 0 0.594209
0.403788 0 0.596212
0.401776 0 0.598224
0.399833 0 0.600167
0.397881 0 0.602118
0.396177 0 0.603823
0.394993 0 0.605007
0.393831 0 0.606169
0.392679 0 0.607321
0.391572 0 0.608428
0.390458 0 0.609542
0.38939 0 0.61061
0.388325 0 0.611675
0.387293 0 0.612707
0.0846575 0 0.915343
0.0839549 0 0.916045
0.0832685 0 0.916731
0.0825972 0 0.917403
0.081941 0 0.918059
0.081298 0 0.918702
0.0806698 0 0.91933
0.0800546 0 0.919945
0.0794524 0 0.920548
0.0788629 0 0.921137
0.0782861 0 0.921714
0.0777211 0 0.922279
0.0771685 0 0.922831
0.0766268 0 0.923373
0.0760965 0 0.923903
0.0755769 0 0.924423
0.0750685 0 0.924932
0.0745697 0 0.92543
0.0740813 0 0.925919
0.0736031 0 0.926397
0.0731344 0 0.926866
0.0726749 0 0.927325
0.0722247 0 0.927775
0.0717836 0 0.928216
0.0713517 0 0.928648
0.070928 0 0.929072
0.0705125 0 0.929488
0.0701051 0 0.929895
0.0697066 0 0.930293
0.0693153 0 0.930685
0.068932 0 0.931068
0.0685558 0 0.931444
0.281821 0 0.718179
0.0544522 0 0.945548
0.200189 0 0.799811
0.19828 0 0.80172
0.196415 0 0.803585
0.194595 0 0.805405
0.192817 0 0.807183
0.191079 0 0.808921
0.189382 0 0.810618
0.187723 0 0.812277
0.186102 0 0.813898
0.184517 0 0.815483
0.182968 0 0.817032
0.181452 0 0.818548
0.179971 0 0.820029
0.178521 0 0.821479
0.177103 0 0.822897
0.175716 0 0.824284
0.174358 0 0.825642
0.173029 0 0.826971
0.171728 0 0.828272
0.170455 0 0.829545
0.169208 0 0.830792
0.167988 0 0.832012
0.166792 0 0.833208
0.165622 0 0.834378
0.164475 0 0.835525
0.163352 0 0.836648
0.162252 0 0.837748
0.161174 0 0.838826
0.160118 0 0.839882
0.159083 0 0.840917
0.158069 0 0.841931
0.157075 0 0.842925
0.156101 0 0.843899
0.155662 0 0.844338
0.156963 0 0.843037
0.598377 0 0.401623
0.557798 0 0.442202
0.240356 0 0.759644
0.58014 0 0.41986
0.468251 0 0.531749
0.467146 0 0.532854
0.147202 0 0.852798
0.146612 0 0.853388
0.142715 0 0.857285
0.144248 0 0.855752
0.144912 0 0.855088
0.144368 0 0.855632
0.143835 0 0.856165
0.143313 0 0.856687
0.144771 0 0.855229
0.146786 0 0.853214
0.148751 0 0.851249
0.150895 0 0.849105
0.153109 0 0.846891
0.155397 0 0.844603
0.15776 0 0.84224
0.160205 0 0.839795
0.162735 0 0.837265
0.456119 0 0.543881
0.455612 0 0.544388
0.51682 0 0.48318
0.507603 0 0.492397
0.493902 0 0.506098
0.488601 0 0.511399
0.479149 0 0.520851
0.47717 0 0.52283
0.475405 0 0.524595
0.473625 0 0.526375
0.471446 0 0.528554
0.468841 0 0.531159
0.465324 0 0.534676
0.427739 0 0.572261
0.407353 0 0.592647
0.402786 0 0.597214
0.400454 0 0.599546
0.398464 0 0.601536
0.396475 0 0.603525
0.394535 0 0.605465
0.392605 0 0.607395
0.390992 0 0.609008
0.389663 0 0.610337
0.388485 0 0.611515
0.387347 0 0.612653
0.386214 0 0.613786
0.385093 0 0.614907
0.384015 0 0.615985
0.382929 0 0.617071
0.381881 0 0.618119
0.380469 0 0.619531
0.377438 0 0.622562
0.373911 0 0.626089
0.0844726 0 0.915527
0.0837741 0 0.916226
0.0830901 0 0.91691
0.082422 0 0.917578
0.0817682 0 0.918232
0.0811285 0 0.918872
0.0805026 0 0.919497
0.0798898 0 0.92011
0.0792908 0 0.920709
0.0787036 0 0.921296
0.0781292 0 0.921871
0.0775666 0 0.922433
0.0770156 0 0.922984
0.0764762 0 0.923524
0.0759482 0 0.924052
0.0754309 0 0.924569
0.074924 0 0.925076
0.0744276 0 0.925572
0.0739415 0 0.926059
0.0734648 0 0.926535
0.0729983 0 0.927002
0.0725404 0 0.92746
0.0720924 0 0.927908
0.0716528 0 0.928347
0.0712224 0 0.928778
0.0708001 0 0.9292
0.0703861 0 0.929614
0.0699802 0 0.93002
0.0695832 0 0.930417
0.0691933 0 0.930807
0.0688115 0 0.931189
0.0684367 0 0.931563
0.068069 0 0.931931
0.313323 0 0.686677
0.0544433 0 0.945557
0.262084 0 0.737916
0.260964 0 0.739036
0.256316 0 0.743684
0.199668 0 0.800332
0.197769 0 0.802231
0.195914 0 0.804086
0.194103 0 0.805897
0.192334 0 0.807666
0.190605 0 0.809395
0.188917 0 0.811083
0.187266 0 0.812734
0.185653 0 0.814347
0.184076 0 0.815924
0.182534 0 0.817466
0.181027 0 0.818973
0.179552 0 0.820448
0.178109 0 0.821891
0.176698 0 0.823302
0.175317 0 0.824683
0.173965 0 0.826035
0.172643 0 0.827357
0.171348 0 0.828652
0.17008 0 0.82992
0.16884 0 0.83116
0.167624 0 0.832376
0.166434 0 0.833566
0.165269 0 0.834731
0.164127 0 0.835873
0.163009 0 0.836991
0.161914 0 0.838086
0.16084 0 0.83916
0.159789 0 0.840211
0.158758 0 0.841242
0.157748 0 0.842252
0.156759 0 0.843241
0.155789 0 0.844211
0.155635 0 0.844365
0.156935 0 0.843065
0.158266 0 0.841734
0.598234 0 0.401766
0.557681 0 0.442319
0.240281 0 0.759719
0.580263 0 0.419737
0.468424 0 0.531576
0.467186 0 0.532814
0.14724 0 0.85276
0.146649 0 0.853351
0.142751 0 0.857249
0.144206 0 0.855794
0.144949 0 0.855051
0.144404 0 0.855596
0.143871 0 0.856129
0.143349 0 0.856651
0.144726 0 0.855274
0.146738 0 0.853262
0.148702 0 0.851298
0.150844 0 0.849156
0.153057 0 0.846943
0.155147 0 0.844853
0.157704 0 0.842296
0.160146 0 0.839854
0.162674 0 0.837326
0.456788 0 0.543212
0.455542 0 0.544458
0.481198 0 0.518802
0.471337 0 0.528663
0.469578 0 0.530422
0.467842 0 0.532158
0.466107 0 0.533893
0.464022 0 0.535978
0.461382 0 0.538618
0.45754 0 0.54246
0.409839 0 0.590161
0.401279 0 0.598721
0.397473 0 0.602527
0.395369 0 0.604631
0.393393 0 0.606607
0.391422 0 0.608578
0.389489 0 0.610511
0.387578 0 0.612422
0.385913 0 0.614087
0.384599 0 0.615401
0.383418 0 0.616582
0.382245 0 0.617755
0.381116 0 0.618884
0.37998 0 0.62002
0.378882 0 0.621118
0.377801 0 0.622199
0.376389 0 0.623611
0.373866 0 0.626134
0.370426 0 0.629574
0.367023 0 0.632977
0.363667 0 0.636333
0.360413 0 0.639587
0.357234 0 0.642766
0.0842902 0 0.91571
0.0835942 0 0.916406
0.0829135 0 0.917087
0.0822486 0 0.917751
0.0815972 0 0.918403
0.0809606 0 0.919039
0.0803372 0 0.919663
0.0797268 0 0.920273
0.0791301 0 0.92087
0.0785453 0 0.921455
0.0779733 0 0.922027
0.077413 0 0.922587
0.0768651 0 0.923135
0.076328 0 0.923672
0.0758016 0 0.924198
0.0752866 0 0.924713
0.0747812 0 0.925219
0.0742871 0 0.925713
0.0738025 0 0.926198
0.0733281 0 0.926672
0.0728631 0 0.927137
0.0724074 0 0.927593
0.0719602 0 0.92804
0.0715229 0 0.928477
0.0710939 0 0.928906
0.0706731 0 0.929327
0.0702613 0 0.929739
0.0698569 0 0.930143
0.0694605 0 0.930539
0.0690721 0 0.930928
0.0686917 0 0.931308
0.0683184 0 0.931682
0.0679529 0 0.932047
0.0675937 0 0.932406
0.311739 0 0.688261
0.310871 0 0.689129
0.312943 0 0.687057
0.0544355 0 0.945564
0.260621 0 0.739379
0.258552 0 0.741448
0.255846 0 0.744154
0.199152 0 0.800848
0.197262 0 0.802738
0.195417 0 0.804583
0.193616 0 0.806384
0.191856 0 0.808144
0.190136 0 0.809864
0.188456 0 0.811544
0.186814 0 0.813186
0.185209 0 0.814791
0.183639 0 0.816361
0.182105 0 0.817895
0.180604 0 0.819396
0.179137 0 0.820863
0.177701 0 0.822299
0.176297 0 0.823703
0.174922 0 0.825078
0.173577 0 0.826423
0.17226 0 0.82774
0.170971 0 0.829029
0.169709 0 0.830291
0.168474 0 0.831526
0.167264 0 0.832736
0.16608 0 0.83392
0.164919 0 0.835081
0.163783 0 0.836217
0.16267 0 0.83733
0.161579 0 0.838421
0.16051 0 0.83949
0.159463 0 0.840537
0.158437 0 0.841563
0.157431 0 0.842569
0.156446 0 0.843554
0.155501 0 0.844499
0.155609 0 0.844391
0.156909 0 0.843091
0.158239 0 0.841761
0.598165 0 0.401835
0.557576 0 0.442424
0.24024 0 0.75976
0.580394 0 0.419606
0.468614 0 0.531386
0.467235 0 0.532765
0.147279 0 0.852721
0.146688 0 0.853312
0.142669 0 0.857331
0.144167 0 0.855833
0.144987 0 0.855013
0.144443 0 0.855557
0.14391 0 0.85609
0.143387 0 0.856613
0.144682 0 0.855318
0.146693 0 0.853307
0.148655 0 0.851345
0.150796 0 0.849204
0.153006 0 0.846994
0.155174 0 0.844826
0.157649 0 0.842351
0.16009 0 0.83991
0.162615 0 0.837385
0.464133 0 0.535867
0.455526 0 0.544474
0.460661 0 0.539339
0.458919 0 0.541081
0.45686 0 0.54314
0.454237 0 0.545763
0.450072 0 0.549928
0.401549 0 0.598451
0.395599 0 0.604401
0.392553 0 0.607447
0.390527 0 0.609473
0.388543 0 0.611457
0.386586 0 0.613414
0.384685 0 0.615315
0.382789 0 0.617211
0.381128 0 0.618872
0.379772 0 0.620228
0.378594 0 0.621406
0.377421 0 0.622579
0.376276 0 0.623724
0.375137 0 0.624863
0.374036 0 0.625964
0.372684 0 0.627316
0.37055 0 0.62945
0.367088 0 0.632912
0.363731 0 0.636269
0.360452 0 0.639548
0.357195 0 0.642805
0.354033 0 0.645967
0.350949 0 0.649051
0.347881 0 0.652119
0.344905 0 0.655095
0.0848171 0 0.915183
0.0841088 0 0.915891
0.083416 0 0.916584
0.0827393 0 0.917261
0.0820761 0 0.917924
0.0814279 0 0.918572
0.0807937 0 0.919206
0.0801734 0 0.919827
0.0795662 0 0.920434
0.0789711 0 0.921029
0.0783895 0 0.921611
0.0778198 0 0.92218
0.0772618 0 0.922738
0.0767155 0 0.923285
0.0761807 0 0.923819
0.0756566 0 0.924343
0.0751431 0 0.924857
0.0746408 0 0.925359
0.0741482 0 0.925852
0.0736651 0 0.926335
0.073193 0 0.926807
0.0727295 0 0.927271
0.0722753 0 0.927725
0.0718303 0 0.92817
0.0713945 0 0.928606
0.0709669 0 0.929033
0.0705477 0 0.929452
0.0701373 0 0.929863
0.0697343 0 0.930266
0.0693402 0 0.93066
0.0689533 0 0.931047
0.0685735 0 0.931427
0.0682016 0 0.931798
0.0678368 0 0.932163
0.0674798 0 0.93252
0.067129 0 0.932871
0.311791 0 0.688209
0.310901 0 0.689099
0.312565 0 0.687435
0.054428 0 0.945572
0.260675 0 0.739325
0.258533 0 0.741467
0.255865 0 0.744135
0.198641 0 0.801359
0.196762 0 0.803239
0.194926 0 0.805074
0.193133 0 0.806867
0.191382 0 0.808618
0.189672 0 0.810328
0.188 0 0.812
0.186366 0 0.813634
0.184769 0 0.815231
0.183207 0 0.816793
0.181681 0 0.818319
0.180187 0 0.819813
0.178726 0 0.821274
0.177297 0 0.822703
0.175899 0 0.824101
0.174531 0 0.825469
0.173192 0 0.826808
0.171882 0 0.828118
0.170598 0 0.829402
0.169342 0 0.830658
0.168112 0 0.831888
0.166908 0 0.833092
0.165729 0 0.834271
0.164574 0 0.835426
0.163442 0 0.836558
0.162334 0 0.837666
0.161247 0 0.838753
0.160183 0 0.839817
0.15914 0 0.84086
0.158119 0 0.841881
0.157117 0 0.842883
0.156136 0 0.843864
0.155531 0 0.844469
0.155585 0 0.844415
0.156884 0 0.843116
0.158214 0 0.841786
0.598139 0 0.401861
0.557485 0 0.442515
0.24009 0 0.75991
0.580533 0 0.419467
0.468823 0 0.531177
0.143521 0 0.856479
0.142009 0 0.857991
0.142783 0 0.857217
0.143199 0 0.856801
0.144129 0 0.855871
0.145027 0 0.854973
0.144483 0 0.855517
0.143949 0 0.856051
0.143427 0 0.856573
0.14464 0 0.85536
0.146649 0 0.853351
0.148609 0 0.851391
0.150749 0 0.849251
0.152956 0 0.847044
0.155122 0 0.844878
0.157596 0 0.842404
0.160035 0 0.839965
0.162558 0 0.837442
0.452132 0 0.547868
0.450044 0 0.549956
0.163093 0 0.836907
0.442247 0 0.557753
0.395699 0 0.604301
0.390521 0 0.609479
0.387921 0 0.612079
0.385908 0 0.614092
0.383938 0 0.616062
0.381993 0 0.618007
0.380104 0 0.619896
0.378229 0 0.621771
0.37662 0 0.62338
0.375218 0 0.624782
0.374005 0 0.625995
0.372829 0 0.627171
0.371669 0 0.628331
0.370496 0 0.629504
0.369172 0 0.630828
0.367321 0 0.632679
0.363965 0 0.636035
0.360609 0 0.639391
0.357347 0 0.642653
0.354169 0 0.645831
0.351007 0 0.648993
0.347943 0 0.652057
0.344939 0 0.655061
0.341957 0 0.658043
0.339061 0 0.660939
0.336233 0 0.663767
0.333417 0 0.666583
0.330668 0 0.669332
0.084635 0 0.915365
0.0839299 0 0.91607
0.0832404 0 0.91676
0.0825661 0 0.917434
0.0819061 0 0.918094
0.081261 0 0.918739
0.0806292 0 0.919371
0.0800114 0 0.919989
0.0794065 0 0.920594
0.0788145 0 0.921185
0.0782345 0 0.921766
0.0776671 0 0.922333
0.0771115 0 0.922889
0.0765675 0 0.923433
0.076035 0 0.923965
0.0755125 0 0.924488
0.075002 0 0.924998
0.0745005 0 0.925499
0.0740102 0 0.92599
0.0735293 0 0.926471
0.0730587 0 0.926941
0.0725967 0 0.927403
0.0721448 0 0.927855
0.0717013 0 0.928299
0.0712669 0 0.928733
0.0708408 0 0.929159
0.0704238 0 0.929576
0.0700149 0 0.929985
0.0696134 0 0.930387
0.0692199 0 0.93078
0.0688344 0 0.931166
0.0684569 0 0.931543
0.0680864 0 0.931914
0.0677231 0 0.932277
0.0673667 0 0.932633
0.0670173 0 0.932983
0.0666748 0 0.933325
0.310935 0 0.689065
0.312195 0 0.687805
0.0544212 0 0.945579
0.260757 0 0.739243
0.258518 0 0.741482
0.255886 0 0.744114
0.198135 0 0.801865
0.196265 0 0.803735
0.194439 0 0.805561
0.192656 0 0.807344
0.190914 0 0.809086
0.189212 0 0.810788
0.187549 0 0.812451
0.185923 0 0.814077
0.184333 0 0.815667
0.18278 0 0.81722
0.18126 0 0.81874
0.179774 0 0.820226
0.17832 0 0.82168
0.176898 0 0.823102
0.175506 0 0.824494
0.174144 0 0.825856
0.172812 0 0.827188
0.171507 0 0.828493
0.17023 0 0.82977
0.168979 0 0.831021
0.167755 0 0.832245
0.166555 0 0.833445
0.165381 0 0.834619
0.164231 0 0.835769
0.163105 0 0.836895
0.162001 0 0.837999
0.160919 0 0.839081
0.15986 0 0.84014
0.158822 0 0.841178
0.157804 0 0.842196
0.156807 0 0.843193
0.15601 0 0.84399
0.155563 0 0.844437
0.155563 0 0.844437
0.156862 0 0.843138
0.158191 0 0.841809
0.598144 0 0.401856
0.557406 0 0.442594
0.580679 0 0.419321
0.598819 0 0.401181
0.591097 0 0.408903
0.582775 0 0.417225
0.469053 0 0.530947
0.142372 0 0.857628
0.141792 0 0.858208
0.142749 0 0.857251
0.143099 0 0.856901
0.144108 0 0.855892
0.145069 0 0.854931
0.144525 0 0.855475
0.143991 0 0.856009
0.143468 0 0.856532
0.144599 0 0.855401
0.146607 0 0.853393
0.148566 0 0.851434
0.150703 0 0.849297
0.15291 0 0.84709
0.155189 0 0.844811
0.157546 0 0.842454
0.160104 0 0.839896
0.162627 0 0.837373
0.399889 0 0.600111
0.390042 0 0.609958
0.163129 0 0.836871
0.383495 0 0.616505
0.381499 0 0.618501
0.379539 0 0.620461
0.377609 0 0.622391
0.375714 0 0.624286
0.373839 0 0.626161
0.372259 0 0.627741
0.370858 0 0.629142
0.369636 0 0.630364
0.368445 0 0.631555
0.367263 0 0.632737
0.365838 0 0.634162
0.364125 0 0.635875
0.360927 0 0.639073
0.357659 0 0.642341
0.354402 0 0.645598
0.351249 0 0.648751
0.348152 0 0.651848
0.34508 0 0.65492
0.342112 0 0.657888
0.339184 0 0.660816
0.336283 0 0.663717
0.333477 0 0.666523
0.330715 0 0.669285
0.327974 0 0.672026
0.325307 0 0.674693
0.32271 0 0.67729
0.320115 0 0.679885
0.31757 0 0.68243
0.0844545 0 0.915545
0.0837528 0 0.916247
0.0830664 0 0.916934
0.0823945 0 0.917605
0.0817377 0 0.918262
0.0810951 0 0.918905
0.0804657 0 0.919534
0.079851 0 0.920149
0.0792485 0 0.920752
0.0786589 0 0.921341
0.0780812 0 0.921919
0.0775161 0 0.922484
0.0769628 0 0.923037
0.0764212 0 0.923579
0.0758902 0 0.92411
0.0753708 0 0.924629
0.0748618 0 0.925138
0.0743626 0 0.925637
0.0738737 0 0.926126
0.0733952 0 0.926605
0.0729261 0 0.927074
0.0724663 0 0.927534
0.0720158 0 0.927984
0.0715738 0 0.928426
0.0711409 0 0.928859
0.0707171 0 0.929283
0.0703007 0 0.929699
0.0698933 0 0.930107
0.069494 0 0.930506
0.069102 0 0.930898
0.0687179 0 0.931282
0.068341 0 0.931659
0.067972 0 0.932028
0.0676101 0 0.93239
0.0672551 0 0.932745
0.0669071 0 0.933093
0.0665653 0 0.933435
0.0662311 0 0.933769
 ] }
}
