# Real Time: 714.992
# Simulation Time: 12.69
# Radar Position: 878.892 -203.445 3.03068
# Radar Quat: 0.0370426 -0.0146452 0.284592 0.957821
PointSet {
 coord Coordinate { point [
905.688 -241.868 5.12984
913.686 -243.076 4.9374
913.029 -239.195 4.65501
919.959 -241.915 4.63046
924.474 -240.017 4.33452
921.777 -237.363 4.22021
926.468 -234.054 3.82081
918.135 -226.429 3.51505
918.251 -226.131 3.48946
890.469 -209.369 3.11261
890.692 -209.381 3.10665
892.023 -209.488 3.07431
919.714 -220.584 3.04319
919.89 -220.323 3.01939
905.655 -241.843 4.96475
913.673 -243.083 4.75342
913.027 -239.214 4.48306
919.966 -241.944 4.43502
924.458 -240.025 4.13082
921.77 -237.378 4.02983
926.466 -234.071 3.62389
918.136 -226.445 3.35674
918.242 -226.14 3.33123
890.531 -209.406 3.06743
890.684 -209.381 3.06054
892.028 -209.495 3.02388
892.075 -209.294 3.00826
919.733 -220.606 2.88891
919.858 -220.323 2.86509
905.632 -241.832 4.80066
913.659 -243.09 4.56952
913.027 -239.233 4.31112
924.443 -240.034 3.92725
926.464 -234.089 3.42695
918.139 -226.461 3.19838
918.233 -226.15 3.17303
890.531 -209.41 3.0218
890.641 -209.363 3.01454
891.765 -209.377 2.97458
892.023 -209.276 2.95822
919.761 -220.631 2.73439
892.339 -208.973 2.92598
892.566 -208.955 2.91659
892.82 -208.945 2.90676
905.614 -241.827 4.63697
913.646 -243.097 4.38567
913.029 -239.255 4.13917
924.431 -240.045 3.72376
926.461 -234.106 3.22995
918.142 -226.478 3.03994
918.224 -226.159 3.01486
890.531 -209.414 2.97616
890.644 -209.368 2.96861
891.661 -209.333 2.92598
891.081 -208.962 2.9238
891.291 -208.953 2.91495
891.506 -208.944 2.90585
891.743 -208.941 2.89633
891.994 -208.941 2.88644
892.253 -208.941 2.87623
892.536 -208.947 2.8655
892.814 -208.947 2.85457
937.372 -215.932 1.58129
936.368 -215.299 1.57888
935.482 -214.706 1.57448
934.428 -214.093 1.57543
881.683 -208.124 3.22938
905.597 -241.826 4.47356
913.633 -243.105 4.20188
913.033 -239.28 3.96722
924.42 -240.058 3.52032
926.459 -234.124 3.0329
918.146 -226.495 2.88142
918.216 -226.169 2.8567
890.469 -209.386 2.93104
890.636 -209.368 2.92275
890.75 -209.323 2.91483
890.758 -209.224 2.90794
890.758 -209.121 2.90118
890.758 -209.02 2.89447
890.806 -208.941 2.88722
891.027 -208.941 2.87778
891.268 -208.947 2.86789
891.503 -208.947 2.85785
891.746 -208.947 2.84749
891.997 -208.947 2.83679
892.257 -208.947 2.82574
892.525 -208.947 2.81432
892.766 -208.932 2.80311
935.894 -216.883 1.49564
935.011 -216.263 1.49275
934.157 -215.662 1.48997
933.136 -215.04 1.49286
932.127 -214.436 1.49646
931.149 -213.855 1.50016
931.028 -213.453 1.4794
930.905 -213.054 1.45886
881.68 -208.123 3.21017
905.582 -241.826 4.31033
913.62 -243.112 4.01814
913.046 -239.313 3.79531
924.41 -240.071 3.31692
926.457 -234.141 2.83581
918.151 -226.513 2.72282
918.208 -226.179 2.69855
918.615 -226.047 2.67125
890.758 -209.856 2.90256
890.758 -209.75 2.89565
890.758 -209.644 2.88879
890.469 -209.39 2.88561
890.627 -209.368 2.87694
890.758 -209.331 2.86852
890.758 -209.228 2.86187
890.758 -209.125 2.85526
890.758 -209.024 2.84869
890.81 -208.947 2.84135
891.031 -208.947 2.83121
891.259 -208.947 2.82076
891.473 -208.938 2.81033
891.7 -208.931 2.7995
891.976 -208.942 2.78758
892.235 -208.942 2.77571
892.502 -208.942 2.76345
892.78 -208.942 2.75075
893.079 -208.947 2.73734
934.553 -217.817 1.4113
933.708 -217.191 1.40985
932.881 -216.584 1.40878
931.896 -215.953 1.41338
930.928 -215.342 1.41847
929.896 -214.732 1.42658
929.78 -214.335 1.40649
929.665 -213.94 1.38657
929.465 -213.532 1.36961
929.223 -213.119 1.35431
928.97 -212.708 1.33968
928.51 -212.266 1.33243
881.678 -208.122 3.19099
905.568 -241.828 4.14724
913.607 -243.119 3.83444
920.145 -241.683 3.42312
924.403 -240.086 3.1135
926.455 -234.158 2.63865
918.157 -226.531 2.56408
918.201 -226.19 2.54039
918.57 -226.036 2.51257
890.758 -209.86 2.85547
890.808 -209.781 2.84796
890.758 -209.648 2.84204
890.469 -209.394 2.84016
890.625 -209.371 2.83107
890.758 -209.335 2.82227
890.758 -209.232 2.81577
890.758 -209.129 2.80931
890.758 -209.028 2.8029
890.801 -208.947 2.79567
891.022 -208.947 2.78484
891.25 -208.947 2.77367
891.473 -208.942 2.76239
891.715 -208.942 2.75051
891.966 -208.942 2.73823
892.224 -208.942 2.72555
892.492 -208.942 2.71243
892.769 -208.942 2.69885
893.068 -208.947 2.68448
935.79 -219.857 1.27798
933.258 -218.716 1.33009
932.454 -218.088 1.32987
931.654 -217.474 1.33037
930.701 -216.834 1.3367
929.778 -216.217 1.34304
928.691 -215.575 1.35584
928.584 -215.183 1.3363
928.478 -214.794 1.31691
928.314 -214.394 1.29972
928.087 -213.984 1.28499
927.848 -213.576 1.27096
927.442 -213.139 1.26332
926.516 -212.609 1.27522
920.908 -211.223 1.46275
920.318 -210.815 1.46593
920.086 -210.477 1.45602
881.676 -208.121 3.17182
905.556 -241.832 3.98424
913.594 -243.126 3.65076
920.104 -241.666 3.2271
924.397 -240.102 2.91004
926.452 -234.176 2.44141
918.165 -226.55 2.4052
918.194 -226.2 2.38221
918.537 -226.032 2.35399
890.758 -209.865 2.80835
890.784 -209.772 2.80127
890.758 -209.652 2.79527
890.469 -209.398 2.7947
890.625 -209.375 2.78515
890.758 -209.339 2.77599
890.758 -209.236 2.76965
890.758 -209.133 2.76335
890.758 -209.032 2.75709
890.793 -208.947 2.75004
891.013 -208.947 2.73851
891.241 -208.947 2.72663
891.464 -208.942 2.71466
891.706 -208.942 2.70201
891.956 -208.942 2.68894
892.214 -208.942 2.67544
892.481 -208.942 2.66147
892.758 -208.942 2.64701
893.057 -208.947 2.63167
933.247 -220.377 1.23592
932.013 -219.586 1.25147
931.243 -218.954 1.25257
930.469 -218.334 1.2546
929.55 -217.687 1.26251
928.659 -217.062 1.27035
927.531 -216.389 1.28759
927.431 -216.001 1.26868
927.329 -215.615 1.24996
927.202 -215.225 1.23236
926.985 -214.817 1.21833
926.767 -214.414 1.20463
926.411 -213.984 1.19648
925.556 -213.453 1.2082
920.144 -211.988 1.40078
919.525 -211.564 1.40684
919.336 -211.233 1.39608
919.178 -210.912 1.38428
919.026 -210.594 1.37239
918.872 -210.279 1.36079
918.73 -209.969 1.34886
881.674 -208.119 3.15267
905.545 -241.838 3.82132
913.581 -243.133 3.46712
920.073 -241.659 3.03137
924.393 -240.12 2.70652
926.45 -234.193 2.2441
918.174 -226.57 2.24615
918.187 -226.211 2.22401
918.509 -226.031 2.19549
890.758 -209.869 2.76122
890.808 -209.789 2.75367
890.758 -209.656 2.74849
890.428 -209.381 2.75018
890.628 -209.381 2.73913
890.758 -209.343 2.7297
890.758 -209.24 2.72351
890.758 -209.137 2.71736
890.758 -209.036 2.71125
890.784 -208.947 2.70445
891.004 -208.947 2.69224
891.232 -208.947 2.67964
891.455 -208.942 2.66697
891.696 -208.942 2.65356
891.946 -208.942 2.63971
892.204 -208.942 2.62539
892.471 -208.942 2.61057
892.747 -208.942 2.59523
893.046 -208.947 2.57893
931.628 -221.105 1.17091
930.804 -220.427 1.17547
930.069 -219.792 1.17771
929.315 -219.165 1.18141
928.429 -218.51 1.19083
927.575 -217.879 1.19992
926.455 -217.187 1.22001
926.316 -216.789 1.20341
926.224 -216.407 1.18518
926.11 -216.023 1.16794
925.927 -215.623 1.15367
925.718 -215.222 1.14062
925.404 -214.798 1.13216
924.623 -214.27 1.14328
919.386 -212.729 1.34107
918.847 -212.312 1.34548
918.603 -211.968 1.33789
918.454 -211.647 1.32648
918.307 -211.33 1.31513
918.16 -211.016 1.30395
918.02 -210.706 1.29261
917.923 -210.407 1.27948
917.848 -210.113 1.26552
917.776 -209.822 1.25148
917.706 -209.533 1.23745
881.671 -208.119 3.13355
905.534 -241.845 3.65844
913.568 -243.14 3.28351
893.802 -219.577 3.08835
894.012 -219.577 3.07655
920.049 -241.657 2.83579
889.997 -213.322 2.95468
889.993 -213.18 2.94696
889.99 -213.041 2.93933
889.986 -212.903 2.93178
889.982 -212.767 2.92433
889.978 -212.632 2.91695
889.975 -212.499 2.90966
890.071 -212.448 2.9013
926.448 -234.211 2.04671
918.186 -226.592 2.08689
918.181 -226.222 2.06578
918.485 -226.031 2.03705
890.758 -209.766 2.70785
890.758 -209.66 2.70168
890.421 -209.381 2.70505
890.574 -209.357 2.69471
890.758 -209.347 2.68338
890.758 -209.244 2.67735
890.758 -209.141 2.67136
890.758 -209.04 2.6654
890.776 -208.947 2.6589
890.996 -208.947 2.646
891.223 -208.947 2.6327
891.445 -208.942 2.61934
891.687 -208.942 2.60517
891.936 -208.942 2.59053
892.194 -208.942 2.57538
892.46 -208.942 2.55972
892.736 -208.942 2.5435
893.035 -208.947 2.52624
924.102 -220.368 1.37566
924.212 -220.05 1.35023
930.36 -221.9 1.09814
929.633 -221.241 1.10169
928.923 -220.601 1.10535
928.192 -219.967 1.11056
927.347 -219.308 1.12102
926.528 -218.673 1.13134
925.326 -217.932 1.15787
925.239 -217.551 1.14015
925.15 -217.172 1.12265
925.064 -216.797 1.10515
924.896 -216.401 1.09124
924.7 -216.002 1.07871
924.428 -215.586 1.06973
923.718 -215.062 1.08008
918.646 -213.449 1.28286
918.077 -213.016 1.29029
917.89 -212.682 1.28114
917.748 -212.362 1.27014
917.605 -212.046 1.25933
917.466 -211.733 1.24854
917.332 -211.424 1.23761
917.223 -211.122 1.22571
917.147 -210.83 1.21232
917.081 -210.541 1.19856
917.014 -210.254 1.18496
916.949 -209.968 1.17131
916.882 -209.684 1.15783
916.817 -209.402 1.14433
916.751 -209.121 1.13101
881.67 -208.118 3.11445
905.525 -241.853 3.49561
893.042 -220.349 3.09616
893.037 -220.105 3.08369
893.037 -219.871 3.07143
893.037 -219.642 3.05935
893.18 -219.577 3.04761
893.382 -219.577 3.03582
893.587 -219.577 3.02387
893.794 -219.577 3.01176
894.003 -219.577 2.99947
889.995 -214.191 2.94925
889.991 -214.038 2.94131
889.987 -213.887 2.93348
889.983 -213.738 2.92574
889.979 -213.592 2.9181
889.975 -213.447 2.91055
889.972 -213.304 2.90309
889.968 -213.163 2.89571
889.964 -213.024 2.88842
889.961 -212.886 2.88121
889.957 -212.751 2.87409
889.954 -212.617 2.86704
889.95 -212.484 2.86006
890.035 -212.425 2.85173
897.822 -216.065 2.58139
926.446 -234.228 1.84924
918.201 -226.616 1.92737
918.175 -226.233 1.90752
918.463 -226.033 1.87866
890.758 -209.771 2.66085
890.758 -209.664 2.65484
890.469 -209.41 2.65817
890.566 -209.358 2.64918
890.758 -209.351 2.63704
890.758 -209.248 2.63117
890.758 -209.145 2.62533
890.758 -209.044 2.61952
890.767 -208.947 2.6134
890.987 -208.947 2.59982
891.214 -208.947 2.5858
891.436 -208.942 2.57175
891.677 -208.942 2.55682
891.926 -208.942 2.54139
892.184 -208.942 2.52544
892.45 -208.942 2.50893
892.725 -208.942 2.49183
893.024 -208.947 2.47362
923.641 -220.566 1.24643
923.726 -220.241 1.22226
923.871 -219.938 1.19564
927.1 -220.744 1.04169
926.283 -220.079 1.05365
925.497 -219.438 1.0651
924.371 -218.698 1.09185
924.193 -218.287 1.07886
924.113 -217.912 1.06181
924.023 -217.537 1.04533
923.895 -217.154 1.03068
923.712 -216.757 1.01863
923.475 -216.349 1.00926
922.822 -215.828 1.01922
917.939 -214.155 1.22534
917.388 -213.715 1.23364
917.196 -213.378 1.22559
917.059 -213.059 1.21513
916.921 -212.742 1.20485
916.788 -212.43 1.19446
916.653 -212.12 1.18434
916.531 -211.816 1.1737
916.469 -211.528 1.16025
916.405 -211.24 1.14697
916.341 -210.955 1.13374
916.279 -210.671 1.12049
916.215 -210.389 1.10744
916.153 -210.109 1.09432
916.09 -209.83 1.08132
916.028 -209.553 1.06835
915.967 -209.277 1.05543
915.827 -208.991 1.04676
915.524 -208.684 1.04706
881.695 -209.117 3.14149
881.668 -208.118 3.09536
893.133 -226.299 3.30451
893.23 -226.101 3.2893
905.516 -241.863 3.33278
909.225 -241.833 3.11078
893.037 -220.593 3.03129
893.037 -220.352 3.01929
893.037 -220.114 3.00747
893.037 -219.88 2.99582
893.037 -219.65 2.98435
893.172 -219.577 2.97248
893.374 -219.577 2.96023
893.579 -219.577 2.94781
893.785 -219.577 2.93521
889.996 -215.302 2.95122
889.991 -215.133 2.94296
889.987 -214.967 2.9348
889.983 -214.803 2.92676
889.979 -214.641 2.91882
889.975 -214.482 2.91099
889.972 -214.325 2.90326
889.968 -214.171 2.89562
889.964 -214.018 2.88808
889.96 -213.868 2.88063
889.957 -213.72 2.87327
889.953 -213.574 2.866
889.949 -213.429 2.85881
889.946 -213.287 2.8517
889.942 -213.146 2.84467
889.939 -213.007 2.83772
889.935 -212.87 2.83085
889.932 -212.735 2.82405
889.929 -212.601 2.81731
889.925 -212.469 2.81065
890.029 -212.425 2.80186
890.189 -212.425 2.79181
897.787 -216.049 2.50293
897.966 -215.977 2.48769
926.444 -234.245 1.65168
918.222 -226.643 1.76746
918.169 -226.244 1.74921
918.443 -226.036 1.72031
890.758 -209.775 2.61382
890.758 -209.669 2.60799
890.469 -209.414 2.61262
890.559 -209.358 2.6037
890.758 -209.355 2.59068
890.758 -209.252 2.58497
890.758 -209.149 2.57928
890.758 -209.048 2.57363
890.759 -208.947 2.56794
890.978 -208.947 2.55367
891.205 -208.947 2.53895
891.427 -208.942 2.52421
891.668 -208.942 2.50852
891.917 -208.942 2.49231
892.174 -208.942 2.47554
892.44 -208.942 2.45819
892.715 -208.942 2.44022
893.012 -208.947 2.42105
923.462 -220.51 1.08692
923.507 -220.172 1.06467
923.68 -219.882 1.03678
923.277 -219.383 1.03471
923.178 -219 1.01922
923.102 -218.628 1.00283
923.029 -218.259 0.986439
922.928 -217.885 0.971445
922.752 -217.489 0.960145
922.532 -217.083 0.951158
921.955 -216.574 0.959568
917.229 -214.838 1.16988
916.727 -214.402 1.1775
916.512 -214.056 1.1715
916.383 -213.738 1.16137
916.252 -213.422 1.15152
916.125 -213.11 1.14161
915.995 -212.8 1.13194
915.877 -212.497 1.12183
915.805 -212.206 1.10947
915.744 -211.921 1.09658
915.685 -211.637 1.08367
915.625 -211.355 1.07087
915.565 -211.075 1.05814
915.507 -210.796 1.04539
915.446 -210.519 1.03283
915.387 -210.244 1.02024
915.32 -209.968 1.00816
915.078 -209.664 1.00595
914.77 -209.354 1.00767
914.465 -209.048 1.00945
914.172 -208.75 1.01086
913.88 -208.456 1.01244
913.591 -208.168 1.01408
892.11 -226.793 3.29346
892.08 -226.365 3.27607
892.146 -226.112 3.26079
881.666 -208.118 3.07628
892.571 -226.108 3.23519
892.786 -226.106 3.22219
893.003 -226.104 3.20906
893.224 -226.104 3.19581
905.509 -241.874 3.16994
909.205 -241.829 2.94038
893.037 -220.603 2.95375
893.037 -220.361 2.94239
889.996 -216.536 2.95269
889.992 -216.348 2.94406
889.988 -216.162 2.93556
889.984 -215.98 2.92719
889.979 -215.8 2.91893
889.975 -215.624 2.91079
889.971 -215.45 2.90276
889.967 -215.279 2.89485
889.964 -215.11 2.88704
889.96 -214.944 2.87933
889.956 -214.781 2.87172
889.952 -214.62 2.86421
889.948 -214.461 2.85679
889.945 -214.305 2.84946
889.941 -214.151 2.84222
889.938 -213.999 2.83507
889.934 -213.849 2.828
889.93 -213.701 2.82102
889.927 -213.555 2.81411
889.924 -213.411 2.80728
889.92 -213.269 2.80052
889.917 -213.129 2.79384
889.914 -212.991 2.78722
889.91 -212.854 2.78068
889.907 -212.719 2.7742
889.904 -212.586 2.76779
889.901 -212.454 2.76144
890.023 -212.425 2.75201
890.183 -212.425 2.74153
897.767 -216.043 2.42421
897.916 -215.952 2.4096
926.442 -234.263 1.45404
918.255 -226.676 1.60687
918.164 -226.255 1.59085
918.424 -226.04 1.56198
890.758 -209.779 2.56677
890.758 -209.673 2.56111
890.469 -209.418 2.56704
890.551 -209.358 2.55824
890.758 -209.359 2.5443
890.758 -209.256 2.53874
890.758 -209.153 2.53321
890.758 -209.052 2.52771
890.758 -208.95 2.52222
890.97 -208.947 2.50757
891.196 -208.947 2.49214
891.418 -208.942 2.47671
891.659 -208.942 2.46027
891.907 -208.942 2.44327
892.144 -208.934 2.42659
892.429 -208.942 2.4075
892.704 -208.942 2.38866
893.001 -208.947 2.36854
922.258 -220.062 0.977135
922.191 -219.691 0.961102
922.121 -219.322 0.945262
922.051 -218.955 0.929547
921.971 -218.588 0.914472
921.816 -218.198 0.903168
921.612 -217.795 0.894563
916.708 -215.852 1.12312
916.528 -215.503 1.11577
916.058 -215.067 1.12344
915.844 -214.717 1.11835
915.721 -214.4 1.10869
915.597 -214.084 1.09926
915.474 -213.773 1.08985
915.352 -213.464 1.08058
915.239 -213.16 1.0709
915.161 -212.869 1.05942
915.098 -212.583 1.04728
915.042 -212.301 1.03476
914.986 -212.021 1.02234
914.928 -211.742 1.01004
914.874 -211.465 0.99766
914.817 -211.19 0.98543
914.76 -210.916 0.973305
914.623 -210.627 0.965797
914.328 -210.311 0.967682
914.037 -210 0.96953
913.746 -209.694 0.971663
913.46 -209.394 0.97371
913.186 -209.1 0.97535
912.909 -208.81 0.977333
912.643 -208.527 0.978943
912.376 -208.248 0.980742
912.113 -207.973 0.982601
911.858 -207.704 0.984177
892.081 -227.139 3.21563
892.082 -226.756 3.19961
892.082 -226.382 3.18394
892.138 -226.112 3.1692
881.664 -208.117 3.05721
892.563 -226.108 3.14287
892.778 -226.106 3.12949
892.995 -226.104 3.11597
893.219 -226.11 3.10233
905.503 -241.887 3.00707
889.997 -217.921 2.95342
889.992 -217.708 2.9444
889.988 -217.499 2.93551
889.983 -217.294 2.92677
889.979 -217.092 2.91817
889.975 -216.894 2.90969
889.971 -216.7 2.90135
889.967 -216.509 2.89312
889.962 -216.321 2.88502
889.959 -216.136 2.87704
889.955 -215.954 2.86916
889.951 -215.775 2.8614
889.947 -215.599 2.85374
889.943 -215.426 2.84618
889.939 -215.255 2.83872
889.936 -215.087 2.83136
889.932 -214.922 2.82409
889.928 -214.759 2.81691
889.925 -214.599 2.80982
889.921 -214.441 2.80281
889.918 -214.285 2.79589
889.915 -214.131 2.78905
889.911 -213.979 2.78228
889.908 -213.83 2.77559
889.904 -213.683 2.76898
889.901 -213.537 2.76243
889.898 -213.394 2.75596
889.895 -213.252 2.74955
889.892 -213.112 2.74321
889.888 -212.974 2.73693
889.885 -212.838 2.73071
889.882 -212.703 2.72455
889.879 -212.57 2.71845
889.876 -212.439 2.71241
890.016 -212.425 2.7022
890.176 -212.425 2.69128
897.748 -216.038 2.34562
926.44 -234.28 1.2563
918.159 -226.267 1.43242
918.407 -226.044 1.40367
890.758 -209.783 2.51969
890.758 -209.677 2.51421
890.459 -209.417 2.52186
890.527 -209.349 2.51354
890.758 -209.363 2.49789
890.758 -209.26 2.49249
890.758 -209.157 2.48712
890.758 -209.055 2.48176
890.758 -208.954 2.47643
890.961 -208.947 2.46151
891.187 -208.947 2.44537
891.409 -208.942 2.42926
891.649 -208.942 2.41206
891.897 -208.942 2.39428
892.18 -208.953 2.37459
892.419 -208.942 2.35686
892.693 -208.942 2.33715
892.99 -208.947 2.31608
921.101 -219.631 0.873899
921.029 -219.267 0.859259
920.901 -218.885 0.847659
920.725 -218.491 0.838661
920.251 -217.995 0.845633
915.845 -216.153 1.06242
915.378 -215.708 1.07161
915.188 -215.363 1.06617
915.07 -215.045 1.05709
914.951 -214.73 1.04809
914.836 -214.419 1.03904
914.72 -214.111 1.03019
914.61 -213.807 1.02108
914.53 -213.515 1.01041
914.465 -213.229 0.998932
914.412 -212.948 0.986848
914.36 -212.67 0.974768
914.306 -212.392 0.962827
914.255 -212.117 0.950801
914.201 -211.843 0.938992
914.129 -211.566 0.928343
913.888 -211.254 0.927871
913.6 -210.935 0.930463
913.324 -210.624 0.932557
913.045 -210.318 0.935022
912.772 -210.017 0.93744
912.509 -209.722 0.939387
912.245 -209.432 0.94167
911.985 -209.147 0.943931
911.734 -208.867 0.945808
911.483 -208.592 0.947861
911.237 -208.322 0.949809
910.997 -208.056 0.951602
910.756 -207.795 0.95363
910.519 -207.537 0.955567
910.291 -207.285 0.957142
892.083 -227.157 3.12112
892.084 -226.774 3.10626
892.087 -226.405 3.09173
892.133 -226.118 3.07766
881.662 -208.117 3.03814
892.555 -226.108 3.05058
892.77 -226.106 3.03682
892.99 -226.11 3.02291
893.214 -226.116 3.00884
905.499 -241.902 2.84414
889.974 -218.325 2.90737
889.969 -218.104 2.89868
889.965 -217.888 2.89013
889.961 -217.676 2.88171
889.957 -217.468 2.87343
889.953 -217.263 2.86527
889.949 -217.062 2.85724
889.945 -216.865 2.84932
889.941 -216.671 2.84152
889.937 -216.481 2.83383
889.933 -216.293 2.82625
889.929 -216.109 2.81878
889.926 -215.928 2.8114
889.922 -215.75 2.80412
889.918 -215.574 2.79694
889.915 -215.402 2.78984
889.911 -215.232 2.78284
889.908 -215.064 2.77592
889.905 -214.9 2.76909
889.901 -214.737 2.76234
889.898 -214.577 2.75566
889.895 -214.42 2.74907
889.891 -214.264 2.74254
889.888 -214.111 2.73609
889.885 -213.96 2.72971
889.882 -213.811 2.7234
889.879 -213.664 2.71715
889.875 -213.519 2.71096
889.872 -213.376 2.70484
889.869 -213.235 2.69878
889.866 -213.096 2.69277
889.863 -212.958 2.68683
889.86 -212.822 2.68093
889.858 -212.688 2.6751
889.855 -212.555 2.66931
889.862 -212.433 2.66323
890.01 -212.425 2.6524
890.17 -212.425 2.64106
897.729 -216.033 2.26713
926.438 -234.297 1.05846
918.155 -226.279 1.27393
918.39 -226.049 1.24536
890.758 -209.787 2.47259
890.758 -209.681 2.46728
890.449 -209.415 2.47677
890.7 -209.442 2.45946
890.758 -209.367 2.45145
890.758 -209.264 2.44621
890.758 -209.161 2.44099
890.758 -209.059 2.43579
890.758 -208.958 2.4306
890.953 -208.947 2.41549
891.178 -208.947 2.39865
891.4 -208.942 2.38185
891.64 -208.942 2.36389
891.888 -208.942 2.34534
892.124 -208.934 2.32721
892.409 -208.942 2.30627
892.683 -208.942 2.28569
892.979 -208.947 2.26367
919.858 -219.166 0.783978
919.427 -218.677 0.790385
915.173 -216.787 1.01003
914.711 -216.334 1.02058
914.544 -215.994 1.01486
914.431 -215.676 1.00623
914.319 -215.361 0.997702
914.209 -215.051 0.989098
914.099 -214.743 0.980668
913.992 -214.439 0.972152
913.908 -214.145 0.962317
913.845 -213.86 0.951377
913.797 -213.581 0.939628
913.746 -213.303 0.928052
913.698 -213.027 0.916375
913.648 -212.753 0.904853
913.596 -212.48 0.893502
913.445 -212.183 0.888352
913.166 -211.858 0.891291
912.891 -211.54 0.894224
912.627 -211.228 0.896718
912.362 -210.921 0.899439
912.101 -210.619 0.902178
911.85 -210.324 0.904423
911.597 -210.033 0.907026
911.348 -209.748 0.90959
911.108 -209.468 0.911749
910.868 -209.192 0.914101
910.63 -208.92 0.916504
910.399 -208.654 0.918657
910.172 -208.392 0.920707
909.944 -208.133 0.922961
909.722 -207.88 0.925012
909.505 -207.63 0.926881
909.287 -207.384 0.928999
909.072 -207.142 0.931073
908.861 -206.903 0.933023
892.085 -227.175 3.0265
892.086 -226.791 3.01279
889.283 -221.538 3.00615
889.278 -221.24 2.99582
881.66 -208.117 3.01909
889.268 -220.667 2.97582
889.297 -220.445 2.96592
892.985 -226.115 2.92984
893.209 -226.121 2.91533
905.496 -241.92 2.68111
895.758 -227.124 2.78259
893.502 -223.657 2.80456
893.137 -222.865 2.79943
889.942 -218.29 2.84312
889.938 -218.07 2.83506
889.934 -217.855 2.82714
889.93 -217.644 2.81933
889.926 -217.436 2.81164
889.922 -217.233 2.80407
889.918 -217.033 2.7966
889.915 -216.836 2.78924
889.911 -216.643 2.78198
889.907 -216.453 2.77482
889.904 -216.266 2.76775
889.9 -216.083 2.76078
889.897 -215.902 2.7539
889.894 -215.725 2.7471
889.89 -215.55 2.74039
889.887 -215.378 2.73376
889.884 -215.208 2.7272
889.88 -215.042 2.72073
889.877 -214.877 2.71433
889.874 -214.716 2.708
889.871 -214.556 2.70174
889.868 -214.399 2.69554
889.865 -214.244 2.68942
889.862 -214.091 2.68335
889.859 -213.941 2.67735
889.856 -213.792 2.67141
889.853 -213.646 2.66553
889.85 -213.501 2.6597
889.847 -213.359 2.65393
889.844 -213.218 2.64821
889.841 -213.079 2.64254
889.838 -212.942 2.63692
889.836 -212.806 2.63135
889.833 -212.672 2.62583
889.83 -212.54 2.62035
889.861 -212.437 2.61365
890.004 -212.425 2.60264
890.164 -212.425 2.59086
897.709 -216.027 2.18877
926.436 -234.315 0.860524
918.151 -226.291 1.11537
918.375 -226.054 1.08705
929.643 -232.045 0.510223
929.028 -231.24 0.518802
890.28 -209.638 2.45477
890.277 -209.534 2.44995
890.363 -209.477 2.44062
890.559 -209.477 2.42548
890.692 -209.442 2.41348
890.758 -209.371 2.40499
890.758 -209.268 2.39991
890.758 -209.165 2.39484
890.758 -209.063 2.38979
890.758 -208.962 2.38475
890.944 -208.947 2.36951
891.169 -208.947 2.35196
891.391 -208.942 2.33448
891.63 -208.942 2.31578
891.878 -208.942 2.29644
892.122 -208.937 2.27711
892.398 -208.942 2.25573
892.672 -208.942 2.23429
892.968 -208.947 2.21132
914.072 -216.953 0.969326
913.909 -216.61 0.964328
893.074 -208.649 2.18749
913.696 -215.978 0.948083
913.59 -215.668 0.940033
913.485 -215.36 0.932073
913.383 -215.056 0.924024
913.299 -214.761 0.914892
913.236 -214.475 0.904624
913.19 -214.197 0.893297
913.143 -213.92 0.882111
913.099 -213.646 0.870813
913.052 -213.373 0.859673
912.945 -213.085 0.852455
912.724 -212.768 0.852628
912.461 -212.443 0.855733
912.199 -212.124 0.858994
911.941 -211.811 0.862144
911.694 -211.505 0.864837
911.445 -211.203 0.867886
911.202 -210.907 0.870643
910.964 -210.616 0.873327
910.726 -210.329 0.876183
910.496 -210.049 0.878608
910.267 -209.772 0.881255
910.039 -209.5 0.883934
909.818 -209.233 0.886309
909.6 -208.97 0.888668
909.382 -208.711 0.891184
909.168 -208.456 0.893608
908.961 -208.206 0.895676
908.752 -207.96 0.897971
908.546 -207.717 0.900289
908.344 -207.477 0.902424
908.148 -207.242 0.904332
907.949 -207.01 0.906514
907.754 -206.781 0.908653
907.562 -206.556 0.910604
889.283 -223.786 3.0057
889.277 -223.43 2.99467
889.272 -223.084 2.98391
889.267 -222.747 2.97339
889.262 -222.419 2.96312
889.256 -222.1 2.95309
889.252 -221.789 2.94327
889.247 -221.485 2.93366
889.242 -221.189 2.92426
881.659 -208.116 3.00005
889.233 -220.619 2.90604
889.272 -220.415 2.89664
889.435 -220.415 2.88563
893.204 -226.127 2.82181
895.464 -228.154 2.73629
895.658 -228.071 2.72012
895.403 -227.337 2.71252
893.126 -223.738 2.74598
893.149 -223.472 2.73521
893.162 -223.198 2.72477
889.913 -218.478 2.78672
889.91 -218.255 2.77919
889.906 -218.037 2.77177
889.902 -217.822 2.76446
889.899 -217.612 2.75725
889.895 -217.405 2.75015
889.892 -217.202 2.74315
889.888 -217.003 2.73624
889.885 -216.807 2.72943
889.881 -216.615 2.72271
889.878 -216.425 2.71607
889.875 -216.239 2.70952
889.871 -216.057 2.70304
889.868 -215.877 2.69665
889.865 -215.7 2.69033
889.862 -215.526 2.68408
889.859 -215.354 2.67791
889.856 -215.185 2.67181
889.853 -215.019 2.66577
889.85 -214.855 2.6598
889.847 -214.694 2.65389
889.844 -214.535 2.64804
889.841 -214.378 2.64224
889.838 -214.224 2.63651
889.835 -214.072 2.63083
889.833 -213.922 2.62521
889.83 -213.774 2.61964
889.827 -213.628 2.61411
889.824 -213.483 2.60864
889.822 -213.341 2.60322
889.819 -213.201 2.59784
889.816 -213.062 2.5925
889.814 -212.925 2.58721
889.811 -212.79 2.58196
889.808 -212.657 2.57675
889.826 -212.541 2.57074
889.859 -212.441 2.56406
889.997 -212.425 2.5529
890.157 -212.425 2.54069
897.69 -216.022 2.11051
926.434 -234.332 0.662477
929.789 -235.02 0.4291
929.256 -234.206 0.434596
928.738 -233.414 0.439897
928.161 -232.601 0.44882
918.147 -226.303 0.956721
918.36 -226.06 0.928728
926.464 -230.27 0.477123
923.758 -228.332 0.6034
890.277 -209.64 2.40948
890.277 -209.538 2.4047
890.355 -209.477 2.39561
890.551 -209.477 2.37988
890.685 -209.442 2.36753
890.758 -209.375 2.3585
890.758 -209.272 2.35358
890.758 -209.169 2.34867
890.758 -209.067 2.34377
890.758 -208.966 2.33888
890.935 -208.947 2.32357
891.161 -208.947 2.30532
891.381 -208.942 2.28715
891.621 -208.942 2.2677
891.868 -208.942 2.24759
892.124 -208.942 2.22678
892.4 -208.947 2.2045
892.674 -208.947 2.18217
892.957 -208.947 2.15902
913.081 -216.582 0.899154
912.981 -216.271 0.891553
893.082 -208.656 2.13401
912.785 -215.66 0.87641
912.703 -215.364 0.867952
912.637 -215.077 0.858472
912.595 -214.8 0.847587
912.554 -214.525 0.836638
912.505 -214.25 0.826188
912.444 -213.972 0.816607
912.276 -213.664 0.814201
912.019 -213.333 0.817898
911.771 -213.009 0.821124
911.521 -212.69 0.8247
911.277 -212.377 0.828091
911.04 -212.07 0.831148
910.802 -211.768 0.834494
910.569 -211.471 0.837676
910.343 -211.18 0.840507
910.116 -210.893 0.843645
909.892 -210.611 0.846708
909.677 -210.335 0.849292
904.577 -209.001 1.20002
904.494 -208.796 1.19549
904.408 -208.592 1.19117
904.707 -208.465 1.15905
904.591 -208.256 1.15691
904.491 -208.052 1.15371
904.455 -207.862 1.14579
908.03 -208.274 0.870283
907.835 -208.034 0.872787
907.644 -207.798 0.875126
907.458 -207.566 0.877186
907.27 -207.336 0.879545
907.085 -207.11 0.881859
906.905 -206.887 0.883857
904.646 -206.425 1.04603
904.041 -206.176 1.08207
903.598 -205.953 1.10598
889.276 -226.072 2.9912
889.27 -225.65 2.97968
889.264 -225.241 2.96847
889.259 -224.844 2.95754
889.253 -224.459 2.9469
889.248 -224.084 2.93651
889.243 -223.721 2.92638
889.238 -223.367 2.91649
889.233 -223.023 2.90682
889.229 -222.688 2.89738
889.224 -222.362 2.88815
889.22 -222.044 2.87911
889.215 -221.735 2.87027
889.211 -221.433 2.86161
889.207 -221.139 2.85313
881.657 -208.116 2.98101
889.198 -220.572 2.83667
889.266 -220.415 2.82728
889.429 -220.415 2.81597
893.2 -226.132 2.72827
895.458 -228.158 2.63257
895.648 -228.07 2.61635
895.403 -227.35 2.61111
893.125 -223.748 2.65941
893.143 -223.475 2.64949
893.159 -223.204 2.63974
889.881 -218.443 2.72247
889.878 -218.221 2.71558
889.874 -218.003 2.70878
889.871 -217.79 2.70208
889.868 -217.58 2.69548
889.864 -217.374 2.68896
889.861 -217.172 2.68253
889.858 -216.973 2.67617
889.855 -216.778 2.6699
889.852 -216.587 2.66371
889.849 -216.398 2.65759
889.846 -216.213 2.65154
889.843 -216.031 2.64557
889.84 -215.851 2.63966
889.837 -215.675 2.63381
889.834 -215.501 2.62803
889.831 -215.33 2.62231
889.828 -215.162 2.61665
889.825 -214.997 2.61104
889.823 -214.833 2.60549
889.82 -214.673 2.6
889.817 -214.514 2.59456
889.815 -214.358 2.58916
889.812 -214.204 2.58382
889.809 -214.052 2.57853
889.807 -213.903 2.57327
889.804 -213.755 2.56807
889.801 -213.609 2.5629
889.799 -213.466 2.55778
889.796 -213.324 2.5527
889.794 -213.184 2.54766
889.791 -213.046 2.54266
889.789 -212.909 2.53769
889.786 -212.774 2.53276
889.791 -212.647 2.52755
889.825 -212.545 2.52099
889.858 -212.445 2.51444
889.991 -212.425 2.50318
890.151 -212.425 2.49054
897.671 -216.017 2.03236
928.787 -236.378 0.358183
926.432 -234.35 0.46432
927.782 -234.745 0.371041
927.277 -233.948 0.378377
926.715 -233.13 0.389335
926.176 -232.341 0.399569
925.642 -231.569 0.40998
925.029 -230.764 0.425369
918.144 -226.316 0.797978
918.346 -226.067 0.770384
921.602 -227.542 0.566467
921.102 -226.873 0.578185
890.277 -209.644 2.36403
890.277 -209.542 2.35942
890.347 -209.477 2.35064
890.543 -209.477 2.33431
890.677 -209.442 2.32162
890.758 -209.379 2.31198
890.758 -209.276 2.30722
890.758 -209.173 2.30247
890.758 -209.071 2.29772
890.758 -208.97 2.29298
890.927 -208.947 2.27766
891.152 -208.947 2.25872
891.372 -208.942 2.23987
891.651 -208.959 2.21712
891.87 -208.947 2.19803
892.126 -208.947 2.1764
892.39 -208.947 2.15401
892.663 -208.947 2.13081
892.946 -208.947 2.10677
912.193 -216.25 0.829542
912.114 -215.954 0.821608
912.051 -215.667 0.812698
912.008 -215.389 0.802474
911.969 -215.115 0.791965
911.908 -214.835 0.783045
911.824 -214.549 0.775723
911.574 -214.211 0.779869
911.329 -213.88 0.783887
911.093 -213.556 0.787479
910.856 -213.237 0.791284
910.625 -212.924 0.794894
910.398 -212.618 0.798313
910.171 -212.315 0.801945
909.95 -212.018 0.80531
909.734 -211.727 0.808507
905.027 -210.263 1.13706
904.908 -210.038 1.13526
904.602 -209.77 1.14728
904.432 -209.539 1.14952
903.789 -209.201 1.18682
903.655 -208.988 1.18679
903.616 -208.798 1.17971
903.737 -208.643 1.16068
903.895 -208.494 1.13864
903.854 -208.305 1.13163
903.706 -208.096 1.1328
903.357 -207.853 1.14959
903.464 -207.696 1.13129
903.551 -207.533 1.11455
903.894 -207.411 1.07765
904.341 -207.301 1.03229
906.442 -207.425 0.856086
906.271 -207.205 0.858256
904.741 -206.809 0.96893
904.286 -206.569 0.994648
903.729 -206.323 1.02893
901.888 -205.945 1.16763
901.723 -205.765 1.17137
901.355 -205.569 1.19193
889.227 -225.574 2.89467
889.222 -225.167 2.88479
889.217 -224.773 2.87514
889.213 -224.39 2.86573
889.208 -224.018 2.85655
889.204 -223.656 2.84758
889.199 -223.304 2.83881
889.195 -222.962 2.83023
889.191 -222.629 2.82185
889.187 -222.305 2.81363
889.183 -221.989 2.80559
881.529 -208.126 2.97104
889.175 -221.382 2.78999
889.171 -221.089 2.78242
881.655 -208.116 2.96198
889.164 -220.524 2.7677
889.26 -220.415 2.75792
889.423 -220.415 2.74632
893.179 -226.112 2.63515
895.451 -228.163 2.52883
895.638 -228.07 2.5126
895.403 -227.364 2.5096
893.125 -223.759 2.57277
893.138 -223.479 2.56375
893.155 -223.211 2.55467
889.849 -218.407 2.65853
889.846 -218.187 2.65227
889.843 -217.97 2.6461
889.84 -217.757 2.64001
889.837 -217.548 2.63399
889.834 -217.343 2.62805
889.831 -217.142 2.62218
889.828 -216.944 2.61638
889.825 -216.75 2.61065
889.822 -216.559 2.60498
889.82 -216.371 2.59937
889.817 -216.186 2.59383
889.814 -216.005 2.58834
889.811 -215.826 2.58291
889.809 -215.65 2.57754
889.806 -215.477 2.57221
889.803 -215.307 2.56694
889.801 -215.139 2.56172
889.798 -214.974 2.55655
889.796 -214.811 2.55142
889.793 -214.651 2.54634
889.791 -214.493 2.5413
889.788 -214.338 2.5363
889.786 -214.184 2.53134
889.783 -214.033 2.52643
889.781 -213.884 2.52155
889.778 -213.736 2.5167
889.776 -213.591 2.5119
889.774 -213.448 2.50712
889.771 -213.306 2.50238
889.769 -213.167 2.49768
889.766 -213.029 2.493
889.764 -212.893 2.48835
889.762 -212.758 2.48374
889.789 -212.651 2.47764
889.823 -212.549 2.47122
889.857 -212.449 2.4648
889.985 -212.425 2.45348
890.144 -212.425 2.44042
921.646 -237.125 0.771558
927.761 -237.713 0.287139
927.273 -236.87 0.294895
926.798 -236.051 0.302391
897.661 -216.017 1.95381
925.829 -234.443 0.319804
925.302 -233.633 0.331661
924.798 -232.851 0.342644
924.298 -232.087 0.353794
923.128 -230.919 0.405187
921.575 -229.543 0.480446
921.07 -228.832 0.493936
920.584 -228.145 0.506737
918.141 -226.329 0.639132
918.332 -226.073 0.612007
919.033 -226.105 0.553306
918.467 -225.423 0.57273
890.277 -209.648 2.31855
890.277 -209.546 2.31411
890.34 -209.477 2.3057
890.536 -209.477 2.28878
890.524 -209.368 2.28502
890.758 -209.383 2.26543
890.758 -209.28 2.26083
890.758 -209.177 2.25623
890.758 -209.075 2.25164
890.758 -208.974 2.24704
890.918 -208.947 2.2318
891.143 -208.947 2.21215
891.375 -208.947 2.19187
891.614 -208.947 2.1709
891.861 -208.947 2.14922
892.116 -208.947 2.12679
892.38 -208.947 2.10357
892.632 -208.939 2.08095
892.99 -208.969 2.05076
911.429 -215.966 0.757879
911.393 -215.692 0.747806
911.326 -215.409 0.739969
911.12 -215.078 0.742062
910.885 -214.741 0.746395
910.652 -214.41 0.75075
910.426 -214.086 0.754707
910.203 -213.768 0.75869
909.98 -213.454 0.762769
909.766 -213.147 0.766422
909.552 -212.845 0.770185
909.339 -212.548 0.774011
909.133 -212.257 0.777459
905.082 -210.874 1.06895
904.717 -210.576 1.0861
904.581 -210.346 1.08627
904.396 -210.105 1.09026
904.186 -209.861 1.09631
903.731 -209.561 1.12133
903.551 -209.334 1.12542
903.373 -209.111 1.12944
903.273 -208.908 1.12755
903.243 -208.723 1.12016
903.269 -208.551 1.10843
903.228 -208.365 1.10196
903.121 -208.167 1.10071
902.986 -207.966 1.10185
902.926 -207.781 1.09695
902.913 -207.606 1.08833
902.932 -207.436 1.07703
903.195 -207.306 1.04583
901.567 -206.883 1.16944
901.48 -206.708 1.16741
901.378 -206.533 1.16655
901.271 -206.359 1.16626
901.519 -206.23 1.13625
901.746 -206.097 1.10785
901.605 -205.919 1.1102
901.088 -205.705 1.14465
900.805 -205.521 1.15957
900.601 -205.348 1.16789
889.181 -225.094 2.80166
889.177 -224.702 2.79328
889.173 -224.321 2.7851
889.169 -223.951 2.77709
889.165 -223.592 2.76927
889.161 -223.242 2.76161
889.157 -222.902 2.75411
889.153 -222.571 2.74676
889.15 -222.249 2.73956
881.514 -208.178 2.95442
881.519 -208.109 2.95247
881.56 -208.106 2.94943
881.601 -208.102 2.94637
881.643 -208.098 2.94327
889.132 -220.482 2.69901
889.254 -220.415 2.68856
889.417 -220.415 2.67667
893.171 -226.112 2.54176
895.444 -228.167 2.42506
895.628 -228.069 2.40885
895.403 -227.378 2.40798
893.126 -223.772 2.486
893.138 -223.49 2.47778
893.152 -223.217 2.46954
889.817 -218.372 2.59489
889.815 -218.152 2.58927
889.812 -217.936 2.58371
889.809 -217.725 2.57821
889.806 -217.517 2.57278
889.804 -217.312 2.56741
889.801 -217.112 2.5621
889.798 -216.915 2.55685
889.796 -216.721 2.55165
889.793 -216.531 2.5465
889.791 -216.344 2.5414
889.788 -216.16 2.53635
889.786 -215.979 2.53135
889.783 -215.801 2.5264
889.781 -215.626 2.52149
889.778 -215.453 2.51662
889.776 -215.283 2.5118
889.774 -215.116 2.50701
889.771 -214.952 2.50226
889.769 -214.79 2.49755
889.766 -214.63 2.49288
889.764 -214.472 2.48824
889.762 -214.317 2.48364
889.76 -214.164 2.47906
889.757 -214.013 2.47452
889.755 -213.865 2.46999
889.755 -213.72 2.46539
889.755 -213.578 2.46082
889.755 -213.437 2.45627
889.755 -213.298 2.45175
889.755 -213.16 2.44725
889.755 -213.025 2.44278
889.755 -212.891 2.43833
889.755 -212.758 2.4339
889.788 -212.655 2.42769
889.822 -212.554 2.42141
889.855 -212.453 2.41513
889.979 -212.425 2.40379
890.138 -212.425 2.3903
921.605 -237.112 0.583422
926.711 -239.025 0.215797
926.245 -238.168 0.224783
925.79 -237.334 0.233511
907.27 -223.645 1.32685
907.374 -223.421 1.30958
907.478 -223.199 1.29228
923.918 -234.108 0.275701
897.653 -216.02 1.87509
922.981 -232.579 0.299224
921.055 -230.885 0.402447
920.515 -230.122 0.420268
920.037 -229.413 0.434587
919.572 -228.725 0.448486
919.124 -228.059 0.46169
918.636 -227.381 0.477788
918.078 -226.674 0.498857
917.538 -225.991 0.519159
917.019 -225.333 0.538544
915.915 -224.357 0.596703
915.87 -223.993 0.585793
890.277 -209.653 2.27303
890.277 -209.55 2.26875
890.332 -209.477 2.26078
890.528 -209.477 2.24326
887.925 -208.043 2.4158
887.875 -207.938 2.4158
887.826 -207.836 2.4158
887.778 -207.735 2.4158
887.73 -207.636 2.4158
887.683 -207.538 2.4158
887.636 -207.442 2.4158
887.589 -207.347 2.4158
887.543 -207.254 2.4158
887.498 -207.162 2.4158
887.453 -207.071 2.4158
887.411 -206.983 2.4156
887.381 -206.901 2.4146
887.35 -206.82 2.4136
887.321 -206.74 2.41259
887.291 -206.66 2.41158
887.262 -206.582 2.41056
887.234 -206.505 2.40953
887.205 -206.429 2.4085
887.177 -206.353 2.40746
887.15 -206.278 2.40641
887.122 -206.205 2.40536
887.095 -206.132 2.40429
887.068 -206.059 2.40323
887.042 -205.988 2.40215
887.015 -205.918 2.40107
887.044 -205.864 2.39575
887.117 -205.823 2.38692
904.491 -210.713 1.01973
904 -210.384 1.04866
903.907 -210.171 1.04633
903.794 -209.954 1.04564
903.49 -209.691 1.06034
903.368 -209.478 1.06067
903.259 -209.271 1.05993
903.134 -209.062 1.06058
903.02 -208.858 1.06039
902.895 -208.654 1.06122
902.773 -208.453 1.06185
902.748 -208.274 1.05443
902.695 -208.09 1.04943
902.602 -207.9 1.04774
902.6 -207.728 1.03848
902.6 -207.557 1.02905
901.786 -207.25 1.08853
901.316 -207.01 1.11939
901.165 -206.827 1.12328
901.07 -206.654 1.12245
900.939 -206.477 1.12471
900.799 -206.302 1.12788
900.638 -206.126 1.13292
900.485 -205.954 1.13741
900.429 -205.795 1.13349
900.362 -205.635 1.13043
900.316 -205.479 1.12565
900.211 -205.319 1.12607
900.084 -205.158 1.12848
889.136 -224.631 2.712
889.133 -224.253 2.70502
889.129 -223.886 2.69818
889.126 -223.528 2.69149
889.122 -223.181 2.68492
889.119 -222.843 2.67848
889.116 -222.513 2.67217
889.113 -222.193 2.66596
881.511 -208.175 2.9355
881.515 -208.106 2.93375
881.556 -208.103 2.93066
881.598 -208.099 2.92754
881.639 -208.095 2.92439
889.13 -220.488 2.62955
889.248 -220.415 2.61924
889.411 -220.415 2.60705
893.162 -226.112 2.44841
895.438 -228.171 2.3213
895.618 -228.068 2.30517
895.403 -227.391 2.3063
893.138 -223.801 2.39864
893.137 -223.5 2.39178
893.149 -223.224 2.38441
889.786 -218.338 2.53158
889.783 -218.118 2.52658
889.781 -217.903 2.52163
889.778 -217.692 2.51673
889.776 -217.485 2.51188
889.774 -217.282 2.50707
889.771 -217.082 2.50232
889.769 -216.886 2.4976
889.766 -216.693 2.49293
889.764 -216.503 2.4883
889.762 -216.317 2.4837
889.76 -216.133 2.47915
889.757 -215.953 2.47463
889.755 -215.776 2.47013
889.755 -215.604 2.46557
889.755 -215.435 2.46104
889.755 -215.268 2.45653
889.755 -215.103 2.45206
889.755 -214.941 2.44762
889.755 -214.782 2.4432
889.755 -214.625 2.43881
889.755 -214.47 2.43444
889.755 -214.317 2.4301
889.755 -214.166 2.42579
889.755 -214.018 2.42149
889.755 -213.871 2.41722
889.755 -213.726 2.41297
889.755 -213.583 2.40873
889.755 -213.442 2.40452
889.755 -213.303 2.40033
889.755 -213.166 2.39615
889.755 -213.03 2.39199
889.755 -212.896 2.38785
889.755 -212.764 2.38372
889.787 -212.659 2.37774
889.82 -212.558 2.37159
889.854 -212.457 2.36544
889.972 -212.425 2.35413
890.131 -212.425 2.34022
889.02 -211.42 2.40464
888.962 -211.261 2.40448
888.905 -211.105 2.40429
888.85 -210.953 2.40407
888.795 -210.804 2.40384
888.742 -210.658 2.40358
888.69 -210.515 2.4033
888.639 -210.375 2.40299
888.589 -210.238 2.40267
888.539 -210.103 2.40233
888.491 -209.971 2.40196
888.444 -209.842 2.40158
888.398 -209.715 2.40117
888.352 -209.59 2.40075
888.307 -209.468 2.40031
888.263 -209.347 2.39986
888.22 -209.229 2.39938
888.177 -209.113 2.39889
888.136 -209 2.39839
888.095 -208.888 2.39787
888.054 -208.777 2.39733
888.015 -208.669 2.39677
887.975 -208.563 2.39621
887.937 -208.458 2.39562
887.899 -208.355 2.39503
887.862 -208.253 2.39442
887.825 -208.153 2.39379
887.789 -208.055 2.39315
887.753 -207.958 2.3925
887.718 -207.862 2.39184
887.684 -207.768 2.39116
887.65 -207.676 2.39047
887.616 -207.584 2.38977
887.583 -207.494 2.38906
887.55 -207.405 2.38833
887.518 -207.317 2.3876
887.486 -207.231 2.38685
887.454 -207.146 2.38609
887.423 -207.061 2.38532
887.393 -206.978 2.38454
887.362 -206.896 2.38374
887.332 -206.815 2.38294
887.303 -206.735 2.38212
887.274 -206.656 2.3813
887.245 -206.578 2.38046
887.216 -206.501 2.37962
887.188 -206.425 2.37876
887.16 -206.35 2.37789
887.133 -206.275 2.37702
887.105 -206.201 2.37613
887.078 -206.129 2.37523
887.052 -206.057 2.37433
887.025 -205.985 2.37341
886.999 -205.915 2.37249
886.981 -205.847 2.37095
887.053 -205.807 2.36201
887.126 -205.766 2.35294
903.47 -210.244 1.00091
903.466 -210.058 0.991939
903.252 -209.818 1.00042
903.069 -209.59 1.00644
902.948 -209.38 1.00742
902.901 -209.191 1.00213
902.82 -208.995 0.999748
902.663 -208.784 1.00395
902.609 -208.598 0.999345
902.516 -208.405 0.998128
902.389 -208.207 0.999916
902.366 -208.031 0.992736
902.273 -207.843 0.991687
902.065 -207.637 1.00062
901.487 -207.368 1.04235
901.175 -207.153 1.06092
900.988 -206.963 1.06866
900.584 -206.743 1.09581
900.361 -206.555 1.10706
900.359 -206.402 1.09862
900.229 -206.232 1.10166
900.066 -206.06 1.10781
898.713 -205.75 1.22245
898.764 -205.615 1.20973
899.865 -205.589 1.10028
899.901 -205.444 1.08829
899.853 -205.292 1.08403
899.786 -205.139 1.08144
886.262 -203.969 2.33904
889.093 -224.185 2.62548
889.09 -223.82 2.61979
889.087 -223.465 2.61421
889.084 -223.119 2.60872
889.082 -222.783 2.60333
889.079 -222.456 2.59803
889.076 -222.137 2.59282
881.509 -208.176 2.91653
881.514 -208.106 2.915
881.555 -208.102 2.91185
881.596 -208.099 2.90867
881.638 -208.095 2.90546
889.128 -220.495 2.56006
889.241 -220.415 2.54993
889.404 -220.415 2.53744
893.154 -226.112 2.35509
895.431 -228.176 2.21753
895.608 -228.068 2.20151
895.405 -227.407 2.20444
893.15 -223.83 2.31106
893.136 -223.511 2.30569
893.146 -223.231 2.29921
889.78 -218.338 2.46724
889.755 -218.089 2.46402
889.755 -217.878 2.45956
889.755 -217.67 2.45513
889.755 -217.466 2.45073
889.755 -217.266 2.44637
889.755 -217.07 2.44204
889.755 -216.876 2.43774
889.755 -216.687 2.43347
889.755 -216.5 2.42923
889.755 -216.316 2.42502
889.755 -216.135 2.42083
889.755 -215.958 2.41667
889.755 -215.783 2.41253
889.755 -215.611 2.40841
889.755 -215.441 2.40432
889.755 -215.274 2.40025
889.755 -215.11 2.39619
889.755 -214.948 2.39216
889.755 -214.788 2.38814
889.755 -214.631 2.38415
889.755 -214.476 2.38017
889.755 -214.323 2.37621
889.755 -214.172 2.37226
889.755 -214.023 2.36832
889.755 -213.877 2.36441
889.755 -213.732 2.3605
889.755 -213.589 2.35661
889.755 -213.448 2.35273
889.755 -213.309 2.34886
889.755 -213.171 2.34501
889.755 -213.035 2.34116
889.755 -212.901 2.33732
889.755 -212.769 2.3335
889.785 -212.663 2.32776
889.819 -212.562 2.32174
889.853 -212.461 2.31573
889.966 -212.425 2.30449
890.125 -212.425 2.29015
888.99 -211.401 2.36136
888.933 -211.243 2.36168
888.876 -211.088 2.36196
888.821 -210.936 2.3622
888.767 -210.787 2.36241
888.714 -210.642 2.36258
888.663 -210.499 2.36272
888.612 -210.36 2.36283
888.562 -210.223 2.36291
888.513 -210.089 2.36295
888.466 -209.958 2.36297
888.419 -209.829 2.36296
888.373 -209.702 2.36292
888.327 -209.578 2.36285
888.283 -209.456 2.36276
888.239 -209.336 2.36265
888.196 -209.218 2.3625
888.154 -209.103 2.36234
888.113 -208.989 2.36215
888.072 -208.877 2.36193
888.032 -208.768 2.3617
887.992 -208.66 2.36144
887.954 -208.554 2.36117
887.915 -208.449 2.36087
887.878 -208.346 2.36055
887.841 -208.245 2.36021
887.804 -208.145 2.35985
887.768 -208.047 2.35947
887.733 -207.95 2.35908
887.698 -207.855 2.35866
887.664 -207.761 2.35823
887.63 -207.669 2.35778
887.596 -207.578 2.35731
887.563 -207.488 2.35683
887.531 -207.399 2.35633
887.499 -207.312 2.35581
887.467 -207.225 2.35528
887.436 -207.14 2.35473
887.405 -207.056 2.35417
887.374 -206.973 2.35359
887.344 -206.892 2.35299
887.315 -206.811 2.35238
887.285 -206.731 2.35176
887.256 -206.652 2.35112
887.227 -206.574 2.35047
887.199 -206.497 2.3498
887.171 -206.421 2.34912
887.143 -206.346 2.34843
887.116 -206.272 2.34772
887.089 -206.198 2.347
887.062 -206.126 2.34627
887.035 -206.054 2.34552
887.009 -205.983 2.34477
886.983 -205.912 2.34399
886.957 -205.843 2.34321
887.01 -205.797 2.33578
887.104 -205.762 2.32464
902.684 -210.032 0.979022
902.591 -209.828 0.978183
902.52 -209.632 0.975507
902.461 -209.441 0.971867
902.453 -209.264 0.963643
902.463 -209.092 0.953886
902.312 -208.883 0.958303
902.183 -208.681 0.960939
902.073 -208.487 0.961838
901.922 -208.285 0.966461
901.774 -208.087 0.970964
901.602 -207.887 0.977685
901.253 -207.656 1.00053
901 -207.448 1.01488
900.779 -207.25 1.02643
900.574 -207.058 1.03666
900.332 -206.863 1.05048
900.24 -206.696 1.05047
900.102 -206.523 1.05488
899.909 -206.344 1.06447
898.36 -205.99 1.20141
898.17 -205.828 1.21149
897.878 -205.656 1.23128
897.63 -205.494 1.24718
897.562 -205.354 1.24598
897.537 -205.22 1.24069
897.505 -205.086 1.23606
897.476 -204.952 1.23116
886.246 -203.969 2.31448
886.201 -203.915 2.3158
889.051 -223.755 2.54191
889.049 -223.402 2.53743
889.046 -223.059 2.53301
889.045 -222.727 2.5286
889.045 -222.405 2.52419
889.045 -222.092 2.51984
881.508 -208.176 2.89755
881.512 -208.106 2.89626
881.553 -208.102 2.89305
881.594 -208.098 2.88981
881.636 -208.095 2.88653
889.126 -220.501 2.49052
889.235 -220.415 2.48063
889.398 -220.415 2.46785
893.146 -226.112 2.26178
895.425 -228.18 2.11374
895.598 -228.067 2.09787
895.408 -227.425 2.10238
893.163 -223.859 2.22324
893.136 -223.522 2.21953
893.149 -223.246 2.21364
889.785 -218.354 2.40229
889.755 -218.097 2.40012
889.755 -217.886 2.39624
889.755 -217.678 2.39239
889.755 -217.474 2.38856
889.755 -217.274 2.38475
889.755 -217.077 2.38095
889.755 -216.884 2.37718
889.755 -216.694 2.37342
889.755 -216.507 2.36968
889.755 -216.323 2.36596
889.755 -216.143 2.36225
889.755 -215.965 2.35855
889.755 -215.79 2.35487
889.755 -215.617 2.35121
889.755 -215.448 2.34755
889.755 -215.281 2.34391
889.755 -215.116 2.34028
889.755 -214.954 2.33665
889.755 -214.795 2.33304
889.755 -214.637 2.32944
889.755 -214.482 2.32585
889.755 -214.329 2.32226
889.755 -214.178 2.31868
889.755 -214.029 2.31511
889.755 -213.883 2.31155
889.755 -213.738 2.30799
889.755 -213.595 2.30444
889.755 -213.454 2.3009
889.755 -213.314 2.29736
889.755 -213.177 2.29382
889.755 -213.041 2.29029
889.755 -212.907 2.28676
889.755 -212.774 2.28323
889.784 -212.667 2.27774
889.818 -212.566 2.27187
889.851 -212.465 2.26598
889.959 -212.425 2.25487
890.119 -212.425 2.2401
888.96 -211.382 2.31831
888.903 -211.224 2.3191
888.847 -211.07 2.31984
888.793 -210.919 2.32053
888.739 -210.771 2.32118
888.687 -210.626 2.32178
888.636 -210.484 2.32234
888.585 -210.345 2.32285
888.536 -210.209 2.32332
888.487 -210.075 2.32376
888.44 -209.944 2.32416
888.393 -209.815 2.32451
888.348 -209.689 2.32484
888.303 -209.565 2.32512
888.259 -209.444 2.32537
888.215 -209.325 2.32559
888.173 -209.207 2.32578
888.131 -209.092 2.32594
888.09 -208.979 2.32606
888.049 -208.867 2.32616
888.009 -208.758 2.32622
887.97 -208.65 2.32626
887.932 -208.544 2.32627
887.894 -208.44 2.32625
887.856 -208.338 2.32621
887.82 -208.237 2.32614
887.783 -208.137 2.32604
887.748 -208.039 2.32592
887.712 -207.943 2.32578
887.678 -207.848 2.32561
887.644 -207.754 2.32542
887.61 -207.662 2.32521
887.577 -207.571 2.32497
887.544 -207.482 2.32472
887.512 -207.393 2.32444
887.48 -207.306 2.32414
887.448 -207.22 2.32382
887.417 -207.135 2.32348
887.386 -207.051 2.32312
887.356 -206.968 2.32275
887.326 -206.887 2.32235
887.297 -206.806 2.32193
887.268 -206.727 2.3215
887.239 -206.648 2.32105
887.21 -206.57 2.32058
887.182 -206.493 2.32009
887.154 -206.417 2.31959
887.126 -206.342 2.31907
887.099 -206.268 2.31853
887.072 -206.195 2.31797
887.045 -206.122 2.3174
887.019 -206.051 2.31682
886.993 -205.98 2.31621
886.967 -205.91 2.31559
886.941 -205.84 2.31496
887.006 -205.798 2.30629
887.101 -205.763 2.29488
902.321 -209.938 0.924805
902.202 -209.73 0.926931
902.13 -209.536 0.924882
902.058 -209.345 0.922904
901.967 -209.15 0.922651
901.825 -208.945 0.927164
901.695 -208.745 0.930488
901.699 -208.578 0.921625
901.652 -208.401 0.917398
901.526 -208.207 0.920572
901.159 -207.967 0.946298
900.891 -207.753 0.963028
900.672 -207.551 0.975229
900.338 -207.333 0.998427
900.295 -207.171 0.994208
900.221 -207.004 0.99296
900.145 -206.839 0.991963
900.058 -206.673 0.991954
898.539 -206.299 1.13046
898.113 -206.099 1.16401
897.862 -205.929 1.18077
897.644 -205.766 1.19448
897.54 -205.621 1.19716
897.438 -205.477 1.19974
897.377 -205.34 1.19822
897.333 -205.205 1.19498
897.28 -205.07 1.19276
897.23 -204.936 1.19012
886.231 -203.97 2.29001
886.186 -203.915 2.29149
886.141 -203.861 2.29293
 ] }
 color Color { color [
0.468903 0 0.531097
0.527716 0 0.472284
0.494575 0 0.505425
0.562935 0 0.437065
0.584544 0 0.415456
0.5469 0 0.4531
0.565774 0 0.434226
0.45481 0 0.54519
0.454314 0 0.545686
0.130046 0 0.869954
0.132091 0 0.867909
0.144547 0 0.855453
0.442742 0 0.557258
0.443367 0 0.556633
0.46844 0 0.53156
0.527619 0 0.472381
0.49464 0 0.50536
0.563137 0 0.436863
0.584422 0 0.415578
0.546898 0 0.453102
0.565825 0 0.434175
0.454888 0 0.545112
0.454265 0 0.545735
0.130768 0 0.869232
0.132017 0 0.867983
0.144618 0 0.855382
0.14422 0 0.85578
0.443003 0 0.556997
0.443065 0 0.556935
0.468162 0 0.531838
0.527529 0 0.472471
0.494734 0 0.505266
0.584334 0 0.415666
0.565883 0 0.434117
0.45498 0 0.54502
0.454225 0 0.545775
0.130786 0 0.869214
0.131549 0 0.868451
0.141743 0 0.858257
0.143677 0 0.856323
0.443364 0 0.556636
0.145391 0 0.854609
0.147428 0 0.852572
0.149753 0 0.850247
0.467954 0 0.532046
0.527445 0 0.472555
0.494862 0 0.505138
0.584278 0 0.415722
0.565948 0 0.434052
0.455088 0 0.544912
0.454197 0 0.545803
0.130806 0 0.869194
0.131601 0 0.868399
0.140618 0 0.859382
0.133803 0 0.866197
0.135677 0 0.864323
0.137612 0 0.862388
0.139773 0 0.860227
0.142086 0 0.857914
0.144484 0 0.855516
0.147125 0 0.852875
0.149709 0 0.850291
0.598156 0 0.401844
0.587032 0 0.412968
0.577179 0 0.422821
0.565661 0 0.434339
0.0545158 0 0.945484
0.467791 0 0.532209
0.527369 0 0.472631
0.495042 0 0.504958
0.58425 0 0.41575
0.56602 0 0.43398
0.455211 0 0.544789
0.454178 0 0.545822
0.130122 0 0.869878
0.131532 0 0.868468
0.132358 0 0.867642
0.131983 0 0.868017
0.13154 0 0.86846
0.131105 0 0.868895
0.131212 0 0.868788
0.133224 0 0.866776
0.135446 0 0.864554
0.137603 0 0.862397
0.139835 0 0.860165
0.142148 0 0.857852
0.144546 0 0.855454
0.147033 0 0.852967
0.149213 0 0.850787
0.585843 0 0.414157
0.575844 0 0.424156
0.566207 0 0.433793
0.554906 0 0.445094
0.543791 0 0.456209
0.533058 0 0.466942
0.531102 0 0.468898
0.529163 0 0.470837
0.0544867 0 0.945513
0.467662 0 0.532338
0.527299 0 0.472701
0.495339 0 0.504661
0.58425 0 0.41575
0.5661 0 0.4339
0.455352 0 0.544648
0.45417 0 0.54583
0.45704 0 0.54296
0.134874 0 0.865126
0.134371 0 0.865629
0.133878 0 0.866122
0.130145 0 0.869855
0.131464 0 0.868536
0.132459 0 0.867541
0.132006 0 0.867994
0.131562 0 0.868438
0.131128 0 0.868872
0.131277 0 0.868723
0.133288 0 0.866711
0.135369 0 0.864631
0.1373 0 0.8627
0.139357 0 0.860643
0.141935 0 0.858065
0.144328 0 0.855672
0.146809 0 0.853191
0.149385 0 0.850615
0.152198 0 0.847802
0.575096 0 0.424904
0.56537 0 0.43463
0.55588 0 0.44412
0.544838 0 0.455162
0.534033 0 0.465967
0.522627 0 0.477373
0.520657 0 0.479343
0.518724 0 0.481276
0.515957 0 0.484043
0.512799 0 0.487201
0.509557 0 0.490443
0.504246 0 0.495754
0.054459 0 0.945541
0.467562 0 0.532438
0.527236 0 0.472764
0.562505 0 0.437495
0.584277 0 0.415723
0.566186 0 0.433814
0.455513 0 0.544487
0.454172 0 0.545828
0.456617 0 0.543383
0.134899 0 0.865101
0.134966 0 0.865034
0.133903 0 0.866097
0.130169 0 0.869831
0.131462 0 0.868538
0.132484 0 0.867516
0.13203 0 0.86797
0.131587 0 0.868414
0.131152 0 0.868848
0.131207 0 0.868793
0.133217 0 0.866783
0.135296 0 0.864704
0.137322 0 0.862678
0.139548 0 0.860452
0.141854 0 0.858146
0.144244 0 0.855756
0.146723 0 0.853277
0.149295 0 0.850705
0.152104 0 0.847896
0.592435 0 0.407565
0.56496 0 0.43504
0.555535 0 0.444465
0.546216 0 0.453784
0.535382 0 0.464618
0.524915 0 0.475085
0.512823 0 0.487177
0.510877 0 0.489123
0.50897 0 0.49103
0.506498 0 0.493502
0.503415 0 0.496585
0.500243 0 0.499757
0.495395 0 0.504605
0.485299 0 0.514701
0.427589 0 0.572411
0.421056 0 0.578944
0.418194 0 0.581806
0.0544325 0 0.945567
0.467488 0 0.532512
0.527179 0 0.472821
0.562073 0 0.437927
0.584334 0 0.415666
0.566279 0 0.433721
0.455695 0 0.544305
0.454182 0 0.545818
0.456329 0 0.543671
0.134926 0 0.865074
0.134727 0 0.865273
0.133929 0 0.866071
0.130195 0 0.869805
0.131488 0 0.868512
0.13251 0 0.86749
0.132056 0 0.867944
0.131612 0 0.868388
0.131178 0 0.868822
0.131138 0 0.868862
0.133146 0 0.866854
0.135223 0 0.864777
0.137248 0 0.862752
0.139471 0 0.860529
0.141774 0 0.858226
0.144161 0 0.855839
0.146638 0 0.853363
0.149207 0 0.850793
0.152013 0 0.847987
0.56959 0 0.43041
0.555479 0 0.444521
0.546285 0 0.453715
0.537121 0 0.462879
0.52651 0 0.47349
0.516261 0 0.483739
0.503625 0 0.496375
0.501674 0 0.498326
0.499745 0 0.500255
0.497584 0 0.502416
0.49453 0 0.50547
0.491493 0 0.508507
0.487082 0 0.512918
0.477603 0 0.522397
0.421592 0 0.578408
0.414676 0 0.585324
0.412194 0 0.587806
0.41005 0 0.58995
0.407998 0 0.592002
0.405942 0 0.594058
0.404034 0 0.595966
0.0544061 0 0.945594
0.467437 0 0.532563
0.52713 0 0.47287
0.561796 0 0.438204
0.584424 0 0.415576
0.56638 0 0.43362
0.455904 0 0.544096
0.454204 0 0.545796
0.456107 0 0.543893
0.134955 0 0.865045
0.135018 0 0.864982
0.133958 0 0.866042
0.12977 0 0.87023
0.131553 0 0.868447
0.132538 0 0.867462
0.132084 0 0.867916
0.13164 0 0.86836
0.131205 0 0.868795
0.131072 0 0.868928
0.133078 0 0.866922
0.135153 0 0.864847
0.137175 0 0.862825
0.139396 0 0.860604
0.141696 0 0.858304
0.144081 0 0.855919
0.146553 0 0.853446
0.14912 0 0.85088
0.151923 0 0.848077
0.556449 0 0.443551
0.546509 0 0.453491
0.537565 0 0.462435
0.528491 0 0.471509
0.518093 0 0.481907
0.508106 0 0.491894
0.495412 0 0.504588
0.492992 0 0.507008
0.491093 0 0.508907
0.489005 0 0.510995
0.48622 0 0.51378
0.483216 0 0.516784
0.47915 0 0.52085
0.470326 0 0.529674
0.415785 0 0.584215
0.409621 0 0.590379
0.406508 0 0.593492
0.404389 0 0.595611
0.402322 0 0.597678
0.40028 0 0.59972
0.398337 0 0.601663
0.39686 0 0.60314
0.395617 0 0.604383
0.394435 0 0.605565
0.393293 0 0.606707
0.0543835 0 0.945617
0.46741 0 0.532591
0.527086 0 0.472914
0.219668 0 0.780332
0.221098 0 0.778902
0.561611 0 0.438389
0.14862 0 0.85138
0.147655 0 0.852345
0.14671 0 0.85329
0.145784 0 0.854216
0.144876 0 0.855124
0.143987 0 0.856013
0.143116 0 0.856884
0.143541 0 0.856459
0.566487 0 0.433513
0.456147 0 0.543853
0.454235 0 0.545765
0.455929 0 0.544071
0.134481 0 0.865519
0.133988 0 0.866012
0.129712 0 0.870288
0.130975 0 0.869025
0.132567 0 0.867433
0.132113 0 0.867887
0.131669 0 0.868331
0.131234 0 0.868766
0.131008 0 0.868992
0.133011 0 0.866989
0.135084 0 0.864916
0.137104 0 0.862896
0.139322 0 0.860678
0.14162 0 0.85838
0.144003 0 0.855997
0.146473 0 0.853527
0.149036 0 0.850964
0.151836 0 0.848164
0.483015 0 0.516985
0.48296 0 0.51704
0.547108 0 0.452892
0.538058 0 0.461942
0.529258 0 0.470742
0.520304 0 0.479696
0.510217 0 0.489783
0.500466 0 0.499534
0.486779 0 0.513221
0.484828 0 0.515172
0.48289 0 0.51711
0.481021 0 0.518979
0.478328 0 0.521672
0.475384 0 0.524616
0.471678 0 0.528322
0.463482 0 0.536518
0.41031 0 0.58969
0.403744 0 0.596256
0.401149 0 0.598851
0.399049 0 0.600951
0.396967 0 0.603033
0.394941 0 0.605059
0.393006 0 0.606994
0.391339 0 0.608661
0.390041 0 0.609959
0.388864 0 0.611136
0.387692 0 0.612308
0.386568 0 0.613432
0.385447 0 0.614553
0.384368 0 0.615632
0.383289 0 0.616711
0.0543683 0 0.945632
0.467405 0 0.532595
0.220448 0 0.779552
0.218549 0 0.781451
0.216773 0 0.783227
0.215036 0 0.784964
0.215497 0 0.784503
0.21684 0 0.78316
0.218212 0 0.781788
0.219612 0 0.780388
0.221041 0 0.778959
0.154514 0 0.845486
0.153426 0 0.846574
0.152361 0 0.847639
0.151318 0 0.848682
0.150296 0 0.849704
0.149295 0 0.850705
0.148315 0 0.851685
0.147354 0 0.852646
0.146413 0 0.853587
0.14549 0 0.85451
0.144587 0 0.855413
0.143701 0 0.856299
0.142833 0 0.857167
0.143124 0 0.856876
0.227548 0 0.772452
0.566602 0 0.433398
0.456435 0 0.543565
0.454276 0 0.545724
0.455785 0 0.544215
0.134513 0 0.865487
0.134019 0 0.865981
0.130282 0 0.869718
0.130917 0 0.869083
0.132598 0 0.867402
0.132144 0 0.867856
0.131699 0 0.868301
0.131264 0 0.868736
0.130945 0 0.869055
0.132946 0 0.867054
0.135017 0 0.864983
0.137035 0 0.862965
0.139251 0 0.860749
0.141547 0 0.858453
0.143926 0 0.856074
0.146394 0 0.853606
0.148954 0 0.851046
0.151751 0 0.848249
0.479459 0 0.520541
0.47911 0 0.52089
0.479425 0 0.520575
0.512569 0 0.487431
0.502644 0 0.497356
0.493124 0 0.506876
0.480079 0 0.519921
0.477101 0 0.522899
0.475194 0 0.524806
0.473214 0 0.526786
0.470867 0 0.529133
0.467986 0 0.532014
0.464573 0 0.535426
0.456863 0 0.543137
0.405291 0 0.594709
0.398831 0 0.601169
0.396121 0 0.603879
0.394006 0 0.605994
0.391911 0 0.608088
0.3899 0 0.6101
0.387887 0 0.612113
0.386038 0 0.613962
0.384819 0 0.615181
0.383603 0 0.616397
0.382415 0 0.617585
0.381268 0 0.618732
0.380118 0 0.619882
0.379016 0 0.620984
0.377926 0 0.622074
0.376864 0 0.623136
0.375826 0 0.624174
0.374018 0 0.625982
0.370579 0 0.629421
0.0632756 0 0.936724
0.0543533 0 0.945647
0.269287 0 0.730713
0.268127 0 0.731873
0.467423 0 0.532577
0.489253 0 0.510747
0.222294 0 0.777706
0.220435 0 0.779565
0.218618 0 0.781381
0.216841 0 0.783159
0.215104 0 0.784896
0.215445 0 0.784555
0.216788 0 0.783212
0.218159 0 0.781841
0.219559 0 0.780441
0.162447 0 0.837553
0.161189 0 0.838811
0.159959 0 0.840042
0.158754 0 0.841246
0.157575 0 0.842425
0.156421 0 0.843579
0.155292 0 0.844708
0.154186 0 0.845814
0.153103 0 0.846897
0.152042 0 0.847958
0.151003 0 0.848997
0.149985 0 0.850015
0.148988 0 0.851012
0.148012 0 0.851988
0.147055 0 0.852944
0.146118 0 0.853882
0.145199 0 0.854801
0.1443 0 0.8557
0.143418 0 0.856582
0.142553 0 0.857447
0.143081 0 0.856919
0.144334 0 0.855666
0.227186 0 0.772814
0.228289 0 0.771711
0.566724 0 0.433276
0.456791 0 0.543209
0.454326 0 0.545674
0.455667 0 0.544333
0.134546 0 0.865454
0.134052 0 0.865948
0.130314 0 0.869686
0.130862 0 0.869138
0.132631 0 0.867369
0.132176 0 0.867824
0.131731 0 0.868269
0.131296 0 0.868704
0.130884 0 0.869116
0.132884 0 0.867116
0.134952 0 0.865048
0.136968 0 0.863032
0.139182 0 0.860818
0.141475 0 0.858525
0.143851 0 0.856149
0.146316 0 0.853684
0.148874 0 0.851126
0.151668 0 0.848332
0.477647 0 0.522353
0.476885 0 0.523115
0.477506 0 0.522494
0.472017 0 0.527983
0.469813 0 0.530187
0.467884 0 0.532116
0.466014 0 0.533986
0.463887 0 0.536113
0.461002 0 0.538998
0.457686 0 0.542314
0.450673 0 0.549327
0.400369 0 0.599631
0.394335 0 0.605665
0.391316 0 0.608684
0.389231 0 0.610769
0.387147 0 0.612853
0.385128 0 0.614872
0.383117 0 0.616883
0.381245 0 0.618755
0.379869 0 0.620131
0.378634 0 0.621366
0.377442 0 0.622558
0.376262 0 0.623738
0.375104 0 0.624896
0.373984 0 0.626016
0.37286 0 0.62714
0.371777 0 0.628223
0.37063 0 0.62937
0.367723 0 0.632277
0.364172 0 0.635828
0.360685 0 0.639315
0.357335 0 0.642665
0.354024 0 0.645976
0.35077 0 0.64923
0.26831 0 0.73169
0.264443 0 0.735557
0.262583 0 0.737417
0.0543389 0 0.945661
0.264716 0 0.735284
0.265814 0 0.734186
0.266935 0 0.733065
0.268116 0 0.731884
0.467466 0 0.532534
0.489098 0 0.510902
0.222368 0 0.777632
0.220509 0 0.779491
0.171666 0 0.828334
0.170204 0 0.829796
0.168774 0 0.831226
0.167377 0 0.832623
0.16601 0 0.83399
0.164673 0 0.835327
0.163364 0 0.836636
0.162085 0 0.837915
0.160833 0 0.839167
0.159608 0 0.840392
0.158409 0 0.841591
0.157236 0 0.842764
0.156086 0 0.843914
0.154962 0 0.845038
0.15386 0 0.84614
0.152782 0 0.847218
0.151726 0 0.848274
0.150691 0 0.849309
0.149678 0 0.850322
0.148685 0 0.851315
0.147713 0 0.852287
0.14676 0 0.85324
0.145826 0 0.854174
0.144912 0 0.855088
0.144015 0 0.855985
0.143137 0 0.856863
0.142275 0 0.857725
0.143041 0 0.856959
0.144293 0 0.855707
0.227014 0 0.772986
0.227751 0 0.772249
0.566853 0 0.433147
0.457292 0 0.542708
0.454386 0 0.545614
0.455571 0 0.544429
0.134582 0 0.865418
0.134087 0 0.865913
0.130348 0 0.869652
0.130808 0 0.869192
0.132665 0 0.867335
0.13221 0 0.86779
0.131765 0 0.868235
0.13133 0 0.86867
0.130903 0 0.869097
0.132823 0 0.867177
0.134889 0 0.865111
0.136903 0 0.863097
0.139114 0 0.860886
0.141405 0 0.858595
0.143564 0 0.856436
0.146242 0 0.853758
0.148797 0 0.851203
0.151587 0 0.848413
0.464864 0 0.535136
0.462922 0 0.537078
0.460995 0 0.539005
0.459097 0 0.540903
0.457117 0 0.542883
0.454387 0 0.545613
0.45116 0 0.54884
0.398455 0 0.601545
0.395665 0 0.604335
0.389876 0 0.610124
0.386803 0 0.613197
0.384718 0 0.615282
0.382643 0 0.617357
0.380616 0 0.619384
0.378613 0 0.621387
0.37674 0 0.62326
0.375256 0 0.624744
0.373939 0 0.626061
0.372725 0 0.627275
0.371529 0 0.628471
0.370343 0 0.629657
0.369205 0 0.630795
0.368072 0 0.631928
0.366951 0 0.633049
0.365044 0 0.634956
0.361536 0 0.638464
0.358105 0 0.641895
0.354694 0 0.645306
0.351367 0 0.648633
0.348174 0 0.651826
0.344987 0 0.655013
0.341926 0 0.658074
0.338892 0 0.661108
0.335908 0 0.664092
0.333028 0 0.666972
0.271182 0 0.728818
0.267841 0 0.732159
0.264595 0 0.735405
0.262541 0 0.737459
0.0543258 0 0.945674
0.264672 0 0.735328
0.265771 0 0.734229
0.266893 0 0.733107
0.268133 0 0.731867
0.467537 0 0.532463
0.182451 0 0.817549
0.180738 0 0.819262
0.179065 0 0.820935
0.177432 0 0.822568
0.175836 0 0.824164
0.174277 0 0.825723
0.172753 0 0.827247
0.171264 0 0.828736
0.169809 0 0.830191
0.168386 0 0.831614
0.166994 0 0.833005
0.165634 0 0.834366
0.164303 0 0.835697
0.163001 0 0.836999
0.161728 0 0.838272
0.160481 0 0.839519
0.159261 0 0.840739
0.158068 0 0.841932
0.156899 0 0.843101
0.155755 0 0.844245
0.154635 0 0.845365
0.153539 0 0.846461
0.152464 0 0.847536
0.151413 0 0.848587
0.150382 0 0.849618
0.149373 0 0.850627
0.148385 0 0.851615
0.147417 0 0.852583
0.146467 0 0.853533
0.145538 0 0.854462
0.144626 0 0.855374
0.143734 0 0.856266
0.142859 0 0.857141
0.142001 0 0.857999
0.143002 0 0.856998
0.144253 0 0.855747
0.226846 0 0.773154
0.566989 0 0.433011
0.454457 0 0.545543
0.455494 0 0.544506
0.134618 0 0.865382
0.134124 0 0.865876
0.130277 0 0.869723
0.130577 0 0.869423
0.132701 0 0.867299
0.132246 0 0.867754
0.131801 0 0.868199
0.131365 0 0.868635
0.130938 0 0.869062
0.132763 0 0.867237
0.134827 0 0.865173
0.136839 0 0.863161
0.139048 0 0.860952
0.141337 0 0.858663
0.143994 0 0.856006
0.146168 0 0.853832
0.148721 0 0.851279
0.151508 0 0.848492
0.452578 0 0.547422
0.450622 0 0.549378
0.448097 0 0.551903
0.445108 0 0.554892
0.438983 0 0.561017
0.391267 0 0.608733
0.38541 0 0.61459
0.382535 0 0.617465
0.380429 0 0.619571
0.378359 0 0.621641
0.37635 0 0.62365
0.374352 0 0.625648
0.37245 0 0.62755
0.370881 0 0.629119
0.369498 0 0.630502
0.368261 0 0.631739
0.367054 0 0.632946
0.365856 0 0.634144
0.364703 0 0.635297
0.363544 0 0.636456
0.362215 0 0.637785
0.359179 0 0.640821
0.355687 0 0.644313
0.352346 0 0.647654
0.349011 0 0.650989
0.345747 0 0.654253
0.342624 0 0.657376
0.339506 0 0.660494
0.336451 0 0.663549
0.333515 0 0.666485
0.330608 0 0.669392
0.327771 0 0.672229
0.32501 0 0.67499
0.322266 0 0.677734
0.319585 0 0.680415
0.317008 0 0.682992
0.271345 0 0.728655
0.268001 0 0.731999
0.26481 0 0.73519
0.262561 0 0.737439
0.0543132 0 0.945687
0.264632 0 0.735368
0.26573 0 0.73427
0.266913 0 0.733087
0.268153 0 0.731847
0.467638 0 0.532362
0.185533 0 0.814467
0.183744 0 0.816256
0.181998 0 0.818002
0.180294 0 0.819706
0.17863 0 0.82137
0.177004 0 0.822996
0.175416 0 0.824584
0.173864 0 0.826136
0.172348 0 0.827652
0.170866 0 0.829134
0.169418 0 0.830582
0.168001 0 0.831999
0.166617 0 0.833383
0.165262 0 0.834738
0.163937 0 0.836063
0.162641 0 0.837359
0.161373 0 0.838627
0.160132 0 0.839868
0.158918 0 0.841082
0.15773 0 0.84227
0.156566 0 0.843434
0.155427 0 0.844573
0.154312 0 0.845688
0.15322 0 0.84678
0.15215 0 0.84785
0.151103 0 0.848897
0.150077 0 0.849923
0.149072 0 0.850928
0.148088 0 0.851912
0.147123 0 0.852877
0.146178 0 0.853822
0.145252 0 0.854748
0.144345 0 0.855655
0.143455 0 0.856545
0.142583 0 0.857417
0.141863 0 0.858137
0.142965 0 0.857035
0.144216 0 0.855784
0.226681 0 0.773319
0.567132 0 0.432868
0.454537 0 0.545463
0.455436 0 0.544564
0.134658 0 0.865342
0.134162 0 0.865838
0.130195 0 0.869805
0.132562 0 0.867438
0.132738 0 0.867262
0.132283 0 0.867717
0.131838 0 0.868162
0.131402 0 0.868598
0.130975 0 0.869025
0.132706 0 0.867294
0.134768 0 0.865232
0.136777 0 0.863223
0.138985 0 0.861015
0.141271 0 0.858729
0.143422 0 0.856578
0.146097 0 0.853903
0.148646 0 0.851354
0.151431 0 0.848569
0.439362 0 0.560638
0.4336 0 0.5664
0.387092 0 0.612908
0.381203 0 0.618797
0.378497 0 0.621503
0.376395 0 0.623605
0.374323 0 0.625677
0.372313 0 0.627687
0.370319 0 0.629681
0.368386 0 0.631614
0.366732 0 0.633268
0.365312 0 0.634688
0.364067 0 0.635933
0.362823 0 0.637177
0.361628 0 0.638372
0.360436 0 0.639564
0.359246 0 0.640754
0.357051 0 0.642949
0.353565 0 0.646435
0.350147 0 0.649853
0.346866 0 0.653134
0.34361 0 0.65639
0.340413 0 0.659587
0.337355 0 0.662645
0.334298 0 0.665702
0.331304 0 0.668696
0.328427 0 0.671574
0.325573 0 0.674427
0.322764 0 0.677236
0.320043 0 0.679957
0.317387 0 0.682613
0.314747 0 0.685253
0.312185 0 0.687815
0.309695 0 0.690305
0.307213 0 0.692787
0.30478 0 0.69522
0.302408 0 0.697592
0.271511 0 0.728489
0.268164 0 0.731836
0.208641 0 0.791359
0.206042 0 0.793958
0.0543008 0 0.945699
0.20106 0 0.79894
0.199315 0 0.800685
0.266937 0 0.733063
0.268176 0 0.731824
0.467778 0 0.532222
0.29072 0 0.70928
0.249406 0 0.750594
0.240854 0 0.759146
0.185066 0 0.814934
0.183287 0 0.816713
0.18155 0 0.81845
0.179854 0 0.820146
0.178198 0 0.821802
0.17658 0 0.82342
0.175 0 0.825
0.173456 0 0.826544
0.171947 0 0.828053
0.170472 0 0.829528
0.16903 0 0.83097
0.167621 0 0.832379
0.166242 0 0.833758
0.164894 0 0.835106
0.163575 0 0.836425
0.162285 0 0.837715
0.161022 0 0.838978
0.159787 0 0.840213
0.158578 0 0.841422
0.157395 0 0.842605
0.156236 0 0.843764
0.155102 0 0.844898
0.153992 0 0.846008
0.152904 0 0.847096
0.151839 0 0.848161
0.150797 0 0.849203
0.149774 0 0.850226
0.148774 0 0.851226
0.147794 0 0.852206
0.146833 0 0.853167
0.145891 0 0.854109
0.144969 0 0.855031
0.144065 0 0.855935
0.143179 0 0.856821
0.142311 0 0.857689
0.141892 0 0.858108
0.14293 0 0.85707
0.14418 0 0.85582
0.226519 0 0.773481
0.567282 0 0.432718
0.454627 0 0.545373
0.455393 0 0.544607
0.583089 0 0.416911
0.573802 0 0.426198
0.129751 0 0.870249
0.129237 0 0.870763
0.129732 0 0.870268
0.131479 0 0.868521
0.132512 0 0.867488
0.132777 0 0.867223
0.132322 0 0.867678
0.131876 0 0.868124
0.13144 0 0.86856
0.131013 0 0.868987
0.13265 0 0.86735
0.13471 0 0.86529
0.136718 0 0.863282
0.138923 0 0.861077
0.141206 0 0.858794
0.143444 0 0.856556
0.146027 0 0.853973
0.148575 0 0.851425
0.151356 0 0.848644
0.377407 0 0.622593
0.374675 0 0.625325
0.151299 0 0.848701
0.370502 0 0.629498
0.368473 0 0.631527
0.366473 0 0.633527
0.364533 0 0.635467
0.362822 0 0.637178
0.361344 0 0.638656
0.360077 0 0.639923
0.358818 0 0.641182
0.357607 0 0.642393
0.356399 0 0.643601
0.35458 0 0.64542
0.351607 0 0.648393
0.348221 0 0.651779
0.344875 0 0.655125
0.341607 0 0.658393
0.338472 0 0.661528
0.335339 0 0.664661
0.332308 0 0.667692
0.329343 0 0.670657
0.326407 0 0.673593
0.323587 0 0.676413
0.320785 0 0.679215
0.318027 0 0.681973
0.315362 0 0.684638
0.312747 0 0.687253
0.310154 0 0.689846
0.30762 0 0.69238
0.30518 0 0.69482
0.30275 0 0.69725
0.300358 0 0.699642
0.298032 0 0.701968
0.295777 0 0.704223
0.293522 0 0.706478
0.291311 0 0.708689
0.289162 0 0.710838
0.228408 0 0.771592
0.22522 0 0.77478
0.22213 0 0.77787
0.219133 0 0.780867
0.216227 0 0.783773
0.213406 0 0.786594
0.210668 0 0.789332
0.208009 0 0.791991
0.205425 0 0.794575
0.0542897 0 0.94571
0.200474 0 0.799526
0.19893 0 0.80107
0.199788 0 0.800212
0.268203 0 0.731797
0.297532 0 0.702468
0.297929 0 0.702071
0.290437 0 0.709563
0.247884 0 0.752116
0.245851 0 0.754149
0.243699 0 0.756301
0.186419 0 0.813581
0.184605 0 0.815395
0.182834 0 0.817166
0.181106 0 0.818894
0.179419 0 0.820581
0.177771 0 0.822229
0.176161 0 0.823839
0.174589 0 0.825411
0.173051 0 0.826949
0.17155 0 0.82845
0.170082 0 0.829918
0.168647 0 0.831353
0.167244 0 0.832756
0.165871 0 0.834129
0.164529 0 0.835471
0.163216 0 0.836784
0.161932 0 0.838068
0.160675 0 0.839325
0.159445 0 0.840555
0.158241 0 0.841759
0.157063 0 0.842937
0.15591 0 0.84409
0.154781 0 0.845219
0.153675 0 0.846325
0.152592 0 0.847408
0.151532 0 0.848468
0.150493 0 0.849507
0.149475 0 0.850525
0.148479 0 0.851521
0.147502 0 0.852498
0.146545 0 0.853455
0.145608 0 0.854392
0.144689 0 0.855311
0.143789 0 0.856211
0.142907 0 0.857093
0.142303 0 0.857697
0.141922 0 0.858078
0.142897 0 0.857103
0.144146 0 0.855854
0.22636 0 0.77364
0.56744 0 0.43256
0.599515 0 0.400485
0.59072 0 0.40928
0.582193 0 0.417807
0.573077 0 0.426923
0.454727 0 0.545273
0.455364 0 0.544636
0.54673 0 0.45327
0.513633 0 0.486367
0.129763 0 0.870237
0.129277 0 0.870723
0.129685 0 0.870315
0.131431 0 0.868569
0.132463 0 0.867537
0.132818 0 0.867182
0.132363 0 0.867637
0.131917 0 0.868083
0.13148 0 0.86852
0.131053 0 0.868947
0.132595 0 0.867405
0.134653 0 0.865347
0.136659 0 0.863341
0.138862 0 0.861138
0.141143 0 0.858857
0.143508 0 0.856492
0.146092 0 0.853908
0.148638 0 0.851362
0.151282 0 0.848718
0.366883 0 0.633117
0.364853 0 0.635147
0.151432 0 0.848568
0.360913 0 0.639087
0.359154 0 0.640846
0.3576 0 0.6424
0.35631 0 0.64369
0.35506 0 0.64494
0.353759 0 0.646241
0.352348 0 0.647652
0.349834 0 0.650166
0.346414 0 0.653586
0.343129 0 0.656871
0.33985 0 0.66015
0.336659 0 0.663341
0.333576 0 0.666424
0.330504 0 0.669496
0.327511 0 0.672489
0.324625 0 0.675375
0.321741 0 0.678259
0.318921 0 0.681079
0.316218 0 0.683782
0.263426 0 0.736574
0.262191 0 0.737809
0.260951 0 0.739049
0.263653 0 0.736347
0.262127 0 0.737873
0.260777 0 0.739223
0.260101 0 0.739899
0.296149 0 0.703851
0.293842 0 0.706158
0.291594 0 0.708406
0.289422 0 0.710578
0.287244 0 0.712756
0.285109 0 0.714891
0.283049 0 0.716951
0.260021 0 0.739979
0.253721 0 0.746279
0.249076 0 0.750924
0.248958 0 0.751042
0.245106 0 0.754894
0.241382 0 0.758618
0.237779 0 0.762221
0.234294 0 0.765706
0.230919 0 0.769081
0.227651 0 0.772349
0.224484 0 0.775516
0.221415 0 0.778585
0.218438 0 0.781562
0.21555 0 0.78445
0.212747 0 0.787253
0.210026 0 0.789974
0.207383 0 0.792617
0.204815 0 0.795185
0.0542787 0 0.945721
0.199893 0 0.800107
0.198905 0 0.801095
0.199762 0 0.800238
0.268233 0 0.731767
0.297543 0 0.702457
0.297881 0 0.702119
0.290562 0 0.709438
0.247981 0 0.752019
0.245852 0 0.754148
0.243745 0 0.756255
0.185953 0 0.814047
0.184148 0 0.815852
0.182387 0 0.817613
0.180667 0 0.819333
0.178988 0 0.821012
0.177348 0 0.822652
0.175746 0 0.824254
0.174181 0 0.825819
0.172652 0 0.827348
0.171157 0 0.828843
0.169696 0 0.830304
0.168268 0 0.831732
0.16687 0 0.83313
0.165505 0 0.834495
0.164168 0 0.835832
0.162861 0 0.837139
0.161583 0 0.838417
0.160331 0 0.839669
0.159107 0 0.840893
0.157909 0 0.842091
0.156736 0 0.843264
0.155587 0 0.844413
0.154462 0 0.845538
0.153361 0 0.846639
0.152283 0 0.847717
0.151227 0 0.848773
0.150192 0 0.849808
0.149179 0 0.850821
0.148187 0 0.851813
0.147214 0 0.852786
0.146261 0 0.853739
0.145328 0 0.854672
0.144412 0 0.855588
0.143515 0 0.856485
0.142726 0 0.857274
0.142336 0 0.857664
0.141955 0 0.858045
0.142866 0 0.857134
0.144114 0 0.855886
0.226204 0 0.773796
0.598429 0 0.401571
0.567606 0 0.432394
0.581123 0 0.418877
0.57259 0 0.42741
0.563492 0 0.436508
0.554763 0 0.445237
0.546204 0 0.453796
0.536819 0 0.463181
0.454838 0 0.545162
0.45535 0 0.54465
0.491006 0 0.508994
0.483374 0 0.516626
0.129804 0 0.870196
0.129319 0 0.870681
0.129641 0 0.870359
0.131385 0 0.868615
0.132416 0 0.867584
0.132861 0 0.867139
0.132405 0 0.867595
0.131959 0 0.868041
0.131522 0 0.868478
0.131095 0 0.868905
0.132542 0 0.867458
0.134598 0 0.865402
0.136602 0 0.863398
0.139239 0 0.860761
0.14121 0 0.85879
0.143574 0 0.856426
0.146026 0 0.853974
0.14857 0 0.85143
0.151211 0 0.848789
0.35746 0 0.64254
0.355679 0 0.644321
0.354091 0 0.645909
0.352742 0 0.647258
0.35147 0 0.64853
0.349977 0 0.650023
0.348268 0 0.651732
0.344835 0 0.655165
0.341483 0 0.658517
0.338256 0 0.661744
0.335053 0 0.664947
0.331936 0 0.668064
0.328902 0 0.671098
0.32589 0 0.67411
0.322967 0 0.677033
0.32012 0 0.67988
0.270761 0 0.729239
0.269057 0 0.730943
0.265434 0 0.734566
0.263239 0 0.736761
0.256204 0 0.743796
0.254427 0 0.745573
0.253648 0 0.746352
0.254515 0 0.745485
0.255782 0 0.744218
0.255018 0 0.744982
0.253178 0 0.746822
0.249298 0 0.750702
0.250096 0 0.749904
0.250687 0 0.749313
0.253899 0 0.746101
0.258171 0 0.741829
0.279207 0 0.720793
0.277214 0 0.722786
0.261481 0 0.738519
0.256661 0 0.743339
0.250832 0 0.749168
0.232061 0 0.767939
0.230242 0 0.769758
0.226378 0 0.773622
0.244235 0 0.755765
0.240537 0 0.759463
0.23696 0 0.76304
0.233499 0 0.766501
0.230148 0 0.769852
0.226902 0 0.773098
0.223756 0 0.776244
0.220707 0 0.779293
0.217749 0 0.782251
0.214879 0 0.785121
0.212094 0 0.787906
0.0537276 0 0.946272
0.206763 0 0.793237
0.204211 0 0.795789
0.0542688 0 0.945731
0.199318 0 0.800682
0.198881 0 0.801119
0.199739 0 0.800261
0.267969 0 0.732031
0.297558 0 0.702442
0.297836 0 0.702164
0.29069 0 0.70931
0.24808 0 0.75192
0.245871 0 0.754129
0.243792 0 0.756208
0.185491 0 0.814509
0.183696 0 0.816304
0.181943 0 0.818057
0.180232 0 0.819768
0.178561 0 0.821439
0.176929 0 0.823071
0.175335 0 0.824665
0.173778 0 0.826222
0.172255 0 0.827745
0.170768 0 0.829232
0.169313 0 0.830687
0.167891 0 0.832109
0.166501 0 0.833499
0.165141 0 0.834859
0.163811 0 0.836189
0.16251 0 0.83749
0.161237 0 0.838763
0.159991 0 0.840009
0.158772 0 0.841228
0.157579 0 0.842421
0.15641 0 0.84359
0.155267 0 0.844733
0.154147 0 0.845853
0.153051 0 0.846949
0.151977 0 0.848023
0.150925 0 0.849075
0.149895 0 0.850105
0.148886 0 0.851114
0.147897 0 0.852103
0.146929 0 0.853071
0.14598 0 0.85402
0.145049 0 0.854951
0.144138 0 0.855862
0.143245 0 0.856755
0.14276 0 0.85724
0.142369 0 0.857631
0.141989 0 0.858011
0.142836 0 0.857164
0.144084 0 0.855916
0.544737 0 0.455263
0.597494 0 0.402506
0.588683 0 0.411317
0.580137 0 0.419863
0.226158 0 0.773842
0.563144 0 0.436856
0.554296 0 0.445704
0.545828 0 0.454172
0.537519 0 0.462481
0.521401 0 0.478599
0.500946 0 0.499054
0.492945 0 0.507055
0.48525 0 0.51475
0.454959 0 0.545041
0.455348 0 0.544652
0.461621 0 0.538379
0.453355 0 0.546645
0.129848 0 0.870152
0.129362 0 0.870638
0.129598 0 0.870402
0.131341 0 0.868659
0.130739 0 0.869261
0.132905 0 0.867095
0.132449 0 0.867551
0.132002 0 0.867998
0.131566 0 0.868434
0.131138 0 0.868862
0.132491 0 0.867509
0.134545 0 0.865455
0.136671 0 0.863329
0.138871 0 0.861129
0.14115 0 0.85885
0.143512 0 0.856488
0.145961 0 0.854039
0.148277 0 0.851723
0.151732 0 0.848268
0.349365 0 0.650635
0.34807 0 0.65193
0.346464 0 0.653536
0.343399 0 0.656601
0.340055 0 0.659945
0.336765 0 0.663235
0.333591 0 0.666409
0.330468 0 0.669532
0.327385 0 0.672616
0.324415 0 0.675585
0.321479 0 0.678521
0.318585 0 0.681415
0.315791 0 0.684209
0.272935 0 0.727065
0.268624 0 0.731376
0.26671 0 0.73329
0.264309 0 0.735691
0.261667 0 0.738333
0.256516 0 0.743484
0.254236 0 0.745764
0.252 0 0.748
0.250578 0 0.749422
0.249901 0 0.750099
0.249803 0 0.750197
0.249032 0 0.750968
0.247606 0 0.752394
0.245898 0 0.754102
0.244984 0 0.755016
0.244555 0 0.755445
0.244473 0 0.755527
0.246875 0 0.753125
0.230099 0 0.769901
0.228981 0 0.771019
0.227736 0 0.772264
0.226445 0 0.773555
0.228765 0 0.771235
0.230872 0 0.769128
0.229284 0 0.770716
0.223907 0 0.776093
0.220904 0 0.779096
0.218713 0 0.781287
0.239702 0 0.760298
0.236151 0 0.763849
0.232713 0 0.767287
0.229384 0 0.770616
0.22616 0 0.77384
0.223036 0 0.776964
0.220006 0 0.779994
0.217067 0 0.782933
0.214216 0 0.785784
0.0541064 0 0.945894
0.0535331 0 0.946467
0.0537045 0 0.946295
0.05388 0 0.94612
0.0540593 0 0.945941
0.198803 0 0.801197
0.19886 0 0.80114
0.199717 0 0.800283
0.26794 0 0.73206
0.297577 0 0.702423
0.297795 0 0.702205
0.290822 0 0.709178
0.248204 0 0.751796
0.245973 0 0.754027
0.243843 0 0.756157
0.185035 0 0.814965
0.183248 0 0.816752
0.181504 0 0.818496
0.179801 0 0.820199
0.178139 0 0.821861
0.176515 0 0.823485
0.174928 0 0.825072
0.173378 0 0.826622
0.171863 0 0.828137
0.170382 0 0.829618
0.168935 0 0.831065
0.167519 0 0.832481
0.166135 0 0.833865
0.164782 0 0.835218
0.163458 0 0.836542
0.162162 0 0.837838
0.160895 0 0.839105
0.159655 0 0.840346
0.15844 0 0.84156
0.157252 0 0.842748
0.156089 0 0.843911
0.154951 0 0.84505
0.153835 0 0.846165
0.152744 0 0.847256
0.151674 0 0.848326
0.150632 0 0.849368
0.149637 0 0.850363
0.148663 0 0.851337
0.147708 0 0.852292
0.146772 0 0.853228
0.145855 0 0.854145
0.144957 0 0.855043
0.144077 0 0.855923
0.143214 0 0.856786
0.142796 0 0.857204
0.142406 0 0.857594
0.142025 0 0.857975
0.142808 0 0.857192
0.144054 0 0.855946
0.544416 0 0.455584
0.5967 0 0.4033
0.587865 0 0.412135
0.579288 0 0.420712
0.348741 0 0.651259
0.348315 0 0.651685
0.347906 0 0.652094
0.545444 0 0.454556
0.226149 0 0.773851
0.52916 0 0.47084
0.503742 0 0.496258
0.495067 0 0.504933
0.487233 0 0.512767
0.479643 0 0.520357
0.472337 0 0.527663
0.464656 0 0.535344
0.456236 0 0.543764
0.448121 0 0.551879
0.440331 0 0.559669
0.425907 0 0.574093
0.42374 0 0.57626
0.129893 0 0.870107
0.129407 0 0.870593
0.129557 0 0.870443
0.131298 0 0.868702
0.101543 0 0.898457
0.100633 0 0.899367
0.0997401 0 0.90026
0.0988645 0 0.901135
0.098005 0 0.901995
0.0971618 0 0.902838
0.0963341 0 0.903666
0.0955223 0 0.904478
0.0947254 0 0.905275
0.093943 0 0.906057
0.0931744 0 0.906826
0.0924503 0 0.90755
0.0918578 0 0.908142
0.0912773 0 0.908723
0.0907079 0 0.909292
0.090151 0 0.909849
0.089604 0 0.910396
0.0890685 0 0.910932
0.0885433 0 0.911457
0.0880285 0 0.911972
0.0875238 0 0.912476
0.0870292 0 0.912971
0.0865443 0 0.913456
0.0860692 0 0.913931
0.085603 0 0.914397
0.0851462 0 0.914854
0.0852682 0 0.914732
0.0858599 0 0.91414
0.266868 0 0.733132
0.261242 0 0.738758
0.259793 0 0.740207
0.258155 0 0.741845
0.254554 0 0.745446
0.25285 0 0.74715
0.251312 0 0.748688
0.249621 0 0.750379
0.248063 0 0.751937
0.246403 0 0.753597
0.244793 0 0.755207
0.244203 0 0.755797
0.243329 0 0.756671
0.242066 0 0.757934
0.241742 0 0.758258
0.241449 0 0.758551
0.232894 0 0.767106
0.227858 0 0.772142
0.226086 0 0.773914
0.224895 0 0.775105
0.223361 0 0.776639
0.221743 0 0.778257
0.219931 0 0.780069
0.218208 0 0.781792
0.217473 0 0.782527
0.216654 0 0.783346
0.216042 0 0.783958
0.214857 0 0.785143
0.213464 0 0.786536
0.235349 0 0.764651
0.231935 0 0.768065
0.228629 0 0.771371
0.225427 0 0.774573
0.222322 0 0.777678
0.219313 0 0.780687
0.216393 0 0.783607
0.21356 0 0.78644
0.0540731 0 0.945927
0.053495 0 0.946505
0.0536668 0 0.946333
0.0538419 0 0.946158
0.054021 0 0.945979
0.19886 0 0.80114
0.198842 0 0.801158
0.199698 0 0.800302
0.267914 0 0.732086
0.2976 0 0.7024
0.297758 0 0.702242
0.290958 0 0.709042
0.248534 0 0.751466
0.246078 0 0.753922
0.243898 0 0.756102
0.184583 0 0.815417
0.182805 0 0.817195
0.18107 0 0.81893
0.179376 0 0.820624
0.177721 0 0.822279
0.176105 0 0.823895
0.174526 0 0.825474
0.172983 0 0.827017
0.171475 0 0.828525
0.170001 0 0.829999
0.16856 0 0.83144
0.167151 0 0.832849
0.165773 0 0.834227
0.164431 0 0.835569
0.163147 0 0.836854
0.161889 0 0.838111
0.160659 0 0.839341
0.159455 0 0.840545
0.158277 0 0.841723
0.157124 0 0.842876
0.155995 0 0.844005
0.15489 0 0.84511
0.153808 0 0.846192
0.152748 0 0.847252
0.15171 0 0.84829
0.150693 0 0.849307
0.149698 0 0.850302
0.148722 0 0.851278
0.147767 0 0.852233
0.14683 0 0.85317
0.145913 0 0.854087
0.145014 0 0.854986
0.144133 0 0.855867
0.14327 0 0.85673
0.142834 0 0.857166
0.142444 0 0.857556
0.142062 0 0.857938
0.142781 0 0.857219
0.144027 0 0.855973
0.129062 0 0.870938
0.127626 0 0.872374
0.126229 0 0.873771
0.124867 0 0.875133
0.12354 0 0.87646
0.122247 0 0.877753
0.120986 0 0.879014
0.119756 0 0.880244
0.118557 0 0.881443
0.117387 0 0.882613
0.116245 0 0.883755
0.11513 0 0.88487
0.114043 0 0.885957
0.11298 0 0.88702
0.111943 0 0.888057
0.110929 0 0.889071
0.109939 0 0.890061
0.108972 0 0.891028
0.108026 0 0.891974
0.107102 0 0.892897
0.106199 0 0.893801
0.105316 0 0.894684
0.104451 0 0.895549
0.103606 0 0.896394
0.10278 0 0.89722
0.101971 0 0.898029
0.10118 0 0.89882
0.100406 0 0.899594
0.0996478 0 0.900352
0.0989056 0 0.901094
0.0981794 0 0.901821
0.0974689 0 0.902531
0.0967724 0 0.903228
0.0960904 0 0.90391
0.0954228 0 0.904577
0.094769 0 0.905231
0.0941284 0 0.905872
0.0935007 0 0.906499
0.0928862 0 0.907114
0.0922834 0 0.907717
0.0916936 0 0.908306
0.0911151 0 0.908885
0.0905478 0 0.909452
0.0899928 0 0.910007
0.0894478 0 0.910552
0.0889141 0 0.911086
0.0883909 0 0.911609
0.087878 0 0.912122
0.0873751 0 0.912625
0.0868823 0 0.913118
0.0863993 0 0.913601
0.0859253 0 0.914075
0.0854609 0 0.914539
0.0850059 0 0.914994
0.0846372 0 0.915363
0.0852198 0 0.91478
0.0858141 0 0.914186
0.255813 0 0.744187
0.255295 0 0.744705
0.252615 0 0.747385
0.250278 0 0.749722
0.248595 0 0.751405
0.247703 0 0.752297
0.246475 0 0.753525
0.244471 0 0.755529
0.243554 0 0.756446
0.242248 0 0.757752
0.240607 0 0.759393
0.240046 0 0.759954
0.238779 0 0.761221
0.236368 0 0.763632
0.230188 0 0.769812
0.226754 0 0.773247
0.224601 0 0.775399
0.220267 0 0.779733
0.217786 0 0.782214
0.217557 0 0.782443
0.216048 0 0.783952
0.214213 0 0.785787
0.200367 0 0.799633
0.200726 0 0.799274
0.211703 0 0.788297
0.211928 0 0.788072
0.211317 0 0.788683
0.210535 0 0.789465
0.0742088 0 0.925791
0.231166 0 0.768834
0.227882 0 0.772118
0.224701 0 0.775299
0.221616 0 0.778384
0.218626 0 0.781374
0.215725 0 0.784275
0.21291 0 0.78709
0.0540746 0 0.945925
0.0534876 0 0.946512
0.0536591 0 0.946341
0.053834 0 0.946166
0.0540131 0 0.945987
0.19892 0 0.80108
0.198825 0 0.801175
0.199682 0 0.800318
0.267892 0 0.732108
0.297625 0 0.702375
0.297725 0 0.702275
0.291124 0 0.708876
0.248866 0 0.751134
0.246186 0 0.753814
0.243962 0 0.756038
0.184575 0 0.815425
0.182422 0 0.817578
0.180731 0 0.819269
0.17908 0 0.82092
0.177467 0 0.822533
0.175892 0 0.824108
0.174352 0 0.825648
0.172848 0 0.827152
0.171378 0 0.828622
0.16994 0 0.83006
0.168535 0 0.831465
0.167161 0 0.832839
0.165817 0 0.834183
0.164503 0 0.835497
0.163218 0 0.836782
0.161959 0 0.838041
0.160729 0 0.839271
0.159524 0 0.840476
0.158345 0 0.841655
0.157191 0 0.842809
0.156061 0 0.843939
0.154955 0 0.845045
0.153872 0 0.846128
0.152812 0 0.847188
0.151773 0 0.848227
0.150756 0 0.849244
0.14976 0 0.85024
0.148784 0 0.851216
0.147827 0 0.852173
0.14689 0 0.85311
0.145973 0 0.854027
0.145073 0 0.854927
0.144192 0 0.855808
0.143328 0 0.856672
0.142873 0 0.857127
0.142483 0 0.857517
0.142102 0 0.857898
0.142757 0 0.857243
0.144002 0 0.855998
0.128731 0 0.871269
0.127303 0 0.872697
0.125913 0 0.874087
0.124558 0 0.875443
0.123238 0 0.876762
0.121951 0 0.878049
0.120696 0 0.879304
0.119473 0 0.880527
0.118279 0 0.881721
0.117114 0 0.882886
0.115978 0 0.884022
0.114869 0 0.885131
0.113786 0 0.886214
0.112729 0 0.887271
0.111696 0 0.888304
0.110687 0 0.889313
0.109702 0 0.890298
0.108739 0 0.891261
0.107798 0 0.892202
0.106877 0 0.893123
0.105978 0 0.894022
0.105098 0 0.894902
0.104238 0 0.895762
0.103397 0 0.896603
0.102573 0 0.897427
0.101768 0 0.898232
0.10098 0 0.89902
0.100209 0 0.899791
0.0994543 0 0.900546
0.0987151 0 0.901285
0.0979919 0 0.902008
0.0972837 0 0.902716
0.0965902 0 0.90341
0.0959111 0 0.904089
0.0952457 0 0.904754
0.0945949 0 0.905405
0.0939564 0 0.906044
0.0933314 0 0.906669
0.092719 0 0.907281
0.0921183 0 0.907882
0.0915306 0 0.908469
0.0909541 0 0.909046
0.0903894 0 0.909611
0.0898364 0 0.910164
0.0892933 0 0.910707
0.0887616 0 0.911238
0.0882403 0 0.91176
0.0877292 0 0.912271
0.0872283 0 0.912772
0.0867373 0 0.913263
0.0862554 0 0.913745
0.0857839 0 0.914216
0.0853205 0 0.914679
0.0848666 0 0.915133
0.084422 0 0.915578
0.0847978 0 0.915202
0.0856205 0 0.914379
0.247717 0 0.752283
0.246294 0 0.753706
0.245112 0 0.754888
0.244063 0 0.755937
0.243572 0 0.756428
0.243271 0 0.756729
0.241326 0 0.758674
0.239615 0 0.760385
0.238129 0 0.761871
0.236237 0 0.763763
0.234386 0 0.765614
0.232308 0 0.767692
0.228443 0 0.771557
0.225575 0 0.774425
0.223057 0 0.776943
0.220715 0 0.779285
0.218009 0 0.781991
0.216852 0 0.783148
0.215229 0 0.784771
0.213066 0 0.786934
0.197187 0 0.802813
0.195096 0 0.804904
0.191993 0 0.808007
0.189338 0 0.810662
0.188523 0 0.811477
0.188149 0 0.811851
0.187716 0 0.812284
0.187318 0 0.812682
0.0740782 0 0.925922
0.0735907 0 0.926409
0.227142 0 0.772858
0.223982 0 0.776018
0.220918 0 0.779082
0.217971 0 0.782029
0.215133 0 0.784867
0.212379 0 0.787621
0.0540774 0 0.945923
0.0534803 0 0.94652
0.0536518 0 0.946348
0.0538268 0 0.946173
0.0540056 0 0.945994
0.198982 0 0.801018
0.198812 0 0.801188
0.199668 0 0.800332
0.267872 0 0.732128
0.297655 0 0.702345
0.297695 0 0.702305
0.29132 0 0.70868
0.249204 0 0.750796
0.246297 0 0.753703
0.244127 0 0.755873
0.184751 0 0.815249
0.18251 0 0.81749
0.180817 0 0.819183
0.179165 0 0.820835
0.177551 0 0.822449
0.175974 0 0.824026
0.174434 0 0.825566
0.172928 0 0.827072
0.171457 0 0.828543
0.170018 0 0.829982
0.168612 0 0.831388
0.167237 0 0.832763
0.165893 0 0.834107
0.164577 0 0.835423
0.163291 0 0.836709
0.162032 0 0.837968
0.1608 0 0.8392
0.159595 0 0.840405
0.158415 0 0.841585
0.15726 0 0.84274
0.15613 0 0.84387
0.155023 0 0.844977
0.153939 0 0.846061
0.152878 0 0.847122
0.151838 0 0.848162
0.150821 0 0.849179
0.149823 0 0.850177
0.148847 0 0.851153
0.14789 0 0.85211
0.146953 0 0.853047
0.146034 0 0.853966
0.145134 0 0.854866
0.144252 0 0.855748
0.143388 0 0.856612
0.142915 0 0.857085
0.142524 0 0.857476
0.142143 0 0.857857
0.142733 0 0.857267
0.143978 0 0.856022
0.128403 0 0.871597
0.126983 0 0.873017
0.125599 0 0.874401
0.124252 0 0.875748
0.122938 0 0.877062
0.121658 0 0.878343
0.120409 0 0.879591
0.119192 0 0.880808
0.118004 0 0.881996
0.116845 0 0.883155
0.115714 0 0.884286
0.11461 0 0.88539
0.113532 0 0.886468
0.11248 0 0.88752
0.111452 0 0.888548
0.110448 0 0.889552
0.109466 0 0.890534
0.108507 0 0.891493
0.107571 0 0.892429
0.106655 0 0.893345
0.105759 0 0.894241
0.104883 0 0.895117
0.104027 0 0.895973
0.103188 0 0.896812
0.102369 0 0.897631
0.101567 0 0.898433
0.100782 0 0.899218
0.100014 0 0.899986
0.099262 0 0.900738
0.0985265 0 0.901473
0.0978057 0 0.902194
0.0971005 0 0.9029
0.09641 0 0.90359
0.0957331 0 0.904267
0.0950713 0 0.904929
0.0944219 0 0.905578
0.0937862 0 0.906214
0.0931634 0 0.906837
0.092553 0 0.907447
0.0919551 0 0.908045
0.0913694 0 0.908631
0.0907955 0 0.909204
0.0902328 0 0.909767
0.089681 0 0.910319
0.0891406 0 0.910859
0.0886108 0 0.911389
0.0880914 0 0.911909
0.0875822 0 0.912418
0.0870831 0 0.912917
0.0865932 0 0.913407
0.0861139 0 0.913886
0.0856428 0 0.914357
0.0851819 0 0.914818
0.0847297 0 0.91527
0.0842861 0 0.915714
0.0847923 0 0.915208
0.0856147 0 0.914385
0.244026 0 0.755974
0.242339 0 0.757661
0.241157 0 0.758843
0.239983 0 0.760017
0.238632 0 0.761368
0.236764 0 0.763236
0.235053 0 0.764947
0.234725 0 0.765275
0.233891 0 0.766109
0.232255 0 0.767745
0.22817 0 0.77183
0.225115 0 0.774885
0.222587 0 0.777413
0.218904 0 0.781096
0.218206 0 0.781794
0.217201 0 0.782799
0.216186 0 0.783814
0.21508 0 0.78492
0.199437 0 0.800563
0.194927 0 0.805073
0.192213 0 0.807787
0.189846 0 0.810154
0.188642 0 0.811358
0.187463 0 0.812537
0.186719 0 0.813281
0.186159 0 0.813841
0.185506 0 0.814494
0.184906 0 0.815094
0.0739491 0 0.926051
0.0734631 0 0.926537
0.0729875 0 0.927013
 ] }
}
