# Real Time: 1235.5
# Simulation Time: 49.74
# Radar Position: 915.405 -407.66 0.51596
# Radar Quat: 0.00974423 -0.00679777 0.862218 0.506399
PointSet {
 coord Coordinate { point [
904.9 -418.276 1.04752
906.001 -417.296 0.993817
906.905 -416.49 0.949708
907.043 -416.47 0.944385
910.891 -412.473 0.749024
911.08 -412.336 0.740258
911.114 -412.366 0.739414
911.149 -412.395 0.738577
911.183 -412.424 0.737747
911.217 -412.453 0.736924
911.251 -412.482 0.736107
911.286 -412.511 0.735297
911.32 -412.541 0.734494
911.354 -412.57 0.733697
911.389 -412.599 0.732906
911.423 -412.628 0.732122
911.457 -412.657 0.731344
911.491 -412.687 0.730573
911.388 -412.896 0.737324
911.424 -412.926 0.736538
911.459 -412.956 0.735758
911.632 -412.799 0.727359
911.667 -412.828 0.726617
911.701 -412.858 0.725882
911.736 -412.887 0.725152
911.77 -412.917 0.724428
911.805 -412.946 0.72371
911.84 -412.976 0.722997
911.874 -413.005 0.72229
911.909 -413.035 0.721588
911.944 -413.064 0.720891
911.979 -413.094 0.7202
912.014 -413.124 0.719514
912.049 -413.154 0.718834
911.963 -413.385 0.725452
913.847 -410.899 0.622899
904.887 -418.287 0.995608
905.99 -417.305 0.946944
906.896 -416.498 0.906977
907.042 -416.469 0.901656
911.02 -412.334 0.719714
911.08 -412.336 0.71771
911.114 -412.365 0.716872
911.149 -412.394 0.71604
911.183 -412.423 0.715213
911.217 -412.453 0.714392
911.251 -412.482 0.713577
911.286 -412.511 0.712767
911.32 -412.54 0.711963
911.354 -412.569 0.711164
911.388 -412.598 0.71037
911.423 -412.628 0.709582
911.457 -412.657 0.708799
911.491 -412.686 0.708021
911.512 -412.733 0.707901
911.424 -412.926 0.713178
911.576 -412.798 0.706608
911.632 -412.799 0.70479
911.667 -412.828 0.704037
911.701 -412.857 0.703289
911.736 -412.887 0.702545
911.77 -412.916 0.701806
911.805 -412.946 0.701071
911.84 -412.975 0.70034
911.874 -413.005 0.699614
911.909 -413.034 0.698893
911.944 -413.064 0.698175
911.979 -413.094 0.697462
912.014 -413.123 0.696753
912.049 -413.153 0.696048
912.068 -413.209 0.696195
913.847 -410.9 0.610097
904.874 -418.299 0.943586
905.98 -417.315 0.899982
906.887 -416.506 0.864175
907.042 -416.469 0.85894
911.021 -412.333 0.697026
911.08 -412.335 0.69517
911.114 -412.364 0.694338
911.148 -412.394 0.69351
911.183 -412.423 0.692687
911.217 -412.452 0.691868
911.251 -412.481 0.691054
911.286 -412.51 0.690245
911.32 -412.54 0.68944
911.354 -412.569 0.688639
911.388 -412.598 0.687842
911.423 -412.627 0.68705
911.457 -412.656 0.686261
911.491 -412.686 0.685477
911.512 -412.733 0.685283
911.423 -412.925 0.689826
911.576 -412.797 0.683924
911.632 -412.798 0.68223
911.667 -412.827 0.681465
911.701 -412.857 0.680703
911.736 -412.886 0.679945
911.77 -412.915 0.679191
911.805 -412.945 0.67844
911.839 -412.974 0.677692
911.874 -413.004 0.676947
911.909 -413.034 0.676206
911.944 -413.063 0.675467
911.979 -413.093 0.674732
912.014 -413.123 0.674
912.049 -413.153 0.67327
912.068 -413.209 0.673293
913.846 -410.901 0.597289
904.861 -418.311 0.891462
905.969 -417.324 0.852929
906.899 -416.492 0.820556
907.041 -416.468 0.816232
911.021 -412.332 0.674347
911.08 -412.335 0.672636
911.114 -412.364 0.671809
911.148 -412.393 0.670986
911.183 -412.422 0.670167
911.217 -412.451 0.669351
911.251 -412.481 0.668538
911.285 -412.51 0.667729
911.32 -412.539 0.666923
911.354 -412.568 0.66612
911.388 -412.597 0.66532
911.423 -412.627 0.664524
911.457 -412.656 0.66373
911.491 -412.685 0.662939
911.512 -412.732 0.662668
911.423 -412.924 0.666481
911.576 -412.796 0.661249
911.632 -412.797 0.659676
911.666 -412.827 0.658899
911.701 -412.856 0.658124
911.735 -412.885 0.657352
911.77 -412.915 0.656583
911.805 -412.944 0.655815
911.839 -412.974 0.65505
911.874 -413.003 0.654286
911.909 -413.033 0.653525
911.944 -413.063 0.652766
911.978 -413.092 0.652009
912.013 -413.122 0.651253
912.048 -413.152 0.650499
912.067 -413.209 0.650395
913.845 -410.902 0.584474
904.848 -418.323 0.839224
905.958 -417.334 0.805791
906.898 -416.492 0.777473
907.041 -416.467 0.773535
911.021 -412.331 0.651678
911.08 -412.334 0.650109
911.114 -412.363 0.649288
911.148 -412.393 0.64847
911.183 -412.422 0.647654
911.217 -412.451 0.64684
911.251 -412.48 0.646029
911.285 -412.509 0.64522
911.32 -412.538 0.644413
911.354 -412.568 0.643608
911.388 -412.597 0.642806
911.422 -412.626 0.642005
911.457 -412.655 0.641206
911.491 -412.684 0.640409
911.511 -412.732 0.640058
911.423 -412.924 0.643143
911.577 -412.796 0.638583
911.632 -412.797 0.637128
911.666 -412.826 0.63634
911.701 -412.855 0.635552
911.735 -412.885 0.634766
911.77 -412.914 0.633981
911.804 -412.944 0.633197
911.839 -412.973 0.632415
911.874 -413.003 0.631633
911.909 -413.032 0.630852
911.943 -413.062 0.630072
911.978 -413.092 0.629292
912.013 -413.121 0.628513
912.048 -413.151 0.627735
912.067 -413.208 0.627501
913.844 -410.903 0.571651
904.836 -418.334 0.786862
905.948 -417.343 0.75855
906.861 -416.53 0.735315
907.04 -416.467 0.730846
911.021 -412.33 0.629019
911.08 -412.334 0.627589
911.114 -412.363 0.626774
911.148 -412.392 0.62596
911.183 -412.421 0.625147
911.229 -412.436 0.62402
911.263 -412.466 0.623227
911.296 -412.496 0.622435
911.33 -412.525 0.621643
911.364 -412.555 0.620853
911.397 -412.585 0.620063
911.422 -412.625 0.619492
911.457 -412.655 0.618688
911.491 -412.684 0.617884
911.511 -412.732 0.617452
911.423 -412.923 0.619811
911.577 -412.795 0.615925
911.632 -412.796 0.614588
911.666 -412.826 0.613787
911.701 -412.855 0.612987
911.735 -412.884 0.612186
911.778 -412.902 0.611172
911.812 -412.932 0.610387
911.846 -412.962 0.609601
911.88 -412.992 0.608815
911.914 -413.023 0.608029
911.949 -413.053 0.607242
911.978 -413.091 0.606582
912.013 -413.121 0.60578
912.048 -413.151 0.604977
912.067 -413.208 0.604612
913.253 -411.676 0.574013
913.843 -410.904 0.558819
904.823 -418.345 0.73439
905.938 -417.352 0.71122
906.853 -416.538 0.692207
907.04 -416.466 0.688162
911.022 -412.329 0.606367
911.08 -412.333 0.605073
911.114 -412.362 0.604263
911.148 -412.391 0.603454
911.182 -412.421 0.602645
911.244 -412.418 0.601277
911.278 -412.448 0.600485
911.311 -412.478 0.599692
911.345 -412.507 0.5989
911.378 -412.537 0.598107
911.412 -412.566 0.597314
911.422 -412.625 0.596984
911.456 -412.654 0.596174
911.491 -412.683 0.595364
911.511 -412.731 0.594847
911.423 -412.923 0.596484
911.577 -412.794 0.593274
911.632 -412.796 0.592051
911.666 -412.825 0.591239
911.701 -412.854 0.590426
911.735 -412.884 0.589611
911.791 -412.882 0.588368
911.825 -412.912 0.587566
911.859 -412.942 0.586762
911.893 -412.972 0.585957
911.927 -413.002 0.585151
911.961 -413.032 0.584342
911.978 -413.09 0.583877
912.013 -413.12 0.583051
912.048 -413.15 0.582225
912.066 -413.208 0.581724
913.254 -411.675 0.557814
913.842 -410.905 0.545979
904.811 -418.356 0.681791
905.928 -417.361 0.663789
906.845 -416.545 0.649014
907.04 -416.465 0.645482
911.022 -412.328 0.583722
911.08 -412.333 0.58256
911.114 -412.362 0.581756
911.148 -412.391 0.580952
911.182 -412.42 0.580146
911.255 -412.405 0.57876
911.289 -412.434 0.57796
911.323 -412.463 0.577159
911.357 -412.492 0.576357
911.391 -412.521 0.575554
911.425 -412.549 0.574749
911.422 -412.624 0.574479
911.456 -412.653 0.573665
911.491 -412.683 0.572848
911.51 -412.731 0.572243
911.423 -412.922 0.573161
911.577 -412.793 0.570629
911.632 -412.795 0.569519
911.666 -412.824 0.568694
911.7 -412.854 0.567868
911.735 -412.883 0.56704
911.803 -412.864 0.565747
911.837 -412.893 0.564922
911.872 -412.922 0.564094
911.906 -412.952 0.563268
911.94 -412.982 0.562442
911.974 -413.012 0.561613
911.978 -413.09 0.561175
912.013 -413.12 0.560326
912.048 -413.149 0.559475
912.066 -413.208 0.558838
913.251 -411.679 0.541657
913.842 -410.906 0.53313
904.799 -418.368 0.629087
905.918 -417.371 0.616269
906.836 -416.553 0.605751
907.039 -416.465 0.602805
911.022 -412.327 0.561083
911.08 -412.332 0.560051
911.114 -412.361 0.559253
911.148 -412.39 0.558453
911.182 -412.42 0.557651
911.255 -412.404 0.556472
911.289 -412.433 0.555673
911.323 -412.462 0.554872
911.357 -412.491 0.554069
911.391 -412.52 0.553264
911.425 -412.549 0.552457
911.422 -412.624 0.551978
911.456 -412.653 0.551158
911.491 -412.682 0.550335
911.51 -412.731 0.54964
911.423 -412.921 0.549841
911.577 -412.792 0.54799
911.631 -412.794 0.546989
911.666 -412.824 0.546153
911.7 -412.853 0.545314
911.735 -412.882 0.544471
911.803 -412.863 0.54337
911.837 -412.892 0.542528
911.872 -412.922 0.541683
911.906 -412.951 0.540835
911.94 -412.98 0.539983
911.975 -413.01 0.539127
911.978 -413.089 0.538476
912.013 -413.119 0.537605
912.048 -413.149 0.536729
912.066 -413.207 0.535953
913.246 -411.687 0.52548
913.841 -410.907 0.520271
904.786 -418.379 0.576269
905.908 -417.38 0.568658
906.828 -416.56 0.562409
907.039 -416.464 0.560131
911.023 -412.327 0.538451
911.079 -412.332 0.537545
911.114 -412.361 0.536753
911.148 -412.39 0.535957
911.182 -412.419 0.535159
911.255 -412.404 0.534187
911.289 -412.433 0.53339
911.323 -412.462 0.532589
911.357 -412.491 0.531785
911.391 -412.519 0.530978
911.425 -412.548 0.530168
911.422 -412.623 0.52948
911.456 -412.652 0.528654
911.491 -412.682 0.527826
911.51 -412.731 0.527037
911.423 -412.921 0.526525
911.577 -412.791 0.525357
911.631 -412.794 0.524463
911.666 -412.823 0.523615
911.7 -412.853 0.522763
911.735 -412.882 0.521906
911.803 -412.863 0.520996
911.837 -412.892 0.520138
911.871 -412.921 0.519276
911.906 -412.95 0.518409
911.94 -412.98 0.517538
911.975 -413.009 0.516661
911.978 -413.089 0.515781
912.013 -413.118 0.514887
912.048 -413.148 0.513987
912.065 -413.207 0.513068
904.774 -418.39 0.523335
905.898 -417.389 0.520951
906.82 -416.568 0.518988
907.038 -416.463 0.51746
911.023 -412.326 0.515826
911.079 -412.331 0.515042
911.114 -412.36 0.514255
911.148 -412.389 0.513465
911.182 -412.419 0.51267
911.255 -412.403 0.511905
911.289 -412.432 0.511109
911.323 -412.461 0.510309
911.357 -412.49 0.509504
911.391 -412.519 0.508695
911.425 -412.548 0.507882
911.422 -412.623 0.506985
911.456 -412.652 0.506154
911.49 -412.681 0.505319
911.509 -412.73 0.504435
911.423 -412.92 0.503212
911.577 -412.79 0.502729
911.631 -412.793 0.50194
911.666 -412.823 0.50108
911.7 -412.852 0.500215
911.735 -412.881 0.499344
911.803 -412.862 0.498625
911.837 -412.891 0.497751
911.871 -412.92 0.496872
911.906 -412.95 0.495987
911.94 -412.979 0.495096
911.975 -413.008 0.494198
911.977 -413.088 0.493089
912.012 -413.118 0.492171
912.047 -413.148 0.491247
912.065 -413.207 0.490184
904.761 -418.401 0.470284
905.888 -417.398 0.47315
906.811 -416.576 0.475489
907.038 -416.463 0.47479
911.023 -412.325 0.493206
911.079 -412.33 0.492542
911.114 -412.36 0.491761
911.148 -412.389 0.490975
911.182 -412.418 0.490183
911.255 -412.403 0.489626
911.289 -412.432 0.488831
911.323 -412.461 0.488031
911.357 -412.49 0.487226
911.391 -412.518 0.486415
911.424 -412.547 0.485597
911.422 -412.622 0.484492
911.456 -412.651 0.483656
911.49 -412.68 0.482815
911.509 -412.73 0.481832
911.423 -412.92 0.479901
911.577 -412.79 0.480106
911.631 -412.793 0.47942
911.666 -412.822 0.478548
911.7 -412.851 0.47767
911.734 -412.881 0.476785
911.803 -412.861 0.476257
911.837 -412.891 0.475367
911.871 -412.92 0.47447
911.906 -412.949 0.473566
911.94 -412.978 0.472656
911.974 -413.008 0.471738
911.977 -413.087 0.4704
912.012 -413.117 0.469459
912.047 -413.147 0.46851
912.065 -413.206 0.4673
904.749 -418.413 0.417115
905.878 -417.408 0.425252
906.803 -416.583 0.431908
907.038 -416.462 0.432121
911.023 -412.324 0.470592
911.079 -412.33 0.470043
911.114 -412.359 0.469268
911.148 -412.388 0.468486
911.209 -412.387 0.467996
911.255 -412.402 0.467348
911.289 -412.431 0.466555
911.323 -412.46 0.465755
911.357 -412.489 0.464949
911.391 -412.518 0.464136
911.424 -412.547 0.463312
911.422 -412.621 0.462001
911.456 -412.651 0.461161
911.49 -412.68 0.460313
911.509 -412.73 0.459228
911.422 -412.919 0.456593
911.577 -412.789 0.457488
911.631 -412.792 0.456901
911.665 -412.821 0.456017
911.7 -412.851 0.455126
911.734 -412.88 0.454227
911.803 -412.861 0.45389
911.837 -412.89 0.452984
911.871 -412.919 0.45207
911.905 -412.949 0.451148
911.94 -412.978 0.450218
911.974 -413.007 0.44928
911.977 -413.087 0.447712
912.012 -413.117 0.446748
912.047 -413.146 0.445775
912.064 -413.206 0.444415
905.173 -466.554 -0.605547
905.678 -466.066 -0.604111
906.179 -465.555 -0.602173
906.668 -465.064 -0.600505
907.152 -464.558 -0.59846
907.625 -464.071 -0.596682
908.089 -463.598 -0.595114
908.546 -463.116 -0.593256
908.994 -462.65 -0.591634
909.434 -462.189 -0.590031
909.866 -461.734 -0.588468
910.291 -461.282 -0.586886
910.71 -460.82 -0.585016
911.119 -460.405 -0.58402
911.523 -459.966 -0.582454
911.92 -459.528 -0.580835
912.374 -458.044 -0.556882
904.737 -418.424 0.363829
905.868 -417.417 0.377258
906.794 -416.591 0.388249
907.037 -416.461 0.38945
911.024 -412.323 0.447982
911.079 -412.329 0.447546
911.114 -412.359 0.446776
911.148 -412.388 0.445999
911.209 -412.387 0.445657
911.255 -412.402 0.445072
911.289 -412.431 0.44428
911.323 -412.46 0.443481
911.357 -412.488 0.442674
911.39 -412.517 0.441859
911.424 -412.547 0.441025
911.422 -412.621 0.439512
911.456 -412.65 0.438666
911.49 -412.679 0.437812
911.508 -412.73 0.436622
911.422 -412.918 0.433285
911.578 -412.788 0.434874
911.631 -412.792 0.434384
911.665 -412.821 0.433488
911.7 -412.85 0.432584
911.734 -412.88 0.431671
911.802 -412.86 0.431525
911.837 -412.889 0.430603
911.871 -412.919 0.429672
911.905 -412.948 0.428731
911.94 -412.977 0.427782
911.974 -413.007 0.426822
911.977 -413.086 0.425026
912.012 -413.116 0.424039
912.047 -413.146 0.423042
912.064 -413.206 0.421529
897.178 -464.202 -0.624078
897.742 -463.791 -0.622209
898.306 -463.358 -0.619823
898.854 -462.948 -0.61787
899.391 -462.549 -0.616076
899.928 -462.121 -0.613636
900.447 -461.729 -0.611883
900.962 -461.326 -0.609852
901.469 -460.924 -0.607795
901.963 -460.542 -0.606109
902.457 -460.133 -0.603797
902.935 -459.758 -0.602151
903.406 -459.387 -0.600542
903.876 -458.988 -0.598286
904.332 -458.623 -0.596709
904.784 -458.244 -0.594777
905.24 -457.817 -0.591722
905.698 -457.338 -0.587471
906.134 -456.935 -0.584819
906.567 -456.51 -0.581613
906.994 -456.085 -0.578349
907.407 -455.697 -0.575864
907.818 -455.283 -0.572731
908.244 -454.727 -0.566255
908.638 -454.328 -0.563319
909.026 -453.931 -0.560339
909.404 -453.564 -0.558033
909.779 -453.172 -0.555056
910.143 -452.817 -0.552892
910.505 -452.432 -0.549981
910.858 -452.084 -0.547885
911.207 -451.708 -0.545046
911.549 -451.356 -0.542747
911.886 -451.008 -0.540483
912.213 -450.714 -0.539494
912.527 -450.545 -0.541534
912.833 -450.457 -0.545561
913.141 -450.31 -0.548159
904.724 -418.435 0.310419
905.857 -417.426 0.329161
906.786 -416.599 0.344503
907.037 -416.461 0.346779
910.867 -412.489 0.422184
911.079 -412.329 0.42505
911.114 -412.358 0.424286
911.148 -412.387 0.423513
911.209 -412.386 0.423321
911.255 -412.401 0.422797
911.289 -412.43 0.422006
911.323 -412.459 0.421207
911.356 -412.488 0.420399
911.39 -412.517 0.419582
911.423 -412.547 0.418735
911.422 -412.62 0.417024
911.456 -412.65 0.416172
911.49 -412.679 0.415312
911.508 -412.729 0.414015
911.41 -412.934 0.409651
911.481 -412.917 0.409675
911.631 -412.791 0.411867
911.665 -412.82 0.41096
911.7 -412.85 0.410043
911.734 -412.879 0.409116
911.802 -412.86 0.409161
911.836 -412.889 0.408223
911.871 -412.918 0.407274
911.905 -412.947 0.406315
911.94 -412.977 0.405346
911.974 -413.006 0.404366
911.977 -413.086 0.402341
912.012 -413.115 0.401331
912.047 -413.145 0.400309
912.063 -413.205 0.398641
888.298 -460.677 -0.632578
888.89 -460.424 -0.631562
889.476 -460.17 -0.630539
890.053 -459.918 -0.629531
890.638 -459.635 -0.62787
891.229 -459.322 -0.625545
891.797 -459.041 -0.623913
892.357 -458.76 -0.622298
892.922 -458.451 -0.620041
893.466 -458.173 -0.618458
894.003 -457.895 -0.616895
894.606 -457.441 -0.611328
895.189 -457.015 -0.606369
895.726 -456.678 -0.603394
896.254 -456.343 -0.600453
896.764 -456.039 -0.598193
897.274 -455.714 -0.595459
897.778 -455.385 -0.592598
898.263 -455.09 -0.590501
898.751 -454.767 -0.587746
899.233 -454.444 -0.584963
899.705 -454.126 -0.582279
900.162 -453.837 -0.580272
900.621 -453.52 -0.577566
901.073 -453.208 -0.574956
901.509 -452.924 -0.573016
901.948 -452.613 -0.570377
902.383 -452.294 -0.567535
902.898 -451.671 -0.557276
903.305 -451.4 -0.555518
903.715 -451.098 -0.552987
904.111 -450.83 -0.551275
904.509 -450.532 -0.548792
904.9 -450.236 -0.546339
905.279 -449.973 -0.544677
905.655 -449.699 -0.542741
906.018 -449.46 -0.541646
906.376 -449.223 -0.540607
906.73 -448.987 -0.539568
907.083 -448.732 -0.538041
907.427 -448.5 -0.537075
907.763 -448.288 -0.536618
908.076 -448.181 -0.538881
908.38 -448.116 -0.54224
908.684 -448.038 -0.545306
908.999 -447.878 -0.546215
909.326 -447.626 -0.5447
909.649 -447.371 -0.543104
909.964 -447.144 -0.542211
910.278 -446.892 -0.540637
910.587 -446.644 -0.539163
910.891 -446.417 -0.538229
911.193 -446.169 -0.536695
911.489 -445.932 -0.535456
911.782 -445.701 -0.534352
912.072 -445.457 -0.532854
912.359 -445.205 -0.531132
912.643 -444.936 -0.528894
912.924 -444.654 -0.526288
913.2 -444.395 -0.524265
913.472 -444.137 -0.522255
913.741 -443.86 -0.519701
904.711 -418.447 0.256877
905.847 -417.435 0.28096
906.777 -416.607 0.300669
907.036 -416.46 0.304105
910.851 -412.506 0.398364
911.079 -412.328 0.402554
911.113 -412.358 0.401796
911.148 -412.387 0.401028
911.209 -412.385 0.400989
911.253 -412.403 0.400468
911.287 -412.431 0.399694
911.322 -412.459 0.39891
911.356 -412.488 0.398116
911.39 -412.516 0.397306
911.423 -412.546 0.396444
911.421 -412.62 0.394536
911.456 -412.649 0.393679
911.49 -412.678 0.392812
911.359 -412.923 0.38673
911.395 -412.952 0.38582
911.432 -412.982 0.384899
911.631 -412.79 0.389352
911.665 -412.82 0.388432
911.7 -412.849 0.387502
911.734 -412.878 0.386561
911.802 -412.859 0.386797
911.836 -412.888 0.385843
911.871 -412.918 0.384877
911.905 -412.947 0.3839
911.939 -412.976 0.382911
911.974 -413.005 0.381911
911.977 -413.085 0.379656
912.012 -413.115 0.378623
912.047 -413.144 0.377578
911.943 -413.404 0.370786
888.909 -452.306 -0.601102
889.465 -452.074 -0.597928
890.029 -451.814 -0.594098
890.584 -451.554 -0.590301
891.132 -451.295 -0.586523
891.666 -451.047 -0.583067
892.186 -450.809 -0.579878
892.676 -450.616 -0.577842
913.772 -410.814 0.433518
913.787 -410.839 0.432653
894.105 -450.042 -0.572082
894.564 -449.861 -0.570462
895.027 -449.662 -0.568423
895.483 -449.464 -0.566407
895.934 -449.265 -0.564392
896.42 -448.976 -0.560076
897.022 -448.414 -0.548624
897.452 -448.215 -0.546656
897.866 -448.041 -0.545326
898.275 -447.866 -0.544019
898.671 -447.711 -0.543246
899.063 -447.556 -0.542487
899.45 -447.4 -0.541724
899.835 -447.24 -0.540893
900.216 -447.078 -0.539998
900.594 -446.914 -0.5391
900.967 -446.75 -0.538199
901.336 -446.587 -0.537324
901.699 -446.428 -0.536607
902.059 -446.269 -0.535886
902.417 -446.102 -0.534958
902.774 -445.924 -0.533776
903.11 -445.801 -0.534081
903.428 -445.726 -0.535738
903.73 -445.691 -0.538536
904.031 -445.655 -0.541337
904.337 -445.599 -0.543641
904.664 -445.458 -0.543569
905 -445.276 -0.542394
905.328 -445.106 -0.541528
905.658 -444.918 -0.540172
905.982 -444.739 -0.539086
906.3 -444.566 -0.538173
906.619 -444.376 -0.53679
906.937 -444.172 -0.535005
907.254 -443.957 -0.532895
907.568 -443.739 -0.530716
907.875 -443.537 -0.528964
908.177 -443.335 -0.527216
908.476 -443.133 -0.52548
908.772 -442.932 -0.523755
909.068 -442.703 -0.521207
909.36 -442.481 -0.518861
909.644 -442.281 -0.517163
909.911 -442.164 -0.517915
910.175 -442.055 -0.518949
910.438 -441.94 -0.519799
910.7 -441.811 -0.520278
910.96 -441.683 -0.520762
911.218 -441.555 -0.521252
911.474 -441.426 -0.521751
911.728 -441.294 -0.522168
911.979 -441.168 -0.522762
912.228 -441.039 -0.523265
912.476 -440.902 -0.523574
912.721 -440.766 -0.523889
912.964 -440.63 -0.524206
913.204 -440.506 -0.524912
913.443 -440.373 -0.525352
913.68 -440.236 -0.525684
913.915 -440.099 -0.526021
914.148 -439.97 -0.526625
871.596 -448.361 -0.666434
872.206 -448.36 -0.664424
872.816 -448.35 -0.662296
873.406 -448.352 -0.660625
874.019 -448.322 -0.658152
874.6 -448.315 -0.656485
904.699 -418.458 0.203225
905.837 -417.444 0.232668
906.831 -416.549 0.258624
907.036 -416.459 0.261426
910.818 -412.542 0.373842
910.854 -412.572 0.373062
911.113 -412.357 0.379305
911.148 -412.386 0.378542
911.203 -412.391 0.378462
911.238 -412.419 0.3777
911.273 -412.448 0.376927
911.307 -412.476 0.376143
911.342 -412.504 0.375348
911.376 -412.533 0.374543
911.411 -412.561 0.373726
911.421 -412.619 0.372047
911.456 -412.648 0.371185
911.49 -412.678 0.370312
911.322 -412.971 0.361884
911.358 -413.001 0.360941
911.394 -413.032 0.359986
911.53 -412.927 0.362907
911.665 -412.819 0.365904
911.699 -412.848 0.364961
911.734 -412.878 0.364006
911.789 -412.877 0.363907
911.824 -412.906 0.362949
911.859 -412.934 0.361979
911.894 -412.963 0.360996
911.929 -412.992 0.36
911.963 -413.021 0.358991
911.977 -413.084 0.356971
912.011 -413.114 0.355914
912.046 -413.144 0.354845
911.905 -413.467 0.345259
893.42 -444.699 -0.56187
893.866 -444.533 -0.558605
894.308 -444.363 -0.555281
894.733 -444.213 -0.552592
895.164 -444.043 -0.549356
895.575 -443.898 -0.546891
895.981 -443.752 -0.544454
896.368 -443.634 -0.542851
913.769 -410.819 0.420677
897.096 -443.462 -0.5417
897.452 -443.379 -0.541291
897.811 -443.283 -0.540507
898.166 -443.189 -0.539838
898.458 -443.217 -0.542861
898.928 -442.864 -0.534566
899.316 -442.671 -0.531069
899.632 -442.625 -0.53198
899.958 -442.552 -0.532156
900.28 -442.481 -0.532397
900.589 -442.432 -0.533347
900.932 -442.297 -0.531759
901.256 -442.199 -0.531334
901.571 -442.116 -0.531368
901.879 -442.042 -0.531726
902.187 -441.963 -0.531946
902.488 -441.891 -0.53245
902.788 -441.819 -0.53298
903.084 -441.751 -0.533647
903.38 -441.674 -0.534108
903.676 -441.588 -0.534309
903.972 -441.498 -0.534429
904.265 -441.408 -0.534562
904.555 -441.317 -0.534703
904.844 -441.225 -0.534854
905.129 -441.133 -0.535014
905.413 -441.039 -0.535175
905.696 -440.941 -0.535198
905.976 -440.842 -0.535234
906.254 -440.742 -0.535274
906.528 -440.649 -0.535559
906.799 -440.556 -0.535879
907.071 -440.455 -0.535944
907.34 -440.353 -0.536015
907.607 -440.25 -0.536094
907.869 -440.155 -0.536429
908.13 -440.059 -0.536776
908.391 -439.954 -0.536876
908.649 -439.85 -0.536984
908.905 -439.748 -0.537213
909.158 -439.648 -0.537515
909.409 -439.546 -0.537809
909.659 -439.441 -0.537983
909.907 -439.334 -0.538125
910.153 -439.226 -0.538273
910.396 -439.123 -0.538581
910.637 -439.019 -0.538912
910.877 -438.916 -0.539249
911.115 -438.807 -0.539427
911.351 -438.697 -0.539602
911.585 -438.588 -0.53982
911.817 -438.483 -0.540183
912.047 -438.381 -0.540678
912.276 -438.269 -0.540877
912.503 -438.158 -0.541086
912.728 -438.046 -0.541296
912.951 -437.937 -0.541613
913.173 -437.829 -0.542014
913.392 -437.723 -0.542468
913.61 -437.61 -0.542702
913.826 -437.496 -0.542937
914.041 -437.382 -0.543173
914.254 -437.276 -0.543691
914.465 -437.168 -0.544187
863.158 -436.006 -0.653801
863.697 -436.182 -0.651171
864.096 -436.431 -0.651723
864.562 -436.639 -0.650777
865.066 -436.819 -0.648948
865.537 -437.013 -0.647884
865.939 -437.243 -0.648451
866.178 -437.569 -0.652902
866.56 -437.806 -0.65402
867.062 -437.965 -0.652299
867.519 -438.146 -0.651648
867.978 -438.321 -0.650928
868.448 -438.484 -0.64996
868.991 -438.594 -0.647141
869.68 -438.598 -0.640603
870.151 -438.741 -0.639473
870.616 -438.885 -0.638491
871.095 -439.013 -0.63715
871.573 -439.136 -0.635788
872.05 -439.255 -0.634408
872.527 -439.368 -0.633011
873 -439.479 -0.631706
873.466 -439.59 -0.630541
873.941 -439.688 -0.629075
874.403 -439.791 -0.627957
874.872 -439.882 -0.626571
875.344 -439.966 -0.625082
875.814 -440.046 -0.62358
876.284 -440.121 -0.622064
876.745 -440.197 -0.620731
877.203 -440.27 -0.619425
877.656 -440.342 -0.618228
878.119 -440.399 -0.616671
878.58 -440.452 -0.615103
879.04 -440.501 -0.613528
879.474 -440.568 -0.612692
879.929 -440.61 -0.611114
880.383 -440.647 -0.609513
880.813 -440.701 -0.608618
881.261 -440.732 -0.607053
881.696 -440.771 -0.605891
882.132 -440.802 -0.604563
904.687 -418.47 0.149437
905.827 -417.454 0.184259
906.76 -416.622 0.212755
907.036 -416.459 0.218744
910.818 -412.541 0.350177
910.854 -412.572 0.349404
911.113 -412.356 0.356813
911.148 -412.386 0.356055
911.188 -412.407 0.35553
911.223 -412.436 0.35477
911.258 -412.464 0.353999
911.292 -412.493 0.353216
911.327 -412.521 0.352421
911.362 -412.55 0.351613
911.396 -412.578 0.350793
911.421 -412.619 0.349558
911.456 -412.648 0.348691
911.286 -412.939 0.339153
911.322 -412.97 0.338214
911.358 -413.001 0.337263
911.394 -413.032 0.336298
911.43 -413.062 0.335319
911.665 -412.819 0.343375
911.699 -412.848 0.342419
911.734 -412.877 0.34145
911.776 -412.895 0.340849
911.811 -412.924 0.339873
911.846 -412.953 0.338884
911.881 -412.982 0.337881
911.916 -413.01 0.336864
911.951 -413.039 0.335833
911.976 -413.084 0.334285
912.011 -413.113 0.333205
911.868 -413.435 0.322472
911.905 -413.466 0.321305
896.308 -439.83 -0.551475
896.671 -439.727 -0.548893
897.034 -439.617 -0.546137
897.386 -439.518 -0.543803
897.734 -439.419 -0.541509
898.073 -439.329 -0.539613
898.398 -439.258 -0.538362
913.756 -410.787 0.409148
913.777 -410.801 0.408543
913.798 -410.816 0.40793
913.819 -410.83 0.40731
913.84 -410.844 0.406681
913.862 -410.859 0.406045
913.883 -410.874 0.4054
900.807 -438.846 -0.535551
901.09 -438.807 -0.535822
901.375 -438.759 -0.535887
901.653 -438.719 -0.536242
901.936 -438.666 -0.536199
902.21 -438.626 -0.536645
902.489 -438.567 -0.536534
902.761 -438.523 -0.536924
903.036 -438.465 -0.536921
903.305 -438.414 -0.537174
903.575 -438.357 -0.537298
903.843 -438.299 -0.537401
904.108 -438.244 -0.537668
904.374 -438.179 -0.537605
904.633 -438.125 -0.538
904.897 -438.056 -0.537895
905.154 -437.997 -0.538167
905.412 -437.931 -0.538238
905.668 -437.863 -0.538316
905.921 -437.8 -0.538572
906.175 -437.725 -0.538435
906.424 -437.662 -0.538792
906.674 -437.588 -0.538747
906.921 -437.517 -0.538883
907.166 -437.446 -0.539062
907.411 -437.367 -0.538952
907.652 -437.298 -0.539281
907.893 -437.218 -0.53921
908.132 -437.142 -0.539319
908.369 -437.066 -0.539503
908.606 -436.981 -0.539337
908.838 -436.907 -0.539637
909.071 -436.824 -0.539621
909.303 -436.735 -0.539447
909.533 -436.649 -0.539372
909.762 -436.557 -0.539142
909.989 -436.464 -0.538871
910.216 -436.36 -0.538237
910.44 -436.264 -0.537929
910.665 -436.152 -0.537068
910.886 -436.05 -0.536554
911.105 -435.951 -0.536215
911.322 -435.852 -0.535871
911.54 -435.732 -0.534782
911.753 -435.631 -0.534418
911.965 -435.526 -0.533956
912.177 -435.406 -0.532921
912.385 -435.303 -0.532525
912.591 -435.202 -0.532246
912.795 -435.107 -0.532219
912.996 -435.023 -0.532619
913.194 -434.956 -0.533722
913.392 -434.88 -0.534495
913.589 -434.803 -0.535249
913.784 -434.735 -0.536398
913.977 -434.675 -0.537871
914.169 -434.627 -0.539834
914.36 -434.583 -0.542004
914.55 -434.533 -0.543964
914.74 -434.467 -0.545348
873.225 -430.916 -0.6048
873.593 -431.095 -0.603454
873.926 -431.291 -0.603064
874.275 -431.474 -0.602287
874.617 -431.658 -0.601702
874.961 -431.837 -0.601082
875.313 -432.009 -0.600291
875.675 -432.17 -0.59921
876.012 -432.344 -0.598835
876.37 -432.501 -0.597895
876.715 -432.662 -0.597333
877.067 -432.816 -0.596577
877.42 -432.966 -0.59579
877.766 -433.116 -0.595226
878.128 -433.253 -0.594214
878.472 -433.398 -0.593698
878.836 -433.526 -0.5926
879.191 -433.656 -0.591772
879.546 -433.783 -0.590959
879.899 -433.908 -0.590179
880.256 -434.025 -0.589257
880.613 -434.139 -0.588325
880.971 -434.249 -0.587374
881.328 -434.355 -0.586409
881.685 -434.457 -0.58543
882.043 -434.556 -0.584438
882.4 -434.65 -0.583426
882.756 -434.742 -0.582409
883.104 -434.836 -0.581652
883.466 -434.915 -0.580417
883.814 -435.002 -0.57963
884.166 -435.081 -0.578631
884.512 -435.162 -0.57787
884.865 -435.232 -0.57678
885.218 -435.299 -0.57568
885.571 -435.362 -0.574571
885.922 -435.422 -0.573451
886.272 -435.479 -0.572328
886.62 -435.534 -0.571252
886.954 -435.598 -0.570651
887.302 -435.645 -0.569487
904.674 -418.481 0.0955143
905.816 -417.463 0.135744
906.752 -416.63 0.168662
907.035 -416.458 0.176056
910.818 -412.54 0.326511
910.854 -412.571 0.325745
910.89 -412.602 0.324966
911.148 -412.385 0.333567
911.182 -412.414 0.3328
911.216 -412.443 0.332021
911.25 -412.472 0.331228
911.284 -412.502 0.330422
911.319 -412.531 0.329604
911.353 -412.56 0.328772
911.387 -412.589 0.327926
911.421 -412.618 0.327067
911.455 -412.647 0.326195
911.286 -412.939 0.31549
911.322 -412.969 0.314544
911.358 -413 0.313583
911.394 -413.031 0.312608
911.43 -413.062 0.311618
911.578 -412.937 0.316392
911.699 -412.847 0.319876
911.734 -412.877 0.318893
911.768 -412.906 0.317895
911.803 -412.935 0.316883
911.837 -412.965 0.315856
911.872 -412.994 0.314814
911.907 -413.024 0.313757
911.941 -413.053 0.312685
911.976 -413.083 0.311598
912.011 -413.113 0.310496
911.868 -413.434 0.298544
911.904 -413.466 0.29735
898.554 -436.042 -0.541708
898.846 -435.999 -0.540397
899.14 -435.949 -0.538862
899.432 -435.897 -0.53732
899.714 -435.856 -0.536237
900.199 -435.441 -0.521276
900.476 -435.395 -0.520125
913.758 -410.784 0.396627
913.779 -410.798 0.396017
913.8 -410.812 0.395394
913.821 -410.827 0.394762
913.842 -410.841 0.394122
913.863 -410.856 0.393473
913.884 -410.87 0.392816
902.507 -435.211 -0.519895
902.751 -435.191 -0.520192
902.994 -435.168 -0.520486
903.238 -435.137 -0.520491
903.484 -435.099 -0.520313
903.723 -435.072 -0.52056
903.968 -435.028 -0.520239
904.207 -434.992 -0.520292
904.443 -434.959 -0.520493
904.679 -434.921 -0.520532
904.919 -434.87 -0.520134
905.151 -434.832 -0.52029
905.385 -434.785 -0.520128
905.619 -434.733 -0.519844
905.848 -434.69 -0.519956
906.075 -434.646 -0.520055
906.306 -434.589 -0.519694
906.533 -434.535 -0.519498
906.757 -434.487 -0.519553
906.983 -434.425 -0.519118
907.206 -434.367 -0.518912
907.427 -434.312 -0.518843
907.65 -434.245 -0.518324
907.868 -434.187 -0.518211
908.084 -434.13 -0.518188
908.298 -434.072 -0.518157
908.515 -434.001 -0.517618
908.727 -433.94 -0.517562
908.937 -433.882 -0.517631
909.144 -433.83 -0.51798
909.349 -433.781 -0.518482
909.551 -433.736 -0.519162
909.752 -433.692 -0.519934
909.952 -433.646 -0.520702
910.15 -433.606 -0.5217
910.348 -433.561 -0.522549
910.544 -433.519 -0.523558
910.74 -433.47 -0.524311
910.935 -433.42 -0.525073
911.128 -433.374 -0.526056
911.32 -433.33 -0.527124
911.512 -433.277 -0.52787
911.702 -433.231 -0.528964
911.89 -433.193 -0.530378
912.076 -433.16 -0.532066
912.261 -433.135 -0.534084
912.447 -433.09 -0.535367
912.633 -433.042 -0.53653
912.818 -432.993 -0.537689
913.001 -432.943 -0.538845
913.186 -432.881 -0.539552
913.368 -432.827 -0.54059
913.549 -432.774 -0.541738
913.729 -432.72 -0.542878
913.909 -432.665 -0.544017
914.088 -432.601 -0.544775
914.266 -432.541 -0.545729
914.443 -432.483 -0.546856
914.619 -432.425 -0.547979
914.794 -432.366 -0.549102
914.968 -432.3 -0.549908
880.179 -427.394 -0.568649
880.442 -427.57 -0.568323
880.71 -427.739 -0.567861
880.98 -427.905 -0.567348
881.245 -428.072 -0.567027
881.523 -428.228 -0.566342
881.786 -428.392 -0.566149
882.069 -428.54 -0.565349
882.335 -428.696 -0.565095
882.615 -428.841 -0.564413
882.888 -428.989 -0.56401
883.166 -429.13 -0.563441
883.445 -429.267 -0.56284
883.723 -429.403 -0.562293
884.003 -429.536 -0.561731
884.283 -429.666 -0.561154
884.563 -429.792 -0.560564
884.845 -429.915 -0.559954
885.125 -430.036 -0.559388
885.409 -430.152 -0.558696
885.689 -430.268 -0.558163
885.976 -430.376 -0.557384
886.26 -430.484 -0.556705
886.544 -430.589 -0.556018
886.828 -430.69 -0.555315
887.111 -430.791 -0.554682
887.392 -430.889 -0.554103
887.676 -430.982 -0.553379
887.955 -431.077 -0.552886
888.242 -431.163 -0.552053
888.52 -431.253 -0.551565
888.807 -431.332 -0.55071
889.09 -431.412 -0.549987
889.374 -431.487 -0.549184
889.659 -431.559 -0.54837
889.943 -431.629 -0.547543
890.227 -431.696 -0.546712
890.511 -431.76 -0.54587
890.794 -431.822 -0.545018
891.075 -431.881 -0.544206
904.392 -418.764 0.0296391
905.806 -417.473 0.087112
906.743 -416.638 0.124466
907.035 -416.457 0.133347
910.817 -412.54 0.302836
910.868 -412.555 0.302744
910.898 -412.592 0.301705
911.147 -412.385 0.31107
911.182 -412.414 0.310307
911.216 -412.443 0.30953
911.25 -412.472 0.308738
911.284 -412.501 0.307933
911.319 -412.53 0.307113
911.353 -412.559 0.306279
911.387 -412.588 0.305431
911.421 -412.618 0.304568
911.249 -412.908 0.292756
911.285 -412.938 0.291817
911.321 -412.969 0.290863
911.358 -413 0.289894
911.394 -413.03 0.288909
911.43 -413.061 0.287907
911.466 -413.092 0.28689
911.699 -412.847 0.297324
911.734 -412.876 0.296327
911.768 -412.905 0.295314
911.803 -412.935 0.294285
911.837 -412.964 0.293241
911.872 -412.994 0.29218
911.907 -413.023 0.291104
911.941 -413.053 0.290011
911.976 -413.082 0.288902
911.83 -413.402 0.275808
911.867 -413.434 0.274605
911.904 -413.465 0.273385
900.81 -432.238 -0.500591
900.984 -432.337 -0.504478
901.16 -432.432 -0.508275
901.356 -432.493 -0.510721
901.584 -432.493 -0.510727
901.8 -432.513 -0.51164
902.015 -432.531 -0.512499
913.758 -410.783 0.38402
913.779 -410.797 0.38341
913.8 -410.811 0.382776
913.821 -410.826 0.382133
913.842 -410.84 0.381481
913.863 -410.855 0.380819
913.884 -410.869 0.380148
903.962 -432.102 -0.497983
904.167 -432.107 -0.498837
904.375 -432.104 -0.499415
904.584 -432.097 -0.499878
904.791 -432.089 -0.50038
904.996 -432.085 -0.501084
905.198 -432.082 -0.501862
905.401 -432.077 -0.502638
905.6 -432.077 -0.503654
905.801 -432.069 -0.504438
905.998 -432.067 -0.505458
906.197 -432.058 -0.506285
906.396 -432.047 -0.507048
906.594 -432.034 -0.507807
906.789 -432.028 -0.508897
906.985 -432.014 -0.509677
907.18 -432.002 -0.510628
907.375 -431.985 -0.511391
907.569 -431.967 -0.512138
907.763 -431.948 -0.512923
907.953 -431.936 -0.51404
908.144 -431.916 -0.514902
908.336 -431.893 -0.515664
908.526 -431.869 -0.516396
908.716 -431.846 -0.51723
908.904 -431.82 -0.518004
909.091 -431.801 -0.519095
909.278 -431.773 -0.519867
909.465 -431.743 -0.520584
909.651 -431.713 -0.521361
909.83 -431.705 -0.523122
910.011 -431.687 -0.524454
910.19 -431.675 -0.526141
910.373 -431.643 -0.526998
910.555 -431.611 -0.527893
910.735 -431.583 -0.528983
910.914 -431.553 -0.530072
911.092 -431.523 -0.531159
911.27 -431.49 -0.5322
911.449 -431.449 -0.532886
911.626 -431.413 -0.533856
911.801 -431.379 -0.534936
911.976 -431.343 -0.536009
912.15 -431.307 -0.537079
912.324 -431.267 -0.538001
912.498 -431.219 -0.538669
912.67 -431.18 -0.539732
912.841 -431.141 -0.540797
913.012 -431.1 -0.541857
913.182 -431.058 -0.542914
913.351 -431.008 -0.543659
913.52 -430.959 -0.544467
913.687 -430.915 -0.545516
913.854 -430.87 -0.546562
914.02 -430.824 -0.547607
914.186 -430.773 -0.548483
914.35 -430.719 -0.549222
914.514 -430.668 -0.550167
914.677 -430.619 -0.551199
914.839 -430.569 -0.552232
915.001 -430.518 -0.55326
915.162 -430.46 -0.554004
885.193 -424.856 -0.542872
885.403 -425.015 -0.542775
885.626 -425.165 -0.542289
885.844 -425.316 -0.541966
886.06 -425.466 -0.541783
886.281 -425.612 -0.541425
886.502 -425.756 -0.541131
886.724 -425.897 -0.540822
886.947 -426.036 -0.540494
887.171 -426.172 -0.540158
887.396 -426.305 -0.539807
887.623 -426.436 -0.539439
887.85 -426.564 -0.539059
888.078 -426.69 -0.538664
888.307 -426.813 -0.538257
888.537 -426.933 -0.537837
888.77 -427.05 -0.537344
888.999 -427.166 -0.536958
889.232 -427.279 -0.536498
889.465 -427.389 -0.536026
889.698 -427.497 -0.535543
889.932 -427.602 -0.53505
890.166 -427.704 -0.534544
890.401 -427.804 -0.534024
890.637 -427.902 -0.533496
890.873 -427.997 -0.532955
891.109 -428.089 -0.532403
891.345 -428.179 -0.531841
891.582 -428.267 -0.531268
891.819 -428.352 -0.530685
892.056 -428.434 -0.530092
892.293 -428.515 -0.52949
892.53 -428.593 -0.528876
892.767 -428.668 -0.528258
893.005 -428.741 -0.527625
893.242 -428.812 -0.526987
893.479 -428.88 -0.526339
893.717 -428.946 -0.525682
893.954 -429.01 -0.525015
904.379 -418.776 -0.0258864
905.397 -417.89 0.0186977
906.734 -416.646 0.0801905
907.035 -416.457 0.0906441
910.847 -412.507 0.280692
910.884 -412.537 0.279965
910.919 -412.569 0.27917
910.954 -412.6 0.27836
911.176 -412.42 0.2875
911.21 -412.448 0.286755
911.245 -412.477 0.285995
911.28 -412.505 0.285219
911.315 -412.534 0.284428
911.35 -412.562 0.283621
911.384 -412.591 0.282798
911.419 -412.619 0.281959
911.271 -412.88 0.270365
911.306 -412.911 0.269397
911.342 -412.942 0.268413
911.377 -412.973 0.267412
911.413 -413.004 0.266395
911.448 -413.035 0.265362
911.484 -413.066 0.264311
911.626 -412.948 0.270093
911.73 -412.88 0.273548
911.765 -412.909 0.272543
911.8 -412.938 0.271521
911.835 -412.967 0.270482
911.87 -412.996 0.269425
911.905 -413.025 0.26835
911.94 -413.054 0.267258
911.975 -413.083 0.266148
911.843 -413.381 0.252854
911.88 -413.412 0.25161
911.916 -413.444 0.250347
902.261 -429.792 -0.490006
902.469 -429.794 -0.489579
902.677 -429.791 -0.488985
902.888 -429.782 -0.488167
903.101 -429.765 -0.487026
903.312 -429.749 -0.486037
903.52 -429.733 -0.485113
913.758 -410.782 0.371419
913.779 -410.796 0.37081
913.8 -410.81 0.370165
913.821 -410.825 0.369511
913.842 -410.839 0.368846
913.863 -410.854 0.368171
913.884 -410.868 0.367487
904.861 -430.178 -0.505637
905.03 -430.229 -0.508259
905.263 -430.134 -0.504336
905.449 -430.14 -0.505039
905.634 -430.148 -0.505872
905.819 -430.151 -0.506587
906.003 -430.154 -0.507295
906.187 -430.155 -0.508
906.369 -430.159 -0.508914
906.55 -430.162 -0.509809
906.733 -430.16 -0.510514
906.913 -430.16 -0.511373
907.095 -430.155 -0.512069
907.275 -430.149 -0.512763
907.456 -430.141 -0.513455
907.63 -430.147 -0.514768
907.806 -430.147 -0.515902
907.982 -430.144 -0.516931
908.157 -430.142 -0.518076
908.333 -430.135 -0.519045
908.51 -430.121 -0.519751
908.685 -430.11 -0.520592
908.858 -430.101 -0.521608
909.031 -430.091 -0.522624
909.204 -430.079 -0.523639
909.378 -430.061 -0.524369
909.551 -430.042 -0.525121
909.721 -430.028 -0.526132
909.892 -430.013 -0.527141
910.061 -429.996 -0.52815
910.23 -429.979 -0.529161
910.4 -429.958 -0.530026
910.569 -429.931 -0.530676
910.737 -429.909 -0.531625
910.904 -429.888 -0.532624
911.07 -429.866 -0.533628
911.236 -429.842 -0.534626
911.401 -429.816 -0.535533
911.567 -429.785 -0.53623
911.731 -429.755 -0.537036
911.895 -429.727 -0.537978
912.058 -429.695 -0.538776
912.22 -429.661 -0.539531
912.383 -429.62 -0.540001
912.544 -429.585 -0.540784
912.705 -429.549 -0.541549
912.866 -429.506 -0.542
913.026 -429.461 -0.542432
913.185 -429.414 -0.542786
913.343 -429.373 -0.543458
913.5 -429.324 -0.543788
913.658 -429.271 -0.543988
913.814 -429.218 -0.544179
913.969 -429.171 -0.544733
914.123 -429.123 -0.545219
914.277 -429.067 -0.545379
914.43 -429.016 -0.545851
914.582 -428.961 -0.546116
914.733 -428.906 -0.546434
914.883 -428.847 -0.546609
915.033 -428.79 -0.546862
915.182 -428.731 -0.547096
915.33 -428.672 -0.547354
888.981 -422.939 -0.523629
889.168 -423.076 -0.523196
889.355 -423.212 -0.522775
889.538 -423.349 -0.522586
889.719 -423.486 -0.52248
889.909 -423.616 -0.522094
890.099 -423.745 -0.521718
890.289 -423.871 -0.521353
890.48 -423.996 -0.521003
890.669 -424.12 -0.520733
890.853 -424.246 -0.520714
891.042 -424.368 -0.520527
891.235 -424.485 -0.520219
891.428 -424.601 -0.519923
891.621 -424.715 -0.519637
891.814 -424.827 -0.519361
892.004 -424.941 -0.519282
892.195 -425.052 -0.519163
892.386 -425.161 -0.51906
892.58 -425.267 -0.518883
892.774 -425.371 -0.518661
892.969 -425.472 -0.51845
893.169 -425.569 -0.518065
893.377 -425.657 -0.517266
893.585 -425.742 -0.516467
893.799 -425.822 -0.515437
894.012 -425.899 -0.514423
894.217 -425.982 -0.513794
894.429 -426.056 -0.512846
894.641 -426.129 -0.511861
894.846 -426.205 -0.51122
895.059 -426.273 -0.510216
895.27 -426.34 -0.509265
895.476 -426.41 -0.508612
895.689 -426.471 -0.507552
895.903 -426.529 -0.506429
896.112 -426.59 -0.505593
896.32 -426.651 -0.504797
904.367 -418.788 -0.0815308
905.415 -417.871 -0.0305929
906.683 -416.698 0.0334811
907.016 -416.475 0.0469135
910.848 -412.506 0.257189
910.886 -412.534 0.256588
910.922 -412.565 0.255833
910.957 -412.595 0.25506
911.16 -412.437 0.26408
911.195 -412.465 0.263339
911.23 -412.494 0.26258
911.265 -412.522 0.261805
911.3 -412.551 0.261013
911.335 -412.58 0.260204
911.37 -412.608 0.259378
911.243 -412.838 0.248266
911.279 -412.869 0.247338
911.315 -412.899 0.246394
911.35 -412.93 0.245431
911.386 -412.96 0.244451
911.422 -412.991 0.243452
911.458 -413.021 0.242435
911.494 -413.052 0.241401
911.53 -413.082 0.240348
911.717 -412.899 0.250015
911.752 -412.928 0.248993
911.787 -412.957 0.247952
911.822 -412.986 0.246893
911.857 -413.015 0.245815
911.892 -413.044 0.244718
911.927 -413.073 0.243602
911.819 -413.329 0.231246
911.856 -413.36 0.230021
911.892 -413.391 0.228756
911.928 -413.423 0.22747
903.305 -428.031 -0.493425
903.482 -428.057 -0.493865
903.661 -428.078 -0.494104
903.841 -428.094 -0.494195
904.019 -428.113 -0.494526
904.195 -428.134 -0.494941
904.37 -428.152 -0.49535
913.758 -410.782 0.358818
913.779 -410.795 0.358213
913.8 -410.81 0.357557
913.821 -410.824 0.356891
913.842 -410.838 0.356214
913.863 -410.853 0.355527
913.885 -410.867 0.354829
905.509 -428.792 -0.524867
905.662 -428.851 -0.527819
905.872 -428.783 -0.524557
906.131 -428.598 -0.515648
906.316 -428.575 -0.514727
906.49 -428.575 -0.514981
906.663 -428.574 -0.515266
906.836 -428.57 -0.515448
907.02 -428.536 -0.514213
907.204 -428.5 -0.512925
907.383 -428.471 -0.512047
907.561 -428.442 -0.511185
907.732 -428.429 -0.511204
907.902 -428.415 -0.511204
908.069 -428.406 -0.511502
908.24 -428.382 -0.51112
908.408 -428.364 -0.511123
908.589 -428.307 -0.509199
908.757 -428.282 -0.508882
908.929 -428.242 -0.507944
909.093 -428.223 -0.508037
909.256 -428.203 -0.508137
909.416 -428.19 -0.508662
909.579 -428.164 -0.508566
909.736 -428.158 -0.509495
909.897 -428.133 -0.509581
910.054 -428.12 -0.510281
910.215 -428.089 -0.510126
910.378 -428.044 -0.509285
910.541 -427.997 -0.50842
910.705 -427.934 -0.50682
910.859 -427.918 -0.507558
911.01 -427.904 -0.508509
911.163 -427.883 -0.509081
911.316 -427.858 -0.509565
911.468 -427.835 -0.510165
911.623 -427.787 -0.509533
911.778 -427.74 -0.508983
911.94 -427.64 -0.505801
912.088 -427.615 -0.506471
912.235 -427.595 -0.50741
912.383 -427.567 -0.508019
912.53 -427.535 -0.508421
912.676 -427.503 -0.508907
912.825 -427.451 -0.50838
912.973 -427.393 -0.507587
913.122 -427.315 -0.505789
913.266 -427.277 -0.506061
913.409 -427.241 -0.506499
913.551 -427.201 -0.506805
913.693 -427.162 -0.507156
913.834 -427.113 -0.507025
913.976 -427.05 -0.506205
914.117 -426.994 -0.50579
914.256 -426.947 -0.505883
914.394 -426.9 -0.505984
914.531 -426.851 -0.506086
914.668 -426.797 -0.505878
914.804 -426.75 -0.506105
914.939 -426.695 -0.505923
915.074 -426.645 -0.50605
915.207 -426.594 -0.506181
915.34 -426.543 -0.50632
915.472 -426.491 -0.506462
891.881 -421.476 -0.511509
892.054 -421.595 -0.510638
892.224 -421.714 -0.509937
892.39 -421.835 -0.509444
892.562 -421.95 -0.508687
892.739 -422.061 -0.507753
892.909 -422.174 -0.507175
893.079 -422.287 -0.506594
893.259 -422.391 -0.505616
893.436 -422.496 -0.504788
893.608 -422.603 -0.504207
893.786 -422.703 -0.503349
893.969 -422.8 -0.502317
894.152 -422.894 -0.50127
894.334 -422.988 -0.500337
894.509 -423.085 -0.499697
894.69 -423.176 -0.498808
894.876 -423.262 -0.497714
895.054 -423.353 -0.497003
895.237 -423.438 -0.496042
895.451 -423.497 -0.493571
895.666 -423.552 -0.490998
895.867 -423.617 -0.489139
896.038 -423.704 -0.488849
896.187 -423.808 -0.489663
896.315 -423.93 -0.491643
896.461 -424.036 -0.49274
896.656 -424.098 -0.491235
896.839 -424.168 -0.490371
897.017 -424.242 -0.489831
897.221 -424.29 -0.487796
897.533 -424.235 -0.479759
897.787 -424.231 -0.474886
897.985 -424.275 -0.473031
898.17 -424.33 -0.471928
898.356 -424.384 -0.470815
898.541 -424.435 -0.46969
904.354 -418.8 -0.137342
905.433 -417.851 -0.0797163
906.675 -416.706 -0.01119
907.021 -416.469 0.00442165
910.848 -412.506 0.233687
910.886 -412.534 0.233085
910.922 -412.564 0.232335
910.957 -412.595 0.231567
910.993 -412.625 0.230781
911.029 -412.655 0.229978
911.064 -412.686 0.229156
911.1 -412.716 0.228315
911.136 -412.747 0.227457
911.172 -412.777 0.22658
911.207 -412.807 0.225684
911.243 -412.838 0.22477
911.279 -412.868 0.223837
911.315 -412.899 0.222886
911.35 -412.929 0.221916
911.386 -412.96 0.220926
911.422 -412.99 0.219918
911.458 -413.021 0.21889
911.494 -413.051 0.217843
911.53 -413.082 0.216777
911.566 -413.113 0.21569
911.602 -413.143 0.214584
911.638 -413.174 0.213458
911.674 -413.205 0.212312
911.71 -413.235 0.211146
911.746 -413.266 0.209959
911.783 -413.297 0.208752
911.819 -413.328 0.207524
911.856 -413.359 0.206275
911.892 -413.39 0.205005
911.929 -413.422 0.203714
904.342 -426.283 -0.483184
904.497 -426.318 -0.48398
904.651 -426.354 -0.484897
904.807 -426.385 -0.485616
904.962 -426.416 -0.486371
905.113 -426.454 -0.487598
905.263 -426.492 -0.488863
913.758 -410.781 0.346218
913.78 -410.794 0.345618
913.8 -410.809 0.344951
913.821 -410.823 0.344273
913.842 -410.837 0.343584
913.864 -410.852 0.342884
913.885 -410.866 0.342172
906.492 -426.692 -0.495626
906.65 -426.702 -0.495945
906.807 -426.711 -0.496264
906.963 -426.718 -0.496581
907.12 -426.725 -0.496893
907.276 -426.73 -0.497203
907.431 -426.735 -0.497511
907.587 -426.738 -0.497815
907.74 -426.742 -0.49825
907.893 -426.749 -0.498861
908.043 -426.758 -0.499603
908.197 -426.756 -0.499887
908.349 -426.757 -0.500327
908.503 -426.753 -0.500564
908.654 -426.75 -0.500934
908.807 -426.742 -0.501095
908.958 -426.738 -0.501479
909.105 -426.743 -0.502409
909.251 -426.748 -0.503404
909.396 -426.757 -0.504672
909.54 -426.764 -0.505871
909.687 -426.763 -0.5067
909.833 -426.761 -0.507499
909.979 -426.757 -0.508273
910.125 -426.752 -0.509024
910.27 -426.746 -0.509817
910.415 -426.738 -0.510494
910.559 -426.733 -0.511381
910.702 -426.729 -0.512433
910.846 -426.72 -0.513214
910.99 -426.707 -0.51381
911.134 -426.692 -0.514382
911.277 -426.675 -0.514928
911.422 -426.651 -0.515069
911.567 -426.619 -0.514862
911.71 -426.596 -0.515186
911.854 -426.561 -0.514898
911.995 -426.54 -0.515372
912.136 -426.512 -0.515588
912.275 -426.495 -0.516373
912.415 -426.465 -0.516521
912.554 -426.44 -0.517023
912.695 -426.398 -0.516598
912.836 -426.347 -0.515688
912.974 -426.312 -0.515741
913.111 -426.277 -0.515805
913.247 -426.242 -0.51595
913.383 -426.208 -0.516162
913.518 -426.176 -0.516543
913.653 -426.135 -0.516421
913.788 -426.088 -0.51607
913.922 -426.037 -0.515481
914.054 -425.998 -0.515587
914.186 -425.962 -0.515925
914.317 -425.923 -0.516168
914.448 -425.884 -0.516365
914.578 -425.838 -0.516299
914.707 -425.791 -0.516117
914.837 -425.737 -0.515621
914.965 -425.691 -0.515661
915.092 -425.648 -0.515848
915.218 -425.605 -0.516092
915.344 -425.565 -0.516501
915.47 -425.517 -0.516542
915.595 -425.459 -0.516019
 ] }
 color Color { color [
0.149443 0 0.850557
0.134725 0 0.865275
0.12264 0 0.87736
0.121542 0 0.878458
0.0660211 0 0.933979
0.0637349 0 0.936265
0.0637172 0 0.936283
0.0637031 0 0.936297
0.0636923 0 0.936308
0.063685 0 0.936315
0.0636804 0 0.93632
0.063679 0 0.936321
0.0636812 0 0.936319
0.0636861 0 0.936314
0.0636942 0 0.936306
0.0637058 0 0.936294
0.0637203 0 0.93628
0.0637381 0 0.936262
0.0660259 0 0.933974
0.0660511 0 0.933949
0.0660794 0 0.933921
0.0637843 0 0.936216
0.0638179 0 0.936182
0.0638553 0 0.936145
0.0638955 0 0.936105
0.0639392 0 0.936061
0.0639862 0 0.936014
0.0640361 0 0.935964
0.0640897 0 0.93591
0.0641465 0 0.935853
0.0642067 0 0.935793
0.0642701 0 0.93573
0.0643365 0 0.935663
0.0644069 0 0.935593
0.0668322 0 0.933168
0.0359513 0 0.964049
0.149597 0 0.850403
0.134852 0 0.865148
0.122743 0 0.877257
0.121526 0 0.878474
0.064113 0 0.935887
0.0637233 0 0.936277
0.0637062 0 0.936294
0.063692 0 0.936308
0.0636813 0 0.936319
0.063674 0 0.936326
0.0636694 0 0.936331
0.0636676 0 0.936332
0.0636699 0 0.93633
0.0636748 0 0.936325
0.0636829 0 0.936317
0.0636945 0 0.936306
0.0637093 0 0.936291
0.0637273 0 0.936273
0.0639682 0 0.936032
0.0660395 0 0.93396
0.0641029 0 0.935897
0.0637731 0 0.936227
0.063807 0 0.936193
0.0638441 0 0.936156
0.0638846 0 0.936115
0.0639283 0 0.936072
0.063975 0 0.936025
0.0640251 0 0.935975
0.0640785 0 0.935921
0.0641353 0 0.935865
0.0641955 0 0.935805
0.0642588 0 0.935741
0.0643253 0 0.935675
0.0643956 0 0.935604
0.0647768 0 0.935223
0.0359606 0 0.964039
0.149754 0 0.850246
0.134979 0 0.865021
0.122848 0 0.877152
0.12151 0 0.87849
0.0640983 0 0.935902
0.0637131 0 0.936287
0.063696 0 0.936304
0.0636818 0 0.936318
0.0636708 0 0.936329
0.0636638 0 0.936336
0.0636589 0 0.936341
0.0636574 0 0.936343
0.0636596 0 0.93634
0.0636646 0 0.936335
0.0636727 0 0.936327
0.0636845 0 0.936316
0.0636987 0 0.936301
0.0637167 0 0.936283
0.063962 0 0.936038
0.0660289 0 0.933971
0.0640892 0 0.935911
0.0637626 0 0.936237
0.0637969 0 0.936203
0.063834 0 0.936166
0.0638742 0 0.936126
0.0639174 0 0.936083
0.0639649 0 0.936035
0.0640147 0 0.935985
0.0640684 0 0.935932
0.0641251 0 0.935875
0.064185 0 0.935815
0.064248 0 0.935752
0.0643148 0 0.935685
0.0643848 0 0.935615
0.0647702 0 0.93523
0.0359714 0 0.964029
0.149915 0 0.850085
0.135107 0 0.864893
0.122655 0 0.877345
0.121497 0 0.878503
0.0640841 0 0.935916
0.0637037 0 0.936296
0.0636866 0 0.936313
0.0636724 0 0.936328
0.0636614 0 0.936339
0.0636541 0 0.936346
0.0636494 0 0.936351
0.0636485 0 0.936352
0.0636499 0 0.93635
0.0636548 0 0.936345
0.0636634 0 0.936337
0.063675 0 0.936325
0.0636895 0 0.936311
0.0637074 0 0.936293
0.0639558 0 0.936044
0.066019 0 0.933981
0.0640767 0 0.935923
0.0637533 0 0.936247
0.0637869 0 0.936213
0.0638243 0 0.936176
0.0638649 0 0.936135
0.0639081 0 0.936092
0.0639548 0 0.936045
0.0640051 0 0.935995
0.0640587 0 0.935941
0.0641152 0 0.935885
0.0641754 0 0.935825
0.0642383 0 0.935762
0.0643048 0 0.935695
0.0643751 0 0.935625
0.064764 0 0.935236
0.0359827 0 0.964017
0.150078 0 0.849922
0.135239 0 0.864761
0.122652 0 0.877348
0.121485 0 0.878515
0.0640711 0 0.935929
0.063695 0 0.936305
0.0636779 0 0.936322
0.0636638 0 0.936336
0.0636527 0 0.936347
0.0636454 0 0.936355
0.0636408 0 0.936359
0.0636396 0 0.93636
0.0636413 0 0.936359
0.0636467 0 0.936353
0.0636548 0 0.936345
0.0636661 0 0.936334
0.0636806 0 0.936319
0.0636985 0 0.936301
0.0639513 0 0.936049
0.06601 0 0.93399
0.0640647 0 0.935935
0.0637448 0 0.936255
0.0637784 0 0.936222
0.0638155 0 0.936185
0.0638556 0 0.936144
0.0638993 0 0.936101
0.063946 0 0.936054
0.0639966 0 0.936003
0.0640499 0 0.93595
0.0641062 0 0.935894
0.0641665 0 0.935834
0.0642295 0 0.935771
0.0642963 0 0.935704
0.0643662 0 0.935634
0.0647583 0 0.935242
0.035994 0 0.964006
0.150236 0 0.849764
0.135368 0 0.864632
0.12317 0 0.87683
0.121475 0 0.878525
0.0640583 0 0.935942
0.0636875 0 0.936312
0.0636701 0 0.93633
0.0636559 0 0.936344
0.0636449 0 0.936355
0.0634502 0 0.93655
0.0634543 0 0.936546
0.0634615 0 0.936538
0.0634723 0 0.936528
0.0634854 0 0.936515
0.0635028 0 0.936497
0.0636579 0 0.936342
0.0636727 0 0.936327
0.0636907 0 0.936309
0.0639473 0 0.936053
0.0660017 0 0.933998
0.0640529 0 0.935947
0.0637367 0 0.936263
0.0637702 0 0.93623
0.0638073 0 0.936193
0.0638479 0 0.936152
0.0637468 0 0.936253
0.0638025 0 0.936198
0.0638613 0 0.936139
0.0639235 0 0.936076
0.0639892 0 0.936011
0.0640579 0 0.935942
0.0642214 0 0.935779
0.0642883 0 0.935712
0.0643582 0 0.935642
0.0647537 0 0.935246
0.0455611 0 0.954439
0.0360055 0 0.963995
0.150398 0 0.849602
0.135499 0 0.864501
0.123279 0 0.876721
0.121467 0 0.878533
0.0640465 0 0.935953
0.0636799 0 0.93632
0.0636626 0 0.936337
0.0636492 0 0.936351
0.0636379 0 0.936362
0.0632119 0 0.936788
0.0632156 0 0.936784
0.0632233 0 0.936777
0.0632334 0 0.936767
0.0632469 0 0.936753
0.0632639 0 0.936736
0.0636514 0 0.936349
0.0636659 0 0.936334
0.0636838 0 0.936316
0.0639439 0 0.936056
0.0659947 0 0.934005
0.0640424 0 0.935958
0.0637298 0 0.93627
0.0637634 0 0.936237
0.0638004 0 0.9362
0.0638406 0 0.936159
0.0635056 0 0.936494
0.0635608 0 0.936439
0.0636191 0 0.936381
0.0636812 0 0.936319
0.0637459 0 0.936254
0.0638145 0 0.936185
0.0642145 0 0.935786
0.0642806 0 0.935719
0.0643509 0 0.935649
0.0647503 0 0.93525
0.0455455 0 0.954455
0.0360171 0 0.963983
0.150551 0 0.849449
0.135625 0 0.864375
0.123383 0 0.876617
0.121459 0 0.878541
0.0640353 0 0.935965
0.063674 0 0.936326
0.0636566 0 0.936343
0.0636424 0 0.936358
0.0636319 0 0.936368
0.0630371 0 0.936963
0.0630324 0 0.936968
0.0630314 0 0.936969
0.0630333 0 0.936967
0.0630381 0 0.936962
0.0630465 0 0.936953
0.0636447 0 0.936355
0.0636596 0 0.93634
0.0636771 0 0.936323
0.063942 0 0.936058
0.0659881 0 0.934012
0.0640322 0 0.935968
0.0637235 0 0.936276
0.0637568 0 0.936243
0.0637939 0 0.936206
0.0638345 0 0.936166
0.0632866 0 0.936713
0.0633332 0 0.936667
0.0633825 0 0.936617
0.0634409 0 0.936559
0.0635056 0 0.936494
0.0635737 0 0.936426
0.064208 0 0.935792
0.0642745 0 0.935726
0.0643444 0 0.935656
0.0647473 0 0.935253
0.0455902 0 0.95441
0.0360288 0 0.963971
0.150714 0 0.849286
0.135756 0 0.864244
0.123493 0 0.876507
0.121453 0 0.878547
0.0640254 0 0.935975
0.063668 0 0.936332
0.0636512 0 0.936349
0.063637 0 0.936363
0.063626 0 0.936374
0.0630319 0 0.936968
0.063027 0 0.936973
0.063026 0 0.936974
0.0630278 0 0.936972
0.0630326 0 0.936967
0.0630411 0 0.936959
0.0636397 0 0.93636
0.0636542 0 0.936346
0.0636718 0 0.936328
0.0639401 0 0.93606
0.0659823 0 0.934018
0.0640234 0 0.935977
0.0637178 0 0.936282
0.0637518 0 0.936248
0.0637886 0 0.936211
0.0638287 0 0.936171
0.0632813 0 0.936719
0.0633275 0 0.936673
0.0633772 0 0.936623
0.06343 0 0.93657
0.0634859 0 0.936514
0.0635455 0 0.936454
0.064202 0 0.935798
0.0642688 0 0.935731
0.0643388 0 0.935661
0.0647459 0 0.935254
0.0456903 0 0.95431
0.0360409 0 0.963959
0.150879 0 0.849121
0.135892 0 0.864108
0.123605 0 0.876395
0.121449 0 0.878551
0.0640156 0 0.935984
0.0636637 0 0.936336
0.0636463 0 0.936354
0.0636326 0 0.936367
0.0636213 0 0.936379
0.0630268 0 0.936973
0.0630227 0 0.936977
0.0630213 0 0.936979
0.0630227 0 0.936977
0.063028 0 0.936972
0.0630365 0 0.936964
0.0636347 0 0.936365
0.0636492 0 0.936351
0.0636672 0 0.936333
0.0639394 0 0.936061
0.065977 0 0.934023
0.0640153 0 0.935985
0.0637128 0 0.936287
0.0637469 0 0.936253
0.0637836 0 0.936216
0.0638242 0 0.936176
0.0632768 0 0.936723
0.063323 0 0.936677
0.0633727 0 0.936627
0.0634255 0 0.936575
0.0634813 0 0.936519
0.063541 0 0.936459
0.0641975 0 0.935803
0.064264 0 0.935736
0.0643339 0 0.935666
0.0647445 0 0.935256
0.151045 0 0.848955
0.136026 0 0.863974
0.123716 0 0.876284
0.121446 0 0.878554
0.0640073 0 0.935993
0.0636598 0 0.93634
0.0636424 0 0.936358
0.0636282 0 0.936372
0.0636178 0 0.936382
0.0630229 0 0.936977
0.0630188 0 0.936981
0.0630175 0 0.936983
0.0630191 0 0.936981
0.0630241 0 0.936976
0.0630326 0 0.936967
0.0636309 0 0.936369
0.0636454 0 0.936355
0.063663 0 0.936337
0.0639396 0 0.93606
0.0659733 0 0.934027
0.0640075 0 0.935992
0.0637091 0 0.936291
0.0637427 0 0.936257
0.0637799 0 0.93622
0.06382 0 0.93618
0.0632726 0 0.936727
0.0633188 0 0.936681
0.0633686 0 0.936631
0.063421 0 0.936579
0.0634776 0 0.936522
0.0635366 0 0.936463
0.0641934 0 0.935807
0.0642599 0 0.93574
0.0643299 0 0.93567
0.0647443 0 0.935256
0.151215 0 0.848785
0.136164 0 0.863836
0.123831 0 0.876168
0.121445 0 0.878555
0.0639993 0 0.936001
0.0636565 0 0.936343
0.0636397 0 0.93636
0.0636252 0 0.936375
0.0636147 0 0.936385
0.0630202 0 0.93698
0.0630157 0 0.936984
0.0630139 0 0.936986
0.0630161 0 0.936984
0.0630211 0 0.936979
0.0630309 0 0.936969
0.0636278 0 0.936372
0.0636423 0 0.936358
0.0636599 0 0.93634
0.0639405 0 0.93606
0.06597 0 0.93403
0.064001 0 0.935999
0.0637058 0 0.936294
0.0637398 0 0.93626
0.0637769 0 0.936223
0.0638171 0 0.936183
0.0632693 0 0.936731
0.0633159 0 0.936684
0.0633653 0 0.936635
0.0634181 0 0.936582
0.0634744 0 0.936526
0.0635336 0 0.936466
0.0641902 0 0.93581
0.064257 0 0.935743
0.064327 0 0.935673
0.0647446 0 0.935255
0.151384 0 0.848616
0.136304 0 0.863696
0.123948 0 0.876052
0.121445 0 0.878555
0.0639918 0 0.936008
0.0636543 0 0.936346
0.0636369 0 0.936363
0.0636232 0 0.936377
0.0632128 0 0.936787
0.0630179 0 0.936982
0.0630129 0 0.936987
0.0630116 0 0.936988
0.0630138 0 0.936986
0.0630188 0 0.936981
0.0630326 0 0.936967
0.0636256 0 0.936374
0.0636397 0 0.93636
0.0636577 0 0.936342
0.0639426 0 0.936057
0.0659675 0 0.934033
0.0639949 0 0.936005
0.0637035 0 0.936296
0.0637372 0 0.936263
0.0637743 0 0.936226
0.0638146 0 0.936185
0.0632671 0 0.936733
0.0633134 0 0.936687
0.0633628 0 0.936637
0.063416 0 0.936584
0.0634718 0 0.936528
0.0635315 0 0.936468
0.0641881 0 0.935812
0.0642542 0 0.935746
0.0643241 0 0.935676
0.0647464 0 0.935254
0.597867 0 0.402133
0.592202 0 0.407798
0.586362 0 0.413638
0.580755 0 0.419245
0.57504 0 0.42496
0.569551 0 0.430449
0.564252 0 0.435748
0.558889 0 0.441111
0.553727 0 0.446273
0.548652 0 0.451348
0.543674 0 0.456326
0.538761 0 0.461239
0.533782 0 0.466218
0.529298 0 0.470702
0.524609 0 0.475391
0.519963 0 0.480037
0.504858 0 0.495142
0.151554 0 0.848446
0.136442 0 0.863558
0.124063 0 0.875937
0.121447 0 0.878553
0.063986 0 0.936014
0.0636526 0 0.936347
0.0636357 0 0.936364
0.0636212 0 0.936379
0.0632069 0 0.936793
0.0630159 0 0.936984
0.0630118 0 0.936988
0.0630105 0 0.93699
0.0630123 0 0.936988
0.0630173 0 0.936983
0.0630355 0 0.936965
0.0636238 0 0.936376
0.0636383 0 0.936362
0.0636559 0 0.936344
0.0639451 0 0.936055
0.0659662 0 0.934034
0.06399 0 0.93601
0.0637022 0 0.936298
0.0637358 0 0.936264
0.063773 0 0.936227
0.0638133 0 0.936187
0.0632653 0 0.936735
0.063312 0 0.936688
0.0633614 0 0.936639
0.0634142 0 0.936586
0.0634705 0 0.93653
0.0635294 0 0.936471
0.064186 0 0.935814
0.0642525 0 0.935747
0.0643225 0 0.935677
0.0647482 0 0.935252
0.594177 0 0.405823
0.588551 0 0.411449
0.582739 0 0.417261
0.577231 0 0.422769
0.571881 0 0.428119
0.566282 0 0.433718
0.561105 0 0.438895
0.555862 0 0.444138
0.550679 0 0.449321
0.545749 0 0.454251
0.540585 0 0.459415
0.535811 0 0.464189
0.531119 0 0.468881
0.526187 0 0.473813
0.52164 0 0.47836
0.51699 0 0.48301
0.511883 0 0.488117
0.506295 0 0.493705
0.501513 0 0.498487
0.496544 0 0.503456
0.491615 0 0.508385
0.4871 0 0.5129
0.482358 0 0.517642
0.476205 0 0.523795
0.471683 0 0.528317
0.467202 0 0.532798
0.463071 0 0.536929
0.458705 0 0.541295
0.454743 0 0.545257
0.450516 0 0.549484
0.446687 0 0.553313
0.442596 0 0.557404
0.438782 0 0.561218
0.435031 0 0.564969
0.43185 0 0.56815
0.429944 0 0.570056
0.428866 0 0.571134
0.427227 0 0.572773
0.151729 0 0.848271
0.136586 0 0.863414
0.124184 0 0.875816
0.12145 0 0.87855
0.0662714 0 0.933729
0.0636519 0 0.936348
0.0636345 0 0.936365
0.0636209 0 0.936379
0.0632018 0 0.936798
0.0630155 0 0.936985
0.063011 0 0.936989
0.0630097 0 0.93699
0.0630116 0 0.936988
0.0630166 0 0.936983
0.0630387 0 0.936961
0.0636231 0 0.936377
0.0636376 0 0.936362
0.0636557 0 0.936344
0.0639483 0 0.936052
0.0661729 0 0.933827
0.065608 0 0.934392
0.0637012 0 0.936299
0.0637353 0 0.936265
0.063772 0 0.936228
0.0638123 0 0.936188
0.0632648 0 0.936735
0.0633115 0 0.936689
0.0633609 0 0.936639
0.0634137 0 0.936586
0.0634696 0 0.93653
0.0635289 0 0.936471
0.0641855 0 0.935814
0.064252 0 0.935748
0.0643217 0 0.935678
0.0647513 0 0.935249
0.595554 0 0.404446
0.59062 0 0.40938
0.585743 0 0.414257
0.580933 0 0.419067
0.575852 0 0.424148
0.570501 0 0.429499
0.56556 0 0.43444
0.560688 0 0.439312
0.555561 0 0.444439
0.550826 0 0.449174
0.546157 0 0.453843
0.539626 0 0.460374
0.533466 0 0.466534
0.528322 0 0.471678
0.523258 0 0.476742
0.518574 0 0.481426
0.513727 0 0.486273
0.508881 0 0.491119
0.504443 0 0.495557
0.49976 0 0.500239
0.495121 0 0.504879
0.490584 0 0.509416
0.486402 0 0.513598
0.481962 0 0.518038
0.477616 0 0.522384
0.473616 0 0.526384
0.469359 0 0.530641
0.465068 0 0.534932
0.457657 0 0.542343
0.453947 0 0.546053
0.449955 0 0.550045
0.446353 0 0.553647
0.442472 0 0.557528
0.438651 0 0.561349
0.435198 0 0.564802
0.431675 0 0.568325
0.428533 0 0.571467
0.425451 0 0.574549
0.422404 0 0.577596
0.419197 0 0.580803
0.41625 0 0.58375
0.413537 0 0.586463
0.411919 0 0.588081
0.410745 0 0.589255
0.40947 0 0.59053
0.40738 0 0.59262
0.404387 0 0.595613
0.401397 0 0.598603
0.398707 0 0.601293
0.395791 0 0.604209
0.392946 0 0.607054
0.390333 0 0.609667
0.387527 0 0.612473
0.384862 0 0.615138
0.382276 0 0.617724
0.379575 0 0.620425
0.376824 0 0.623176
0.373919 0 0.626081
0.370914 0 0.629086
0.36815 0 0.63185
0.365421 0 0.634579
0.362531 0 0.637469
0.151912 0 0.848088
0.136735 0 0.863265
0.124309 0 0.875691
0.121454 0 0.878546
0.0665063 0 0.933494
0.063652 0 0.936348
0.0636346 0 0.936365
0.063621 0 0.936379
0.0631975 0 0.936802
0.0630455 0 0.936954
0.0630327 0 0.936967
0.0630231 0 0.936977
0.0630167 0 0.936983
0.0630167 0 0.936983
0.0630427 0 0.936957
0.0636232 0 0.936377
0.0636379 0 0.936362
0.0636555 0 0.936344
0.06639 0 0.93361
0.0664071 0 0.933593
0.0664279 0 0.933572
0.0637011 0 0.936299
0.0637351 0 0.936265
0.0637723 0 0.936228
0.0638126 0 0.936187
0.063265 0 0.936735
0.063311 0 0.936689
0.0633607 0 0.936639
0.0634136 0 0.936586
0.0634694 0 0.936531
0.0635288 0 0.936471
0.0641855 0 0.935814
0.064252 0 0.935748
0.0643217 0 0.935678
0.0670832 0 0.932917
0.51928 0 0.48072
0.514457 0 0.485543
0.509383 0 0.490617
0.504378 0 0.495622
0.499435 0 0.500565
0.49469 0 0.50531
0.490115 0 0.509885
0.486101 0 0.513899
0.0355206 0 0.964479
0.0356728 0 0.964327
0.474458 0 0.525542
0.470786 0 0.529214
0.466971 0 0.533029
0.463205 0 0.536795
0.459479 0 0.540521
0.454816 0 0.545184
0.447199 0 0.552801
0.443636 0 0.556364
0.440376 0 0.559624
0.437158 0 0.562842
0.434191 0 0.565809
0.43126 0 0.56874
0.428357 0 0.571643
0.425455 0 0.574545
0.422557 0 0.577443
0.419687 0 0.580313
0.416844 0 0.583156
0.414041 0 0.585959
0.411327 0 0.588673
0.408639 0 0.591361
0.405898 0 0.594102
0.403086 0 0.596914
0.400872 0 0.599128
0.399194 0 0.600806
0.397963 0 0.602037
0.396743 0 0.603257
0.395348 0 0.604652
0.393082 0 0.606918
0.390431 0 0.609569
0.38792 0 0.61208
0.385254 0 0.614746
0.382715 0 0.617285
0.380263 0 0.619737
0.377666 0 0.622334
0.374952 0 0.625048
0.37215 0 0.62785
0.369352 0 0.630648
0.366733 0 0.633267
0.364141 0 0.635859
0.36158 0 0.63842
0.359048 0 0.640952
0.356258 0 0.643742
0.353566 0 0.646434
0.351122 0 0.648878
0.349532 0 0.650468
0.348053 0 0.651947
0.346527 0 0.653473
0.344892 0 0.655108
0.343275 0 0.656725
0.341675 0 0.658325
0.340094 0 0.659906
0.338503 0 0.661497
0.336984 0 0.663016
0.335451 0 0.664549
0.333871 0 0.666129
0.332308 0 0.667692
0.330761 0 0.669239
0.329353 0 0.670647
0.327875 0 0.672125
0.326377 0 0.673623
0.324897 0 0.675103
0.323513 0 0.676487
0.598091 0 0.401909
0.593629 0 0.406371
0.589139 0 0.410861
0.584906 0 0.415094
0.580304 0 0.419696
0.576131 0 0.423869
0.152087 0 0.847913
0.136878 0 0.863122
0.123527 0 0.876473
0.12146 0 0.87854
0.0669998 0 0.933
0.0669787 0 0.933021
0.0636359 0 0.936364
0.0636214 0 0.936379
0.0632865 0 0.936714
0.0632701 0 0.93673
0.0632578 0 0.936742
0.063248 0 0.936752
0.0632417 0 0.936758
0.0632388 0 0.936761
0.063239 0 0.936761
0.0636239 0 0.936376
0.0636383 0 0.936362
0.0636564 0 0.936344
0.0670044 0 0.932996
0.06703 0 0.93297
0.0670589 0 0.932941
0.0654055 0 0.934595
0.0637362 0 0.936264
0.0637729 0 0.936227
0.0638132 0 0.936187
0.0634884 0 0.936512
0.0635285 0 0.936471
0.063571 0 0.936429
0.0636177 0 0.936382
0.0636671 0 0.936333
0.0637207 0 0.936279
0.0641863 0 0.935814
0.0642528 0 0.935747
0.0643224 0 0.935678
0.0678212 0 0.932179
0.430858 0 0.569142
0.427161 0 0.572839
0.423473 0 0.576527
0.420068 0 0.579932
0.416479 0 0.583521
0.413221 0 0.586779
0.410004 0 0.589996
0.407136 0 0.592864
0.0355825 0 0.964417
0.402257 0 0.597743
0.399911 0 0.600089
0.397442 0 0.602558
0.395038 0 0.604962
0.39403 0 0.60597
0.388829 0 0.611171
0.385448 0 0.614552
0.383716 0 0.616284
0.381729 0 0.618271
0.379781 0 0.620219
0.378106 0 0.621894
0.375532 0 0.624468
0.373395 0 0.626605
0.37144 0 0.62856
0.369616 0 0.630384
0.367758 0 0.632242
0.366015 0 0.633985
0.364295 0 0.635705
0.362637 0 0.637363
0.360921 0 0.639079
0.35913 0 0.64087
0.357327 0 0.642673
0.355543 0 0.644457
0.353776 0 0.646224
0.352029 0 0.647971
0.350299 0 0.649701
0.348583 0 0.651417
0.346837 0 0.653163
0.34511 0 0.65489
0.3434 0 0.6566
0.341783 0 0.658217
0.340192 0 0.659808
0.338532 0 0.661468
0.336889 0 0.663111
0.335262 0 0.664738
0.33373 0 0.66627
0.332216 0 0.667784
0.330636 0 0.669364
0.329073 0 0.670927
0.327562 0 0.672438
0.326085 0 0.673915
0.32462 0 0.67538
0.32313 0 0.67687
0.321644 0 0.678356
0.320171 0 0.679829
0.318761 0 0.681239
0.31737 0 0.68263
0.315993 0 0.684007
0.31458 0 0.68542
0.313179 0 0.686821
0.311803 0 0.688197
0.310482 0 0.689518
0.309211 0 0.690789
0.307866 0 0.692134
0.306534 0 0.693466
0.305216 0 0.694784
0.303939 0 0.696061
0.302698 0 0.697302
0.301483 0 0.698517
0.300217 0 0.699783
0.298962 0 0.701038
0.297719 0 0.702281
0.296566 0 0.703434
0.295417 0 0.704583
0.594521 0 0.405479
0.590637 0 0.409363
0.588365 0 0.411635
0.585333 0 0.414667
0.581859 0 0.418141
0.578771 0 0.421229
0.576494 0 0.423506
0.576128 0 0.423872
0.574103 0 0.425897
0.570682 0 0.429318
0.567788 0 0.432212
0.564863 0 0.435137
0.561822 0 0.438178
0.557894 0 0.442106
0.552203 0 0.447797
0.549115 0 0.450885
0.546104 0 0.453896
0.542929 0 0.457071
0.539753 0 0.460247
0.536577 0 0.463423
0.533402 0 0.466598
0.530279 0 0.469721
0.527231 0 0.472769
0.524053 0 0.475947
0.521045 0 0.478955
0.517925 0 0.482075
0.514769 0 0.485231
0.511619 0 0.488381
0.508475 0 0.491525
0.505426 0 0.494574
0.502399 0 0.497601
0.499434 0 0.500566
0.496321 0 0.503679
0.493219 0 0.506781
0.490126 0 0.509874
0.487368 0 0.512632
0.484301 0 0.515699
0.481239 0 0.518761
0.478494 0 0.521506
0.475475 0 0.524525
0.472643 0 0.527357
0.469753 0 0.530247
0.15227 0 0.84773
0.13703 0 0.86297
0.124555 0 0.875445
0.121468 0 0.878532
0.0670018 0 0.932998
0.0669799 0 0.93302
0.063637 0 0.936363
0.0636234 0 0.936377
0.0635143 0 0.936486
0.0634978 0 0.936502
0.063485 0 0.936515
0.0634754 0 0.936525
0.0634689 0 0.936531
0.0634656 0 0.936534
0.0634655 0 0.936535
0.0636256 0 0.936374
0.0636405 0 0.936359
0.0669842 0 0.933016
0.0670066 0 0.932993
0.0670319 0 0.932968
0.0670608 0 0.932939
0.0670929 0 0.932907
0.0637376 0 0.936262
0.0637744 0 0.936226
0.0638146 0 0.936185
0.0637172 0 0.936283
0.0637574 0 0.936243
0.0638009 0 0.936199
0.0638477 0 0.936152
0.0638976 0 0.936102
0.0639511 0 0.936049
0.0641882 0 0.935812
0.0642544 0 0.935746
0.0677456 0 0.932254
0.0678231 0 0.932177
0.374266 0 0.625734
0.371535 0 0.628465
0.368763 0 0.631237
0.366159 0 0.633841
0.363588 0 0.636412
0.361172 0 0.638828
0.358995 0 0.641005
0.0353606 0 0.964639
0.0353915 0 0.964609
0.0354238 0 0.964576
0.035458 0 0.964542
0.0354939 0 0.964506
0.0355321 0 0.964468
0.035572 0 0.964428
0.344498 0 0.655502
0.342946 0 0.657054
0.341337 0 0.658663
0.339833 0 0.660167
0.338212 0 0.661788
0.336759 0 0.663242
0.335137 0 0.664863
0.333687 0 0.666313
0.332122 0 0.667878
0.330649 0 0.669351
0.329145 0 0.670855
0.327646 0 0.672354
0.326209 0 0.673791
0.32468 0 0.67532
0.323304 0 0.676696
0.321783 0 0.678217
0.320389 0 0.679611
0.318945 0 0.681055
0.317513 0 0.682487
0.316145 0 0.683855
0.314669 0 0.685331
0.313353 0 0.686647
0.311926 0 0.688074
0.310563 0 0.689437
0.309224 0 0.690776
0.30781 0 0.69219
0.306534 0 0.693466
0.305152 0 0.694848
0.303833 0 0.696167
0.302546 0 0.697454
0.301168 0 0.698832
0.299933 0 0.700067
0.298619 0 0.701381
0.29727 0 0.70273
0.295959 0 0.704041
0.294615 0 0.705385
0.29327 0 0.70673
0.291835 0 0.708165
0.290502 0 0.709498
0.289026 0 0.710974
0.287658 0 0.712342
0.286348 0 0.713652
0.285048 0 0.714952
0.283556 0 0.716444
0.282271 0 0.717729
0.28097 0 0.71903
0.279528 0 0.720472
0.278266 0 0.721734
0.277046 0 0.722954
0.275902 0 0.724098
0.274879 0 0.725121
0.274049 0 0.725951
0.273139 0 0.726861
0.272232 0 0.727768
0.271435 0 0.728565
0.270728 0 0.729272
0.270152 0 0.729848
0.269633 0 0.730367
0.269066 0 0.730934
0.268358 0 0.731642
0.481796 0 0.518204
0.479448 0 0.520552
0.477508 0 0.522492
0.475399 0 0.524601
0.473369 0 0.526631
0.471322 0 0.528678
0.4692 0 0.5308
0.466955 0 0.533045
0.465006 0 0.534994
0.462819 0 0.537181
0.460789 0 0.539211
0.458678 0 0.541322
0.456555 0 0.543445
0.454524 0 0.545476
0.45231 0 0.54769
0.4503 0 0.5497
0.448055 0 0.551945
0.44592 0 0.55408
0.443795 0 0.556205
0.441685 0 0.558315
0.439521 0 0.560479
0.437356 0 0.562644
0.435188 0 0.564812
0.433018 0 0.566982
0.430846 0 0.569154
0.428674 0 0.571326
0.426499 0 0.573501
0.424327 0 0.575673
0.422261 0 0.577739
0.420015 0 0.579985
0.417947 0 0.582053
0.415804 0 0.584196
0.413757 0 0.586243
0.411591 0 0.588409
0.409428 0 0.590572
0.407269 0 0.592731
0.405113 0 0.594887
0.402962 0 0.597038
0.400837 0 0.599163
0.398894 0 0.601106
0.396751 0 0.603249
0.152457 0 0.847543
0.137183 0 0.862817
0.124682 0 0.875318
0.121477 0 0.878523
0.0670041 0 0.932996
0.0669827 0 0.933017
0.0669647 0 0.933035
0.0636259 0 0.936374
0.0636151 0 0.936385
0.0636075 0 0.936392
0.0636028 0 0.936397
0.0636015 0 0.936398
0.0636032 0 0.936397
0.0636083 0 0.936392
0.0636166 0 0.936383
0.0636281 0 0.936372
0.0636427 0 0.936357
0.0669867 0 0.933013
0.0670088 0 0.932991
0.0670344 0 0.932966
0.0670633 0 0.932937
0.0670951 0 0.932905
0.0652155 0 0.934784
0.063777 0 0.936223
0.0638173 0 0.936183
0.0638608 0 0.936139
0.0639072 0 0.936093
0.0639571 0 0.936043
0.0640106 0 0.935989
0.0640675 0 0.935933
0.064127 0 0.935873
0.0641905 0 0.935809
0.0642567 0 0.935743
0.0677483 0 0.932252
0.0678255 0 0.932175
0.330238 0 0.669762
0.328392 0 0.671608
0.326487 0 0.673513
0.324591 0 0.675409
0.322849 0 0.677151
0.316866 0 0.683134
0.315142 0 0.684858
0.03533 0 0.96467
0.0353592 0 0.964641
0.0353916 0 0.964608
0.0354257 0 0.964574
0.035462 0 0.964538
0.0354998 0 0.9645
0.0355398 0 0.96446
0.304383 0 0.695617
0.303169 0 0.696831
0.30196 0 0.69804
0.300676 0 0.699324
0.299345 0 0.700655
0.298146 0 0.701854
0.29679 0 0.70321
0.29555 0 0.70445
0.294359 0 0.705641
0.29313 0 0.706869
0.291786 0 0.708214
0.290606 0 0.709394
0.289344 0 0.710656
0.288056 0 0.711944
0.286886 0 0.713114
0.285721 0 0.714279
0.284436 0 0.715564
0.283206 0 0.716794
0.282052 0 0.717948
0.280772 0 0.719228
0.279562 0 0.720438
0.278398 0 0.721602
0.27712 0 0.72288
0.275961 0 0.724039
0.274833 0 0.725167
0.27371 0 0.72629
0.272461 0 0.727539
0.271347 0 0.728652
0.270274 0 0.729726
0.269282 0 0.730718
0.268336 0 0.731664
0.267443 0 0.732557
0.266579 0 0.733421
0.26572 0 0.73428
0.264927 0 0.735073
0.2641 0 0.7359
0.263319 0 0.736681
0.262479 0 0.737521
0.261648 0 0.738352
0.260877 0 0.739123
0.260134 0 0.739866
0.259315 0 0.740685
0.258588 0 0.741412
0.257946 0 0.742054
0.257376 0 0.742624
0.25689 0 0.74311
0.256228 0 0.743772
0.255542 0 0.744458
0.25486 0 0.74514
0.254182 0 0.745818
0.253401 0 0.746599
0.252705 0 0.747295
0.252041 0 0.747959
0.25138 0 0.74862
0.25072 0 0.74928
0.249978 0 0.750022
0.249288 0 0.750712
0.248644 0 0.751356
0.248001 0 0.751999
0.247366 0 0.752634
0.246662 0 0.753338
0.403913 0 0.596087
0.40249 0 0.59751
0.401014 0 0.598986
0.399514 0 0.600486
0.398082 0 0.601918
0.396512 0 0.603488
0.39512 0 0.60488
0.393504 0 0.606496
0.392084 0 0.607916
0.390507 0 0.609493
0.389028 0 0.610972
0.387489 0 0.612511
0.385935 0 0.614065
0.384401 0 0.615599
0.38286 0 0.61714
0.381313 0 0.618687
0.379761 0 0.620239
0.378201 0 0.621799
0.376658 0 0.623342
0.37507 0 0.62493
0.373538 0 0.626462
0.371922 0 0.628078
0.370341 0 0.629659
0.368758 0 0.631242
0.367171 0 0.632829
0.36561 0 0.63439
0.364069 0 0.635931
0.362481 0 0.637519
0.360972 0 0.639028
0.359351 0 0.640649
0.357848 0 0.642152
0.356225 0 0.643775
0.354649 0 0.645352
0.353049 0 0.646951
0.351448 0 0.648552
0.349847 0 0.650153
0.348249 0 0.651751
0.346649 0 0.653351
0.345052 0 0.654948
0.343471 0 0.656529
0.156466 0 0.843534
0.137337 0 0.862663
0.124812 0 0.875188
0.121488 0 0.878512
0.0670074 0 0.932993
0.0667742 0 0.933226
0.0668411 0 0.933159
0.0636292 0 0.936371
0.0636184 0 0.936382
0.0636108 0 0.936389
0.0636061 0 0.936394
0.0636048 0 0.936395
0.0636065 0 0.936393
0.0636116 0 0.936388
0.0636199 0 0.93638
0.0636314 0 0.936369
0.0669715 0 0.933028
0.0669906 0 0.933009
0.0670122 0 0.932988
0.0670375 0 0.932963
0.0670664 0 0.932934
0.067099 0 0.932901
0.0671344 0 0.932866
0.0637801 0 0.93622
0.0638203 0 0.93618
0.0638641 0 0.936136
0.0639107 0 0.936089
0.0639606 0 0.936039
0.0640141 0 0.935986
0.0640702 0 0.93593
0.0641302 0 0.93587
0.0641933 0 0.935807
0.0676785 0 0.932322
0.0677516 0 0.932248
0.0678288 0 0.932171
0.286026 0 0.713974
0.285996 0 0.714004
0.285936 0 0.714064
0.285497 0 0.714503
0.28438 0 0.71562
0.283518 0 0.716482
0.282645 0 0.717355
0.0353287 0 0.964671
0.035355 0 0.964645
0.0353874 0 0.964613
0.0354215 0 0.964578
0.0354575 0 0.964543
0.0354953 0 0.964505
0.0355352 0 0.964465
0.27007 0 0.72993
0.26925 0 0.73075
0.26836 0 0.73164
0.267445 0 0.732556
0.266543 0 0.733457
0.2657 0 0.7343
0.264879 0 0.735121
0.264063 0 0.735937
0.263312 0 0.736688
0.262505 0 0.737495
0.261763 0 0.738237
0.260975 0 0.739025
0.260174 0 0.739826
0.259377 0 0.740623
0.258668 0 0.741332
0.257884 0 0.742116
0.257147 0 0.742853
0.256367 0 0.743633
0.255587 0 0.744413
0.254821 0 0.745179
0.254141 0 0.745859
0.253402 0 0.746598
0.252643 0 0.747357
0.25188 0 0.74812
0.251147 0 0.748853
0.250403 0 0.749597
0.24974 0 0.75026
0.249005 0 0.750995
0.24826 0 0.75174
0.247534 0 0.752466
0.247047 0 0.752953
0.246461 0 0.753539
0.245962 0 0.754038
0.24527 0 0.75473
0.244591 0 0.755409
0.243962 0 0.756038
0.243337 0 0.756663
0.242716 0 0.757284
0.242087 0 0.757913
0.24138 0 0.75862
0.240743 0 0.759257
0.240136 0 0.759864
0.23953 0 0.76047
0.238928 0 0.761072
0.238296 0 0.761704
0.237611 0 0.762389
0.23702 0 0.76298
0.236433 0 0.763567
0.235848 0 0.764152
0.235267 0 0.764733
0.234621 0 0.765379
0.233992 0 0.766008
0.233422 0 0.766578
0.232855 0 0.767145
0.232291 0 0.767709
0.231695 0 0.768305
0.231072 0 0.768928
0.230499 0 0.769501
0.229949 0 0.770051
0.229403 0 0.770597
0.22886 0 0.77114
0.22826 0 0.77174
0.34779 0 0.65221
0.346758 0 0.653242
0.345595 0 0.654405
0.344482 0 0.655518
0.343411 0 0.656589
0.342279 0 0.657721
0.341165 0 0.658835
0.340043 0 0.659957
0.338913 0 0.661088
0.337777 0 0.662223
0.336634 0 0.663366
0.335483 0 0.664517
0.334327 0 0.665673
0.333164 0 0.666836
0.331995 0 0.668005
0.330822 0 0.669178
0.329623 0 0.670377
0.328458 0 0.671542
0.327267 0 0.672733
0.326073 0 0.673927
0.324875 0 0.675125
0.323673 0 0.676327
0.322467 0 0.677533
0.321256 0 0.678744
0.320044 0 0.679956
0.318827 0 0.681173
0.317608 0 0.682392
0.316386 0 0.683614
0.315161 0 0.684839
0.313934 0 0.686066
0.312706 0 0.687294
0.311475 0 0.688524
0.310243 0 0.689757
0.309011 0 0.690989
0.307776 0 0.692224
0.30654 0 0.69346
0.305305 0 0.694695
0.304068 0 0.695932
0.302831 0 0.697169
0.156658 0 0.843342
0.143197 0 0.856803
0.124943 0 0.875057
0.1215 0 0.8785
0.0665739 0 0.933426
0.0665472 0 0.933453
0.0665384 0 0.933462
0.066533 0 0.933467
0.0637125 0 0.936287
0.0636958 0 0.936304
0.0636826 0 0.936317
0.063673 0 0.936327
0.0636663 0 0.936334
0.0636631 0 0.936337
0.0636631 0 0.936337
0.0636671 0 0.936333
0.0666265 0 0.933374
0.0666525 0 0.933348
0.0666821 0 0.933318
0.0667146 0 0.933285
0.0667507 0 0.933249
0.0667897 0 0.93321
0.0668318 0 0.933168
0.0650404 0 0.93496
0.0638826 0 0.936117
0.0639196 0 0.93608
0.0639601 0 0.93604
0.0640041 0 0.935996
0.0640514 0 0.935949
0.0641019 0 0.935898
0.0641563 0 0.935844
0.0642138 0 0.935786
0.0674346 0 0.932565
0.0675132 0 0.932487
0.0675951 0 0.932405
0.257598 0 0.742402
0.256567 0 0.743433
0.255498 0 0.744502
0.254376 0 0.745624
0.253178 0 0.746822
0.252024 0 0.747976
0.250891 0 0.749109
0.0353274 0 0.964673
0.0353509 0 0.964649
0.0353836 0 0.964616
0.0354175 0 0.964583
0.0354534 0 0.964547
0.0354912 0 0.964509
0.0355315 0 0.964468
0.248847 0 0.751153
0.248603 0 0.751397
0.246769 0 0.753231
0.246065 0 0.753935
0.245396 0 0.754604
0.2447 0 0.7553
0.244006 0 0.755994
0.243314 0 0.756686
0.242674 0 0.757326
0.242032 0 0.757968
0.241349 0 0.758651
0.240705 0 0.759295
0.240025 0 0.759975
0.239348 0 0.760652
0.238674 0 0.761326
0.238147 0 0.761853
0.237581 0 0.762419
0.236992 0 0.763008
0.236433 0 0.763567
0.235837 0 0.764163
0.235183 0 0.764817
0.234563 0 0.765437
0.233986 0 0.766014
0.233412 0 0.766588
0.23284 0 0.76716
0.232208 0 0.767792
0.231583 0 0.768417
0.23102 0 0.76898
0.230459 0 0.769541
0.2299 0 0.7701
0.229346 0 0.770654
0.228762 0 0.771238
0.228134 0 0.771866
0.227575 0 0.772425
0.22703 0 0.77297
0.226488 0 0.773512
0.225949 0 0.774051
0.225393 0 0.774607
0.224795 0 0.775205
0.224224 0 0.775776
0.223686 0 0.776314
0.223119 0 0.776881
0.222547 0 0.777453
0.221919 0 0.778081
0.22136 0 0.77864
0.220801 0 0.779199
0.220179 0 0.779821
0.219557 0 0.780443
0.218924 0 0.781076
0.218359 0 0.781641
0.217729 0 0.782272
0.217075 0 0.782925
0.216423 0 0.783577
0.21585 0 0.78415
0.215267 0 0.784733
0.214621 0 0.785379
0.214042 0 0.785958
0.213426 0 0.786574
0.212825 0 0.787175
0.212198 0 0.787802
0.211592 0 0.788408
0.210986 0 0.789014
0.210388 0 0.789612
0.305408 0 0.694592
0.304487 0 0.695513
0.303566 0 0.696434
0.302709 0 0.697291
0.301874 0 0.698126
0.300953 0 0.699047
0.300033 0 0.699967
0.299114 0 0.700886
0.298196 0 0.701804
0.297299 0 0.702701
0.296472 0 0.703528
0.295594 0 0.704406
0.29468 0 0.70532
0.293766 0 0.706234
0.292854 0 0.707146
0.291943 0 0.708057
0.291085 0 0.708915
0.290215 0 0.709785
0.289347 0 0.710653
0.288457 0 0.711543
0.287554 0 0.712446
0.286652 0 0.713348
0.285701 0 0.714299
0.284635 0 0.715365
0.283569 0 0.716431
0.28244 0 0.71756
0.281315 0 0.718685
0.280297 0 0.719703
0.279193 0 0.720807
0.278079 0 0.721921
0.277058 0 0.722942
0.275942 0 0.724058
0.27484 0 0.72516
0.27382 0 0.72618
0.272692 0 0.727308
0.271548 0 0.728452
0.270483 0 0.729517
0.26943 0 0.73057
0.156849 0 0.843151
0.142951 0 0.857049
0.12569 0 0.87431
0.12178 0 0.87822
0.066574 0 0.933426
0.0665171 0 0.933483
0.0664989 0 0.933501
0.066484 0 0.933516
0.0639479 0 0.936052
0.063931 0 0.936069
0.0639178 0 0.936082
0.0639078 0 0.936092
0.0639016 0 0.936098
0.0638983 0 0.936102
0.0638987 0 0.936101
0.0664867 0 0.933513
0.0665023 0 0.933498
0.0665209 0 0.933479
0.0665429 0 0.933457
0.0665677 0 0.933432
0.0665962 0 0.933404
0.0666283 0 0.933372
0.066664 0 0.933336
0.0667022 0 0.933298
0.0641193 0 0.935881
0.0641568 0 0.935843
0.0641973 0 0.935803
0.0642414 0 0.935759
0.0642894 0 0.935711
0.0643404 0 0.93566
0.064395 0 0.935605
0.0671342 0 0.932866
0.0672034 0 0.932797
0.0672816 0 0.932718
0.0673629 0 0.932637
0.237151 0 0.762849
0.236476 0 0.763524
0.235755 0 0.764245
0.235002 0 0.764998
0.234307 0 0.765693
0.233634 0 0.766366
0.232961 0 0.767039
0.0353265 0 0.964674
0.0353473 0 0.964653
0.0353797 0 0.96462
0.0354142 0 0.964586
0.0354502 0 0.96455
0.035488 0 0.964512
0.0355279 0 0.964472
0.233569 0 0.766431
0.233468 0 0.766532
0.231975 0 0.768025
0.22923 0 0.77077
0.228277 0 0.771723
0.227589 0 0.772411
0.22691 0 0.77309
0.226212 0 0.773788
0.225205 0 0.774795
0.224192 0 0.775808
0.223274 0 0.776726
0.222363 0 0.777637
0.221647 0 0.778353
0.220931 0 0.779069
0.220282 0 0.779718
0.21949 0 0.78051
0.218784 0 0.781216
0.217671 0 0.782329
0.216905 0 0.783095
0.216011 0 0.783989
0.215339 0 0.784661
0.214673 0 0.785327
0.214099 0 0.785901
0.213397 0 0.786603
0.212913 0 0.787087
0.212256 0 0.787744
0.211729 0 0.788271
0.211028 0 0.788972
0.210189 0 0.789811
0.20935 0 0.79065
0.208366 0 0.791634
0.207864 0 0.792136
0.207407 0 0.792593
0.206876 0 0.793124
0.20633 0 0.79367
0.20581 0 0.79419
0.205045 0 0.794955
0.204302 0 0.795698
0.203037 0 0.796963
0.202545 0 0.797455
0.20211 0 0.79789
0.201612 0 0.798388
0.201075 0 0.798925
0.200559 0 0.799441
0.199847 0 0.800153
0.199087 0 0.800913
0.198135 0 0.801865
0.197591 0 0.802409
0.197083 0 0.802917
0.196552 0 0.803448
0.196032 0 0.803968
0.195424 0 0.804576
0.194687 0 0.805313
0.194032 0 0.805968
0.193477 0 0.806523
0.192928 0 0.807072
0.192381 0 0.807619
0.19178 0 0.80822
0.191264 0 0.808736
0.190675 0 0.809325
0.190147 0 0.809853
0.189623 0 0.810377
0.189104 0 0.810896
0.188589 0 0.811411
0.272999 0 0.727001
0.272118 0 0.727882
0.27128 0 0.72872
0.270494 0 0.729506
0.269636 0 0.730364
0.26873 0 0.73127
0.267916 0 0.732085
0.267098 0 0.732902
0.266175 0 0.733825
0.26529 0 0.73471
0.264468 0 0.735533
0.263572 0 0.736428
0.26263 0 0.73737
0.261683 0 0.738317
0.260764 0 0.739236
0.25992 0 0.74008
0.259012 0 0.740988
0.25805 0 0.74195
0.257186 0 0.742814
0.256257 0 0.743743
0.254945 0 0.745055
0.25361 0 0.74639
0.252457 0 0.747543
0.251699 0 0.748301
0.251217 0 0.748783
0.251024 0 0.748976
0.250608 0 0.749392
0.249542 0 0.750458
0.248636 0 0.751364
0.247811 0 0.75219
0.246616 0 0.753384
0.243949 0 0.756051
0.242068 0 0.757932
0.24093 0 0.75907
0.239979 0 0.760021
0.239026 0 0.760974
0.238071 0 0.761929
0.157049 0 0.842951
0.142707 0 0.857293
0.125824 0 0.874176
0.121717 0 0.878283
0.0665748 0 0.933425
0.0665223 0 0.933478
0.066505 0 0.933495
0.0664898 0 0.93351
0.0664788 0 0.933521
0.0664708 0 0.933529
0.0664664 0 0.933534
0.066465 0 0.933535
0.066467 0 0.933533
0.0664723 0 0.933528
0.0664811 0 0.933519
0.0664925 0 0.933507
0.0665081 0 0.933492
0.0665267 0 0.933473
0.0665487 0 0.933451
0.066574 0 0.933426
0.0666025 0 0.933398
0.0666346 0 0.933365
0.0666696 0 0.93333
0.0667082 0 0.933292
0.0667503 0 0.93325
0.0667958 0 0.933204
0.0668444 0 0.933156
0.0668967 0 0.933103
0.0669525 0 0.933047
0.0670116 0 0.932988
0.067074 0 0.932926
0.06714 0 0.93286
0.0672095 0 0.932791
0.0672827 0 0.932717
0.0673591 0 0.932641
0.216838 0 0.783162
0.216353 0 0.783647
0.215894 0 0.784106
0.215393 0 0.784607
0.214902 0 0.785098
0.214513 0 0.785487
0.214131 0 0.785869
0.0353258 0 0.964674
0.0353444 0 0.964656
0.0353768 0 0.964623
0.035411 0 0.964589
0.035447 0 0.964553
0.0354848 0 0.964515
0.0355247 0 0.964475
0.210395 0 0.789605
0.209823 0 0.790177
0.209253 0 0.790747
0.208685 0 0.791315
0.208117 0 0.791883
0.207551 0 0.792449
0.206987 0 0.793013
0.206423 0 0.793577
0.205888 0 0.794112
0.205391 0 0.794609
0.204922 0 0.795078
0.204363 0 0.795637
0.203836 0 0.796164
0.203271 0 0.796729
0.202735 0 0.797265
0.202159 0 0.797841
0.20163 0 0.79837
0.201212 0 0.798788
0.200807 0 0.799193
0.200459 0 0.799541
0.200097 0 0.799903
0.199665 0 0.800335
0.199228 0 0.800772
0.198788 0 0.801212
0.198345 0 0.801655
0.197912 0 0.802088
0.197459 0 0.802541
0.197048 0 0.802952
0.196671 0 0.803329
0.196243 0 0.803757
0.195782 0 0.804218
0.195318 0 0.804682
0.194852 0 0.805148
0.194311 0 0.805689
0.193707 0 0.806293
0.193206 0 0.806794
0.192593 0 0.807407
0.192125 0 0.807875
0.191612 0 0.808388
0.191207 0 0.808793
0.190686 0 0.809314
0.190233 0 0.809767
0.189612 0 0.810388
0.188904 0 0.811096
0.188377 0 0.811623
0.187855 0 0.812145
0.187351 0 0.812649
0.186861 0 0.813139
0.186405 0 0.813595
0.18586 0 0.81414
0.185277 0 0.814723
0.184654 0 0.815346
0.18416 0 0.81584
0.18371 0 0.81629
0.183245 0 0.816755
0.182775 0 0.817225
0.182261 0 0.817739
0.181729 0 0.818271
0.181145 0 0.818855
0.180659 0 0.819341
0.180201 0 0.819799
0.179757 0 0.820243
0.179343 0 0.820657
0.178868 0 0.821132
0.178298 0 0.821702
 ] }
}
