# Real Time: 1092.09
# Simulation Time: 39.5
# Radar Position: 913.662 -332.827 0.552015
# Radar Quat: 0.00811999 -0.00152275 0.560685 0.827988
PointSet {
 coord Coordinate { point [
915.916 -340.804 0.792844
915.9 -340.541 0.784591
915.953 -340.521 0.783645
916.006 -340.501 0.782709
916.059 -340.482 0.781781
916.113 -340.462 0.780862
916.166 -340.443 0.779952
916.219 -340.423 0.779051
916.272 -340.404 0.778158
916.325 -340.384 0.777274
916.462 -340.598 0.783294
916.516 -340.578 0.78239
916.571 -340.557 0.781495
916.625 -340.537 0.780608
916.587 -340.281 0.772825
916.64 -340.262 0.77199
916.693 -340.242 0.771164
916.746 -340.223 0.770345
916.8 -340.203 0.769535
916.853 -340.184 0.768732
916.906 -340.164 0.767936
916.959 -340.145 0.767149
917.012 -340.125 0.766368
917.171 -340.333 0.772205
917.226 -340.312 0.77141
919.924 -345.752 0.929266
920.021 -345.72 0.92801
920.118 -345.688 0.926766
920.214 -345.655 0.925534
932.71 -355.309 1.20266
932.868 -355.176 1.19924
944.558 -366.83 1.53895
915.853 -340.799 0.763949
915.908 -340.778 0.762963
915.899 -340.54 0.756271
915.953 -340.521 0.755339
916.006 -340.501 0.754414
916.059 -340.482 0.753496
916.112 -340.462 0.752587
916.165 -340.443 0.751684
916.218 -340.423 0.750789
916.271 -340.404 0.749901
916.324 -340.384 0.74902
916.454 -340.577 0.753645
916.508 -340.557 0.752754
916.563 -340.537 0.75187
916.534 -340.301 0.745434
916.587 -340.281 0.744588
916.64 -340.262 0.743749
916.693 -340.242 0.742916
916.746 -340.223 0.74209
916.799 -340.203 0.741271
916.852 -340.184 0.740457
916.905 -340.164 0.73965
916.958 -340.145 0.73885
917.012 -340.125 0.738055
917.163 -340.316 0.742591
917.218 -340.296 0.741786
919.923 -345.752 0.878838
920.02 -345.72 0.877535
920.116 -345.688 0.876242
920.213 -345.655 0.874959
932.709 -355.31 1.09953
932.864 -355.175 1.09606
944.58 -366.859 1.37894
915.853 -340.799 0.734815
915.846 -340.56 0.728885
915.899 -340.54 0.72796
915.952 -340.521 0.72704
916.005 -340.501 0.726127
916.058 -340.481 0.72522
916.111 -340.462 0.724319
916.164 -340.442 0.723424
916.217 -340.423 0.722536
916.27 -340.403 0.721653
916.324 -340.384 0.720776
916.376 -340.364 0.719904
916.508 -340.557 0.723721
916.562 -340.537 0.722837
916.533 -340.301 0.717208
916.586 -340.281 0.716359
916.639 -340.262 0.715516
916.692 -340.242 0.714677
916.745 -340.223 0.713844
916.798 -340.203 0.713015
916.851 -340.183 0.712192
916.905 -340.164 0.711373
916.958 -340.144 0.710559
917.011 -340.125 0.70975
917.068 -340.113 0.709112
917.217 -340.296 0.712635
919.922 -345.752 0.828422
920.019 -345.72 0.827074
920.115 -345.688 0.825732
920.212 -345.655 0.824398
932.707 -355.311 0.996416
932.861 -355.174 0.992917
944.664 -367.439 1.23066
944.603 -366.887 1.21872
915.852 -340.799 0.705687
915.845 -340.56 0.700565
915.898 -340.54 0.699653
915.951 -340.52 0.698747
916.005 -340.501 0.697846
916.058 -340.481 0.696949
916.111 -340.462 0.696058
916.164 -340.442 0.695171
916.217 -340.423 0.694288
916.27 -340.403 0.69341
916.323 -340.384 0.692537
916.376 -340.364 0.691667
916.507 -340.557 0.694695
916.561 -340.537 0.69381
916.533 -340.3 0.688989
916.586 -340.281 0.688137
916.639 -340.261 0.687289
916.692 -340.242 0.686444
916.745 -340.222 0.685603
916.798 -340.203 0.684765
916.851 -340.183 0.683932
916.904 -340.164 0.683101
916.957 -340.144 0.682275
917.01 -340.125 0.681451
917.067 -340.113 0.680763
917.217 -340.296 0.683489
919.921 -345.752 0.778016
920.018 -345.72 0.776621
920.114 -345.687 0.775231
920.211 -345.655 0.773845
932.705 -355.312 0.89331
932.858 -355.174 0.889797
944.445 -367.198 1.0646
944.625 -366.916 1.05825
915.852 -340.799 0.676564
915.845 -340.559 0.672251
915.898 -340.54 0.671355
915.951 -340.52 0.670462
916.004 -340.501 0.669572
916.057 -340.481 0.668686
916.11 -340.461 0.667803
916.163 -340.442 0.666924
916.216 -340.422 0.666048
916.269 -340.403 0.665175
916.322 -340.383 0.664305
916.375 -340.364 0.663437
916.506 -340.557 0.665675
916.493 -340.357 0.662177
916.532 -340.3 0.660777
916.585 -340.281 0.659921
916.638 -340.261 0.659068
916.691 -340.242 0.658218
916.744 -340.222 0.657369
916.797 -340.203 0.656523
916.85 -340.183 0.655679
916.903 -340.164 0.654837
916.956 -340.144 0.653997
917.01 -340.124 0.653159
917.066 -340.112 0.652423
917.216 -340.295 0.654351
919.92 -345.752 0.72762
920.017 -345.72 0.726179
920.113 -345.687 0.72474
920.21 -345.655 0.723303
932.704 -355.313 0.790216
932.855 -355.173 0.786706
944.422 -367.176 0.903074
944.652 -366.95 0.89759
915.851 -340.799 0.647446
915.844 -340.559 0.643944
915.897 -340.539 0.643062
915.95 -340.52 0.642182
916.004 -340.5 0.641304
916.057 -340.481 0.640428
916.11 -340.461 0.639555
916.163 -340.442 0.638683
916.216 -340.422 0.637813
916.269 -340.403 0.636945
916.322 -340.383 0.636078
916.375 -340.364 0.635214
916.506 -340.557 0.636662
916.493 -340.357 0.633836
916.532 -340.3 0.632571
916.585 -340.28 0.631712
916.638 -340.261 0.630854
916.691 -340.241 0.629997
916.744 -340.222 0.629141
916.797 -340.202 0.628286
916.85 -340.183 0.627432
916.903 -340.163 0.626578
916.956 -340.144 0.625726
917.009 -340.124 0.624873
917.066 -340.112 0.624091
917.216 -340.295 0.62522
919.919 -345.752 0.677234
920.016 -345.72 0.675747
920.112 -345.687 0.674259
920.209 -345.655 0.672771
932.703 -355.314 0.687133
932.852 -355.172 0.683644
944.444 -367.205 0.74206
944.696 -367.004 0.736752
915.851 -340.799 0.618331
915.844 -340.559 0.61564
915.897 -340.539 0.614773
915.95 -340.52 0.613906
916.003 -340.5 0.61304
916.056 -340.481 0.612175
916.109 -340.461 0.611311
916.162 -340.441 0.610446
916.215 -340.422 0.60958
916.268 -340.402 0.60872
916.321 -340.383 0.607857
916.374 -340.363 0.606994
916.505 -340.556 0.607653
916.492 -340.357 0.605497
916.531 -340.3 0.604369
916.584 -340.28 0.603507
916.637 -340.261 0.602644
916.685 -340.23 0.601702
916.738 -340.21 0.600838
916.791 -340.19 0.599974
916.844 -340.17 0.599109
916.896 -340.15 0.598243
916.955 -340.144 0.597458
917.009 -340.124 0.596591
917.065 -340.111 0.595765
917.215 -340.295 0.596092
919.918 -345.752 0.626853
920.015 -345.719 0.625319
920.111 -345.687 0.623783
920.208 -345.655 0.622244
915.975 -337.196 0.575063
932.701 -355.315 0.584049
932.849 -355.171 0.580599
944.466 -367.234 0.580789
915.85 -340.798 0.589218
915.843 -340.559 0.58734
915.896 -340.539 0.586487
915.949 -340.519 0.585633
915.994 -340.473 0.584665
916.047 -340.453 0.583812
916.1 -340.434 0.582959
916.153 -340.414 0.582104
916.205 -340.394 0.581248
916.268 -340.402 0.580497
916.321 -340.383 0.579637
916.374 -340.363 0.578777
916.505 -340.556 0.578647
916.495 -340.366 0.577192
916.531 -340.3 0.57617
916.584 -340.28 0.575304
916.636 -340.261 0.574437
916.674 -340.203 0.573456
916.726 -340.183 0.572589
916.779 -340.163 0.571719
916.832 -340.144 0.570848
916.884 -340.124 0.569975
916.955 -340.143 0.569193
917.008 -340.124 0.568312
917.064 -340.111 0.567443
917.214 -340.295 0.566967
916.24 -338.146 0.562003
920.014 -345.719 0.574895
920.111 -345.687 0.57331
920.207 -345.655 0.57172
915.974 -337.195 0.557549
932.7 -355.316 0.480964
932.846 -355.17 0.477569
944.489 -367.263 0.419258
915.85 -340.798 0.560106
915.842 -340.558 0.559041
915.896 -340.539 0.558202
915.949 -340.519 0.557362
915.986 -340.446 0.556487
916.038 -340.426 0.555648
916.091 -340.406 0.554808
916.143 -340.387 0.553965
916.196 -340.367 0.55312
916.267 -340.402 0.552276
916.32 -340.383 0.55142
916.373 -340.363 0.550562
916.504 -340.556 0.549643
916.504 -340.391 0.548811
916.53 -340.299 0.547972
916.583 -340.28 0.547103
916.636 -340.26 0.546231
916.667 -340.187 0.545402
916.719 -340.167 0.54453
916.772 -340.148 0.543655
916.825 -340.129 0.542776
916.877 -340.109 0.541894
916.954 -340.143 0.540931
917.007 -340.124 0.540035
917.064 -340.11 0.539125
917.214 -340.295 0.537845
916.239 -338.144 0.541117
920.013 -345.719 0.524473
920.11 -345.687 0.522839
920.206 -345.654 0.521198
915.974 -337.194 0.540045
932.698 -355.317 0.377873
932.844 -355.171 0.374538
939.596 -362.624 0.309574
944.511 -367.293 0.257459
944.834 -366.217 0.245125
944.854 -365.773 0.241907
944.879 -365.341 0.23866
945.008 -365.022 0.234384
945.16 -364.728 0.229876
936.815 -355.94 0.312913
938.075 -356.861 0.297673
931.391 -350.026 0.365532
915.849 -340.798 0.530996
915.842 -340.558 0.530744
915.895 -340.539 0.529921
915.948 -340.519 0.529094
915.984 -340.443 0.528434
916.037 -340.424 0.527606
916.09 -340.405 0.526774
916.142 -340.385 0.525939
916.195 -340.366 0.525101
916.267 -340.402 0.524058
916.32 -340.382 0.523205
916.373 -340.363 0.522349
916.504 -340.556 0.520641
916.512 -340.413 0.520255
916.529 -340.299 0.519777
916.582 -340.28 0.518905
916.635 -340.26 0.518028
916.666 -340.186 0.517397
916.719 -340.167 0.516518
916.771 -340.148 0.515634
916.824 -340.128 0.514745
916.877 -340.109 0.513852
916.954 -340.143 0.51267
917.007 -340.123 0.511761
917.063 -340.11 0.510811
917.213 -340.294 0.508725
916.239 -338.145 0.520229
920.012 -345.719 0.474053
920.109 -345.687 0.472371
920.205 -345.654 0.470678
915.973 -337.192 0.522551
937.973 -365.533 0.211548
937.743 -364.755 0.213255
937.702 -364.242 0.212328
937.417 -363.422 0.214884
937.54 -363.14 0.211676
937.772 -362.998 0.206897
937.255 -361.931 0.212834
937.444 -361.748 0.20868
938.377 -362.459 0.193743
932.697 -355.318 0.274778
932.843 -355.172 0.271501
939.235 -362.212 0.176711
939.49 -362.09 0.171424
939.703 -361.919 0.166734
939.953 -361.788 0.161482
944.462 -366.288 0.0927889
944.472 -365.833 0.0908125
944.524 -365.428 0.088215
944.648 -365.103 0.0845386
944.813 -364.825 0.0802133
936.166 -355.61 0.209672
936.094 -355.221 0.20945
936.191 -355.005 0.206659
931.392 -350.029 0.27904
931.458 -349.853 0.276983
915.849 -340.798 0.501887
915.841 -340.558 0.50245
915.895 -340.538 0.501641
915.948 -340.519 0.500827
915.984 -340.443 0.500383
916.037 -340.424 0.499566
916.089 -340.404 0.498744
916.142 -340.385 0.497916
916.195 -340.366 0.497084
916.266 -340.402 0.495842
916.319 -340.382 0.494993
916.372 -340.363 0.494138
916.503 -340.555 0.491642
916.521 -340.437 0.491522
916.529 -340.299 0.491584
916.582 -340.279 0.490709
916.635 -340.26 0.489827
916.666 -340.186 0.489394
916.718 -340.167 0.488508
916.771 -340.148 0.487615
916.824 -340.128 0.486716
916.876 -340.109 0.485811
916.953 -340.143 0.484412
917.006 -340.123 0.483488
917.062 -340.11 0.482501
917.212 -340.294 0.479607
919.915 -345.751 0.425354
920.011 -345.719 0.423636
920.108 -345.687 0.421905
920.204 -345.654 0.420161
915.972 -337.191 0.505066
936.624 -364.641 0.0960652
936.819 -364.443 0.0920543
936.045 -362.942 0.107234
936.341 -362.898 0.101181
936.727 -362.97 0.0933143
936.83 -362.67 0.0910371
934.319 -359.049 0.140706
934.428 -358.812 0.138281
934.386 -358.391 0.138856
935.874 -359.84 0.108942
937.395 -361.283 0.0783289
932.695 -355.319 0.171677
932.841 -355.173 0.16846
938.454 -361.317 0.056035
938.62 -361.106 0.0522832
938.715 -360.817 0.0499276
938.868 -360.594 0.0463865
939.171 -360.536 0.0398257
939.935 -360.969 0.0239747
940.211 -360.869 0.0178764
937.054 -357.186 0.0807814
936.491 -356.269 0.0915827
935.839 -355.281 0.10421
935.853 -354.983 0.103397
935.924 -354.744 0.101431
931.393 -350.033 0.192516
931.457 -349.854 0.19078
936.231 -354.133 0.0934814
915.849 -340.798 0.472778
915.841 -340.558 0.474157
915.894 -340.538 0.473363
915.947 -340.519 0.472562
915.983 -340.443 0.472335
916.036 -340.424 0.471527
916.089 -340.404 0.470714
916.141 -340.385 0.469894
916.194 -340.365 0.469068
916.266 -340.401 0.467626
916.319 -340.382 0.466781
916.372 -340.362 0.465929
916.503 -340.555 0.462644
916.529 -340.461 0.462615
916.528 -340.299 0.463393
916.581 -340.279 0.462514
916.634 -340.26 0.461627
916.665 -340.186 0.461393
916.718 -340.167 0.460498
916.77 -340.147 0.459597
916.823 -340.128 0.458688
916.876 -340.109 0.457771
916.952 -340.143 0.456155
917.006 -340.123 0.455216
917.061 -340.109 0.454193
917.212 -340.294 0.45049
919.914 -345.751 0.374982
920.01 -345.719 0.373218
920.107 -345.687 0.371439
920.203 -345.654 0.369643
915.971 -337.19 0.487589
936.24 -364.578 -0.0325115
935.327 -362.847 -0.00776943
935.444 -362.567 -0.00965183
935.629 -362.385 -0.013359
933.521 -359.158 0.0417276
933.671 -358.974 0.0387635
933.9 -358.893 0.0337666
934.041 -358.7 0.0309577
934.065 -358.36 0.0311218
934.207 -358.173 0.0282319
934.42 -358.071 0.0235361
934.772 -358.138 0.0152419
932.694 -355.32 0.0685672
932.84 -355.174 0.0654092
938.022 -360.823 -0.0651606
938.238 -360.676 -0.070027
938.315 -360.372 -0.0714012
938.482 -360.172 -0.0750801
938.822 -360.16 -0.0831654
933.598 -354.175 0.0488923
934.184 -354.497 0.0344769
934.355 -354.374 0.0304862
934.605 -354.33 0.0245106
934.929 -354.36 0.0166323
935.452 -354.584 0.00371082
935.66 -354.487 -0.00129108
931.395 -350.036 0.105956
931.455 -349.854 0.104572
935.957 -353.875 -0.00825428
935.822 -353.456 -0.0047646
915.848 -340.798 0.443669
915.841 -340.557 0.445865
915.894 -340.538 0.445085
915.947 -340.518 0.444297
915.983 -340.443 0.444286
916.036 -340.423 0.443489
916.088 -340.404 0.442685
916.141 -340.385 0.441873
916.194 -340.365 0.441053
916.265 -340.401 0.439412
916.318 -340.382 0.43857
916.371 -340.362 0.43772
916.502 -340.555 0.433646
916.537 -340.482 0.43356
916.528 -340.298 0.435201
916.581 -340.279 0.434319
916.634 -340.26 0.433428
916.665 -340.186 0.433391
916.717 -340.167 0.43249
916.77 -340.147 0.431579
916.822 -340.128 0.43066
916.875 -340.108 0.429732
916.952 -340.142 0.427899
917.005 -340.123 0.426946
917.061 -340.109 0.425888
917.211 -340.294 0.421374
919.913 -345.751 0.32461
920.009 -345.719 0.3228
920.106 -345.686 0.320972
920.202 -345.654 0.319125
915.97 -337.189 0.470121
937.087 -367.284 -0.204324
936.152 -365.415 -0.171389
934.377 -362.396 -0.111888
934.932 -362.74 -0.12715
932.626 -359.103 -0.0515357
932.771 -358.918 -0.0540682
933.077 -358.95 -0.0617178
933.252 -358.804 -0.065255
933.425 -358.655 -0.0687656
932.955 -357.677 -0.0522074
933.027 -357.414 -0.0527258
933.366 -357.488 -0.0615691
934.083 -358.022 -0.0821218
934.311 -357.942 -0.087518
934.584 -357.915 -0.0943221
932.693 -355.321 -0.0345533
932.839 -355.175 -0.037652
934.084 -356.294 -0.0744494
932.968 -354.698 -0.0389722
933.057 -354.492 -0.0404525
933.182 -354.327 -0.043053
933.251 -354.101 -0.043974
933.484 -354.054 -0.0498986
933.694 -353.98 -0.0551661
934.054 -354.062 -0.0649982
934.318 -354.038 -0.071937
934.531 -353.959 -0.0773504
934.744 -353.878 -0.0827909
934.899 -353.738 -0.0864994
931.397 -350.04 0.0193451
931.454 -349.855 0.0183605
935.231 -353.192 -0.0939064
935.397 -353.062 -0.0980663
935.49 -352.865 -0.100094
926.599 -390.809 -0.384788
926.863 -390.106 -0.380781
927.183 -389.677 -0.381181
927.326 -388.546 -0.369961
927.775 -388.687 -0.379734
928.138 -388.48 -0.383793
928.433 -388.029 -0.383754
915.849 -340.801 0.414497
915.84 -340.557 0.417572
915.893 -340.538 0.416807
915.946 -340.518 0.416033
915.982 -340.442 0.416238
916.035 -340.423 0.415451
916.088 -340.404 0.414656
916.14 -340.384 0.413851
916.193 -340.365 0.413038
916.265 -340.401 0.411197
916.318 -340.381 0.410359
916.37 -340.362 0.409511
916.505 -340.563 0.404484
916.559 -340.544 0.403585
916.527 -340.298 0.40701
916.58 -340.279 0.406124
916.633 -340.259 0.405229
916.664 -340.186 0.40539
916.717 -340.166 0.404481
916.769 -340.147 0.403562
916.822 -340.128 0.402633
916.875 -340.108 0.401693
916.951 -340.142 0.399642
917.004 -340.123 0.398675
917.06 -340.108 0.397584
917.217 -340.307 0.391976
919.912 -345.751 0.274236
920.008 -345.719 0.27238
920.105 -345.686 0.270503
920.201 -345.654 0.268605
937.865 -379.531 -0.484779
915.969 -337.188 0.452662
938.395 -378.964 -0.491519
938.701 -378.762 -0.496754
938.993 -378.534 -0.501469
938.988 -377.78 -0.493997
939.339 -377.667 -0.501348
939.778 -377.704 -0.512355
940.222 -377.742 -0.523542
940.216 -377.024 -0.51666
940.785 -377.265 -0.532955
941.963 -378.474 -0.573339
942.294 -378.295 -0.579966
942.586 -378.055 -0.585152
935.582 -366.575 -0.305448
935.297 -365.631 -0.289829
933.79 -362.883 -0.227238
933.802 -362.451 -0.223799
933.682 -361.836 -0.215448
932.372 -359.534 -0.161903
932.361 -359.125 -0.158188
932.324 -358.687 -0.153584
932.55 -358.618 -0.158977
932.76 -358.526 -0.16382
932.926 -358.375 -0.167041
932.881 -357.947 -0.162463
932.84 -357.532 -0.158128
932.84 -357.178 -0.155408
933.068 -357.116 -0.161146
933.481 -357.282 -0.173682
934.186 -357.793 -0.196799
934.357 -357.645 -0.200434
932.691 -355.322 -0.137686
932.837 -355.176 -0.140726
932.772 -354.787 -0.136217
932.821 -354.535 -0.135889
932.924 -354.345 -0.137516
933.067 -354.202 -0.140648
933.166 -354.011 -0.142232
933.37 -353.934 -0.147573
933.529 -353.808 -0.151359
933.828 -353.829 -0.160139
934.091 -353.807 -0.167617
934.301 -353.728 -0.173277
934.475 -353.611 -0.177696
934.611 -353.457 -0.180822
931.399 -350.044 -0.0673198
931.452 -349.855 -0.0678596
934.951 -352.928 -0.188034
934.893 -352.594 -0.184577
934.688 -352.13 -0.176129
934.731 -351.899 -0.176281
920.094 -392.33 -0.508899
920.451 -391.776 -0.505339
920.8 -391.221 -0.50174
921.14 -390.645 -0.497732
921.492 -390.212 -0.496307
921.852 -389.873 -0.496586
921.97 -387.955 -0.467728
922.256 -387.27 -0.461419
922.543 -386.641 -0.456096
922.831 -386.071 -0.451827
923.13 -385.6 -0.449379
923.441 -385.226 -0.448747
923.766 -384.941 -0.449832
924.087 -384.66 -0.450994
924.406 -384.379 -0.452196
924.722 -384.099 -0.453433
925.036 -383.821 -0.45471
925.346 -383.543 -0.456022
925.653 -383.261 -0.457269
925.936 -382.895 -0.456836
926.177 -382.375 -0.453301
926.474 -382.099 -0.454669
926.77 -381.83 -0.456202
915.856 -340.83 0.384788
915.84 -340.557 0.389279
915.893 -340.537 0.388528
915.946 -340.518 0.387767
915.982 -340.442 0.388189
916.035 -340.423 0.387413
916.087 -340.403 0.386626
916.14 -340.384 0.385829
916.192 -340.365 0.385022
916.264 -340.401 0.382982
916.317 -340.381 0.382147
916.37 -340.362 0.381301
916.514 -340.591 0.374833
916.569 -340.571 0.373929
916.527 -340.298 0.378818
916.58 -340.279 0.377929
916.633 -340.259 0.377029
916.663 -340.185 0.377388
916.716 -340.166 0.376472
916.769 -340.147 0.375544
916.821 -340.127 0.374604
916.874 -340.108 0.373653
916.951 -340.142 0.371385
917.004 -340.122 0.370403
917.059 -340.108 0.369282
917.229 -340.333 0.362141
919.911 -345.751 0.223859
915.836 -337.235 0.437821
915.864 -337.212 0.437459
920.201 -345.654 0.218082
934.86 -373.737 -0.517505
915.968 -337.187 0.435209
935.285 -373.165 -0.520641
935.742 -373.336 -0.534429
936.124 -373.36 -0.544482
936.567 -373.486 -0.557456
936.985 -373.559 -0.569164
937.304 -373.456 -0.576155
937.665 -373.421 -0.585164
937.914 -373.195 -0.588925
938.108 -372.881 -0.590205
938.286 -372.546 -0.590875
938.4 -372.113 -0.588682
935.312 -366.678 -0.440139
932.362 -361.616 -0.299872
932.256 -361.019 -0.289924
931.635 -359.666 -0.257084
931.637 -359.266 -0.252495
931.734 -359.014 -0.252314
931.906 -358.871 -0.255517
932.031 -358.663 -0.256676
932.228 -358.556 -0.261058
932.406 -358.424 -0.26466
932.581 -358.287 -0.268177
932.679 -358.049 -0.268459
932.733 -357.756 -0.266899
932.617 -357.247 -0.258143
932.527 -356.784 -0.250698
932.577 -356.504 -0.249277
932.503 -356.076 -0.242739
932.559 -355.814 -0.241767
932.744 -355.71 -0.246252
932.69 -355.323 -0.240835
932.58 -354.878 -0.233227
932.537 -354.518 -0.228471
932.638 -354.329 -0.229779
932.779 -354.185 -0.232724
932.956 -354.082 -0.237228
933.082 -353.922 -0.239673
933.252 -353.81 -0.243933
933.428 -353.705 -0.24852
933.687 -353.684 -0.256437
933.917 -353.631 -0.263215
934.071 -353.497 -0.266957
934.225 -353.364 -0.270739
934.341 -353.192 -0.273041
931.402 -350.049 -0.154052
931.45 -349.855 -0.154088
934.363 -352.375 -0.267371
934.449 -352.182 -0.268685
934.48 -351.94 -0.267912
932.188 -349.593 -0.176055
932.165 -349.338 -0.173494
903.03 -391.649 -0.518143
903.5 -391.379 -0.516008
903.912 -391.436 -0.519904
904.353 -391.306 -0.520459
904.801 -391.109 -0.519863
905.22 -391.088 -0.522574
905.631 -391.117 -0.526292
906.059 -391.013 -0.52762
907.417 -383.329 -0.388154
906.918 -390.726 -0.529033
907.334 -390.667 -0.531431
908.642 -381.828 -0.369127
909.128 -380.345 -0.34429
909.455 -380.439 -0.349151
909.77 -380.687 -0.35699
910.088 -380.931 -0.364873
910.403 -381.275 -0.374763
910.731 -381.484 -0.382193
911.053 -381.836 -0.392472
911.026 -389.956 -0.552891
911.435 -389.72 -0.55259
911.892 -387.866 -0.520849
912.287 -387.446 -0.516929
912.684 -386.611 -0.504902
913.059 -386.664 -0.510305
913.433 -387.301 -0.527335
913.81 -386.391 -0.513832
914.184 -386.344 -0.517489
914.562 -386.59 -0.527075
914.949 -387.013 -0.540353
915.351 -387.776 -0.560662
915.741 -387.921 -0.568668
916.138 -388.157 -0.578613
916.53 -388.258 -0.585955
916.882 -387.629 -0.578347
917.221 -386.953 -0.569741
917.593 -386.839 -0.572762
917.948 -386.527 -0.571729
918.326 -386.534 -0.57741
918.701 -386.502 -0.582367
919.051 -386.212 -0.581927
919.402 -385.972 -0.582588
919.748 -385.712 -0.582872
920.106 -385.577 -0.585855
920.45 -385.341 -0.586728
920.75 -384.805 -0.581111
919.993 -376.962 -0.415552
920.157 -375.96 -0.398754
920.468 -375.977 -0.404327
921.926 -382.924 -0.564127
922.233 -382.615 -0.56343
922.523 -382.237 -0.561184
922.783 -381.717 -0.555757
923.039 -381.209 -0.550536
923.309 -380.807 -0.547707
923.601 -380.532 -0.547791
923.855 -380.093 -0.544095
924.082 -379.557 -0.538119
924.311 -379.064 -0.533069
924.509 -378.461 -0.525412
924.66 -377.701 -0.513954
924.801 -376.942 -0.502372
924.97 -376.328 -0.49415
925.167 -375.849 -0.489123
915.878 -340.91 0.353605
915.93 -340.878 0.353131
915.892 -340.537 0.360248
915.945 -340.518 0.3595
915.985 -340.455 0.359822
916.038 -340.436 0.35905
916.091 -340.416 0.358265
916.144 -340.397 0.357467
916.196 -340.378 0.356658
916.264 -340.401 0.354765
916.316 -340.381 0.353934
916.482 -340.674 0.344913
916.537 -340.654 0.344022
916.592 -340.634 0.343118
916.647 -340.614 0.342201
916.579 -340.278 0.349732
916.632 -340.259 0.348827
916.673 -340.21 0.34872
916.726 -340.191 0.347783
916.779 -340.172 0.346832
916.832 -340.153 0.345869
916.885 -340.133 0.344891
916.95 -340.142 0.343126
917.003 -340.122 0.34213
917.2 -340.41 0.332299
917.255 -340.39 0.331232
919.91 -345.751 0.173478
920.006 -345.718 0.17153
915.868 -337.222 0.419776
920.2 -345.654 0.167555
932.946 -370.046 -0.56784
915.967 -337.186 0.417764
933.537 -369.909 -0.58138
933.741 -369.668 -0.583034
933.941 -369.423 -0.584549
934.129 -369.162 -0.585565
934.308 -368.886 -0.586137
934.493 -368.627 -0.587234
934.627 -368.285 -0.585655
934.787 -367.992 -0.58565
934.969 -367.739 -0.586944
935.128 -367.453 -0.587142
934.346 -365.674 -0.537903
933.577 -363.968 -0.490221
931.753 -360.681 -0.388512
930.963 -359.06 -0.341586
931.166 -358.969 -0.346234
931.351 -358.849 -0.349955
931.562 -358.767 -0.355084
931.703 -358.585 -0.356718
931.917 -358.506 -0.362052
932.127 -358.42 -0.367205
932.28 -358.256 -0.369617
932.447 -358.11 -0.372732
932.549 -357.88 -0.372757
932.597 -357.58 -0.370213
932.287 -356.824 -0.350482
932.302 -356.5 -0.346704
932.285 -356.141 -0.341476
932.28 -355.803 -0.336948
932.336 -355.545 -0.335452
932.028 -354.853 -0.316842
931.9 -354.39 -0.306927
931.973 -354.172 -0.306593
932.138 -354.061 -0.310613
932.328 -353.979 -0.315838
932.541 -353.921 -0.322155
932.771 -353.881 -0.32931
932.965 -353.797 -0.334755
933.119 -353.67 -0.338452
932.68 -352.915 -0.315183
932.963 -352.93 -0.324886
932.902 -352.588 -0.319043
933.2 -352.615 -0.329491
933.443 -352.583 -0.33745
933.565 -352.429 -0.340031
931.414 -350.062 -0.241224
931.45 -349.857 -0.240373
934.131 -352.158 -0.356854
934.272 -352.019 -0.360373
931.926 -349.592 -0.254383
931.952 -349.381 -0.25327
932.01 -349.202 -0.253643
932.086 -349.039 -0.254819
903.628 -384.192 -0.561002
903.98 -384.298 -0.565348
904.312 -384.516 -0.572216
904.71 -384.369 -0.571229
905.211 -383.585 -0.556428
905.608 -383.378 -0.554262
905.992 -383.228 -0.553403
906.362 -383.16 -0.554391
906.729 -383.096 -0.555555
907.104 -382.962 -0.55526
907.481 -382.79 -0.554172
907.942 -381.874 -0.53667
908.426 -380.617 -0.511562
908.882 -379.447 -0.488329
909.285 -378.672 -0.473853
909.659 -378.092 -0.463734
910.017 -377.6 -0.455566
910.339 -377.495 -0.456143
910.68 -377.09 -0.450016
911.005 -376.855 -0.447729
911.322 -376.689 -0.447061
911.642 -376.406 -0.443787
911.951 -376.308 -0.444768
912.263 -376.068 -0.442557
912.568 -375.96 -0.443414
912.873 -375.759 -0.44217
913.175 -375.631 -0.442667
913.475 -375.453 -0.442049
913.772 -375.311 -0.442294
914.068 -375.148 -0.442126
914.361 -374.998 -0.442292
914.652 -374.848 -0.44252
914.941 -374.699 -0.442811
915.229 -374.551 -0.443163
915.514 -374.402 -0.443538
915.791 -374.118 -0.44072
916.044 -373.51 -0.430122
916.295 -372.99 -0.421604
916.555 -372.677 -0.418072
916.82 -372.496 -0.417788
917.094 -372.426 -0.420233
917.36 -372.289 -0.421118
917.63 -372.203 -0.42329
917.897 -372.102 -0.425146
918.164 -372.007 -0.427196
918.431 -371.92 -0.429515
918.695 -371.815 -0.431409
918.959 -371.718 -0.433575
919.223 -371.622 -0.435824
919.486 -371.528 -0.438166
919.764 -371.535 -0.443156
920.082 -371.783 -0.454437
920.812 -374.388 -0.526927
921.096 -374.301 -0.53009
921.33 -373.953 -0.526489
921.469 -373.13 -0.51036
921.686 -372.757 -0.506009
921.905 -372.413 -0.502388
922.144 -372.179 -0.50171
922.733 -373.528 -0.543584
922.974 -373.275 -0.542658
923.187 -372.915 -0.538865
923.397 -372.562 -0.535222
923.574 -372.094 -0.528408
923.747 -371.637 -0.521847
923.898 -371.116 -0.51345
915.877 -340.91 0.324081
915.929 -340.878 0.32367
915.892 -340.537 0.331966
915.945 -340.517 0.331231
915.993 -340.482 0.330943
916.046 -340.463 0.330177
916.099 -340.443 0.329398
916.152 -340.424 0.328605
916.205 -340.405 0.327798
916.263 -340.4 0.326546
916.316 -340.381 0.325718
916.481 -340.674 0.315538
916.537 -340.654 0.314648
916.592 -340.634 0.313743
916.647 -340.613 0.312825
916.579 -340.278 0.321534
916.631 -340.259 0.320624
916.683 -340.236 0.319803
916.736 -340.217 0.318853
916.789 -340.198 0.317889
916.842 -340.179 0.31691
916.896 -340.159 0.315915
916.95 -340.142 0.314866
917.003 -340.122 0.313855
917.199 -340.41 0.302823
917.255 -340.39 0.301739
919.909 -345.751 0.123091
915.823 -337.209 0.403856
915.856 -337.198 0.403159
915.889 -337.187 0.402447
915.923 -337.176 0.401725
915.956 -337.165 0.400993
931.636 -366.364 -0.606421
931.853 -366.207 -0.609651
932.072 -366.053 -0.613006
932.346 -365.999 -0.619982
932.606 -365.916 -0.626015
932.55 -365.289 -0.612666
932.714 -365.051 -0.613138
932.905 -364.861 -0.615355
932.955 -364.44 -0.609155
932.999 -364.02 -0.602858
932.662 -363.002 -0.574239
931.581 -360.848 -0.502488
930.63 -358.955 -0.439433
930.514 -358.382 -0.425713
930.608 -358.136 -0.424342
930.716 -357.916 -0.423933
930.808 -357.677 -0.422746
931.21 -357.882 -0.439087
931.56 -358.006 -0.452439
931.876 -358.074 -0.463808
932.093 -358.003 -0.469706
932.243 -357.838 -0.471888
932.413 -357.702 -0.475253
932.322 -357.223 -0.464471
932.126 -356.62 -0.448267
932.143 -356.301 -0.443724
931.132 -354.698 -0.384347
931.421 -354.743 -0.394848
931.525 -354.56 -0.395587
931.613 -354.357 -0.395468
931.733 -354.196 -0.397184
931.863 -354.046 -0.399418
932.007 -353.913 -0.402469
932.13 -353.757 -0.404491
932.284 -353.636 -0.40816
932.499 -353.583 -0.41502
932.162 -352.925 -0.393669
932.357 -352.854 -0.399648
932.487 -352.713 -0.402377
932.607 -352.561 -0.404614
932.78 -352.465 -0.409618
932.947 -352.361 -0.414324
933.162 -352.305 -0.421443
933.334 -352.203 -0.426437
933.483 -352.078 -0.430331
931.487 -349.894 -0.32852
933.747 -351.796 -0.436617
931.673 -349.596 -0.331792
931.71 -349.396 -0.330772
931.792 -349.239 -0.331994
931.886 -349.093 -0.333838
931.97 -348.939 -0.335243
932.067 -348.797 -0.337349
904.265 -382.768 -0.709886
904.632 -382.731 -0.710804
905.017 -382.588 -0.709103
905.393 -382.476 -0.708279
905.758 -382.416 -0.708847
906.123 -382.355 -0.709494
906.485 -382.295 -0.71022
906.846 -382.234 -0.711025
907.206 -382.169 -0.7118
907.602 -381.797 -0.704808
908.067 -380.775 -0.681152
908.548 -379.473 -0.650276
908.984 -378.428 -0.625976
909.379 -377.663 -0.608853
909.758 -376.945 -0.592948
910.091 -376.657 -0.588209
910.414 -376.465 -0.586016
910.733 -376.276 -0.583951
911.049 -376.087 -0.581941
911.361 -375.915 -0.580413
911.671 -375.731 -0.57864
911.979 -375.548 -0.576949
912.283 -375.403 -0.576294
912.584 -375.24 -0.575246
912.884 -375.091 -0.574603
913.181 -374.942 -0.574034
913.476 -374.794 -0.573537
913.768 -374.645 -0.573051
914.059 -374.498 -0.572694
914.348 -374.353 -0.572413
914.635 -374.207 -0.572203
914.92 -374.063 -0.572063
915.201 -373.875 -0.570803
915.462 -373.289 -0.558659
915.724 -372.87 -0.551087
915.984 -372.519 -0.545366
916.242 -372.205 -0.540709
916.502 -371.986 -0.538675
916.762 -371.784 -0.537161
917.018 -371.578 -0.535577
917.27 -371.355 -0.533541
917.523 -371.163 -0.532417
917.772 -370.968 -0.531235
918.016 -370.739 -0.529114
918.25 -370.459 -0.525565
918.493 -370.266 -0.524535
918.735 -370.092 -0.524067
918.897 -369.367 -0.507694
919.077 -368.834 -0.496821
919.261 -368.366 -0.487764
919.52 -368.392 -0.493159
919.884 -369.015 -0.516237
920.246 -369.578 -0.537754
920.466 -369.337 -0.535639
920.678 -369.065 -0.532603
920.79 -368.312 -0.515139
921.034 -368.244 -0.51818
921.145 -367.558 -0.502595
921.204 -366.684 -0.481139
921.36 -366.28 -0.473881
921.655 -366.484 -0.485281
922.159 -367.522 -0.52262
922.412 -367.502 -0.527486
922.589 -367.19 -0.523326
922.775 -366.926 -0.520648
915.877 -340.91 0.294553
915.929 -340.877 0.294205
915.984 -340.857 0.293469
915.944 -340.517 0.302959
915.998 -340.498 0.302223
916.051 -340.478 0.301473
916.104 -340.459 0.300708
916.157 -340.439 0.299928
916.21 -340.42 0.299133
916.263 -340.4 0.298324
916.426 -340.694 0.287034
916.481 -340.674 0.28616
916.536 -340.654 0.285271
916.591 -340.633 0.284366
916.646 -340.613 0.283445
916.701 -340.593 0.282508
916.631 -340.258 0.292417
916.684 -340.239 0.291487
916.737 -340.219 0.290542
916.79 -340.2 0.28958
916.843 -340.18 0.288603
916.896 -340.161 0.287611
916.949 -340.141 0.286602
917.143 -340.43 0.274429
917.199 -340.41 0.273344
917.254 -340.389 0.272242
919.908 -345.75 0.0726969
915.822 -337.208 0.386569
915.855 -337.197 0.38585
915.888 -337.186 0.38512
915.922 -337.175 0.384379
915.955 -337.164 0.383627
930.219 -363.723 -0.638116
930.396 -363.536 -0.639327
930.567 -363.339 -0.640186
930.776 -363.214 -0.64389
931.003 -363.119 -0.648824
930.954 -362.549 -0.634952
931.075 -362.281 -0.633005
931.216 -362.052 -0.632565
931.34 -361.797 -0.631098
931.376 -361.404 -0.623951
930.92 -360.237 -0.584688
930.387 -358.982 -0.541138
930.182 -358.267 -0.519626
930.161 -357.85 -0.510362
930.055 -357.313 -0.495864
930.16 -357.101 -0.495094
930.34 -357 -0.499145
930.466 -356.822 -0.499869
930.698 -356.795 -0.507261
930.866 -356.676 -0.510708
931.041 -356.567 -0.514627
931.292 -356.559 -0.523215
931.546 -356.553 -0.532003
930.322 -354.607 -0.451846
930.547 -354.585 -0.459403
930.731 -354.507 -0.464523
930.893 -354.401 -0.468371
931.025 -354.257 -0.470504
931.168 -354.127 -0.473326
931.484 -354.205 -0.486262
931.62 -354.064 -0.488765
931.753 -353.92 -0.491138
931.842 -353.726 -0.491035
931.866 -353.46 -0.487306
931.638 -352.916 -0.469442
931.722 -352.727 -0.469393
931.902 -352.645 -0.474876
932.14 -352.624 -0.483594
932.349 -352.569 -0.490698
932.505 -352.458 -0.494906
932.665 -352.348 -0.499316
932.849 -352.263 -0.505129
933.022 -352.166 -0.510373
933.183 -352.057 -0.515033
933.271 -351.874 -0.515698
933.342 -351.677 -0.515542
931.444 -349.618 -0.409214
931.44 -349.38 -0.405555
931.538 -349.239 -0.407465
931.671 -349.13 -0.411252
931.764 -348.986 -0.413017
931.862 -348.845 -0.415056
931.959 -348.705 -0.417084
932.046 -348.556 -0.418646
904.834 -381.604 -0.855706
905.188 -381.59 -0.856971
905.547 -381.538 -0.857238
905.905 -381.482 -0.857488
906.262 -381.421 -0.857658
906.618 -381.361 -0.857968
906.971 -381.306 -0.858523
907.326 -381.231 -0.858575
907.681 -381.136 -0.858129
908.181 -379.775 -0.820834
908.658 -378.447 -0.784444
909.079 -377.482 -0.758613
909.462 -376.765 -0.740072
909.807 -376.366 -0.730897
910.128 -376.177 -0.727941
910.447 -375.991 -0.72511
910.762 -375.805 -0.722379
911.075 -375.621 -0.719753
911.385 -375.439 -0.717231
911.691 -375.257 -0.71481
911.995 -375.078 -0.712512
912.297 -374.899 -0.71027
912.595 -374.726 -0.708269
912.891 -374.548 -0.70616
913.185 -374.38 -0.704435
913.476 -374.201 -0.702437
913.765 -374.041 -0.701052
914.051 -373.899 -0.700296
914.336 -373.737 -0.698967
914.617 -373.556 -0.697095
914.889 -373.138 -0.68803
915.154 -372.689 -0.677999
915.412 -372.212 -0.667122
915.666 -371.798 -0.658162
915.927 -371.588 -0.655584
916.186 -371.394 -0.653493
916.442 -371.19 -0.651164
916.696 -370.988 -0.648928
916.947 -370.787 -0.646775
917.19 -370.526 -0.642754
917.419 -370.155 -0.635269
917.644 -369.795 -0.628142
917.864 -369.439 -0.62111
918.063 -368.941 -0.609532
918.252 -368.418 -0.597115
918.429 -367.861 -0.583545
918.605 -367.345 -0.571278
918.715 -366.439 -0.546212
918.928 -366.268 -0.545053
919.21 -366.519 -0.5578
919.571 -367.21 -0.585208
919.854 -367.404 -0.596408
920.072 -367.238 -0.595796
920.215 -366.688 -0.582349
920.304 -365.909 -0.561149
920.191 -364.21 -0.508791
920.257 -363.45 -0.487832
920.322 -362.735 -0.468221
920.485 -362.49 -0.464536
920.726 -362.581 -0.47237
921.018 -362.874 -0.487288
921.44 -363.662 -0.519574
921.647 -363.574 -0.521665
921.839 -363.431 -0.521887
915.876 -340.909 0.265021
915.928 -340.877 0.264737
915.977 -340.833 0.264852
915.944 -340.517 0.274684
915.997 -340.497 0.27396
916.05 -340.478 0.273219
916.103 -340.458 0.272463
916.156 -340.439 0.271691
916.209 -340.419 0.270903
916.262 -340.4 0.270099
916.416 -340.669 0.258571
916.471 -340.649 0.257714
916.526 -340.628 0.25684
916.581 -340.608 0.255949
916.636 -340.587 0.255042
916.69 -340.567 0.254118
916.632 -340.261 0.264085
916.685 -340.242 0.263133
916.738 -340.223 0.262164
916.791 -340.204 0.261177
916.844 -340.185 0.260173
916.898 -340.166 0.25915
916.951 -340.147 0.258109
917.129 -340.401 0.24612
917.184 -340.38 0.245042
917.239 -340.359 0.243947
919.907 -345.75 0.0222952
915.821 -337.207 0.369281
915.854 -337.196 0.368545
915.888 -337.185 0.367796
915.921 -337.174 0.367036
915.954 -337.163 0.366264
929.07 -361.581 -0.670027
929.476 -361.851 -0.689843
929.719 -361.812 -0.696699
929.936 -361.725 -0.701566
930.039 -361.437 -0.697779
930.043 -360.986 -0.686784
930.012 -360.486 -0.673464
929.873 -359.817 -0.652478
929.898 -359.434 -0.644029
929.949 -359.102 -0.637756
929.776 -358.422 -0.615558
929.779 -358.034 -0.606415
929.828 -357.725 -0.600815
929.711 -357.169 -0.583695
929.779 -356.904 -0.579871
928.992 -355.383 -0.516769
928.655 -354.558 -0.485761
928.7 -354.299 -0.48147
928.387 -353.542 -0.452988
928.616 -353.556 -0.461653
929.037 -353.828 -0.483126
929.239 -353.794 -0.489854
929.645 -354.031 -0.510133
929.939 -354.108 -0.522786
930.277 -354.239 -0.538362
930.577 -354.314 -0.551283
930.731 -354.2 -0.554729
930.865 -354.061 -0.556942
931.033 -353.964 -0.561363
931.29 -353.974 -0.571557
931.511 -353.937 -0.579388
931.592 -353.734 -0.578442
931.572 -353.418 -0.571306
931.367 -352.896 -0.552763
931.419 -352.673 -0.55042
931.526 -352.513 -0.551597
931.688 -352.415 -0.556206
931.949 -352.421 -0.566898
932.205 -352.419 -0.57728
932.405 -352.355 -0.584273
932.567 -352.25 -0.588989
932.753 -352.169 -0.595197
932.917 -352.063 -0.600072
933.048 -351.925 -0.603068
933.137 -351.746 -0.603624
931.243 -349.664 -0.48727
931.175 -349.365 -0.479198
931.261 -349.215 -0.4803
931.408 -349.122 -0.485046
931.551 -349.023 -0.489509
931.647 -348.883 -0.491367
931.754 -348.752 -0.493875
931.836 -348.6 -0.495047
930.41 -347.154 -0.409801
930.321 -346.877 -0.401568
905.432 -380.168 -0.984118
905.762 -380.23 -0.987641
906.106 -380.202 -0.988373
906.455 -380.136 -0.987939
906.802 -380.076 -0.987794
907.147 -380.016 -0.987777
907.49 -379.956 -0.987838
907.857 -379.697 -0.981501
908.294 -378.787 -0.953955
908.768 -377.428 -0.911672
909.168 -376.59 -0.886482
909.526 -376.078 -0.871987
909.847 -375.892 -0.868274
910.165 -375.708 -0.864713
910.48 -375.526 -0.86128
910.792 -375.344 -0.857916
911.101 -375.165 -0.854703
911.407 -374.986 -0.851581
911.71 -374.809 -0.848593
912.011 -374.633 -0.845693
912.309 -374.459 -0.842916
912.605 -374.285 -0.840212
912.898 -374.113 -0.837665
913.188 -373.915 -0.834261
913.476 -373.726 -0.831251
913.761 -373.433 -0.82479
914.041 -373.083 -0.816398
914.317 -372.713 -0.807386
914.584 -372.253 -0.795307
914.846 -371.785 -0.782981
915.102 -371.365 -0.772268
915.363 -371.164 -0.769137
915.622 -370.973 -0.76637
915.878 -370.783 -0.763692
916.132 -370.589 -0.760931
916.378 -370.329 -0.755903
916.616 -370.003 -0.748606
916.848 -369.665 -0.740911
917.076 -369.333 -0.73345
917.301 -369.01 -0.726287
917.525 -368.713 -0.72008
917.732 -368.309 -0.710074
917.934 -367.897 -0.699778
918.13 -367.489 -0.689588
918.311 -367.007 -0.676751
918.447 -366.261 -0.654371
918.589 -365.618 -0.635617
918.78 -365.341 -0.63002
918.99 -365.201 -0.629392
919.202 -365.076 -0.629413
919.287 -364.255 -0.603901
919.456 -363.946 -0.597123
919.442 -362.707 -0.555936
919.435 -361.597 -0.519234
919.543 -361.106 -0.50536
919.605 -360.435 -0.484672
919.715 -360.022 -0.473564
919.862 -359.79 -0.469195
920.109 -359.995 -0.481424
920.54 -360.931 -0.521646
920.808 -361.166 -0.53547
920.984 -361.031 -0.535184
921.164 -360.916 -0.535725
915.876 -340.909 0.235475
915.915 -340.83 0.237067
915.97 -340.81 0.236365
916.025 -340.79 0.235645
916.002 -340.516 0.244937
916.056 -340.497 0.244198
916.109 -340.477 0.243441
916.162 -340.458 0.242665
916.215 -340.439 0.241871
916.354 -340.669 0.230951
916.409 -340.648 0.230105
916.464 -340.628 0.229241
916.518 -340.608 0.228358
916.573 -340.588 0.227457
916.628 -340.568 0.226537
916.683 -340.548 0.225599
916.737 -340.527 0.224642
916.695 -340.269 0.233754
916.748 -340.25 0.232772
916.802 -340.231 0.231771
916.855 -340.211 0.230751
916.909 -340.192 0.22971
917.067 -340.406 0.218499
917.122 -340.386 0.217407
917.177 -340.366 0.216296
917.235 -340.351 0.214927
919.915 -345.769 -0.028984
915.82 -337.206 0.351991
915.854 -337.195 0.351237
915.887 -337.184 0.350471
915.92 -337.173 0.349691
915.954 -337.162 0.3489
927.709 -359.044 -0.666726
928.192 -359.496 -0.695766
928.454 -359.53 -0.705602
928.653 -359.448 -0.710118
928.65 -359.012 -0.697819
928.677 -358.639 -0.688439
928.769 -358.384 -0.684612
928.877 -358.16 -0.682314
928.924 -357.839 -0.675211
929.044 -357.645 -0.674283
929.086 -357.328 -0.667239
929.022 -356.851 -0.652151
928.797 -356.137 -0.624952
928.609 -355.498 -0.601128
928.299 -354.692 -0.568481
928.386 -354.493 -0.566563
927.946 -353.531 -0.525094
927.928 -353.199 -0.515868
927.976 -352.965 -0.511731
928.082 -352.816 -0.512004
928.223 -352.717 -0.515011
928.414 -352.685 -0.521646
928.419 -352.404 -0.514878
928.473 -352.192 -0.511803
928.68 -352.18 -0.519727
930.24 -353.887 -0.62339
930.532 -353.953 -0.636747
930.69 -353.847 -0.640594
930.884 -353.785 -0.647065
931.098 -353.746 -0.654922
931.33 -353.726 -0.664008
930.605 -352.583 -0.60765
930.611 -352.313 -0.60175
930.798 -352.251 -0.608216
930.939 -352.137 -0.611604
931.095 -352.039 -0.616046
931.475 -352.184 -0.635438
931.72 -352.177 -0.645789
932.053 -352.26 -0.661924
932.273 -352.219 -0.670595
932.47 -352.153 -0.677813
932.658 -352.074 -0.684374
932.818 -351.967 -0.689212
932.934 -351.815 -0.691262
931.183 -349.846 -0.57363
930.869 -349.307 -0.548843
930.849 -349.059 -0.543052
931.065 -349.034 -0.552333
931.27 -348.996 -0.560897
931.424 -348.91 -0.566269
931.531 -348.781 -0.568744
931.613 -348.629 -0.569687
930.359 -347.315 -0.487667
930.039 -346.837 -0.464152
930.184 -346.762 -0.469594
930.346 -346.7 -0.476066
906.175 -377.728 -1.06582
906.47 -377.901 -1.0734
906.719 -378.383 -1.09225
907.026 -378.51 -1.09841
907.351 -378.519 -1.10045
907.679 -378.49 -1.10118
908.012 -378.419 -1.10055
908.426 -377.637 -1.07424
908.873 -376.45 -1.03324
909.248 -375.793 -1.01153
909.568 -375.61 -1.00706
909.886 -375.429 -1.00275
910.2 -375.249 -0.99856
910.512 -375.07 -0.994499
910.82 -374.893 -0.99057
911.126 -374.718 -0.9868
911.429 -374.53 -0.98262
911.729 -374.37 -0.979562
912.03 -374.108 -0.972808
912.326 -373.876 -0.967195
912.622 -373.519 -0.957035
912.913 -373.165 -0.947058
913.199 -372.821 -0.937455
913.479 -372.478 -0.927937
913.755 -372.139 -0.918637
914.027 -371.802 -0.909402
914.292 -371.368 -0.89661
914.552 -370.963 -0.884893
914.812 -370.749 -0.880369
915.07 -370.558 -0.876808
915.325 -370.358 -0.872961
915.577 -370.14 -0.868464
915.826 -369.919 -0.86389
916.07 -369.679 -0.85868
916.307 -369.378 -0.851139
916.538 -369.052 -0.842657
916.765 -368.733 -0.834481
916.995 -368.484 -0.829016
917.224 -368.261 -0.824602
917.446 -368 -0.818762
917.653 -367.637 -0.808923
917.854 -367.264 -0.798738
918.042 -366.825 -0.785952
918.196 -366.178 -0.76491
918.357 -365.645 -0.748327
918.522 -365.184 -0.734547
918.209 -361.73 -0.601557
918.364 -361.413 -0.593002
918.546 -361.278 -0.591747
918.709 -361.045 -0.586599
918.888 -360.906 -0.585233
918.854 -359.686 -0.54005
918.792 -358.404 -0.492096
918.871 -357.89 -0.475156
919.032 -357.784 -0.474867
919.228 -357.843 -0.481416
919.429 -357.916 -0.488657
919.639 -358.022 -0.497355
919.888 -358.276 -0.512333
920.141 -358.531 -0.52752
920.374 -358.689 -0.538807
920.573 -358.709 -0.544401
915.875 -340.909 0.205931
915.914 -340.83 0.207758
915.969 -340.81 0.207071
916.024 -340.79 0.206365
916.079 -340.769 0.20564
916.134 -340.749 0.204895
916.189 -340.729 0.204131
916.244 -340.709 0.203348
916.299 -340.689 0.202545
916.353 -340.668 0.201722
916.408 -340.648 0.20088
916.463 -340.628 0.200018
916.518 -340.608 0.199136
916.572 -340.588 0.198235
916.627 -340.568 0.197313
916.682 -340.547 0.196371
916.737 -340.527 0.195409
916.792 -340.507 0.194427
916.846 -340.487 0.193424
916.901 -340.467 0.192401
916.956 -340.446 0.191357
917.011 -340.426 0.190292
917.066 -340.406 0.189207
917.121 -340.386 0.1881
917.176 -340.365 0.186973
917.252 -340.389 0.183717
919.907 -345.753 -0.0787194
915.822 -337.209 0.334515
915.855 -337.199 0.333726
915.889 -337.188 0.332923
915.922 -337.177 0.332106
915.956 -337.167 0.331275
926.948 -357.626 -0.699563
927.178 -357.637 -0.708046
927.349 -357.537 -0.711007
927.472 -357.353 -0.709711
927.616 -357.209 -0.710457
927.775 -357.091 -0.71263
927.295 -355.891 -0.658243
927.445 -355.777 -0.660384
927.607 -355.683 -0.663568
927.769 -355.588 -0.666791
927.931 -355.494 -0.670126
928.021 -355.287 -0.667433
927.984 -354.886 -0.654162
928.073 -354.686 -0.651758
928.022 -354.28 -0.637937
927.756 -353.567 -0.606836
927.717 -353.202 -0.594785
927.733 -352.922 -0.587436
927.848 -352.788 -0.588242
927.945 -352.628 -0.587637
928.013 -352.432 -0.584965
928.044 -352.188 -0.579445
927.976 -351.818 -0.56644
928.112 -351.72 -0.56941
928.278 -351.664 -0.574851
928.544 -351.732 -0.587879
928.821 -351.808 -0.601651
929.081 -351.86 -0.614113
929.295 -351.851 -0.6231
929.787 -352.172 -0.652725
930.009 -352.162 -0.662131
930.266 -352.19 -0.674057
930.458 -352.138 -0.681188
930.64 -352.074 -0.687609
930.768 -351.948 -0.69017
930.963 -351.896 -0.697613
931.19 -351.876 -0.707335
931.466 -351.907 -0.720585
931.8 -351.995 -0.737913
932.132 -352.074 -0.754994
932.371 -352.052 -0.765452
932.55 -351.967 -0.771736
929.524 -348.67 -0.55485
929.535 -348.46 -0.550538
929.592 -348.298 -0.549578
929.736 -348.221 -0.55465
929.866 -348.129 -0.558781
930.041 -348.079 -0.566042
930.84 -348.602 -0.615647
931.277 -348.778 -0.640424
931.382 -348.649 -0.642767
930.549 -347.692 -0.582306
929.8 -346.831 -0.527977
929.894 -346.714 -0.530212
930.053 -346.653 -0.536796
929.634 -346.108 -0.505284
929.532 -345.835 -0.494819
906.896 -375.203 -1.12652
907.123 -375.712 -1.14789
907.36 -376.191 -1.16816
907.606 -376.649 -1.18779
907.891 -376.85 -1.19736
908.2 -376.878 -1.2002
908.564 -376.438 -1.18452
908.967 -375.565 -1.15169
909.293 -375.331 -1.14435
909.61 -375.153 -1.1393
909.924 -374.976 -1.13439
910.238 -374.757 -1.1279
910.544 -374.608 -1.12431
910.858 -374.297 -1.1143
911.17 -373.943 -1.1026
911.477 -373.585 -1.09084
911.779 -373.236 -1.07946
912.075 -372.89 -1.06828
912.366 -372.55 -1.05741
912.653 -372.218 -1.04686
912.934 -371.887 -1.03644
913.211 -371.56 -1.02624
913.483 -371.238 -1.01626
913.75 -370.925 -1.00671
914.013 -370.533 -0.993994
914.273 -370.338 -0.989342
914.53 -370.122 -0.983899
914.784 -369.906 -0.978538
915.035 -369.689 -0.973188
915.284 -369.477 -0.96807
915.53 -369.267 -0.963105
915.773 -369.051 -0.957935
916.009 -368.775 -0.95033
916.239 -368.468 -0.941429
916.47 -368.222 -0.93517
916.7 -368.008 -0.930258
916.928 -367.796 -0.925467
917.154 -367.584 -0.920748
917.369 -367.298 -0.912923
917.575 -366.976 -0.903573
917.777 -366.642 -0.893731
917.939 -366.04 -0.872442
918.115 -365.597 -0.857906
917.75 -361.424 -0.682727
917.908 -361.116 -0.673423
917.779 -359.017 -0.586516
917.944 -358.877 -0.584241
918.099 -358.691 -0.580036
918 -357.096 -0.514093
918.102 -356.706 -0.500732
918.164 -356.131 -0.479155
918.291 -355.919 -0.473527
918.446 -355.853 -0.47442
918.606 -355.817 -0.476654
918.801 -355.932 -0.485736
919.026 -356.173 -0.500595
919.309 -356.641 -0.525815
919.518 -356.771 -0.536008
919.704 -356.803 -0.541886
919.872 -356.762 -0.544453
920.031 -356.686 -0.545561
920.189 -356.608 -0.546582
915.914 -340.83 0.178443
915.969 -340.81 0.177771
916.024 -340.789 0.177079
916.079 -340.769 0.176366
916.134 -340.749 0.175633
916.188 -340.729 0.174878
916.243 -340.709 0.174102
916.298 -340.688 0.173306
916.353 -340.668 0.172488
916.408 -340.648 0.17165
916.462 -340.628 0.17079
916.517 -340.608 0.169909
916.572 -340.588 0.169007
916.627 -340.567 0.168083
916.681 -340.547 0.167138
916.736 -340.527 0.166171
916.791 -340.507 0.165182
916.846 -340.487 0.164172
915.818 -337.912 0.291931
915.655 -337.435 0.314713
915.614 -337.253 0.322685
915.646 -337.242 0.321997
915.679 -337.231 0.321296
915.712 -337.22 0.320582
915.745 -337.209 0.319856
915.777 -337.198 0.319116
915.81 -337.187 0.318363
915.843 -337.175 0.317596
915.876 -337.164 0.316817
915.909 -337.153 0.316023
915.942 -337.142 0.315216
915.975 -337.13 0.314395
916.008 -337.119 0.313561
916.042 -337.108 0.312712
916.075 -337.096 0.311849
916.109 -337.085 0.310972
916.142 -337.073 0.310081
926.865 -355.166 -0.711338
927.004 -355.044 -0.712619
927.093 -354.842 -0.70943
927.171 -354.625 -0.705336
927.324 -354.531 -0.708296
927.434 -354.369 -0.707453
927.57 -354.251 -0.709103
927.481 -353.791 -0.690672
927.537 -353.558 -0.685457
927.507 -353.202 -0.672887
927.568 -352.988 -0.668661
927.601 -352.736 -0.662134
927.706 -352.589 -0.661944
927.821 -352.459 -0.662859
927.858 -352.222 -0.657132
927.403 -351.326 -0.6101
927.547 -351.249 -0.613996
927.685 -351.164 -0.617455
927.804 -351.054 -0.619432
928.03 -351.079 -0.630163
928.152 -350.972 -0.632461
928.566 -351.225 -0.658422
928.894 -351.363 -0.677226
929.114 -351.365 -0.687296
929.279 -351.299 -0.692935
929.4 -351.181 -0.695187
929.535 -351.078 -0.698558
929.738 -351.052 -0.707256
929.995 -351.084 -0.720191
930.837 -351.76 -0.778339
931.048 -351.724 -0.78733
931.276 -351.706 -0.797738
928.96 -348.989 -0.614425
929.053 -348.861 -0.61558
929.163 -348.751 -0.618041
929.264 -348.632 -0.619862
929.322 -348.47 -0.618555
929.399 -348.328 -0.618747
929.498 -348.208 -0.620606
929.589 -348.081 -0.621993
929.742 -348.014 -0.628012
929.906 -347.955 -0.634841
930.126 -347.946 -0.64573
930.351 -347.94 -0.656991
930.411 -347.781 -0.656304
929.762 -346.999 -0.604912
929.633 -346.687 -0.591105
929.593 -346.457 -0.583846
929.476 -346.166 -0.571231
929.378 -345.896 -0.560165
929.324 -345.666 -0.552323
929.309 -345.471 -0.547309
907.568 -372.763 -1.17267
907.761 -373.405 -1.20148
907.967 -374.005 -1.22858
908.192 -374.53 -1.25261
908.428 -375.019 -1.27525
908.724 -375.039 -1.27775
909.033 -374.953 -1.27575
909.359 -374.669 -1.26526
909.688 -374.313 -1.25176
910.023 -373.83 -1.23283
910.34 -373.478 -1.21961
910.652 -373.126 -1.2065
910.959 -372.772 -1.19335
911.332 -371.218 -1.12788
911.652 -370.247 -1.08781
911.925 -370.026 -1.08056
912.19 -369.905 -1.07779
912.453 -369.785 -1.07515
912.715 -369.665 -1.07256
912.974 -369.58 -1.07161
913.23 -369.606 -1.07563
913.487 -369.655 -1.08081
913.745 -369.679 -1.08494
914.001 -369.556 -1.0827
914.255 -369.392 -1.0787
914.506 -369.185 -1.07284
914.755 -369.018 -1.06882
915.001 -368.834 -1.06411
915.244 -368.62 -1.05812
915.484 -368.421 -1.05289
915.721 -368.194 -1.04644
915.954 -367.963 -1.03983
916.184 -367.733 -1.03336
916.411 -367.503 -1.0269
916.636 -367.292 -1.02136
916.855 -367.037 -1.01388
917.072 -366.793 -1.00691
917.278 -366.479 -0.996799
917.476 -366.125 -0.984853
917.648 -365.598 -0.964872
916.85 -357.626 -0.600085
917.01 -357.504 -0.597823
917.161 -357.329 -0.593193
917.071 -355.569 -0.514428
917.097 -354.705 -0.47728
917.246 -354.657 -0.478317
917.398 -354.626 -0.480211
917.553 -354.614 -0.483055
917.67 -354.391 -0.47598
917.801 -354.263 -0.473357
917.954 -354.247 -0.47617
918.119 -354.292 -0.481975
918.306 -354.429 -0.492263
918.53 -354.723 -0.510302
918.75 -354.978 -0.526604
918.959 -355.17 -0.540028
919.133 -355.204 -0.545841
919.28 -355.129 -0.54644
919.432 -355.072 -0.547926
919.583 -355.015 -0.549495
919.738 -354.974 -0.551898
915.926 -340.876 0.146804
915.968 -340.809 0.148465
916.023 -340.789 0.147787
916.078 -340.769 0.147086
916.133 -340.749 0.146363
916.188 -340.728 0.145618
916.243 -340.708 0.14485
916.298 -340.688 0.14406
916.352 -340.668 0.143248
916.407 -340.648 0.142413
916.462 -340.628 0.141555
916.517 -340.607 0.140675
916.571 -340.587 0.139772
916.626 -340.567 0.138846
916.681 -340.547 0.137898
916.736 -340.527 0.136926
916.79 -340.507 0.135931
915.895 -338.198 0.258334
915.716 -337.672 0.285366
915.574 -337.247 0.307109
915.606 -337.236 0.306427
915.639 -337.225 0.305731
915.671 -337.214 0.305022
915.704 -337.203 0.304299
915.736 -337.192 0.303562
915.769 -337.181 0.302811
915.802 -337.17 0.302047
915.834 -337.159 0.301268
915.867 -337.148 0.300475
915.9 -337.136 0.299668
915.933 -337.125 0.298847
915.966 -337.114 0.298011
915.999 -337.102 0.29716
916.032 -337.091 0.296295
916.066 -337.08 0.295415
916.099 -337.068 0.29452
916.132 -337.057 0.293609
925.079 -352.143 -0.619683
925.204 -352.046 -0.621202
925.34 -351.968 -0.623952
925.49 -351.912 -0.628136
925.605 -351.8 -0.628961
925.732 -351.707 -0.630981
925.892 -351.665 -0.636202
926.176 -351.811 -0.653468
926.51 -352.024 -0.675296
926.91 -352.326 -0.703121
927.038 -352.221 -0.70507
927.231 -352.208 -0.713061
927.414 -352.18 -0.720203
927.053 -351.395 -0.67757
927.161 -351.271 -0.678225
927.277 -351.158 -0.679673
927.411 -351.071 -0.682919
927.558 -350.999 -0.687267
927.15 -350.211 -0.642686
927.159 -349.974 -0.635399
927.182 -349.757 -0.629489
927.242 -349.589 -0.626933
927.382 -349.523 -0.631471
927.496 -349.422 -0.633714
928.713 -350.631 -0.729879
929.067 -350.793 -0.751976
928.252 -349.602 -0.675797
929.501 -350.785 -0.772899
928.112 -348.977 -0.649946
928.11 -348.748 -0.643
928.497 -348.947 -0.668167
928.73 -348.973 -0.680607
928.83 -348.854 -0.682135
928.912 -348.715 -0.682255
929.013 -348.599 -0.684097
929.143 -348.511 -0.688237
929.209 -348.358 -0.687327
929.305 -348.237 -0.688938
929.404 -348.119 -0.690832
929.51 -348.007 -0.693317
929.647 -347.925 -0.698291
929.81 -347.867 -0.705391
929.971 -347.805 -0.712257
930.103 -347.716 -0.716993
929.983 -347.4 -0.702402
929.452 -346.727 -0.656649
929.39 -346.477 -0.646935
929.307 -346.213 -0.635841
929.274 -345.997 -0.628736
929.229 -345.772 -0.620771
929.182 -345.551 -0.612891
929.157 -345.349 -0.606718
929.109 -345.132 -0.598958
 ] }
 color Color { color [
0.0829241 0 0.917076
0.0803497 0 0.91965
0.0803114 0 0.919689
0.0802774 0 0.919723
0.0802472 0 0.919753
0.0802211 0 0.919779
0.080199 0 0.919801
0.0801809 0 0.919819
0.0801668 0 0.919833
0.0801568 0 0.919843
0.082634 0 0.917366
0.0826278 0 0.917372
0.0826261 0 0.917374
0.0826288 0 0.917371
0.08011 0 0.91989
0.0801238 0 0.919876
0.0801413 0 0.919859
0.0801633 0 0.919837
0.0801887 0 0.919811
0.0802184 0 0.919782
0.080252 0 0.919748
0.0802899 0 0.91971
0.0803318 0 0.919668
0.0828849 0 0.917115
0.0829336 0 0.917066
0.143675 0 0.856325
0.143808 0 0.856192
0.143949 0 0.856051
0.144096 0 0.855904
0.294736 0 0.705264
0.294746 0 0.705254
0.459538 0 0.540462
0.0827029 0 0.917297
0.0826512 0 0.917349
0.0803382 0 0.919662
0.0803003 0 0.9197
0.0802663 0 0.919734
0.0802361 0 0.919764
0.0802097 0 0.91979
0.0801876 0 0.919812
0.0801698 0 0.91983
0.0801554 0 0.919845
0.0801456 0 0.919854
0.0824032 0 0.917597
0.082401 0 0.917599
0.0824032 0 0.917597
0.080089 0 0.919911
0.0800986 0 0.919901
0.0801124 0 0.919888
0.0801301 0 0.91987
0.0801519 0 0.919848
0.0801776 0 0.919822
0.0802073 0 0.919793
0.0802412 0 0.919759
0.0802785 0 0.919722
0.0803207 0 0.919679
0.0826946 0 0.917305
0.0827454 0 0.917255
0.143658 0 0.856342
0.143791 0 0.856209
0.143931 0 0.856069
0.144078 0 0.855922
0.294714 0 0.705286
0.294698 0 0.705302
0.459869 0 0.540131
0.0826938 0 0.917306
0.0803701 0 0.91963
0.0803281 0 0.919672
0.0802898 0 0.91971
0.0802558 0 0.919744
0.0802257 0 0.919774
0.0801996 0 0.9198
0.0801775 0 0.919823
0.0801593 0 0.919841
0.0801453 0 0.919855
0.0801352 0 0.919865
0.0801291 0 0.919871
0.0823907 0 0.917609
0.0823923 0 0.917608
0.0800786 0 0.919921
0.0800885 0 0.919912
0.0801023 0 0.919898
0.0801197 0 0.91988
0.0801415 0 0.919859
0.0801675 0 0.919832
0.0801968 0 0.919803
0.0802308 0 0.919769
0.0802684 0 0.919732
0.0803103 0 0.91969
0.0804421 0 0.919558
0.0827351 0 0.917265
0.143642 0 0.856358
0.143775 0 0.856225
0.143915 0 0.856085
0.144063 0 0.855937
0.294695 0 0.705305
0.294655 0 0.705345
0.464715 0 0.535285
0.460205 0 0.539795
0.0826862 0 0.917314
0.080361 0 0.919639
0.0803189 0 0.919681
0.0802807 0 0.919719
0.0802467 0 0.919753
0.0802165 0 0.919783
0.0801905 0 0.91981
0.0801684 0 0.919832
0.0801502 0 0.91985
0.0801359 0 0.919864
0.0801258 0 0.919874
0.0801197 0 0.91988
0.0823811 0 0.917619
0.0823828 0 0.917617
0.0800695 0 0.91993
0.0800791 0 0.919921
0.0800929 0 0.919907
0.0801103 0 0.91989
0.080132 0 0.919868
0.0801581 0 0.919842
0.0801874 0 0.919813
0.0802214 0 0.919779
0.080259 0 0.919741
0.0803008 0 0.919699
0.0804299 0 0.91957
0.0827255 0 0.917274
0.143628 0 0.856372
0.143761 0 0.856239
0.143901 0 0.856099
0.144049 0 0.855951
0.29468 0 0.70532
0.294615 0 0.705385
0.461434 0 0.538566
0.460548 0 0.539452
0.0826793 0 0.917321
0.0803525 0 0.919648
0.0803104 0 0.91969
0.0802725 0 0.919728
0.0802383 0 0.919762
0.0802081 0 0.919792
0.080182 0 0.919818
0.0801599 0 0.91984
0.0801421 0 0.919858
0.0801277 0 0.919872
0.0801177 0 0.919882
0.0801116 0 0.919888
0.0823726 0 0.917627
0.0804532 0 0.919547
0.0800608 0 0.919939
0.080071 0 0.919929
0.0800844 0 0.919916
0.0801022 0 0.919898
0.0801236 0 0.919876
0.0801497 0 0.91985
0.0801793 0 0.919821
0.0802129 0 0.919787
0.0802508 0 0.919749
0.0802924 0 0.919708
0.0804186 0 0.919581
0.0827166 0 0.917283
0.143615 0 0.856385
0.143748 0 0.856252
0.143889 0 0.856111
0.144036 0 0.855964
0.294668 0 0.705332
0.294579 0 0.705421
0.461103 0 0.538897
0.460966 0 0.539034
0.0826731 0 0.917327
0.0803452 0 0.919655
0.0803033 0 0.919697
0.080265 0 0.919735
0.0802308 0 0.919769
0.080201 0 0.919799
0.0801749 0 0.919825
0.0801528 0 0.919847
0.0801346 0 0.919865
0.0801206 0 0.919879
0.0801102 0 0.91989
0.0801041 0 0.919896
0.082365 0 0.917635
0.0804479 0 0.919552
0.0800536 0 0.919946
0.0800635 0 0.919937
0.0800773 0 0.919923
0.0800951 0 0.919905
0.0801165 0 0.919883
0.0801422 0 0.919858
0.0801719 0 0.919828
0.0802058 0 0.919794
0.0802434 0 0.919757
0.0802849 0 0.919715
0.0804091 0 0.919591
0.0827094 0 0.917291
0.143605 0 0.856395
0.143738 0 0.856262
0.143878 0 0.856122
0.144026 0 0.855974
0.29466 0 0.70534
0.294546 0 0.705454
0.461458 0 0.538542
0.461651 0 0.538349
0.0826684 0 0.917332
0.0803391 0 0.919661
0.080297 0 0.919703
0.0802589 0 0.919741
0.0802249 0 0.919775
0.0801945 0 0.919806
0.0801686 0 0.919831
0.0801455 0 0.919854
0.080124 0 0.919876
0.0801141 0 0.919886
0.0801041 0 0.919896
0.080098 0 0.919902
0.0823586 0 0.917641
0.0804438 0 0.919556
0.0800475 0 0.919953
0.0800574 0 0.919943
0.0800709 0 0.919929
0.0799618 0 0.920038
0.0799801 0 0.92002
0.0800023 0 0.919998
0.0800286 0 0.919971
0.0800587 0 0.919941
0.0802373 0 0.919763
0.0802788 0 0.919721
0.0803998 0 0.9196
0.0827029 0 0.917297
0.143596 0 0.856404
0.143729 0 0.856271
0.143869 0 0.856131
0.144017 0 0.855983
0.0494357 0 0.950564
0.294655 0 0.705345
0.294517 0 0.705483
0.46182 0 0.53818
0.0826642 0 0.917336
0.0803339 0 0.919666
0.0802916 0 0.919708
0.0802536 0 0.919746
0.0799405 0 0.92006
0.0799071 0 0.920093
0.0798779 0 0.920122
0.0798526 0 0.920147
0.0798313 0 0.920169
0.080109 0 0.919891
0.0800986 0 0.919901
0.0800925 0 0.919908
0.082353 0 0.917647
0.0805413 0 0.919459
0.080042 0 0.919958
0.0800522 0 0.919948
0.0800658 0 0.919934
0.0796697 0 0.92033
0.0796878 0 0.920312
0.0797102 0 0.92029
0.0797362 0 0.920264
0.0797661 0 0.920234
0.0802318 0 0.919768
0.0802733 0 0.919727
0.0803926 0 0.919607
0.0826971 0 0.917303
0.0591056 0 0.940894
0.143722 0 0.856278
0.143863 0 0.856137
0.14401 0 0.85599
0.0494205 0 0.95058
0.294655 0 0.705345
0.294492 0 0.705508
0.462188 0 0.537812
0.0826611 0 0.917339
0.0803294 0 0.919671
0.0802873 0 0.919713
0.0802491 0 0.919751
0.0796501 0 0.92035
0.079617 0 0.920383
0.079588 0 0.920412
0.079563 0 0.920437
0.0795417 0 0.920458
0.0801048 0 0.919895
0.0800944 0 0.919906
0.0800884 0 0.919912
0.0823489 0 0.917651
0.0808017 0 0.919198
0.0800379 0 0.919962
0.0800474 0 0.919953
0.0800612 0 0.919939
0.0794942 0 0.920506
0.0795156 0 0.920484
0.0795412 0 0.920459
0.0795704 0 0.92043
0.0796039 0 0.920396
0.0802273 0 0.919773
0.0802692 0 0.919731
0.0803857 0 0.919614
0.0826926 0 0.917307
0.0590892 0 0.940911
0.143717 0 0.856283
0.143857 0 0.856143
0.144005 0 0.855995
0.0494062 0 0.950594
0.294658 0 0.705342
0.294491 0 0.705509
0.395031 0 0.604969
0.462562 0 0.537438
0.456805 0 0.543195
0.453705 0 0.546295
0.45075 0 0.54925
0.449353 0 0.550647
0.448325 0 0.551675
0.327162 0 0.672838
0.342591 0 0.657409
0.247014 0 0.752986
0.0826589 0 0.917341
0.0803261 0 0.919674
0.0802838 0 0.919716
0.0802458 0 0.919754
0.0796256 0 0.920374
0.0795958 0 0.920404
0.0795699 0 0.92043
0.0795479 0 0.920452
0.07953 0 0.92047
0.0801013 0 0.919899
0.0800912 0 0.919909
0.0800849 0 0.919915
0.0823454 0 0.917655
0.0810419 0 0.918958
0.0800347 0 0.919965
0.0800443 0 0.919956
0.0800581 0 0.919942
0.0794907 0 0.920509
0.0795124 0 0.920488
0.0795381 0 0.920462
0.0795673 0 0.920433
0.0796007 0 0.920399
0.0802239 0 0.919776
0.0802657 0 0.919734
0.0803801 0 0.91962
0.0826892 0 0.917311
0.0590987 0 0.940901
0.143714 0 0.856286
0.143854 0 0.856146
0.144001 0 0.855999
0.0493925 0 0.950607
0.407533 0 0.592467
0.399924 0 0.600076
0.395593 0 0.604407
0.387361 0 0.612639
0.385894 0 0.614106
0.386225 0 0.613775
0.374676 0 0.625324
0.374451 0 0.625549
0.385873 0 0.614128
0.294664 0 0.705336
0.294497 0 0.705503
0.389559 0 0.610441
0.390325 0 0.609675
0.390465 0 0.609535
0.391164 0 0.608836
0.454809 0 0.545191
0.451541 0 0.548459
0.448949 0 0.551051
0.44745 0 0.55255
0.446599 0 0.553401
0.320253 0 0.679747
0.316989 0 0.683011
0.316154 0 0.683846
0.247052 0 0.752948
0.24631 0 0.75369
0.0826582 0 0.917342
0.0803236 0 0.919676
0.0802815 0 0.919719
0.0802433 0 0.919757
0.0796234 0 0.920377
0.0795936 0 0.920406
0.0795678 0 0.920432
0.079546 0 0.920454
0.0795278 0 0.920472
0.0800991 0 0.919901
0.0800891 0 0.919911
0.080083 0 0.919917
0.0823429 0 0.917657
0.0812963 0 0.918704
0.0800322 0 0.919968
0.0800421 0 0.919958
0.080056 0 0.919944
0.0794886 0 0.920511
0.0795099 0 0.92049
0.0795355 0 0.920464
0.0795651 0 0.920435
0.0795982 0 0.920402
0.0802217 0 0.919778
0.0802636 0 0.919736
0.0803752 0 0.919625
0.0826868 0 0.917313
0.143579 0 0.856421
0.143712 0 0.856288
0.143852 0 0.856148
0.143999 0 0.856001
0.0493791 0 0.950621
0.392371 0 0.607629
0.391922 0 0.608078
0.375248 0 0.624752
0.376676 0 0.623324
0.37958 0 0.62042
0.377832 0 0.622168
0.333836 0 0.666164
0.332663 0 0.667337
0.329114 0 0.670886
0.349759 0 0.650241
0.370574 0 0.629426
0.294674 0 0.705326
0.294507 0 0.705493
0.377705 0 0.622295
0.377212 0 0.622788
0.375679 0 0.624321
0.375054 0 0.624946
0.376664 0 0.623336
0.385036 0 0.614964
0.386199 0 0.613801
0.337757 0 0.662243
0.32725 0 0.67275
0.315625 0 0.684375
0.313612 0 0.686388
0.312435 0 0.687565
0.247097 0 0.752903
0.246312 0 0.753688
0.310409 0 0.689591
0.0826581 0 0.917342
0.0803223 0 0.919678
0.0802804 0 0.91972
0.0802421 0 0.919758
0.0796221 0 0.920378
0.079592 0 0.920408
0.0795663 0 0.920434
0.0795444 0 0.920456
0.0795263 0 0.920474
0.0800976 0 0.919902
0.0800875 0 0.919912
0.0800815 0 0.919919
0.0823418 0 0.917658
0.0815478 0 0.918452
0.0800311 0 0.919969
0.0800406 0 0.919959
0.0800544 0 0.919946
0.0794874 0 0.920513
0.0795088 0 0.920491
0.0795344 0 0.920466
0.0795639 0 0.920436
0.0795971 0 0.920403
0.0802206 0 0.919779
0.0802621 0 0.919738
0.0803716 0 0.919628
0.0826857 0 0.917314
0.143579 0 0.856421
0.143712 0 0.856288
0.143852 0 0.856148
0.144 0 0.856
0.0493671 0 0.950633
0.389641 0 0.610358
0.370254 0 0.629746
0.368676 0 0.631324
0.36831 0 0.63169
0.329843 0 0.670157
0.32929 0 0.67071
0.330041 0 0.669959
0.329392 0 0.670608
0.326881 0 0.673119
0.326312 0 0.673688
0.32687 0 0.67313
0.329634 0 0.670366
0.294688 0 0.705312
0.29452 0 0.70548
0.371154 0 0.628846
0.371477 0 0.628523
0.369719 0 0.630281
0.369345 0 0.630655
0.37156 0 0.62844
0.292135 0 0.707865
0.298501 0 0.701499
0.298792 0 0.701208
0.300212 0 0.699788
0.302692 0 0.697308
0.30798 0 0.69202
0.308768 0 0.691232
0.247146 0 0.752854
0.246318 0 0.753682
0.306661 0 0.693339
0.302809 0 0.697191
0.082659 0 0.917341
0.080322 0 0.919678
0.0802801 0 0.91972
0.0802418 0 0.919758
0.0796216 0 0.920378
0.0795917 0 0.920408
0.0795659 0 0.920434
0.0795441 0 0.920456
0.079526 0 0.920474
0.0800973 0 0.919903
0.0800873 0 0.919913
0.0800809 0 0.919919
0.0823414 0 0.917659
0.0817816 0 0.918218
0.0800305 0 0.919969
0.0800408 0 0.919959
0.0800543 0 0.919946
0.0794868 0 0.920513
0.0795086 0 0.920491
0.0795339 0 0.920466
0.0795634 0 0.920437
0.0795969 0 0.920403
0.0802201 0 0.91978
0.080262 0 0.919738
0.080369 0 0.919631
0.082685 0 0.917315
0.143581 0 0.856419
0.143714 0 0.856286
0.143854 0 0.856146
0.144002 0 0.855998
0.0493553 0 0.950645
0.416722 0 0.583278
0.396021 0 0.603979
0.361094 0 0.638906
0.367106 0 0.632894
0.32411 0 0.67589
0.32346 0 0.67654
0.325538 0 0.674462
0.325414 0 0.674586
0.325277 0 0.674723
0.31466 0 0.68534
0.313033 0 0.686967
0.31572 0 0.68428
0.324378 0 0.675622
0.325205 0 0.674795
0.326736 0 0.673264
0.294705 0 0.705295
0.294537 0 0.705463
0.311153 0 0.688847
0.291791 0 0.708209
0.290845 0 0.709155
0.290458 0 0.709542
0.289257 0 0.710743
0.290491 0 0.709509
0.291395 0 0.708605
0.294472 0 0.705528
0.296139 0 0.703861
0.297066 0 0.702934
0.297996 0 0.702004
0.298104 0 0.701896
0.247206 0 0.752794
0.246326 0 0.753674
0.296713 0 0.703287
0.297035 0 0.702965
0.296383 0 0.703617
0.594155 0 0.405845
0.58788 0 0.41212
0.584431 0 0.415569
0.573769 0 0.426231
0.576228 0 0.423772
0.575124 0 0.424876
0.571514 0 0.428486
0.0826979 0 0.917302
0.0803227 0 0.919677
0.0802808 0 0.919719
0.0802426 0 0.919757
0.0796223 0 0.920378
0.0795926 0 0.920407
0.0795666 0 0.920433
0.0795446 0 0.920455
0.0795268 0 0.920473
0.0800982 0 0.919902
0.0800881 0 0.919912
0.0800818 0 0.919918
0.0824348 0 0.917565
0.0824402 0 0.91756
0.0800314 0 0.919969
0.0800412 0 0.919959
0.0800547 0 0.919945
0.0794876 0 0.920512
0.079509 0 0.920491
0.0795343 0 0.920466
0.0795639 0 0.920436
0.0795973 0 0.920403
0.080221 0 0.919779
0.0802625 0 0.919738
0.0803674 0 0.919633
0.0828328 0 0.917167
0.143585 0 0.856415
0.143718 0 0.856282
0.143858 0 0.856142
0.144005 0 0.855995
0.52613 0 0.47387
0.0493444 0 0.950656
0.52359 0 0.47641
0.523264 0 0.476736
0.522679 0 0.477321
0.516071 0 0.483929
0.516817 0 0.483183
0.519336 0 0.480664
0.52191 0 0.47809
0.515718 0 0.484282
0.52073 0 0.47927
0.5372 0 0.4628
0.537436 0 0.462564
0.536984 0 0.463016
0.402514 0 0.597486
0.393047 0 0.606953
0.361818 0 0.638182
0.3583 0 0.6417
0.352556 0 0.647444
0.326168 0 0.673832
0.322761 0 0.677239
0.318985 0 0.681015
0.319754 0 0.680246
0.320267 0 0.679733
0.32005 0 0.67995
0.316371 0 0.683629
0.312835 0 0.687165
0.310044 0 0.689956
0.310978 0 0.689022
0.314859 0 0.685141
0.32328 0 0.67672
0.323226 0 0.676774
0.294725 0 0.705275
0.294558 0 0.705442
0.291189 0 0.708811
0.289618 0 0.710382
0.288883 0 0.711117
0.288784 0 0.711216
0.288041 0 0.711959
0.288862 0 0.711138
0.289033 0 0.710967
0.291252 0 0.708748
0.292917 0 0.707083
0.293828 0 0.706172
0.294229 0 0.705771
0.294106 0 0.705894
0.247273 0 0.752727
0.246339 0 0.753661
0.292887 0 0.707113
0.290174 0 0.709826
0.285524 0 0.714476
0.284283 0 0.715717
0.598592 0 0.401408
0.593477 0 0.406523
0.588376 0 0.411624
0.583085 0 0.416915
0.579262 0 0.420738
0.576402 0 0.423598
0.557599 0 0.442401
0.551262 0 0.448738
0.545511 0 0.454489
0.540374 0 0.459626
0.536254 0 0.463746
0.533132 0 0.466868
0.530942 0 0.469058
0.528803 0 0.471197
0.526694 0 0.473306
0.524613 0 0.475387
0.522564 0 0.477436
0.520541 0 0.479459
0.518496 0 0.481504
0.5156 0 0.4844
0.511143 0 0.488857
0.509206 0 0.490794
0.507362 0 0.492638
0.0829942 0 0.917006
0.0803242 0 0.919676
0.0802823 0 0.919718
0.0802443 0 0.919756
0.0796241 0 0.920376
0.0795942 0 0.920406
0.0795684 0 0.920432
0.0795464 0 0.920454
0.0795285 0 0.920471
0.0800996 0 0.9199
0.0800896 0 0.91991
0.0800832 0 0.919917
0.082729 0 0.917271
0.0827346 0 0.917265
0.0800328 0 0.919967
0.0800427 0 0.919957
0.0800566 0 0.919943
0.0794894 0 0.920511
0.0795108 0 0.920489
0.0795361 0 0.920464
0.0795657 0 0.920434
0.0795988 0 0.920401
0.0802225 0 0.919778
0.080264 0 0.919736
0.0803665 0 0.919634
0.0831299 0 0.91687
0.14359 0 0.85641
0.0491655 0 0.950834
0.0490826 0 0.950917
0.144011 0 0.855989
0.460884 0 0.539116
0.0493339 0 0.950666
0.457806 0 0.542194
0.461483 0 0.538517
0.46354 0 0.53646
0.466804 0 0.533196
0.469502 0 0.530498
0.470201 0 0.529799
0.471728 0 0.528272
0.471068 0 0.528932
0.469388 0 0.530612
0.46747 0 0.53253
0.4644 0 0.5356
0.401942 0 0.598058
0.343403 0 0.656597
0.337818 0 0.662182
0.323116 0 0.676884
0.319807 0 0.680193
0.318275 0 0.681725
0.318091 0 0.681909
0.317105 0 0.682895
0.317387 0 0.682613
0.317361 0 0.682639
0.317301 0 0.682698
0.315992 0 0.684008
0.313985 0 0.686015
0.309241 0 0.690759
0.305036 0 0.694964
0.303154 0 0.696846
0.299354 0 0.700646
0.297679 0 0.702321
0.298062 0 0.701938
0.29475 0 0.70525
0.290652 0 0.709348
0.287644 0 0.712356
0.286892 0 0.713108
0.286745 0 0.713255
0.287169 0 0.712831
0.286841 0 0.713159
0.287172 0 0.712828
0.287618 0 0.712382
0.289255 0 0.710745
0.290471 0 0.709529
0.290597 0 0.709403
0.290737 0 0.709263
0.290353 0 0.709647
0.24735 0 0.75265
0.246354 0 0.753646
0.284839 0 0.715161
0.284144 0 0.715856
0.282733 0 0.717267
0.249968 0 0.750032
0.248092 0 0.751908
0.597847 0 0.402153
0.594366 0 0.405634
0.594239 0 0.405761
0.592244 0 0.407756
0.589609 0 0.410391
0.588789 0 0.411211
0.588504 0 0.411496
0.5869 0 0.4131
0.508951 0 0.491049
0.582999 0 0.417001
0.581952 0 0.418048
0.492662 0 0.507338
0.477417 0 0.522583
0.478061 0 0.521939
0.48026 0 0.51974
0.48245 0 0.51755
0.48566 0 0.51434
0.487542 0 0.512458
0.490876 0 0.509124
0.572007 0 0.427993
0.56947 0 0.43053
0.550774 0 0.449226
0.546462 0 0.453538
0.538035 0 0.461965
0.538512 0 0.461488
0.544848 0 0.455152
0.535744 0 0.464256
0.535304 0 0.464696
0.537813 0 0.462187
0.54212 0 0.45788
0.549856 0 0.450144
0.551448 0 0.448552
0.553963 0 0.446037
0.55517 0 0.44483
0.54908 0 0.45092
0.542544 0 0.457456
0.541659 0 0.458341
0.538821 0 0.461179
0.539204 0 0.460796
0.539227 0 0.460773
0.536677 0 0.463323
0.534657 0 0.465343
0.532464 0 0.467536
0.531541 0 0.468459
0.529631 0 0.470369
0.524716 0 0.475284
0.445971 0 0.554029
0.436299 0 0.563701
0.436943 0 0.563057
0.507865 0 0.492135
0.505327 0 0.494673
0.502101 0 0.497899
0.497462 0 0.502538
0.492945 0 0.507055
0.489525 0 0.510475
0.487419 0 0.512581
0.483651 0 0.516349
0.478903 0 0.521097
0.474593 0 0.525407
0.469176 0 0.530824
0.462146 0 0.537854
0.455115 0 0.544885
0.449585 0 0.550415
0.445464 0 0.554536
0.0838322 0 0.916168
0.0836641 0 0.916336
0.080285 0 0.919715
0.0802468 0 0.919753
0.0797592 0 0.920241
0.0797318 0 0.920268
0.0797084 0 0.920292
0.0796889 0 0.920311
0.0796739 0 0.920326
0.0801027 0 0.919897
0.0800924 0 0.919908
0.0834131 0 0.916587
0.0834111 0 0.916589
0.083413 0 0.916587
0.0834187 0 0.916581
0.0800452 0 0.919955
0.0800594 0 0.919941
0.0797555 0 0.920245
0.0797813 0 0.920219
0.079811 0 0.920189
0.0798446 0 0.920155
0.0798826 0 0.920117
0.080225 0 0.919775
0.0802669 0 0.919733
0.0837073 0 0.916293
0.0837591 0 0.916241
0.143598 0 0.856402
0.14373 0 0.85627
0.0491949 0 0.950805
0.144018 0 0.855982
0.419333 0 0.580667
0.0493239 0 0.950676
0.420874 0 0.579126
0.419733 0 0.580267
0.418548 0 0.581452
0.417186 0 0.582814
0.41567 0 0.58433
0.414354 0 0.585646
0.412075 0 0.587925
0.410381 0 0.589619
0.409166 0 0.590834
0.407565 0 0.592435
0.388324 0 0.611676
0.36979 0 0.63021
0.33227 0 0.66773
0.314375 0 0.685625
0.31474 0 0.68526
0.314776 0 0.685224
0.315301 0 0.684699
0.314608 0 0.685392
0.315197 0 0.684803
0.315719 0 0.684281
0.315296 0 0.684704
0.315114 0 0.684886
0.313881 0 0.686119
0.311786 0 0.688214
0.303905 0 0.696095
0.301448 0 0.698552
0.298524 0 0.701476
0.295856 0 0.704144
0.294215 0 0.705785
0.28692 0 0.71308
0.282548 0 0.717452
0.281358 0 0.718642
0.281601 0 0.718399
0.282235 0 0.717765
0.283219 0 0.716781
0.284466 0 0.715534
0.285153 0 0.714847
0.285273 0 0.714727
0.276762 0 0.723238
0.278827 0 0.721173
0.275938 0 0.724062
0.278226 0 0.721774
0.279713 0 0.720287
0.2795 0 0.7205
0.247551 0 0.752449
0.246386 0 0.753614
0.281692 0 0.718308
0.281767 0 0.718233
0.248054 0 0.751946
0.246825 0 0.753175
0.24606 0 0.75394
0.245546 0 0.754454
0.523472 0 0.476528
0.523854 0 0.476146
0.525399 0 0.474601
0.523252 0 0.476748
0.51468 0 0.48532
0.512004 0 0.487996
0.509934 0 0.490066
0.508713 0 0.491287
0.507565 0 0.492435
0.505743 0 0.494257
0.503557 0 0.496443
0.493913 0 0.506087
0.480875 0 0.519125
0.468757 0 0.531243
0.460647 0 0.539353
0.454533 0 0.545467
0.449319 0 0.550681
0.448022 0 0.551978
0.443748 0 0.556252
0.44119 0 0.55881
0.439351 0 0.560649
0.436369 0 0.563631
0.435258 0 0.564742
0.432753 0 0.567247
0.431587 0 0.568413
0.429509 0 0.570491
0.428186 0 0.571814
0.426383 0 0.573617
0.424951 0 0.575049
0.423345 0 0.576655
0.421881 0 0.578119
0.420444 0 0.579556
0.419034 0 0.580966
0.417651 0 0.582349
0.416278 0 0.583722
0.413573 0 0.586427
0.407642 0 0.592358
0.402609 0 0.597391
0.399662 0 0.600338
0.398064 0 0.601936
0.397588 0 0.602412
0.39647 0 0.60353
0.395875 0 0.604125
0.395149 0 0.604851
0.394499 0 0.605501
0.393954 0 0.606046
0.393235 0 0.606765
0.392623 0 0.607377
0.39204 0 0.60796
0.391491 0 0.608509
0.391985 0 0.608015
0.394942 0 0.605058
0.421847 0 0.578153
0.421487 0 0.578513
0.418491 0 0.581509
0.410659 0 0.589341
0.407423 0 0.592577
0.404486 0 0.595514
0.402691 0 0.597309
0.417137 0 0.582863
0.415201 0 0.584799
0.412186 0 0.587814
0.409246 0 0.590754
0.40513 0 0.59487
0.401132 0 0.598868
0.396476 0 0.603524
0.0838373 0 0.916163
0.0836681 0 0.916332
0.0802887 0 0.919711
0.0802505 0 0.919749
0.0800483 0 0.919952
0.0800209 0 0.919979
0.0799972 0 0.920003
0.0799778 0 0.920022
0.0799624 0 0.920038
0.0801062 0 0.919894
0.0800959 0 0.919904
0.0834172 0 0.916583
0.0834149 0 0.916585
0.0834168 0 0.916583
0.0834229 0 0.916577
0.080049 0 0.919951
0.0800628 0 0.919937
0.0800446 0 0.919955
0.0800703 0 0.91993
0.0801002 0 0.9199
0.0801345 0 0.919866
0.080173 0 0.919827
0.0802288 0 0.919771
0.0802704 0 0.91973
0.0837112 0 0.916289
0.0837629 0 0.916237
0.143607 0 0.856393
0.0488771 0 0.951123
0.0489262 0 0.951074
0.0489796 0 0.95102
0.0490357 0 0.950964
0.0490943 0 0.950906
0.380677 0 0.619323
0.380333 0 0.619667
0.38003 0 0.61997
0.380905 0 0.619095
0.381465 0 0.618535
0.375753 0 0.624247
0.374532 0 0.625468
0.373878 0 0.626122
0.370534 0 0.629466
0.367182 0 0.632818
0.356766 0 0.643234
0.332777 0 0.667223
0.311701 0 0.688299
0.30627 0 0.69373
0.304741 0 0.695259
0.303521 0 0.696479
0.302068 0 0.697932
0.30605 0 0.69395
0.30908 0 0.69092
0.311479 0 0.688521
0.312183 0 0.687817
0.311747 0 0.688253
0.311674 0 0.688326
0.307312 0 0.692688
0.301342 0 0.698658
0.298922 0 0.701078
0.280072 0 0.719928
0.282238 0 0.717762
0.281481 0 0.718519
0.280474 0 0.719526
0.280017 0 0.719983
0.279715 0 0.720285
0.279655 0 0.720345
0.279293 0 0.720707
0.279414 0 0.720586
0.280463 0 0.719537
0.273327 0 0.726673
0.274134 0 0.725866
0.274 0 0.726
0.273726 0 0.726274
0.274244 0 0.725756
0.274674 0 0.725326
0.275787 0 0.724213
0.276292 0 0.723708
0.276482 0 0.723518
0.246938 0 0.753062
0.27644 0 0.72356
0.246247 0 0.753753
0.245164 0 0.754836
0.244712 0 0.755288
0.244436 0 0.755564
0.24404 0 0.75596
0.24384 0 0.75616
0.508325 0 0.491675
0.507301 0 0.492699
0.505218 0 0.494782
0.503485 0 0.496515
0.502303 0 0.497697
0.501146 0 0.498854
0.500015 0 0.499985
0.498908 0 0.501092
0.497784 0 0.502216
0.493598 0 0.506402
0.482889 0 0.517111
0.469406 0 0.530594
0.458554 0 0.541445
0.450546 0 0.549454
0.443046 0 0.556954
0.439894 0 0.560106
0.437733 0 0.562267
0.435623 0 0.564377
0.433537 0 0.566463
0.431637 0 0.568363
0.429646 0 0.570354
0.427689 0 0.572311
0.426126 0 0.573874
0.424416 0 0.575584
0.422858 0 0.577142
0.421329 0 0.578671
0.419828 0 0.580172
0.418331 0 0.581669
0.416882 0 0.583118
0.415463 0 0.584537
0.414069 0 0.585931
0.412702 0 0.587298
0.410925 0 0.589075
0.405173 0 0.594827
0.401115 0 0.598885
0.397747 0 0.602253
0.394779 0 0.605221
0.392768 0 0.607232
0.390951 0 0.609049
0.389113 0 0.610887
0.387118 0 0.612882
0.385454 0 0.614546
0.383773 0 0.616227
0.381764 0 0.618236
0.379258 0 0.620742
0.377648 0 0.622352
0.376239 0 0.623761
0.369278 0 0.630722
0.364271 0 0.635729
0.359921 0 0.640079
0.360592 0 0.639408
0.367346 0 0.632654
0.373515 0 0.626485
0.371545 0 0.628455
0.369269 0 0.630731
0.362096 0 0.637904
0.361916 0 0.638084
0.355439 0 0.644561
0.347023 0 0.652977
0.343423 0 0.656577
0.346083 0 0.653917
0.357366 0 0.642634
0.35778 0 0.64222
0.355199 0 0.644801
0.35312 0 0.64688
0.0838435 0 0.916156
0.0836725 0 0.916327
0.0836287 0 0.916371
0.080255 0 0.919745
0.0802212 0 0.919779
0.0801911 0 0.919809
0.080165 0 0.919835
0.0801426 0 0.919857
0.0801246 0 0.919875
0.0801106 0 0.919889
0.0834283 0 0.916572
0.083422 0 0.916578
0.08342 0 0.91658
0.0834216 0 0.916578
0.0834277 0 0.916572
0.0834378 0 0.916562
0.0800677 0 0.919932
0.0800852 0 0.919915
0.0801069 0 0.919893
0.0801323 0 0.919868
0.0801624 0 0.919838
0.0801957 0 0.919804
0.0802336 0 0.919766
0.0836685 0 0.916332
0.0837161 0 0.916284
0.0837678 0 0.916232
0.143617 0 0.856383
0.0488701 0 0.95113
0.048921 0 0.951079
0.0489743 0 0.951026
0.0490301 0 0.95097
0.0490887 0 0.950911
0.350735 0 0.649265
0.34993 0 0.65007
0.349026 0 0.650974
0.348957 0 0.651043
0.349247 0 0.650753
0.344067 0 0.655933
0.342373 0 0.657627
0.341123 0 0.658877
0.339584 0 0.660416
0.336425 0 0.663575
0.324105 0 0.675895
0.310642 0 0.689358
0.303524 0 0.696476
0.299917 0 0.700083
0.294855 0 0.705145
0.293686 0 0.706314
0.293875 0 0.706125
0.293132 0 0.706869
0.294249 0 0.705751
0.294264 0 0.705736
0.294407 0 0.705593
0.295838 0 0.704162
0.297313 0 0.702687
0.274397 0 0.725603
0.275593 0 0.724407
0.276117 0 0.723883
0.276292 0 0.723708
0.276001 0 0.723999
0.275897 0 0.724103
0.278514 0 0.721486
0.278317 0 0.721683
0.278085 0 0.721915
0.277196 0 0.722804
0.275348 0 0.724652
0.269767 0 0.730233
0.268925 0 0.731075
0.269544 0 0.730456
0.271008 0 0.728992
0.27204 0 0.72796
0.272311 0 0.727689
0.272632 0 0.727368
0.273316 0 0.726684
0.273849 0 0.726151
0.274227 0 0.725773
0.273577 0 0.726423
0.272722 0 0.727278
0.244756 0 0.755244
0.2431 0 0.7569
0.242866 0 0.757134
0.243111 0 0.756889
0.242843 0 0.757157
0.242647 0 0.757353
0.24245 0 0.75755
0.242138 0 0.757862
0.495892 0 0.504108
0.495136 0 0.504864
0.494023 0 0.505977
0.492897 0 0.507103
0.491738 0 0.508262
0.490622 0 0.509378
0.489587 0 0.510413
0.48837 0 0.51163
0.486978 0 0.513022
0.472869 0 0.527131
0.459133 0 0.540867
0.449082 0 0.550918
0.441569 0 0.558431
0.437283 0 0.562717
0.435129 0 0.564871
0.433019 0 0.566981
0.430945 0 0.569055
0.428909 0 0.571091
0.42691 0 0.57309
0.424948 0 0.575052
0.423029 0 0.576971
0.42113 0 0.57887
0.419315 0 0.580685
0.417464 0 0.582536
0.415743 0 0.584257
0.413934 0 0.586066
0.41233 0 0.58767
0.410932 0 0.589068
0.409348 0 0.590652
0.407588 0 0.592412
0.403484 0 0.596516
0.399083 0 0.600917
0.394425 0 0.605575
0.390407 0 0.609593
0.388462 0 0.611538
0.386678 0 0.613322
0.384821 0 0.615179
0.382998 0 0.617002
0.381206 0 0.618794
0.378824 0 0.621176
0.375353 0 0.624647
0.372009 0 0.627991
0.368708 0 0.631292
0.363993 0 0.636007
0.359038 0 0.640962
0.353746 0 0.646254
0.348885 0 0.651115
0.340075 0 0.659925
0.33871 0 0.66129
0.34164 0 0.65836
0.349058 0 0.650942
0.351455 0 0.648545
0.350222 0 0.649778
0.345077 0 0.654923
0.337601 0 0.662399
0.320721 0 0.679279
0.313426 0 0.686574
0.306577 0 0.693423
0.304549 0 0.695451
0.305979 0 0.694021
0.309512 0 0.690488
0.31819 0 0.68181
0.317851 0 0.682149
0.316957 0 0.683043
0.0838507 0 0.916149
0.0836786 0 0.916321
0.0833896 0 0.91661
0.0802607 0 0.919739
0.0802269 0 0.919773
0.0801968 0 0.919803
0.0801707 0 0.919829
0.0801487 0 0.919851
0.0801307 0 0.919869
0.0801164 0 0.919884
0.0831706 0 0.916829
0.0831613 0 0.916839
0.0831554 0 0.916845
0.0831539 0 0.916846
0.0831563 0 0.916844
0.0831625 0 0.916838
0.0801075 0 0.919892
0.0801295 0 0.91987
0.0801555 0 0.919845
0.0801858 0 0.919814
0.08022 0 0.91978
0.0802586 0 0.919741
0.0803014 0 0.919699
0.0833557 0 0.916644
0.0833978 0 0.916602
0.083444 0 0.916556
0.14363 0 0.85637
0.0488651 0 0.951135
0.0489163 0 0.951084
0.0489697 0 0.95103
0.0490255 0 0.950975
0.0490841 0 0.950916
0.326448 0 0.673552
0.330759 0 0.669241
0.331593 0 0.668407
0.331892 0 0.668108
0.329898 0 0.670102
0.326012 0 0.673988
0.321535 0 0.678465
0.315074 0 0.684926
0.311928 0 0.688072
0.309366 0 0.690634
0.302679 0 0.697321
0.299413 0 0.700587
0.297081 0 0.702919
0.291793 0 0.708207
0.289952 0 0.710048
0.272937 0 0.727063
0.264218 0 0.735782
0.26235 0 0.73765
0.254352 0 0.745648
0.255803 0 0.744197
0.260476 0 0.739524
0.261413 0 0.738587
0.265742 0 0.734258
0.268138 0 0.731862
0.271249 0 0.728751
0.273681 0 0.726319
0.273748 0 0.726252
0.27351 0 0.72649
0.273817 0 0.726183
0.275541 0 0.724459
0.276676 0 0.723324
0.275658 0 0.724342
0.273136 0 0.726864
0.267854 0 0.732146
0.266531 0 0.733469
0.266065 0 0.733935
0.266429 0 0.733571
0.268254 0 0.731746
0.269994 0 0.730006
0.270914 0 0.729086
0.271286 0 0.728714
0.27201 0 0.72799
0.272415 0 0.727584
0.272374 0 0.727626
0.271758 0 0.728242
0.243653 0 0.756347
0.241093 0 0.758907
0.240695 0 0.759305
0.241149 0 0.758851
0.241536 0 0.758464
0.241317 0 0.758683
0.241246 0 0.758754
0.240871 0 0.759129
0.220612 0 0.779388
0.218137 0 0.781863
0.480754 0 0.519246
0.480812 0 0.519188
0.479987 0 0.520013
0.478795 0 0.521205
0.477687 0 0.522313
0.476614 0 0.523386
0.475562 0 0.524438
0.472529 0 0.527471
0.462971 0 0.537029
0.44892 0 0.55108
0.440164 0 0.559836
0.434711 0 0.565289
0.432564 0 0.567436
0.430465 0 0.569535
0.428407 0 0.571593
0.426372 0 0.573628
0.424383 0 0.575617
0.422425 0 0.577575
0.420508 0 0.579491
0.41862 0 0.58138
0.41677 0 0.58323
0.414945 0 0.585055
0.413167 0 0.586833
0.411136 0 0.588864
0.409226 0 0.590774
0.406297 0 0.593703
0.402807 0 0.597193
0.399145 0 0.600855
0.394595 0 0.605405
0.38999 0 0.61001
0.385872 0 0.614128
0.383977 0 0.616023
0.382191 0 0.617809
0.380435 0 0.619565
0.378658 0 0.621342
0.37623 0 0.62377
0.373157 0 0.626843
0.369981 0 0.630019
0.366882 0 0.633118
0.363879 0 0.636121
0.361159 0 0.638841
0.35737 0 0.64263
0.353513 0 0.646487
0.349702 0 0.650298
0.345161 0 0.654839
0.33796 0 0.66204
0.331807 0 0.668193
0.329358 0 0.670642
0.328302 0 0.671698
0.327428 0 0.672572
0.31948 0 0.68052
0.316747 0 0.683253
0.304541 0 0.695459
0.293631 0 0.706369
0.289033 0 0.710967
0.282594 0 0.717406
0.278798 0 0.721202
0.276852 0 0.723148
0.279414 0 0.720586
0.289528 0 0.710472
0.292466 0 0.707534
0.291589 0 0.708411
0.290936 0 0.709064
0.0838586 0 0.916141
0.0832021 0 0.916798
0.0831586 0 0.916841
0.0831193 0 0.916881
0.0804308 0 0.919569
0.0804025 0 0.919597
0.0803788 0 0.919621
0.080359 0 0.919641
0.0803433 0 0.919657
0.08297 0 0.91703
0.0829592 0 0.917041
0.0829529 0 0.917047
0.0829508 0 0.917049
0.0829527 0 0.917047
0.0829584 0 0.917042
0.0829685 0 0.917031
0.0829831 0 0.917017
0.0804263 0 0.919574
0.0804522 0 0.919548
0.0804827 0 0.919517
0.0805172 0 0.919483
0.0805563 0 0.919444
0.0831549 0 0.916845
0.0831982 0 0.916802
0.0832455 0 0.916754
0.0833561 0 0.916644
0.143856 0 0.856144
0.0488614 0 0.951139
0.0489119 0 0.951088
0.0489656 0 0.951034
0.0490215 0 0.950979
0.0490801 0 0.95092
0.297683 0 0.702317
0.303959 0 0.696041
0.305521 0 0.694479
0.305781 0 0.694219
0.301965 0 0.698035
0.298873 0 0.701127
0.297134 0 0.702866
0.295772 0 0.704228
0.293263 0 0.706737
0.292243 0 0.707757
0.28977 0 0.71023
0.285397 0 0.714602
0.278177 0 0.721823
0.271792 0 0.728208
0.263361 0 0.736639
0.262199 0 0.737801
0.251769 0 0.748231
0.248934 0 0.751066
0.2473 0 0.7527
0.2467 0 0.7533
0.246737 0 0.753263
0.247613 0 0.752387
0.24539 0 0.75461
0.244029 0 0.755971
0.245199 0 0.754801
0.268276 0 0.731724
0.270616 0 0.729384
0.270776 0 0.729224
0.271532 0 0.728468
0.272597 0 0.727403
0.273934 0 0.726066
0.260519 0 0.739481
0.258512 0 0.741488
0.259287 0 0.740713
0.25937 0 0.74063
0.259688 0 0.740312
0.263328 0 0.736672
0.264944 0 0.735056
0.267831 0 0.732169
0.269056 0 0.730944
0.269956 0 0.730044
0.270706 0 0.729294
0.271076 0 0.728924
0.270834 0 0.729166
0.244518 0 0.755482
0.238514 0 0.761486
0.236657 0 0.763343
0.238069 0 0.761931
0.23932 0 0.76068
0.239878 0 0.760122
0.239812 0 0.760188
0.239418 0 0.760582
0.22131 0 0.77869
0.215755 0 0.784245
0.216381 0 0.783619
0.217223 0 0.782777
0.455494 0 0.544506
0.456726 0 0.543274
0.461113 0 0.538887
0.461917 0 0.538083
0.461555 0 0.538445
0.460824 0 0.539176
0.459705 0 0.540295
0.451444 0 0.548556
0.439135 0 0.560866
0.432206 0 0.567794
0.430066 0 0.569934
0.42797 0 0.57203
0.425909 0 0.574091
0.423885 0 0.576115
0.421899 0 0.578101
0.419958 0 0.580042
0.417907 0 0.582093
0.416163 0 0.583837
0.413417 0 0.586583
0.410984 0 0.589016
0.407327 0 0.592673
0.403729 0 0.596271
0.400241 0 0.599759
0.396785 0 0.603215
0.393398 0 0.606602
0.390037 0 0.609963
0.385737 0 0.614263
0.381736 0 0.618264
0.379658 0 0.620342
0.37784 0 0.62216
0.375949 0 0.624051
0.37389 0 0.62611
0.371815 0 0.628185
0.369578 0 0.630422
0.366735 0 0.633265
0.363656 0 0.636344
0.360665 0 0.639335
0.358388 0 0.641612
0.35639 0 0.64361
0.354029 0 0.645971
0.350641 0 0.649359
0.347176 0 0.652824
0.343054 0 0.656946
0.336832 0 0.663168
0.331775 0 0.668225
0.327455 0 0.672545
0.29281 0 0.70719
0.289924 0 0.710076
0.288897 0 0.711103
0.286888 0 0.713112
0.28584 0 0.71416
0.273776 0 0.726224
0.261074 0 0.738926
0.25619 0 0.74381
0.255483 0 0.744517
0.25648 0 0.74352
0.257641 0 0.742359
0.259154 0 0.740846
0.262209 0 0.737791
0.265298 0 0.734702
0.26741 0 0.73259
0.268112 0 0.731888
0.0838683 0 0.916132
0.08321 0 0.91679
0.0831665 0 0.916834
0.0831272 0 0.916873
0.083092 0 0.916908
0.0830608 0 0.916939
0.0830338 0 0.916966
0.0830109 0 0.916989
0.0829921 0 0.917008
0.0829776 0 0.917022
0.0829674 0 0.917033
0.0829608 0 0.917039
0.0829586 0 0.917041
0.0829605 0 0.917039
0.0829666 0 0.917033
0.0829767 0 0.917023
0.0829906 0 0.917009
0.083009 0 0.916991
0.0830314 0 0.916969
0.0830579 0 0.916942
0.0830889 0 0.916911
0.083124 0 0.916876
0.0831628 0 0.916837
0.0832057 0 0.916794
0.0832535 0 0.916747
0.0837887 0 0.916211
0.143698 0 0.856302
0.0489024 0 0.951098
0.0489571 0 0.951043
0.0490143 0 0.950986
0.049074 0 0.950926
0.0491369 0 0.950863
0.281611 0 0.718389
0.282808 0 0.717192
0.282758 0 0.717242
0.281753 0 0.718247
0.281209 0 0.718791
0.280984 0 0.719016
0.268189 0 0.731811
0.267988 0 0.732012
0.268018 0 0.731982
0.268056 0 0.731944
0.268117 0 0.731883
0.266854 0 0.733146
0.26328 0 0.73672
0.262097 0 0.737903
0.258431 0 0.741569
0.251028 0 0.748972
0.247791 0 0.752209
0.245586 0 0.754414
0.245149 0 0.754851
0.244411 0 0.755589
0.243232 0 0.756768
0.241449 0 0.758551
0.238076 0 0.761924
0.238121 0 0.761879
0.238692 0 0.761308
0.240867 0 0.759133
0.243189 0 0.756811
0.245223 0 0.754777
0.246515 0 0.753485
0.252133 0 0.747867
0.253489 0 0.746511
0.255365 0 0.744635
0.256233 0 0.743767
0.256948 0 0.743052
0.256859 0 0.743141
0.257781 0 0.742219
0.259168 0 0.740832
0.261275 0 0.738725
0.26421 0 0.73579
0.26708 0 0.73292
0.268582 0 0.731418
0.269226 0 0.730774
0.224463 0 0.775537
0.223057 0 0.776943
0.222338 0 0.777662
0.222841 0 0.777159
0.223151 0 0.776849
0.22409 0 0.77591
0.233519 0 0.766481
0.237936 0 0.762064
0.237853 0 0.762147
0.225259 0 0.774741
0.213942 0 0.786058
0.213894 0 0.786106
0.214707 0 0.785293
0.207997 0 0.792003
0.205464 0 0.794536
0.429453 0 0.570547
0.434142 0 0.565858
0.438527 0 0.561473
0.442725 0 0.557275
0.444338 0 0.555662
0.444232 0 0.555768
0.439424 0 0.560576
0.43029 0 0.56971
0.427617 0 0.572383
0.425528 0 0.574472
0.423474 0 0.576526
0.421024 0 0.578976
0.419306 0 0.580694
0.41598 0 0.58402
0.41224 0 0.58776
0.408495 0 0.591505
0.404853 0 0.595147
0.401267 0 0.598733
0.397767 0 0.602233
0.394357 0 0.605643
0.390985 0 0.609015
0.387676 0 0.612324
0.384428 0 0.615571
0.381294 0 0.618706
0.377394 0 0.622606
0.375472 0 0.624528
0.373361 0 0.626639
0.371274 0 0.628726
0.369193 0 0.630807
0.367172 0 0.632828
0.365192 0 0.634808
0.363167 0 0.636833
0.360559 0 0.639441
0.357648 0 0.642352
0.355377 0 0.644623
0.353433 0 0.646567
0.351523 0 0.648477
0.349633 0 0.650367
0.34701 0 0.65299
0.344033 0 0.655967
0.340949 0 0.659051
0.335175 0 0.664824
0.331012 0 0.668988
0.289143 0 0.710857
0.286319 0 0.713681
0.265363 0 0.734637
0.264237 0 0.735763
0.262665 0 0.737335
0.246761 0 0.753239
0.243108 0 0.756892
0.23757 0 0.76243
0.235733 0 0.764267
0.235402 0 0.764598
0.235379 0 0.764621
0.236922 0 0.763078
0.239776 0 0.760224
0.244977 0 0.755023
0.246734 0 0.753266
0.247501 0 0.752499
0.247512 0 0.752488
0.247191 0 0.752809
0.24685 0 0.75315
0.0832191 0 0.916781
0.0831754 0 0.916825
0.0831363 0 0.916864
0.0831009 0 0.916899
0.0830697 0 0.91693
0.0830427 0 0.916957
0.0830198 0 0.91698
0.0830014 0 0.916999
0.0829865 0 0.917014
0.0829763 0 0.917024
0.08297 0 0.91703
0.0829678 0 0.917032
0.0829695 0 0.917031
0.0829752 0 0.917025
0.0829856 0 0.917014
0.0829999 0 0.917
0.0830179 0 0.916982
0.0830403 0 0.91696
0.0552916 0 0.944708
0.0502586 0 0.949741
0.0484286 0 0.951571
0.0484604 0 0.95154
0.0484953 0 0.951505
0.0485323 0 0.951468
0.0485717 0 0.951428
0.0486136 0 0.951386
0.0486575 0 0.951342
0.0487039 0 0.951296
0.0487531 0 0.951247
0.0488043 0 0.951196
0.0488581 0 0.951142
0.0489139 0 0.951086
0.0489726 0 0.951027
0.0490337 0 0.950966
0.0490974 0 0.950903
0.0491632 0 0.950837
0.0492323 0 0.950768
0.259801 0 0.740199
0.259458 0 0.740542
0.258197 0 0.741803
0.256756 0 0.743244
0.256763 0 0.743237
0.255993 0 0.744007
0.255733 0 0.744267
0.251399 0 0.748601
0.24976 0 0.75024
0.246642 0 0.753358
0.245219 0 0.754781
0.243339 0 0.756661
0.242739 0 0.757261
0.242362 0 0.757638
0.240661 0 0.759339
0.230738 0 0.769262
0.230982 0 0.769018
0.231138 0 0.768862
0.231 0 0.769
0.23259 0 0.76741
0.232512 0 0.767488
0.237083 0 0.762917
0.24023 0 0.759769
0.241655 0 0.758345
0.242208 0 0.757792
0.242098 0 0.757902
0.242206 0 0.757794
0.243347 0 0.756653
0.245301 0 0.754699
0.255971 0 0.744029
0.257129 0 0.742871
0.258554 0 0.741446
0.222841 0 0.777159
0.222566 0 0.777434
0.222542 0 0.777458
0.222396 0 0.777604
0.221656 0 0.778344
0.221204 0 0.778796
0.221069 0 0.778931
0.220846 0 0.779154
0.221496 0 0.778504
0.222297 0 0.777704
0.223855 0 0.776145
0.225476 0 0.774524
0.224859 0 0.775141
0.214801 0 0.785199
0.211772 0 0.788228
0.209972 0 0.790028
0.207188 0 0.792812
0.204702 0 0.795298
0.202822 0 0.797178
0.20147 0 0.79853
0.404348 0 0.595652
0.410425 0 0.589575
0.416075 0 0.583925
0.420983 0 0.579017
0.425543 0 0.574457
0.425392 0 0.574607
0.42419 0 0.57581
0.421014 0 0.578986
0.417146 0 0.582854
0.412031 0 0.587969
0.408245 0 0.591755
0.404493 0 0.595507
0.40074 0 0.59926
0.38498 0 0.61502
0.375095 0 0.624905
0.372749 0 0.627251
0.371428 0 0.628572
0.370139 0 0.629861
0.36886 0 0.63114
0.367952 0 0.632048
0.368171 0 0.631829
0.368646 0 0.631354
0.368879 0 0.631121
0.367669 0 0.632331
0.366064 0 0.633937
0.364042 0 0.635958
0.362437 0 0.637563
0.360678 0 0.639322
0.358636 0 0.641364
0.356769 0 0.643231
0.354631 0 0.645369
0.352464 0 0.647536
0.350331 0 0.649669
0.348205 0 0.651795
0.346286 0 0.653714
0.343945 0 0.656055
0.341723 0 0.658277
0.338814 0 0.661186
0.335513 0 0.664487
0.330467 0 0.669533
0.250295 0 0.749705
0.24929 0 0.75071
0.247773 0 0.752227
0.230202 0 0.769798
0.221696 0 0.778304
0.22146 0 0.77854
0.221407 0 0.778593
0.221556 0 0.778444
0.219576 0 0.780424
0.218555 0 0.781445
0.218696 0 0.781304
0.219472 0 0.780528
0.221196 0 0.778804
0.224554 0 0.775446
0.22753 0 0.77247
0.229882 0 0.770118
0.230618 0 0.769382
0.230253 0 0.769747
0.230073 0 0.769927
0.229909 0 0.770091
0.229919 0 0.770081
0.0837127 0 0.916287
0.0831855 0 0.916815
0.0831462 0 0.916854
0.0831108 0 0.916889
0.0830796 0 0.91692
0.0830526 0 0.916947
0.0830297 0 0.91697
0.0830113 0 0.916989
0.0829967 0 0.917003
0.082986 0 0.917014
0.0829796 0 0.91702
0.0829775 0 0.917023
0.0829794 0 0.917021
0.0829854 0 0.917015
0.0829956 0 0.917004
0.0830098 0 0.91699
0.0830282 0 0.916972
0.0582403 0 0.94176
0.05269 0 0.94731
0.0482221 0 0.951778
0.0482519 0 0.951748
0.0482838 0 0.951716
0.0483184 0 0.951682
0.0483547 0 0.951645
0.0483942 0 0.951606
0.0484357 0 0.951564
0.0484793 0 0.951521
0.0485253 0 0.951475
0.0485738 0 0.951426
0.0486251 0 0.951375
0.0486785 0 0.951322
0.0487339 0 0.951266
0.0487926 0 0.951207
0.048853 0 0.951147
0.0489159 0 0.951084
0.0489813 0 0.951019
0.0490496 0 0.95095
0.224687 0 0.775313
0.224489 0 0.775511
0.224527 0 0.775473
0.224838 0 0.775162
0.224506 0 0.775494
0.224403 0 0.775597
0.224907 0 0.775093
0.227692 0 0.772308
0.231326 0 0.768674
0.236076 0 0.763924
0.235932 0 0.764068
0.236924 0 0.763076
0.237752 0 0.762248
0.229263 0 0.770737
0.228892 0 0.771108
0.228669 0 0.771331
0.228782 0 0.771218
0.229098 0 0.770902
0.220356 0 0.779644
0.218539 0 0.781461
0.216983 0 0.783017
0.216051 0 0.783949
0.216424 0 0.783576
0.216375 0 0.783625
0.233488 0 0.766512
0.237022 0 0.762978
0.22266 0 0.77734
0.239822 0 0.760178
0.217039 0 0.782961
0.215327 0 0.784673
0.219416 0 0.780584
0.221197 0 0.778803
0.221009 0 0.778991
0.22057 0 0.77943
0.22044 0 0.77956
0.220722 0 0.779278
0.220103 0 0.779897
0.219934 0 0.780066
0.219817 0 0.780183
0.219805 0 0.780195
0.220234 0 0.779766
0.221035 0 0.778965
0.221792 0 0.778208
0.222172 0 0.777828
0.219164 0 0.780836
0.210716 0 0.789284
0.208595 0 0.791405
0.206242 0 0.793758
0.204593 0 0.795407
0.202801 0 0.797199
0.201031 0 0.798969
0.199565 0 0.800435
0.19783 0 0.80217
 ] }
}
