# Real Time: 712.078
# Simulation Time: 12.48
# Radar Position: 878.354 -202.729 3.05963
# Radar Quat: 0.0358144 -0.00868818 0.242415 0.969472
PointSet {
 coord Coordinate { point [
905.469 -241.906 5.74237
909.129 -241.714 5.65249
919.951 -241.952 5.47149
924.513 -240.005 5.24009
921.842 -237.349 5.07504
926.524 -233.929 4.736
918.192 -226.602 4.29919
918.182 -226.22 4.27023
918.497 -226.031 4.25123
890.462 -209.411 3.39648
890.547 -209.347 3.39046
919.668 -220.56 3.82524
924.577 -211.356 3.10515
924.659 -211.038 3.08216
905.464 -241.918 5.57615
909.118 -241.719 5.47876
919.948 -241.969 5.27233
924.492 -240.008 5.03266
921.825 -237.354 4.88082
926.521 -233.946 4.5361
918.209 -226.626 4.13789
918.176 -226.23 4.10904
918.475 -226.032 4.08901
890.462 -209.415 3.34822
890.54 -209.347 3.34187
919.673 -220.575 3.66857
924.591 -211.371 2.94128
924.639 -211.046 2.9183
905.461 -241.932 5.41006
909.109 -241.726 5.30525
919.956 -241.996 5.07365
924.475 -240.013 4.82551
921.81 -237.36 4.68679
926.519 -233.962 4.33619
918.233 -226.655 3.97659
918.17 -226.241 3.94789
918.455 -226.034 3.92699
890.469 -209.423 3.30008
890.551 -209.357 3.29368
892.076 -209.223 3.25324
919.682 -220.592 3.51189
919.95 -220.364 3.49047
924.61 -211.386 2.77726
924.623 -211.055 2.75454
905.459 -241.949 5.24409
909.101 -241.735 5.13187
924.46 -240.02 4.61854
921.797 -237.368 4.49288
926.518 -233.978 4.13626
918.277 -226.695 3.81545
918.165 -226.252 3.78674
918.437 -226.037 3.76512
890.469 -209.427 3.25177
890.543 -209.357 3.24513
892.047 -209.332 3.2082
892.077 -209.228 3.20028
919.695 -220.61 3.35513
919.882 -220.348 3.33264
924.635 -211.403 2.61301
924.609 -211.064 2.59084
905.46 -241.969 5.07827
909.094 -241.744 4.95859
924.447 -240.029 4.4117
921.787 -237.378 4.29914
926.516 -233.995 3.9363
918.161 -226.263 3.62561
918.419 -226.041 3.60339
890.469 -209.431 3.20345
890.536 -209.357 3.19662
892.066 -209.463 3.16338
892.071 -209.347 3.1553
919.714 -220.631 3.19827
919.847 -220.346 3.17538
924.674 -211.422 2.44839
924.598 -211.074 2.42718
905.466 -241.996 4.91272
909.087 -241.755 4.78539
924.435 -240.039 4.20498
921.783 -237.393 4.1056
926.514 -234.011 3.73631
918.156 -226.274 3.46449
918.403 -226.045 3.44177
890.469 -209.435 3.15513
890.528 -209.357 3.14816
892.052 -209.461 3.11003
892.029 -209.331 3.10203
919.742 -220.655 3.04124
919.823 -220.348 3.01835
924.588 -211.084 2.26354
937.591 -210.481 1.8437
936.783 -209.961 1.83308
936.618 -209.528 1.80942
936.34 -209.086 1.78848
936.023 -208.645 1.76871
935.716 -208.209 1.74905
935.267 -207.766 1.73304
909.082 -241.767 4.61223
924.425 -240.049 3.99832
926.512 -234.027 3.53629
918.153 -226.286 3.30337
918.388 -226.05 3.28025
890.469 -209.439 3.10679
890.521 -209.357 3.09975
892.086 -209.482 3.05674
892.023 -209.333 3.04904
919.789 -220.688 2.88387
919.806 -220.353 2.86142
924.58 -211.094 2.0999
937.301 -212.136 1.75213
936.13 -211.536 1.75118
935.275 -210.999 1.74407
935.131 -210.575 1.721
934.889 -210.14 1.70049
934.591 -209.702 1.68161
934.3 -209.27 1.66289
933.908 -208.832 1.64705
933.178 -208.365 1.64035
931.811 -207.847 1.6512
924.996 -206.863 1.80961
924.448 -206.49 1.80318
909.077 -241.78 4.43909
920.168 -241.745 4.04801
924.416 -240.061 3.79171
926.51 -234.043 3.33622
918.149 -226.297 3.14223
918.373 -226.055 3.1188
890.482 -209.451 3.05844
890.514 -209.357 3.05138
919.793 -220.36 2.70455
936.937 -213.775 1.66242
924.574 -211.105 1.93624
934.735 -212.547 1.66244
933.836 -211.992 1.65897
933.705 -211.574 1.63661
933.507 -211.148 1.61617
933.222 -210.714 1.59827
932.945 -210.285 1.58047
932.589 -209.851 1.56511
931.949 -209.386 1.55813
930.629 -208.852 1.57115
924.089 -207.759 1.73668
923.552 -207.381 1.7315
923.356 -207.044 1.71666
923.163 -206.71 1.70193
922.975 -206.38 1.68724
922.831 -206.056 1.67133
909.073 -241.793 4.26594
920.117 -241.716 3.84787
924.409 -240.074 3.5851
926.509 -234.06 3.13609
918.146 -226.309 2.98105
918.359 -226.06 2.95741
890.475 -209.451 3.01004
890.506 -209.357 3.00305
890.654 -209.327 2.99543
891.739 -209.436 2.95999
891.821 -209.36 2.95206
892.036 -209.348 2.94292
893.072 -209.724 2.92598
892.273 -209.224 2.92598
891.955 -208.96 2.92189
892.188 -208.951 2.91221
892.429 -208.941 2.90222
892.698 -208.941 2.89169
892.976 -208.941 2.8808
936.406 -215.375 1.57694
935.515 -214.764 1.57309
934.464 -214.134 1.57437
933.399 -213.518 1.57707
932.459 -212.942 1.57737
924.569 -211.116 1.77252
932.173 -212.113 1.53551
931.909 -211.683 1.51831
931.644 -211.257 1.50145
931.326 -210.827 1.48641
930.728 -210.362 1.48018
929.497 -209.819 1.49392
923.206 -208.624 1.66628
922.711 -208.245 1.66141
922.493 -207.905 1.64811
922.311 -207.573 1.63387
922.127 -207.244 1.61991
921.968 -206.92 1.60528
921.878 -206.605 1.58846
921.786 -206.292 1.57178
921.695 -205.98 1.55518
921.607 -205.67 1.53858
909.07 -241.808 4.09279
920.083 -241.703 3.6484
924.402 -240.088 3.3785
926.507 -234.076 2.93591
918.143 -226.321 2.81985
918.346 -226.066 2.79608
890.469 -209.451 2.96169
890.499 -209.357 2.95476
891.36 -209.478 2.92598
890.75 -209.052 2.92574
890.779 -208.957 2.91882
890.979 -208.948 2.90982
891.19 -208.941 2.90051
891.422 -208.941 2.89076
891.66 -208.941 2.88072
891.918 -208.947 2.87018
892.171 -208.947 2.85948
892.432 -208.947 2.84845
892.701 -208.947 2.83705
892.979 -208.947 2.82527
935.879 -216.966 1.49164
934.997 -216.329 1.4894
934.138 -215.712 1.48738
933.119 -215.072 1.49081
932.103 -214.45 1.49516
931.135 -213.853 1.49904
931.017 -213.445 1.47832
930.893 -213.039 1.45791
930.645 -212.612 1.44151
924.565 -211.127 1.60876
930.106 -211.765 1.41083
929.566 -211.303 1.40469
928.406 -210.75 1.41939
922.361 -209.463 1.59774
921.837 -209.072 1.59536
921.661 -208.739 1.5816
921.483 -208.407 1.56808
921.309 -208.08 1.55459
921.153 -207.757 1.54066
921.049 -207.444 1.52496
920.964 -207.134 1.5087
920.876 -206.825 1.49263
920.79 -206.518 1.47656
920.705 -206.213 1.46054
920.618 -205.909 1.44467
920.534 -205.607 1.42879
920.45 -205.306 1.41294
909.067 -241.823 3.91961
920.056 -241.698 3.44924
924.397 -240.103 3.17189
926.505 -234.092 2.73567
918.14 -226.333 2.65862
918.334 -226.073 2.63478
890.75 -209.84 2.92317
890.75 -209.726 2.91647
890.469 -209.455 2.91328
890.492 -209.357 2.90652
890.716 -209.368 2.89708
890.758 -209.28 2.88998
890.758 -209.169 2.88348
890.758 -209.059 2.87701
890.758 -208.951 2.87058
890.969 -208.947 2.86081
891.194 -208.947 2.85063
891.425 -208.947 2.84015
891.663 -208.947 2.82935
891.909 -208.947 2.81822
892.131 -208.934 2.80728
892.392 -208.934 2.79545
892.68 -208.942 2.78284
892.957 -208.942 2.7702
934.479 -217.886 1.40567
933.633 -217.244 1.40513
932.812 -216.623 1.40467
931.819 -215.973 1.41031
930.849 -215.345 1.4162
929.86 -214.728 1.42363
929.748 -214.324 1.40369
929.634 -213.923 1.38398
929.429 -213.506 1.36742
929.19 -213.086 1.35221
928.921 -212.664 1.3383
928.441 -212.207 1.33191
924.563 -211.138 1.44492
921.51 -210.27 1.53218
921.027 -209.879 1.53
920.851 -209.545 1.51712
920.681 -209.215 1.50414
920.514 -208.889 1.49124
920.359 -208.567 1.47808
920.252 -208.255 1.46318
920.164 -207.947 1.44771
920.083 -207.641 1.432
920 -207.337 1.41645
919.92 -207.035 1.40087
919.838 -206.734 1.38544
919.756 -206.435 1.37006
919.676 -206.137 1.35467
919.594 -205.841 1.33946
919.514 -205.546 1.3242
919.434 -205.253 1.30903
919.354 -204.961 1.29388
905.684 -241.839 3.89219
909.066 -241.839 3.7464
920.035 -241.697 3.25027
924.394 -240.119 2.96523
926.503 -234.108 2.53536
918.138 -226.345 2.49733
918.322 -226.079 2.47352
890.758 -209.848 2.87313
890.758 -209.734 2.86662
890.469 -209.459 2.86486
890.485 -209.357 2.85831
890.708 -209.368 2.84818
890.758 -209.284 2.84097
890.758 -209.173 2.83464
890.758 -209.063 2.82835
890.758 -208.955 2.82209
890.961 -208.947 2.81182
891.186 -208.947 2.80095
891.405 -208.942 2.78999
891.644 -208.942 2.77844
891.889 -208.942 2.76654
892.141 -208.942 2.75427
892.401 -208.942 2.7416
892.67 -208.942 2.72852
892.947 -208.942 2.71499
935.366 -219.86 1.27763
933.115 -218.768 1.32297
932.316 -218.126 1.32365
931.517 -217.497 1.32514
930.559 -216.84 1.33263
929.634 -216.206 1.33996
928.63 -215.568 1.35085
928.529 -215.17 1.33156
928.427 -214.775 1.31239
928.253 -214.365 1.29593
928.029 -213.948 1.28142
927.783 -213.531 1.26796
927.341 -213.077 1.26195
926.307 -212.509 1.27834
920.698 -211.055 1.46791
920.251 -210.664 1.46592
920.062 -210.327 1.45442
919.902 -209.999 1.44192
919.74 -209.673 1.42969
919.585 -209.351 1.41732
919.469 -209.039 1.40351
919.39 -208.734 1.38831
919.311 -208.431 1.37317
919.235 -208.13 1.35801
919.155 -207.83 1.34303
919.078 -207.532 1.32803
919.002 -207.236 1.31306
918.926 -206.941 1.29811
918.848 -206.647 1.28334
918.771 -206.355 1.26858
918.695 -206.065 1.25381
918.617 -205.776 1.2392
918.497 -205.485 1.2266
918.221 -205.187 1.22123
917.847 -204.887 1.22069
917.476 -204.592 1.2203
905.661 -241.826 3.72545
909.064 -241.856 3.57314
920.018 -241.7 3.05142
924.393 -240.137 2.75851
926.502 -234.124 2.335
918.136 -226.358 2.336
918.31 -226.086 2.31229
890.758 -209.853 2.82315
890.801 -209.762 2.81598
890.419 -209.435 2.81743
890.477 -209.357 2.81015
890.701 -209.368 2.79932
890.758 -209.288 2.79193
890.758 -209.177 2.78579
890.758 -209.067 2.77967
890.758 -208.959 2.77358
890.953 -208.947 2.76288
891.177 -208.947 2.75131
891.398 -208.942 2.73966
891.635 -208.942 2.72738
891.88 -208.942 2.71472
892.132 -208.942 2.70166
892.392 -208.942 2.68818
892.66 -208.942 2.67424
892.937 -208.942 2.65984
932.651 -220.304 1.23844
931.8 -219.618 1.24279
931.034 -218.972 1.24501
930.256 -218.337 1.2484
929.338 -217.673 1.2575
928.454 -217.035 1.26623
927.444 -216.377 1.28035
927.349 -215.983 1.2618
927.254 -215.592 1.24339
927.117 -215.194 1.22664
926.901 -214.778 1.21307
926.684 -214.367 1.19976
926.272 -213.915 1.19424
923.14 -212.853 1.29633
919.904 -211.816 1.40539
919.466 -211.42 1.40456
919.295 -211.086 1.39322
919.141 -210.758 1.38137
918.987 -210.434 1.36964
918.836 -210.113 1.35795
918.72 -209.801 1.34488
918.636 -209.497 1.33055
918.562 -209.196 1.31588
918.489 -208.898 1.30121
918.415 -208.601 1.28664
918.342 -208.305 1.27209
918.269 -208.011 1.25761
918.194 -207.719 1.24326
918.122 -207.428 1.22884
918.049 -207.139 1.21453
917.976 -206.851 1.20025
917.888 -206.563 1.18674
917.744 -206.272 1.17597
917.374 -205.964 1.17621
917.014 -205.662 1.17632
916.663 -205.367 1.17622
916.313 -205.076 1.17641
915.976 -204.792 1.17624
915.639 -204.512 1.17633
915.307 -204.238 1.17646
905.643 -241.818 3.55898
909.064 -241.874 3.39982
894.015 -219.577 3.08919
913.211 -239.197 3.07229
920.005 -241.706 2.85262
889.997 -212.599 2.95385
890.064 -212.516 2.94629
924.395 -240.158 2.55167
926.5 -234.141 2.13457
918.135 -226.371 2.1746
918.299 -226.093 2.15108
890.758 -209.857 2.77315
890.808 -209.77 2.76585
890.758 -209.628 2.76095
890.47 -209.357 2.76202
890.693 -209.368 2.7505
890.758 -209.292 2.74288
890.758 -209.181 2.73691
890.758 -209.071 2.73097
890.758 -208.962 2.72505
890.945 -208.947 2.71397
891.169 -208.947 2.70172
891.389 -208.942 2.68939
891.626 -208.942 2.67637
891.871 -208.942 2.66295
892.122 -208.942 2.6491
892.382 -208.942 2.6348
892.65 -208.942 2.62003
892.927 -208.942 2.60475
931.26 -221.099 1.16197
930.512 -220.432 1.1655
929.79 -219.788 1.16876
929.017 -219.141 1.17458
928.144 -218.475 1.18493
927.302 -217.833 1.19489
926.297 -217.157 1.21194
926.207 -216.767 1.1942
926.121 -216.381 1.17638
926.008 -215.99 1.15977
925.813 -215.58 1.14658
925.604 -215.17 1.13413
925.204 -214.716 1.12976
921.775 -213.515 1.25203
919.121 -212.553 1.34469
918.702 -212.154 1.34454
918.547 -211.823 1.33347
918.397 -211.496 1.32227
918.253 -211.173 1.311
918.106 -210.852 1.29994
917.986 -210.54 1.28782
917.903 -210.237 1.27415
917.833 -209.939 1.25996
917.762 -209.643 1.24583
917.694 -209.348 1.23166
917.623 -209.055 1.21767
917.554 -208.763 1.20365
917.485 -208.473 1.18965
917.418 -208.185 1.17564
917.347 -207.898 1.16181
886.403 -203.716 2.6658
886.331 -203.65 2.6658
886.26 -203.586 2.6658
886.191 -203.522 2.6658
886.122 -203.46 2.6658
886.055 -203.399 2.6658
885.988 -203.339 2.6658
885.923 -203.281 2.6658
885.859 -203.223 2.6658
885.802 -203.166 2.66546
885.755 -203.112 2.66461
885.709 -203.057 2.66376
885.664 -203.004 2.66292
885.619 -202.951 2.66208
881.597 -208.243 3.13837
905.628 -241.814 3.39265
909.065 -241.893 3.2264
893.042 -220.422 3.09583
893.037 -220.167 3.08489
893.037 -219.922 3.0741
893.037 -219.681 3.06346
893.154 -219.577 3.05289
893.363 -219.577 3.04215
893.575 -219.577 3.03125
893.79 -219.577 3.02018
894.008 -219.577 3.00894
913.188 -239.191 2.89651
889.998 -213.779 2.95538
889.994 -213.623 2.94832
889.991 -213.468 2.94134
889.987 -213.315 2.93443
889.984 -213.165 2.92759
889.98 -213.016 2.92081
889.977 -212.869 2.91411
889.974 -212.724 2.90746
889.97 -212.581 2.90088
889.967 -212.44 2.89436
890.115 -212.425 2.88562
924.403 -240.183 2.34461
926.498 -234.157 1.93405
918.134 -226.384 2.01313
918.288 -226.1 1.98987
890.758 -209.861 2.72313
890.758 -209.746 2.71721
890.758 -209.632 2.71132
890.469 -209.361 2.71376
890.686 -209.368 2.70171
890.758 -209.296 2.6938
890.758 -209.185 2.68801
890.758 -209.075 2.68224
890.758 -208.966 2.6765
890.937 -208.947 2.66511
891.161 -208.947 2.65216
891.381 -208.942 2.63916
891.618 -208.942 2.62541
891.862 -208.942 2.61123
892.113 -208.942 2.59659
892.373 -208.942 2.58148
892.64 -208.942 2.56586
892.916 -208.942 2.54971
920.009 -220.197 1.57819
924.017 -220.4 1.35405
924.102 -220.068 1.3306
929.972 -221.885 1.08564
929.259 -221.217 1.09049
928.576 -220.573 1.09482
927.812 -219.914 1.10298
926.98 -219.246 1.11457
926.18 -218.603 1.12564
925.18 -217.908 1.14564
925.1 -217.523 1.12845
925.019 -217.14 1.11142
924.926 -216.757 1.09498
924.75 -216.352 1.08217
924.558 -215.946 1.07022
924.227 -215.506 1.0645
920.597 -214.176 1.20415
918.35 -213.267 1.28557
917.969 -212.871 1.28527
917.813 -212.539 1.2751
917.671 -212.213 1.26441
917.534 -211.891 1.25369
917.394 -211.571 1.24319
917.269 -211.258 1.23208
917.188 -210.957 1.219
917.12 -210.66 1.20535
917.054 -210.366 1.19171
916.99 -210.073 1.17799
916.924 -209.782 1.16442
916.859 -209.493 1.1508
916.793 -209.205 1.13731
916.727 -208.919 1.12387
916.663 -208.635 1.11037
916.593 -208.351 1.0972
886.342 -203.824 2.64763
886.287 -203.76 2.64695
886.234 -203.696 2.64628
886.181 -203.634 2.6456
886.129 -203.573 2.64493
886.078 -203.512 2.64425
886.028 -203.453 2.64358
885.978 -203.394 2.6429
885.929 -203.336 2.64222
885.881 -203.279 2.64154
885.833 -203.223 2.64086
885.786 -203.167 2.64019
885.739 -203.112 2.63951
885.694 -203.058 2.63882
885.648 -203.005 2.63814
885.604 -202.952 2.63746
885.559 -202.9 2.63678
892.253 -226.711 3.30349
881.596 -208.246 3.11594
892.344 -226.11 3.27608
892.565 -226.108 3.26517
892.788 -226.106 3.25413
893.013 -226.103 3.24295
893.241 -226.103 3.23164
905.614 -241.813 3.22642
909.067 -241.915 3.05289
893.037 -220.424 3.01559
893.037 -220.175 3.00532
893.037 -219.93 2.99518
893.037 -219.689 2.98518
893.147 -219.577 2.97465
893.356 -219.577 2.96343
893.568 -219.577 2.95204
893.783 -219.577 2.94047
894 -219.577 2.92872
889.998 -215.092 2.95559
889.994 -214.917 2.94832
889.991 -214.744 2.94114
889.987 -214.574 2.93404
889.984 -214.406 2.92702
889.98 -214.241 2.92007
889.977 -214.078 2.9132
889.973 -213.917 2.9064
889.97 -213.758 2.89968
889.966 -213.602 2.89301
889.963 -213.448 2.88642
889.96 -213.296 2.87989
889.957 -213.145 2.87342
889.954 -212.997 2.86701
889.95 -212.851 2.86066
889.947 -212.706 2.85437
889.944 -212.564 2.84813
889.944 -212.425 2.84189
890.11 -212.425 2.83246
897.845 -216.04 2.55246
926.497 -234.173 1.73347
918.134 -226.397 1.85159
918.278 -226.108 1.82866
890.758 -209.865 2.67309
890.758 -209.75 2.66737
890.758 -209.636 2.66167
890.469 -209.365 2.66545
890.678 -209.368 2.65297
890.758 -209.3 2.64471
890.758 -209.189 2.63909
890.758 -209.079 2.6335
890.758 -208.97 2.62793
890.929 -208.947 2.61629
891.152 -208.947 2.60266
891.372 -208.942 2.58898
891.609 -208.942 2.57449
891.852 -208.942 2.55955
892.104 -208.942 2.54413
892.363 -208.942 2.5282
892.63 -208.942 2.51174
892.906 -208.942 2.49473
919.968 -220.193 1.42204
929.742 -223.462 0.992109
923.61 -220.619 1.21943
923.657 -220.274 1.19784
923.859 -219.989 1.16981
926.634 -220.658 1.03359
925.842 -219.988 1.04634
925.077 -219.342 1.05863
924.095 -218.634 1.08102
924.023 -218.253 1.0645
923.951 -217.874 1.04805
923.866 -217.495 1.03222
923.719 -217.098 1.01931
923.538 -216.695 1.00808
923.226 -216.256 1.00302
919.422 -214.796 1.15989
917.59 -213.96 1.22791
917.241 -213.567 1.22759
917.094 -213.235 1.21792
916.961 -212.91 1.20771
916.828 -212.589 1.19759
916.696 -212.27 1.18755
916.569 -211.956 1.17741
916.486 -211.655 1.16514
916.425 -211.361 1.15184
916.362 -211.068 1.13868
916.302 -210.778 1.12544
916.24 -210.489 1.11232
916.178 -210.202 1.09922
916.118 -209.916 1.0861
916.056 -209.632 1.0731
915.995 -209.35 1.06003
915.925 -209.068 1.04754
915.624 -208.75 1.04755
915.299 -208.433 1.04914
886.378 -203.888 2.62082
886.323 -203.823 2.62036
886.269 -203.759 2.6199
886.216 -203.696 2.61943
886.164 -203.634 2.61895
886.112 -203.573 2.61848
886.061 -203.512 2.61799
886.011 -203.453 2.61751
885.961 -203.394 2.61701
885.913 -203.337 2.61652
885.864 -203.28 2.61602
885.817 -203.223 2.61552
885.77 -203.168 2.61501
885.724 -203.113 2.61449
885.678 -203.059 2.61398
885.633 -203.006 2.61346
885.589 -202.953 2.61293
885.545 -202.901 2.6124
885.501 -202.85 2.61187
892.081 -227.206 3.23233
892.081 -226.811 3.21854
892.081 -226.427 3.20503
881.596 -208.249 3.09351
892.337 -226.11 3.18098
892.559 -226.108 3.16968
892.781 -226.106 3.15824
893.006 -226.104 3.14666
893.237 -226.108 3.13495
905.601 -241.813 3.06027
909.071 -241.939 2.87923
893.037 -220.433 2.93531
889.997 -216.57 2.95405
889.993 -216.371 2.94656
889.99 -216.175 2.93917
889.986 -215.983 2.93187
889.982 -215.794 2.92466
889.979 -215.608 2.91754
889.975 -215.425 2.9105
889.972 -215.244 2.90354
889.968 -215.067 2.89667
889.965 -214.892 2.88987
889.962 -214.72 2.88314
889.958 -214.55 2.87648
889.955 -214.383 2.8699
889.952 -214.218 2.86338
889.948 -214.056 2.85693
889.945 -213.895 2.85054
889.942 -213.737 2.84421
889.939 -213.581 2.83794
889.936 -213.428 2.83173
889.933 -213.276 2.82558
889.93 -213.126 2.81948
889.927 -212.978 2.81343
889.924 -212.833 2.80743
889.921 -212.688 2.80149
889.918 -212.546 2.79559
889.938 -212.425 2.78919
890.104 -212.425 2.77932
897.824 -216.034 2.47061
926.495 -234.189 1.53279
918.134 -226.411 1.68995
918.268 -226.116 1.66744
890.758 -209.869 2.62302
890.758 -209.755 2.61749
890.758 -209.641 2.61199
890.469 -209.369 2.61711
890.671 -209.368 2.60426
890.758 -209.304 2.59559
890.758 -209.193 2.59015
890.758 -209.083 2.58473
890.758 -208.974 2.57933
890.921 -208.947 2.56751
891.144 -208.947 2.55319
891.364 -208.942 2.53884
891.6 -208.942 2.52362
891.844 -208.942 2.50792
892.095 -208.942 2.49171
892.353 -208.942 2.47497
892.62 -208.942 2.45768
892.896 -208.942 2.43979
919.941 -220.194 1.26552
926.845 -222.7 0.946734
926.217 -222.052 0.953756
923.575 -220.619 1.05095
923.481 -220.219 1.03601
923.675 -219.932 1.00809
923.042 -219.335 1.01789
922.975 -218.957 1.0021
922.909 -218.583 0.986334
922.839 -218.209 0.970848
922.712 -217.819 0.958073
922.543 -217.418 0.947473
922.244 -216.98 0.943291
918.187 -215.354 1.12231
916.842 -214.632 1.17155
916.513 -214.239 1.17163
916.388 -213.913 1.1618
916.263 -213.589 1.15208
916.136 -213.268 1.14254
916.012 -212.951 1.13297
915.892 -212.638 1.12329
915.803 -212.335 1.11207
915.743 -212.042 1.09943
915.686 -211.752 1.08664
915.63 -211.464 1.07385
915.571 -211.176 1.06123
915.515 -210.891 1.04851
915.456 -210.608 1.03592
915.398 -210.325 1.02336
915.342 -210.045 1.01074
915.144 -209.74 1.00605
914.84 -209.418 1.00745
914.53 -209.1 1.00947
914.229 -208.789 1.01118
913.932 -208.484 1.0129
913.637 -208.184 1.01475
886.36 -203.887 2.59345
886.305 -203.822 2.5932
886.251 -203.759 2.59295
886.198 -203.696 2.59268
886.146 -203.634 2.59241
886.095 -203.573 2.59213
886.044 -203.512 2.59184
885.994 -203.453 2.59154
885.945 -203.395 2.59123
885.896 -203.337 2.59092
885.848 -203.28 2.59059
885.801 -203.224 2.59026
885.754 -203.169 2.58992
885.708 -203.114 2.58958
885.663 -203.06 2.58922
885.618 -203.007 2.58886
885.574 -202.954 2.58849
885.53 -202.903 2.58812
885.487 -202.851 2.58773
885.444 -202.801 2.58734
892.083 -226.827 3.12183
892.085 -226.444 3.10948
892.117 -226.121 3.09745
892.331 -226.111 3.0859
892.552 -226.108 3.07421
892.775 -226.106 3.06238
893.002 -226.108 3.05039
893.234 -226.114 3.03824
905.589 -241.815 2.89416
889.995 -218.256 2.95017
889.991 -218.027 2.94245
889.987 -217.803 2.93485
889.984 -217.583 2.92735
889.98 -217.366 2.91995
889.976 -217.154 2.91265
889.973 -216.945 2.90545
889.969 -216.74 2.89834
889.966 -216.539 2.89131
889.962 -216.341 2.88438
889.959 -216.146 2.87752
889.955 -215.954 2.87075
889.952 -215.766 2.86406
889.949 -215.581 2.85744
889.945 -215.398 2.85089
889.942 -215.218 2.84441
889.939 -215.041 2.83801
889.936 -214.867 2.83167
889.933 -214.696 2.82539
889.93 -214.526 2.81918
889.926 -214.36 2.81302
889.923 -214.196 2.80693
889.92 -214.034 2.80089
889.917 -213.874 2.79491
889.914 -213.716 2.78898
889.912 -213.561 2.7831
889.909 -213.408 2.77727
889.906 -213.257 2.77149
889.903 -213.107 2.76575
889.9 -212.96 2.76006
889.897 -212.814 2.75442
889.894 -212.671 2.74882
889.892 -212.529 2.74326
889.932 -212.425 2.73652
890.098 -212.425 2.72621
897.808 -216.03 2.38874
926.493 -234.205 1.33203
918.135 -226.425 1.52821
918.259 -226.124 1.5062
890.758 -209.759 2.5676
890.758 -209.645 2.56229
890.469 -209.373 2.56875
890.648 -209.36 2.55623
890.758 -209.308 2.54644
890.758 -209.197 2.54119
890.758 -209.087 2.53594
890.758 -208.978 2.53071
890.913 -208.947 2.51877
891.136 -208.947 2.50376
891.355 -208.942 2.48874
891.591 -208.942 2.47279
891.835 -208.942 2.45633
892.076 -208.938 2.43976
892.344 -208.942 2.42179
892.61 -208.942 2.40366
892.886 -208.942 2.38491
919.921 -220.198 1.10879
923.629 -221.388 0.915834
922.937 -220.74 0.930166
922.012 -220.012 0.956323
921.955 -219.639 0.941054
921.895 -219.267 0.92598
921.835 -218.899 0.91092
921.728 -218.516 0.898327
921.566 -218.116 0.888548
921.292 -217.682 0.884563
916.758 -215.801 1.09859
916.105 -215.285 1.11637
915.816 -214.9 1.11578
915.695 -214.573 1.10663
915.577 -214.25 1.09741
915.456 -213.93 1.08844
915.34 -213.614 1.07934
915.226 -213.302 1.07014
915.135 -212.998 1.05985
915.076 -212.706 1.04784
915.021 -212.417 1.03559
914.969 -212.13 1.02325
914.915 -211.845 1.01107
914.861 -211.562 0.998859
914.808 -211.28 0.986643
914.753 -211 0.974577
914.636 -210.707 0.966122
914.368 -210.385 0.966497
914.075 -210.062 0.968566
913.78 -209.744 0.970968
913.489 -209.432 0.973308
913.21 -209.127 0.975188
912.93 -208.826 0.977368
912.658 -208.531 0.979217
912.387 -208.241 0.981202
912.118 -207.956 0.983258
886.341 -203.887 2.56619
886.287 -203.822 2.56615
886.233 -203.758 2.56611
886.181 -203.695 2.56605
886.129 -203.633 2.56597
886.077 -203.573 2.56588
886.027 -203.513 2.56578
885.977 -203.453 2.56567
885.928 -203.395 2.56555
885.88 -203.337 2.56541
885.832 -203.281 2.56526
885.785 -203.225 2.56511
885.739 -203.169 2.56493
885.693 -203.115 2.56475
885.647 -203.061 2.56456
885.603 -203.008 2.56436
885.559 -202.956 2.56414
885.515 -202.904 2.56392
885.472 -202.853 2.56369
885.429 -202.802 2.56344
885.387 -202.752 2.56319
892.091 -226.465 3.01381
889.288 -221.325 3.01505
889.283 -221.024 3.00649
889.279 -220.731 2.99808
889.298 -220.481 2.98968
892.998 -226.114 2.9541
893.23 -226.12 2.94151
905.578 -241.818 2.72807
889.965 -218.45 2.89004
889.961 -218.218 2.88288
889.958 -217.991 2.87582
889.954 -217.767 2.86886
889.951 -217.548 2.86199
889.948 -217.332 2.8552
889.944 -217.121 2.8485
889.941 -216.913 2.84188
889.938 -216.709 2.83534
889.934 -216.508 2.82887
889.931 -216.311 2.82248
889.928 -216.117 2.81616
889.925 -215.926 2.80991
889.922 -215.738 2.80373
889.919 -215.553 2.79761
889.916 -215.372 2.79155
889.913 -215.193 2.78555
889.91 -215.016 2.77961
889.907 -214.843 2.77372
889.904 -214.672 2.7679
889.901 -214.503 2.76212
889.898 -214.337 2.75639
889.895 -214.173 2.75072
889.893 -214.012 2.74509
889.89 -213.853 2.73951
889.887 -213.696 2.73397
889.884 -213.541 2.72848
889.881 -213.388 2.72303
889.879 -213.237 2.71762
889.876 -213.088 2.71225
889.873 -212.941 2.70691
889.871 -212.796 2.70162
889.868 -212.653 2.69636
889.866 -212.512 2.69113
889.926 -212.425 2.68387
890.092 -212.425 2.67312
890.26 -212.425 2.66215
897.8 -216.032 2.30664
926.492 -234.222 1.13118
918.136 -226.439 1.36635
918.25 -226.132 1.34494
890.758 -209.763 2.51767
890.758 -209.649 2.51256
890.459 -209.372 2.52078
890.656 -209.368 2.50694
890.758 -209.312 2.49727
890.758 -209.201 2.49219
890.758 -209.091 2.48712
890.758 -208.982 2.48206
890.905 -208.947 2.47007
891.128 -208.947 2.45436
891.347 -208.942 2.43868
891.582 -208.942 2.422
891.825 -208.942 2.40478
892.075 -208.942 2.38704
892.334 -208.942 2.36866
892.601 -208.942 2.34969
892.876 -208.942 2.33007
919.907 -220.204 0.95186
920.956 -220.298 0.881404
920.905 -219.93 0.866832
920.851 -219.565 0.852455
920.766 -219.19 0.839801
920.616 -218.793 0.830591
920.337 -218.353 0.828378
915.886 -216.397 1.04998
915.374 -215.919 1.06245
915.135 -215.545 1.06049
915.013 -215.216 1.05233
914.898 -214.893 1.04385
914.787 -214.575 1.03519
914.678 -214.26 1.02657
914.566 -213.947 1.01815
914.473 -213.642 1.00871
914.419 -213.352 0.997119
914.369 -213.065 0.985356
914.321 -212.78 0.97344
914.271 -212.496 0.961717
914.223 -212.215 0.949882
914.172 -211.935 0.938181
914.109 -211.653 0.927307
913.894 -211.336 0.925506
913.605 -211.006 0.928421
913.325 -210.683 0.930909
913.046 -210.365 0.933583
912.77 -210.053 0.936285
912.504 -209.747 0.938537
912.238 -209.446 0.941041
911.974 -209.15 0.94355
911.719 -208.86 0.94564
911.465 -208.575 0.947935
911.215 -208.294 0.950063
910.97 -208.019 0.95209
910.725 -207.747 0.954308
886.323 -203.886 2.53904
886.269 -203.821 2.53922
886.215 -203.758 2.53937
886.163 -203.695 2.53952
886.111 -203.633 2.53964
886.06 -203.572 2.53974
886.01 -203.513 2.53983
885.961 -203.453 2.53991
885.912 -203.395 2.53996
885.864 -203.338 2.54001
885.816 -203.281 2.54003
885.769 -203.225 2.54004
885.723 -203.17 2.54004
885.677 -203.116 2.54002
885.632 -203.062 2.53999
885.588 -203.009 2.53994
885.544 -202.957 2.53988
885.5 -202.905 2.53981
885.457 -202.854 2.53972
885.415 -202.804 2.53962
885.373 -202.754 2.53951
885.332 -202.704 2.53938
889.25 -221.27 2.9401
889.246 -220.971 2.93246
889.242 -220.679 2.92496
889.251 -220.415 2.91742
889.422 -220.415 2.90772
893.227 -226.126 2.84472
895.548 -228.567 2.77775
895.497 -228.105 2.76796
895.751 -228.097 2.75296
895.428 -227.259 2.74839
893.134 -223.652 2.78177
893.161 -223.382 2.77256
893.152 -223.069 2.76415
889.931 -218.412 2.8224
889.928 -218.181 2.81592
889.925 -217.954 2.80951
889.922 -217.732 2.80318
889.918 -217.513 2.79693
889.915 -217.299 2.79075
889.912 -217.088 2.78464
889.909 -216.881 2.7786
889.906 -216.678 2.77263
889.903 -216.478 2.76671
889.9 -216.281 2.76086
889.898 -216.088 2.75507
889.895 -215.898 2.74934
889.892 -215.711 2.74365
889.889 -215.527 2.73803
889.886 -215.345 2.73245
889.883 -215.167 2.72693
889.881 -214.991 2.72145
889.878 -214.818 2.71602
889.875 -214.648 2.71063
889.873 -214.48 2.70529
889.87 -214.314 2.69999
889.867 -214.151 2.69473
889.865 -213.99 2.68951
889.862 -213.831 2.68433
889.86 -213.675 2.67918
889.857 -213.521 2.67407
889.854 -213.368 2.66899
889.852 -213.218 2.66395
889.849 -213.069 2.65894
889.847 -212.923 2.65396
889.844 -212.778 2.64901
889.842 -212.635 2.64409
889.841 -212.496 2.63914
889.921 -212.425 2.63123
890.086 -212.425 2.62004
890.254 -212.425 2.60862
897.781 -216.026 2.22501
926.49 -234.238 0.930164
918.138 -226.454 1.20432
918.241 -226.141 1.1836
890.758 -209.767 2.46771
890.758 -209.653 2.46279
890.47 -209.381 2.47188
890.648 -209.368 2.45832
890.758 -209.316 2.44806
890.758 -209.205 2.44316
890.758 -209.095 2.43827
890.758 -208.986 2.43338
890.897 -208.947 2.42138
891.119 -208.947 2.40499
891.338 -208.942 2.38864
891.574 -208.942 2.37123
891.816 -208.942 2.35326
892.067 -208.942 2.33471
892.325 -208.942 2.31555
892.591 -208.942 2.29575
892.865 -208.942 2.27527
919.891 -220.21 0.795014
919.816 -219.839 0.782767
919.69 -219.451 0.773484
919.403 -219.002 0.773219
915.135 -217.012 0.996664
914.66 -216.537 1.009
914.457 -216.172 1.00626
914.34 -215.843 0.998773
914.231 -215.521 0.990802
914.128 -215.203 0.982672
914.024 -214.889 0.974553
913.918 -214.576 0.966718
913.823 -214.271 0.958196
913.774 -213.982 0.947094
913.73 -213.697 0.935649
913.684 -213.413 0.924311
913.638 -213.131 0.913005
913.594 -212.851 0.901618
913.545 -212.572 0.890535
913.408 -212.271 0.884923
913.132 -211.935 0.888088
912.857 -211.605 0.891366
912.592 -211.282 0.894191
912.327 -210.965 0.897229
912.065 -210.652 0.900277
911.813 -210.347 0.902847
911.559 -210.045 0.905699
911.308 -209.749 0.908535
911.066 -209.459 0.910939
910.823 -209.173 0.913551
910.583 -208.892 0.916191
910.349 -208.616 0.918513
910.118 -208.344 0.920836
909.887 -208.076 0.923296
909.663 -207.813 0.925454
909.441 -207.555 0.927594
886.305 -203.885 2.51199
886.251 -203.821 2.51238
886.198 -203.757 2.51274
886.145 -203.695 2.51308
886.094 -203.633 2.5134
886.043 -203.572 2.5137
885.993 -203.513 2.51397
885.944 -203.454 2.51423
885.895 -203.396 2.51447
885.847 -203.338 2.51469
885.8 -203.282 2.51488
885.753 -203.226 2.51506
885.707 -203.171 2.51523
885.662 -203.117 2.51537
885.617 -203.063 2.5155
885.573 -203.01 2.51561
885.529 -202.958 2.5157
885.486 -202.906 2.51578
885.443 -202.855 2.51584
885.401 -202.805 2.51589
885.359 -202.755 2.51592
885.318 -202.706 2.51593
885.277 -202.657 2.51593
889.209 -220.918 2.85889
889.206 -220.628 2.85228
889.246 -220.415 2.84491
889.417 -220.415 2.8349
881.254 -207.302 3.00096
895.369 -228.309 2.67345
895.491 -228.108 2.66112
895.724 -228.07 2.64615
895.425 -227.265 2.64406
893.13 -223.655 2.69236
893.154 -223.383 2.68391
893.148 -223.074 2.67633
889.898 -218.374 2.75513
889.895 -218.144 2.74931
889.892 -217.918 2.74355
889.889 -217.696 2.73785
889.886 -217.479 2.73221
889.883 -217.265 2.72663
889.881 -217.055 2.72111
889.878 -216.849 2.71564
889.875 -216.647 2.71023
889.872 -216.448 2.70486
889.87 -216.252 2.69954
889.867 -216.059 2.69427
889.865 -215.87 2.68905
889.862 -215.683 2.68387
889.859 -215.5 2.67873
889.857 -215.319 2.67364
889.854 -215.141 2.66858
889.852 -214.966 2.66356
889.849 -214.794 2.65858
889.847 -214.624 2.65363
889.844 -214.457 2.64872
889.842 -214.292 2.64384
889.839 -214.129 2.63899
889.837 -213.968 2.63418
889.835 -213.81 2.62939
889.832 -213.654 2.62463
889.83 -213.5 2.6199
889.828 -213.349 2.61519
889.825 -213.199 2.61052
889.823 -213.051 2.60586
889.821 -212.905 2.60123
889.818 -212.76 2.59663
889.816 -212.618 2.59204
889.84 -212.499 2.5864
889.915 -212.425 2.57862
890.08 -212.425 2.56699
890.248 -212.425 2.55513
897.763 -216.02 2.14352
926.488 -234.254 0.729113
918.14 -226.469 1.04219
918.233 -226.15 1.02227
890.277 -209.608 2.44721
890.277 -209.498 2.44267
890.435 -209.477 2.42984
890.5 -209.402 2.42183
890.641 -209.368 2.40974
890.758 -209.32 2.39883
890.758 -209.209 2.39411
890.758 -209.099 2.3894
890.758 -208.99 2.38468
890.889 -208.947 2.37275
891.111 -208.947 2.35568
891.33 -208.942 2.33866
891.565 -208.942 2.32052
891.807 -208.942 2.3018
892.057 -208.942 2.28247
892.315 -208.942 2.26251
892.581 -208.942 2.24187
892.914 -208.967 2.21712
918.491 -219.632 0.718954
914.388 -217.607 0.944622
913.963 -217.142 0.955992
913.774 -216.779 0.95358
913.676 -216.455 0.945926
913.574 -216.134 0.938476
913.477 -215.817 0.930858
913.376 -215.502 0.923492
913.279 -215.191 0.915917
913.184 -214.884 0.90836
913.138 -214.596 0.897722
913.098 -214.313 0.886766
913.057 -214.03 0.875862
913.015 -213.75 0.865022
912.975 -213.472 0.854074
912.886 -213.181 0.846237
912.647 -212.848 0.848139
912.385 -212.513 0.851703
912.124 -212.183 0.855329
911.87 -211.86 0.858728
911.622 -211.543 0.861859
911.373 -211.231 0.865236
911.133 -210.925 0.868201
910.893 -210.624 0.871294
910.654 -210.328 0.874442
910.425 -210.038 0.877101
910.194 -209.752 0.880062
909.965 -209.47 0.883
909.743 -209.194 0.885564
909.522 -208.922 0.888219
909.302 -208.654 0.890964
909.087 -208.39 0.893507
908.877 -208.131 0.89581
908.665 -207.876 0.898375
908.456 -207.624 0.900882
886.341 -203.95 2.48444
886.286 -203.884 2.48506
886.233 -203.82 2.48566
886.18 -203.757 2.48622
886.128 -203.694 2.48676
886.077 -203.633 2.48727
886.026 -203.572 2.48776
885.977 -203.513 2.48822
885.927 -203.454 2.48866
885.879 -203.396 2.48908
885.831 -203.339 2.48947
885.784 -203.282 2.48984
885.738 -203.227 2.49019
885.692 -203.172 2.49051
885.647 -203.117 2.49082
885.602 -203.064 2.49111
885.558 -203.011 2.49137
885.514 -202.959 2.49162
885.471 -202.907 2.49184
885.429 -202.857 2.49205
885.386 -202.806 2.49224
885.345 -202.757 2.49241
885.304 -202.708 2.49256
885.263 -202.659 2.4927
885.223 -202.611 2.49281
889.17 -220.577 2.78003
889.241 -220.415 2.77242
881.232 -207.341 2.98402
881.245 -207.29 2.98217
881.284 -207.28 2.9796
881.322 -207.27 2.97701
881.361 -207.26 2.97439
895.485 -228.111 2.55428
895.716 -228.071 2.539
895.421 -227.272 2.5397
893.129 -223.665 2.60281
893.148 -223.385 2.59526
893.145 -223.078 2.5885
889.864 -218.336 2.68821
889.861 -218.107 2.68303
889.859 -217.882 2.67791
889.856 -217.661 2.67284
889.854 -217.445 2.66781
889.851 -217.232 2.66282
889.849 -217.023 2.65788
889.846 -216.818 2.65298
889.844 -216.616 2.64812
889.842 -216.417 2.64329
889.839 -216.222 2.63851
889.837 -216.03 2.63376
889.835 -215.842 2.62904
889.832 -215.656 2.62436
889.83 -215.473 2.6197
889.827 -215.293 2.61508
889.825 -215.116 2.61049
889.823 -214.942 2.60592
889.821 -214.77 2.60139
889.818 -214.6 2.59687
889.816 -214.433 2.59239
889.814 -214.269 2.58793
889.812 -214.107 2.58349
889.81 -213.947 2.57907
889.807 -213.789 2.57468
889.805 -213.634 2.5703
889.803 -213.48 2.56595
889.801 -213.329 2.56161
889.799 -213.179 2.55729
889.796 -213.032 2.55299
889.794 -212.886 2.54871
889.792 -212.743 2.54444
889.803 -212.611 2.53962
889.839 -212.503 2.53363
889.909 -212.425 2.52603
890.074 -212.425 2.51397
890.242 -212.425 2.50166
926.486 -234.271 0.527953
928.305 -234.477 0.395727
927.828 -233.692 0.403087
927.293 -232.884 0.413994
926.761 -232.093 0.425089
918.143 -226.485 0.879897
918.225 -226.159 0.860887
890.277 -209.612 2.39895
890.277 -209.502 2.39459
890.428 -209.477 2.38173
890.628 -209.477 2.36598
890.633 -209.368 2.36119
890.758 -209.324 2.34958
890.758 -209.213 2.34504
890.758 -209.103 2.3405
890.758 -208.994 2.33595
890.881 -208.947 2.32415
891.103 -208.947 2.3064
891.321 -208.942 2.28871
891.556 -208.942 2.26984
891.798 -208.942 2.25037
892.048 -208.942 2.23027
892.317 -208.947 2.20882
892.582 -208.947 2.18733
892.857 -208.947 2.16512
913.111 -217.374 0.900835
913.019 -217.052 0.893689
912.925 -216.731 0.886773
912.834 -216.415 0.879651
912.739 -216.101 0.872798
912.649 -215.791 0.865709
912.562 -215.485 0.858486
912.511 -215.196 0.848908
912.476 -214.914 0.838353
912.439 -214.633 0.82788
912.403 -214.355 0.817397
912.325 -214.064 0.809652
912.148 -213.743 0.808567
911.895 -213.403 0.812608
911.651 -213.069 0.816284
911.405 -212.74 0.820238
911.162 -212.418 0.82406
910.929 -212.102 0.827406
910.693 -211.79 0.831097
910.462 -211.484 0.834632
910.238 -211.184 0.83776
910.011 -210.888 0.841208
909.789 -210.597 0.844519
904.595 -209.098 1.20044
904.521 -208.887 1.19537
904.435 -208.675 1.19119
904.588 -208.518 1.16981
904.615 -208.331 1.15745
904.522 -208.121 1.1537
904.442 -207.915 1.14904
904.586 -207.753 1.12794
907.92 -208.182 0.870378
907.723 -207.933 0.873082
907.531 -207.689 0.875449
907.341 -207.449 0.877855
886.322 -203.949 2.45741
886.268 -203.884 2.45824
886.215 -203.82 2.45904
886.162 -203.756 2.4598
886.111 -203.694 2.46054
886.06 -203.633 2.46124
886.009 -203.572 2.46192
885.96 -203.513 2.46257
885.911 -203.454 2.46319
885.863 -203.396 2.46378
885.815 -203.339 2.46435
885.768 -203.283 2.46489
885.722 -203.227 2.4654
885.676 -203.172 2.46589
885.631 -203.118 2.46636
885.587 -203.065 2.4668
885.543 -203.012 2.46722
885.499 -202.96 2.46761
885.457 -202.909 2.46799
885.414 -202.858 2.46834
885.372 -202.808 2.46867
885.331 -202.758 2.46898
885.29 -202.709 2.46927
885.25 -202.661 2.46954
885.21 -202.613 2.46979
885.17 -202.566 2.47001
889.236 -220.415 2.69995
881.226 -207.333 2.9651
881.241 -207.287 2.96329
881.28 -207.276 2.96069
881.318 -207.266 2.95807
881.357 -207.255 2.95542
895.479 -228.115 2.44741
895.708 -228.072 2.43187
895.417 -227.278 2.43532
893.129 -223.674 2.51321
893.142 -223.386 2.50662
893.141 -223.083 2.50064
889.831 -218.298 2.62162
889.829 -218.07 2.61709
889.826 -217.846 2.6126
889.824 -217.627 2.60814
889.822 -217.411 2.60371
889.82 -217.199 2.59932
889.817 -216.991 2.59495
889.815 -216.786 2.59061
889.813 -216.585 2.5863
889.811 -216.387 2.58201
889.809 -216.193 2.57775
889.807 -216.002 2.57351
889.805 -215.814 2.5693
889.803 -215.629 2.56511
889.8 -215.447 2.56093
889.798 -215.267 2.55678
889.796 -215.091 2.55265
889.794 -214.917 2.54853
889.792 -214.746 2.54444
889.79 -214.577 2.54036
889.788 -214.41 2.53629
889.786 -214.247 2.53224
889.784 -214.085 2.52821
889.782 -213.926 2.52419
889.78 -213.768 2.52019
889.778 -213.613 2.51619
889.776 -213.46 2.51221
889.774 -213.309 2.50824
889.772 -213.16 2.50428
889.77 -213.013 2.50033
889.768 -212.868 2.49639
889.766 -212.725 2.49246
889.801 -212.615 2.48669
889.837 -212.507 2.48084
889.903 -212.425 2.47346
890.068 -212.425 2.46096
890.236 -212.425 2.4482
897.724 -216.008 1.98089
927.133 -235.693 0.323641
926.697 -234.91 0.331371
926.21 -234.107 0.342294
925.714 -233.312 0.354003
925.223 -232.534 0.365829
924.752 -231.783 0.376797
923.528 -230.58 0.431922
921.957 -229.193 0.508193
918.147 -226.501 0.717428
918.217 -226.168 0.699449
890.277 -209.617 2.35065
890.277 -209.506 2.34648
890.421 -209.477 2.33364
890.499 -209.41 2.32466
890.626 -209.368 2.31268
890.758 -209.328 2.30029
890.758 -209.217 2.29593
890.758 -209.107 2.29156
890.758 -208.998 2.28719
890.873 -208.947 2.27559
891.095 -208.947 2.25715
891.313 -208.942 2.2388
891.58 -208.958 2.21712
891.8 -208.947 2.19829
892.05 -208.947 2.1774
892.307 -208.947 2.15581
892.572 -208.947 2.1335
892.846 -208.947 2.11042
912.197 -216.999 0.828992
912.109 -216.685 0.822626
912.025 -216.376 0.816057
911.943 -216.071 0.809337
911.895 -215.782 0.800413
911.862 -215.5 0.790457
911.829 -215.221 0.780447
911.772 -214.935 0.772102
911.64 -214.624 0.768924
911.398 -214.278 0.773424
911.159 -213.938 0.777843
910.929 -213.607 0.781775
910.697 -213.278 0.786044
910.469 -212.957 0.790062
910.247 -212.641 0.793817
910.024 -212.33 0.797808
909.806 -212.025 0.801528
905.141 -210.439 1.12651
904.893 -210.167 1.1344
904.645 -209.9 1.14233
904.498 -209.664 1.14312
903.879 -209.309 1.17872
903.652 -209.062 1.18576
903.606 -208.864 1.17938
903.63 -208.683 1.16779
903.817 -208.54 1.14388
903.848 -208.36 1.13157
903.87 -208.178 1.11988
903.368 -207.888 1.1482
903.422 -207.717 1.13414
903.525 -207.556 1.11618
903.814 -207.427 1.0837
904.266 -207.324 1.03818
906.478 -207.516 0.854238
906.303 -207.286 0.856629
886.304 -203.948 2.43049
886.25 -203.883 2.43153
886.197 -203.819 2.43253
886.145 -203.756 2.43349
886.093 -203.694 2.43442
886.043 -203.633 2.43532
885.993 -203.572 2.43618
885.943 -203.513 2.43701
885.895 -203.454 2.43781
885.847 -203.396 2.43858
885.799 -203.339 2.43931
885.753 -203.283 2.44002
885.706 -203.228 2.4407
885.661 -203.173 2.44135
885.616 -203.119 2.44198
885.572 -203.066 2.44258
885.528 -203.013 2.44315
885.485 -202.961 2.44369
885.442 -202.91 2.44421
885.4 -202.859 2.44471
885.358 -202.809 2.44518
885.317 -202.76 2.44563
885.276 -202.711 2.44605
885.236 -202.662 2.44646
885.196 -202.615 2.44684
885.157 -202.567 2.44719
885.118 -202.521 2.44753
 ] }
 color Color { color [
0.47721 0 0.52279
0.497363 0 0.502637
0.572241 0 0.427759
0.593708 0 0.406292
0.556222 0 0.443778
0.57416 0 0.42584
0.464605 0 0.535395
0.462551 0 0.537449
0.464314 0 0.535686
0.138336 0 0.861664
0.138776 0 0.861224
0.450044 0 0.549956
0.47021 0 0.52979
0.470443 0 0.529557
0.477193 0 0.522807
0.497244 0 0.502756
0.57226 0 0.42774
0.593492 0 0.406508
0.556057 0 0.443943
0.574176 0 0.425824
0.464833 0 0.535167
0.462516 0 0.537484
0.464091 0 0.535909
0.138345 0 0.861655
0.1387 0 0.8613
0.450125 0 0.549875
0.470382 0 0.529618
0.470268 0 0.529732
0.477204 0 0.522796
0.497159 0 0.502841
0.572425 0 0.427575
0.593327 0 0.406673
0.555918 0 0.444082
0.5742 0 0.4258
0.465147 0 0.534853
0.462491 0 0.537509
0.463895 0 0.536105
0.13843 0 0.86157
0.138834 0 0.861166
0.151828 0 0.848172
0.450253 0 0.549747
0.451818 0 0.548182
0.470601 0 0.529399
0.470132 0 0.529868
0.477251 0 0.522749
0.497101 0 0.502899
0.593198 0 0.406802
0.555809 0 0.444191
0.574232 0 0.425768
0.465704 0 0.534296
0.462475 0 0.537525
0.463722 0 0.536278
0.138442 0 0.861558
0.138761 0 0.861238
0.152029 0 0.847971
0.151851 0 0.848149
0.450434 0 0.549566
0.45112 0 0.54888
0.470891 0 0.529109
0.470029 0 0.529971
0.477346 0 0.522654
0.497066 0 0.502934
0.5931 0 0.4069
0.555742 0 0.444258
0.574271 0 0.425729
0.462469 0 0.537531
0.463569 0 0.536431
0.138456 0 0.861544
0.138691 0 0.861309
0.152768 0 0.847232
0.152302 0 0.847698
0.450683 0 0.549317
0.450786 0 0.549214
0.471322 0 0.528678
0.469953 0 0.530047
0.477534 0 0.522466
0.49705 0 0.50295
0.593028 0 0.406972
0.555769 0 0.444231
0.574317 0 0.425683
0.462471 0 0.537529
0.463435 0 0.536565
0.138471 0 0.861529
0.138622 0 0.861378
0.152635 0 0.847365
0.151852 0 0.848148
0.451032 0 0.548968
0.450572 0 0.549428
0.469902 0 0.530098
0.597544 0 0.402456
0.588873 0 0.411127
0.586733 0 0.413267
0.583476 0 0.416524
0.579861 0 0.420139
0.576386 0 0.423614
0.571512 0 0.428488
0.497053 0 0.502947
0.592981 0 0.407019
0.57437 0 0.42563
0.462484 0 0.537516
0.463315 0 0.536685
0.138489 0 0.861511
0.138555 0 0.861445
0.153023 0 0.846977
0.151809 0 0.848191
0.451598 0 0.548402
0.450433 0 0.549567
0.469871 0 0.530129
0.597074 0 0.402926
0.584582 0 0.415418
0.575337 0 0.424663
0.573323 0 0.426677
0.570348 0 0.429652
0.566846 0 0.433154
0.563443 0 0.436557
0.559057 0 0.440943
0.551314 0 0.448686
0.537197 0 0.462803
0.468419 0 0.531581
0.462639 0 0.537361
0.497072 0 0.502928
0.571985 0 0.428015
0.592956 0 0.407044
0.574431 0 0.425569
0.462507 0 0.537493
0.46321 0 0.53679
0.138666 0 0.861334
0.13849 0 0.86151
0.450352 0 0.549648
0.596316 0 0.403684
0.469863 0 0.530137
0.572469 0 0.427531
0.562675 0 0.437325
0.560713 0 0.439287
0.558104 0 0.441896
0.554652 0 0.445348
0.55131 0 0.44869
0.547214 0 0.452786
0.540276 0 0.459724
0.526531 0 0.473469
0.460296 0 0.539704
0.454563 0 0.545437
0.452284 0 0.547716
0.450057 0 0.549943
0.447908 0 0.552092
0.446233 0 0.553767
0.497108 0 0.502892
0.57138 0 0.42862
0.592956 0 0.407044
0.574498 0 0.425502
0.462538 0 0.537462
0.46312 0 0.53688
0.138603 0 0.861397
0.138428 0 0.861572
0.139584 0 0.860416
0.149719 0 0.850281
0.150114 0 0.849886
0.151991 0 0.848009
0.162962 0 0.837038
0.153611 0 0.846389
0.149616 0 0.850384
0.151694 0 0.848306
0.153855 0 0.846145
0.156325 0 0.843675
0.158884 0 0.841116
0.594323 0 0.405677
0.584336 0 0.415664
0.572773 0 0.427227
0.561122 0 0.438878
0.550807 0 0.449193
0.469875 0 0.530125
0.546521 0 0.453479
0.543205 0 0.456795
0.539901 0 0.460099
0.536106 0 0.463894
0.529507 0 0.470493
0.516558 0 0.483442
0.452592 0 0.547408
0.447204 0 0.552796
0.444643 0 0.555357
0.442467 0 0.557533
0.440286 0 0.559714
0.438387 0 0.561613
0.437207 0 0.562793
0.436036 0 0.563964
0.434889 0 0.565111
0.433792 0 0.566208
0.497161 0 0.502839
0.571022 0 0.428978
0.592978 0 0.407022
0.574573 0 0.425427
0.46258 0 0.53742
0.463043 0 0.536957
0.13855 0 0.86145
0.138366 0 0.861634
0.146534 0 0.853466
0.139167 0 0.860833
0.13899 0 0.86101
0.14075 0 0.85925
0.142616 0 0.857384
0.144702 0 0.855298
0.146858 0 0.853142
0.149224 0 0.850776
0.15153 0 0.84847
0.153915 0 0.846085
0.156385 0 0.843615
0.158942 0 0.841058
0.592811 0 0.407189
0.582739 0 0.417261
0.572968 0 0.427032
0.56161 0 0.43839
0.550341 0 0.449659
0.539635 0 0.460365
0.537653 0 0.462347
0.535652 0 0.464348
0.532413 0 0.467587
0.469905 0 0.530095
0.525614 0 0.474386
0.519513 0 0.480487
0.507175 0 0.492825
0.44543 0 0.55457
0.439679 0 0.560321
0.437472 0 0.562528
0.43527 0 0.56473
0.433136 0 0.566864
0.4312 0 0.5688
0.429825 0 0.570175
0.428654 0 0.571346
0.427479 0 0.572521
0.426345 0 0.573655
0.425244 0 0.574756
0.424144 0 0.575856
0.423092 0 0.576908
0.42207 0 0.57793
0.497231 0 0.502769
0.570773 0 0.429227
0.593027 0 0.406973
0.574654 0 0.425346
0.462631 0 0.537369
0.462977 0 0.537023
0.142921 0 0.857079
0.142355 0 0.857645
0.138574 0 0.861426
0.138307 0 0.861693
0.140331 0 0.859669
0.140281 0 0.859719
0.13977 0 0.86023
0.139269 0 0.860731
0.138779 0 0.861221
0.140659 0 0.859341
0.142679 0 0.857321
0.144766 0 0.855234
0.146921 0 0.853079
0.149148 0 0.850852
0.151124 0 0.848876
0.153502 0 0.846498
0.156177 0 0.843823
0.15873 0 0.84127
0.581589 0 0.418411
0.571767 0 0.428233
0.562266 0 0.437734
0.551059 0 0.448941
0.54015 0 0.45985
0.529107 0 0.470893
0.527122 0 0.472878
0.525146 0 0.474854
0.522273 0 0.477727
0.519087 0 0.480913
0.515623 0 0.484377
0.510055 0 0.489945
0.469954 0 0.530046
0.43837 0 0.56163
0.432951 0 0.567049
0.430674 0 0.569326
0.428497 0 0.571503
0.42637 0 0.57363
0.424379 0 0.575621
0.422915 0 0.577085
0.421647 0 0.578353
0.420485 0 0.579515
0.419325 0 0.580675
0.418212 0 0.581788
0.417103 0 0.582897
0.41602 0 0.58398
0.414976 0 0.585024
0.413928 0 0.586072
0.41293 0 0.58707
0.411944 0 0.588056
0.410987 0 0.589013
0.477201 0 0.522799
0.497319 0 0.502681
0.5706 0 0.4294
0.593104 0 0.406896
0.574744 0 0.425256
0.462693 0 0.537307
0.462925 0 0.537075
0.143029 0 0.856971
0.142462 0 0.857538
0.138599 0 0.861401
0.13825 0 0.86175
0.140271 0 0.859729
0.140307 0 0.859693
0.139795 0 0.860205
0.139294 0 0.860706
0.138804 0 0.861196
0.140594 0 0.859406
0.142613 0 0.857387
0.14457 0 0.85543
0.146733 0 0.853267
0.148956 0 0.851044
0.151256 0 0.848744
0.153634 0 0.846366
0.156096 0 0.843904
0.158647 0 0.841353
0.595566 0 0.404434
0.570879 0 0.429121
0.561428 0 0.438572
0.552034 0 0.447966
0.541065 0 0.458935
0.530495 0 0.469505
0.519176 0 0.480824
0.51723 0 0.48277
0.515314 0 0.484686
0.512683 0 0.487317
0.509577 0 0.490423
0.506273 0 0.493727
0.501001 0 0.498999
0.489729 0 0.510271
0.431846 0 0.568154
0.426719 0 0.573281
0.424246 0 0.575754
0.422106 0 0.577894
0.419961 0 0.580039
0.417918 0 0.582082
0.416297 0 0.583703
0.415068 0 0.584932
0.413869 0 0.586131
0.412712 0 0.587288
0.41155 0 0.58845
0.410431 0 0.589569
0.409342 0 0.590657
0.408284 0 0.591716
0.407221 0 0.592779
0.40619 0 0.59381
0.405195 0 0.594805
0.404196 0 0.595804
0.402789 0 0.597211
0.399853 0 0.600147
0.395947 0 0.604053
0.3921 0 0.6079
0.476937 0 0.523063
0.497424 0 0.502576
0.570493 0 0.429507
0.593215 0 0.406785
0.57484 0 0.42516
0.462765 0 0.537235
0.462883 0 0.537117
0.143057 0 0.856943
0.142988 0 0.857012
0.138061 0 0.861939
0.138194 0 0.861806
0.140212 0 0.859788
0.140334 0 0.859666
0.139823 0 0.860177
0.139321 0 0.860679
0.138831 0 0.861169
0.140532 0 0.859468
0.142548 0 0.857452
0.144515 0 0.855485
0.146664 0 0.853336
0.148885 0 0.851115
0.151182 0 0.848818
0.153558 0 0.846442
0.156018 0 0.843982
0.158565 0 0.841435
0.570999 0 0.429001
0.560804 0 0.439196
0.551577 0 0.448423
0.542282 0 0.457718
0.531594 0 0.468406
0.521333 0 0.478667
0.50983 0 0.49017
0.507884 0 0.492116
0.505962 0 0.494038
0.503646 0 0.496354
0.500542 0 0.499458
0.497462 0 0.502538
0.492419 0 0.507581
0.459505 0 0.540495
0.425646 0 0.574354
0.420531 0 0.579469
0.418188 0 0.581812
0.416036 0 0.583964
0.413919 0 0.586081
0.411849 0 0.588151
0.410169 0 0.589831
0.408836 0 0.591164
0.407622 0 0.592378
0.406445 0 0.593555
0.405282 0 0.594718
0.404148 0 0.595852
0.403035 0 0.596965
0.401927 0 0.598073
0.400869 0 0.599131
0.399819 0 0.600181
0.398792 0 0.601208
0.397636 0 0.602364
0.395937 0 0.604063
0.391995 0 0.608005
0.388165 0 0.611835
0.384462 0 0.615538
0.380784 0 0.619216
0.377254 0 0.622746
0.373752 0 0.626248
0.370314 0 0.629686
0.476755 0 0.523245
0.49755 0 0.50245
0.23003 0 0.76997
0.504474 0 0.495526
0.570446 0 0.429554
0.152637 0 0.847363
0.152621 0 0.847379
0.593375 0 0.406625
0.574943 0 0.425057
0.462847 0 0.537153
0.462852 0 0.537148
0.143087 0 0.856913
0.143095 0 0.856905
0.141964 0 0.858036
0.13814 0 0.86186
0.140156 0 0.859844
0.140363 0 0.859637
0.139852 0 0.860148
0.13935 0 0.86065
0.138859 0 0.861141
0.140471 0 0.859529
0.142485 0 0.857515
0.14445 0 0.85555
0.146597 0 0.853403
0.148816 0 0.851184
0.15111 0 0.84889
0.153484 0 0.846516
0.155941 0 0.844059
0.158485 0 0.841515
0.560371 0 0.439629
0.55113 0 0.44887
0.542238 0 0.457762
0.532886 0 0.467114
0.52254 0 0.47746
0.512595 0 0.487405
0.50101 0 0.49899
0.499042 0 0.500958
0.497153 0 0.502847
0.495008 0 0.504992
0.49205 0 0.50795
0.488984 0 0.511016
0.483981 0 0.516019
0.447772 0 0.552228
0.419689 0 0.580311
0.414702 0 0.585298
0.412449 0 0.587551
0.410287 0 0.589713
0.408201 0 0.591799
0.40612 0 0.59388
0.404337 0 0.595663
0.402953 0 0.597047
0.401722 0 0.598278
0.400514 0 0.599486
0.39935 0 0.60065
0.398181 0 0.601819
0.39705 0 0.60295
0.395949 0 0.604051
0.394879 0 0.605121
0.393804 0 0.606196
0.0811905 0 0.918809
0.0803993 0 0.919601
0.0796243 0 0.920376
0.078867 0 0.921133
0.0781256 0 0.921874
0.0774001 0 0.9226
0.0766894 0 0.923311
0.0759943 0 0.924006
0.075313 0 0.924687
0.0747098 0 0.92529
0.074215 0 0.925785
0.0737304 0 0.92627
0.0732553 0 0.926745
0.0727902 0 0.92721
0.0639771 0 0.936023
0.476619 0 0.523381
0.497699 0 0.502301
0.229953 0 0.770047
0.227965 0 0.772035
0.226097 0 0.773903
0.224271 0 0.775729
0.224254 0 0.775746
0.225642 0 0.774358
0.227058 0 0.772942
0.228504 0 0.771496
0.22998 0 0.77002
0.504271 0 0.495729
0.160531 0 0.839469
0.15943 0 0.84057
0.158352 0 0.841648
0.157296 0 0.842704
0.156261 0 0.843739
0.155247 0 0.844753
0.154253 0 0.845747
0.15328 0 0.84672
0.152326 0 0.847674
0.151391 0 0.848609
0.15244 0 0.84756
0.593616 0 0.406384
0.575053 0 0.424947
0.462941 0 0.537059
0.462832 0 0.537168
0.143119 0 0.856881
0.142551 0 0.857449
0.141995 0 0.858005
0.138154 0 0.861846
0.140103 0 0.859897
0.140394 0 0.859606
0.139882 0 0.860118
0.139381 0 0.860619
0.138889 0 0.861111
0.140411 0 0.859589
0.142424 0 0.857576
0.144387 0 0.855613
0.146532 0 0.853468
0.148749 0 0.851251
0.151041 0 0.848959
0.153413 0 0.846587
0.155867 0 0.844133
0.158409 0 0.841591
0.451937 0 0.548063
0.489933 0 0.510067
0.489546 0 0.510454
0.550937 0 0.449063
0.541942 0 0.458058
0.533342 0 0.466658
0.523955 0 0.476045
0.513918 0 0.486082
0.504288 0 0.495712
0.492618 0 0.507382
0.49069 0 0.50931
0.488781 0 0.511219
0.486781 0 0.513219
0.483948 0 0.516052
0.480985 0 0.519015
0.476613 0 0.523387
0.438061 0 0.561939
0.41399 0 0.58601
0.40931 0 0.59069
0.406993 0 0.593007
0.40485 0 0.59515
0.402771 0 0.597229
0.400697 0 0.599303
0.398807 0 0.601193
0.397388 0 0.602612
0.39613 0 0.60387
0.394905 0 0.605095
0.393727 0 0.606273
0.392551 0 0.607449
0.391417 0 0.608583
0.390287 0 0.609713
0.389177 0 0.610823
0.388108 0 0.611892
0.387004 0 0.612996
0.0807286 0 0.919271
0.0801067 0 0.919893
0.0794984 0 0.920502
0.0789023 0 0.921098
0.0783196 0 0.92168
0.0777488 0 0.922251
0.0771904 0 0.92281
0.0766428 0 0.923357
0.0761076 0 0.923892
0.0755829 0 0.924417
0.0750696 0 0.92493
0.074566 0 0.925434
0.0740734 0 0.925927
0.0735904 0 0.92641
0.0731175 0 0.926883
0.072654 0 0.927346
0.0721997 0 0.9278
0.277202 0 0.722798
0.063993 0 0.936007
0.27248 0 0.72752
0.273602 0 0.726398
0.274747 0 0.725253
0.275915 0 0.724085
0.277126 0 0.722874
0.476517 0 0.523483
0.497878 0 0.502122
0.22994 0 0.77006
0.228029 0 0.771971
0.22616 0 0.77384
0.224333 0 0.775667
0.224209 0 0.775791
0.225597 0 0.774403
0.227013 0 0.772987
0.228457 0 0.771543
0.229932 0 0.770068
0.169836 0 0.830164
0.168538 0 0.831462
0.167268 0 0.832732
0.166025 0 0.833975
0.164808 0 0.835192
0.163616 0 0.836384
0.16245 0 0.83755
0.161307 0 0.838693
0.160189 0 0.839811
0.159092 0 0.840908
0.158019 0 0.841981
0.156967 0 0.843033
0.155937 0 0.844063
0.154928 0 0.845072
0.153938 0 0.846062
0.152969 0 0.847031
0.152019 0 0.847981
0.151125 0 0.848875
0.152401 0 0.847599
0.236081 0 0.763919
0.57517 0 0.42483
0.463045 0 0.536955
0.462822 0 0.537178
0.143152 0 0.856848
0.142585 0 0.857415
0.142029 0 0.857971
0.138186 0 0.861814
0.14005 0 0.85995
0.140427 0 0.859573
0.139915 0 0.860085
0.139413 0 0.860587
0.138922 0 0.861079
0.140354 0 0.859646
0.142365 0 0.857635
0.144325 0 0.855675
0.146468 0 0.853532
0.148683 0 0.851317
0.150974 0 0.849026
0.153342 0 0.846658
0.155794 0 0.844206
0.158333 0 0.841667
0.451597 0 0.548403
0.554518 0 0.445482
0.486986 0 0.513014
0.486178 0 0.513822
0.487055 0 0.512945
0.515412 0 0.484588
0.505671 0 0.494329
0.496295 0 0.503705
0.484683 0 0.515317
0.482765 0 0.517235
0.480885 0 0.519115
0.478907 0 0.521093
0.476303 0 0.523697
0.473375 0 0.526625
0.469116 0 0.530884
0.428467 0 0.571533
0.408533 0 0.591467
0.404102 0 0.595898
0.401816 0 0.598184
0.399697 0 0.600303
0.397613 0 0.602387
0.395562 0 0.604438
0.393582 0 0.606418
0.392088 0 0.607912
0.390842 0 0.609158
0.389598 0 0.610402
0.388404 0 0.611596
0.387216 0 0.612784
0.386053 0 0.613947
0.384924 0 0.615076
0.3838 0 0.6162
0.382718 0 0.617283
0.381554 0 0.618446
0.378072 0 0.621928
0.374366 0 0.625634
0.0811939 0 0.918806
0.0805613 0 0.919439
0.0799417 0 0.920058
0.0793359 0 0.920664
0.0787421 0 0.921258
0.0781618 0 0.921838
0.0775933 0 0.922407
0.0770373 0 0.922963
0.0764921 0 0.923508
0.0759592 0 0.924041
0.0754369 0 0.924563
0.0749251 0 0.925075
0.0744237 0 0.925576
0.0739327 0 0.926067
0.073452 0 0.926548
0.0729806 0 0.927019
0.0725186 0 0.927481
0.0720666 0 0.927933
0.071623 0 0.928377
0.28064 0 0.71936
0.277207 0 0.722793
0.27387 0 0.72613
0.0640178 0 0.935982
0.272443 0 0.727557
0.273564 0 0.726436
0.274709 0 0.725291
0.275876 0 0.724124
0.277151 0 0.722849
0.476442 0 0.523558
0.498097 0 0.501903
0.230007 0 0.769993
0.18087 0 0.81913
0.179329 0 0.820671
0.177822 0 0.822178
0.17635 0 0.82365
0.174909 0 0.825091
0.1735 0 0.8265
0.172121 0 0.827879
0.170772 0 0.829228
0.169453 0 0.830547
0.168162 0 0.831838
0.166897 0 0.833103
0.16566 0 0.83434
0.164448 0 0.835552
0.163262 0 0.836738
0.162101 0 0.837899
0.160963 0 0.839037
0.159849 0 0.840151
0.158758 0 0.841242
0.157689 0 0.842311
0.156642 0 0.843358
0.155616 0 0.844384
0.154611 0 0.845389
0.153625 0 0.846375
0.15266 0 0.84734
0.151714 0 0.848286
0.151089 0 0.848911
0.152364 0 0.847636
0.235895 0 0.764105
0.575295 0 0.424705
0.463161 0 0.536839
0.462824 0 0.537176
0.143188 0 0.856812
0.142622 0 0.857378
0.142064 0 0.857936
0.13822 0 0.86178
0.139999 0 0.860001
0.140461 0 0.859539
0.139949 0 0.860051
0.139447 0 0.860553
0.138955 0 0.861045
0.140298 0 0.859702
0.142307 0 0.857693
0.144266 0 0.855734
0.146407 0 0.853593
0.14862 0 0.85138
0.150908 0 0.849092
0.153274 0 0.846726
0.155724 0 0.844276
0.15826 0 0.84174
0.451412 0 0.548588
0.524849 0 0.475151
0.516599 0 0.483401
0.486726 0 0.513274
0.4844 0 0.5156
0.4852 0 0.5148
0.477176 0 0.522824
0.475252 0 0.524748
0.473371 0 0.526629
0.471474 0 0.528526
0.46902 0 0.53098
0.466146 0 0.533854
0.461941 0 0.538059
0.418308 0 0.581692
0.403314 0 0.596686
0.399024 0 0.600976
0.396901 0 0.603099
0.394803 0 0.605197
0.392717 0 0.607283
0.390685 0 0.609315
0.388722 0 0.611278
0.38711 0 0.61289
0.385812 0 0.614188
0.384576 0 0.615424
0.38337 0 0.61663
0.382158 0 0.617842
0.380997 0 0.619003
0.379838 0 0.620162
0.3787 0 0.6213
0.377603 0 0.622397
0.375082 0 0.624918
0.371512 0 0.628488
0.3679 0 0.6321
0.364411 0 0.635589
0.360988 0 0.639012
0.357606 0 0.642394
0.0810252 0 0.918975
0.0803949 0 0.919605
0.0797785 0 0.920221
0.0791751 0 0.920825
0.0785845 0 0.921416
0.0780057 0 0.921994
0.0774404 0 0.92256
0.0768859 0 0.923114
0.0763431 0 0.923657
0.0758117 0 0.924188
0.0752917 0 0.924708
0.0747822 0 0.925218
0.0742824 0 0.925718
0.0737936 0 0.926206
0.0733144 0 0.926686
0.0728453 0 0.927155
0.0723848 0 0.927615
0.0719343 0 0.928066
0.071493 0 0.928507
0.07106 0 0.92894
0.27735 0 0.72265
0.27404 0 0.72596
0.27141 0 0.72859
0.272409 0 0.727591
0.27353 0 0.72647
0.274674 0 0.725326
0.275891 0 0.724109
0.27718 0 0.72282
0.476391 0 0.523609
0.194066 0 0.805934
0.192218 0 0.807782
0.190415 0 0.809585
0.188653 0 0.811347
0.186933 0 0.813067
0.185252 0 0.814748
0.18361 0 0.81639
0.182006 0 0.817994
0.180437 0 0.819563
0.178904 0 0.821096
0.177405 0 0.822595
0.175939 0 0.824061
0.174505 0 0.825495
0.173103 0 0.826897
0.171731 0 0.828269
0.170388 0 0.829612
0.169075 0 0.830925
0.167789 0 0.832211
0.166531 0 0.833469
0.165299 0 0.834701
0.164093 0 0.835907
0.162912 0 0.837088
0.161755 0 0.838245
0.160623 0 0.839377
0.159514 0 0.840486
0.158427 0 0.841573
0.157363 0 0.842637
0.15632 0 0.84368
0.155299 0 0.844701
0.154297 0 0.845703
0.153316 0 0.846684
0.152355 0 0.847645
0.151413 0 0.848587
0.151055 0 0.848945
0.152329 0 0.847671
0.23576 0 0.76424
0.575426 0 0.424574
0.463288 0 0.536712
0.462834 0 0.537166
0.142657 0 0.857343
0.1421 0 0.8579
0.138256 0 0.861744
0.139771 0 0.860229
0.140497 0 0.859503
0.139984 0 0.860016
0.139482 0 0.860518
0.138991 0 0.861009
0.140245 0 0.859755
0.142252 0 0.857748
0.144209 0 0.855791
0.146348 0 0.853652
0.148558 0 0.851442
0.150742 0 0.849258
0.153208 0 0.846792
0.155655 0 0.844345
0.158189 0 0.841811
0.451313 0 0.548687
0.490164 0 0.509836
0.48131 0 0.51869
0.47002 0 0.52998
0.468132 0 0.531868
0.466248 0 0.533752
0.464404 0 0.535596
0.462078 0 0.537922
0.459211 0 0.540789
0.455198 0 0.544802
0.406152 0 0.593848
0.398318 0 0.601682
0.394376 0 0.605624
0.392231 0 0.607769
0.39015 0 0.60985
0.388065 0 0.611935
0.38605 0 0.61395
0.384099 0 0.615901
0.382397 0 0.617603
0.38106 0 0.61894
0.379797 0 0.620203
0.378579 0 0.621421
0.37736 0 0.62264
0.376172 0 0.623828
0.375014 0 0.624986
0.373855 0 0.626145
0.37208 0 0.62792
0.368786 0 0.631214
0.36526 0 0.63474
0.361741 0 0.638259
0.358299 0 0.641701
0.354999 0 0.645001
0.351708 0 0.648292
0.348532 0 0.651468
0.345391 0 0.654609
0.342295 0 0.657705
0.0808581 0 0.919142
0.080231 0 0.919769
0.0796163 0 0.920384
0.079016 0 0.920984
0.0784277 0 0.921572
0.0778513 0 0.922149
0.0772883 0 0.922712
0.0767362 0 0.923264
0.0761956 0 0.923804
0.0756666 0 0.924333
0.0751481 0 0.924852
0.0746401 0 0.92536
0.0741434 0 0.925857
0.0736562 0 0.926344
0.0731784 0 0.926822
0.0727109 0 0.927289
0.0722526 0 0.927747
0.0718036 0 0.928196
0.0713638 0 0.928636
0.0709322 0 0.929068
0.0705097 0 0.92949
0.274247 0 0.725753
0.215719 0 0.784281
0.213112 0 0.786888
0.210578 0 0.789422
0.208544 0 0.791456
0.275922 0 0.724078
0.277212 0 0.722788
0.476361 0 0.523639
0.195451 0 0.804549
0.193568 0 0.806432
0.191731 0 0.808269
0.189936 0 0.810064
0.188184 0 0.811816
0.186473 0 0.813527
0.1848 0 0.8152
0.183167 0 0.816833
0.18157 0 0.81843
0.180009 0 0.819991
0.178483 0 0.821517
0.176991 0 0.823009
0.175532 0 0.824468
0.174106 0 0.825894
0.172709 0 0.827291
0.171344 0 0.828656
0.170008 0 0.829992
0.1687 0 0.8313
0.167421 0 0.832579
0.166167 0 0.833833
0.164941 0 0.835059
0.163741 0 0.836259
0.162565 0 0.837435
0.161413 0 0.838587
0.160286 0 0.839714
0.159181 0 0.840819
0.158099 0 0.841901
0.157039 0 0.842961
0.156002 0 0.843998
0.154984 0 0.845016
0.153987 0 0.846013
0.15301 0 0.84699
0.152052 0 0.847948
0.151114 0 0.848886
0.151023 0 0.848977
0.152296 0 0.847704
0.153599 0 0.846401
0.23573 0 0.76427
0.575565 0 0.424435
0.463428 0 0.536572
0.462855 0 0.537145
0.142696 0 0.857305
0.142139 0 0.857861
0.138185 0 0.861815
0.139902 0 0.860098
0.140535 0 0.859465
0.140022 0 0.859978
0.13952 0 0.86048
0.139028 0 0.860972
0.140192 0 0.859808
0.142198 0 0.857802
0.144153 0 0.855847
0.14629 0 0.85371
0.148498 0 0.851502
0.150776 0 0.849224
0.153143 0 0.846857
0.155589 0 0.844411
0.15812 0 0.84188
0.451275 0 0.548725
0.46134 0 0.538661
0.45949 0 0.54051
0.457642 0 0.542358
0.455482 0 0.544518
0.452671 0 0.547329
0.448516 0 0.551484
0.399936 0 0.600064
0.393503 0 0.606497
0.390013 0 0.609987
0.387791 0 0.612209
0.385678 0 0.614322
0.383643 0 0.616357
0.381641 0 0.618359
0.379645 0 0.620355
0.377877 0 0.622123
0.376539 0 0.623461
0.375259 0 0.624741
0.374036 0 0.625964
0.372804 0 0.627196
0.371618 0 0.628382
0.370434 0 0.629566
0.369133 0 0.630867
0.366302 0 0.633698
0.362721 0 0.637279
0.359277 0 0.640723
0.355865 0 0.644135
0.352509 0 0.647491
0.349286 0 0.650714
0.346079 0 0.653921
0.342928 0 0.657072
0.339899 0 0.660101
0.33689 0 0.66311
0.333959 0 0.666041
0.331094 0 0.668906
0.328249 0 0.671751
0.0806927 0 0.919307
0.0800681 0 0.919932
0.0794564 0 0.920544
0.0788577 0 0.921142
0.0782726 0 0.921727
0.0776986 0 0.922301
0.0771371 0 0.922863
0.0765881 0 0.923412
0.0760491 0 0.923951
0.0755223 0 0.924478
0.0750062 0 0.924994
0.0745005 0 0.925499
0.0740053 0 0.925995
0.0735196 0 0.92648
0.0730441 0 0.926956
0.072578 0 0.927422
0.0721221 0 0.927878
0.0716745 0 0.928325
0.0712362 0 0.928764
0.0708069 0 0.929193
0.0703858 0 0.929614
0.069973 0 0.930027
0.215061 0 0.784939
0.212471 0 0.787529
0.209952 0 0.790048
0.207743 0 0.792256
0.208646 0 0.791354
0.277246 0 0.722754
0.310377 0 0.689623
0.306251 0 0.693749
0.307622 0 0.692378
0.298893 0 0.701107
0.256184 0 0.743816
0.254145 0 0.745855
0.251554 0 0.748446
0.194949 0 0.805051
0.193077 0 0.806923
0.191248 0 0.808752
0.189463 0 0.810537
0.18772 0 0.81228
0.186017 0 0.813983
0.184353 0 0.815647
0.182727 0 0.817273
0.181139 0 0.818861
0.179585 0 0.820415
0.178067 0 0.821933
0.176582 0 0.823418
0.17513 0 0.82487
0.17371 0 0.82629
0.17232 0 0.82768
0.170961 0 0.829039
0.169631 0 0.830369
0.168329 0 0.831671
0.167055 0 0.832945
0.165808 0 0.834192
0.164587 0 0.835413
0.163392 0 0.836608
0.162221 0 0.837779
0.161075 0 0.838925
0.159952 0 0.840048
0.158853 0 0.841147
0.157775 0 0.842225
0.15672 0 0.84328
0.155686 0 0.844314
0.154673 0 0.845327
0.15368 0 0.84632
0.152707 0 0.847293
0.151753 0 0.848247
0.150838 0 0.849162
0.150992 0 0.849008
0.152264 0 0.847736
0.153567 0 0.846433
0.235571 0 0.764429
0.57571 0 0.42429
0.463581 0 0.536419
0.462886 0 0.537114
0.142736 0 0.857264
0.142179 0 0.857821
0.138343 0 0.861657
0.139856 0 0.860144
0.140575 0 0.859425
0.140061 0 0.859939
0.139559 0 0.860441
0.139067 0 0.860933
0.140142 0 0.859858
0.142145 0 0.857855
0.144098 0 0.855902
0.146234 0 0.853766
0.14844 0 0.85156
0.150721 0 0.849279
0.153081 0 0.846919
0.155523 0 0.844477
0.158052 0 0.841948
0.451221 0 0.548779
0.449121 0 0.550879
0.446488 0 0.553512
0.442164 0 0.557836
0.395108 0 0.604892
0.388977 0 0.611023
0.385797 0 0.614203
0.383562 0 0.616438
0.381461 0 0.618539
0.379431 0 0.620569
0.377439 0 0.622561
0.375436 0 0.624564
0.373593 0 0.626407
0.372242 0 0.627758
0.370978 0 0.629022
0.369721 0 0.630279
0.368484 0 0.631516
0.367286 0 0.632714
0.366061 0 0.633939
0.363946 0 0.636054
0.360414 0 0.639586
0.356925 0 0.643075
0.353572 0 0.646428
0.350242 0 0.649758
0.346968 0 0.653032
0.343827 0 0.656173
0.340694 0 0.659306
0.337618 0 0.662382
0.33466 0 0.66534
0.33172 0 0.66828
0.328825 0 0.671175
0.326027 0 0.673973
0.323275 0 0.676725
0.320547 0 0.679453
0.317908 0 0.682092
0.315315 0 0.684685
0.0805291 0 0.919471
0.0799068 0 0.920093
0.0792983 0 0.920702
0.078702 0 0.921298
0.0781184 0 0.921882
0.0775475 0 0.922453
0.0769883 0 0.923012
0.0764409 0 0.923559
0.075905 0 0.924095
0.0753797 0 0.92462
0.0748651 0 0.925135
0.0743617 0 0.925638
0.073868 0 0.926132
0.0733846 0 0.926615
0.0729114 0 0.927089
0.0724468 0 0.927553
0.0719923 0 0.928008
0.071547 0 0.928453
0.0711101 0 0.92889
0.0706815 0 0.929318
0.070262 0 0.929738
0.0698514 0 0.930149
0.0694481 0 0.930552
0.211836 0 0.788164
0.209332 0 0.790668
0.207722 0 0.792278
0.208624 0 0.791376
0.0541598 0 0.94584
0.307244 0 0.692756
0.306256 0 0.693744
0.30725 0 0.69275
0.298935 0 0.701065
0.256197 0 0.743803
0.254126 0 0.745874
0.251581 0 0.748419
0.194452 0 0.805548
0.192589 0 0.807411
0.19077 0 0.80923
0.188995 0 0.811005
0.18726 0 0.81274
0.185566 0 0.814434
0.18391 0 0.81609
0.182292 0 0.817708
0.180711 0 0.819289
0.179166 0 0.820834
0.177655 0 0.822345
0.176177 0 0.823823
0.174732 0 0.825268
0.173318 0 0.826682
0.171935 0 0.828065
0.170582 0 0.829418
0.169258 0 0.830742
0.167962 0 0.832038
0.166694 0 0.833306
0.165452 0 0.834548
0.164237 0 0.835763
0.163046 0 0.836954
0.161881 0 0.838119
0.160739 0 0.839261
0.159622 0 0.840378
0.158527 0 0.841473
0.157454 0 0.842546
0.156403 0 0.843597
0.155373 0 0.844627
0.154364 0 0.845636
0.153376 0 0.846624
0.152407 0 0.847593
0.151457 0 0.848543
0.150869 0 0.849131
0.150963 0 0.849037
0.152235 0 0.847765
0.153536 0 0.846464
0.235414 0 0.764586
0.575862 0 0.424138
0.463748 0 0.536252
0.462927 0 0.537073
0.13779 0 0.86221
0.137244 0 0.862756
0.138525 0 0.861475
0.138732 0 0.861268
0.139812 0 0.860188
0.140616 0 0.859384
0.140103 0 0.859897
0.1396 0 0.8604
0.139108 0 0.860892
0.140093 0 0.859908
0.142094 0 0.857906
0.144046 0 0.855954
0.146179 0 0.853821
0.148383 0 0.851617
0.150663 0 0.849337
0.15302 0 0.84698
0.155461 0 0.844539
0.158627 0 0.841373
0.436143 0 0.563856
0.390427 0 0.609573
0.384728 0 0.615272
0.381634 0 0.618366
0.379539 0 0.620461
0.377446 0 0.622554
0.375424 0 0.624576
0.373396 0 0.626604
0.371443 0 0.628557
0.369522 0 0.630478
0.368164 0 0.631836
0.366884 0 0.633116
0.36562 0 0.63438
0.364369 0 0.635631
0.363162 0 0.636838
0.361469 0 0.638531
0.358231 0 0.641769
0.354781 0 0.645219
0.35138 0 0.64862
0.348073 0 0.651927
0.344863 0 0.655137
0.341669 0 0.658331
0.338591 0 0.661409
0.335545 0 0.664455
0.33254 0 0.66746
0.329658 0 0.670342
0.326777 0 0.673223
0.323947 0 0.676053
0.321218 0 0.678782
0.318518 0 0.681482
0.315849 0 0.684151
0.313251 0 0.686749
0.310728 0 0.689272
0.308208 0 0.691792
0.305735 0 0.694265
0.0810009 0 0.918999
0.0803679 0 0.919632
0.079748 0 0.920252
0.0791411 0 0.920859
0.0785479 0 0.921452
0.0779666 0 0.922033
0.0773981 0 0.922602
0.0768413 0 0.923159
0.0762953 0 0.923705
0.0757617 0 0.924238
0.0752388 0 0.924761
0.0747264 0 0.925274
0.0742246 0 0.925775
0.0737331 0 0.926267
0.0732512 0 0.926749
0.0727795 0 0.927221
0.0723172 0 0.927683
0.0718641 0 0.928136
0.0714203 0 0.92858
0.0709849 0 0.929015
0.0705586 0 0.929441
0.0701404 0 0.92986
0.0697305 0 0.930269
0.0693295 0 0.930671
0.0689357 0 0.931064
0.208719 0 0.791281
0.207703 0 0.792297
0.0543694 0 0.945631
0.0540114 0 0.945989
0.0541327 0 0.945867
0.0542579 0 0.945742
0.054386 0 0.945614
0.306265 0 0.693735
0.307234 0 0.692766
0.298981 0 0.701019
0.256286 0 0.743714
0.254116 0 0.745884
0.251613 0 0.748387
0.19396 0 0.80604
0.192107 0 0.807893
0.190298 0 0.809703
0.188531 0 0.811469
0.186805 0 0.813195
0.185119 0 0.814881
0.183472 0 0.816528
0.181862 0 0.818138
0.180288 0 0.819712
0.17875 0 0.82125
0.177246 0 0.822754
0.175776 0 0.824224
0.174337 0 0.825663
0.17293 0 0.82707
0.171554 0 0.828446
0.170206 0 0.829794
0.168889 0 0.831111
0.167599 0 0.832401
0.166336 0 0.833664
0.1651 0 0.8349
0.16389 0 0.83611
0.162705 0 0.837295
0.161544 0 0.838456
0.160408 0 0.839592
0.159295 0 0.840705
0.158205 0 0.841795
0.157136 0 0.842864
0.15609 0 0.84391
0.155064 0 0.844936
0.15406 0 0.84594
0.153075 0 0.846925
0.15211 0 0.84789
0.151329 0 0.848671
0.150902 0 0.849098
0.150936 0 0.849064
0.152207 0 0.847793
0.153508 0 0.846492
0.576022 0 0.423978
0.592462 0 0.407538
0.584251 0 0.415749
0.575445 0 0.424555
0.566787 0 0.433213
0.463931 0 0.536069
0.462976 0 0.537024
0.137833 0 0.862167
0.137286 0 0.862714
0.138485 0 0.861515
0.14024 0 0.85976
0.139769 0 0.860231
0.140659 0 0.859341
0.140146 0 0.859854
0.139643 0 0.860357
0.13915 0 0.86085
0.140045 0 0.859955
0.142045 0 0.857955
0.143995 0 0.856005
0.146127 0 0.853873
0.148329 0 0.851671
0.150606 0 0.849394
0.153085 0 0.846915
0.155524 0 0.844476
0.15805 0 0.84195
0.377787 0 0.622213
0.375703 0 0.624297
0.373618 0 0.626382
0.371606 0 0.628394
0.369584 0 0.630416
0.367639 0 0.632361
0.365751 0 0.634249
0.364284 0 0.635716
0.363004 0 0.636996
0.361734 0 0.638266
0.360489 0 0.639511
0.35883 0 0.64117
0.356147 0 0.643853
0.352706 0 0.647294
0.349379 0 0.650621
0.346062 0 0.653938
0.342822 0 0.657178
0.339705 0 0.660295
0.336587 0 0.663413
0.333542 0 0.666458
0.330607 0 0.669393
0.327671 0 0.672329
0.324802 0 0.675198
0.270666 0 0.729334
0.269464 0 0.730536
0.268155 0 0.731845
0.269317 0 0.730683
0.26919 0 0.73081
0.267858 0 0.732142
0.266675 0 0.733325
0.267791 0 0.732209
0.301442 0 0.698558
0.299064 0 0.700936
0.296767 0 0.703233
0.294498 0 0.705502
0.0808383 0 0.919162
0.0802076 0 0.919792
0.0795901 0 0.92041
0.0789863 0 0.921014
0.0783946 0 0.921605
0.0778165 0 0.922183
0.0772495 0 0.92275
0.076695 0 0.923305
0.0761522 0 0.923848
0.0756201 0 0.92438
0.0750987 0 0.924901
0.0745886 0 0.925411
0.0740891 0 0.925911
0.0735991 0 0.926401
0.0731194 0 0.926881
0.0726492 0 0.927351
0.0721884 0 0.927812
0.0717376 0 0.928262
0.0712952 0 0.928705
0.0708613 0 0.929139
0.0704364 0 0.929564
0.0700197 0 0.92998
0.069612 0 0.930388
0.0692116 0 0.930788
0.0688193 0 0.931181
0.068435 0 0.931565
0.207687 0 0.792313
0.0542776 0 0.945722
0.0539659 0 0.946034
0.0540827 0 0.945917
0.0542029 0 0.945797
0.0543259 0 0.945674
0.306286 0 0.693714
0.30722 0 0.69278
0.299031 0 0.700969
0.256378 0 0.743622
0.25411 0 0.74589
0.251647 0 0.748353
0.193473 0 0.806527
0.19163 0 0.80837
0.189829 0 0.810171
0.188072 0 0.811928
0.186354 0 0.813646
0.184677 0 0.815323
0.183037 0 0.816963
0.181436 0 0.818564
0.17987 0 0.82013
0.178339 0 0.821661
0.176842 0 0.823158
0.175378 0 0.824622
0.173947 0 0.826053
0.172546 0 0.827454
0.171176 0 0.828824
0.169835 0 0.830165
0.168523 0 0.831477
0.167239 0 0.832761
0.165982 0 0.834018
0.164751 0 0.835249
0.163547 0 0.836453
0.162367 0 0.837633
0.161211 0 0.838789
0.16008 0 0.83992
0.158971 0 0.841029
0.157885 0 0.842115
0.156822 0 0.843178
0.15578 0 0.84422
0.154758 0 0.845242
0.153758 0 0.846242
0.152777 0 0.847223
0.151816 0 0.848184
0.151363 0 0.848637
0.150936 0 0.849064
0.150911 0 0.849089
0.152181 0 0.847819
0.153481 0 0.846519
0.2351 0 0.7649
0.589368 0 0.410632
0.581387 0 0.418613
0.572897 0 0.427103
0.564417 0 0.435583
0.556087 0 0.443913
0.548099 0 0.451901
0.531345 0 0.468655
0.510698 0 0.489302
0.464128 0 0.535872
0.463036 0 0.536964
0.137877 0 0.862123
0.13733 0 0.86267
0.138446 0 0.861554
0.13881 0 0.86119
0.139729 0 0.860271
0.140704 0 0.859296
0.14019 0 0.85981
0.139687 0 0.860313
0.139194 0 0.860806
0.14 0 0.86
0.141998 0 0.858002
0.143946 0 0.856054
0.146437 0 0.853563
0.148395 0 0.851605
0.150672 0 0.849328
0.153027 0 0.846973
0.155464 0 0.844536
0.157988 0 0.842012
0.367961 0 0.632039
0.36595 0 0.63405
0.364007 0 0.635993
0.362122 0 0.637878
0.36062 0 0.63938
0.359308 0 0.640692
0.358027 0 0.641973
0.356509 0 0.643491
0.354219 0 0.645781
0.350788 0 0.649212
0.347425 0 0.652575
0.34419 0 0.65581
0.340956 0 0.659044
0.33781 0 0.66219
0.334752 0 0.665248
0.331707 0 0.668293
0.32875 0 0.67125
0.279419 0 0.720581
0.276286 0 0.723714
0.273195 0 0.726805
0.27116 0 0.72884
0.264267 0 0.735733
0.261457 0 0.738543
0.260545 0 0.739455
0.260366 0 0.739634
0.261877 0 0.738123
0.261794 0 0.738206
0.261633 0 0.738367
0.25612 0 0.74388
0.25632 0 0.74368
0.257036 0 0.742964
0.259653 0 0.740347
0.263943 0 0.736057
0.286137 0 0.713863
0.284039 0 0.715961
0.0806765 0 0.919324
0.080049 0 0.919951
0.0794338 0 0.920566
0.0788324 0 0.921168
0.0782439 0 0.921756
0.0776673 0 0.922333
0.0771034 0 0.922897
0.0765504 0 0.92345
0.0760099 0 0.92399
0.0754801 0 0.92452
0.074961 0 0.925039
0.0744524 0 0.925548
0.0739544 0 0.926046
0.0734667 0 0.926533
0.0729885 0 0.927012
0.0725205 0 0.92748
0.0720619 0 0.927938
0.0716118 0 0.928388
0.0711709 0 0.928829
0.0707392 0 0.929261
0.0703158 0 0.929684
0.0699006 0 0.930099
0.0694943 0 0.930506
0.0690954 0 0.930905
0.0687045 0 0.931296
0.0683208 0 0.931679
0.067945 0 0.932055
 ] }
}
