# Real Time: 846.992
# Simulation Time: 22.1
# Radar Position: 872.442 -232.678 3.2319
# Radar Quat: 0.00143314 0.00465697 0.819036 0.573721
PointSet {
 coord Coordinate { point [
821.697 -262.654 4.60869
821.602 -263.191 4.621
821.507 -263.735 4.63353
842.623 -271.649 4.54766
843.054 -271.646 4.54336
843.481 -271.644 4.53916
843.903 -271.641 4.53505
844.321 -271.639 4.53103
844.734 -271.636 4.5271
845.144 -271.634 4.52326
845.549 -271.631 4.51951
845.951 -271.629 4.51584
846.348 -271.626 4.51225
846.742 -271.624 4.50874
847.133 -271.622 4.50532
847.519 -271.619 4.50197
847.767 -271.832 4.5057
847.77 -272.441 4.52227
847.774 -273.063 4.53927
847.778 -273.699 4.5567
868.365 -242.631 3.54196
868.435 -242.66 3.54245
868.505 -242.689 3.54296
868.748 -242.266 3.52951
868.814 -242.293 3.53001
868.881 -242.321 3.53053
868.947 -242.349 3.53105
869.014 -242.377 3.53158
868.923 -242.863 3.54622
868.993 -242.893 3.54681
869.063 -242.922 3.54741
869.133 -242.951 3.54802
869.203 -242.981 3.54864
869.417 -242.538 3.53486
869.484 -242.566 3.53547
869.551 -242.594 3.53609
869.619 -242.622 3.53673
869.686 -242.65 3.53738
869.625 -243.158 3.55263
869.696 -243.187 3.55334
868.32 -248.943 3.72824
868.441 -248.942 3.72795
868.561 -248.941 3.72767
868.583 -249.37 3.74044
868.587 -249.901 3.75637
868.591 -250.466 3.7733
868.596 -251.067 3.79134
868.601 -251.709 3.81061
868.606 -252.394 3.83122
863.758 -280.965 4.69676
865.128 -276.879 4.57248
866.693 -282.429 4.74046
871.908 -237.567 3.38157
866.556 -290.724 4.99222
868.47 -286.907 4.87816
872.255 -290.569 4.99753
872.628 -281.963 4.73628
821.602 -263.193 4.41389
821.506 -263.737 4.42515
842.626 -271.646 4.37605
843.057 -271.644 4.37267
843.484 -271.641 4.36937
843.906 -271.639 4.36614
844.324 -271.636 4.36299
844.737 -271.634 4.3599
845.147 -271.631 4.3569
845.552 -271.629 4.35396
845.954 -271.626 4.35109
846.351 -271.624 4.34828
846.745 -271.622 4.34555
847.135 -271.619 4.34287
847.522 -271.617 4.34027
847.767 -271.834 4.34395
847.77 -272.443 4.35873
847.774 -273.065 4.37388
847.778 -273.701 4.38942
868.381 -242.593 3.50323
868.515 -242.461 3.49932
868.682 -242.237 3.49297
868.748 -242.265 3.49346
868.815 -242.293 3.49395
868.881 -242.32 3.49445
868.948 -242.348 3.49497
869.015 -242.376 3.49549
868.993 -242.66 3.50295
869.061 -242.689 3.5035
869.13 -242.717 3.50407
869.199 -242.746 3.50464
869.35 -242.51 3.49809
869.417 -242.538 3.49866
869.485 -242.565 3.49925
869.552 -242.593 3.49984
869.619 -242.621 3.50045
869.686 -242.65 3.50107
869.754 -242.678 3.50169
869.751 -242.977 3.50961
868.321 -248.941 3.6694
868.442 -248.94 3.66921
868.562 -248.939 3.66904
868.583 -249.371 3.68047
868.587 -249.902 3.69459
868.591 -250.467 3.7096
868.596 -251.068 3.72559
868.601 -251.71 3.74266
868.606 -252.395 3.76093
863.757 -280.971 4.52536
865.128 -276.882 4.41589
866.696 -282.41 4.56485
871.908 -237.566 3.36422
866.555 -290.738 4.78861
868.469 -286.937 4.68883
872.255 -290.775 4.8007
872.628 -281.963 4.56395
873.256 -278.518 4.47289
821.506 -263.739 4.21679
841.204 -271.781 4.21552
841.651 -271.779 4.21286
842.093 -271.776 4.21027
842.63 -271.644 4.2045
843.061 -271.641 4.20204
843.487 -271.639 4.19963
843.909 -271.636 4.19729
844.327 -271.634 4.195
844.741 -271.631 4.19277
845.15 -271.629 4.19059
845.555 -271.626 4.18847
845.957 -271.624 4.1864
846.354 -271.622 4.18438
846.748 -271.619 4.18241
847.138 -271.617 4.18049
847.525 -271.615 4.17862
847.767 -271.836 4.18223
847.77 -272.445 4.19521
847.774 -273.066 4.20852
847.778 -273.703 4.22216
868.462 -242.396 3.46103
868.53 -242.424 3.46151
868.682 -242.237 3.45694
868.749 -242.264 3.45742
868.815 -242.292 3.4579
868.882 -242.32 3.4584
868.948 -242.347 3.4589
869.015 -242.375 3.4594
869.082 -242.403 3.45992
869.074 -242.651 3.46558
869.143 -242.68 3.46612
869.211 -242.708 3.46667
869.351 -242.509 3.46193
869.418 -242.537 3.46248
869.485 -242.565 3.46304
869.552 -242.593 3.46361
869.619 -242.621 3.46419
869.687 -242.649 3.46477
869.754 -242.677 3.46536
869.761 -242.939 3.47138
868.321 -248.938 3.6106
868.443 -248.937 3.61051
868.563 -248.936 3.61044
868.583 -249.372 3.6205
868.587 -249.903 3.63281
868.591 -250.468 3.6459
868.596 -251.07 3.65985
868.601 -251.711 3.67473
868.606 -252.396 3.69066
863.757 -280.977 4.35397
865.128 -276.888 4.25938
866.698 -282.392 4.38942
871.908 -237.565 3.34687
866.554 -290.751 4.58495
868.467 -286.967 4.49937
872.255 -290.77 4.5975
872.628 -281.963 4.39166
873.256 -278.515 4.31253
841.208 -271.779 4.04057
841.655 -271.776 4.03889
842.097 -271.774 4.03726
842.633 -271.641 4.033
843.064 -271.639 4.03145
843.491 -271.636 4.02995
843.913 -271.634 4.02849
844.33 -271.631 4.02706
844.744 -271.629 4.02568
845.153 -271.626 4.02433
845.558 -271.624 4.02302
845.96 -271.621 4.02175
846.357 -271.619 4.02051
846.751 -271.617 4.01931
847.141 -271.615 4.01814
847.528 -271.612 4.01701
847.767 -271.838 4.0205
847.77 -272.447 4.03169
847.774 -273.068 4.04316
847.778 -273.705 4.05491
868.464 -242.39 3.42411
868.616 -242.208 3.42045
868.683 -242.236 3.42091
868.749 -242.264 3.42139
868.816 -242.291 3.42186
868.882 -242.319 3.42235
868.949 -242.347 3.42283
869.015 -242.375 3.42333
869.082 -242.402 3.42383
869.076 -242.645 3.42855
869.145 -242.674 3.42908
869.284 -242.48 3.42526
869.351 -242.508 3.42578
869.418 -242.536 3.42631
869.485 -242.564 3.42684
869.553 -242.592 3.42738
869.62 -242.62 3.42793
869.687 -242.648 3.42848
869.755 -242.676 3.42904
869.763 -242.931 3.43405
868.322 -248.935 3.55182
868.444 -248.934 3.55184
868.564 -248.933 3.55187
868.583 -249.373 3.56054
868.587 -249.904 3.57104
868.591 -250.469 3.58221
868.596 -251.071 3.5941
868.601 -251.712 3.6068
868.606 -252.398 3.62038
863.756 -280.983 4.18256
865.127 -276.897 4.10292
866.701 -282.375 4.21416
871.909 -237.564 3.32954
866.554 -290.765 4.38122
868.465 -287 4.30977
872.256 -290.765 4.39437
872.629 -281.964 4.21939
873.256 -278.512 4.15221
841.212 -271.776 3.86568
841.658 -271.774 3.86498
842.1 -271.771 3.8643
842.637 -271.639 3.86155
843.068 -271.636 3.86092
843.494 -271.633 3.86032
843.916 -271.631 3.85973
844.334 -271.629 3.85917
844.747 -271.626 3.85864
845.156 -271.624 3.85812
845.561 -271.621 3.85762
845.963 -271.619 3.85715
846.36 -271.617 3.8567
846.754 -271.614 3.85626
847.144 -271.612 3.85585
847.53 -271.61 3.85545
847.767 -271.84 3.8588
847.771 -272.449 3.86819
847.774 -273.071 3.87782
847.778 -273.707 3.88768
868.465 -242.39 3.38731
868.617 -242.208 3.38444
868.683 -242.235 3.3849
868.75 -242.263 3.38537
868.816 -242.291 3.38583
868.883 -242.318 3.38631
868.949 -242.346 3.38678
869.016 -242.374 3.38727
869.082 -242.402 3.38775
869.146 -242.438 3.38838
869.145 -242.673 3.39217
869.285 -242.48 3.38914
869.352 -242.508 3.38964
869.419 -242.536 3.39015
869.486 -242.563 3.39066
869.553 -242.591 3.39117
869.62 -242.619 3.39169
869.688 -242.647 3.39221
869.755 -242.676 3.39274
869.819 -242.717 3.39348
868.323 -248.933 3.49307
868.444 -248.932 3.4932
868.565 -248.931 3.49333
868.583 -249.374 3.50058
868.587 -249.906 3.50928
868.591 -250.471 3.51852
868.596 -251.072 3.52836
868.601 -251.713 3.53887
868.606 -252.399 3.55011
863.756 -280.989 4.01114
865.125 -276.911 3.9465
866.703 -282.358 4.03906
871.909 -237.564 3.31221
866.553 -290.78 4.17744
868.463 -287.037 4.12004
872.256 -290.759 4.1913
872.629 -281.964 4.04715
873.257 -278.509 3.99194
840.764 -271.776 3.69058
841.215 -271.774 3.69084
841.662 -271.771 3.69112
842.104 -271.768 3.69139
842.64 -271.636 3.69015
843.071 -271.633 3.69044
843.498 -271.631 3.69073
843.919 -271.629 3.69103
844.337 -271.626 3.69134
844.75 -271.624 3.69164
845.159 -271.621 3.69196
845.565 -271.619 3.69228
845.966 -271.617 3.6926
846.363 -271.614 3.69293
846.757 -271.612 3.69326
847.147 -271.61 3.6936
847.533 -271.607 3.69394
847.767 -271.842 3.6971
847.771 -272.451 3.70471
847.774 -273.073 3.71249
847.778 -273.709 3.72045
868.465 -242.389 3.35053
868.617 -242.207 3.34844
868.684 -242.235 3.3489
868.75 -242.262 3.34936
868.816 -242.29 3.34982
868.883 -242.318 3.35028
868.95 -242.346 3.35075
869.016 -242.373 3.35121
869.083 -242.401 3.35168
869.147 -242.437 3.35226
869.146 -242.672 3.35527
869.285 -242.479 3.35304
869.352 -242.507 3.35352
869.419 -242.535 3.354
869.486 -242.563 3.35448
869.553 -242.591 3.35497
869.621 -242.619 3.35545
869.688 -242.647 3.35595
869.755 -242.675 3.35644
869.82 -242.716 3.3571
868.324 -248.93 3.43435
868.445 -248.929 3.43458
868.566 -248.928 3.43481
868.583 -249.375 3.44062
868.587 -249.907 3.44751
868.591 -250.472 3.45483
868.596 -251.073 3.46262
868.601 -251.715 3.47094
868.606 -252.4 3.47984
868.612 -253.135 3.48937
863.756 -280.996 3.83971
865.122 -276.937 3.79016
866.706 -282.342 3.86411
871.909 -237.563 3.29489
866.552 -290.794 3.97359
868.46 -287.087 3.93024
872.257 -290.754 3.9883
872.629 -281.964 3.87493
873.257 -278.506 3.83172
840.767 -271.774 3.51478
841.219 -271.771 3.51604
841.666 -271.768 3.51729
842.108 -271.766 3.51852
842.644 -271.633 3.51879
843.075 -271.631 3.51999
843.501 -271.628 3.52118
843.923 -271.626 3.52236
844.34 -271.624 3.52353
844.753 -271.621 3.52469
845.163 -271.619 3.52583
845.568 -271.616 3.52696
845.969 -271.614 3.52808
846.366 -271.612 3.52919
846.76 -271.61 3.53029
847.15 -271.607 3.53138
847.536 -271.605 3.53246
847.767 -271.844 3.5354
847.771 -272.453 3.54121
847.774 -273.075 3.54714
847.778 -273.711 3.55322
868.466 -242.388 3.31375
868.618 -242.207 3.31245
868.684 -242.234 3.3129
868.75 -242.262 3.31335
868.817 -242.289 3.31381
868.883 -242.317 3.31426
868.95 -242.345 3.31471
869.017 -242.373 3.31517
869.083 -242.4 3.31562
869.147 -242.437 3.31615
869.146 -242.672 3.31839
869.285 -242.478 3.31694
869.352 -242.506 3.3174
869.419 -242.534 3.31785
869.487 -242.561 3.3183
869.554 -242.589 3.31876
869.621 -242.617 3.31922
869.688 -242.646 3.31969
869.756 -242.674 3.32015
869.82 -242.715 3.32072
868.325 -248.927 3.37565
868.446 -248.926 3.37599
868.567 -248.926 3.37632
868.583 -249.376 3.38066
868.587 -249.908 3.38574
868.592 -250.473 3.39114
868.596 -251.074 3.39688
868.601 -251.716 3.40301
868.607 -252.402 3.40956
868.612 -253.137 3.41658
863.755 -281.002 3.66824
871.599 -238.505 3.28568
866.708 -282.327 3.68929
871.909 -237.562 3.27758
866.551 -290.809 3.76966
872.257 -290.748 3.78536
872.63 -281.964 3.70272
873.257 -278.503 3.67153
840.771 -271.771 3.33901
841.223 -271.768 3.34127
841.669 -271.766 3.34349
842.111 -271.763 3.34568
842.647 -271.631 3.34746
843.078 -271.628 3.34958
843.504 -271.626 3.35167
843.926 -271.624 3.35372
844.343 -271.621 3.35575
844.757 -271.619 3.35776
845.166 -271.616 3.35973
845.571 -271.614 3.36167
845.972 -271.612 3.36359
846.369 -271.609 3.36548
846.763 -271.607 3.36735
847.153 -271.605 3.36919
847.539 -271.603 3.37101
847.767 -271.846 3.37369
847.771 -272.455 3.3777
847.774 -273.077 3.3818
847.778 -273.713 3.38597
868.466 -242.388 3.27697
868.618 -242.206 3.27646
868.684 -242.234 3.27691
868.751 -242.261 3.27735
868.827 -242.262 3.27767
868.894 -242.289 3.27812
868.96 -242.317 3.27856
869.017 -242.372 3.27913
869.084 -242.4 3.27957
869.148 -242.436 3.28005
869.146 -242.671 3.2815
869.286 -242.478 3.28085
869.353 -242.506 3.28128
869.42 -242.534 3.28172
869.498 -242.524 3.28196
869.565 -242.552 3.28239
869.632 -242.58 3.28282
869.689 -242.645 3.28344
869.756 -242.674 3.28386
869.82 -242.715 3.28436
868.326 -248.925 3.31697
868.447 -248.924 3.31742
868.568 -248.923 3.31785
868.583 -249.377 3.32069
868.587 -249.909 3.32396
868.592 -250.474 3.32744
868.596 -251.075 3.33113
868.601 -251.717 3.33507
868.607 -252.403 3.33927
868.612 -253.138 3.34378
863.754 -281.009 3.49673
871.599 -238.504 3.26497
866.71 -282.313 3.51459
871.909 -237.561 3.26027
866.55 -290.824 3.56563
872.258 -290.743 3.58245
872.63 -281.964 3.53051
873.257 -278.5 3.51136
840.775 -271.768 3.16327
841.227 -271.766 3.16652
841.673 -271.763 3.16972
842.115 -271.761 3.17287
842.651 -271.628 3.17615
843.082 -271.626 3.17918
843.508 -271.623 3.18217
843.929 -271.621 3.18511
844.347 -271.619 3.188
844.76 -271.616 3.19085
845.169 -271.614 3.19365
845.574 -271.612 3.19641
845.975 -271.609 3.19912
846.372 -271.607 3.2018
846.766 -271.605 3.20443
847.156 -271.603 3.20702
847.542 -271.6 3.20958
847.767 -271.848 3.21196
847.771 -272.457 3.21418
847.774 -273.079 3.21643
847.778 -273.715 3.21871
868.467 -242.387 3.2402
868.618 -242.205 3.24048
868.685 -242.233 3.24092
868.751 -242.261 3.24136
868.838 -242.234 3.24175
868.904 -242.261 3.24218
868.971 -242.289 3.24261
869.018 -242.371 3.24309
869.084 -242.399 3.24352
869.148 -242.435 3.24395
869.147 -242.67 3.24462
869.286 -242.477 3.24476
869.353 -242.505 3.24518
869.42 -242.533 3.24559
869.504 -242.504 3.24591
869.571 -242.532 3.24631
869.638 -242.56 3.24671
869.689 -242.645 3.24719
869.757 -242.673 3.24758
869.821 -242.714 3.248
868.327 -248.922 3.25831
868.448 -248.921 3.25886
868.569 -248.92 3.2594
868.583 -249.378 3.26071
868.587 -249.91 3.26218
868.592 -250.475 3.26373
868.596 -251.077 3.26537
868.601 -251.719 3.26712
868.607 -252.404 3.26898
868.612 -253.139 3.27097
863.754 -281.017 3.32517
866.713 -282.3 3.33998
871.909 -237.56 3.24297
866.549 -290.84 3.36149
872.258 -290.738 3.37959
872.631 -281.965 3.35831
873.258 -278.497 3.35122
840.779 -271.766 2.98756
841.231 -271.763 2.99181
841.677 -271.761 2.99598
842.119 -271.758 3.00008
842.655 -271.626 3.00487
843.085 -271.623 3.00882
843.511 -271.621 3.0127
843.933 -271.619 3.01652
844.35 -271.616 3.02027
844.763 -271.614 3.02397
845.172 -271.611 3.0276
845.577 -271.609 3.03117
845.978 -271.607 3.03468
846.375 -271.605 3.03814
846.769 -271.602 3.04153
847.159 -271.6 3.04488
847.545 -271.598 3.04817
847.767 -271.851 3.05022
847.771 -272.459 3.05064
847.774 -273.081 3.05105
847.778 -273.718 3.05144
868.467 -242.387 3.20344
868.619 -242.205 3.2045
868.685 -242.232 3.20494
868.752 -242.26 3.20538
868.839 -242.233 3.20595
868.905 -242.261 3.20638
868.971 -242.288 3.20679
869.018 -242.371 3.20706
869.085 -242.398 3.20747
869.149 -242.435 3.20786
869.147 -242.67 3.20775
869.287 -242.476 3.20868
869.354 -242.504 3.20907
869.421 -242.532 3.20946
869.504 -242.504 3.20996
869.571 -242.532 3.21034
869.638 -242.559 3.21071
869.689 -242.644 3.21095
869.757 -242.672 3.21131
869.821 -242.713 3.21164
868.328 -248.919 3.19968
868.449 -248.919 3.20033
868.57 -248.918 3.20097
868.583 -249.379 3.20073
868.587 -249.911 3.20039
868.592 -250.477 3.20001
868.596 -251.078 3.19961
868.601 -251.72 3.19916
868.607 -252.406 3.19868
868.612 -253.141 3.19814
863.753 -281.024 3.15357
866.715 -282.287 3.16548
871.909 -237.559 3.22567
866.549 -290.856 3.15724
872.259 -290.732 3.17676
872.631 -281.965 3.1861
873.258 -278.494 3.19109
840.783 -271.763 2.81188
841.235 -271.761 2.81712
841.681 -271.758 2.82226
842.123 -271.756 2.82732
842.658 -271.623 2.83361
843.089 -271.621 2.83848
843.515 -271.618 2.84326
843.937 -271.616 2.84795
844.354 -271.614 2.85257
844.767 -271.611 2.85711
845.176 -271.609 2.86157
845.581 -271.607 2.86595
845.982 -271.604 2.87026
846.379 -271.602 2.8745
846.772 -271.6 2.87866
847.162 -271.598 2.88275
847.548 -271.596 2.88678
847.767 -271.853 2.88846
847.771 -272.462 2.88709
847.774 -273.084 2.88565
847.778 -273.72 2.88415
868.468 -242.386 3.16668
868.619 -242.204 3.16853
868.686 -242.232 3.16897
868.752 -242.259 3.16939
868.839 -242.232 3.17017
868.905 -242.26 3.17058
868.972 -242.287 3.17099
869.018 -242.37 3.17104
869.085 -242.398 3.17143
869.149 -242.434 3.17177
869.148 -242.669 3.17088
869.287 -242.476 3.17261
869.354 -242.504 3.17297
869.421 -242.532 3.17334
869.505 -242.503 3.17402
869.572 -242.531 3.17437
869.638 -242.559 3.17471
869.69 -242.643 3.17471
869.757 -242.671 3.17504
869.822 -242.712 3.17529
868.329 -248.917 3.14106
868.45 -248.916 3.14181
868.571 -248.915 3.14255
868.583 -249.381 3.14074
868.587 -249.913 3.13858
868.592 -250.478 3.13629
868.596 -251.08 3.13383
868.601 -251.722 3.13119
868.607 -252.408 3.12836
868.612 -253.143 3.12531
863.753 -281.033 2.9819
866.717 -282.276 2.99105
871.91 -237.559 3.20839
866.548 -290.873 2.95288
872.26 -290.727 2.97397
872.632 -281.965 3.01389
873.259 -278.491 3.03099
840.787 -271.761 2.63621
841.239 -271.758 2.64245
841.784 -271.63 2.65044
842.126 -271.753 2.65458
842.293 -272.104 2.65532
842.297 -272.676 2.65286
842.3 -273.258 2.65031
843.86 -272.891 2.67244
845.179 -271.607 2.69556
845.584 -271.604 2.70075
845.985 -271.602 2.70586
846.382 -271.6 2.71087
846.775 -271.598 2.7158
847.165 -271.595 2.72065
847.551 -271.593 2.72541
847.767 -271.855 2.72668
847.771 -272.464 2.72351
847.774 -273.086 2.72023
847.778 -273.723 2.71683
868.468 -242.385 3.12993
868.62 -242.203 3.13256
868.686 -242.231 3.13299
868.753 -242.259 3.13342
868.84 -242.232 3.13438
868.906 -242.259 3.13479
868.972 -242.287 3.13518
869.019 -242.369 3.13502
869.086 -242.397 3.1354
869.15 -242.433 3.13569
869.148 -242.668 3.13402
869.288 -242.475 3.13654
869.354 -242.503 3.13688
869.421 -242.531 3.13722
869.505 -242.502 3.13808
869.572 -242.53 3.1384
869.639 -242.558 3.13871
869.69 -242.643 3.13848
869.758 -242.671 3.13878
869.822 -242.711 3.13895
868.33 -248.914 3.08245
868.451 -248.913 3.08331
868.571 -248.912 3.08416
868.583 -249.382 3.08073
868.587 -249.914 3.07677
868.592 -250.48 3.07255
868.596 -251.081 3.06804
868.601 -251.723 3.06321
868.607 -252.41 3.05803
868.612 -253.145 3.05246
863.752 -281.041 2.81016
866.719 -282.267 2.81668
871.91 -237.558 3.1911
866.547 -290.89 2.74839
872.26 -290.721 2.77121
872.632 -281.966 2.84167
873.259 -278.488 2.87091
827.486 -264.618 2.253
826.484 -265.816 2.22988
826.533 -266.271 2.22958
826.209 -267.007 2.22106
825.21 -268.264 2.19766
840.791 -271.758 2.46057
841.243 -271.755 2.46779
841.901 -271.484 2.4801
842.159 -271.713 2.48257
842.293 -272.106 2.48188
842.59 -272.289 2.48518
843.023 -272.286 2.49186
843.452 -272.284 2.49843
843.876 -272.281 2.50488
844.296 -272.279 2.51121
844.712 -272.277 2.51744
845.622 -271.552 2.53646
845.989 -271.598 2.54149
846.149 -271.95 2.54106
845.71 -273.216 2.5247
846.041 -273.33 2.52852
846.562 -283.485 2.44771
847.089 -283.322 2.45568
847.609 -283.161 2.46349
847.887 -283.488 2.46379
848.034 -284.098 2.45983
868.463 -242.399 3.09297
868.62 -242.203 3.0966
868.687 -242.23 3.09702
868.753 -242.258 3.09744
868.84 -242.231 3.0986
868.906 -242.259 3.099
868.972 -242.286 3.09938
869.019 -242.369 3.099
869.086 -242.396 3.09936
869.15 -242.432 3.09961
869.144 -242.683 3.09696
869.288 -242.475 3.10047
869.355 -242.502 3.10079
869.422 -242.53 3.1011
869.506 -242.502 3.10215
869.572 -242.53 3.10244
869.639 -242.557 3.10272
869.691 -242.642 3.10225
869.758 -242.67 3.10252
869.823 -242.71 3.10261
868.331 -248.911 3.02387
868.452 -248.911 3.02483
868.572 -248.91 3.02578
868.583 -249.383 3.02071
868.587 -249.916 3.01494
868.592 -250.481 3.00879
868.596 -251.083 3.00223
868.601 -251.725 2.99521
868.607 -252.411 2.98768
868.612 -253.147 2.9796
863.751 -281.051 2.63835
865.439 -276.969 2.69446
866.72 -282.259 2.64235
871.91 -237.557 3.17382
866.546 -290.908 2.54376
872.261 -290.716 2.56849
872.633 -281.966 2.66944
873.26 -278.485 2.71083
830.932 -262.607 2.14807
830.911 -263.066 2.14536
830.874 -263.541 2.14216
830.759 -264.08 2.13685
830.63 -264.638 2.13102
830.547 -265.168 2.12632
830.229 -265.89 2.1153
829.563 -266.902 2.09492
828.762 -268.045 2.07077
827.687 -269.437 2.0391
826.633 -270.843 2.00774
833.134 -277.899 2.08625
833.594 -278.006 2.09395
834.186 -277.951 2.10551
834.663 -278.026 2.11366
835.123 -278.114 2.12132
835.523 -278.273 2.12714
835.468 -278.999 2.11923
841.934 -271.443 2.30853
842.194 -271.67 2.31097
842.293 -272.109 2.30842
842.945 -271.819 2.32279
843.373 -271.816 2.3303
843.534 -272.174 2.32946
843.88 -272.279 2.33433
844.3 -272.276 2.34152
844.716 -272.274 2.34858
845.667 -271.489 2.37283
846.017 -271.559 2.37793
846.198 -271.879 2.37748
846.339 -272.265 2.3756
847.141 -271.637 2.39548
847.145 -272.234 2.38896
847.148 -272.844 2.38223
847.152 -273.468 2.3753
846.713 -283.19 2.2542
847.236 -283.03 2.26342
847.707 -282.963 2.27071
848.018 -283.22 2.27172
848.165 -283.824 2.26614
848.316 -284.438 2.2604
868.45 -242.432 3.05556
868.621 -242.202 3.06064
868.687 -242.23 3.06106
868.754 -242.257 3.06147
868.839 -242.235 3.06275
868.905 -242.263 3.06313
868.971 -242.29 3.0635
869.02 -242.368 3.06298
869.086 -242.396 3.06333
869.064 -242.689 3.05911
869.133 -242.717 3.05944
869.252 -242.586 3.06249
869.355 -242.502 3.0647
869.422 -242.53 3.06499
869.502 -242.516 3.06597
869.569 -242.544 3.06623
869.635 -242.572 3.06648
869.691 -242.641 3.06603
869.759 -242.669 3.06626
869.753 -242.977 3.06187
868.332 -248.909 2.96529
868.453 -248.908 2.96637
868.573 -248.907 2.96741
868.583 -249.385 2.96068
868.587 -249.917 2.9531
868.592 -250.483 2.94503
868.596 -251.085 2.93641
868.601 -251.727 2.92719
868.607 -252.413 2.91732
868.613 -253.148 2.90671
863.75 -281.061 2.46645
865.444 -276.939 2.53822
871.773 -237.537 3.15604
871.81 -237.521 3.1565
866.721 -282.255 2.468
871.91 -237.556 3.15655
866.545 -290.926 2.33898
872.262 -290.71 2.36578
872.633 -281.966 2.4972
873.26 -278.482 2.55077
843.455 -253.876 2.34809
843.43 -254.207 2.34511
843.406 -254.541 2.34209
843.383 -254.879 2.33903
843.361 -255.219 2.33593
843.341 -255.562 2.3328
843.322 -255.908 2.32963
843.305 -256.257 2.32641
843.289 -256.609 2.32316
843.275 -256.964 2.31987
843.262 -257.322 2.31653
843.25 -257.684 2.31315
843.24 -258.048 2.30973
843.232 -258.416 2.30627
843.226 -258.787 2.30276
843.22 -259.161 2.29921
843.217 -259.539 2.29562
843.215 -259.92 2.29198
843.216 -260.304 2.28829
843.218 -260.691 2.28456
830.779 -273.195 1.8757
831.053 -273.495 1.87893
831.343 -273.779 1.88262
831.809 -273.884 1.89204
832.77 -273.476 1.91781
833.267 -273.531 1.9283
833.747 -273.599 1.93816
834.024 -273.878 1.94122
834.715 -273.707 1.95819
834.429 -274.603 1.94205
834.667 -274.929 1.9435
834.923 -275.238 1.94545
835.178 -275.548 1.94731
835.428 -275.867 1.94888
835.657 -276.212 1.94961
835.913 -276.526 1.95122
836.183 -276.825 1.9532
837.121 -276.3 1.9788
837.197 -276.834 1.9738
841.92 -271.463 2.13559
842.18 -271.692 2.13794
838.223 -277.441 1.98677
842.949 -271.816 2.1516
843.377 -271.814 2.16001
843.534 -272.176 2.15837
838.098 -280.307 1.94736
838.679 -280.197 1.95991
839.356 -279.939 1.97615
845.653 -271.512 2.20747
846.009 -271.573 2.21328
846.183 -271.904 2.21197
845.759 -273.147 2.18714
846.08 -273.274 2.19121
844.144 -279.049 2.07537
844.395 -279.367 2.07516
844.623 -279.728 2.07383
844.574 -280.573 2.06068
847.144 -278.329 2.13658
847.399 -278.622 2.13635
846.315 -283.101 2.05126
846.851 -282.923 2.06233
847.364 -282.777 2.07252
847.714 -282.952 2.07513
848.064 -283.128 2.07767
848.296 -283.553 2.07448
848.446 -284.161 2.06711
868.43 -242.482 3.01754
868.498 -242.51 3.01798
868.688 -242.229 3.02509
868.754 -242.257 3.02549
868.827 -242.268 3.02624
868.893 -242.296 3.02661
868.96 -242.323 3.02697
869.02 -242.367 3.02697
869.087 -242.395 3.0273
869.048 -242.739 3.02103
869.116 -242.767 3.02134
869.185 -242.796 3.02165
869.356 -242.501 3.02861
869.423 -242.529 3.02888
869.492 -242.55 3.02928
869.559 -242.578 3.02951
869.626 -242.606 3.02973
869.691 -242.641 3.0298
869.759 -242.669 3.03
869.741 -243.027 3.02355
868.333 -248.906 2.90674
868.454 -248.905 2.90791
868.574 -248.904 2.90906
868.583 -249.386 2.90064
868.587 -249.918 2.89125
868.592 -250.484 2.88124
868.596 -251.086 2.87057
868.601 -251.728 2.85916
868.607 -252.415 2.84694
868.615 -253.139 2.83402
863.749 -281.071 2.29444
863.376 -285.259 2.21629
865.448 -276.92 2.38196
871.809 -237.528 3.13916
866.722 -282.258 2.29352
871.91 -237.555 3.13928
866.544 -290.945 2.13403
872.262 -290.706 2.16307
872.634 -281.967 2.32493
873.055 -289.055 2.19562
873.26 -278.479 2.39071
878.37 -287.011 2.23949
846.981 -251.568 2.34284
846.979 -251.847 2.34018
846.978 -252.128 2.33749
846.979 -252.411 2.33477
846.981 -252.696 2.33202
846.984 -252.983 2.32924
846.989 -253.272 2.32643
846.995 -253.563 2.32359
847.003 -253.856 2.32072
847.012 -254.151 2.31782
847.023 -254.448 2.31489
847.035 -254.747 2.31192
847.049 -255.048 2.30892
847.065 -255.352 2.30589
847.082 -255.657 2.30283
847.101 -255.965 2.29973
847.122 -256.275 2.2966
847.144 -256.586 2.29344
847.168 -256.9 2.29024
847.194 -257.216 2.28701
847.222 -257.535 2.28374
847.251 -257.855 2.28044
847.283 -258.178 2.2771
847.316 -258.503 2.27372
847.351 -258.83 2.27031
847.388 -259.159 2.26686
847.427 -259.491 2.26338
847.469 -259.824 2.25986
847.512 -260.161 2.2563
847.557 -260.499 2.2527
847.605 -260.84 2.24906
839.752 -270.284 1.9308
839.289 -271.36 1.90463
839.558 -271.592 1.90752
839.635 -272.056 1.90255
839.699 -272.542 1.89687
840.02 -272.719 1.90153
840.431 -272.78 1.9099
841.843 -271.564 1.95984
842.096 -271.802 1.96181
840.59 -274.344 1.88958
840.714 -274.788 1.88539
841.998 -273.675 1.93061
839.641 -277.503 1.81959
840.036 -277.619 1.82616
840.212 -278.039 1.82316
840.624 -278.128 1.83036
841.22 -277.947 1.84568
845.958 -271.651 2.04656
843.874 -275.359 1.94272
845.703 -273.235 2.0151
846.038 -273.342 2.02001
843.176 -278.452 1.87684
843.649 -278.413 1.88682
844.111 -278.383 1.89633
844.527 -278.423 1.90368
844.927 -278.484 1.91027
845.369 -278.469 1.91889
845.837 -278.404 1.92881
846.519 -277.954 1.94943
846.954 -277.925 1.95795
847.377 -277.911 1.96587
847.772 -277.94 1.97245
848.327 -277.666 1.98728
848.302 -278.478 1.97206
848.919 -278.073 1.99021
849.772 -277.184 2.02127
850.251 -277.007 2.0327
847.72 -282.942 1.87961
848.07 -283.118 1.88213
851.524 -276.747 2.05871
851.922 -276.701 2.06604
852.316 -276.655 2.07322
852.724 -276.57 2.0813
853.422 -275.82 2.10659
853.848 -275.664 2.11615
854.269 -275.509 2.12557
854.697 -275.327 2.13553
868.43 -242.481 2.98042
868.499 -242.509 2.98086
868.688 -242.228 2.98913
868.755 -242.256 2.98952
868.821 -242.284 2.9899
868.888 -242.311 2.99027
868.954 -242.339 2.99062
869.021 -242.367 2.99095
868.979 -242.709 2.9835
869.048 -242.738 2.98382
869.117 -242.767 2.98411
869.186 -242.795 2.9844
869.321 -242.614 2.98976
869.423 -242.528 2.99276
869.49 -242.556 2.99299
869.557 -242.584 2.9932
869.624 -242.612 2.9934
869.692 -242.64 2.99358
869.671 -242.997 2.98592
869.741 -243.026 2.98607
868.334 -248.904 2.84819
868.455 -248.903 2.84947
868.575 -248.902 2.85072
868.585 -249.378 2.84079
868.593 -249.894 2.82997
868.599 -250.453 2.81819
868.602 -251.06 2.80535
868.606 -251.708 2.79162
868.607 -252.416 2.77654
868.613 -253.152 2.76089
863.928 -280.08 2.14529
864.224 -280.345 2.14208
864.512 -280.669 2.13744
865.451 -276.907 2.22569
871.779 -237.495 3.12242
871.812 -237.505 3.12244
871.846 -237.515 3.12246
871.879 -237.524 3.12247
871.913 -237.534 3.12247
866.543 -290.966 1.9289
872.263 -290.71 1.96017
872.634 -281.967 2.15264
873.055 -289.037 1.99897
873.261 -278.475 2.23065
877.656 -287.569 2.03658
878.369 -286.997 2.04879
878.737 -286.86 2.05152
849.77 -249.742 2.33869
849.783 -249.982 2.33629
849.796 -250.224 2.33386
849.812 -250.467 2.33142
849.828 -250.711 2.32895
849.846 -250.956 2.32645
849.866 -251.203 2.32393
849.886 -251.452 2.32139
849.909 -251.701 2.31882
849.933 -251.952 2.31623
849.958 -252.205 2.31361
849.985 -252.459 2.31096
850.013 -252.714 2.3083
850.043 -252.971 2.3056
850.074 -253.229 2.30288
850.107 -253.488 2.30014
850.142 -253.749 2.29737
850.178 -254.011 2.29457
850.216 -254.275 2.29174
850.256 -254.54 2.28889
850.297 -254.807 2.28601
850.34 -255.075 2.28311
850.385 -255.344 2.28018
850.432 -255.615 2.27722
850.48 -255.887 2.27423
850.531 -256.16 2.27122
850.583 -256.435 2.26818
850.637 -256.712 2.26511
850.693 -256.989 2.26201
850.751 -257.269 2.25888
850.81 -257.549 2.25572
850.872 -257.831 2.25254
850.936 -258.115 2.24933
851.002 -258.399 2.24609
851.07 -258.685 2.24281
851.14 -258.973 2.23951
851.212 -259.262 2.23618
851.286 -259.552 2.23282
851.362 -259.844 2.22943
851.441 -260.137 2.22601
851.521 -260.431 2.22256
851.604 -260.727 2.21908
851.69 -261.024 2.21557
851.777 -261.322 2.21202
844.863 -271.49 1.85997
844.999 -271.876 1.85575
845.537 -271.684 1.87169
846.005 -271.584 1.88417
846.339 -271.676 1.88986
846.581 -271.904 1.89077
845.904 -273.551 1.84345
846.299 -273.565 1.85176
846.738 -273.504 1.86243
847.013 -273.7 1.86438
847.39 -273.729 1.87174
847.625 -273.99 1.87138
847.308 -275.188 1.84027
847.288 -275.91 1.825
846.715 -277.615 1.77805
847.165 -277.553 1.78838
847.58 -277.547 1.79675
848.048 -277.437 1.80826
848.544 -277.265 1.82156
848.95 -277.251 1.82966
849.526 -276.903 1.84807
850.033 -276.675 1.8625
850.557 -276.398 1.87823
851.018 -276.235 1.89026
851.415 -276.192 1.8984
851.833 -276.098 1.90795
852.286 -275.92 1.91992
852.713 -275.789 1.93028
853.229 -275.447 1.94682
853.646 -275.314 1.95689
854.07 -275.152 1.96765
854.504 -274.957 1.97925
854.964 -274.686 1.99293
868.431 -242.48 2.9433
868.512 -242.477 2.94465
868.58 -242.506 2.94507
868.753 -242.26 2.95341
868.82 -242.288 2.95379
868.886 -242.316 2.95414
868.953 -242.343 2.95448
869.019 -242.371 2.95479
868.991 -242.676 2.94723
869.059 -242.705 2.94753
869.128 -242.733 2.94782
869.197 -242.761 2.94808
869.266 -242.79 2.94833
869.419 -242.542 2.95624
869.486 -242.571 2.95643
869.553 -242.599 2.95661
869.62 -242.627 2.95677
869.688 -242.655 2.95691
869.681 -242.961 2.94945
869.751 -242.989 2.94957
868.335 -248.901 2.78965
868.456 -248.9 2.79103
868.576 -248.899 2.79239
868.583 -249.388 2.78049
868.587 -249.921 2.76748
868.592 -250.487 2.75362
868.596 -251.089 2.73884
868.601 -251.731 2.72304
868.607 -252.418 2.70611
868.613 -253.154 2.68794
865.151 -273.269 2.15711
864.318 -279.801 1.98732
864.613 -280.065 1.9833
865.453 -276.896 2.06941
865.211 -280.599 1.97496
865.514 -280.869 1.97059
871.779 -237.494 3.1053
871.812 -237.504 3.10531
871.846 -237.514 3.10531
871.879 -237.524 3.10529
871.913 -237.533 3.10527
866.541 -290.988 1.72354
872.264 -290.715 1.7572
872.635 -281.967 1.98032
873.056 -289.029 1.80215
873.261 -278.472 2.07059
877.652 -287.521 1.84507
878.368 -286.982 1.85816
878.738 -286.861 1.86082
852.031 -248.262 2.33532
852.053 -248.472 2.33314
852.077 -248.683 2.33093
852.101 -248.895 2.32871
852.127 -249.108 2.32646
852.155 -249.322 2.3242
852.184 -249.536 2.32192
852.214 -249.752 2.31961
852.245 -249.969 2.31729
852.278 -250.187 2.31495
852.312 -250.405 2.31258
852.348 -250.625 2.3102
852.385 -250.845 2.30779
852.424 -251.067 2.30537
852.464 -251.289 2.30293
852.505 -251.513 2.30046
852.548 -251.737 2.29797
852.593 -251.962 2.29547
852.639 -252.188 2.29294
852.687 -252.416 2.29039
852.736 -252.644 2.28782
852.787 -252.872 2.28523
852.84 -253.102 2.28262
852.894 -253.333 2.27998
852.95 -253.565 2.27733
853.007 -253.797 2.27465
853.066 -254.031 2.27195
853.127 -254.265 2.26923
853.19 -254.5 2.26649
853.254 -254.736 2.26373
853.32 -254.973 2.26094
853.388 -255.211 2.25813
853.458 -255.449 2.2553
853.53 -255.689 2.25245
853.603 -255.929 2.24958
853.678 -256.17 2.24668
853.755 -256.412 2.24376
853.766 -256.742 2.23721
853.724 -257.149 2.22758
853.68 -257.565 2.21766
853.635 -257.991 2.20745
853.589 -258.427 2.19694
853.542 -258.874 2.18611
853.494 -259.332 2.17495
853.451 -259.792 2.16383
853.52 -260.099 2.15878
853.595 -260.404 2.15386
853.692 -260.68 2.15004
853.746 -261.027 2.14355
853.702 -261.529 2.13115
853.583 -262.163 2.1139
849.901 -268.478 1.88298
848.834 -270.761 1.80559
848.746 -271.506 1.7863
848.971 -271.75 1.78572
849.123 -272.118 1.78051
849.159 -272.693 1.76774
849.337 -273.033 1.76358
850.079 -272.377 1.79541
850.507 -272.261 1.80744
850.831 -272.328 1.81275
851.119 -272.458 1.81568
851.203 -272.975 1.80481
852.038 -272.054 1.84463
852.329 -272.166 1.84778
851.649 -274.218 1.78327
851.899 -274.444 1.78265
852.31 -274.341 1.7933
852.634 -274.413 1.79778
853.005 -274.379 1.80578
853.382 -274.328 1.81419
853.756 -274.276 1.82251
853.994 -274.527 1.82049
854.48 -274.207 1.83754
854.877 -274.08 1.84797
855.214 -274.087 1.85378
868.431 -242.48 2.90618
868.518 -242.464 2.90808
868.586 -242.492 2.9085
868.741 -242.293 2.91631
868.808 -242.321 2.91668
868.874 -242.349 2.91702
868.941 -242.377 2.91735
868.927 -242.634 2.91027
868.996 -242.663 2.91057
869.064 -242.691 2.91085
869.133 -242.72 2.91111
869.201 -242.748 2.91134
869.27 -242.777 2.91156
869.339 -242.806 2.91176
869.408 -242.834 2.91194
869.477 -242.863 2.9121
869.546 -242.892 2.91224
869.615 -242.92 2.91236
869.684 -242.949 2.91246
869.754 -242.978 2.91254
868.336 -248.898 2.73112
868.457 -248.897 2.73261
868.577 -248.897 2.73406
868.583 -249.39 2.7204
868.587 -249.922 2.70556
868.592 -250.488 2.68978
868.596 -251.09 2.67294
868.601 -251.733 2.65494
868.607 -252.42 2.63566
868.613 -253.155 2.61496
864.105 -279.101 1.83792
864.406 -279.292 1.83536
864.702 -279.528 1.83142
865.455 -276.889 1.9131
865.295 -280.05 1.82181
865.595 -280.315 1.81681
871.779 -237.494 3.08819
871.813 -237.503 3.08818
871.846 -237.513 3.08816
871.879 -237.523 3.08812
871.913 -237.533 3.08808
867.455 -281.957 1.78384
867.775 -282.256 1.77736
868.106 -282.46 1.77361
868.438 -282.692 1.76894
868.767 -282.993 1.76217
869.091 -283.441 1.75108
871.858 -290.803 1.5505
872.264 -290.72 1.55415
872.635 -281.968 1.80797
873.057 -289.025 1.60525
873.262 -278.469 1.91052
877.649 -287.488 1.6534
878.366 -286.967 1.66761
878.738 -286.862 1.67007
853.901 -247.037 2.33254
853.93 -247.224 2.33054
853.96 -247.41 2.32851
853.991 -247.598 2.32647
854.023 -247.786 2.32442
854.056 -247.975 2.32235
854.091 -248.164 2.32026
854.127 -248.355 2.31815
854.165 -248.546 2.31603
854.203 -248.737 2.3139
854.243 -248.929 2.31174
854.284 -249.122 2.30957
854.327 -249.316 2.30739
854.371 -249.51 2.30518
854.416 -249.704 2.30296
854.463 -249.9 2.30073
854.46 -250.145 2.29583
854.431 -250.42 2.28944
854.402 -250.699 2.28289
854.372 -250.984 2.27617
854.342 -251.273 2.26928
854.311 -251.568 2.26221
854.279 -251.868 2.25496
854.247 -252.173 2.24752
854.214 -252.484 2.23989
854.25 -252.725 2.23583
854.34 -252.908 2.23464
854.427 -253.097 2.23321
854.515 -253.285 2.23177
854.575 -253.509 2.22859
854.195 -254.256 2.20047
854.213 -254.543 2.1945
854.29 -254.763 2.19176
854.375 -254.976 2.18937
854.489 -255.154 2.18857
854.583 -255.36 2.18648
854.465 -255.842 2.1718
854.571 -256.041 2.17009
854.68 -256.238 2.16844
854.794 -256.429 2.16705
854.912 -256.618 2.16574
855.01 -256.838 2.16307
855.102 -257.068 2.15992
855.213 -257.273 2.15785
855.312 -257.501 2.15483
855.413 -257.727 2.15182
855.54 -257.918 2.15036
855.672 -258.103 2.14909
855.811 -258.279 2.14819
855.955 -258.451 2.14742
855.833 -259.047 2.12894
855.74 -259.609 2.11199
855.71 -260.084 2.09882
855.813 -260.35 2.09434
855.992 -260.489 2.095
856.143 -260.68 2.09354
855.841 -261.663 2.06005
855.667 -262.449 2.03481
855.004 -264.139 1.97363
854.831 -264.982 1.94672
855.066 -265.089 1.94915
855.337 -265.124 1.95429
854.898 -266.531 1.90565
854.879 -267.156 1.88788
854.939 -267.641 1.87567
855.141 -267.849 1.87417
855.376 -267.992 1.87516
855.631 -268.093 1.87764
856.084 -267.768 1.89624
856.314 -267.917 1.89668
856.491 -268.184 1.89261
856.434 -268.987 1.86836
856.735 -268.991 1.87417
857.43 -268.058 1.91465
857.694 -268.122 1.91782
868.432 -242.479 2.86906
868.518 -242.463 2.87112
868.586 -242.491 2.87153
868.654 -242.52 2.87192
868.723 -242.548 2.87229
868.791 -242.577 2.87263
868.859 -242.605 2.87296
868.928 -242.634 2.87326
868.996 -242.662 2.87354
869.065 -242.691 2.8738
869.133 -242.719 2.87404
869.202 -242.748 2.87426
869.271 -242.776 2.87445
869.339 -242.805 2.87463
869.408 -242.833 2.87478
869.477 -242.862 2.87491
869.546 -242.891 2.87502
869.616 -242.92 2.87511
869.685 -242.949 2.87518
869.754 -242.977 2.87522
868.333 -248.91 2.67211
868.455 -248.907 2.67377
868.571 -248.924 2.67472
868.577 -249.417 2.65937
868.587 -249.924 2.64363
868.592 -250.49 2.62591
868.597 -251.092 2.60701
868.602 -251.734 2.58682
868.607 -252.421 2.56519
868.613 -253.157 2.54196
865.238 -272.791 1.88469
864.488 -278.826 1.68556
864.787 -279.023 1.68221
865.457 -276.883 1.75673
865.376 -279.515 1.67206
865.673 -279.774 1.66648
871.78 -237.493 3.07108
871.813 -237.503 3.07105
871.846 -237.512 3.07101
871.88 -237.522 3.07096
871.913 -237.532 3.0709
867.511 -281.417 1.62838
867.83 -281.675 1.62229
868.158 -281.868 1.61826
868.488 -282.066 1.61395
868.819 -282.285 1.60889
869.151 -282.53 1.60289
869.486 -282.785 1.59651
869.821 -283.086 1.5885
870.156 -283.489 1.57712
870.493 -283.992 1.56241
870.835 -284.508 1.54718
871.859 -290.792 1.34758
872.265 -290.725 1.35103
872.636 -281.968 1.63557
873.057 -289.023 1.40827
873.262 -278.466 1.75044
877.648 -287.463 1.46166
878.365 -286.951 1.4771
878.739 -286.864 1.47922
854.996 -246.384 2.30474
854.994 -246.584 2.30093
854.986 -246.792 2.29667
854.982 -246.998 2.29259
854.983 -247.203 2.28866
854.992 -247.403 2.28506
855.011 -247.597 2.28189
855.036 -247.788 2.27899
855.091 -247.954 2.27762
855.047 -248.211 2.2707
855.068 -248.411 2.2673
855.07 -248.632 2.26272
855.081 -248.848 2.25849
855.095 -249.063 2.25436
855.122 -249.269 2.25083
855.157 -249.468 2.24767
855.189 -249.673 2.24427
855.235 -249.867 2.2415
855.248 -250.095 2.23679
855.275 -250.313 2.23275
855.375 -250.457 2.23285
855.476 -250.601 2.23293
855.577 -250.746 2.23295
855.672 -250.898 2.23249
855.783 -251.033 2.23296
855.886 -251.178 2.23286
855.909 -251.414 2.22788
856.012 -251.562 2.22762
856.135 -251.688 2.22847
856.235 -251.84 2.22789
856.3 -252.036 2.22502
856.337 -252.269 2.22024
856.356 -252.527 2.21422
856.454 -252.691 2.21305
856.505 -252.915 2.20881
856.555 -253.145 2.20433
856.627 -253.349 2.2011
856.708 -253.545 2.19833
856.816 -253.705 2.19729
856.929 -253.861 2.19643
856.901 -254.213 2.18602
856.948 -254.467 2.18044
856.996 -254.725 2.17472
857.051 -254.977 2.1693
857.113 -255.223 2.1642
857.203 -255.431 2.16089
857.328 -255.59 2.1599
857.426 -255.79 2.15691
857.47 -256.079 2.14983
857.525 -256.356 2.14334
857.578 -256.644 2.13643
857.628 -256.94 2.12911
857.68 -257.239 2.12173
857.739 -257.533 2.11463
857.818 -257.799 2.10876
857.855 -258.143 2.09944
857.905 -258.473 2.09084
857.99 -258.747 2.08468
858.088 -259.003 2.07937
858.188 -259.26 2.07398
858.287 -259.523 2.06835
858.399 -259.768 2.0635
858.52 -260.002 2.05914
858.642 -260.236 2.05472
858.698 -260.611 2.04434
858.71 -261.087 2.02971
858.799 -261.412 2.02149
858.895 -261.734 2.01347
858.973 -262.102 2.00351
859.046 -262.492 1.99268
859.127 -262.875 1.98214
859.209 -263.265 1.97136
859.291 -263.67 1.96001
859.376 -264.078 1.94855
867.459 -244.868 2.73477
868.519 -242.462 2.83415
868.587 -242.491 2.83455
868.655 -242.519 2.83494
868.723 -242.548 2.8353
868.791 -242.576 2.83563
868.86 -242.604 2.83594
868.928 -242.633 2.83623
868.997 -242.661 2.8365
869.065 -242.69 2.83674
869.134 -242.718 2.83696
869.202 -242.747 2.83716
869.271 -242.776 2.83733
869.34 -242.804 2.83748
869.409 -242.833 2.83761
869.478 -242.862 2.83771
869.547 -242.89 2.83779
869.616 -242.919 2.83785
869.685 -242.948 2.83788
868.213 -248.909 2.61175
868.338 -248.893 2.61406
868.458 -248.894 2.6157
868.574 -248.911 2.61668
868.521 -249.664 2.58987
868.53 -250.182 2.57198
868.54 -250.731 2.55299
868.551 -251.314 2.53278
868.562 -251.934 2.51125
868.574 -252.595 2.48825
868.586 -253.301 2.46363
865.207 -272.969 1.73544
864.569 -278.359 1.53895
864.865 -278.553 1.53523
865.458 -276.88 1.60024
865.456 -278.991 1.52562
865.75 -279.246 1.5194
871.779 -237.497 3.05379
871.812 -237.507 3.05373
871.846 -237.517 3.05366
871.879 -237.527 3.05358
871.913 -237.537 3.05349
867.565 -280.88 1.47649
867.884 -281.103 1.47087
868.209 -281.291 1.46641
868.536 -281.48 1.46182
868.865 -281.673 1.45701
869.194 -281.89 1.45124
869.525 -282.126 1.44468
869.859 -282.368 1.43779
870.196 -282.62 1.43048
870.535 -282.876 1.4229
870.878 -283.164 1.41411
871.221 -283.564 1.40116
871.568 -284.029 1.3858
871.922 -284.543 1.3686
872.283 -285.062 1.35114
872.636 -281.969 1.46309
873.026 -286.127 1.31492
873.262 -278.463 1.5903
877.646 -287.443 1.26987
878.364 -286.936 1.28667
878.739 -286.865 1.28837
856.287 -245.551 2.29759
856.305 -245.723 2.29471
856.304 -245.912 2.2906
856.313 -246.094 2.28703
856.158 -246.418 2.27366
856.172 -246.601 2.27016
856.214 -246.763 2.26822
856.279 -246.906 2.26753
856.338 -247.056 2.26643
856.398 -247.205 2.26533
856.452 -247.361 2.26375
856.524 -247.502 2.2632
856.653 -247.589 2.26608
856.784 -247.673 2.26903
856.826 -247.843 2.2665
856.86 -248.024 2.26332
856.901 -248.199 2.26049
856.494 -248.831 2.22942
856.581 -248.97 2.22909
856.654 -249.123 2.22783
856.719 -249.286 2.22602
856.832 -249.399 2.22718
856.975 -249.48 2.23015
857.108 -249.57 2.23254
857.171 -249.739 2.23025
857.221 -249.925 2.22698
857.312 -250.065 2.22636
857.407 -250.202 2.2259
857.454 -250.397 2.22212
857.462 -250.641 2.21556
857.463 -250.897 2.20837
857.446 -251.18 2.19977
857.529 -251.343 2.19789
857.614 -251.506 2.19601
857.699 -251.669 2.19411
857.784 -251.835 2.19203
857.877 -251.991 2.19044
857.983 -252.133 2.18961
858.082 -252.284 2.18827
858.156 -252.472 2.18496
858.215 -252.683 2.18045
858.28 -252.89 2.17615
858.339 -253.109 2.17127
858.406 -253.319 2.16682
858.504 -253.486 2.16461
858.595 -253.667 2.16168
858.672 -253.871 2.15755
858.779 -254.032 2.15559
858.886 -254.194 2.15357
859.03 -254.299 2.15434
859.18 -254.394 2.15557
859.332 -254.488 2.1568
859.413 -254.7 2.15216
859.322 -255.213 2.1329
859.356 -255.52 2.12375
859.426 -255.77 2.11741
859.499 -256.022 2.111
859.561 -256.298 2.10341
859.627 -256.572 2.09597
859.696 -256.848 2.08846
859.768 -257.126 2.08091
859.84 -257.409 2.07311
859.912 -257.697 2.06506
859.991 -257.981 2.05726
860.066 -258.278 2.04889
860.146 -258.573 2.04059
860.231 -258.865 2.03246
860.315 -259.167 2.02389
860.405 -259.464 2.01558
860.493 -259.774 2.00666
860.593 -260.065 1.99862
860.704 -260.337 1.99145
860.747 -260.781 1.97659
867.459 -244.867 2.68863
868.347 -242.894 2.77807
868.587 -242.49 2.79758
868.655 -242.519 2.79796
868.724 -242.547 2.79831
868.792 -242.575 2.79864
868.86 -242.604 2.79894
868.929 -242.632 2.79921
868.997 -242.661 2.79946
869.066 -242.689 2.79969
869.134 -242.718 2.79989
869.203 -242.746 2.80006
869.271 -242.775 2.80022
869.34 -242.803 2.80034
869.409 -242.832 2.80044
869.478 -242.861 2.80052
869.547 -242.89 2.80057
869.616 -242.918 2.80059
869.686 -242.947 2.80059
868.202 -248.953 2.55115
868.339 -248.889 2.5556
868.46 -248.886 2.55749
868.565 -248.952 2.55648
868.492 -249.791 2.52354
868.496 -250.336 2.50278
868.492 -250.957 2.47897
868.489 -251.609 2.45397
868.498 -252.252 2.42941
871.414 -237.943 3.01538
871.526 -237.549 3.03192
871.585 -237.415 3.03777
871.618 -237.425 3.03778
871.651 -237.434 3.03778
871.684 -237.443 3.03776
871.717 -237.453 3.03774
871.75 -237.462 3.0377
871.783 -237.472 3.03765
871.816 -237.481 3.03759
871.849 -237.491 3.03752
871.882 -237.5 3.03744
871.916 -237.509 3.03735
871.949 -237.519 3.03724
871.983 -237.528 3.03712
872.016 -237.538 3.037
872.05 -237.547 3.03686
872.084 -237.557 3.03671
872.118 -237.566 3.03654
869.563 -281.498 1.29625
869.893 -281.731 1.28892
870.226 -281.966 1.28143
870.561 -282.208 1.27355
870.9 -282.457 1.2653
871.242 -282.708 1.25684
871.587 -282.963 1.24815
871.936 -283.25 1.23806
872.288 -283.644 1.22369
872.637 -281.969 1.29061
873.01 -284.57 1.18915
873.263 -278.46 1.43019
873.761 -285.611 1.14966
874.148 -286.146 1.12918
874.543 -286.696 1.10799
874.946 -287.252 1.08646
875.458 -289.696 0.99062
875.887 -290.201 0.970831
876.326 -290.724 0.950204
876.771 -291.236 0.929845
877.23 -291.827 0.906252
877.645 -287.426 1.07807
878.363 -286.922 1.0963
878.74 -286.866 1.09747
857.251 -244.956 2.28119
857.318 -245.078 2.28123
857.296 -245.274 2.27561
857.253 -245.492 2.26847
857.251 -245.676 2.26391
857.296 -245.822 2.2622
857.34 -245.97 2.26038
857.342 -246.157 2.25573
857.373 -246.321 2.2528
857.443 -246.449 2.25241
857.531 -246.562 2.25309
857.621 -246.673 2.25388
857.71 -246.785 2.25452
857.766 -246.929 2.25291
857.819 -247.078 2.25099
857.862 -247.238 2.24833
857.903 -247.401 2.24544
857.945 -247.566 2.2425
857.993 -247.725 2.2399
858.038 -247.89 2.237
858.081 -248.059 2.23382
858.13 -248.223 2.23092
858.176 -248.392 2.22778
858.24 -248.543 2.22575
858.307 -248.692 2.22385
858.377 -248.839 2.22207
858.449 -248.986 2.22027
858.488 -249.172 2.21606
858.522 -249.367 2.21136
858.597 -249.515 2.2095
858.522 -249.85 2.19639
858.566 -250.044 2.19189
858.642 -250.198 2.18969
858.719 -250.353 2.1875
858.801 -250.503 2.18554
858.886 -250.652 2.18367
858.99 -250.776 2.18323
859.107 -250.883 2.18367
859.213 -251.006 2.1832
859.289 -251.171 2.18027
859.293 -251.443 2.17133
859.387 -251.588 2.16959
859.491 -251.722 2.16844
859.557 -251.912 2.16412
859.608 -252.13 2.15829
859.668 -252.337 2.15307
859.74 -252.527 2.14876
859.815 -252.719 2.14441
859.885 -252.919 2.1396
859.961 -253.115 2.13501
860.039 -253.309 2.13048
860.115 -253.512 2.12552
860.194 -253.713 2.12067
860.277 -253.911 2.116
860.379 -254.078 2.11288
860.485 -254.24 2.11004
860.601 -254.388 2.10792
860.714 -254.543 2.1054
860.802 -254.749 2.10025
860.893 -254.953 2.09514
860.988 -255.153 2.09029
861.085 -255.352 2.08544
861.185 -255.551 2.08064
861.279 -255.767 2.07493
861.362 -256.01 2.06788
861.447 -256.254 2.06075
861.535 -256.501 2.05354
861.624 -256.749 2.04624
861.715 -257 2.03885
861.809 -257.252 2.03137
861.904 -257.506 2.0238
862.003 -257.76 2.01622
868.312 -242.775 2.74327
868.408 -242.74 2.74682
868.588 -242.49 2.76061
868.656 -242.518 2.76098
868.724 -242.546 2.76132
868.792 -242.575 2.76163
868.861 -242.603 2.76192
868.929 -242.632 2.76219
868.998 -242.66 2.76242
869.066 -242.689 2.76263
869.135 -242.717 2.76281
869.203 -242.746 2.76297
869.272 -242.774 2.76309
869.341 -242.803 2.76319
869.409 -242.831 2.76327
869.478 -242.86 2.76332
869.548 -242.889 2.76333
869.617 -242.918 2.76333
869.607 -243.243 2.74981
868.201 -248.956 2.49206
868.329 -248.932 2.49504
868.451 -248.928 2.49711
868.568 -248.941 2.49834
868.492 -249.792 2.46192
868.496 -250.337 2.43931
868.497 -250.935 2.41444
868.495 -251.586 2.38723
871.331 -238.162 2.98627
871.454 -237.735 3.00575
871.556 -237.388 3.02156
871.588 -237.397 3.02157
871.621 -237.407 3.02156
871.654 -237.416 3.02155
871.686 -237.426 3.02152
871.719 -237.435 3.02148
871.752 -237.444 3.02143
871.785 -237.454 3.02136
871.818 -237.463 3.02129
871.851 -237.472 3.0212
871.884 -237.482 3.0211
871.918 -237.491 3.02099
871.951 -237.501 3.02086
871.984 -237.51 3.02073
872.018 -237.52 3.02058
872.051 -237.529 3.02042
872.085 -237.539 3.02024
872.119 -237.548 3.02006
872.153 -237.557 3.01986
869.926 -281.111 1.14372
870.254 -281.342 1.13563
870.586 -281.572 1.12742
870.921 -281.804 1.11904
871.259 -282.04 1.11039
871.599 -282.292 1.10095
871.943 -282.539 1.09155
872.291 -282.79 1.08192
872.638 -281.971 1.11802
872.997 -283.349 1.05985
873.263 -278.457 1.27005
873.724 -284.124 1.028
874.099 -284.587 1.0087
874.481 -285.1 0.987097
874.872 -285.623 0.964976
875.271 -286.155 0.942306
875.678 -286.702 0.918856
876.093 -287.234 0.895943
876.513 -287.746 0.873738
876.935 -288.174 0.854939
877.359 -288.552 0.838142
877.645 -287.426 0.885601
878.22 -289.28 0.80532
878.361 -286.907 0.90597
878.327 -283.309 1.05908
879.559 -290.4 0.753648
880.019 -290.784 0.735646
880.485 -291.172 0.717263
880.959 -291.567 0.698441
857.968 -244.544 2.25647
857.956 -244.725 2.25119
857.965 -244.89 2.24725
857.983 -245.049 2.24381
858.019 -245.194 2.24151
858.066 -245.33 2.23995
858.112 -245.469 2.23812
858.164 -245.603 2.2367
858.209 -245.744 2.23472
858.248 -245.892 2.23222
858.297 -246.033 2.23032
858.38 -246.142 2.23072
858.476 -246.239 2.23201
858.546 -246.361 2.2314
858.598 -246.501 2.22945
858.662 -246.631 2.22819
858.743 -246.744 2.22818
858.826 -246.857 2.22815
858.854 -247.026 2.22408
858.882 -247.199 2.21982
858.91 -247.374 2.21544
858.942 -247.547 2.21127
858.983 -247.712 2.20764
859.028 -247.874 2.20418
859.081 -248.029 2.20126
859.141 -248.178 2.1987
859.205 -248.324 2.1964
859.297 -248.437 2.19622
859.406 -248.53 2.19729
859.516 -248.622 2.19839
859.606 -248.739 2.1978
859.691 -248.864 2.19667
859.778 -248.988 2.19565
859.865 -249.111 2.19459
859.952 -249.236 2.19342
860.041 -249.359 2.19229
860.133 -249.48 2.19129
860.225 -249.601 2.19028
860.313 -249.729 2.18878
860.4 -249.86 2.18711
860.483 -249.999 2.18492
860.558 -250.149 2.18202
860.633 -250.304 2.17886
860.704 -250.465 2.17528
860.78 -250.622 2.172
860.863 -250.77 2.16922
860.952 -250.911 2.16682
861.047 -251.043 2.16489
861.121 -251.212 2.16085
861.188 -251.395 2.15596
861.047 -251.935 2.13072
861.116 -252.127 2.12544
861.195 -252.307 2.12088
861.277 -252.483 2.11648
861.362 -252.658 2.11218
861.435 -252.857 2.10652
861.515 -253.048 2.10128
861.606 -253.223 2.09697
861.702 -253.391 2.093
861.808 -253.543 2.08989
861.905 -253.714 2.08569
861.996 -253.902 2.08061
862.05 -254.17 2.07116
862.142 -254.365 2.06567
862.241 -254.55 2.06071
862.342 -254.736 2.0557
862.444 -254.922 2.05065
862.549 -255.108 2.04559
862.655 -255.293 2.04059
862.764 -255.478 2.03554
862.874 -255.664 2.03044
868.339 -242.709 2.7084
868.434 -242.675 2.71213
868.504 -242.704 2.71251
868.656 -242.517 2.72399
868.725 -242.546 2.72432
868.793 -242.574 2.72463
868.861 -242.602 2.7249
868.93 -242.631 2.72515
868.998 -242.659 2.72537
869.066 -242.688 2.72556
869.135 -242.716 2.72573
869.204 -242.745 2.72586
869.272 -242.773 2.72597
869.341 -242.802 2.72604
869.41 -242.831 2.72609
869.479 -242.859 2.72611
869.548 -242.888 2.7261
869.617 -242.917 2.72606
869.639 -243.123 2.71731
865.058 -261.054 1.84075
868.324 -248.954 2.43518
868.446 -248.95 2.43737
868.564 -248.959 2.43884
868.492 -249.793 2.40029
868.496 -250.338 2.37582
868.498 -250.933 2.34905
871.242 -238.399 2.95456
871.377 -237.935 2.97742
871.492 -237.542 2.99683
871.559 -237.371 3.00548
871.592 -237.38 3.00548
871.624 -237.389 3.00546
871.657 -237.399 3.00543
871.689 -237.408 3.00539
871.722 -237.417 3.00534
871.755 -237.427 3.00527
871.788 -237.436 3.00519
871.821 -237.445 3.0051
871.854 -237.455 3.00499
871.886 -237.464 3.00488
871.92 -237.473 3.00475
871.953 -237.483 3.0046
871.986 -237.492 3.00445
872.019 -237.501 3.00428
872.053 -237.511 3.0041
872.086 -237.52 3.0039
872.12 -237.53 3.00369
872.154 -237.539 3.00347
869.956 -280.538 1.00062
870.282 -280.732 0.99347
870.61 -280.954 0.984865
870.941 -281.164 0.976716
871.275 -281.362 0.969008
871.612 -281.58 0.960262
871.951 -281.811 0.950757
872.293 -282.066 0.940072
872.55 -259.672 1.97897
872.738 -259.616 1.98203
872.926 -259.607 1.98285
873.121 -259.859 1.97149
874.062 -283.416 0.881101
874.431 -283.794 0.863897
874.807 -284.192 0.84565
875.19 -284.609 0.826402
875.582 -285.085 0.804274
875.982 -285.565 0.781803
876.389 -286.048 0.75905
876.803 -286.538 0.735788
877.225 -287.032 0.71223
877.646 -287.431 0.692859
878.073 -287.833 0.673253
878.36 -286.892 0.715691
878.741 -286.869 0.715482
879.381 -288.948 0.61748
879.827 -289.311 0.598936
880.28 -289.679 0.580013
880.74 -290.051 0.5607
881.207 -290.427 0.540989
881.68 -290.808 0.52087
882.161 -291.194 0.500335
 ] }
 color Color { color [
0.589529 0 0.410471
0.593093 0 0.406907
0.596729 0 0.403271
0.490877 0 0.509123
0.488248 0 0.511752
0.48567 0 0.51433
0.483142 0 0.516858
0.480665 0 0.519335
0.478236 0 0.521764
0.475854 0 0.524146
0.473519 0 0.526481
0.471229 0 0.528771
0.468985 0 0.531015
0.466783 0 0.533217
0.464626 0 0.535374
0.462511 0 0.537489
0.462982 0 0.537018
0.468123 0 0.531877
0.473402 0 0.526598
0.478825 0 0.521175
0.107594 0 0.892406
0.107602 0 0.892398
0.107614 0 0.892386
0.102787 0 0.897213
0.102809 0 0.897191
0.102836 0 0.897164
0.102868 0 0.897132
0.102905 0 0.897095
0.107804 0 0.892196
0.107855 0 0.892145
0.107911 0 0.892089
0.107973 0 0.892027
0.10804 0 0.89196
0.103179 0 0.896821
0.103252 0 0.896748
0.10333 0 0.89667
0.103413 0 0.896587
0.103501 0 0.896499
0.10856 0 0.89144
0.108666 0 0.891334
0.167865 0 0.832135
0.167563 0 0.832437
0.167269 0 0.832731
0.171391 0 0.828609
0.176569 0 0.823431
0.182079 0 0.817921
0.187951 0 0.812049
0.194226 0 0.805774
0.200941 0 0.799059
0.490836 0 0.509164
0.448218 0 0.551782
0.50104 0 0.49896
0.049198 0 0.950802
0.583699 0 0.416301
0.543992 0 0.456008
0.579178 0 0.420822
0.493081 0 0.506919
0.593063 0 0.406937
0.596699 0 0.403301
0.490793 0 0.509207
0.488164 0 0.511836
0.485587 0 0.514413
0.48306 0 0.51694
0.480583 0 0.519417
0.478155 0 0.521845
0.475774 0 0.524226
0.473439 0 0.526561
0.47115 0 0.52885
0.468906 0 0.531094
0.466706 0 0.533294
0.464549 0 0.535451
0.462434 0 0.537566
0.462957 0 0.537043
0.468098 0 0.531902
0.473376 0 0.526624
0.478799 0 0.521201
0.10718 0 0.89282
0.105446 0 0.894554
0.102753 0 0.897247
0.10277 0 0.89723
0.102792 0 0.897208
0.102819 0 0.897181
0.10285 0 0.89715
0.102888 0 0.897112
0.105643 0 0.894356
0.105693 0 0.894307
0.105748 0 0.894252
0.105808 0 0.894192
0.103093 0 0.896907
0.103161 0 0.896839
0.103234 0 0.896766
0.103312 0 0.896688
0.103395 0 0.896605
0.103484 0 0.896516
0.103578 0 0.896422
0.106485 0 0.893515
0.167821 0 0.832179
0.167518 0 0.832482
0.167225 0 0.832775
0.171383 0 0.828617
0.176561 0 0.823439
0.182071 0 0.817929
0.187944 0 0.812056
0.194217 0 0.805783
0.200933 0 0.799067
0.490843 0 0.509157
0.448202 0 0.551798
0.500803 0 0.499197
0.0491847 0 0.950815
0.583776 0 0.416224
0.544229 0 0.455771
0.581186 0 0.418814
0.493033 0 0.506967
0.458639 0 0.541361
0.596676 0 0.403324
0.500581 0 0.499419
0.497782 0 0.502218
0.495039 0 0.504961
0.490714 0 0.509286
0.488087 0 0.511913
0.48551 0 0.51449
0.482985 0 0.517015
0.480508 0 0.519492
0.47808 0 0.52192
0.475699 0 0.524301
0.473365 0 0.526635
0.471077 0 0.528923
0.468833 0 0.531167
0.466634 0 0.533366
0.464477 0 0.535523
0.462363 0 0.537637
0.462937 0 0.537063
0.468077 0 0.531923
0.473355 0 0.526645
0.478778 0 0.521222
0.105035 0 0.894965
0.105042 0 0.894958
0.102737 0 0.897263
0.102754 0 0.897246
0.102775 0 0.897225
0.102802 0 0.897198
0.102834 0 0.897166
0.102871 0 0.897129
0.102913 0 0.897087
0.105288 0 0.894712
0.105342 0 0.894658
0.105402 0 0.894598
0.103077 0 0.896923
0.103145 0 0.896855
0.103218 0 0.896782
0.103296 0 0.896704
0.103379 0 0.896621
0.103468 0 0.896532
0.103561 0 0.896439
0.106073 0 0.893927
0.167778 0 0.832222
0.167476 0 0.832524
0.167183 0 0.832817
0.171378 0 0.828622
0.176556 0 0.823444
0.182065 0 0.817935
0.187938 0 0.812062
0.194212 0 0.805788
0.200929 0 0.799071
0.490859 0 0.509141
0.448219 0 0.551781
0.500578 0 0.499422
0.049172 0 0.950828
0.583863 0 0.416137
0.54449 0 0.45551
0.581081 0 0.418919
0.492991 0 0.507009
0.458568 0 0.541432
0.500506 0 0.499494
0.497709 0 0.502291
0.494966 0 0.505034
0.490642 0 0.509358
0.488015 0 0.511985
0.485439 0 0.514561
0.482914 0 0.517086
0.480438 0 0.519562
0.478011 0 0.521989
0.47563 0 0.52437
0.473297 0 0.526703
0.47101 0 0.528991
0.468766 0 0.531234
0.466567 0 0.533433
0.464411 0 0.535589
0.462297 0 0.537703
0.462923 0 0.537077
0.468062 0 0.531938
0.473341 0 0.526659
0.478764 0 0.521236
0.104968 0 0.895032
0.10271 0 0.89729
0.102722 0 0.897278
0.102739 0 0.897261
0.102761 0 0.897239
0.102787 0 0.897213
0.102819 0 0.897181
0.102856 0 0.897144
0.102898 0 0.897102
0.105216 0 0.894784
0.105269 0 0.894731
0.103 0 0.897
0.103062 0 0.896938
0.10313 0 0.89687
0.103203 0 0.896797
0.103281 0 0.896719
0.103364 0 0.896636
0.103452 0 0.896548
0.103546 0 0.896454
0.105988 0 0.894012
0.167738 0 0.832262
0.167436 0 0.832564
0.167143 0 0.832857
0.171375 0 0.828625
0.176553 0 0.823447
0.182063 0 0.817937
0.187936 0 0.812064
0.194209 0 0.805791
0.200926 0 0.799074
0.490883 0 0.509117
0.448276 0 0.551724
0.500366 0 0.499634
0.0491599 0 0.95084
0.583959 0 0.416041
0.544779 0 0.455221
0.580982 0 0.419018
0.492955 0 0.507045
0.458503 0 0.541497
0.500437 0 0.499563
0.49764 0 0.50236
0.494898 0 0.505102
0.490576 0 0.509424
0.487949 0 0.512051
0.485373 0 0.514627
0.482849 0 0.517151
0.480374 0 0.519626
0.477947 0 0.522053
0.475567 0 0.524433
0.473235 0 0.526765
0.470948 0 0.529052
0.468705 0 0.531295
0.466506 0 0.533494
0.46435 0 0.53565
0.462237 0 0.537763
0.462915 0 0.537085
0.468054 0 0.531946
0.473333 0 0.526667
0.478756 0 0.521244
0.104955 0 0.895045
0.102697 0 0.897303
0.102708 0 0.897292
0.102725 0 0.897275
0.102747 0 0.897253
0.102774 0 0.897226
0.102806 0 0.897194
0.102843 0 0.897157
0.102885 0 0.897115
0.103024 0 0.896976
0.105255 0 0.894745
0.102986 0 0.897014
0.103048 0 0.896952
0.103116 0 0.896884
0.103189 0 0.896811
0.103267 0 0.896733
0.10335 0 0.89665
0.103438 0 0.896562
0.103532 0 0.896468
0.10377 0 0.89623
0.1677 0 0.8323
0.167398 0 0.832602
0.167105 0 0.832895
0.171376 0 0.828624
0.176554 0 0.823446
0.182063 0 0.817937
0.187937 0 0.812063
0.19421 0 0.80579
0.200927 0 0.799073
0.490914 0 0.509086
0.44839 0 0.55161
0.500168 0 0.499832
0.0491484 0 0.950852
0.584066 0 0.415934
0.545115 0 0.454885
0.580891 0 0.419109
0.492926 0 0.507074
0.458443 0 0.541557
0.503226 0 0.496774
0.500374 0 0.499626
0.497577 0 0.502423
0.494836 0 0.505164
0.490514 0 0.509486
0.487888 0 0.512112
0.485313 0 0.514687
0.48279 0 0.51721
0.480315 0 0.519685
0.477888 0 0.522112
0.47551 0 0.52449
0.473177 0 0.526823
0.47089 0 0.52911
0.468648 0 0.531352
0.46645 0 0.53355
0.464295 0 0.535705
0.462182 0 0.537818
0.462913 0 0.537087
0.468054 0 0.531946
0.473332 0 0.526668
0.478755 0 0.521245
0.104942 0 0.895058
0.102684 0 0.897316
0.102696 0 0.897304
0.102713 0 0.897287
0.102735 0 0.897265
0.102761 0 0.897239
0.102793 0 0.897207
0.10283 0 0.89717
0.102872 0 0.897128
0.103011 0 0.896989
0.105242 0 0.894758
0.102974 0 0.897026
0.103036 0 0.896964
0.103104 0 0.896896
0.103176 0 0.896824
0.103254 0 0.896746
0.103338 0 0.896662
0.103426 0 0.896574
0.10352 0 0.89648
0.103756 0 0.896244
0.167664 0 0.832336
0.167362 0 0.832638
0.167069 0 0.832931
0.171377 0 0.828623
0.176556 0 0.823444
0.182066 0 0.817934
0.187939 0 0.812061
0.194214 0 0.805786
0.20093 0 0.79907
0.208138 0 0.791862
0.490955 0 0.509045
0.448632 0 0.551368
0.499982 0 0.500018
0.0491376 0 0.950862
0.584182 0 0.415818
0.545584 0 0.454416
0.580807 0 0.419193
0.492903 0 0.507097
0.458389 0 0.541611
0.503169 0 0.496831
0.500317 0 0.499683
0.497522 0 0.502478
0.494781 0 0.505219
0.49046 0 0.50954
0.487834 0 0.512166
0.48526 0 0.51474
0.482737 0 0.517263
0.480262 0 0.519738
0.477837 0 0.522163
0.475458 0 0.524542
0.473126 0 0.526874
0.47084 0 0.52916
0.468598 0 0.531402
0.466401 0 0.533599
0.464246 0 0.535754
0.462133 0 0.537867
0.462917 0 0.537083
0.468056 0 0.531944
0.473335 0 0.526665
0.478758 0 0.521242
0.10493 0 0.89507
0.102673 0 0.897327
0.102685 0 0.897315
0.102702 0 0.897298
0.102723 0 0.897277
0.10275 0 0.89725
0.102782 0 0.897218
0.102819 0 0.897181
0.102861 0 0.897139
0.102999 0 0.897001
0.105231 0 0.894769
0.102962 0 0.897038
0.103025 0 0.896975
0.103092 0 0.896908
0.103152 0 0.896848
0.10323 0 0.89677
0.103313 0 0.896687
0.103415 0 0.896585
0.103508 0 0.896492
0.103742 0 0.896258
0.16763 0 0.83237
0.167328 0 0.832672
0.167035 0 0.832965
0.171381 0 0.828619
0.176559 0 0.823441
0.18207 0 0.81793
0.187944 0 0.812056
0.194218 0 0.805782
0.200935 0 0.799065
0.208144 0 0.791856
0.491003 0 0.508997
0.0588767 0 0.941123
0.499811 0 0.500189
0.0491276 0 0.950872
0.584308 0 0.415692
0.58073 0 0.41927
0.492885 0 0.507115
0.458341 0 0.541659
0.503119 0 0.496881
0.500267 0 0.499733
0.497472 0 0.502528
0.494732 0 0.505268
0.490411 0 0.509589
0.487787 0 0.512213
0.485213 0 0.514787
0.48269 0 0.51731
0.480216 0 0.519784
0.477791 0 0.522209
0.475413 0 0.524587
0.473081 0 0.526919
0.470796 0 0.529204
0.468555 0 0.531446
0.466357 0 0.533643
0.464202 0 0.535798
0.462091 0 0.537909
0.462924 0 0.537076
0.468065 0 0.531935
0.473343 0 0.526657
0.478766 0 0.521234
0.10492 0 0.89508
0.102663 0 0.897337
0.102675 0 0.897325
0.102685 0 0.897315
0.102425 0 0.897575
0.102452 0 0.897548
0.102484 0 0.897516
0.102809 0 0.897191
0.102851 0 0.897149
0.102988 0 0.897012
0.105221 0 0.894779
0.102953 0 0.897047
0.103015 0 0.896985
0.103083 0 0.896917
0.102769 0 0.897231
0.102846 0 0.897154
0.102929 0 0.897071
0.103405 0 0.896595
0.103498 0 0.896502
0.10373 0 0.89627
0.167598 0 0.832402
0.167296 0 0.832704
0.167004 0 0.832996
0.171386 0 0.828614
0.176565 0 0.823435
0.182075 0 0.817924
0.18795 0 0.81205
0.194224 0 0.805776
0.200942 0 0.799058
0.208151 0 0.791849
0.49106 0 0.50894
0.0588607 0 0.941139
0.499655 0 0.500345
0.049118 0 0.950882
0.584444 0 0.415556
0.58066 0 0.41934
0.492874 0 0.507126
0.458298 0 0.541702
0.503073 0 0.496927
0.500222 0 0.499778
0.497428 0 0.502572
0.494688 0 0.505312
0.490368 0 0.509632
0.487744 0 0.512256
0.485171 0 0.514829
0.482648 0 0.517352
0.480175 0 0.519825
0.47775 0 0.52225
0.475373 0 0.524627
0.473042 0 0.526958
0.470756 0 0.529244
0.468515 0 0.531485
0.466318 0 0.533682
0.464165 0 0.535835
0.462053 0 0.537947
0.46294 0 0.53706
0.468081 0 0.531919
0.473359 0 0.526641
0.478783 0 0.521217
0.104912 0 0.895088
0.102655 0 0.897345
0.102666 0 0.897334
0.102683 0 0.897317
0.102122 0 0.897878
0.102149 0 0.897851
0.102181 0 0.897819
0.102801 0 0.897199
0.102842 0 0.897158
0.102978 0 0.897022
0.105212 0 0.894788
0.102944 0 0.897056
0.103006 0 0.896994
0.103074 0 0.896926
0.102559 0 0.897441
0.102636 0 0.897364
0.102719 0 0.897281
0.103396 0 0.896604
0.103489 0 0.896511
0.10372 0 0.89628
0.167568 0 0.832432
0.167266 0 0.832734
0.166974 0 0.833026
0.171396 0 0.828604
0.176575 0 0.823425
0.182087 0 0.817913
0.187962 0 0.812038
0.194237 0 0.805763
0.200955 0 0.799045
0.208164 0 0.791836
0.491128 0 0.508872
0.499512 0 0.500488
0.049109 0 0.950891
0.584593 0 0.415407
0.580597 0 0.419403
0.492869 0 0.507131
0.458261 0 0.541739
0.503032 0 0.496968
0.500183 0 0.499817
0.497388 0 0.502612
0.494649 0 0.505351
0.49033 0 0.50967
0.487706 0 0.512294
0.485133 0 0.514867
0.482611 0 0.517389
0.480139 0 0.519861
0.477714 0 0.522286
0.475337 0 0.524663
0.473007 0 0.526993
0.470722 0 0.529278
0.468481 0 0.531519
0.466285 0 0.533715
0.464131 0 0.535869
0.462019 0 0.537981
0.462963 0 0.537037
0.468104 0 0.531896
0.473384 0 0.526616
0.478807 0 0.521193
0.104904 0 0.895096
0.102647 0 0.897353
0.102659 0 0.897341
0.102676 0 0.897324
0.102115 0 0.897885
0.102142 0 0.897858
0.102173 0 0.897827
0.102793 0 0.897207
0.102835 0 0.897165
0.10297 0 0.89703
0.105205 0 0.894795
0.102937 0 0.897063
0.102999 0 0.897001
0.103066 0 0.896934
0.102551 0 0.897449
0.102629 0 0.897371
0.102711 0 0.897289
0.103388 0 0.896612
0.103482 0 0.896518
0.103711 0 0.896289
0.16754 0 0.83246
0.167238 0 0.832762
0.166946 0 0.833054
0.171409 0 0.828591
0.17659 0 0.82341
0.182101 0 0.817899
0.187976 0 0.812024
0.194252 0 0.805748
0.200972 0 0.799028
0.208182 0 0.791818
0.491205 0 0.508795
0.499386 0 0.500614
0.0491008 0 0.950899
0.584753 0 0.415247
0.580541 0 0.419459
0.492871 0 0.507129
0.458228 0 0.541772
0.502998 0 0.497002
0.500149 0 0.499851
0.497355 0 0.502645
0.494616 0 0.505384
0.490298 0 0.509702
0.487675 0 0.512325
0.485102 0 0.514898
0.48258 0 0.51742
0.480108 0 0.519892
0.477684 0 0.522316
0.475307 0 0.524693
0.472977 0 0.527023
0.470693 0 0.529307
0.468452 0 0.531548
0.466256 0 0.533744
0.464103 0 0.535897
0.461992 0 0.538008
0.462992 0 0.537008
0.468133 0 0.531867
0.473413 0 0.526587
0.478838 0 0.521162
0.104898 0 0.895102
0.102642 0 0.897358
0.102653 0 0.897347
0.10267 0 0.89733
0.102109 0 0.897891
0.102136 0 0.897864
0.102168 0 0.897833
0.102787 0 0.897213
0.102829 0 0.897171
0.102964 0 0.897036
0.105199 0 0.894801
0.10293 0 0.89707
0.102993 0 0.897007
0.10306 0 0.89694
0.102545 0 0.897455
0.102623 0 0.897377
0.102705 0 0.897295
0.103382 0 0.896618
0.103476 0 0.896524
0.103703 0 0.896297
0.167514 0 0.832486
0.167213 0 0.832787
0.16692 0 0.83308
0.171424 0 0.828576
0.176605 0 0.823395
0.182117 0 0.817883
0.187993 0 0.812007
0.19427 0 0.80573
0.20099 0 0.79901
0.208202 0 0.791798
0.491294 0 0.508706
0.499278 0 0.500722
0.049093 0 0.950907
0.584925 0 0.415075
0.580492 0 0.419508
0.492879 0 0.507121
0.458202 0 0.541798
0.50297 0 0.49703
0.500121 0 0.499879
0.495726 0 0.504274
0.49459 0 0.50541
0.49635 0 0.50365
0.500886 0 0.499114
0.50553 0 0.49447
0.493389 0 0.506611
0.475284 0 0.524716
0.472954 0 0.527046
0.47067 0 0.52933
0.46843 0 0.53157
0.466234 0 0.533766
0.464081 0 0.535919
0.461971 0 0.538029
0.463026 0 0.536974
0.468168 0 0.531832
0.473449 0 0.526551
0.478873 0 0.521127
0.104893 0 0.895107
0.102637 0 0.897363
0.102648 0 0.897352
0.102665 0 0.897335
0.102104 0 0.897896
0.102131 0 0.897869
0.102163 0 0.897837
0.102782 0 0.897218
0.102824 0 0.897176
0.102958 0 0.897042
0.105194 0 0.894807
0.102925 0 0.897075
0.102988 0 0.897012
0.103055 0 0.896945
0.10254 0 0.89746
0.102618 0 0.897382
0.1027 0 0.8973
0.103377 0 0.896623
0.103471 0 0.896529
0.103697 0 0.896303
0.16749 0 0.83251
0.167189 0 0.832811
0.166897 0 0.833103
0.171442 0 0.828558
0.176623 0 0.823377
0.182136 0 0.817864
0.188013 0 0.811987
0.194291 0 0.805709
0.201012 0 0.798988
0.208224 0 0.791776
0.491392 0 0.508608
0.499191 0 0.500809
0.049086 0 0.950914
0.58511 0 0.41489
0.58045 0 0.41955
0.492893 0 0.507107
0.458181 0 0.541819
0.551557 0 0.448443
0.566682 0 0.433318
0.568959 0 0.431041
0.575929 0 0.424071
0.591458 0 0.408542
0.502948 0 0.497052
0.500099 0 0.499901
0.49388 0 0.50612
0.494095 0 0.505905
0.496392 0 0.503608
0.49605 0 0.50395
0.493434 0 0.506566
0.49087 0 0.50913
0.488356 0 0.511644
0.485891 0 0.514109
0.483474 0 0.516526
0.472327 0 0.527673
0.47064 0 0.52936
0.472657 0 0.527343
0.485634 0 0.514366
0.484777 0 0.515223
0.570237 0 0.429763
0.566404 0 0.433596
0.56265 0 0.43735
0.564375 0 0.435625
0.569237 0 0.430763
0.105044 0 0.894956
0.102633 0 0.897367
0.102645 0 0.897355
0.102661 0 0.897339
0.102101 0 0.897899
0.102127 0 0.897873
0.102159 0 0.897841
0.102779 0 0.897221
0.102821 0 0.897179
0.102954 0 0.897046
0.10535 0 0.89465
0.102922 0 0.897078
0.102984 0 0.897016
0.103052 0 0.896948
0.102537 0 0.897463
0.102614 0 0.897386
0.102697 0 0.897303
0.103374 0 0.896626
0.103467 0 0.896533
0.103692 0 0.896308
0.167468 0 0.832532
0.167167 0 0.832833
0.166875 0 0.833125
0.171461 0 0.828539
0.176644 0 0.823356
0.182157 0 0.817843
0.188036 0 0.811964
0.194315 0 0.805685
0.201037 0 0.798963
0.208251 0 0.791749
0.491503 0 0.508497
0.448446 0 0.551554
0.499132 0 0.500868
0.0490794 0 0.950921
0.585309 0 0.414691
0.580415 0 0.419585
0.492913 0 0.507087
0.458166 0 0.541834
0.511858 0 0.488142
0.514725 0 0.485275
0.517843 0 0.482157
0.521985 0 0.478015
0.526393 0 0.473607
0.53028 0 0.46972
0.537232 0 0.462768
0.548743 0 0.451257
0.562142 0 0.437858
0.579276 0 0.420724
0.596359 0 0.403641
0.599276 0 0.400724
0.597076 0 0.402924
0.592821 0 0.407179
0.590329 0 0.409671
0.588073 0 0.411927
0.586773 0 0.413227
0.592776 0 0.407224
0.493386 0 0.506614
0.493573 0 0.506427
0.496441 0 0.503559
0.490188 0 0.509812
0.487604 0 0.512396
0.489524 0 0.510476
0.488343 0 0.511657
0.485878 0 0.514122
0.483462 0 0.516538
0.471584 0 0.528416
0.470179 0 0.529821
0.471821 0 0.528179
0.474258 0 0.525742
0.464603 0 0.535397
0.469605 0 0.530395
0.47474 0 0.52526
0.480012 0 0.519988
0.566952 0 0.433048
0.563164 0 0.436836
0.560468 0 0.439532
0.561416 0 0.438584
0.566227 0 0.433773
0.571147 0 0.428853
0.105408 0 0.894592
0.102631 0 0.897369
0.102642 0 0.897358
0.102659 0 0.897341
0.102148 0 0.897852
0.102175 0 0.897825
0.102207 0 0.897793
0.102776 0 0.897224
0.102819 0 0.897182
0.105661 0 0.894339
0.105716 0 0.894284
0.104098 0 0.895902
0.102982 0 0.897018
0.103049 0 0.896951
0.102685 0 0.897315
0.102764 0 0.897236
0.102849 0 0.897151
0.103371 0 0.896628
0.103465 0 0.896535
0.106454 0 0.893546
0.167448 0 0.832551
0.167147 0 0.832853
0.166855 0 0.833145
0.171481 0 0.828519
0.176665 0 0.823335
0.18218 0 0.81782
0.18806 0 0.81194
0.194339 0 0.805661
0.201063 0 0.798937
0.208277 0 0.791723
0.491628 0 0.508372
0.448157 0 0.551843
0.0490484 0 0.950952
0.0488401 0 0.95116
0.499114 0 0.500886
0.0490735 0 0.950926
0.585521 0 0.414479
0.580387 0 0.419613
0.492939 0 0.507061
0.458156 0 0.541844
0.359213 0 0.640787
0.361383 0 0.638617
0.363578 0 0.636422
0.365798 0 0.634202
0.368043 0 0.631957
0.370312 0 0.629688
0.372608 0 0.627392
0.37493 0 0.62507
0.377277 0 0.622723
0.379652 0 0.620348
0.382053 0 0.617947
0.384482 0 0.615518
0.386937 0 0.613063
0.389421 0 0.610579
0.391933 0 0.608067
0.394475 0 0.605525
0.397044 0 0.602956
0.399643 0 0.600357
0.402272 0 0.597728
0.40493 0 0.59507
0.581312 0 0.418688
0.581456 0 0.418544
0.581396 0 0.418604
0.578859 0 0.421141
0.569212 0 0.430788
0.56615 0 0.43385
0.563335 0 0.436665
0.563475 0 0.436525
0.557517 0 0.442483
0.566061 0 0.433939
0.566896 0 0.433104
0.56751 0 0.43249
0.568161 0 0.431839
0.568937 0 0.431063
0.570084 0 0.429916
0.570838 0 0.429162
0.571424 0 0.428576
0.56142 0 0.43858
0.565108 0 0.434892
0.493665 0 0.506335
0.493867 0 0.506133
0.563578 0 0.436422
0.49018 0 0.50982
0.487596 0 0.512404
0.489576 0 0.510424
0.587336 0 0.412664
0.583054 0 0.416946
0.577049 0 0.422951
0.471882 0 0.528118
0.470374 0 0.529626
0.472151 0 0.527849
0.484847 0 0.515153
0.484152 0 0.515848
0.543353 0 0.456647
0.544768 0 0.455232
0.54671 0 0.45329
0.554251 0 0.445749
0.52203 0 0.47797
0.523371 0 0.476629
0.568013 0 0.431987
0.563988 0 0.436012
0.560362 0 0.439638
0.560383 0 0.439617
0.560432 0 0.439568
0.563255 0 0.436745
0.568123 0 0.431877
0.105947 0 0.894053
0.105953 0 0.894047
0.102641 0 0.897359
0.102658 0 0.897342
0.102504 0 0.897496
0.102532 0 0.897468
0.102564 0 0.897436
0.102776 0 0.897224
0.102817 0 0.897183
0.106196 0 0.893804
0.10625 0 0.89375
0.106309 0 0.893691
0.102981 0 0.897019
0.103048 0 0.896952
0.103045 0 0.896955
0.103125 0 0.896875
0.10321 0 0.896789
0.10337 0 0.89663
0.103464 0 0.896536
0.106975 0 0.893025
0.167431 0 0.832569
0.16713 0 0.83287
0.166838 0 0.833162
0.171504 0 0.828496
0.176688 0 0.823312
0.182205 0 0.817795
0.188085 0 0.811915
0.194366 0 0.805634
0.201091 0 0.798909
0.208197 0 0.791803
0.491766 0 0.508234
0.533657 0 0.466343
0.447993 0 0.552007
0.0489142 0 0.951086
0.499178 0 0.500822
0.0490682 0 0.950932
0.585751 0 0.414249
0.580373 0 0.419627
0.492971 0 0.507029
0.563897 0 0.436103
0.458152 0 0.541848
0.546643 0 0.453357
0.317149 0 0.682851
0.318838 0 0.681162
0.320544 0 0.679456
0.322265 0 0.677735
0.324004 0 0.675996
0.325759 0 0.674241
0.327532 0 0.672468
0.329322 0 0.670678
0.331129 0 0.668871
0.332954 0 0.667046
0.334797 0 0.665203
0.336657 0 0.663343
0.338535 0 0.661465
0.340432 0 0.659568
0.342347 0 0.657653
0.344281 0 0.655719
0.346233 0 0.653767
0.348204 0 0.651796
0.350194 0 0.649806
0.352203 0 0.647797
0.354232 0 0.645768
0.35628 0 0.643721
0.358347 0 0.641653
0.360435 0 0.639565
0.362543 0 0.637457
0.364671 0 0.635329
0.366819 0 0.633181
0.368988 0 0.631012
0.371178 0 0.628822
0.373388 0 0.626612
0.37562 0 0.62438
0.498449 0 0.501551
0.50962 0 0.49038
0.509648 0 0.490352
0.512705 0 0.487295
0.516043 0 0.483957
0.515384 0 0.484616
0.513279 0 0.486721
0.49497 0 0.50503
0.495294 0 0.504706
0.524628 0 0.475372
0.527418 0 0.472582
0.510812 0 0.489188
0.555623 0 0.444377
0.554242 0 0.445758
0.556627 0 0.443373
0.554977 0 0.445023
0.550091 0 0.449909
0.471345 0 0.528655
0.513756 0 0.486244
0.485929 0 0.514071
0.484993 0 0.515007
0.543467 0 0.456533
0.540601 0 0.459399
0.537901 0 0.462099
0.536057 0 0.463943
0.534506 0 0.465494
0.532119 0 0.467881
0.529185 0 0.470815
0.521874 0 0.478126
0.519466 0 0.480534
0.517283 0 0.482717
0.515637 0 0.484363
0.510586 0 0.489414
0.517873 0 0.482127
0.511425 0 0.488575
0.499614 0 0.500386
0.495868 0 0.504132
0.560305 0 0.439695
0.560354 0 0.439646
0.487955 0 0.512045
0.485838 0 0.514162
0.483768 0 0.516232
0.48131 0 0.51869
0.471617 0 0.528383
0.468486 0 0.531514
0.465398 0 0.534602
0.462061 0 0.537939
0.105947 0 0.894053
0.105954 0 0.894046
0.102642 0 0.897358
0.102658 0 0.897341
0.10268 0 0.89732
0.102707 0 0.897293
0.102739 0 0.897261
0.102776 0 0.897224
0.106148 0 0.893852
0.106196 0 0.893804
0.10625 0 0.89375
0.106309 0 0.893691
0.104173 0 0.895827
0.103049 0 0.896951
0.103121 0 0.896879
0.103199 0 0.896801
0.103282 0 0.896718
0.103371 0 0.896629
0.106873 0 0.893127
0.106975 0 0.893025
0.167415 0 0.832585
0.167114 0 0.832886
0.166822 0 0.833178
0.171435 0 0.828565
0.176452 0 0.823548
0.1819 0 0.8181
0.187832 0 0.812168
0.194169 0 0.805831
0.201121 0 0.798879
0.208338 0 0.791662
0.481724 0 0.518276
0.483818 0 0.516182
0.486541 0 0.513459
0.447886 0 0.552114
0.0486348 0 0.951365
0.0486867 0 0.951313
0.0487413 0 0.951259
0.0487983 0 0.951202
0.0488579 0 0.951142
0.585997 0 0.414003
0.580461 0 0.419539
0.493009 0 0.506991
0.563753 0 0.436247
0.458154 0 0.541846
0.55151 0 0.44849
0.546534 0 0.453466
0.545584 0 0.454416
0.283899 0 0.716101
0.28525 0 0.71475
0.286612 0 0.713388
0.287986 0 0.712014
0.289372 0 0.710628
0.290769 0 0.709231
0.292178 0 0.707821
0.2936 0 0.7064
0.295034 0 0.704966
0.296479 0 0.703521
0.297937 0 0.702063
0.299406 0 0.700594
0.300889 0 0.699111
0.302384 0 0.697616
0.303891 0 0.696109
0.305411 0 0.694589
0.306943 0 0.693057
0.308488 0 0.691512
0.310046 0 0.689955
0.311616 0 0.688384
0.313199 0 0.6868
0.314796 0 0.685204
0.316406 0 0.683594
0.318029 0 0.681971
0.319665 0 0.680336
0.321314 0 0.678686
0.322976 0 0.677024
0.324653 0 0.675347
0.326342 0 0.673658
0.328046 0 0.671954
0.329762 0 0.670238
0.331493 0 0.668507
0.333237 0 0.666763
0.334996 0 0.665004
0.336767 0 0.663233
0.338553 0 0.661447
0.340353 0 0.659647
0.342167 0 0.657833
0.343995 0 0.656005
0.345837 0 0.654163
0.347693 0 0.652307
0.349564 0 0.650436
0.351449 0 0.648551
0.353348 0 0.646652
0.476322 0 0.523678
0.478694 0 0.521306
0.47404 0 0.52596
0.47057 0 0.52943
0.469463 0 0.530537
0.470022 0 0.529978
0.487521 0 0.512479
0.485498 0 0.514502
0.482632 0 0.517368
0.482832 0 0.517168
0.481109 0 0.518891
0.482114 0 0.517886
0.494039 0 0.505961
0.500364 0 0.499636
0.518003 0 0.481997
0.515238 0 0.484762
0.513161 0 0.486839
0.509945 0 0.490055
0.506069 0 0.493931
0.504042 0 0.495958
0.498286 0 0.501714
0.493942 0 0.506058
0.489104 0 0.510896
0.485589 0 0.514411
0.483463 0 0.516537
0.480811 0 0.519189
0.477263 0 0.522737
0.474284 0 0.525716
0.469032 0 0.530968
0.466123 0 0.533877
0.462943 0 0.537057
0.459441 0 0.540559
0.455157 0 0.544843
0.105948 0 0.894052
0.105618 0 0.894382
0.10563 0 0.89437
0.10271 0 0.89729
0.102732 0 0.897268
0.10276 0 0.89724
0.102793 0 0.897207
0.102831 0 0.897169
0.105805 0 0.894195
0.105852 0 0.894148
0.105904 0 0.894096
0.105961 0 0.894039
0.106023 0 0.893977
0.103205 0 0.896795
0.103281 0 0.896719
0.103362 0 0.896638
0.103448 0 0.896552
0.103539 0 0.896461
0.106503 0 0.893497
0.106601 0 0.893399
0.167402 0 0.832598
0.167101 0 0.832899
0.166809 0 0.833191
0.171556 0 0.828444
0.176742 0 0.823258
0.182261 0 0.817739
0.188143 0 0.811857
0.194427 0 0.805573
0.201155 0 0.798845
0.208375 0 0.791625
0.412546 0 0.587454
0.478343 0 0.521657
0.480455 0 0.519545
0.44782 0 0.55218
0.484789 0 0.515211
0.487027 0 0.512973
0.048631 0 0.951369
0.0486828 0 0.951317
0.0487373 0 0.951263
0.0487944 0 0.951206
0.0488539 0 0.951146
0.586271 0 0.413729
0.580558 0 0.419442
0.493054 0 0.506946
0.563723 0 0.436277
0.458161 0 0.541839
0.551067 0 0.448933
0.546432 0 0.453568
0.545642 0 0.454358
0.256955 0 0.743045
0.25806 0 0.74194
0.259173 0 0.740827
0.260294 0 0.739706
0.261424 0 0.738576
0.262562 0 0.737438
0.263709 0 0.736291
0.264865 0 0.735135
0.266029 0 0.733971
0.267201 0 0.732799
0.268383 0 0.731617
0.269572 0 0.730428
0.270772 0 0.729228
0.271979 0 0.728021
0.273196 0 0.726804
0.27442 0 0.72558
0.275655 0 0.724345
0.276898 0 0.723102
0.278149 0 0.721851
0.27941 0 0.72059
0.28068 0 0.71932
0.281958 0 0.718042
0.283246 0 0.716754
0.284543 0 0.715457
0.285848 0 0.714152
0.287163 0 0.712837
0.288488 0 0.711512
0.28982 0 0.71018
0.291163 0 0.708837
0.292514 0 0.707486
0.293875 0 0.706125
0.295244 0 0.704756
0.296624 0 0.703376
0.298012 0 0.701988
0.299409 0 0.700591
0.300815 0 0.699185
0.302232 0 0.697768
0.304765 0 0.695235
0.30825 0 0.69175
0.311832 0 0.688168
0.315513 0 0.684487
0.319299 0 0.680701
0.323191 0 0.676809
0.327196 0 0.672804
0.331199 0 0.668801
0.333328 0 0.666672
0.335417 0 0.664583
0.337171 0 0.662829
0.339759 0 0.660241
0.344201 0 0.655799
0.350177 0 0.649823
0.423263 0 0.576737
0.448294 0 0.551706
0.455101 0 0.544899
0.45602 0 0.54398
0.458402 0 0.541598
0.46318 0 0.53682
0.465242 0 0.534758
0.455871 0 0.544129
0.452766 0 0.547234
0.451788 0 0.548212
0.451559 0 0.548441
0.455737 0 0.544263
0.443696 0 0.556304
0.443368 0 0.556632
0.464756 0 0.535244
0.465664 0 0.534336
0.462937 0 0.537063
0.46219 0 0.53781
0.460295 0 0.539706
0.458257 0 0.541743
0.456238 0 0.543762
0.457563 0 0.542437
0.452686 0 0.547314
0.449947 0 0.550053
0.448702 0 0.551298
0.105951 0 0.894049
0.105479 0 0.894521
0.105492 0 0.894508
0.103076 0 0.896924
0.103099 0 0.896901
0.103127 0 0.896873
0.10316 0 0.89684
0.10563 0 0.89437
0.105673 0 0.894327
0.105721 0 0.894279
0.105774 0 0.894226
0.105834 0 0.894166
0.105898 0 0.894102
0.105967 0 0.894033
0.106042 0 0.893958
0.106122 0 0.893878
0.106207 0 0.893793
0.106298 0 0.893702
0.106394 0 0.893606
0.106496 0 0.893504
0.16739 0 0.83261
0.167089 0 0.832911
0.166798 0 0.833202
0.171585 0 0.828415
0.176773 0 0.823227
0.182292 0 0.817708
0.188175 0 0.811825
0.194461 0 0.805539
0.20119 0 0.79881
0.208412 0 0.791588
0.471854 0 0.528146
0.473222 0 0.526778
0.475049 0 0.524951
0.447785 0 0.552215
0.479289 0 0.520711
0.481472 0 0.518528
0.0486275 0 0.951373
0.0486794 0 0.951321
0.0487339 0 0.951266
0.048791 0 0.951209
0.0488505 0 0.951149
0.495513 0 0.504487
0.498183 0 0.501817
0.49991 0 0.50009
0.501949 0 0.498051
0.504705 0 0.495295
0.508944 0 0.491056
0.581517 0 0.418483
0.580662 0 0.419338
0.493105 0 0.506895
0.563733 0 0.436267
0.458174 0 0.541826
0.550794 0 0.449206
0.546331 0 0.453669
0.545708 0 0.454292
0.234679 0 0.765321
0.235598 0 0.764402
0.236525 0 0.763475
0.237457 0 0.762543
0.238395 0 0.761605
0.23934 0 0.76066
0.240291 0 0.759709
0.241248 0 0.758752
0.242212 0 0.757788
0.243182 0 0.756818
0.244158 0 0.755842
0.245141 0 0.754859
0.24613 0 0.75387
0.247126 0 0.752874
0.248127 0 0.751873
0.249135 0 0.750865
0.250859 0 0.749141
0.252988 0 0.747012
0.255166 0 0.744834
0.257395 0 0.742605
0.259676 0 0.740324
0.26201 0 0.73799
0.2644 0 0.7356
0.266847 0 0.733153
0.269353 0 0.730647
0.270892 0 0.729108
0.271652 0 0.728348
0.272479 0 0.727521
0.273311 0 0.726689
0.274618 0 0.725382
0.282771 0 0.717229
0.28486 0 0.71514
0.286065 0 0.713935
0.287175 0 0.712825
0.287848 0 0.712152
0.288877 0 0.711123
0.293397 0 0.706603
0.294328 0 0.705672
0.295242 0 0.704758
0.296088 0 0.703912
0.296909 0 0.703091
0.298109 0 0.701891
0.299447 0 0.700553
0.300481 0 0.699519
0.301785 0 0.698215
0.303087 0 0.696913
0.303954 0 0.696046
0.304765 0 0.695235
0.305476 0 0.694524
0.306147 0 0.693853
0.311829 0 0.688171
0.317093 0 0.682907
0.321294 0 0.678706
0.323038 0 0.676962
0.323318 0 0.676682
0.324202 0 0.675798
0.334227 0 0.665773
0.341922 0 0.658078
0.359923 0 0.640077
0.368147 0 0.631853
0.367967 0 0.632033
0.367005 0 0.632995
0.38152 0 0.61848
0.38717 0 0.61283
0.391229 0 0.608771
0.392195 0 0.607805
0.392443 0 0.607557
0.392251 0 0.607749
0.387381 0 0.612619
0.387768 0 0.612232
0.389467 0 0.610533
0.397045 0 0.602955
0.39587 0 0.60413
0.384553 0 0.615447
0.384122 0 0.615878
0.105955 0 0.894045
0.105484 0 0.894516
0.105496 0 0.894504
0.105513 0 0.894487
0.105535 0 0.894465
0.105563 0 0.894437
0.105596 0 0.894404
0.105634 0 0.894366
0.105677 0 0.894323
0.105725 0 0.894275
0.105779 0 0.894221
0.105838 0 0.894162
0.105902 0 0.894098
0.105971 0 0.894029
0.106046 0 0.893954
0.106126 0 0.893874
0.106211 0 0.893789
0.106302 0 0.893698
0.106398 0 0.893602
0.1065 0 0.8935
0.167528 0 0.832472
0.167206 0 0.832794
0.167096 0 0.832904
0.171888 0 0.828112
0.176805 0 0.823195
0.182326 0 0.817674
0.188211 0 0.811789
0.194497 0 0.805503
0.201229 0 0.798771
0.208452 0 0.791548
0.407767 0 0.592233
0.468532 0 0.531468
0.469983 0 0.530017
0.447778 0 0.552222
0.473928 0 0.526072
0.47605 0 0.52395
0.0486247 0 0.951375
0.0486768 0 0.951323
0.0487311 0 0.951269
0.0487882 0 0.951212
0.0488478 0 0.951152
0.490137 0 0.509863
0.492395 0 0.507605
0.494019 0 0.505981
0.495725 0 0.504275
0.497657 0 0.502343
0.499871 0 0.500129
0.502202 0 0.497798
0.505028 0 0.494972
0.508891 0 0.491109
0.513775 0 0.486225
0.518819 0 0.481181
0.581475 0 0.418525
0.580773 0 0.419227
0.493161 0 0.506839
0.563774 0 0.436226
0.458192 0 0.541808
0.550599 0 0.449401
0.546229 0 0.453771
0.545779 0 0.454221
0.222052 0 0.777948
0.22331 0 0.77669
0.224676 0 0.775324
0.226004 0 0.773996
0.227298 0 0.772702
0.228515 0 0.771485
0.229632 0 0.770368
0.230685 0 0.769315
0.231368 0 0.768632
0.233402 0 0.766598
0.234585 0 0.765415
0.236056 0 0.763944
0.237446 0 0.762554
0.238814 0 0.761186
0.240039 0 0.759961
0.241175 0 0.758825
0.242372 0 0.757628
0.243417 0 0.756582
0.244941 0 0.755059
0.246304 0 0.753696
0.246645 0 0.753355
0.246991 0 0.753009
0.247353 0 0.752647
0.24783 0 0.75217
0.24808 0 0.75192
0.248467 0 0.751533
0.250072 0 0.749928
0.250503 0 0.749497
0.250655 0 0.749345
0.251165 0 0.748835
0.252249 0 0.747751
0.253813 0 0.746187
0.25569 0 0.74431
0.256352 0 0.743648
0.257787 0 0.742213
0.259288 0 0.740712
0.260472 0 0.739528
0.261541 0 0.738459
0.262173 0 0.737827
0.262761 0 0.737239
0.265776 0 0.734224
0.267566 0 0.732434
0.269397 0 0.730603
0.271155 0 0.728845
0.272833 0 0.727167
0.274053 0 0.725947
0.274682 0 0.725318
0.275823 0 0.724177
0.278015 0 0.721985
0.28006 0 0.71994
0.282219 0 0.717781
0.284484 0 0.715516
0.286771 0 0.713229
0.288987 0 0.711012
0.290888 0 0.709112
0.293688 0 0.706312
0.296304 0 0.703696
0.29829 0 0.70171
0.300058 0 0.699942
0.301847 0 0.698153
0.303703 0 0.696297
0.305354 0 0.694646
0.306881 0 0.693119
0.308424 0 0.691576
0.31153 0 0.68847
0.315763 0 0.684237
0.318312 0 0.681688
0.320815 0 0.679185
0.323831 0 0.676169
0.327082 0 0.672918
0.330258 0 0.669742
0.333504 0 0.666496
0.336908 0 0.663092
0.340343 0 0.659657
0.13178 0 0.86822
0.105489 0 0.894511
0.105501 0 0.894499
0.105518 0 0.894482
0.105541 0 0.894459
0.105568 0 0.894432
0.105601 0 0.894399
0.105639 0 0.894361
0.105682 0 0.894318
0.105731 0 0.894269
0.105784 0 0.894216
0.105843 0 0.894157
0.105907 0 0.894093
0.105977 0 0.894023
0.106051 0 0.893949
0.106131 0 0.893869
0.106217 0 0.893783
0.106308 0 0.893692
0.106404 0 0.893596
0.167839 0 0.832161
0.167375 0 0.832625
0.167089 0 0.832911
0.166982 0 0.833018
0.174438 0 0.825562
0.179474 0 0.820526
0.184819 0 0.815181
0.190504 0 0.809496
0.19656 0 0.80344
0.203025 0 0.796975
0.209941 0 0.790059
0.409628 0 0.590372
0.463855 0 0.536145
0.465268 0 0.534732
0.447797 0 0.552203
0.468677 0 0.531323
0.470768 0 0.529232
0.0486728 0 0.951327
0.0487268 0 0.951273
0.0487832 0 0.951217
0.0488425 0 0.951158
0.0489044 0 0.951096
0.484799 0 0.515201
0.486705 0 0.513295
0.488288 0 0.511712
0.4899 0 0.5101
0.491571 0 0.508429
0.493505 0 0.506495
0.495657 0 0.504343
0.497894 0 0.502106
0.500244 0 0.499756
0.502667 0 0.497333
0.505424 0 0.494576
0.509336 0 0.490664
0.513915 0 0.486085
0.51901 0 0.48099
0.524173 0 0.475827
0.493224 0 0.506776
0.534861 0 0.465139
0.458216 0 0.541784
0.550461 0 0.449539
0.546147 0 0.453853
0.545858 0 0.454142
0.206775 0 0.793225
0.207705 0 0.792295
0.208912 0 0.791088
0.210001 0 0.789999
0.213275 0 0.786725
0.214356 0 0.785644
0.215091 0 0.784909
0.215548 0 0.784452
0.216096 0 0.783904
0.216645 0 0.783355
0.217302 0 0.782698
0.217729 0 0.782271
0.217382 0 0.782618
0.217017 0 0.782983
0.217889 0 0.782111
0.21891 0 0.78109
0.219853 0 0.780147
0.227205 0 0.772795
0.227592 0 0.772408
0.228189 0 0.771811
0.228913 0 0.771087
0.228961 0 0.771039
0.228591 0 0.771409
0.228354 0 0.771646
0.229188 0 0.770812
0.230246 0 0.769754
0.230698 0 0.769302
0.231111 0 0.768889
0.23229 0 0.76771
0.234112 0 0.765888
0.236083 0 0.763917
0.238382 0 0.761618
0.239132 0 0.760868
0.239882 0 0.760118
0.240636 0 0.759364
0.241432 0 0.758568
0.242116 0 0.757884
0.242622 0 0.757378
0.243248 0 0.756752
0.244333 0 0.755667
0.245702 0 0.754299
0.24702 0 0.75298
0.248478 0 0.751522
0.249838 0 0.750162
0.250671 0 0.749329
0.251674 0 0.748326
0.25296 0 0.74704
0.253735 0 0.746265
0.254526 0 0.745474
0.254658 0 0.745342
0.254677 0 0.745323
0.254695 0 0.745305
0.256105 0 0.743895
0.260991 0 0.739009
0.263483 0 0.736517
0.265306 0 0.734694
0.267151 0 0.732849
0.269278 0 0.730722
0.271373 0 0.728627
0.273486 0 0.726514
0.275613 0 0.724387
0.277801 0 0.722199
0.280054 0 0.719946
0.282248 0 0.717752
0.284583 0 0.715417
0.286902 0 0.713098
0.289186 0 0.710814
0.291575 0 0.708425
0.293908 0 0.706092
0.296389 0 0.703611
0.298658 0 0.701342
0.30072 0 0.69928
0.304652 0 0.695348
0.131789 0 0.868211
0.110151 0 0.889849
0.105508 0 0.894492
0.105525 0 0.894475
0.105547 0 0.894453
0.105575 0 0.894425
0.105608 0 0.894392
0.105646 0 0.894354
0.105689 0 0.894311
0.105737 0 0.894263
0.105791 0 0.894209
0.10585 0 0.89415
0.105914 0 0.894086
0.105983 0 0.894017
0.106058 0 0.893942
0.106138 0 0.893862
0.106224 0 0.893776
0.106314 0 0.893686
0.10641 0 0.89359
0.168312 0 0.831688
0.167357 0 0.832643
0.167035 0 0.832965
0.167431 0 0.832569
0.175765 0 0.824235
0.181078 0 0.818922
0.18716 0 0.81284
0.193547 0 0.806453
0.199834 0 0.800166
0.0536891 0 0.946311
0.0495998 0 0.9504
0.048175 0 0.951825
0.0482104 0 0.95179
0.0482482 0 0.951752
0.0482885 0 0.951712
0.0483309 0 0.951669
0.0483758 0 0.951624
0.048423 0 0.951577
0.0484725 0 0.951528
0.0485245 0 0.951476
0.0485788 0 0.951421
0.0486356 0 0.951364
0.0486948 0 0.951305
0.0487565 0 0.951244
0.0488205 0 0.951179
0.0488871 0 0.951113
0.0489562 0 0.951044
0.0490277 0 0.950972
0.489426 0 0.510574
0.491572 0 0.508428
0.493756 0 0.506244
0.496037 0 0.503963
0.498411 0 0.501589
0.500832 0 0.499168
0.503309 0 0.496691
0.506138 0 0.493862
0.510053 0 0.489947
0.493293 0 0.506707
0.519351 0 0.480649
0.458245 0 0.541755
0.529903 0 0.470097
0.535364 0 0.464636
0.541006 0 0.458994
0.546731 0 0.453269
0.571414 0 0.428586
0.5767 0 0.4233
0.582197 0 0.417803
0.587624 0 0.412376
0.593874 0 0.406126
0.550366 0 0.449634
0.546071 0 0.453929
0.545943 0 0.454057
0.195555 0 0.804445
0.195803 0 0.804197
0.197219 0 0.802781
0.198953 0 0.801047
0.200156 0 0.799844
0.200772 0 0.799228
0.201411 0 0.798589
0.202638 0 0.797362
0.203509 0 0.796491
0.203853 0 0.796147
0.203975 0 0.796025
0.204073 0 0.795927
0.204199 0 0.795801
0.204798 0 0.795202
0.205464 0 0.794536
0.206285 0 0.793715
0.207153 0 0.792847
0.208036 0 0.791964
0.208846 0 0.791154
0.209722 0 0.790278
0.210659 0 0.789341
0.211537 0 0.788463
0.212467 0 0.787533
0.213162 0 0.786838
0.213831 0 0.786169
0.214476 0 0.785524
0.215124 0 0.784876
0.216287 0 0.783713
0.217557 0 0.782443
0.21822 0 0.78178
0.221291 0 0.778709
0.222525 0 0.777475
0.223267 0 0.776733
0.224007 0 0.775993
0.224698 0 0.775302
0.225369 0 0.774631
0.225735 0 0.774265
0.225906 0 0.774094
0.226276 0 0.773724
0.227178 0 0.772822
0.22938 0 0.77062
0.230027 0 0.769973
0.230543 0 0.769457
0.23175 0 0.76825
0.233287 0 0.766713
0.23469 0 0.76531
0.2359 0 0.7641
0.237117 0 0.762883
0.238438 0 0.761562
0.23971 0 0.76029
0.240973 0 0.759027
0.242329 0 0.757671
0.243663 0 0.756337
0.244958 0 0.755042
0.245913 0 0.754087
0.246807 0 0.753193
0.247544 0 0.752456
0.248367 0 0.751634
0.249772 0 0.750228
0.251169 0 0.748831
0.252508 0 0.747492
0.25385 0 0.74615
0.255182 0 0.744818
0.256714 0 0.743286
0.258547 0 0.741453
0.2604 0 0.7396
0.262274 0 0.737726
0.264168 0 0.735832
0.266084 0 0.733916
0.268021 0 0.731979
0.26998 0 0.73002
0.271945 0 0.728055
0.109199 0 0.890801
0.108508 0 0.891492
0.105516 0 0.894484
0.105533 0 0.894467
0.105555 0 0.894445
0.105583 0 0.894417
0.105616 0 0.894384
0.105654 0 0.894346
0.105697 0 0.894303
0.105745 0 0.894255
0.105799 0 0.894201
0.105858 0 0.894142
0.105922 0 0.894078
0.105991 0 0.894009
0.106066 0 0.893934
0.106146 0 0.893854
0.106232 0 0.893768
0.106322 0 0.893678
0.109492 0 0.890508
0.168367 0 0.831633
0.167824 0 0.832176
0.167486 0 0.832514
0.167337 0 0.832663
0.175802 0 0.824198
0.181116 0 0.818884
0.186954 0 0.813046
0.193338 0 0.806662
0.0559993 0 0.944001
0.0515674 0 0.948433
0.0479701 0 0.95203
0.0480028 0 0.951997
0.0480381 0 0.951962
0.0480756 0 0.951924
0.0481155 0 0.951885
0.0481576 0 0.951842
0.0482022 0 0.951798
0.0482491 0 0.951751
0.0482983 0 0.951702
0.0483498 0 0.95165
0.0484037 0 0.951596
0.0484601 0 0.95154
0.0485188 0 0.951481
0.0485801 0 0.95142
0.0486436 0 0.951356
0.0487097 0 0.95129
0.0487784 0 0.951222
0.0488493 0 0.951151
0.0489228 0 0.951077
0.485429 0 0.514571
0.487574 0 0.512426
0.489743 0 0.510257
0.491949 0 0.508051
0.494214 0 0.505786
0.496661 0 0.503339
0.499095 0 0.500905
0.501582 0 0.498418
0.493381 0 0.506619
0.507198 0 0.492802
0.458281 0 0.541719
0.515092 0 0.484908
0.519827 0 0.480173
0.525097 0 0.474903
0.530488 0 0.469512
0.536005 0 0.463995
0.541704 0 0.458296
0.547275 0 0.452725
0.552678 0 0.447322
0.55728 0 0.44272
0.561408 0 0.438592
0.550448 0 0.449552
0.569474 0 0.430526
0.546002 0 0.453998
0.510183 0 0.489817
0.582116 0 0.417884
0.586505 0 0.413495
0.590979 0 0.409021
0.595551 0 0.404449
0.187414 0 0.812586
0.188659 0 0.811341
0.189649 0 0.810351
0.190545 0 0.809455
0.191219 0 0.808781
0.191753 0 0.808247
0.192338 0 0.807662
0.192847 0 0.807153
0.193462 0 0.806538
0.194182 0 0.805818
0.194784 0 0.805216
0.19494 0 0.80506
0.194919 0 0.805081
0.195271 0 0.804729
0.195884 0 0.804116
0.196362 0 0.803638
0.196596 0 0.803404
0.196833 0 0.803167
0.197864 0 0.802136
0.198936 0 0.801064
0.200031 0 0.799969
0.201087 0 0.798913
0.202038 0 0.797962
0.202955 0 0.797045
0.203767 0 0.796233
0.204509 0 0.795491
0.205201 0 0.794799
0.205471 0 0.794529
0.20549 0 0.79451
0.205506 0 0.794494
0.205855 0 0.794145
0.206312 0 0.793688
0.206749 0 0.793251
0.207191 0 0.792809
0.207657 0 0.792343
0.208114 0 0.791886
0.208544 0 0.791456
0.208977 0 0.791023
0.209507 0 0.790493
0.210073 0 0.789927
0.210742 0 0.789258
0.211554 0 0.788446
0.212422 0 0.787578
0.213372 0 0.786628
0.214264 0 0.785736
0.215056 0 0.784944
0.21577 0 0.78423
0.216389 0 0.783611
0.217436 0 0.782564
0.218658 0 0.781342
0.224028 0 0.775972
0.225334 0 0.774666
0.226496 0 0.773504
0.227625 0 0.772375
0.228737 0 0.771263
0.230126 0 0.769874
0.23143 0 0.76857
0.232545 0 0.767455
0.23359 0 0.76641
0.234459 0 0.765541
0.235552 0 0.764448
0.236827 0 0.763173
0.239005 0 0.760995
0.240368 0 0.759632
0.241621 0 0.758379
0.242885 0 0.757115
0.244159 0 0.755841
0.245434 0 0.754566
0.246698 0 0.753302
0.247973 0 0.752027
0.24926 0 0.75074
0.108504 0 0.891496
0.107823 0 0.892177
0.107841 0 0.892159
0.105542 0 0.894458
0.105565 0 0.894435
0.105592 0 0.894408
0.105625 0 0.894375
0.105663 0 0.894337
0.105706 0 0.894294
0.105755 0 0.894245
0.105808 0 0.894192
0.105867 0 0.894133
0.105931 0 0.894069
0.106001 0 0.893999
0.106076 0 0.893924
0.106156 0 0.893844
0.106241 0 0.893759
0.106332 0 0.893668
0.108259 0 0.891741
0.293532 0 0.706468
0.168074 0 0.831926
0.167735 0 0.832265
0.167548 0 0.832452
0.17584 0 0.82416
0.181156 0 0.818844
0.186965 0 0.813035
0.0585158 0 0.941484
0.0536971 0 0.946303
0.0496069 0 0.950393
0.0478 0 0.9522
0.0478326 0 0.952167
0.0478676 0 0.952132
0.0479048 0 0.952095
0.0479443 0 0.952056
0.0479863 0 0.952014
0.0480304 0 0.95197
0.048077 0 0.951923
0.0481258 0 0.951874
0.048177 0 0.951823
0.0482305 0 0.951769
0.0482865 0 0.951714
0.0483449 0 0.951655
0.0484055 0 0.951595
0.0484688 0 0.951531
0.0485342 0 0.951466
0.0486024 0 0.951398
0.0486728 0 0.951327
0.0487459 0 0.951254
0.479761 0 0.520239
0.481539 0 0.518461
0.483627 0 0.516373
0.485615 0 0.514385
0.487504 0 0.512496
0.489614 0 0.510386
0.491885 0 0.508115
0.494408 0 0.505592
0.270232 0 0.729768
0.269683 0 0.730317
0.269618 0 0.730382
0.272183 0 0.727817
0.508179 0 0.491821
0.512096 0 0.487904
0.516236 0 0.483764
0.52059 0 0.47941
0.525567 0 0.474433
0.530615 0 0.469385
0.535723 0 0.464277
0.540939 0 0.459061
0.546217 0 0.453783
0.550584 0 0.449416
0.554999 0 0.445001
0.54594 0 0.45406
0.546132 0 0.453868
0.567563 0 0.432437
0.571733 0 0.428267
0.575982 0 0.424018
0.580312 0 0.419688
0.584723 0 0.415277
0.58922 0 0.41078
0.593803 0 0.406197
 ] }
}
