# Real Time: 848.379
# Simulation Time: 22.2
# Radar Position: 872.438 -233.118 3.22935
# Radar Quat: 0.000634287 0.00309148 0.808905 0.587931
PointSet {
 coord Coordinate { point [
842.968 -271.645 4.40213
843.394 -271.642 4.39782
843.816 -271.639 4.3936
844.233 -271.637 4.38948
844.646 -271.634 4.38544
845.055 -271.632 4.3815
845.46 -271.63 4.37764
845.86 -271.627 4.37387
846.257 -271.625 4.37019
846.65 -271.623 4.36658
847.04 -271.62 4.36306
847.425 -271.618 4.35962
847.766 -271.681 4.35815
847.769 -272.276 4.37227
847.773 -272.884 4.38675
847.777 -273.506 4.40161
868.24 -242.974 3.5038
868.377 -242.839 3.49964
868.549 -242.613 3.49296
868.616 -242.64 3.4933
868.683 -242.666 3.49365
868.749 -242.693 3.49401
868.816 -242.72 3.49439
868.883 -242.747 3.49477
868.859 -243.028 3.50211
868.927 -243.054 3.5025
868.996 -243.081 3.50291
869.065 -243.108 3.50333
869.219 -242.877 3.49671
869.286 -242.904 3.49716
869.353 -242.931 3.49762
869.42 -242.958 3.49809
869.487 -242.985 3.49857
869.555 -243.012 3.49906
869.549 -243.298 3.50659
869.572 -243.495 3.5117
868.099 -249.29 3.66827
868.221 -249.288 3.66787
868.342 -249.285 3.66749
868.463 -249.282 3.66713
868.547 -249.434 3.67095
868.558 -249.91 3.68355
868.569 -250.414 3.69688
868.581 -250.947 3.711
868.593 -251.512 3.726
868.607 -252.111 3.74194
868.621 -252.75 3.75892
865.201 -276.888 4.40707
871.803 -237.982 3.36138
866.746 -282.427 4.5554
866.599 -290.77 4.77988
868.505 -286.907 4.67737
872.259 -290.774 4.789
872.628 -281.963 4.55178
873.249 -278.52 4.46052
873.57 -278.681 4.46586
874.752 -292.7 4.84868
842.971 -271.642 4.23253
843.397 -271.639 4.22912
843.819 -271.637 4.22579
844.236 -271.635 4.22254
844.649 -271.632 4.21937
845.058 -271.63 4.21626
845.462 -271.627 4.21323
845.863 -271.625 4.21026
846.26 -271.622 4.20737
846.653 -271.62 4.20454
847.042 -271.618 4.20177
847.428 -271.616 4.19908
847.766 -271.682 4.19816
847.769 -272.277 4.21053
847.773 -272.885 4.22322
847.777 -273.507 4.23623
868.324 -242.776 3.46151
868.483 -242.585 3.45663
868.55 -242.612 3.45696
868.616 -242.639 3.4573
868.683 -242.666 3.45765
868.75 -242.693 3.45801
868.817 -242.719 3.45838
868.883 -242.746 3.45876
868.872 -242.99 3.46428
868.941 -243.017 3.46466
869.009 -243.044 3.46506
869.152 -242.849 3.46023
869.219 -242.876 3.46065
869.286 -242.903 3.46108
869.353 -242.93 3.46152
869.421 -242.957 3.46197
869.488 -242.984 3.46243
869.555 -243.011 3.4629
869.622 -243.038 3.46338
869.628 -243.29 3.46914
868.1 -249.288 3.60957
868.222 -249.285 3.60929
868.343 -249.282 3.60903
868.464 -249.28 3.60878
868.547 -249.435 3.61224
868.558 -249.911 3.62322
868.569 -250.415 3.63485
868.581 -250.948 3.64716
868.593 -251.513 3.66024
868.607 -252.113 3.67414
868.621 -252.751 3.68894
865.203 -276.883 4.25185
871.803 -237.981 3.34407
866.75 -282.405 4.38135
866.598 -290.787 4.57771
868.504 -286.932 4.48943
872.259 -290.769 4.58733
872.628 -281.963 4.38102
873.249 -278.517 4.30168
874.751 -292.674 4.63964
841.117 -271.78 4.07643
841.564 -271.777 4.07367
842.006 -271.775 4.07098
842.292 -271.966 4.07257
842.974 -271.64 4.06298
843.4 -271.637 4.06048
843.822 -271.635 4.05805
844.239 -271.632 4.05567
844.652 -271.63 4.05334
845.06 -271.627 4.05108
845.465 -271.625 4.04886
845.866 -271.622 4.0467
846.262 -271.62 4.0446
846.655 -271.618 4.04254
847.044 -271.615 4.04054
847.43 -271.613 4.03858
847.766 -271.683 4.03819
847.77 -272.278 4.04882
847.773 -272.887 4.05971
847.777 -273.509 4.07088
868.329 -242.766 3.4245
868.484 -242.584 3.42064
868.55 -242.611 3.42097
868.617 -242.638 3.42132
868.684 -242.665 3.42167
868.75 -242.692 3.42202
868.817 -242.719 3.42238
868.884 -242.746 3.42275
868.951 -242.772 3.42313
868.942 -243.013 3.42778
869.011 -243.041 3.42818
869.153 -242.848 3.4242
869.22 -242.875 3.42461
869.287 -242.902 3.42502
869.354 -242.929 3.42544
869.421 -242.956 3.42587
869.488 -242.983 3.42631
869.555 -243.01 3.42675
869.623 -243.037 3.42721
869.628 -243.29 3.43212
868.101 -249.285 3.5509
868.223 -249.282 3.55074
868.344 -249.28 3.55059
868.465 -249.277 3.55046
868.547 -249.436 3.55353
868.558 -249.912 3.5629
868.569 -250.416 3.57282
868.581 -250.949 3.58333
868.593 -251.514 3.59448
868.607 -252.113 3.60633
868.621 -252.752 3.61897
865.204 -276.879 4.09673
871.803 -237.98 3.32677
866.752 -282.384 4.20752
866.597 -290.804 4.37547
868.503 -286.958 4.30137
872.26 -290.763 4.38574
872.628 -281.963 4.21029
873.249 -278.514 4.1429
874.751 -292.667 4.43122
841.121 -271.777 3.90253
841.567 -271.775 3.90076
842.009 -271.772 3.89904
842.292 -271.968 3.90077
842.977 -271.637 3.89348
843.403 -271.635 3.89189
843.825 -271.632 3.89034
844.242 -271.63 3.88883
844.654 -271.627 3.88736
845.063 -271.625 3.88593
845.468 -271.622 3.88454
845.868 -271.62 3.88318
846.265 -271.618 3.88187
846.658 -271.615 3.88059
847.047 -271.613 3.87934
847.433 -271.611 3.87813
847.766 -271.685 3.87823
847.77 -272.28 3.88711
847.773 -272.888 3.8962
847.777 -273.51 3.90553
868.406 -242.583 3.38477
868.484 -242.583 3.38466
868.551 -242.61 3.385
868.617 -242.637 3.38534
868.684 -242.664 3.38569
868.751 -242.691 3.38604
868.817 -242.718 3.3864
868.884 -242.745 3.38676
868.951 -242.772 3.38713
868.943 -243.012 3.39097
869.076 -242.85 3.38828
869.153 -242.847 3.38818
869.22 -242.874 3.38858
869.287 -242.901 3.38897
869.354 -242.928 3.38937
869.421 -242.955 3.38978
869.489 -242.982 3.39019
869.556 -243.009 3.39061
869.623 -243.037 3.39104
869.629 -243.289 3.39512
868.102 -249.282 3.49226
868.224 -249.28 3.49222
868.345 -249.277 3.49218
868.466 -249.274 3.49216
868.547 -249.436 3.49481
868.558 -249.913 3.50258
868.569 -250.416 3.51079
868.581 -250.949 3.51949
868.593 -251.514 3.52872
868.607 -252.114 3.53854
868.621 -252.753 3.54899
868.636 -253.434 3.56015
865.204 -276.878 3.94168
871.803 -237.979 3.30948
866.755 -282.363 4.03386
866.596 -290.821 4.17314
868.501 -286.985 4.11315
872.26 -290.758 4.18421
872.628 -281.964 4.03957
873.25 -278.511 3.98415
874.752 -292.667 4.22297
841.124 -271.775 3.72869
841.57 -271.772 3.7279
842.012 -271.769 3.72714
842.292 -271.969 3.729
842.98 -271.635 3.72402
843.406 -271.632 3.72334
843.827 -271.63 3.72268
844.244 -271.627 3.72204
844.657 -271.625 3.72142
845.066 -271.622 3.72083
845.47 -271.62 3.72026
845.871 -271.618 3.71971
846.267 -271.615 3.71918
846.66 -271.613 3.71867
847.049 -271.611 3.71819
847.435 -271.608 3.71772
847.766 -271.686 3.71828
847.77 -272.281 3.72541
847.773 -272.889 3.73271
847.777 -273.511 3.74019
868.406 -242.583 3.3487
868.484 -242.583 3.3487
868.551 -242.609 3.34904
868.618 -242.636 3.34938
868.685 -242.663 3.34972
868.751 -242.69 3.35007
868.818 -242.717 3.35043
868.885 -242.744 3.35078
868.951 -242.771 3.35114
869.003 -242.841 3.35205
869.076 -242.849 3.35218
869.154 -242.846 3.35218
869.221 -242.873 3.35255
869.288 -242.9 3.35293
869.355 -242.927 3.35331
869.422 -242.954 3.3537
869.489 -242.982 3.35409
869.556 -243.009 3.35449
869.624 -243.036 3.35488
869.629 -243.288 3.35812
868.103 -249.279 3.43365
868.225 -249.277 3.43372
868.346 -249.274 3.4338
868.467 -249.271 3.43389
868.547 -249.437 3.4361
868.558 -249.914 3.44226
868.569 -250.417 3.44876
868.581 -250.95 3.45565
868.593 -251.515 3.46297
868.607 -252.115 3.47074
868.621 -252.754 3.47902
868.636 -253.435 3.48785
865.204 -276.879 3.78669
871.803 -237.978 3.2922
866.758 -282.344 3.86039
866.594 -290.839 3.97073
868.499 -287.013 3.92479
872.26 -290.753 3.98274
872.629 -281.964 3.86888
873.25 -278.509 3.82545
874.752 -292.671 4.0148
840.675 -271.775 3.55469
841.127 -271.772 3.55489
841.573 -271.77 3.55508
842.015 -271.767 3.55529
842.292 -271.97 3.55723
842.983 -271.632 3.55461
843.409 -271.63 3.55484
843.83 -271.627 3.55506
844.247 -271.625 3.55529
844.66 -271.622 3.55553
845.068 -271.62 3.55577
845.473 -271.617 3.55602
845.873 -271.615 3.55628
846.27 -271.613 3.55654
846.663 -271.611 3.5568
847.052 -271.608 3.55707
847.437 -271.606 3.55735
847.766 -271.687 3.55834
847.77 -272.282 3.56372
847.773 -272.891 3.56922
847.777 -273.513 3.57486
868.407 -242.582 3.31264
868.485 -242.582 3.31274
868.552 -242.609 3.31308
868.618 -242.636 3.31343
868.685 -242.662 3.31377
868.752 -242.689 3.31412
868.818 -242.716 3.31446
868.885 -242.743 3.31481
868.952 -242.77 3.31516
869.004 -242.84 3.3159
869.077 -242.849 3.31609
869.154 -242.846 3.31618
869.221 -242.873 3.31654
869.29 -242.893 3.31684
869.357 -242.919 3.3172
869.425 -242.945 3.31756
869.492 -242.972 3.31792
869.556 -243.008 3.31837
869.624 -243.035 3.31874
869.629 -243.287 3.32113
868.104 -249.277 3.37506
868.225 -249.274 3.37526
868.347 -249.271 3.37545
868.467 -249.269 3.37565
868.553 -249.413 3.37718
868.558 -249.914 3.38194
868.569 -250.418 3.38674
868.581 -250.951 3.39182
868.593 -251.516 3.39722
868.607 -252.116 3.40295
868.621 -252.755 3.40905
868.636 -253.436 3.41556
865.204 -276.883 3.63173
871.803 -237.977 3.27493
866.76 -282.325 3.68708
866.593 -290.858 3.76823
868.497 -287.042 3.73627
872.261 -290.747 3.78134
872.629 -281.964 3.69822
873.25 -278.506 3.66679
874.753 -292.677 3.80665
840.678 -271.772 3.37992
841.13 -271.77 3.38111
841.577 -271.767 3.38229
842.018 -271.764 3.38346
842.292 -271.972 3.38546
842.986 -271.629 3.38523
843.412 -271.627 3.38636
843.833 -271.625 3.38747
844.25 -271.622 3.38857
844.663 -271.62 3.38967
845.071 -271.617 3.39074
845.476 -271.615 3.39181
845.876 -271.613 3.39287
846.273 -271.61 3.39392
846.665 -271.608 3.39496
847.054 -271.606 3.39599
847.44 -271.604 3.39701
847.766 -271.688 3.3984
847.77 -272.284 3.40203
847.773 -272.892 3.40574
847.777 -273.514 3.40953
868.407 -242.582 3.27659
868.485 -242.581 3.2768
868.552 -242.608 3.27714
868.629 -242.61 3.27735
868.696 -242.636 3.27769
868.762 -242.662 3.27803
868.829 -242.688 3.27837
868.885 -242.742 3.27885
868.952 -242.769 3.27919
869.004 -242.839 3.27975
869.077 -242.849 3.28001
869.154 -242.845 3.28019
869.221 -242.872 3.28054
869.302 -242.856 3.28066
869.369 -242.883 3.281
869.436 -242.909 3.28134
869.503 -242.935 3.28168
869.557 -243.007 3.28226
869.624 -243.034 3.2826
869.63 -243.286 3.28415
868.105 -249.274 3.3165
868.226 -249.271 3.31681
868.348 -249.269 3.31712
868.468 -249.266 3.31743
868.547 -249.439 3.31869
868.558 -249.915 3.32162
868.569 -250.419 3.32471
868.581 -250.952 3.32799
868.593 -251.517 3.33146
868.607 -252.117 3.33515
868.621 -252.756 3.33907
868.636 -253.437 3.34326
863.445 -285.273 3.52307
871.473 -238.92 3.26252
871.804 -237.976 3.25767
866.763 -282.306 3.51391
866.591 -290.878 3.56561
868.496 -287.073 3.54756
872.261 -290.742 3.57998
872.629 -281.964 3.52755
873.25 -278.503 3.50815
874.753 -292.685 3.59848
840.682 -271.77 3.20517
841.133 -271.767 3.20737
841.58 -271.764 3.20953
842.021 -271.762 3.21167
842.292 -271.973 3.21368
842.989 -271.627 3.21588
843.415 -271.625 3.21791
843.836 -271.622 3.21991
844.253 -271.62 3.22188
844.665 -271.617 3.22382
845.074 -271.615 3.22574
845.478 -271.613 3.22763
845.879 -271.61 3.22949
846.275 -271.608 3.23133
846.668 -271.606 3.23314
847.057 -271.604 3.23492
847.442 -271.601 3.23669
847.766 -271.69 3.23844
847.77 -272.285 3.24033
847.773 -272.893 3.24224
847.777 -273.516 3.24419
868.407 -242.582 3.24054
868.486 -242.58 3.24086
868.553 -242.607 3.2412
868.641 -242.58 3.24147
868.707 -242.606 3.24181
868.774 -242.633 3.24215
868.84 -242.66 3.24248
868.886 -242.742 3.24289
868.953 -242.768 3.24323
869.005 -242.837 3.24362
869.077 -242.848 3.24393
869.155 -242.844 3.24421
869.222 -242.871 3.24454
869.307 -242.842 3.24478
869.373 -242.869 3.2451
869.44 -242.896 3.24542
869.507 -242.923 3.24574
869.557 -243.006 3.24616
869.625 -243.033 3.24647
869.679 -243.106 3.24687
868.106 -249.271 3.25796
868.227 -249.269 3.25839
868.348 -249.266 3.25881
868.469 -249.263 3.25923
868.547 -249.439 3.25997
868.558 -249.916 3.26129
868.569 -250.42 3.26268
868.581 -250.953 3.26415
868.593 -251.518 3.2657
868.607 -252.118 3.26734
868.621 -252.757 3.26909
868.636 -253.438 3.27095
863.45 -285.248 3.33812
865.203 -276.899 3.32177
871.804 -237.975 3.24041
866.765 -282.289 3.34088
866.59 -290.9 3.36285
868.494 -287.107 3.35864
872.262 -290.737 3.37866
872.63 -281.964 3.35689
873.25 -278.5 3.34954
874.754 -292.695 3.39027
840.685 -271.767 3.03045
841.137 -271.764 3.03365
841.583 -271.762 3.03679
842.024 -271.759 3.03989
842.292 -271.974 3.04188
842.992 -271.624 3.04654
843.418 -271.622 3.04947
843.839 -271.62 3.05236
844.256 -271.617 3.0552
844.668 -271.615 3.058
845.077 -271.613 3.06075
845.481 -271.61 3.06346
845.881 -271.608 3.06612
846.278 -271.606 3.06875
846.67 -271.603 3.07133
847.059 -271.601 3.07387
847.445 -271.599 3.07638
847.766 -271.691 3.07847
847.77 -272.286 3.07861
847.773 -272.895 3.07873
847.777 -273.517 3.07884
868.408 -242.581 3.2045
868.486 -242.579 3.20492
868.553 -242.606 3.20527
868.641 -242.579 3.20574
868.708 -242.606 3.20608
868.774 -242.632 3.20641
868.84 -242.659 3.20674
868.886 -242.741 3.20694
868.953 -242.768 3.20727
869.005 -242.836 3.20749
869.078 -242.848 3.20785
869.155 -242.843 3.20823
869.222 -242.87 3.20855
869.307 -242.841 3.20897
869.374 -242.868 3.20928
869.44 -242.895 3.20958
869.507 -242.922 3.20987
869.558 -243.005 3.21006
869.625 -243.032 3.21035
869.68 -243.105 3.21055
868.107 -249.268 3.19944
868.228 -249.266 3.19998
868.349 -249.263 3.20052
868.47 -249.26 3.20104
868.547 -249.44 3.20125
868.558 -249.917 3.20096
868.569 -250.421 3.20064
868.581 -250.954 3.2003
868.593 -251.519 3.19993
868.607 -252.12 3.19953
868.621 -252.758 3.1991
868.636 -253.44 3.19863
863.453 -285.231 3.15333
865.201 -276.914 3.16669
871.804 -237.974 3.22316
866.768 -282.272 3.16796
866.588 -290.925 3.15993
868.491 -287.144 3.16948
872.262 -290.731 3.17737
872.63 -281.965 3.18622
873.251 -278.497 3.19094
874.755 -292.706 3.18197
877.993 -287.528 3.19364
840.689 -271.764 2.85574
841.14 -271.762 2.85995
841.586 -271.759 2.86407
842.028 -271.757 2.86813
842.292 -271.976 2.87007
842.995 -271.622 2.87722
843.421 -271.62 2.88106
843.842 -271.617 2.88484
844.259 -271.615 2.88855
844.671 -271.612 2.8922
845.08 -271.61 2.89578
845.484 -271.608 2.89931
845.884 -271.605 2.90278
846.281 -271.603 2.90619
846.673 -271.601 2.90955
847.062 -271.599 2.91285
847.447 -271.597 2.91609
847.766 -271.693 2.91849
847.77 -272.288 2.91688
847.773 -272.897 2.9152
847.777 -273.519 2.91347
868.408 -242.581 3.16845
868.487 -242.579 3.16899
868.554 -242.606 3.16934
868.642 -242.578 3.17002
868.708 -242.605 3.17035
868.774 -242.632 3.17068
868.841 -242.658 3.17101
868.887 -242.74 3.171
868.954 -242.767 3.17131
869.006 -242.835 3.17138
869.078 -242.847 3.17177
869.156 -242.842 3.17226
869.223 -242.869 3.17256
869.308 -242.84 3.17317
869.374 -242.867 3.17346
869.441 -242.894 3.17374
869.508 -242.921 3.17401
869.558 -243.004 3.17396
869.625 -243.032 3.17423
869.68 -243.104 3.17424
868.108 -249.266 3.14093
868.229 -249.263 3.14159
868.35 -249.26 3.14224
868.471 -249.258 3.14288
868.547 -249.442 3.14252
868.558 -249.918 3.14061
868.569 -250.422 3.13859
868.581 -250.956 3.13644
868.593 -251.521 3.13415
868.607 -252.121 3.1317
868.621 -252.76 3.1291
868.636 -253.441 3.1263
863.456 -285.217 2.96864
865.196 -276.945 3.01143
871.804 -237.973 3.20592
866.771 -282.256 2.99516
866.585 -290.956 2.9568
868.488 -287.197 2.97998
872.263 -290.726 2.97612
872.631 -281.965 3.01555
873.251 -278.493 3.03237
874.756 -292.719 2.97359
877.994 -287.534 3.00254
840.692 -271.762 2.68106
841.144 -271.759 2.68627
841.59 -271.757 2.69138
842.031 -271.754 2.6964
842.293 -271.978 2.69824
842.999 -271.619 2.70793
843.424 -271.617 2.71267
843.845 -271.615 2.71733
844.262 -271.612 2.72191
844.674 -271.61 2.72641
845.083 -271.608 2.73083
845.487 -271.605 2.73518
845.887 -271.603 2.73945
846.284 -271.601 2.74365
846.676 -271.599 2.74778
847.065 -271.596 2.75184
847.45 -271.594 2.75582
847.766 -271.695 2.75849
847.77 -272.29 2.75513
847.773 -272.899 2.75166
847.777 -273.521 2.74808
868.409 -242.58 3.13241
868.488 -242.578 3.13306
868.554 -242.605 3.13341
868.642 -242.577 3.1343
868.709 -242.604 3.13463
868.775 -242.631 3.13496
868.841 -242.658 3.13528
868.887 -242.739 3.13506
868.954 -242.766 3.13536
869.006 -242.834 3.13527
869.078 -242.847 3.1357
869.156 -242.842 3.1363
869.223 -242.868 3.13658
869.308 -242.84 3.13738
869.375 -242.867 3.13764
869.441 -242.893 3.1379
869.508 -242.92 3.13815
869.559 -243.004 3.13788
869.626 -243.031 3.13812
869.681 -243.102 3.13794
868.109 -249.263 3.08244
868.23 -249.26 3.08322
868.351 -249.258 3.08399
868.472 -249.255 3.08474
868.547 -249.443 3.08378
868.558 -249.92 3.08026
868.569 -250.424 3.07653
868.581 -250.957 3.07257
868.593 -251.522 3.06835
868.607 -252.123 3.06387
868.621 -252.762 3.05908
868.636 -253.443 3.05396
863.459 -285.206 2.78402
871.804 -237.972 3.18868
866.773 -282.24 2.82246
872.263 -290.721 2.7749
872.631 -281.965 2.84486
873.252 -278.49 2.87381
874.757 -292.733 2.76511
877.996 -287.548 2.81132
878.682 -286.823 2.81777
840.696 -271.759 2.5064
841.147 -271.757 2.5126
841.799 -271.497 2.52343
842.104 -271.663 2.52628
842.293 -271.98 2.52639
842.488 -272.29 2.52659
842.689 -272.595 2.52687
842.303 -273.696 2.51309
845.907 -271.576 2.57655
846.122 -271.84 2.57706
845.951 -273.289 2.56273
846.086 -273.698 2.5609
846.805 -283.447 2.4808
847.327 -283.284 2.48786
847.794 -283.222 2.49332
847.939 -283.82 2.48908
868.409 -242.58 3.09637
868.488 -242.577 3.09714
868.555 -242.604 3.09749
868.643 -242.577 3.09858
868.709 -242.603 3.09892
868.775 -242.63 3.09924
868.842 -242.657 3.09955
868.888 -242.738 3.09912
868.955 -242.765 3.09942
868.941 -243.022 3.09664
869.009 -243.05 3.09692
869.157 -242.841 3.10033
869.224 -242.868 3.1006
869.308 -242.839 3.10158
869.375 -242.866 3.10183
869.442 -242.893 3.10207
869.508 -242.92 3.1023
869.559 -243.003 3.10179
869.626 -243.03 3.10201
869.625 -243.307 3.09903
868.11 -249.26 3.02398
868.231 -249.258 3.02487
868.352 -249.255 3.02575
868.473 -249.252 3.02661
868.547 -249.444 3.02503
868.558 -249.921 3.01989
868.569 -250.425 3.01446
868.581 -250.958 3.00868
868.593 -251.523 3.00255
868.607 -252.124 2.99602
868.621 -252.763 2.98905
868.636 -253.444 2.9816
863.461 -285.197 2.59945
871.705 -237.937 3.17133
871.804 -237.971 3.17145
866.775 -282.225 2.64985
872.264 -290.715 2.57371
872.632 -281.966 2.67417
873.252 -278.487 2.71526
874.758 -292.748 2.5565
878.001 -287.584 2.61975
878.682 -286.825 2.62885
828.332 -266.835 2.15329
828.194 -267.434 2.14661
827.071 -268.816 2.11564
840.699 -271.757 2.33174
841.151 -271.754 2.33895
841.852 -271.431 2.35335
842.15 -271.607 2.35619
842.293 -271.981 2.35451
842.848 -271.82 2.36479
843.276 -271.818 2.37137
843.533 -272.038 2.37294
843.776 -272.28 2.374
844.196 -272.278 2.38031
844.611 -272.275 2.38651
845.524 -271.556 2.40791
845.945 -271.523 2.41444
846.17 -271.771 2.41493
846.232 -272.266 2.41022
847.055 -271.616 2.42935
847.144 -272.07 2.42541
847.147 -272.667 2.41857
847.151 -273.278 2.41154
846.429 -283.317 2.28048
846.955 -283.155 2.28895
847.473 -282.995 2.29725
847.879 -283.051 2.3014
848.07 -283.551 2.29729
848.217 -284.153 2.29131
868.316 -242.8 3.0564
868.489 -242.576 3.06122
868.555 -242.603 3.06158
868.642 -242.579 3.06283
868.708 -242.606 3.06314
868.774 -242.633 3.06345
868.84 -242.661 3.06375
868.888 -242.738 3.06319
868.955 -242.764 3.06348
868.929 -243.055 3.05925
868.997 -243.084 3.05952
869.157 -242.84 3.06437
869.224 -242.867 3.06462
869.303 -242.857 3.06548
869.369 -242.885 3.06569
869.436 -242.912 3.0659
869.502 -242.94 3.06609
869.559 -243.002 3.06571
869.627 -243.029 3.0659
869.604 -243.384 3.06071
868.111 -249.257 2.96552
868.232 -249.255 2.96653
868.353 -249.252 2.96752
868.474 -249.25 2.96849
868.547 -249.445 2.96626
868.558 -249.922 2.95952
868.569 -250.426 2.95237
868.581 -250.959 2.94479
868.593 -251.525 2.93673
868.607 -252.125 2.92815
868.621 -252.764 2.919
868.636 -253.446 2.90923
863.463 -285.189 2.41491
871.705 -237.936 3.15416
871.805 -237.97 3.15423
866.778 -282.211 2.47732
872.265 -290.711 2.37251
872.632 -281.966 2.50346
873.252 -278.484 2.55672
874.76 -292.764 2.34776
878.683 -286.826 2.4399
832.966 -263.729 2.08887
832.931 -264.201 2.08386
832.959 -264.628 2.08059
833.049 -265.009 2.07901
833.092 -265.432 2.07599
832.532 -266.362 2.0551
832.013 -267.277 2.03517
828.123 -271.102 1.91505
841.378 -260.107 2.30446
841.383 -260.485 2.30079
830.202 -275.359 1.91303
830.542 -275.608 1.91698
831.016 -275.719 1.92508
831.753 -275.55 1.9415
832.228 -275.645 1.94968
832.478 -275.976 1.95065
833.984 -274.941 1.99195
834.348 -275.13 1.99666
834.447 -275.614 1.9927
834.722 -275.904 1.99436
834.923 -276.28 1.99349
835.154 -276.625 1.9935
835.335 -277.031 1.99176
835.807 -277.091 1.9997
836.22 -277.218 2.00561
836.645 -277.326 2.01193
841.85 -271.435 2.18192
842.148 -271.61 2.18496
838.009 -277.512 2.03382
842.851 -271.817 2.19462
843.279 -271.815 2.20212
843.534 -272.04 2.20349
837.767 -280.502 1.98943
838.342 -280.406 2.00055
838.877 -280.355 2.0103
845.519 -271.565 2.2437
845.945 -271.524 2.25135
846.17 -271.774 2.25154
845.632 -273.165 2.22304
846.007 -273.207 2.2285
846.205 -273.519 2.2272
846.581 -283.025 2.08959
847.103 -282.866 2.0993
847.538 -282.866 2.10526
847.886 -283.041 2.10719
848.199 -283.285 2.10751
848.347 -283.882 2.09994
848.498 -284.489 2.09218
868.293 -242.855 3.01833
868.489 -242.576 3.02531
868.556 -242.602 3.02566
868.63 -242.611 3.0264
868.696 -242.638 3.02672
868.762 -242.666 3.02702
868.828 -242.693 3.02731
868.889 -242.737 3.02725
868.843 -243.077 3.02101
868.912 -243.104 3.02129
868.981 -243.132 3.02156
869.05 -243.16 3.02181
869.224 -242.866 3.02865
869.292 -242.89 3.02893
869.359 -242.918 3.02912
869.426 -242.946 3.0293
869.493 -242.974 3.02946
869.56 -243.001 3.02963
869.535 -243.355 3.02323
869.604 -243.383 3.02339
868.112 -249.255 2.90708
868.233 -249.252 2.90821
868.354 -249.249 2.90931
868.475 -249.247 2.9104
868.547 -249.446 2.90749
868.558 -249.923 2.89912
868.569 -250.427 2.89027
868.581 -250.96 2.88088
868.593 -251.526 2.8709
868.607 -252.127 2.86027
868.623 -252.755 2.84916
868.638 -253.439 2.837
863.465 -285.183 2.23038
871.675 -237.908 3.1373
871.708 -237.919 3.13732
871.741 -237.93 3.13733
871.774 -237.941 3.13734
871.807 -237.952 3.13733
866.78 -282.198 2.30486
872.265 -290.716 2.17117
872.633 -281.966 2.33273
873.051 -289.039 2.20398
873.253 -278.481 2.39819
874.761 -292.781 2.13886
878.684 -286.827 2.25092
845.488 -254.308 2.32815
845.503 -254.603 2.32521
845.52 -254.899 2.32223
845.539 -255.197 2.31923
845.559 -255.497 2.3162
845.58 -255.799 2.31314
845.604 -256.102 2.31004
845.629 -256.408 2.30692
845.656 -256.715 2.30376
845.684 -257.024 2.30058
845.714 -257.336 2.29736
845.746 -257.649 2.29411
845.78 -257.964 2.29082
845.815 -258.281 2.28751
845.853 -258.599 2.28416
845.892 -258.92 2.28077
845.933 -259.243 2.27736
845.976 -259.568 2.27391
846.021 -259.895 2.27042
846.069 -260.223 2.26691
846.118 -260.554 2.26335
846.169 -260.887 2.25977
836.564 -271.591 1.89753
837.301 -271.332 1.91724
836.867 -272.35 1.8931
837.281 -272.443 1.90056
837.307 -272.971 1.89329
837.64 -273.153 1.8976
838.008 -273.293 1.90317
839.023 -272.663 1.93384
839.308 -272.886 1.93629
839.686 -272.995 1.94237
839.928 -273.27 1.94299
841.787 -271.516 2.00801
842.096 -271.679 2.01163
840.351 -274.49 1.93217
838.696 -277.26 1.85508
842.014 -273.498 1.9808
839.461 -277.533 1.86555
839.673 -277.897 1.86366
839.729 -278.482 1.85506
840.034 -278.728 1.85673
840.324 -278.995 1.8577
845.905 -271.584 2.08651
846.117 -271.854 2.08584
845.565 -273.267 2.05161
845.977 -273.256 2.05927
846.148 -273.609 2.05623
843.385 -278.562 1.92087
843.821 -278.575 1.92834
844.296 -278.521 1.93759
844.73 -278.527 1.94498
845.135 -278.574 1.95109
845.486 -278.708 1.95463
846.247 -278.135 1.97774
846.765 -277.961 1.98952
847.168 -277.982 1.99578
847.596 -277.951 2.00333
847.893 -278.154 2.00438
848.145 -278.443 2.00304
848.38 -278.768 2.00071
848.632 -279.065 1.99912
849.999 -277.176 2.05564
850.443 -277.061 2.06459
847.892 -283.031 1.91304
848.239 -283.205 1.91489
848.476 -283.613 1.91058
848.626 -284.215 1.90123
852.484 -276.724 2.10112
852.977 -276.442 2.11357
853.616 -275.815 2.13473
854.039 -275.657 2.14367
868.293 -242.854 2.98126
868.362 -242.882 2.98164
868.556 -242.602 2.98975
868.623 -242.629 2.99009
868.689 -242.655 2.99042
868.756 -242.682 2.99074
868.823 -242.709 2.99104
868.889 -242.736 2.99132
868.844 -243.076 2.98391
868.912 -243.104 2.98418
868.981 -243.131 2.98443
869.05 -243.159 2.98467
869.225 -242.865 2.99268
869.292 -242.892 2.99288
869.359 -242.919 2.99307
869.426 -242.946 2.99325
869.493 -242.973 2.99341
869.56 -243 2.99356
869.535 -243.354 2.98594
869.605 -243.383 2.98607
868.113 -249.252 2.84865
868.234 -249.249 2.8499
868.355 -249.247 2.85112
868.476 -249.244 2.85231
868.547 -249.447 2.84869
868.561 -249.91 2.83903
868.574 -250.403 2.82874
868.587 -250.932 2.81762
868.599 -251.502 2.80563
868.607 -252.128 2.79237
868.621 -252.767 2.77886
868.636 -253.449 2.76442
865.235 -273.231 2.31507
864.279 -280.463 2.15296
871.676 -237.905 3.1203
871.709 -237.915 3.1203
871.741 -237.926 3.12029
871.775 -237.937 3.12027
871.808 -237.947 3.12025
866.782 -282.185 2.13244
872.266 -290.721 1.96976
872.633 -281.966 2.16198
873.052 -289.028 2.00876
873.253 -278.478 2.23965
874.762 -292.8 1.92978
878.684 -286.829 2.0619
848.661 -252.08 2.32488
848.69 -252.33 2.32226
848.72 -252.581 2.31961
848.752 -252.834 2.31694
848.786 -253.088 2.31424
848.821 -253.343 2.31153
848.857 -253.599 2.30879
848.895 -253.856 2.30602
848.935 -254.115 2.30323
848.976 -254.375 2.30042
849.019 -254.636 2.29758
849.064 -254.899 2.29471
849.11 -255.162 2.29183
849.158 -255.427 2.28891
849.207 -255.693 2.28598
849.259 -255.961 2.28301
849.312 -256.229 2.28002
849.367 -256.499 2.27701
849.424 -256.77 2.27397
849.482 -257.042 2.2709
849.543 -257.316 2.26781
849.605 -257.59 2.26469
849.669 -257.866 2.26155
849.735 -258.143 2.25838
849.803 -258.422 2.25518
849.873 -258.701 2.25196
849.945 -258.982 2.24871
850.019 -259.264 2.24543
850.095 -259.547 2.24212
850.173 -259.831 2.23879
850.253 -260.116 2.23543
850.335 -260.403 2.23204
850.419 -260.691 2.22863
850.506 -260.98 2.22518
850.595 -261.27 2.22171
843.317 -271.211 1.87565
843.345 -271.73 1.86642
843.717 -271.796 1.87316
844.227 -271.669 1.88646
844.123 -272.384 1.87044
844.285 -272.74 1.86689
844.317 -273.287 1.85684
845.756 -271.801 1.91581
846.138 -271.824 1.92315
846.363 -272.076 1.92265
845.872 -273.416 1.88589
846.046 -273.767 1.88224
846.415 -273.82 1.88843
846.826 -273.8 1.89686
846.773 -274.524 1.88094
846.925 -274.928 1.87548
845.636 -277.741 1.79255
846.042 -277.767 1.79962
846.468 -277.757 1.80775
846.905 -277.719 1.81657
847.365 -277.633 1.82678
847.841 -277.51 1.83796
848.297 -277.414 1.84814
848.746 -277.322 1.85803
849.118 -277.367 1.86354
849.768 -276.873 1.88548
850.283 -276.62 1.89979
850.773 -276.403 1.91281
851.192 -276.317 1.92169
851.587 -276.271 1.92921
852.003 -276.176 1.93808
852.454 -275.996 1.94932
852.984 -275.632 1.96589
853.417 -275.464 1.97646
853.838 -275.312 1.9864
854.264 -275.138 1.99686
868.294 -242.853 2.94418
868.373 -242.855 2.94533
868.556 -242.603 2.95379
868.622 -242.63 2.95411
868.689 -242.658 2.95442
868.755 -242.685 2.95471
868.821 -242.713 2.95498
868.787 -243.016 2.94743
868.856 -243.043 2.94772
868.924 -243.07 2.948
868.993 -243.097 2.94826
869.062 -243.123 2.94851
869.132 -243.15 2.94874
869.286 -242.91 2.95636
869.353 -242.938 2.95651
869.42 -242.966 2.95664
869.487 -242.994 2.95675
869.478 -243.285 2.94967
869.547 -243.311 2.94981
869.617 -243.338 2.94993
868.114 -249.249 2.79024
868.235 -249.247 2.7916
868.356 -249.244 2.79293
868.477 -249.241 2.79423
868.547 -249.448 2.78989
868.558 -249.925 2.77829
868.569 -250.429 2.76602
868.581 -250.963 2.753
868.593 -251.528 2.73917
868.607 -252.129 2.72445
868.621 -252.769 2.70876
868.636 -253.45 2.69199
864.082 -279.663 2.00326
864.375 -279.906 1.99963
864.668 -280.167 1.99543
871.676 -237.904 3.10324
871.709 -237.914 3.10322
871.742 -237.925 3.10319
871.775 -237.936 3.10316
871.808 -237.947 3.10311
866.484 -281.781 1.96804
866.793 -282.089 1.96226
872.266 -290.725 1.76831
872.634 -281.967 1.9912
873.052 -289.022 1.81346
873.254 -278.475 2.08111
874.763 -292.82 1.7205
878.685 -286.83 1.87285
851.193 -250.301 2.32228
851.23 -250.518 2.31991
851.268 -250.736 2.31752
851.308 -250.954 2.31512
851.349 -251.173 2.31269
851.392 -251.393 2.31025
851.436 -251.614 2.30779
851.482 -251.836 2.30531
851.529 -252.058 2.30281
851.577 -252.282 2.30029
851.628 -252.506 2.29776
851.679 -252.73 2.2952
851.732 -252.956 2.29262
851.787 -253.182 2.29002
851.843 -253.41 2.28741
851.901 -253.638 2.28477
851.961 -253.866 2.28212
852.022 -254.096 2.27944
852.085 -254.326 2.27675
852.149 -254.557 2.27403
852.215 -254.789 2.27129
852.283 -255.021 2.26854
852.352 -255.254 2.26576
852.423 -255.488 2.26297
852.496 -255.723 2.26015
852.571 -255.958 2.25731
852.647 -256.194 2.25446
852.726 -256.431 2.25158
852.806 -256.668 2.24868
852.888 -256.906 2.24576
852.971 -257.145 2.24282
853.057 -257.384 2.23986
853.144 -257.624 2.23688
853.233 -257.865 2.23388
853.325 -258.106 2.23086
853.418 -258.348 2.22781
853.513 -258.59 2.22475
853.536 -258.935 2.2177
853.489 -259.383 2.20667
853.44 -259.842 2.19531
853.391 -260.313 2.18361
853.34 -260.795 2.17155
853.288 -261.291 2.15912
853.263 -261.755 2.14795
853.236 -262.235 2.1363
847.855 -270.98 1.81668
848.114 -271.161 1.81807
848.264 -271.515 1.81296
848.54 -271.671 1.81515
848.79 -271.87 1.81568
848.408 -273.123 1.77795
848.685 -273.295 1.77952
849.038 -273.337 1.78568
849.339 -273.465 1.78864
849.643 -273.587 1.79175
850.635 -272.465 1.83866
850.307 -273.725 1.80139
850.564 -273.93 1.80128
850.792 -274.191 1.79917
850.902 -274.684 1.789
851.367 -274.49 1.80249
851.652 -274.647 1.80379
851.599 -275.49 1.78158
852.434 -274.518 1.82119
852.782 -274.534 1.82697
852.922 -274.992 1.81773
853.46 -274.591 1.83732
853.691 -274.856 1.83445
854.127 -274.658 1.84691
854.662 -274.219 1.8672
868.312 -242.811 2.90848
868.381 -242.836 2.90894
868.45 -242.864 2.90931
868.609 -242.663 2.9171
868.676 -242.691 2.9174
868.743 -242.718 2.91769
868.809 -242.746 2.91795
868.792 -243.002 2.91089
868.861 -243.029 2.91115
868.929 -243.057 2.9114
868.998 -243.084 2.91162
869.066 -243.112 2.91183
869.135 -243.14 2.91202
869.204 -243.168 2.9122
869.273 -243.195 2.91235
869.342 -243.223 2.91249
869.411 -243.251 2.91261
869.48 -243.279 2.91271
869.549 -243.307 2.9128
869.618 -243.335 2.91286
868.115 -249.246 2.73183
868.236 -249.244 2.73331
868.357 -249.241 2.73475
868.477 -249.239 2.73616
868.547 -249.449 2.73106
868.558 -249.926 2.71785
868.569 -250.43 2.70387
868.581 -250.964 2.68904
868.593 -251.53 2.67328
868.607 -252.13 2.65652
868.621 -252.77 2.63864
868.636 -253.452 2.61954
864.167 -279.189 1.85207
864.465 -279.389 1.84901
864.757 -279.633 1.84457
871.676 -237.903 3.08619
871.709 -237.913 3.08615
871.742 -237.924 3.0861
871.775 -237.935 3.08604
871.808 -237.946 3.08598
866.554 -281.213 1.81332
866.864 -281.484 1.80766
867.176 -281.759 1.80186
867.491 -282.041 1.79577
867.809 -282.326 1.78953
868.138 -282.53 1.78559
868.467 -282.769 1.78057
868.79 -283.113 1.77242
871.864 -290.8 1.56356
872.267 -290.729 1.56677
872.634 -281.967 1.82039
873.053 -289.019 1.61809
873.254 -278.472 1.92257
874.765 -292.842 1.511
877.615 -287.55 1.66424
878.685 -286.831 1.68376
853.259 -248.849 2.32015
853.301 -249.04 2.31799
853.345 -249.231 2.31582
853.389 -249.423 2.31364
853.435 -249.616 2.31143
853.483 -249.808 2.30922
853.531 -250.002 2.30699
853.581 -250.196 2.30474
853.633 -250.39 2.30247
853.685 -250.585 2.30019
853.739 -250.781 2.2979
853.795 -250.976 2.29559
853.852 -251.173 2.29326
853.91 -251.37 2.29092
853.97 -251.567 2.28856
854.031 -251.765 2.28619
854.093 -251.963 2.2838
854.158 -252.162 2.2814
854.223 -252.361 2.27898
854.196 -252.663 2.27157
854.163 -252.975 2.26372
854.129 -253.293 2.25568
854.095 -253.617 2.24742
854.06 -253.947 2.23896
854.025 -254.284 2.23027
853.989 -254.628 2.22136
853.952 -254.979 2.2122
853.914 -255.337 2.20281
853.875 -255.703 2.19316
853.874 -256.029 2.1854
853.917 -256.306 2.17994
853.988 -256.552 2.1759
854.073 -256.782 2.17256
854.17 -257 2.16979
854.269 -257.217 2.16704
854.356 -257.454 2.16344
854.439 -257.7 2.15942
854.488 -257.996 2.15326
854.594 -258.218 2.15032
854.745 -258.377 2.15005
854.868 -258.579 2.14792
854.933 -258.868 2.14211
854.99 -259.174 2.13558
854.927 -259.668 2.12127
854.872 -260.161 2.10713
854.883 -260.563 2.09683
855.038 -260.744 2.0957
855.217 -260.888 2.09598
855.266 -261.247 2.08755
854.919 -262.273 2.05224
854.89 -262.789 2.03768
854.384 -264.139 1.98998
853.626 -265.97 1.92363
853.802 -266.196 1.92124
854.017 -266.356 1.92147
853.984 -266.973 1.90374
854.084 -267.357 1.89519
854.259 -267.606 1.89189
854.333 -268.056 1.88081
854.501 -268.332 1.87647
854.658 -268.637 1.87099
854.905 -268.762 1.87232
854.963 -269.28 1.85872
855.154 -269.533 1.85516
855.408 -269.654 1.85654
855.457 -270.226 1.84098
855.811 -270.133 1.85023
856.101 -270.177 1.85427
856.386 -270.23 1.85784
868.295 -242.852 2.87002
868.382 -242.835 2.87203
868.45 -242.863 2.8724
868.519 -242.89 2.87275
868.587 -242.918 2.87309
868.656 -242.946 2.8734
868.724 -242.973 2.87369
868.793 -243.001 2.87396
868.861 -243.028 2.87422
868.93 -243.056 2.87445
868.998 -243.084 2.87467
869.067 -243.111 2.87486
869.136 -243.139 2.87504
869.204 -243.167 2.87519
869.273 -243.194 2.87533
869.342 -243.222 2.87544
869.411 -243.25 2.87554
869.48 -243.278 2.87562
869.549 -243.306 2.87567
867.991 -249.257 2.67144
868.113 -249.253 2.67313
868.235 -249.248 2.67478
868.357 -249.244 2.67639
868.477 -249.24 2.67796
868.547 -249.45 2.67221
868.558 -249.927 2.65739
868.569 -250.432 2.64169
868.581 -250.965 2.62505
868.593 -251.531 2.60736
868.607 -252.132 2.58854
868.621 -252.772 2.56848
868.636 -253.453 2.54705
864.25 -278.733 1.70363
864.547 -278.916 1.70057
864.842 -279.12 1.69676
871.676 -237.902 3.06914
871.709 -237.912 3.06908
871.742 -237.923 3.06901
871.775 -237.934 3.06893
871.808 -237.945 3.06885
866.622 -280.661 1.66203
866.928 -280.933 1.65553
867.235 -281.216 1.64856
867.546 -281.501 1.64152
867.864 -281.75 1.63554
868.19 -281.941 1.63141
868.518 -282.139 1.62694
868.846 -282.364 1.62154
869.175 -282.608 1.61543
869.507 -282.862 1.60892
869.839 -283.188 1.59999
870.17 -283.637 1.58703
870.504 -284.137 1.5723
870.845 -284.648 1.55714
871.864 -290.79 1.36216
872.267 -290.734 1.36516
872.635 -281.968 1.64953
873.054 -289.018 1.42263
873.254 -278.469 1.76402
874.766 -292.865 1.30125
877.611 -287.503 1.47455
878.686 -286.833 1.49462
854.699 -247.875 2.30379
854.675 -248.107 2.2981
854.65 -248.342 2.29227
854.625 -248.581 2.28632
854.599 -248.823 2.28022
854.573 -249.07 2.27398
854.638 -249.237 2.27252
854.71 -249.399 2.27134
854.766 -249.576 2.26923
854.824 -249.754 2.26711
854.882 -249.933 2.26496
854.906 -250.147 2.26084
854.871 -250.421 2.25329
854.892 -250.644 2.24874
854.928 -250.855 2.24491
854.987 -251.044 2.24229
855.063 -251.218 2.24052
855.145 -251.387 2.23899
855.224 -251.559 2.23726
855.311 -251.726 2.23586
855.41 -251.879 2.2351
855.514 -252.028 2.23456
855.607 -252.191 2.23329
855.685 -252.373 2.231
855.796 -252.518 2.23061
855.904 -252.667 2.23001
855.939 -252.904 2.22488
856.003 -253.111 2.22131
856.094 -253.285 2.21936
856.17 -253.481 2.21636
856.236 -253.692 2.21261
856.292 -253.919 2.20808
856.282 -254.235 2.19923
856.225 -254.619 2.18715
856.286 -254.854 2.18236
856.357 -255.077 2.17815
856.42 -255.316 2.17322
856.472 -255.573 2.16744
856.515 -255.846 2.16091
856.561 -256.122 2.15429
856.608 -256.401 2.1476
856.662 -256.675 2.14114
856.743 -256.911 2.13645
856.805 -257.182 2.13015
856.882 -257.433 2.12479
856.987 -257.647 2.12116
857.111 -257.83 2.11884
857.197 -258.08 2.11356
857.271 -258.353 2.10724
857.352 -258.621 2.10119
857.436 -258.89 2.09509
857.519 -259.164 2.08875
857.618 -259.417 2.0834
857.75 -259.612 2.08051
857.909 -259.763 2.0795
858.077 -259.899 2.07912
858.199 -260.123 2.07491
858.156 -260.67 2.05698
858.219 -261.026 2.04725
858.287 -261.378 2.03766
858.344 -261.763 2.02677
858.4 -262.16 2.01541
858.431 -262.622 2.00142
858.47 -263.079 1.98765
858.505 -263.558 1.97306
858.534 -264.066 1.95732
858.548 -264.622 1.93967
858.594 -265.123 1.92438
867.272 -245.265 2.735
868.383 -242.834 2.83512
868.451 -242.862 2.83549
868.519 -242.89 2.83584
868.588 -242.917 2.83617
868.656 -242.945 2.83648
868.725 -242.972 2.83677
868.793 -243 2.83704
868.862 -243.028 2.83728
868.93 -243.055 2.83751
868.999 -243.083 2.83771
869.067 -243.11 2.83789
869.136 -243.138 2.83805
869.205 -243.166 2.83818
869.274 -243.194 2.8383
869.343 -243.221 2.83839
869.412 -243.249 2.83847
869.481 -243.277 2.83852
869.55 -243.305 2.83855
867.976 -249.312 2.61066
868.099 -249.308 2.61249
868.235 -249.248 2.61637
868.36 -249.231 2.61861
868.478 -249.24 2.6198
868.543 -249.468 2.61271
868.511 -250.131 2.58928
868.528 -250.618 2.57256
868.545 -251.131 2.55488
871.416 -237.98 3.04665
871.483 -237.824 3.05286
871.516 -237.835 3.05282
871.548 -237.846 3.05277
871.58 -237.857 3.05271
871.613 -237.868 3.05265
871.645 -237.879 3.05257
871.678 -237.89 3.05249
871.711 -237.901 3.05239
871.744 -237.912 3.05228
871.777 -237.924 3.05217
871.81 -237.935 3.05204
871.843 -237.946 3.05191
871.876 -237.957 3.05176
871.909 -237.968 3.05161
871.943 -237.98 3.05144
871.976 -237.991 3.05127
868.24 -281.368 1.4807
868.565 -281.556 1.47602
868.891 -281.75 1.471
869.218 -281.968 1.46505
869.547 -282.204 1.45834
869.878 -282.446 1.45133
870.212 -282.696 1.44397
870.549 -282.962 1.43595
870.888 -283.278 1.42604
871.229 -283.688 1.41265
871.574 -284.173 1.39652
871.926 -284.682 1.37942
872.284 -285.197 1.36203
872.635 -281.968 1.47864
873.255 -278.466 1.60545
874.768 -292.891 1.09122
877.609 -287.471 1.2846
878.686 -286.834 1.3054
855.452 -247.45 2.261
855.481 -247.629 2.2579
855.509 -247.812 2.2546
855.494 -248.034 2.24879
855.523 -248.22 2.24533
855.538 -248.42 2.24104
855.617 -248.564 2.24034
855.724 -248.683 2.24123
855.838 -248.795 2.24254
855.932 -248.926 2.24258
855.988 -249.094 2.24026
856.018 -249.29 2.23626
856.053 -249.482 2.23253
856.043 -249.723 2.22587
856.138 -249.86 2.22551
856.221 -250.009 2.2244
856.293 -250.171 2.2225
856.369 -250.331 2.22074
856.447 -250.489 2.21908
856.51 -250.665 2.2163
856.566 -250.851 2.21302
856.645 -251.013 2.21112
856.725 -251.175 2.20915
856.854 -251.283 2.21026
856.965 -251.41 2.2102
857.07 -251.545 2.20967
857.156 -251.706 2.20774
857.24 -251.869 2.20565
857.319 -252.04 2.20306
857.395 -252.218 2.20014
857.494 -252.368 2.19872
857.522 -252.612 2.19229
857.632 -252.751 2.19143
857.759 -252.868 2.19165
857.859 -253.023 2.18989
857.923 -253.229 2.18549
857.949 -253.491 2.17814
857.977 -253.757 2.1707
858.053 -253.957 2.16661
858.136 -254.149 2.16295
858.218 -254.347 2.15898
858.305 -254.54 2.15527
858.432 -254.674 2.15448
858.563 -254.802 2.15399
858.685 -254.946 2.1526
858.796 -255.11 2.15026
858.762 -255.514 2.13618
858.824 -255.767 2.12953
858.888 -256.022 2.12279
858.96 -256.267 2.11653
859.03 -256.523 2.1098
859.095 -256.791 2.10246
859.164 -257.059 2.09518
859.233 -257.332 2.08767
859.302 -257.612 2.07988
859.379 -257.883 2.07248
859.45 -258.171 2.06436
859.532 -258.446 2.05683
859.608 -258.737 2.04855
859.693 -259.019 2.04073
859.775 -259.314 2.03233
859.862 -259.604 2.02418
859.969 -259.861 2.01754
860.091 -260.089 2.01218
860.214 -260.322 2.00656
860.257 -260.742 1.9926
860.325 -261.115 1.98079
867.273 -245.265 2.68872
868.356 -242.9 2.79527
868.451 -242.861 2.79857
868.52 -242.889 2.79892
868.588 -242.916 2.79925
868.657 -242.944 2.79956
868.725 -242.972 2.79984
868.794 -242.999 2.8001
868.862 -243.027 2.80033
868.931 -243.054 2.80054
868.999 -243.082 2.80073
869.068 -243.11 2.8009
869.136 -243.137 2.80104
869.205 -243.165 2.80116
869.274 -243.193 2.80126
869.343 -243.221 2.80133
869.412 -243.248 2.80138
869.481 -243.276 2.80141
869.416 -243.779 2.78153
863.407 -265.943 1.85763
863.647 -265.965 1.86029
868.24 -249.231 2.55864
868.362 -249.226 2.56055
868.483 -249.22 2.56241
868.543 -249.469 2.55374
868.471 -250.304 2.52096
871.201 -238.626 3.00175
871.34 -238.169 3.02094
871.455 -237.795 3.03669
871.487 -237.806 3.03665
871.519 -237.817 3.03659
871.551 -237.828 3.03653
871.584 -237.839 3.03646
871.616 -237.85 3.03637
871.649 -237.861 3.03628
871.681 -237.872 3.03617
871.714 -237.883 3.03606
871.746 -237.894 3.03593
871.779 -237.905 3.0358
871.812 -237.916 3.03565
871.845 -237.927 3.03549
871.878 -237.938 3.03532
871.911 -237.95 3.03514
871.945 -237.961 3.03495
871.978 -237.972 3.03475
872.011 -237.983 3.03454
868.61 -280.993 1.32828
868.933 -281.178 1.32301
869.258 -281.365 1.31756
869.584 -281.579 1.31097
869.912 -281.811 1.30356
870.242 -282.045 1.296
870.575 -282.286 1.28805
870.911 -282.533 1.27976
871.251 -282.783 1.27129
871.594 -283.037 1.26253
871.939 -283.361 1.25094
872.289 -283.753 1.23657
872.636 -281.968 1.30765
873.007 -284.707 1.20085
873.255 -278.463 1.44681
873.754 -285.742 1.16156
874.139 -286.275 1.14114
874.532 -286.821 1.12011
874.933 -287.378 1.09852
875.463 -290.214 0.987406
875.519 -284.47 1.21285
876.338 -291.32 0.944008
877.607 -287.447 1.0945
878.687 -286.835 1.11612
856.982 -246.341 2.27263
857.04 -246.48 2.27133
857.089 -246.626 2.26947
857.135 -246.777 2.26729
857.19 -246.921 2.26559
857.264 -247.048 2.26502
857.341 -247.173 2.26459
857.398 -247.318 2.26281
857.44 -247.478 2.25999
857.479 -247.643 2.25687
857.517 -247.81 2.25358
857.565 -247.969 2.25089
857.57 -248.173 2.24522
857.608 -248.346 2.24162
857.666 -248.5 2.23926
857.719 -248.661 2.23647
857.658 -248.946 2.22583
857.702 -249.123 2.22213
857.779 -249.264 2.22062
857.847 -249.417 2.2184
857.793 -249.71 2.20757
857.891 -249.833 2.20724
857.994 -249.951 2.20715
858.097 -250.069 2.20698
858.198 -250.19 2.20662
858.293 -250.32 2.20572
858.373 -250.469 2.20367
858.441 -250.634 2.20066
858.506 -250.805 2.1973
858.572 -250.976 2.1939
858.649 -251.136 2.1912
858.728 -251.295 2.18851
858.801 -251.464 2.18523
858.927 -251.563 2.18593
859.009 -251.722 2.18319
859.064 -251.922 2.17817
859.099 -252.153 2.17139
859.121 -252.408 2.16337
859.19 -252.597 2.15899
859.266 -252.78 2.15497
859.346 -252.96 2.1511
859.416 -253.157 2.14632
859.488 -253.354 2.1415
859.554 -253.566 2.13595
859.635 -253.755 2.13159
859.72 -253.943 2.12726
859.796 -254.148 2.12207
859.894 -254.318 2.11866
860.003 -254.473 2.11606
860.118 -254.621 2.11379
860.236 -254.765 2.11174
860.357 -254.904 2.10986
860.477 -255.049 2.10766
860.569 -255.247 2.10273
860.637 -255.493 2.09534
860.712 -255.734 2.08825
860.791 -255.972 2.08131
860.871 -256.211 2.07433
860.955 -256.45 2.06735
861.041 -256.691 2.06029
861.13 -256.93 2.05333
861.218 -257.178 2.04593
861.31 -257.424 2.03863
861.404 -257.67 2.03133
861.501 -257.918 2.02396
861.597 -258.173 2.0162
868.175 -243.135 2.74498
868.247 -243.162 2.74546
868.452 -242.86 2.76165
868.52 -242.888 2.762
868.589 -242.916 2.76233
868.657 -242.943 2.76263
868.726 -242.971 2.76291
868.794 -242.998 2.76316
868.863 -243.026 2.76339
868.931 -243.054 2.76359
869 -243.081 2.76377
869.068 -243.109 2.76392
869.137 -243.137 2.76405
869.206 -243.164 2.76415
869.274 -243.192 2.76422
869.343 -243.22 2.76427
869.412 -243.247 2.7643
869.481 -243.275 2.7643
869.477 -243.564 2.75243
863.784 -264.57 1.80073
863.974 -264.744 1.79649
868.226 -249.286 2.4978
868.351 -249.267 2.50044
868.47 -249.275 2.50183
868.543 -249.47 2.49478
868.471 -250.305 2.4591
871.257 -238.374 2.99307
871.385 -237.957 3.01217
871.459 -237.777 3.02062
871.491 -237.788 3.02056
871.523 -237.799 3.02049
871.555 -237.81 3.02041
871.587 -237.821 3.02032
871.619 -237.832 3.02022
871.652 -237.843 3.02011
871.684 -237.854 3.01999
871.716 -237.865 3.01985
871.749 -237.876 3.01971
871.782 -237.887 3.01955
871.815 -237.898 3.01938
871.847 -237.909 3.0192
871.88 -237.92 3.01901
871.913 -237.931 3.01881
871.946 -237.942 3.01859
871.98 -237.953 3.01836
872.013 -237.964 3.01812
872.047 -237.975 3.01787
868.974 -280.624 1.17825
869.296 -280.806 1.17244
869.619 -280.987 1.16654
869.944 -281.196 1.15938
870.27 -281.424 1.15128
870.6 -281.653 1.14304
870.932 -281.882 1.13467
871.267 -282.123 1.12571
871.605 -282.368 1.11646
871.947 -282.614 1.10707
872.292 -282.863 1.09745
872.636 -281.969 1.13667
872.994 -283.444 1.07433
873.255 -278.46 1.2882
873.717 -284.239 1.04159
874.09 -284.723 1.02138
874.47 -285.233 0.999902
874.859 -285.753 0.977908
875.256 -286.284 0.955319
875.518 -284.45 1.03369
876.073 -287.363 0.909005
876.491 -287.865 0.887282
876.91 -288.289 0.868723
877.33 -288.651 0.852661
877.606 -287.435 0.904014
878.187 -289.375 0.820195
878.624 -289.741 0.803534
878.687 -286.837 0.926813
879.519 -290.492 0.768968
879.976 -290.876 0.751118
880.44 -291.262 0.732982
880.911 -291.657 0.714284
881.389 -292.054 0.695355
857.765 -245.849 2.24834
857.838 -245.966 2.24811
857.855 -246.133 2.24403
857.898 -246.278 2.24162
857.933 -246.433 2.23851
857.97 -246.587 2.23549
857.993 -246.755 2.23145
858.035 -246.908 2.22853
858.138 -247.001 2.22986
858.242 -247.095 2.23117
858.346 -247.187 2.23246
858.408 -247.323 2.23066
858.464 -247.465 2.22843
858.518 -247.611 2.22594
858.573 -247.758 2.2234
858.628 -247.905 2.22078
858.67 -248.069 2.21706
858.732 -248.213 2.21471
858.799 -248.352 2.21267
858.866 -248.491 2.21059
858.935 -248.631 2.20847
859.011 -248.763 2.20685
859.102 -248.879 2.20626
859.191 -248.998 2.20543
859.314 -249.076 2.20719
859.444 -249.144 2.20952
859.565 -249.224 2.21103
859.661 -249.335 2.21052
859.722 -249.492 2.20709
859.737 -249.711 2.19988
859.803 -249.867 2.19657
859.879 -250.011 2.19396
859.963 -250.145 2.19199
859.986 -250.365 2.18477
859.976 -250.636 2.17452
860.016 -250.842 2.16829
860.114 -250.966 2.16688
860.214 -251.089 2.16557
860.317 -251.209 2.16432
860.421 -251.327 2.16321
860.504 -251.479 2.16006
860.462 -251.831 2.1454
860.528 -252.018 2.14029
860.601 -252.196 2.13566
860.676 -252.375 2.13104
860.756 -252.548 2.12669
860.838 -252.721 2.12238
860.924 -252.89 2.11829
861.01 -253.062 2.11402
861.095 -253.238 2.10951
861.182 -253.414 2.10497
861.272 -253.588 2.10056
861.393 -253.708 2.09908
861.505 -253.847 2.09655
861.574 -254.068 2.08947
861.631 -254.321 2.08076
861.716 -254.524 2.0747
861.815 -254.701 2.07007
861.917 -254.877 2.06545
862.02 -255.053 2.06079
862.125 -255.231 2.05607
862.231 -255.409 2.0513
862.339 -255.587 2.04648
862.448 -255.766 2.04162
862.559 -255.946 2.0367
868.225 -243.019 2.71279
868.303 -243.027 2.71424
868.373 -243.055 2.71465
868.521 -242.887 2.72508
868.589 -242.915 2.72541
868.658 -242.942 2.72571
868.726 -242.97 2.72598
868.795 -242.998 2.72622
868.863 -243.025 2.72644
868.932 -243.053 2.72663
869 -243.08 2.7268
869.069 -243.108 2.72693
869.137 -243.136 2.72704
869.206 -243.163 2.72713
869.275 -243.191 2.72718
869.344 -243.219 2.72721
869.413 -243.247 2.72722
869.418 -243.493 2.71642
869.49 -243.52 2.71644
864.632 -261.486 1.83759
864.68 -262.103 1.81092
868.222 -249.303 2.43838
868.347 -249.284 2.4412
868.466 -249.292 2.44266
868.531 -249.522 2.43333
871.167 -238.597 2.96277
871.308 -238.145 2.98516
871.428 -237.761 3.0041
871.462 -237.759 3.00466
871.494 -237.77 3.00459
871.526 -237.781 3.00451
871.558 -237.792 3.00441
871.59 -237.803 3.00431
871.622 -237.814 3.00419
871.655 -237.825 3.00406
871.687 -237.836 3.00392
871.719 -237.846 3.00377
871.752 -237.857 3.0036
871.784 -237.868 3.00342
871.817 -237.879 3.00323
871.85 -237.89 3.00303
871.883 -237.901 3.00281
871.915 -237.912 3.00259
871.948 -237.923 3.00235
871.982 -237.934 3.0021
872.015 -237.946 3.00183
872.048 -237.957 3.00155
869.014 -280.082 1.03675
869.332 -280.26 1.03054
869.652 -280.437 1.02426
869.974 -280.619 1.01768
870.298 -280.818 1.01015
870.623 -281.039 1.00152
870.952 -281.248 0.993298
871.284 -281.448 0.985394
871.618 -281.665 0.976603
871.955 -281.897 0.967017
872.295 -282.163 0.955723
872.638 -282.428 0.944358
872.986 -282.687 0.933146
872.922 -259.906 1.98798
873.691 -283.198 0.910719
874.051 -283.511 0.896682
874.419 -283.901 0.878931
874.793 -284.297 0.860801
875.174 -284.729 0.840826
875.565 -285.223 0.817915
875.963 -285.703 0.79548
876.368 -286.184 0.77286
876.78 -286.672 0.749754
877.2 -287.159 0.726566
877.617 -287.551 0.707645
878.042 -287.95 0.688197
878.472 -288.337 0.669215
878.282 -283.343 0.899423
879.341 -289.048 0.633583
879.785 -289.41 0.615228
880.236 -289.777 0.596496
880.693 -290.148 0.57739
881.157 -290.523 0.557896
881.628 -290.903 0.538005
882.107 -291.288 0.517696
882.592 -291.677 0.497039
858.588 -245.304 2.23387
858.633 -245.437 2.23171
858.667 -245.581 2.2287
858.703 -245.724 2.22578
858.742 -245.866 2.22295
858.794 -245.997 2.22094
858.883 -246.094 2.22165
858.966 -246.196 2.2219
859.039 -246.308 2.22132
859.097 -246.436 2.21947
859.148 -246.572 2.21706
859.17 -246.739 2.21228
859.196 -246.904 2.20775
859.229 -247.064 2.20359
859.278 -247.208 2.20061
859.338 -247.342 2.19839
859.399 -247.476 2.19611
859.463 -247.609 2.19397
859.528 -247.741 2.19184
859.608 -247.856 2.19087
859.699 -247.959 2.19068
859.788 -248.066 2.19026
859.884 -248.166 2.19026
859.975 -248.271 2.18987
860.067 -248.375 2.18947
860.148 -248.493 2.18811
860.222 -248.622 2.18604
860.3 -248.747 2.18417
860.386 -248.862 2.18296
860.47 -248.981 2.18139
860.555 -249.099 2.17991
860.646 -249.211 2.17882
860.735 -249.327 2.17744
860.82 -249.448 2.17565
860.904 -249.573 2.17362
860.967 -249.729 2.16959
861.015 -249.91 2.16399
861.107 -250.027 2.16241
861.215 -250.122 2.1622
861.324 -250.216 2.16198
861.417 -250.336 2.16015
861.505 -250.463 2.15778
861.589 -250.601 2.15479
861.663 -250.756 2.15072
861.73 -250.924 2.14581
861.789 -251.111 2.13983
861.864 -251.273 2.13529
861.944 -251.429 2.13119
862.031 -251.576 2.12754
862.121 -251.718 2.12416
862.22 -251.847 2.12156
862.324 -251.969 2.11934
862.424 -252.1 2.11658
862.505 -252.271 2.11142
862.589 -252.439 2.10646
862.669 -252.617 2.10091
862.587 -253.13 2.0761
862.682 -253.293 2.07145
862.76 -253.493 2.06469
862.844 -253.688 2.05823
862.931 -253.877 2.05205
863.034 -254.039 2.04747
863.14 -254.197 2.04301
863.244 -254.361 2.03821
868.238 -242.988 2.67673
868.316 -242.997 2.6782
868.385 -243.025 2.67862
868.521 -242.886 2.68816
868.59 -242.914 2.68848
868.658 -242.942 2.68878
868.727 -242.969 2.68904
868.795 -242.997 2.68928
868.864 -243.024 2.68949
868.932 -243.052 2.68967
869.001 -243.08 2.68982
869.069 -243.107 2.68994
869.138 -243.135 2.69004
869.207 -243.163 2.6901
869.275 -243.19 2.69014
869.344 -243.218 2.69015
869.413 -243.246 2.69013
869.431 -243.45 2.68075
869.502 -243.477 2.68075
865.668 -257.719 1.93271
865.748 -258.107 1.91551
868.198 -249.397 2.37478
868.335 -249.335 2.38002
868.458 -249.325 2.38249
868.546 -249.46 2.37737
871.224 -238.347 2.95589
871.355 -237.934 2.9779
871.434 -237.731 2.98889
871.466 -237.742 2.98882
871.498 -237.753 2.98873
871.53 -237.763 2.98864
871.562 -237.774 2.98853
871.594 -237.785 2.98841
871.626 -237.796 2.98827
871.658 -237.807 2.98813
871.69 -237.818 2.98797
871.722 -237.828 2.98779
871.754 -237.839 2.98761
871.787 -237.85 2.98741
871.819 -237.861 2.9872
871.852 -237.872 2.98698
871.885 -237.883 2.98674
871.917 -237.894 2.98649
871.95 -237.905 2.98622
871.983 -237.916 2.98595
872.016 -237.927 2.98566
872.05 -237.938 2.98535
872.083 -237.949 2.98504
870.173 -267.489 1.50503
870.407 -267.612 1.50035
870.631 -267.952 1.48476
870.863 -268.222 1.47259
871.069 -269.272 1.42133
871.312 -269.596 1.40636
871.807 -259.528 1.9097
872.002 -258.946 1.93946
872.185 -258.655 1.95457
872.364 -258.633 1.95623
872.542 -258.722 1.95227
872.723 -258.834 1.94711
872.905 -258.977 1.94032
873.091 -259.185 1.93021
873.28 -259.403 1.91957
873.483 -259.87 1.89649
873.728 -261.129 1.8339
875.113 -283.577 0.717174
875.49 -283.956 0.698127
875.871 -284.332 0.679124
876.26 -284.731 0.65881
876.656 -285.143 0.637742
877.059 -285.56 0.616216
877.471 -286.005 0.593159
877.889 -286.444 0.570247
878.307 -286.825 0.550045
878.688 -286.839 0.547993
879.163 -287.599 0.508562
879.601 -287.996 0.487056
880.041 -288.357 0.467171
880.484 -288.701 0.44798
880.935 -289.055 0.428076
881.39 -289.401 0.40838
881.849 -289.737 0.388991
882.316 -290.082 0.368955
882.788 -290.425 0.348826
883.268 -290.778 0.328033
883.754 -291.128 0.307136
884.247 -291.482 0.28584
 ] }
 color Color { color [
0.485194 0 0.514806
0.482596 0 0.517404
0.480049 0 0.519951
0.477551 0 0.522449
0.475103 0 0.524897
0.472703 0 0.527297
0.470349 0 0.529651
0.468042 0 0.531958
0.465779 0 0.534221
0.463561 0 0.536439
0.461386 0 0.538614
0.459254 0 0.540746
0.457934 0 0.542066
0.462941 0 0.537059
0.468082 0 0.531918
0.473362 0 0.526638
0.107163 0 0.892837
0.105389 0 0.894611
0.102634 0 0.897366
0.102633 0 0.897367
0.102636 0 0.897364
0.102645 0 0.897355
0.102659 0 0.897341
0.102677 0 0.897323
0.105396 0 0.894604
0.105418 0 0.894582
0.105446 0 0.894554
0.105478 0 0.894522
0.102792 0 0.897208
0.102841 0 0.897159
0.102895 0 0.897105
0.102955 0 0.897045
0.103019 0 0.896981
0.103089 0 0.896911
0.105858 0 0.894142
0.107696 0 0.892304
0.1675 0 0.8325
0.167162 0 0.832838
0.166834 0 0.833166
0.166515 0 0.833485
0.167791 0 0.832209
0.172407 0 0.827593
0.177294 0 0.822706
0.182474 0 0.817526
0.187975 0 0.812025
0.193826 0 0.806174
0.200063 0 0.799937
0.443793 0 0.556207
0.0490684 0 0.950932
0.496541 0 0.503459
0.579679 0 0.420321
0.539515 0 0.460485
0.576773 0 0.423227
0.488633 0 0.511367
0.454262 0 0.545738
0.455935 0 0.544065
0.596484 0 0.403516
0.485117 0 0.514883
0.48252 0 0.51748
0.479973 0 0.520027
0.477477 0 0.522523
0.475029 0 0.524971
0.472629 0 0.527371
0.470276 0 0.529724
0.467969 0 0.532031
0.465708 0 0.534292
0.46349 0 0.53651
0.461316 0 0.538684
0.459184 0 0.540816
0.457908 0 0.542092
0.462916 0 0.537084
0.468057 0 0.531943
0.473336 0 0.526664
0.105002 0 0.894998
0.102622 0 0.897378
0.102616 0 0.897384
0.102615 0 0.897385
0.102618 0 0.897382
0.102627 0 0.897373
0.102641 0 0.897359
0.10266 0 0.89734
0.104989 0 0.895011
0.105011 0 0.894989
0.105038 0 0.894962
0.10273 0 0.89727
0.102774 0 0.897226
0.102823 0 0.897177
0.102877 0 0.897123
0.102937 0 0.897063
0.103002 0 0.896998
0.103071 0 0.896929
0.103146 0 0.896854
0.10556 0 0.89444
0.167456 0 0.832544
0.167119 0 0.832881
0.166791 0 0.833209
0.166472 0 0.833528
0.167785 0 0.832215
0.172401 0 0.827599
0.177287 0 0.822713
0.182468 0 0.817532
0.187969 0 0.812031
0.19382 0 0.80618
0.200057 0 0.799943
0.443702 0 0.556298
0.049054 0 0.950946
0.496275 0 0.503725
0.579792 0 0.420208
0.539722 0 0.460278
0.576669 0 0.423331
0.488591 0 0.511409
0.454191 0 0.545809
0.59617 0 0.40383
0.497637 0 0.502363
0.494817 0 0.505183
0.492051 0 0.507949
0.491798 0 0.508202
0.485048 0 0.514952
0.482451 0 0.517549
0.479905 0 0.520095
0.477409 0 0.522591
0.474962 0 0.525038
0.472563 0 0.527437
0.47021 0 0.52979
0.467904 0 0.532096
0.465642 0 0.534358
0.463425 0 0.536575
0.461251 0 0.538749
0.45912 0 0.54088
0.457888 0 0.542112
0.462896 0 0.537104
0.468037 0 0.531963
0.473316 0 0.526684
0.10488 0 0.89512
0.102606 0 0.897394
0.1026 0 0.8974
0.102598 0 0.897402
0.102602 0 0.897398
0.102611 0 0.897389
0.102624 0 0.897376
0.102643 0 0.897357
0.102667 0 0.897333
0.10496 0 0.895039
0.104995 0 0.895005
0.102713 0 0.897287
0.102757 0 0.897243
0.102807 0 0.897193
0.102861 0 0.897139
0.10292 0 0.89708
0.102985 0 0.897015
0.103055 0 0.896945
0.10313 0 0.89687
0.105543 0 0.894457
0.167415 0 0.832585
0.167077 0 0.832923
0.166749 0 0.833251
0.166431 0 0.833569
0.16778 0 0.83222
0.172397 0 0.827603
0.177283 0 0.822717
0.182464 0 0.817536
0.187964 0 0.812036
0.193814 0 0.806186
0.200051 0 0.799949
0.443637 0 0.556363
0.0490404 0 0.95096
0.496023 0 0.503977
0.579917 0 0.420083
0.539942 0 0.460058
0.576571 0 0.423429
0.488555 0 0.511445
0.454127 0 0.545873
0.596063 0 0.403937
0.49757 0 0.50243
0.49475 0 0.50525
0.491985 0 0.508015
0.491783 0 0.508217
0.484983 0 0.515017
0.482387 0 0.517613
0.479842 0 0.520158
0.477346 0 0.522654
0.4749 0 0.5251
0.472501 0 0.527499
0.470149 0 0.529851
0.467843 0 0.532157
0.465582 0 0.534418
0.463365 0 0.536635
0.461192 0 0.538808
0.459062 0 0.540938
0.457874 0 0.542126
0.462881 0 0.537119
0.468022 0 0.531978
0.473302 0 0.526698
0.102892 0 0.897108
0.102591 0 0.897409
0.102584 0 0.897416
0.102583 0 0.897417
0.102587 0 0.897413
0.102595 0 0.897405
0.102609 0 0.897391
0.102628 0 0.897372
0.102652 0 0.897348
0.104945 0 0.895055
0.102972 0 0.897028
0.102698 0 0.897302
0.102742 0 0.897258
0.102791 0 0.897209
0.102846 0 0.897154
0.102905 0 0.897095
0.10297 0 0.89703
0.103039 0 0.896961
0.103114 0 0.896886
0.105527 0 0.894473
0.167376 0 0.832624
0.167038 0 0.832961
0.166711 0 0.833289
0.166392 0 0.833608
0.167777 0 0.832223
0.172394 0 0.827606
0.17728 0 0.82272
0.18246 0 0.81754
0.18796 0 0.81204
0.193812 0 0.806188
0.200048 0 0.799952
0.20671 0 0.79329
0.443599 0 0.556401
0.0490271 0 0.950973
0.495786 0 0.504214
0.580056 0 0.419944
0.540178 0 0.459822
0.576481 0 0.423519
0.488525 0 0.511475
0.454068 0 0.545932
0.596023 0 0.403977
0.49751 0 0.50249
0.49469 0 0.50531
0.491926 0 0.508074
0.491772 0 0.508228
0.484925 0 0.515075
0.48233 0 0.51767
0.479785 0 0.520215
0.47729 0 0.52271
0.474844 0 0.525156
0.472445 0 0.527555
0.470094 0 0.529906
0.467788 0 0.532212
0.465528 0 0.534472
0.463312 0 0.536688
0.461138 0 0.538862
0.459009 0 0.540991
0.457864 0 0.542136
0.462871 0 0.537129
0.468012 0 0.531988
0.473291 0 0.526709
0.102882 0 0.897118
0.102577 0 0.897423
0.10257 0 0.89743
0.102569 0 0.897431
0.102573 0 0.897427
0.102582 0 0.897418
0.102595 0 0.897405
0.102614 0 0.897386
0.102638 0 0.897362
0.103127 0 0.896873
0.102962 0 0.897038
0.102684 0 0.897316
0.102728 0 0.897272
0.102777 0 0.897223
0.102832 0 0.897168
0.102891 0 0.897109
0.102956 0 0.897044
0.103025 0 0.896975
0.1031 0 0.8969
0.105513 0 0.894487
0.167339 0 0.832661
0.167001 0 0.832999
0.166674 0 0.833326
0.166355 0 0.833645
0.167776 0 0.832224
0.172392 0 0.827608
0.177279 0 0.822721
0.182458 0 0.817542
0.187959 0 0.812041
0.19381 0 0.80619
0.200047 0 0.799953
0.206709 0 0.793291
0.443586 0 0.556414
0.0490145 0 0.950985
0.495562 0 0.504438
0.580207 0 0.419793
0.540433 0 0.459567
0.576398 0 0.423602
0.488501 0 0.511499
0.454015 0 0.545985
0.596027 0 0.403973
0.500332 0 0.499668
0.497456 0 0.502544
0.494637 0 0.505363
0.491873 0 0.508127
0.491767 0 0.508233
0.484874 0 0.515126
0.482278 0 0.517722
0.479734 0 0.520266
0.477239 0 0.522761
0.474794 0 0.525206
0.472396 0 0.527604
0.470045 0 0.529955
0.46774 0 0.53226
0.46548 0 0.53452
0.463264 0 0.536736
0.461092 0 0.538908
0.458962 0 0.541038
0.45786 0 0.54214
0.462867 0 0.537133
0.468007 0 0.531993
0.473287 0 0.526713
0.102873 0 0.897127
0.102564 0 0.897436
0.102558 0 0.897442
0.102556 0 0.897444
0.10256 0 0.89744
0.102569 0 0.897431
0.102583 0 0.897417
0.102601 0 0.897399
0.102625 0 0.897375
0.103109 0 0.896891
0.102954 0 0.897046
0.102671 0 0.897329
0.102715 0 0.897285
0.102692 0 0.897308
0.102739 0 0.897261
0.10279 0 0.89721
0.102847 0 0.897153
0.103012 0 0.896988
0.103087 0 0.896913
0.1055 0 0.8945
0.167304 0 0.832696
0.166967 0 0.833033
0.166639 0 0.833361
0.16632 0 0.83368
0.167525 0 0.832475
0.172394 0 0.827606
0.17728 0 0.82272
0.18246 0 0.81754
0.187961 0 0.812039
0.193814 0 0.806186
0.200051 0 0.799949
0.206713 0 0.793287
0.443603 0 0.556397
0.0490025 0 0.950997
0.495351 0 0.504649
0.580376 0 0.419624
0.540704 0 0.459296
0.576322 0 0.423678
0.488484 0 0.511516
0.453967 0 0.546033
0.596064 0 0.403936
0.500283 0 0.499717
0.497407 0 0.502593
0.494589 0 0.505411
0.491825 0 0.508175
0.491769 0 0.508231
0.484827 0 0.515173
0.482232 0 0.517768
0.479689 0 0.520311
0.477194 0 0.522806
0.474749 0 0.525251
0.472352 0 0.527648
0.470001 0 0.529999
0.467696 0 0.532304
0.465437 0 0.534563
0.463221 0 0.536779
0.461049 0 0.538951
0.45892 0 0.54108
0.457862 0 0.542138
0.46287 0 0.53713
0.46801 0 0.53199
0.473289 0 0.526711
0.102866 0 0.897134
0.102553 0 0.897447
0.102546 0 0.897454
0.102273 0 0.897727
0.102269 0 0.897731
0.10227 0 0.89773
0.102276 0 0.897724
0.10259 0 0.89741
0.102614 0 0.897386
0.103093 0 0.896907
0.102947 0 0.897053
0.10266 0 0.89734
0.102704 0 0.897296
0.102309 0 0.897691
0.102355 0 0.897645
0.102406 0 0.897594
0.102463 0 0.897537
0.103001 0 0.896999
0.103076 0 0.896924
0.105488 0 0.894512
0.167271 0 0.832729
0.166933 0 0.833067
0.166606 0 0.833394
0.166288 0 0.833712
0.16778 0 0.83222
0.172398 0 0.827602
0.177284 0 0.822716
0.182466 0 0.817534
0.187966 0 0.812034
0.193819 0 0.806181
0.200056 0 0.799944
0.206719 0 0.793281
0.529251 0 0.470749
0.058816 0 0.941184
0.0489913 0 0.951009
0.495154 0 0.504846
0.580563 0 0.419437
0.540999 0 0.459001
0.576253 0 0.423747
0.488472 0 0.511528
0.453925 0 0.546075
0.59613 0 0.40387
0.500239 0 0.499761
0.497364 0 0.502636
0.494546 0 0.505454
0.491783 0 0.508217
0.491778 0 0.508222
0.484786 0 0.515214
0.482192 0 0.517808
0.479648 0 0.520352
0.477155 0 0.522845
0.47471 0 0.52529
0.472313 0 0.527687
0.469963 0 0.530037
0.467658 0 0.532342
0.465399 0 0.534601
0.463184 0 0.536816
0.461012 0 0.538988
0.458883 0 0.541117
0.457871 0 0.542129
0.462878 0 0.537122
0.46802 0 0.53198
0.4733 0 0.5267
0.10286 0 0.89714
0.102543 0 0.897457
0.102536 0 0.897464
0.10195 0 0.89805
0.101954 0 0.898046
0.101963 0 0.898037
0.101976 0 0.898024
0.10258 0 0.89742
0.102604 0 0.897396
0.103078 0 0.896922
0.102941 0 0.897059
0.10265 0 0.89735
0.102694 0 0.897306
0.102157 0 0.897843
0.102211 0 0.897789
0.10227 0 0.89773
0.102334 0 0.897666
0.10299 0 0.89701
0.103065 0 0.896935
0.103622 0 0.896378
0.16724 0 0.83276
0.166903 0 0.833097
0.166575 0 0.833425
0.166257 0 0.833743
0.167787 0 0.832213
0.172405 0 0.827595
0.177292 0 0.822708
0.182472 0 0.817528
0.187975 0 0.812025
0.193828 0 0.806172
0.200065 0 0.799935
0.206727 0 0.793273
0.52899 0 0.47101
0.443744 0 0.556256
0.0489805 0 0.951019
0.494969 0 0.505031
0.580773 0 0.419227
0.541324 0 0.458676
0.57619 0 0.42381
0.488467 0 0.511533
0.453888 0 0.546112
0.596219 0 0.403781
0.500202 0 0.499798
0.497327 0 0.502673
0.49451 0 0.50549
0.491748 0 0.508252
0.491792 0 0.508208
0.484751 0 0.515249
0.482157 0 0.517843
0.479614 0 0.520386
0.477121 0 0.522879
0.474677 0 0.525323
0.47228 0 0.52772
0.46993 0 0.53007
0.467626 0 0.532374
0.465367 0 0.534633
0.463153 0 0.536847
0.460981 0 0.539019
0.458852 0 0.541148
0.457885 0 0.542115
0.462893 0 0.537107
0.468034 0 0.531966
0.473314 0 0.526686
0.102855 0 0.897145
0.102534 0 0.897466
0.102527 0 0.897473
0.101942 0 0.898058
0.101945 0 0.898055
0.101954 0 0.898046
0.101967 0 0.898032
0.102571 0 0.897429
0.102595 0 0.897405
0.103065 0 0.896935
0.102936 0 0.897064
0.102641 0 0.897359
0.102685 0 0.897315
0.102148 0 0.897852
0.102202 0 0.897798
0.102261 0 0.897739
0.102325 0 0.897675
0.102982 0 0.897018
0.103056 0 0.896944
0.103607 0 0.896393
0.16721 0 0.83279
0.166874 0 0.833126
0.166546 0 0.833454
0.166228 0 0.833772
0.167796 0 0.832204
0.172415 0 0.827585
0.177302 0 0.822698
0.182483 0 0.817517
0.187986 0 0.812014
0.193839 0 0.806161
0.200078 0 0.799922
0.206741 0 0.793259
0.528816 0 0.471184
0.443898 0 0.556102
0.0489705 0 0.95103
0.494797 0 0.505203
0.581019 0 0.418981
0.541699 0 0.458301
0.576135 0 0.423865
0.488468 0 0.511532
0.453856 0 0.546144
0.59633 0 0.40367
0.546927 0 0.453073
0.500169 0 0.499831
0.497295 0 0.502705
0.494478 0 0.505522
0.491716 0 0.508284
0.491816 0 0.508184
0.484721 0 0.515279
0.482127 0 0.517873
0.479585 0 0.520415
0.477092 0 0.522908
0.474648 0 0.525352
0.472251 0 0.527749
0.469902 0 0.530098
0.467598 0 0.532402
0.46534 0 0.53466
0.463125 0 0.536875
0.460954 0 0.539046
0.458826 0 0.541174
0.457907 0 0.542093
0.462916 0 0.537084
0.468056 0 0.531944
0.473337 0 0.526663
0.10285 0 0.89715
0.102526 0 0.897474
0.10252 0 0.89748
0.101934 0 0.898066
0.101937 0 0.898063
0.101946 0 0.898054
0.10196 0 0.89804
0.102563 0 0.897437
0.102587 0 0.897413
0.103053 0 0.896947
0.102933 0 0.897067
0.102633 0 0.897367
0.102677 0 0.897323
0.10214 0 0.89786
0.102194 0 0.897806
0.102253 0 0.897747
0.102318 0 0.897682
0.102974 0 0.897026
0.103049 0 0.896951
0.103594 0 0.896406
0.167183 0 0.832817
0.166847 0 0.833153
0.166519 0 0.833481
0.166202 0 0.833798
0.16781 0 0.83219
0.172429 0 0.827571
0.177316 0 0.822684
0.182499 0 0.817501
0.188001 0 0.811999
0.193856 0 0.806144
0.200095 0 0.799905
0.20676 0 0.79324
0.528684 0 0.471316
0.444212 0 0.555788
0.0489611 0 0.951039
0.494637 0 0.505363
0.58134 0 0.41866
0.542234 0 0.457766
0.576086 0 0.423914
0.488476 0 0.511524
0.45383 0 0.54617
0.596462 0 0.403538
0.54699 0 0.45301
0.500142 0 0.499858
0.497269 0 0.502731
0.494452 0 0.505548
0.491691 0 0.508309
0.491844 0 0.508156
0.484696 0 0.515304
0.482103 0 0.517897
0.479561 0 0.52044
0.477068 0 0.522932
0.474625 0 0.525375
0.472228 0 0.527772
0.469879 0 0.530121
0.467576 0 0.532424
0.465318 0 0.534682
0.463103 0 0.536897
0.460933 0 0.539067
0.458804 0 0.541196
0.457937 0 0.542063
0.462945 0 0.537055
0.468087 0 0.531913
0.473367 0 0.526633
0.102847 0 0.897153
0.10252 0 0.89748
0.102513 0 0.897487
0.101928 0 0.898072
0.101931 0 0.898069
0.10194 0 0.89806
0.101954 0 0.898046
0.102557 0 0.897443
0.102581 0 0.897419
0.103042 0 0.896958
0.10293 0 0.89707
0.102627 0 0.897373
0.102671 0 0.897329
0.102134 0 0.897866
0.102188 0 0.897812
0.102247 0 0.897753
0.102311 0 0.897689
0.102967 0 0.897033
0.103042 0 0.896958
0.103582 0 0.896418
0.167158 0 0.832842
0.166822 0 0.833178
0.166495 0 0.833505
0.166177 0 0.833823
0.167825 0 0.832175
0.172444 0 0.827556
0.177333 0 0.822667
0.182515 0 0.817485
0.18802 0 0.81198
0.193875 0 0.806125
0.200115 0 0.799885
0.206779 0 0.793221
0.528583 0 0.471417
0.0489522 0 0.951048
0.49449 0 0.50551
0.576044 0 0.423956
0.488489 0 0.511511
0.453809 0 0.546191
0.596613 0 0.403387
0.547142 0 0.452858
0.540686 0 0.459314
0.500122 0 0.499878
0.497249 0 0.502751
0.491136 0 0.508864
0.490549 0 0.509451
0.491879 0 0.508121
0.493144 0 0.506856
0.494355 0 0.505645
0.505491 0 0.494509
0.467263 0 0.532737
0.46822 0 0.53178
0.481219 0 0.518781
0.4839 0 0.5161
0.564854 0 0.435146
0.561044 0 0.438956
0.558413 0 0.441587
0.563151 0 0.436849
0.102846 0 0.897154
0.102515 0 0.897485
0.102508 0 0.897492
0.101923 0 0.898077
0.101926 0 0.898074
0.101935 0 0.898065
0.101949 0 0.898052
0.102552 0 0.897448
0.102576 0 0.897424
0.105037 0 0.894963
0.10508 0 0.89492
0.102622 0 0.897379
0.102665 0 0.897335
0.102129 0 0.897871
0.102183 0 0.897817
0.102242 0 0.897758
0.102306 0 0.897694
0.102962 0 0.897038
0.103037 0 0.896963
0.105707 0 0.894293
0.167135 0 0.832865
0.166799 0 0.833201
0.166472 0 0.833528
0.166154 0 0.833846
0.16784 0 0.83216
0.17246 0 0.82754
0.17735 0 0.82265
0.182534 0 0.817466
0.188039 0 0.811961
0.193894 0 0.806106
0.200135 0 0.799865
0.206802 0 0.793198
0.528508 0 0.471492
0.048743 0 0.951257
0.0489441 0 0.951056
0.494356 0 0.505644
0.57601 0 0.42399
0.488509 0 0.511491
0.453794 0 0.546206
0.596784 0 0.403216
0.547525 0 0.452475
0.540717 0 0.459283
0.555276 0 0.444724
0.560025 0 0.439975
0.577388 0 0.422612
0.500108 0 0.499892
0.497235 0 0.502765
0.490318 0 0.509682
0.489847 0 0.510153
0.491919 0 0.508081
0.487252 0 0.512748
0.484646 0 0.515354
0.48487 0 0.51513
0.485372 0 0.514628
0.482887 0 0.517113
0.48045 0 0.51955
0.469308 0 0.530692
0.466631 0 0.533369
0.467406 0 0.532594
0.471168 0 0.528832
0.461195 0 0.538805
0.464509 0 0.535491
0.469511 0 0.530489
0.474646 0 0.525354
0.565444 0 0.434556
0.5616 0 0.4384
0.557834 0 0.442166
0.556536 0 0.443464
0.560192 0 0.439808
0.564986 0 0.435014
0.105247 0 0.894753
0.102511 0 0.897489
0.102504 0 0.897496
0.101947 0 0.898053
0.101959 0 0.898041
0.101975 0 0.898025
0.101996 0 0.898004
0.102548 0 0.897452
0.102572 0 0.897428
0.105399 0 0.894601
0.105442 0 0.894558
0.102618 0 0.897382
0.102662 0 0.897338
0.102324 0 0.897676
0.102386 0 0.897614
0.102455 0 0.897545
0.102528 0 0.897472
0.102958 0 0.897042
0.103033 0 0.896967
0.106514 0 0.893486
0.167114 0 0.832886
0.166778 0 0.833222
0.166451 0 0.833549
0.166134 0 0.833866
0.16786 0 0.83214
0.17248 0 0.82752
0.177371 0 0.822629
0.182555 0 0.817445
0.18806 0 0.81194
0.193916 0 0.806084
0.200159 0 0.799841
0.206827 0 0.793173
0.528452 0 0.471548
0.0487416 0 0.951258
0.0489363 0 0.951064
0.494237 0 0.505763
0.575998 0 0.424002
0.488534 0 0.511466
0.453785 0 0.546215
0.596974 0 0.403026
0.540755 0 0.459245
0.499632 0 0.500368
0.502816 0 0.497184
0.505246 0 0.494754
0.506939 0 0.493061
0.509271 0 0.490729
0.519522 0 0.480478
0.529383 0 0.470617
0.583805 0 0.416195
0.411579 0 0.588421
0.414029 0 0.585971
0.597482 0 0.402518
0.596859 0 0.403141
0.594334 0 0.405666
0.587998 0 0.412002
0.585405 0 0.414595
0.586104 0 0.413896
0.568276 0 0.431724
0.567217 0 0.432783
0.570149 0 0.429851
0.57049 0 0.42951
0.572 0 0.428
0.573105 0 0.426895
0.575025 0 0.424975
0.572443 0 0.427557
0.570789 0 0.429211
0.568937 0 0.431063
0.4904 0 0.5096
0.489919 0 0.510081
0.56193 0 0.43807
0.487246 0 0.512754
0.48464 0 0.51536
0.484916 0 0.515084
0.587271 0 0.412729
0.583106 0 0.416894
0.579577 0 0.420423
0.469442 0 0.530558
0.466679 0 0.533321
0.467465 0 0.532535
0.482004 0 0.517996
0.480282 0 0.519718
0.481809 0 0.518191
0.56219 0 0.43781
0.558389 0 0.441611
0.556429 0 0.443571
0.556451 0 0.443549
0.557271 0 0.442729
0.562015 0 0.437985
0.566866 0 0.433134
0.105844 0 0.894156
0.102508 0 0.897492
0.102502 0 0.897498
0.1023 0 0.8977
0.102311 0 0.897689
0.102328 0 0.897672
0.102349 0 0.897651
0.102545 0 0.897455
0.105895 0 0.894105
0.105925 0 0.894075
0.10596 0 0.89404
0.106 0 0.894
0.102659 0 0.897341
0.102679 0 0.897321
0.102742 0 0.897258
0.102811 0 0.897189
0.102884 0 0.897116
0.102956 0 0.897044
0.106429 0 0.893571
0.106512 0 0.893488
0.167095 0 0.832905
0.166759 0 0.833241
0.166433 0 0.833567
0.166115 0 0.833885
0.16788 0 0.83212
0.172501 0 0.827499
0.177392 0 0.822608
0.182578 0 0.817422
0.188084 0 0.811916
0.193941 0 0.806059
0.200072 0 0.799928
0.206769 0 0.793231
0.528414 0 0.471586
0.0485158 0 0.951484
0.0485705 0 0.951429
0.0486279 0 0.951372
0.0486877 0 0.951312
0.048756 0 0.951244
0.494133 0 0.505867
0.576077 0 0.423923
0.488566 0 0.511434
0.559336 0 0.440664
0.453781 0 0.546219
0.597184 0 0.402816
0.5408 0 0.4592
0.342949 0 0.657051
0.344656 0 0.655344
0.34638 0 0.65362
0.348119 0 0.651881
0.349876 0 0.650124
0.351649 0 0.648351
0.353437 0 0.646563
0.355244 0 0.644756
0.357067 0 0.642933
0.358907 0 0.641093
0.360764 0 0.639236
0.362639 0 0.637361
0.364532 0 0.635468
0.366442 0 0.633558
0.368369 0 0.631631
0.370315 0 0.629685
0.372279 0 0.627721
0.374261 0 0.625739
0.376262 0 0.623738
0.37828 0 0.62172
0.380319 0 0.619681
0.382375 0 0.617625
0.526205 0 0.473795
0.51929 0 0.48071
0.529736 0 0.470264
0.527657 0 0.472343
0.531436 0 0.468564
0.530606 0 0.469394
0.529266 0 0.470734
0.517885 0 0.482115
0.517765 0 0.482235
0.516183 0 0.483817
0.51679 0 0.48321
0.491466 0 0.508533
0.490819 0 0.509181
0.523724 0 0.476276
0.55578 0 0.44422
0.505741 0 0.494259
0.553353 0 0.446647
0.555026 0 0.444974
0.559432 0 0.440568
0.559659 0 0.440341
0.560169 0 0.439831
0.467435 0 0.532565
0.468461 0 0.531539
0.483268 0 0.516732
0.480895 0 0.519105
0.482918 0 0.517082
0.539531 0 0.460469
0.5373 0 0.4627
0.534325 0 0.465675
0.532104 0 0.467896
0.530408 0 0.469592
0.529767 0 0.470233
0.520971 0 0.479029
0.516868 0 0.483132
0.515056 0 0.484944
0.512696 0 0.487304
0.513046 0 0.486954
0.514396 0 0.485604
0.51616 0 0.48384
0.517619 0 0.482381
0.494571 0 0.505429
0.491538 0 0.508462
0.556372 0 0.443628
0.556421 0 0.443579
0.55908 0 0.44092
0.563881 0 0.436119
0.479674 0 0.520326
0.475075 0 0.524925
0.46674 0 0.53326
0.463601 0 0.536399
0.105842 0 0.894158
0.10583 0 0.89417
0.102501 0 0.8975
0.102499 0 0.897501
0.102503 0 0.897497
0.102511 0 0.897489
0.102525 0 0.897475
0.102544 0 0.897456
0.105893 0 0.894107
0.105923 0 0.894077
0.105958 0 0.894042
0.105998 0 0.894002
0.102658 0 0.897342
0.102707 0 0.897293
0.102761 0 0.897239
0.10282 0 0.89718
0.102885 0 0.897115
0.102954 0 0.897045
0.106428 0 0.893572
0.10651 0 0.89349
0.167079 0 0.832921
0.166743 0 0.833257
0.166416 0 0.833584
0.166099 0 0.833901
0.167902 0 0.832098
0.172385 0 0.827614
0.177156 0 0.822844
0.182303 0 0.817697
0.187851 0 0.812149
0.193968 0 0.806032
0.200213 0 0.799787
0.206883 0 0.793117
0.407646 0 0.592354
0.480543 0 0.519457
0.0484807 0 0.951519
0.0485356 0 0.951464
0.0485928 0 0.951407
0.0486527 0 0.951347
0.0487151 0 0.951285
0.494044 0 0.505956
0.576164 0 0.423836
0.488603 0 0.511397
0.559266 0 0.440734
0.453782 0 0.546218
0.597413 0 0.402587
0.540851 0 0.459149
0.30425 0 0.69575
0.305592 0 0.694408
0.306945 0 0.693055
0.308309 0 0.691691
0.309684 0 0.690316
0.311071 0 0.688929
0.312468 0 0.687532
0.313878 0 0.686122
0.315298 0 0.684702
0.31673 0 0.68327
0.318174 0 0.681826
0.31963 0 0.68037
0.321097 0 0.678903
0.322575 0 0.677425
0.324066 0 0.675934
0.325569 0 0.674431
0.327084 0 0.672916
0.328611 0 0.671389
0.330149 0 0.669851
0.3317 0 0.6683
0.333263 0 0.666737
0.334839 0 0.665161
0.336427 0 0.663573
0.338027 0 0.661973
0.339639 0 0.660361
0.341265 0 0.658735
0.342903 0 0.657097
0.344553 0 0.655447
0.346217 0 0.653783
0.347893 0 0.652107
0.349582 0 0.650418
0.351283 0 0.648717
0.352998 0 0.647002
0.354726 0 0.645274
0.356466 0 0.643534
0.479677 0 0.520323
0.483643 0 0.516357
0.481942 0 0.518058
0.477896 0 0.522104
0.484288 0 0.515712
0.486247 0 0.513753
0.490529 0 0.509471
0.470106 0 0.529894
0.468137 0 0.531863
0.468971 0 0.531029
0.482848 0 0.517152
0.484841 0 0.515159
0.483283 0 0.516717
0.48091 0 0.51909
0.487332 0 0.512668
0.489982 0 0.510018
0.520729 0 0.479271
0.518877 0 0.481123
0.516628 0 0.483372
0.514117 0 0.485883
0.511093 0 0.488907
0.507701 0 0.492299
0.50466 0 0.49534
0.501718 0 0.498282
0.500365 0 0.499635
0.492976 0 0.507024
0.488368 0 0.511632
0.484218 0 0.515782
0.481583 0 0.518417
0.479436 0 0.520564
0.476781 0 0.523219
0.473237 0 0.526763
0.467708 0 0.532292
0.464385 0 0.535615
0.461284 0 0.538716
0.457982 0 0.542018
0.105842 0 0.894158
0.105546 0 0.894454
0.102519 0 0.897481
0.102524 0 0.897476
0.102536 0 0.897464
0.102552 0 0.897448
0.102574 0 0.897426
0.105536 0 0.894464
0.105552 0 0.894448
0.105573 0 0.894427
0.105599 0 0.894401
0.10563 0 0.89437
0.105666 0 0.894334
0.102907 0 0.897093
0.102971 0 0.897029
0.103039 0 0.89696
0.103114 0 0.896886
0.105923 0 0.894077
0.105989 0 0.894011
0.106061 0 0.893939
0.167064 0 0.832936
0.166728 0 0.833272
0.166401 0 0.833599
0.166084 0 0.833916
0.167926 0 0.832074
0.172549 0 0.827451
0.177442 0 0.822558
0.182629 0 0.817371
0.188138 0 0.811862
0.193998 0 0.806002
0.200244 0 0.799756
0.206915 0 0.793085
0.473054 0 0.526946
0.47493 0 0.52507
0.477022 0 0.522978
0.048475 0 0.951525
0.0485298 0 0.95147
0.0485869 0 0.951413
0.0486469 0 0.951353
0.0487093 0 0.951291
0.490415 0 0.509585
0.493115 0 0.506885
0.576255 0 0.423745
0.488647 0 0.511353
0.559254 0 0.440746
0.45379 0 0.546211
0.597664 0 0.402336
0.540909 0 0.459091
0.273395 0 0.726605
0.274476 0 0.725524
0.275566 0 0.724434
0.276664 0 0.723336
0.27777 0 0.72223
0.278883 0 0.721117
0.280005 0 0.719995
0.281135 0 0.718865
0.282273 0 0.717727
0.283418 0 0.716582
0.284572 0 0.715428
0.285734 0 0.714266
0.286904 0 0.713096
0.288083 0 0.711917
0.289269 0 0.710731
0.290464 0 0.709536
0.291667 0 0.708333
0.292878 0 0.707122
0.294098 0 0.705902
0.295326 0 0.704674
0.296562 0 0.703438
0.297807 0 0.702193
0.29906 0 0.70094
0.300321 0 0.699679
0.301591 0 0.698409
0.302869 0 0.697131
0.304156 0 0.695844
0.305451 0 0.694549
0.306754 0 0.693246
0.308067 0 0.691933
0.309387 0 0.690613
0.310716 0 0.689284
0.312054 0 0.687946
0.3134 0 0.6866
0.314754 0 0.685246
0.316117 0 0.683882
0.317489 0 0.682511
0.320125 0 0.679875
0.324028 0 0.675972
0.328045 0 0.671955
0.332179 0 0.667821
0.336435 0 0.663565
0.340818 0 0.659182
0.344806 0 0.655194
0.348959 0 0.651041
0.451649 0 0.548351
0.451763 0 0.548237
0.453956 0 0.546044
0.453811 0 0.546189
0.454197 0 0.545802
0.466898 0 0.533102
0.466959 0 0.533041
0.465536 0 0.534464
0.465139 0 0.534861
0.464693 0 0.535307
0.450057 0 0.549943
0.46268 0 0.53732
0.463264 0 0.536736
0.464497 0 0.535503
0.468353 0 0.531647
0.464505 0 0.535495
0.464624 0 0.535376
0.472416 0 0.527584
0.460014 0 0.539986
0.458651 0 0.541349
0.4622 0 0.5378
0.456302 0 0.543698
0.457762 0 0.542238
0.45418 0 0.54582
0.44801 0 0.55199
0.105389 0 0.894611
0.105354 0 0.894646
0.105347 0 0.894653
0.102887 0 0.897113
0.102898 0 0.897102
0.102915 0 0.897085
0.102937 0 0.897063
0.105392 0 0.894608
0.105417 0 0.894583
0.105446 0 0.894554
0.105481 0 0.894519
0.105521 0 0.894479
0.105566 0 0.894434
0.105617 0 0.894383
0.105673 0 0.894327
0.105734 0 0.894266
0.1058 0 0.8942
0.105871 0 0.894129
0.105948 0 0.894052
0.106031 0 0.893969
0.167051 0 0.832949
0.166715 0 0.833285
0.166389 0 0.833611
0.166072 0 0.833928
0.167952 0 0.832048
0.172576 0 0.827424
0.17747 0 0.82253
0.182658 0 0.817342
0.188168 0 0.811832
0.194029 0 0.805971
0.200277 0 0.799723
0.206949 0 0.793051
0.468281 0 0.531719
0.469732 0 0.530268
0.471655 0 0.528345
0.04847 0 0.95153
0.0485247 0 0.951475
0.048582 0 0.951418
0.0486417 0 0.951358
0.0487042 0 0.951296
0.484738 0 0.515262
0.487071 0 0.512929
0.489452 0 0.510548
0.49193 0 0.50807
0.494459 0 0.505541
0.496198 0 0.503802
0.498303 0 0.501697
0.501485 0 0.498515
0.577089 0 0.422911
0.576355 0 0.423645
0.488696 0 0.511304
0.559275 0 0.440725
0.453802 0 0.546198
0.597937 0 0.402063
0.546996 0 0.453004
0.540973 0 0.459027
0.248217 0 0.751783
0.249108 0 0.750892
0.250005 0 0.749995
0.250907 0 0.749093
0.251815 0 0.748185
0.252729 0 0.747271
0.253648 0 0.746352
0.254573 0 0.745427
0.255505 0 0.744495
0.256442 0 0.743558
0.257385 0 0.742615
0.258334 0 0.741666
0.259288 0 0.740712
0.260249 0 0.739751
0.261215 0 0.738785
0.262188 0 0.737812
0.263166 0 0.736834
0.26415 0 0.73585
0.265139 0 0.734861
0.267525 0 0.732475
0.270039 0 0.729961
0.272613 0 0.727387
0.27525 0 0.72475
0.277953 0 0.722047
0.280723 0 0.719277
0.283563 0 0.716437
0.286475 0 0.713525
0.289462 0 0.710538
0.292526 0 0.707474
0.295062 0 0.704938
0.296951 0 0.703049
0.298439 0 0.701561
0.299733 0 0.700267
0.300863 0 0.699137
0.301992 0 0.698008
0.303366 0 0.696634
0.304858 0 0.695142
0.306964 0 0.693036
0.308154 0 0.691846
0.308579 0 0.691421
0.309538 0 0.690462
0.311552 0 0.688448
0.313779 0 0.686221
0.318244 0 0.681756
0.322667 0 0.677333
0.325992 0 0.674008
0.326681 0 0.673319
0.32696 0 0.67304
0.329756 0 0.670244
0.340336 0 0.659664
0.344925 0 0.655075
0.359135 0 0.640865
0.378789 0 0.621211
0.37989 0 0.62011
0.380231 0 0.619769
0.385805 0 0.614195
0.388707 0 0.611293
0.390083 0 0.609917
0.393732 0 0.606268
0.395416 0 0.604584
0.397435 0 0.602565
0.397459 0 0.602541
0.40186 0 0.59814
0.40332 0 0.59668
0.403328 0 0.596672
0.408321 0 0.591679
0.406011 0 0.593989
0.405229 0 0.594771
0.404581 0 0.595419
0.105846 0 0.894154
0.105356 0 0.894644
0.10535 0 0.89465
0.105348 0 0.894652
0.105352 0 0.894648
0.105361 0 0.894639
0.105375 0 0.894625
0.105395 0 0.894605
0.105419 0 0.894581
0.105449 0 0.894551
0.105484 0 0.894516
0.105524 0 0.894476
0.105569 0 0.894431
0.105619 0 0.894381
0.105675 0 0.894325
0.105736 0 0.894264
0.105802 0 0.894198
0.105874 0 0.894126
0.105951 0 0.894049
0.167494 0 0.832506
0.167132 0 0.832868
0.166779 0 0.833221
0.166436 0 0.833564
0.166104 0 0.833896
0.167983 0 0.832017
0.172607 0 0.827393
0.177502 0 0.822498
0.182692 0 0.817308
0.188203 0 0.811797
0.194065 0 0.805935
0.200315 0 0.799685
0.206989 0 0.793011
0.463687 0 0.536313
0.464982 0 0.535018
0.466503 0 0.533497
0.0484655 0 0.951535
0.0485201 0 0.95148
0.0485773 0 0.951423
0.0486371 0 0.951363
0.0486996 0 0.9513
0.479232 0 0.520768
0.481569 0 0.518431
0.484047 0 0.515953
0.48655 0 0.51345
0.488723 0 0.511277
0.490329 0 0.509671
0.492035 0 0.507965
0.494027 0 0.505973
0.496237 0 0.503763
0.498568 0 0.501432
0.501641 0 0.498359
0.505959 0 0.494041
0.51082 0 0.48918
0.51582 0 0.48418
0.577054 0 0.422946
0.576466 0 0.423534
0.488753 0 0.511247
0.559323 0 0.440677
0.45382 0 0.54618
0.598235 0 0.401765
0.546584 0 0.453416
0.541045 0 0.458955
0.230929 0 0.769071
0.232608 0 0.767392
0.234321 0 0.765679
0.236072 0 0.763928
0.237861 0 0.762139
0.23969 0 0.76031
0.240321 0 0.759679
0.240883 0 0.759117
0.241676 0 0.758324
0.242477 0 0.757523
0.243285 0 0.756715
0.244593 0 0.755407
0.246768 0 0.753232
0.24819 0 0.75181
0.249432 0 0.750568
0.250369 0 0.749631
0.251089 0 0.748911
0.251751 0 0.748249
0.252464 0 0.747536
0.253092 0 0.746907
0.253557 0 0.746443
0.253969 0 0.746031
0.254567 0 0.745433
0.255423 0 0.744577
0.255796 0 0.744204
0.256224 0 0.743776
0.257814 0 0.742186
0.259006 0 0.740994
0.259781 0 0.740219
0.260827 0 0.739173
0.262069 0 0.737931
0.263515 0 0.736485
0.26608 0 0.73392
0.269484 0 0.730516
0.271005 0 0.728995
0.272379 0 0.727621
0.27394 0 0.72606
0.275727 0 0.724273
0.27771 0 0.72229
0.279718 0 0.720281
0.28175 0 0.71825
0.283722 0 0.716278
0.285236 0 0.714764
0.287171 0 0.712829
0.288865 0 0.711135
0.290106 0 0.709894
0.291005 0 0.708995
0.292682 0 0.707318
0.294635 0 0.705365
0.296517 0 0.703483
0.298418 0 0.701582
0.300382 0 0.699618
0.302087 0 0.697913
0.303144 0 0.696856
0.303705 0 0.696295
0.304101 0 0.695899
0.305507 0 0.694493
0.310555 0 0.689445
0.313433 0 0.686567
0.316277 0 0.683723
0.319472 0 0.680528
0.322796 0 0.677204
0.326826 0 0.673174
0.330801 0 0.669199
0.335002 0 0.664998
0.339515 0 0.660485
0.344547 0 0.655453
0.348953 0 0.651047
0.132089 0 0.867911
0.10536 0 0.89464
0.105354 0 0.894646
0.105352 0 0.894648
0.105356 0 0.894644
0.105365 0 0.894635
0.105379 0 0.894621
0.105398 0 0.894602
0.105423 0 0.894577
0.105453 0 0.894547
0.105487 0 0.894513
0.105528 0 0.894472
0.105573 0 0.894427
0.105623 0 0.894377
0.105679 0 0.894321
0.10574 0 0.89426
0.105806 0 0.894194
0.105878 0 0.894122
0.105955 0 0.894045
0.168092 0 0.831908
0.167727 0 0.832273
0.1668 0 0.8332
0.166318 0 0.833682
0.166121 0 0.833879
0.168188 0 0.831812
0.174723 0 0.825276
0.179433 0 0.820567
0.184412 0 0.815588
0.0497126 0 0.950287
0.0480468 0 0.951953
0.0480918 0 0.951908
0.0481394 0 0.951861
0.0481892 0 0.951811
0.0482415 0 0.951759
0.048296 0 0.951704
0.0483532 0 0.951647
0.0484127 0 0.951587
0.0484747 0 0.951525
0.048539 0 0.951461
0.0486057 0 0.951394
0.0486751 0 0.951325
0.0487469 0 0.951253
0.0488215 0 0.951179
0.0488984 0 0.951102
0.0489779 0 0.951022
0.48464 0 0.51536
0.486238 0 0.513762
0.487928 0 0.512072
0.489874 0 0.510126
0.49203 0 0.50797
0.494267 0 0.505733
0.496601 0 0.503399
0.499118 0 0.500882
0.50216 0 0.49784
0.506171 0 0.493829
0.51095 0 0.48905
0.515996 0 0.484004
0.521126 0 0.478874
0.488815 0 0.511185
0.453843 0 0.546157
0.598562 0 0.401438
0.546331 0 0.453669
0.541124 0 0.458876
0.222452 0 0.777548
0.223393 0 0.776607
0.224377 0 0.775623
0.225946 0 0.774054
0.226972 0 0.773028
0.228192 0 0.771808
0.228585 0 0.771415
0.228609 0 0.771391
0.228536 0 0.771464
0.228755 0 0.771245
0.229522 0 0.770478
0.230683 0 0.769317
0.231782 0 0.768218
0.233565 0 0.766435
0.233881 0 0.766119
0.234372 0 0.765628
0.235049 0 0.764951
0.235694 0 0.764306
0.236317 0 0.763683
0.2372 0 0.7628
0.238203 0 0.761797
0.238884 0 0.761116
0.239581 0 0.760419
0.239555 0 0.760445
0.239803 0 0.760197
0.240161 0 0.759839
0.24085 0 0.75915
0.241577 0 0.758423
0.242422 0 0.757578
0.243347 0 0.756653
0.243917 0 0.756083
0.245676 0 0.754324
0.246115 0 0.753885
0.246297 0 0.753703
0.246951 0 0.753049
0.248233 0 0.751767
0.250219 0 0.749781
0.252229 0 0.747771
0.253444 0 0.746556
0.254555 0 0.745445
0.255741 0 0.744259
0.256868 0 0.743132
0.257295 0 0.742705
0.257651 0 0.742349
0.25822 0 0.74178
0.259019 0 0.740981
0.262643 0 0.737357
0.264483 0 0.735517
0.266346 0 0.733654
0.268098 0 0.731902
0.269963 0 0.730037
0.271978 0 0.728022
0.273981 0 0.726019
0.276043 0 0.723957
0.278174 0 0.721826
0.280212 0 0.719788
0.282429 0 0.717571
0.284503 0 0.715497
0.286764 0 0.713236
0.288913 0 0.711087
0.291208 0 0.708792
0.293443 0 0.706557
0.295313 0 0.704687
0.296871 0 0.703129
0.298494 0 0.701506
0.302159 0 0.697841
0.305302 0 0.694698
0.132101 0 0.867899
0.106081 0 0.893919
0.105359 0 0.894641
0.105358 0 0.894642
0.105361 0 0.894639
0.10537 0 0.89463
0.105384 0 0.894616
0.105404 0 0.894596
0.105428 0 0.894572
0.105458 0 0.894542
0.105492 0 0.894508
0.105533 0 0.894467
0.105578 0 0.894422
0.105628 0 0.894372
0.105684 0 0.894316
0.105745 0 0.894255
0.105811 0 0.894189
0.105883 0 0.894117
0.1109 0 0.8891
0.340724 0 0.659276
0.340309 0 0.659691
0.166645 0 0.833355
0.166288 0 0.833712
0.165941 0 0.834059
0.168219 0 0.831781
0.176523 0 0.823477
0.0564956 0 0.943504
0.0517332 0 0.948267
0.0478274 0 0.952173
0.0478698 0 0.95213
0.0479145 0 0.952085
0.0479617 0 0.952038
0.0480111 0 0.951989
0.0480631 0 0.951937
0.0481172 0 0.951883
0.0481738 0 0.951826
0.0482329 0 0.951767
0.0482943 0 0.951706
0.0483583 0 0.951642
0.0484245 0 0.951575
0.0484935 0 0.951506
0.0485648 0 0.951435
0.0486387 0 0.951361
0.0487149 0 0.951285
0.0487938 0 0.951206
0.0488753 0 0.951125
0.48065 0 0.51935
0.48225 0 0.51775
0.483894 0 0.516106
0.485827 0 0.514173
0.487965 0 0.512035
0.490138 0 0.509862
0.492411 0 0.507589
0.49477 0 0.50523
0.497171 0 0.502829
0.499647 0 0.500353
0.502839 0 0.497161
0.506738 0 0.493262
0.488882 0 0.511118
0.516316 0 0.483684
0.453873 0 0.546127
0.526806 0 0.473194
0.53225 0 0.46775
0.537849 0 0.462151
0.543594 0 0.456406
0.572204 0 0.427796
0.514838 0 0.485162
0.583769 0 0.416231
0.546154 0 0.453846
0.541207 0 0.458793
0.203631 0 0.796369
0.204099 0 0.795901
0.204686 0 0.795314
0.205343 0 0.794657
0.205899 0 0.794101
0.206211 0 0.793789
0.206495 0 0.793505
0.207069 0 0.792931
0.207866 0 0.792134
0.208728 0 0.791272
0.209629 0 0.790371
0.210401 0 0.789599
0.211817 0 0.788184
0.212788 0 0.787212
0.213493 0 0.786507
0.214293 0 0.785707
0.216789 0 0.783211
0.217788 0 0.782212
0.218313 0 0.781687
0.218993 0 0.781007
0.221543 0 0.778457
0.221816 0 0.778184
0.222034 0 0.777966
0.222273 0 0.777727
0.222549 0 0.777451
0.222945 0 0.777056
0.223592 0 0.776408
0.224449 0 0.775551
0.225384 0 0.774616
0.226328 0 0.773672
0.22712 0 0.77288
0.227908 0 0.772092
0.228828 0 0.771172
0.228876 0 0.771124
0.229679 0 0.770321
0.230984 0 0.769016
0.232677 0 0.767323
0.234646 0 0.765354
0.235814 0 0.764186
0.236906 0 0.763094
0.237964 0 0.762036
0.239224 0 0.760776
0.240495 0 0.759505
0.241928 0 0.758072
0.2431 0 0.7569
0.244264 0 0.755736
0.245621 0 0.754379
0.246584 0 0.753416
0.247369 0 0.752631
0.248077 0 0.751923
0.248739 0 0.751261
0.249364 0 0.750636
0.250057 0 0.749943
0.251363 0 0.748637
0.253218 0 0.746782
0.255009 0 0.744991
0.256767 0 0.743233
0.258537 0 0.741463
0.260307 0 0.739693
0.262098 0 0.737902
0.26387 0 0.73613
0.265739 0 0.734261
0.26759 0 0.73241
0.269439 0 0.730561
0.271308 0 0.728692
0.273267 0 0.726733
0.10897 0 0.89103
0.108945 0 0.891055
0.105365 0 0.894635
0.105364 0 0.894636
0.105368 0 0.894632
0.105376 0 0.894624
0.10539 0 0.89461
0.10541 0 0.89459
0.105434 0 0.894566
0.105464 0 0.894536
0.105499 0 0.894501
0.105539 0 0.894461
0.105584 0 0.894416
0.105635 0 0.894365
0.105691 0 0.894309
0.105751 0 0.894249
0.105818 0 0.894182
0.105889 0 0.894111
0.108676 0 0.891324
0.326518 0 0.673482
0.327706 0 0.672294
0.167234 0 0.832766
0.166738 0 0.833262
0.166528 0 0.833472
0.168252 0 0.831748
0.176556 0 0.823444
0.0539249 0 0.946075
0.0495673 0 0.950433
0.0476527 0 0.952347
0.0476946 0 0.952305
0.0477393 0 0.952261
0.047786 0 0.952214
0.047835 0 0.952165
0.0478865 0 0.952114
0.0479403 0 0.95206
0.0479964 0 0.952004
0.0480552 0 0.951945
0.0481161 0 0.951884
0.0481794 0 0.951821
0.0482453 0 0.951755
0.0483137 0 0.951686
0.0483845 0 0.951616
0.0484578 0 0.951542
0.0485336 0 0.951466
0.0486119 0 0.951388
0.0486926 0 0.951307
0.0487762 0 0.951224
0.47676 0 0.52324
0.478353 0 0.521647
0.479964 0 0.520036
0.481866 0 0.518134
0.483989 0 0.516011
0.48614 0 0.51386
0.488323 0 0.511677
0.49064 0 0.50936
0.493025 0 0.506975
0.49544 0 0.50456
0.497908 0 0.502092
0.488956 0 0.511044
0.50375 0 0.49625
0.453908 0 0.546092
0.511839 0 0.488161
0.516783 0 0.483217
0.522023 0 0.477977
0.527386 0 0.472614
0.532888 0 0.467112
0.514706 0 0.485294
0.544162 0 0.455838
0.549462 0 0.450538
0.55402 0 0.44598
0.55799 0 0.44201
0.546115 0 0.453885
0.566007 0 0.433993
0.570114 0 0.429886
0.541298 0 0.458702
0.578617 0 0.421383
0.582999 0 0.417001
0.587447 0 0.412553
0.592026 0 0.407974
0.596658 0 0.403342
0.194513 0 0.805487
0.194729 0 0.805271
0.19571 0 0.80429
0.196359 0 0.803641
0.197147 0 0.802853
0.19792 0 0.80208
0.198896 0 0.801104
0.199652 0 0.800348
0.199557 0 0.800443
0.199466 0 0.800534
0.199378 0 0.800622
0.199908 0 0.800092
0.200528 0 0.799472
0.201199 0 0.798801
0.20188 0 0.79812
0.202579 0 0.797421
0.203499 0 0.796501
0.204144 0 0.795856
0.204728 0 0.795272
0.205319 0 0.794681
0.205921 0 0.794079
0.20642 0 0.79358
0.206712 0 0.793288
0.207052 0 0.792948
0.206868 0 0.793132
0.206567 0 0.793433
0.206431 0 0.793569
0.206705 0 0.793295
0.207572 0 0.792428
0.209211 0 0.790789
0.210055 0 0.789945
0.210758 0 0.789242
0.211332 0 0.788668
0.212977 0 0.787023
0.215243 0 0.784757
0.216693 0 0.783307
0.217155 0 0.782845
0.217596 0 0.782404
0.218026 0 0.781974
0.218426 0 0.781574
0.219246 0 0.780754
0.222432 0 0.777568
0.223658 0 0.776342
0.224786 0 0.775214
0.225913 0 0.774087
0.226986 0 0.773014
0.22805 0 0.77195
0.229069 0 0.770931
0.230128 0 0.769872
0.231235 0 0.768765
0.232351 0 0.767649
0.233441 0 0.766559
0.233924 0 0.766076
0.234624 0 0.765376
0.236268 0 0.763732
0.238254 0 0.761746
0.239689 0 0.760311
0.240828 0 0.759172
0.241966 0 0.758034
0.243115 0 0.756885
0.244275 0 0.755725
0.245446 0 0.754554
0.246628 0 0.753372
0.247821 0 0.752179
0.249025 0 0.750975
0.107726 0 0.892274
0.107498 0 0.892502
0.107485 0 0.892515
0.105371 0 0.894629
0.105375 0 0.894625
0.105384 0 0.894616
0.105398 0 0.894602
0.105418 0 0.894582
0.105442 0 0.894558
0.105472 0 0.894528
0.105507 0 0.894493
0.105547 0 0.894453
0.105592 0 0.894408
0.105643 0 0.894357
0.105698 0 0.894302
0.105759 0 0.894241
0.105826 0 0.894174
0.108176 0 0.891824
0.108239 0 0.891761
0.294546 0 0.705454
0.300382 0 0.699618
0.167436 0 0.832564
0.166939 0 0.833061
0.166728 0 0.833272
0.16881 0 0.83119
0.0563079 0 0.943692
0.0515757 0 0.948424
0.0475726 0 0.952427
0.0474798 0 0.95252
0.0475215 0 0.952478
0.0475658 0 0.952434
0.047612 0 0.952388
0.0476609 0 0.952339
0.0477118 0 0.952288
0.0477653 0 0.952235
0.0478211 0 0.952179
0.0478792 0 0.952121
0.0479397 0 0.95206
0.0480028 0 0.951997
0.048068 0 0.951932
0.0481359 0 0.951864
0.0482062 0 0.951794
0.0482789 0 0.951721
0.0483542 0 0.951646
0.0484318 0 0.951568
0.0485122 0 0.951488
0.0485948 0 0.951405
0.4714 0 0.5286
0.472955 0 0.527045
0.474525 0 0.525475
0.476156 0 0.523844
0.477993 0 0.522007
0.480064 0 0.519936
0.482048 0 0.517952
0.483961 0 0.516039
0.486063 0 0.513937
0.488337 0 0.511663
0.490978 0 0.509022
0.493634 0 0.506366
0.496255 0 0.503745
0.268207 0 0.731793
0.501495 0 0.498505
0.504725 0 0.495275
0.508758 0 0.491242
0.512874 0 0.487126
0.517389 0 0.482611
0.52254 0 0.47746
0.527588 0 0.472412
0.532677 0 0.467323
0.53787 0 0.46213
0.543082 0 0.456918
0.547367 0 0.452633
0.551765 0 0.448235
0.55606 0 0.44394
0.506176 0 0.493824
0.564142 0 0.435858
0.568297 0 0.431703
0.572534 0 0.427466
0.57685 0 0.42315
0.581249 0 0.418751
0.585733 0 0.414267
0.590306 0 0.409694
0.594954 0 0.405046
0.18474 0 0.81526
0.185293 0 0.814707
0.186003 0 0.813997
0.186696 0 0.813304
0.187375 0 0.812625
0.187899 0 0.812101
0.187918 0 0.812082
0.188023 0 0.811977
0.188281 0 0.811719
0.188779 0 0.811221
0.18938 0 0.81062
0.190426 0 0.809574
0.191428 0 0.808572
0.192362 0 0.807638
0.193074 0 0.806926
0.193644 0 0.806356
0.194227 0 0.805773
0.194783 0 0.805217
0.195337 0 0.804663
0.195673 0 0.804327
0.195861 0 0.804139
0.196094 0 0.803906
0.196245 0 0.803755
0.196471 0 0.803529
0.1967 0 0.8033
0.197109 0 0.802891
0.197654 0 0.802346
0.198159 0 0.801841
0.198542 0 0.801458
0.198991 0 0.801009
0.199425 0 0.800575
0.199783 0 0.800217
0.200197 0 0.799803
0.20069 0 0.79931
0.201227 0 0.798773
0.202147 0 0.797853
0.203369 0 0.796631
0.203823 0 0.796177
0.204013 0 0.795987
0.204207 0 0.795793
0.204707 0 0.795293
0.205312 0 0.794688
0.206036 0 0.793964
0.206968 0 0.793032
0.208061 0 0.791939
0.209363 0 0.790637
0.210387 0 0.789613
0.211328 0 0.788672
0.212182 0 0.787818
0.212984 0 0.787016
0.213636 0 0.786364
0.214217 0 0.785783
0.2149 0 0.7851
0.216049 0 0.783952
0.217159 0 0.782841
0.218384 0 0.781616
0.223346 0 0.776654
0.2244 0 0.7756
0.225866 0 0.774134
0.227273 0 0.772727
0.228628 0 0.771372
0.229671 0 0.770329
0.230693 0 0.769307
0.231781 0 0.768219
0.107406 0 0.892594
0.107189 0 0.892811
0.107176 0 0.892824
0.105381 0 0.894619
0.105384 0 0.894616
0.105393 0 0.894607
0.105407 0 0.894593
0.105427 0 0.894573
0.105451 0 0.894549
0.105481 0 0.894519
0.105516 0 0.894484
0.105556 0 0.894444
0.105601 0 0.894399
0.105651 0 0.894349
0.105707 0 0.894293
0.105768 0 0.894232
0.105834 0 0.894166
0.107745 0 0.892255
0.107807 0 0.892193
0.25548 0 0.74452
0.259023 0 0.740977
0.168437 0 0.831563
0.167496 0 0.832504
0.167102 0 0.832898
0.168207 0 0.831793
0.0537529 0 0.946247
0.0494215 0 0.950579
0.0472694 0 0.952731
0.0473088 0 0.952691
0.0473503 0 0.95265
0.0473939 0 0.952606
0.0474399 0 0.95256
0.0474883 0 0.952512
0.0475391 0 0.952461
0.0475922 0 0.952408
0.0476475 0 0.952353
0.0477052 0 0.952295
0.0477653 0 0.952235
0.0478278 0 0.952172
0.0478926 0 0.952107
0.04796 0 0.95204
0.0480297 0 0.95197
0.048102 0 0.951898
0.0481765 0 0.951823
0.0482537 0 0.951746
0.0483333 0 0.951667
0.0484155 0 0.951584
0.0485002 0 0.9515
0.344887 0 0.655113
0.345972 0 0.654028
0.349242 0 0.650758
0.351827 0 0.648173
0.362252 0 0.637748
0.365404 0 0.634596
0.264507 0 0.735493
0.258635 0 0.741365
0.255699 0 0.744301
0.255463 0 0.744537
0.256356 0 0.743644
0.257489 0 0.742511
0.258949 0 0.741051
0.261076 0 0.738925
0.26331 0 0.73669
0.26805 0 0.73195
0.280753 0 0.719247
0.505919 0 0.494081
0.509925 0 0.490075
0.513922 0 0.486078
0.518183 0 0.481817
0.522596 0 0.477404
0.527101 0 0.472899
0.531914 0 0.468086
0.536697 0 0.463303
0.540933 0 0.459067
0.541499 0 0.458501
0.549619 0 0.450381
0.554115 0 0.445885
0.558282 0 0.441718
0.562307 0 0.437693
0.566475 0 0.433525
0.5706 0 0.4294
0.57466 0 0.42534
0.57885 0 0.42115
0.583057 0 0.416943
0.587397 0 0.412603
0.591756 0 0.408244
0.596194 0 0.403806
 ] }
}
