# Real Time: 1097.01
# Simulation Time: 39.85
# Radar Position: 914.65 -335.386 0.51025
# Radar Quat: 0.00679261 -0.00421573 0.564214 0.82559
PointSet {
 coord Coordinate { point [
916.798 -343.251 0.710144
916.844 -343.202 0.708418
916.898 -343.183 0.707432
916.952 -343.163 0.706455
917.005 -343.143 0.705488
917.059 -343.124 0.704529
917.113 -343.104 0.70358
917.167 -343.085 0.702639
917.22 -343.065 0.701707
917.274 -343.046 0.700784
917.328 -343.026 0.69987
917.391 -343.032 0.699578
917.513 -343.2 0.703212
917.49 -342.97 0.697229
917.541 -342.943 0.696171
917.594 -342.924 0.695299
917.648 -342.904 0.694435
917.702 -342.885 0.693578
917.755 -342.866 0.69273
917.809 -342.846 0.691889
917.863 -342.826 0.691057
917.917 -342.807 0.690231
917.971 -342.787 0.689414
918.025 -342.768 0.688604
918.177 -342.96 0.692785
920.838 -348.443 0.821495
920.936 -348.412 0.820192
921.034 -348.382 0.818903
921.132 -348.351 0.817625
921.23 -348.32 0.816359
932.704 -355.584 0.968611
932.71 -355.308 0.962364
916.797 -343.25 0.681371
916.843 -343.201 0.679764
916.897 -343.182 0.678792
916.951 -343.162 0.677828
917.005 -343.143 0.676872
917.059 -343.123 0.675924
917.112 -343.104 0.674983
917.166 -343.084 0.674049
917.22 -343.065 0.673123
917.273 -343.045 0.672205
917.327 -343.026 0.671293
917.39 -343.031 0.670906
917.512 -343.2 0.673845
917.489 -342.97 0.668649
917.54 -342.943 0.667612
917.593 -342.923 0.666736
917.647 -342.904 0.665866
917.701 -342.884 0.665003
917.754 -342.865 0.664147
917.808 -342.845 0.663297
917.862 -342.826 0.662453
917.916 -342.806 0.661615
917.97 -342.787 0.660784
918.024 -342.767 0.659959
918.176 -342.959 0.663309
920.836 -348.442 0.770716
920.934 -348.411 0.769364
921.032 -348.38 0.768022
921.13 -348.349 0.766689
921.228 -348.318 0.765366
932.705 -355.587 0.873809
932.709 -355.309 0.86822
932.844 -355.178 0.865282
916.796 -343.25 0.652608
916.842 -343.201 0.651121
916.896 -343.181 0.650164
916.95 -343.162 0.649213
917.003 -343.138 0.648193
917.056 -343.118 0.647249
917.11 -343.098 0.646312
917.164 -343.078 0.64538
917.219 -343.064 0.644551
917.273 -343.044 0.643636
917.326 -343.025 0.642728
917.389 -343.031 0.642246
917.512 -343.199 0.64449
917.488 -342.969 0.640078
917.539 -342.942 0.639064
917.593 -342.923 0.638184
917.639 -342.886 0.637027
917.693 -342.866 0.636155
917.746 -342.846 0.635288
917.8 -342.827 0.634426
917.853 -342.807 0.633569
917.915 -342.806 0.63301
917.969 -342.786 0.632165
918.023 -342.766 0.631325
918.175 -342.958 0.633844
920.835 -348.44 0.71996
920.932 -348.409 0.718559
921.03 -348.378 0.717165
921.128 -348.347 0.715778
921.227 -348.316 0.714397
932.705 -355.59 0.778993
932.707 -355.31 0.774089
932.841 -355.177 0.77115
916.796 -343.249 0.623853
916.842 -343.2 0.622488
916.896 -343.18 0.621544
916.949 -343.161 0.620606
916.993 -343.108 0.61922
917.047 -343.088 0.618291
917.1 -343.069 0.617367
917.153 -343.049 0.616447
917.218 -343.063 0.615987
917.272 -343.044 0.615077
917.326 -343.024 0.614171
917.388 -343.03 0.613596
917.511 -343.198 0.615144
917.488 -342.969 0.611516
917.538 -342.941 0.610525
917.592 -342.922 0.609641
917.628 -342.857 0.608191
917.681 -342.838 0.607316
917.734 -342.818 0.606445
917.787 -342.799 0.605578
917.841 -342.779 0.604714
917.914 -342.805 0.604414
917.968 -342.785 0.603555
918.022 -342.766 0.6027
918.174 -342.957 0.604389
920.833 -348.438 0.669225
920.93 -348.407 0.667774
921.028 -348.376 0.666328
921.126 -348.346 0.664886
921.225 -348.314 0.663448
932.706 -355.594 0.684163
932.706 -355.311 0.679963
932.839 -355.177 0.677044
944.63 -367.58 0.776887
944.569 -367.067 0.76977
916.795 -343.249 0.595107
916.841 -343.199 0.593864
916.895 -343.18 0.592935
916.949 -343.16 0.592009
916.986 -343.085 0.590526
917.039 -343.065 0.589614
917.092 -343.046 0.588706
917.146 -343.027 0.5878
917.217 -343.063 0.587433
917.271 -343.043 0.586527
917.325 -343.024 0.585625
917.387 -343.029 0.584957
917.51 -343.197 0.585808
917.487 -342.968 0.582961
917.537 -342.941 0.581996
917.591 -342.921 0.581108
917.626 -342.855 0.579802
917.676 -342.828 0.578859
917.73 -342.809 0.577984
917.783 -342.789 0.577112
917.836 -342.77 0.576241
917.913 -342.804 0.575828
917.109 -340.867 0.558907
918.021 -342.765 0.574085
918.173 -342.957 0.574944
920.831 -348.436 0.618511
920.929 -348.406 0.61701
921.027 -348.375 0.615512
921.125 -348.344 0.614015
921.223 -348.313 0.61252
932.707 -355.597 0.589319
932.705 -355.312 0.585845
932.838 -355.178 0.582957
944.431 -367.369 0.622349
944.591 -367.094 0.617498
916.795 -343.248 0.56637
916.84 -343.198 0.565249
916.894 -343.179 0.564334
916.948 -343.159 0.563421
916.985 -343.084 0.562154
917.038 -343.065 0.561252
917.092 -343.045 0.560352
917.145 -343.026 0.559453
917.217 -343.062 0.558888
917.27 -343.042 0.557987
917.324 -343.023 0.557088
917.386 -343.028 0.556329
917.509 -343.197 0.556482
917.486 -342.968 0.554415
917.537 -342.94 0.553476
917.59 -342.92 0.552584
917.625 -342.854 0.55145
917.675 -342.827 0.550527
917.729 -342.808 0.549645
917.782 -342.788 0.548763
917.835 -342.769 0.547882
917.913 -342.803 0.547251
917.11 -340.871 0.537671
918.02 -342.764 0.545479
918.172 -342.956 0.545508
920.829 -348.435 0.567817
920.927 -348.404 0.566267
921.025 -348.373 0.564716
921.123 -348.342 0.563165
921.221 -348.311 0.561612
932.708 -355.6 0.49446
932.704 -355.312 0.491734
932.837 -355.179 0.488878
944.399 -367.339 0.469605
944.613 -367.121 0.464994
916.794 -343.247 0.537638
916.84 -343.198 0.536641
916.893 -343.178 0.53574
916.947 -343.159 0.53484
916.984 -343.083 0.533787
917.038 -343.064 0.532895
917.091 -343.045 0.532004
917.144 -343.025 0.531113
917.216 -343.061 0.53035
917.27 -343.042 0.529453
917.323 -343.022 0.528557
917.386 -343.027 0.527709
917.508 -343.196 0.527162
917.485 -342.967 0.525873
917.536 -342.939 0.524963
917.589 -342.92 0.524066
917.624 -342.854 0.523104
917.675 -342.826 0.522202
917.728 -342.807 0.521312
917.781 -342.788 0.52042
917.835 -342.768 0.519528
917.912 -342.803 0.51868
917.113 -340.879 0.516408
918.019 -342.764 0.516879
918.171 -342.955 0.516079
920.828 -348.433 0.517138
920.925 -348.402 0.515538
921.023 -348.371 0.513936
921.121 -348.34 0.51233
921.219 -348.309 0.51072
932.708 -355.603 0.399579
932.702 -355.313 0.397619
932.835 -355.18 0.394795
944.421 -367.366 0.316807
944.635 -367.147 0.312241
916.793 -343.247 0.508912
916.839 -343.197 0.508039
916.893 -343.177 0.507152
916.947 -343.158 0.506265
916.983 -343.083 0.505427
917.037 -343.063 0.504545
917.09 -343.044 0.503662
917.143 -343.024 0.502778
917.215 -343.06 0.501817
917.269 -343.041 0.500925
917.322 -343.021 0.500032
917.385 -343.026 0.499095
917.508 -343.195 0.497848
917.485 -342.966 0.497336
917.535 -342.938 0.496455
917.589 -342.919 0.495555
917.624 -342.853 0.494762
917.674 -342.826 0.493883
917.727 -342.806 0.492984
917.78 -342.787 0.492083
917.834 -342.768 0.49118
917.911 -342.802 0.490116
917.965 -342.783 0.489202
918.019 -342.763 0.488286
918.171 -342.955 0.486656
920.826 -348.431 0.466473
920.924 -348.401 0.464824
921.021 -348.37 0.463169
921.119 -348.339 0.461509
921.218 -348.308 0.459842
937.864 -364.522 0.259202
937.862 -364.104 0.257435
937.566 -363.335 0.258924
937.47 -362.054 0.254904
938.476 -362.841 0.241837
938.61 -362.609 0.238599
932.709 -355.605 0.304675
932.701 -355.314 0.3035
932.834 -355.181 0.300708
939.602 -362.185 0.220348
939.829 -362.052 0.215999
944.537 -366.606 0.158651
944.591 -366.227 0.156044
944.636 -365.845 0.153548
944.665 -365.451 0.151255
916.793 -343.246 0.480189
916.838 -343.196 0.479441
916.892 -343.177 0.478569
916.946 -343.157 0.477694
916.983 -343.082 0.477071
917.036 -343.062 0.476199
917.089 -343.043 0.475324
917.143 -343.024 0.474448
917.215 -343.06 0.47329
917.268 -343.04 0.472402
917.322 -343.021 0.471511
917.384 -343.025 0.470487
917.507 -343.194 0.468539
917.484 -342.966 0.468803
917.534 -342.938 0.467952
917.588 -342.918 0.467048
917.623 -342.853 0.466423
917.673 -342.825 0.465568
917.726 -342.806 0.464661
917.78 -342.786 0.463751
917.833 -342.767 0.462837
917.91 -342.801 0.461556
917.964 -342.782 0.460628
918.018 -342.762 0.459697
918.17 -342.954 0.457238
920.824 -348.43 0.41582
920.922 -348.399 0.414122
921.02 -348.368 0.412415
921.118 -348.337 0.4107
921.216 -348.306 0.408977
936.79 -364.83 0.149124
937.009 -364.693 0.144889
937.378 -364.749 0.138181
936.341 -363.006 0.154611
937.119 -363.589 0.141152
937.17 -363.249 0.139678
937.338 -363.06 0.136234
934.533 -359.29 0.182103
934.536 -358.955 0.18149
934.821 -358.956 0.176174
937.326 -361.517 0.133813
937.55 -361.405 0.129423
932.709 -355.608 0.209742
932.7 -355.315 0.209372
932.833 -355.181 0.206611
939.288 -361.85 0.0975139
939.489 -361.695 0.0934059
939.702 -361.551 0.0890923
940.003 -361.497 0.0832611
940.299 -361.436 0.0774968
944.423 -365.211 0.00677456
944.599 -364.971 0.00289635
916.792 -343.245 0.451472
916.838 -343.195 0.450849
916.891 -343.176 0.44999
916.945 -343.156 0.449129
916.982 -343.081 0.448721
917.035 -343.062 0.447858
917.089 -343.042 0.446992
917.142 -343.023 0.446122
917.214 -343.059 0.444767
917.267 -343.039 0.443883
917.321 -343.02 0.442996
917.383 -343.024 0.441886
917.51 -343.203 0.439145
917.483 -342.965 0.440274
917.534 -342.937 0.439454
917.587 -342.918 0.438546
917.622 -342.852 0.438088
917.672 -342.824 0.437259
917.726 -342.805 0.436344
917.779 -342.786 0.435424
917.832 -342.766 0.4345
917.909 -342.801 0.433001
917.963 -342.781 0.43206
918.017 -342.762 0.431114
918.175 -342.966 0.427681
920.822 -348.428 0.365181
920.92 -348.397 0.363433
921.018 -348.366 0.361674
921.116 -348.335 0.359905
921.214 -348.304 0.358124
936.412 -364.756 0.0280222
935.42 -363.009 0.0506186
935.572 -362.81 0.0477657
935.805 -362.716 0.0431063
936.168 -362.787 0.0355494
933.826 -359.453 0.0877628
933.862 -359.154 0.0873513
934.03 -359.022 0.0840063
934.172 -358.858 0.0812267
934.166 -358.519 0.0816861
934.261 -358.304 0.0798984
934.419 -358.164 0.0767025
935.893 -359.521 0.044562
932.71 -355.611 0.114785
932.699 -355.316 0.115237
932.832 -355.182 0.112509
938.353 -360.847 -0.00849522
938.492 -360.64 -0.0113382
938.579 -360.379 -0.0130469
938.825 -360.284 -0.0182615
939.149 -360.268 -0.0252213
939.607 -360.382 -0.035129
940.127 -360.548 -0.0463898
934.483 -354.691 0.0773298
916.852 -343.468 0.420234
916.837 -343.195 0.422261
916.891 -343.175 0.421417
916.945 -343.156 0.420568
916.981 -343.08 0.420375
917.035 -343.061 0.419522
917.088 -343.042 0.418665
917.141 -343.022 0.417802
917.213 -343.058 0.416249
917.267 -343.039 0.41537
917.32 -343.019 0.414486
917.463 -343.25 0.410387
917.519 -343.23 0.409459
917.574 -343.21 0.408525
917.533 -342.936 0.410961
917.586 -342.917 0.410049
917.622 -342.851 0.409757
917.674 -342.831 0.408858
917.728 -342.812 0.40793
917.781 -342.793 0.406996
917.835 -342.773 0.406055
917.908 -342.8 0.404451
917.962 -342.78 0.403497
918.016 -342.761 0.402535
918.186 -342.992 0.397831
920.821 -348.426 0.314554
920.918 -348.395 0.312757
921.016 -348.365 0.310946
921.114 -348.334 0.309122
921.212 -348.303 0.307284
935.01 -363.271 -0.0622372
935.069 -362.945 -0.0621918
935.215 -362.74 -0.0646261
935.326 -362.49 -0.0661046
935.411 -362.21 -0.066905
933.474 -359.355 -0.0115443
933.407 -358.928 -0.00835602
933.6 -358.832 -0.0124158
933.807 -358.751 -0.0168428
933.893 -358.524 -0.0179917
933.972 -358.291 -0.0189735
934.105 -358.123 -0.0214363
934.307 -358.037 -0.0258355
934.538 -357.982 -0.0310478
932.71 -355.614 0.0198024
932.698 -355.317 0.0210944
932.831 -355.183 0.0183975
936.742 -359.116 -0.086639
936.951 -359.007 -0.091229
933.206 -354.759 0.0108261
933.193 -354.475 0.012002
933.26 -354.278 0.0109772
933.386 -354.141 0.00835751
933.59 -354.082 0.00360195
933.979 -354.201 -0.00608818
934.266 -354.215 -0.0130821
928.822 -393.57 -0.32438
929.087 -392.906 -0.322681
929.414 -392.513 -0.32483
929.529 -391.343 -0.315476
916.87 -343.535 0.38971
916.836 -343.194 0.393678
916.89 -343.174 0.392848
916.944 -343.155 0.392012
916.987 -343.101 0.391696
917.041 -343.082 0.390847
917.094 -343.063 0.389992
917.148 -343.044 0.38913
917.212 -343.057 0.387736
917.266 -343.038 0.386861
917.32 -343.019 0.385979
917.485 -343.312 0.379916
917.541 -343.291 0.378985
917.597 -343.271 0.378046
917.532 -342.936 0.382472
917.586 -342.916 0.381556
917.631 -342.875 0.381011
917.684 -342.856 0.380078
917.738 -342.837 0.379137
917.791 -342.818 0.378189
917.845 -342.798 0.377233
917.908 -342.799 0.375905
917.961 -342.78 0.374937
918.156 -343.068 0.368236
918.212 -343.048 0.367211
920.819 -348.425 0.263937
920.917 -348.394 0.262091
921.014 -348.363 0.260228
921.112 -348.332 0.25835
921.21 -348.301 0.256455
942.054 -383.41 -0.503236
942.439 -383.304 -0.511174
942.866 -383.266 -0.520693
942.77 -382.35 -0.511192
942.996 -381.984 -0.513525
943.196 -381.582 -0.515038
943.404 -381.2 -0.516942
943.867 -381.223 -0.527995
944.236 -381.093 -0.535707
944.665 -381.053 -0.545565
945.177 -381.132 -0.558337
936.53 -367.674 -0.251707
936.656 -367.376 -0.252527
935.624 -365.422 -0.213407
934.059 -362.766 -0.156339
934.063 -362.37 -0.153604
934.141 -362.083 -0.153483
934.384 -362.022 -0.159009
932.574 -359.225 -0.0950812
932.482 -358.76 -0.0896258
932.707 -358.714 -0.0948911
933.034 -358.796 -0.103558
933.151 -358.609 -0.105262
933.294 -358.455 -0.107832
932.911 -357.66 -0.0930347
932.918 -357.352 -0.0912261
933.139 -357.304 -0.0965208
933.995 -357.997 -0.122635
934.203 -357.92 -0.127484
934.425 -357.856 -0.132784
932.711 -355.616 -0.0752001
932.696 -355.317 -0.0730603
932.83 -355.184 -0.0757252
932.93 -355.016 -0.0773655
932.893 -354.702 -0.0746143
932.963 -354.506 -0.0753406
933.087 -354.368 -0.0778353
933.155 -354.173 -0.0785744
933.282 -354.039 -0.0812165
933.481 -353.976 -0.0861638
933.651 -353.883 -0.0902083
934.012 -353.972 -0.100286
934.251 -353.941 -0.106536
922.988 -394.124 -0.435561
923.311 -393.477 -0.432246
923.641 -392.935 -0.430586
923.968 -392.413 -0.429182
924.285 -391.867 -0.427335
924.587 -391.281 -0.424749
924.866 -390.606 -0.420587
924.566 -386.972 -0.366001
924.882 -386.68 -0.367824
925.196 -386.391 -0.369664
925.506 -386.101 -0.371511
925.812 -385.807 -0.373266
926.117 -385.519 -0.375127
926.417 -385.227 -0.376909
926.716 -384.94 -0.378779
927.012 -384.654 -0.38066
927.312 -384.4 -0.383109
927.612 -384.148 -0.385613
916.869 -343.534 0.359952
916.926 -343.514 0.359111
916.889 -343.174 0.364282
916.943 -343.154 0.363459
916.995 -343.127 0.362764
917.049 -343.108 0.361921
917.102 -343.089 0.361071
917.156 -343.07 0.360212
917.21 -343.052 0.359317
917.265 -343.037 0.358355
917.429 -343.331 0.351179
917.484 -343.311 0.350256
917.54 -343.291 0.349325
917.596 -343.27 0.348385
917.652 -343.25 0.347436
917.585 -342.915 0.353066
917.638 -342.896 0.352138
917.692 -342.876 0.351201
917.746 -342.857 0.350255
917.799 -342.838 0.3493
917.853 -342.818 0.348336
917.907 -342.799 0.347363
917.961 -342.779 0.346381
916.735 -339.951 0.408338
916.765 -339.931 0.407892
920.817 -348.423 0.21333
920.915 -348.392 0.211435
921.013 -348.361 0.20952
921.111 -348.33 0.207587
921.209 -348.299 0.205635
936.535 -377.778 -0.499357
936.707 -377.389 -0.498975
936.984 -377.204 -0.503502
937.233 -376.966 -0.506772
937.493 -376.754 -0.510687
937.739 -376.517 -0.514009
937.951 -376.223 -0.515911
938.166 -375.938 -0.518028
938.432 -375.743 -0.522458
938.763 -375.659 -0.529772
939.195 -375.738 -0.541425
939.626 -375.807 -0.552974
940.423 -376.453 -0.580026
940.517 -375.969 -0.577252
940.824 -375.824 -0.583548
941.014 -375.499 -0.584989
935.436 -366.528 -0.348099
935.168 -365.666 -0.332274
933.81 -363.237 -0.272106
932.856 -361.457 -0.22914
932.787 -360.974 -0.222451
931.974 -359.466 -0.185971
932.052 -359.22 -0.185611
932.149 -359.003 -0.186031
932.188 -358.713 -0.184265
932.358 -358.599 -0.187714
932.554 -358.518 -0.192207
932.7 -358.372 -0.194769
932.812 -358.185 -0.196069
932.826 -357.878 -0.193586
932.807 -357.534 -0.189902
932.732 -357.13 -0.184155
932.886 -357.006 -0.187311
933.23 -357.104 -0.197711
934.063 -357.76 -0.226648
932.773 -355.977 -0.175049
932.711 -355.619 -0.170239
932.695 -355.318 -0.167227
932.828 -355.185 -0.16986
932.726 -354.798 -0.16373
932.756 -354.559 -0.162631
932.822 -354.36 -0.162874
932.978 -354.257 -0.166533
933.074 -354.093 -0.168001
933.201 -353.959 -0.170598
933.373 -353.871 -0.174932
933.535 -353.771 -0.178861
933.825 -353.795 -0.187534
934.056 -353.757 -0.194013
934.241 -353.674 -0.198836
908.549 -394.04 -0.430265
908.93 -394.376 -0.440536
909.299 -394.903 -0.454032
909.733 -394.725 -0.456191
910.167 -394.498 -0.457574
910.57 -394.674 -0.465632
911.795 -395.156 -0.489598
912.219 -395.02 -0.492796
912.64 -394.885 -0.496041
913.065 -394.577 -0.4964
913.485 -394.232 -0.496118
913.896 -394.309 -0.503118
914.307 -394.383 -0.510139
914.719 -394.066 -0.510441
915.127 -393.828 -0.512127
915.533 -393.687 -0.515551
915.938 -393.566 -0.519368
916.329 -393.048 -0.51617
916.729 -392.943 -0.520322
917.127 -392.839 -0.52455
917.487 -391.987 -0.515267
917.887 -392.048 -0.522525
918.33 -392.751 -0.541633
918.69 -392.147 -0.536866
919.05 -391.657 -0.534138
919.399 -391.114 -0.530396
919.746 -390.623 -0.52757
920.098 -390.241 -0.526774
920.45 -389.911 -0.526966
920.729 -388.967 -0.515375
921.03 -388.321 -0.509378
921.326 -387.695 -0.503688
921.613 -387.069 -0.497923
921.908 -386.553 -0.494247
922.175 -385.897 -0.487736
922.458 -385.396 -0.48422
922.743 -384.943 -0.481603
923.034 -384.56 -0.480369
923.339 -384.289 -0.481367
923.643 -384.022 -0.482472
923.946 -383.764 -0.483748
924.244 -383.5 -0.484911
924.54 -383.237 -0.486103
924.828 -382.952 -0.486826
925.083 -382.528 -0.484619
925.308 -382.001 -0.480176
925.586 -381.72 -0.480945
925.868 -381.475 -0.482455
926.147 -381.223 -0.48385
926.422 -380.964 -0.485086
926.683 -380.666 -0.485453
916.869 -343.533 0.330197
916.925 -343.513 0.329372
916.889 -343.173 0.335719
916.942 -343.153 0.334908
916.996 -343.134 0.334089
917.05 -343.114 0.33326
917.104 -343.095 0.332422
917.157 -343.075 0.331574
917.211 -343.056 0.330718
917.265 -343.036 0.329852
917.428 -343.33 0.321521
917.484 -343.31 0.320599
917.539 -343.29 0.319668
917.595 -343.27 0.318727
917.651 -343.249 0.317775
917.584 -342.915 0.32458
917.638 -342.895 0.323646
917.691 -342.876 0.322702
917.745 -342.856 0.321748
917.799 -342.837 0.320783
917.852 -342.817 0.319809
917.906 -342.798 0.318823
918.098 -343.087 0.309782
918.154 -343.067 0.308733
916.769 -339.941 0.389829
920.816 -348.421 0.162732
920.913 -348.39 0.160788
921.011 -348.359 0.158821
921.109 -348.329 0.156834
921.207 -348.298 0.154825
933.759 -372.403 -0.517043
934.051 -372.332 -0.523444
934.348 -372.269 -0.530126
934.651 -372.216 -0.537183
934.965 -372.178 -0.544757
935.295 -372.165 -0.553169
935.682 -372.249 -0.564505
936.172 -372.502 -0.580995
936.38 -372.264 -0.583146
936.498 -371.877 -0.580879
936.675 -371.596 -0.581737
936.867 -371.343 -0.583427
937.031 -371.048 -0.583829
937.195 -370.757 -0.584313
937.372 -370.49 -0.585557
935.295 -366.794 -0.478824
934.212 -364.697 -0.42095
932.105 -361.144 -0.315382
932.183 -360.873 -0.314004
931.516 -359.538 -0.277861
931.532 -359.203 -0.273989
931.64 -359.004 -0.274482
931.784 -358.855 -0.276675
931.913 -358.688 -0.278268
932.099 -358.597 -0.282478
932.267 -358.482 -0.285898
932.427 -358.357 -0.289018
932.567 -358.206 -0.291261
932.659 -357.995 -0.291369
932.709 -357.735 -0.289728
932.61 -357.296 -0.28156
932.458 -356.802 -0.271214
932.495 -356.544 -0.269312
932.478 -356.225 -0.265105
932.457 -355.908 -0.260844
932.557 -355.733 -0.261864
932.712 -355.622 -0.265315
932.694 -355.319 -0.261409
932.528 -354.858 -0.251235
932.445 -354.497 -0.24475
932.461 -354.248 -0.242581
932.667 -354.2 -0.248425
932.821 -354.097 -0.252143
932.994 -354.013 -0.256679
933.12 -353.88 -0.259228
933.272 -353.773 -0.262918
933.438 -353.679 -0.267227
933.684 -353.661 -0.274862
933.89 -353.602 -0.28083
933.991 -353.442 -0.282515
934.121 -353.31 -0.285392
902.29 -391.848 -0.53044
902.774 -391.507 -0.527553
903.251 -391.175 -0.52486
903.686 -391.024 -0.525567
904.079 -391.081 -0.530219
904.526 -390.835 -0.529254
904.942 -390.743 -0.531221
905.34 -390.746 -0.535052
905.723 -390.832 -0.540517
907.269 -383.324 -0.401518
907.569 -383.617 -0.410556
906.952 -390.542 -0.546874
908.472 -381.983 -0.386174
909.022 -380.228 -0.355779
909.364 -380.019 -0.355158
909.648 -380.315 -0.364397
909.942 -380.546 -0.372481
910.235 -380.806 -0.38122
910.524 -381.163 -0.391971
910.821 -381.474 -0.401915
911.117 -381.845 -0.413177
911.018 -388.082 -0.541736
911.403 -387.834 -0.541331
911.806 -387.171 -0.532575
912.233 -385.813 -0.509732
912.593 -385.643 -0.510836
912.946 -385.63 -0.515205
913.272 -386.59 -0.53958
913.635 -386.303 -0.538507
913.994 -386.103 -0.539241
914.348 -386.264 -0.547535
914.704 -386.536 -0.558231
915.064 -386.911 -0.571222
915.431 -387.307 -0.5848
915.799 -387.525 -0.594765
916.15 -387.075 -0.590598
916.502 -386.794 -0.590048
916.835 -386.179 -0.582297
917.171 -385.802 -0.579653
917.516 -385.654 -0.581983
917.863 -385.557 -0.585453
918.195 -385.276 -0.584949
918.521 -384.961 -0.583703
918.864 -384.892 -0.587906
919.18 -384.537 -0.585778
919.495 -384.214 -0.584376
919.82 -384.031 -0.586136
920.139 -383.806 -0.586966
920.449 -383.537 -0.586809
919.829 -376.014 -0.420434
920.073 -375.688 -0.418054
920.377 -375.801 -0.425854
920.71 -376.102 -0.438119
921.901 -381.848 -0.578105
921.792 -379.149 -0.5207
922.418 -380.968 -0.569724
922.672 -380.555 -0.5661
922.931 -380.189 -0.563568
923.156 -379.674 -0.557438
923.386 -379.212 -0.552498
923.607 -378.74 -0.547296
923.809 -378.206 -0.540497
923.962 -377.482 -0.528921
924.136 -376.889 -0.520472
924.333 -376.427 -0.515181
924.531 -375.995 -0.510612
924.723 -375.559 -0.505874
924.863 -374.944 -0.496517
925.014 -374.398 -0.488817
916.868 -343.532 0.300444
916.918 -343.489 0.300237
916.974 -343.468 0.299424
916.942 -343.153 0.30636
916.996 -343.133 0.305546
917.049 -343.114 0.304721
917.103 -343.095 0.303886
917.157 -343.076 0.303039
917.211 -343.056 0.302182
917.363 -343.325 0.293443
917.418 -343.305 0.292545
917.474 -343.284 0.291636
917.529 -343.264 0.290717
917.585 -343.243 0.289786
917.64 -343.223 0.288843
917.696 -343.202 0.28789
917.642 -342.906 0.294822
917.695 -342.887 0.29386
917.749 -342.868 0.292886
917.803 -342.849 0.291901
917.857 -342.83 0.290903
917.911 -342.81 0.289892
918.085 -343.058 0.280888
916.723 -339.925 0.373485
916.757 -339.915 0.372801
916.791 -339.904 0.372109
916.825 -339.893 0.371409
916.859 -339.883 0.3707
921.107 -348.327 0.106087
921.205 -348.296 0.104021
932.345 -369.668 -0.576157
932.606 -369.583 -0.581712
932.84 -369.449 -0.585731
933.012 -369.199 -0.58604
933.188 -368.961 -0.58674
933.356 -368.712 -0.58709
933.526 -368.471 -0.587676
933.693 -368.228 -0.588198
933.899 -368.054 -0.591047
934.04 -367.774 -0.590322
934.17 -367.478 -0.589016
934.353 -367.275 -0.590902
934.573 -367.132 -0.594874
934.632 -366.737 -0.590048
934.276 -365.707 -0.562694
933.579 -364.185 -0.51732
932.2 -361.681 -0.435843
930.865 -359.314 -0.357962
930.845 -358.927 -0.351159
930.995 -358.792 -0.353532
931.241 -358.795 -0.361022
931.486 -358.792 -0.368421
931.544 -358.529 -0.366102
931.797 -358.534 -0.373947
931.995 -358.461 -0.378931
932.153 -358.335 -0.381904
932.31 -358.207 -0.384857
932.445 -358.052 -0.386765
932.537 -357.845 -0.3866
932.577 -357.574 -0.383868
932.259 -356.869 -0.363439
932.276 -356.585 -0.359867
932.302 -356.317 -0.356842
932.241 -355.95 -0.349662
932.266 -355.69 -0.346792
932.341 -355.489 -0.346426
931.885 -354.696 -0.320536
931.852 -354.389 -0.315225
931.942 -354.221 -0.315912
932.048 -354.072 -0.317422
932.244 -354.019 -0.323215
932.376 -353.898 -0.32605
932.618 -353.889 -0.33401
932.81 -353.828 -0.339711
932.997 -353.759 -0.345145
933.143 -353.647 -0.348686
932.659 -352.92 -0.323078
932.742 -352.756 -0.323898
932.835 -352.602 -0.325177
933.005 -352.521 -0.330057
933.338 -352.589 -0.342432
933.49 -352.487 -0.346509
904.259 -384.454 -0.57243
904.627 -384.403 -0.574091
905.14 -383.603 -0.559184
905.53 -383.39 -0.55733
905.905 -383.236 -0.556807
906.264 -383.155 -0.557995
906.619 -383.091 -0.5596
906.98 -382.973 -0.560058
907.341 -382.84 -0.56023
907.773 -382.206 -0.54909
908.289 -380.895 -0.522595
908.773 -379.679 -0.498126
909.205 -378.742 -0.479902
909.588 -378.097 -0.468313
909.95 -377.563 -0.459252
910.268 -377.371 -0.458047
910.597 -377.031 -0.453442
910.904 -376.881 -0.453276
911.213 -376.68 -0.451929
911.522 -376.433 -0.449559
911.817 -376.339 -0.450792
912.119 -376.111 -0.448917
912.41 -376.009 -0.450013
912.704 -375.812 -0.44892
912.992 -375.689 -0.449625
913.28 -375.521 -0.449277
913.565 -375.379 -0.449578
913.847 -375.235 -0.449872
914.128 -375.078 -0.449889
914.406 -374.937 -0.450306
914.683 -374.792 -0.450668
914.957 -374.65 -0.451135
915.229 -374.508 -0.45165
915.5 -374.366 -0.452178
915.764 -374.07 -0.448922
916.013 -373.471 -0.438112
916.256 -372.938 -0.428915
916.505 -372.654 -0.425885
916.756 -372.468 -0.425343
917.011 -372.38 -0.427282
917.258 -372.199 -0.426925
917.51 -372.112 -0.428973
917.761 -372.022 -0.430998
918.01 -371.931 -0.433022
918.259 -371.84 -0.435078
918.507 -371.748 -0.437164
918.754 -371.655 -0.439281
919 -371.563 -0.441435
919.245 -371.471 -0.443635
919.49 -371.385 -0.44605
919.749 -371.398 -0.451126
920.037 -371.607 -0.461545
920.495 -372.877 -0.500698
920.967 -374.115 -0.539391
921.186 -373.77 -0.535382
921.288 -372.785 -0.513842
921.483 -372.382 -0.508084
921.701 -372.12 -0.506203
921.872 -371.639 -0.498216
922.105 -371.49 -0.499423
922.508 -372.142 -0.523219
922.876 -372.587 -0.541405
923.064 -372.212 -0.53651
923.23 -371.767 -0.529567
923.39 -371.321 -0.52252
923.526 -370.8 -0.513263
923.668 -370.328 -0.505328
923.868 -370.096 -0.504332
916.867 -343.532 0.270692
916.911 -343.466 0.271251
916.966 -343.445 0.27045
916.949 -343.179 0.276995
917.003 -343.16 0.276189
917.057 -343.14 0.275371
917.111 -343.121 0.274541
917.165 -343.102 0.273698
917.219 -343.083 0.272842
917.355 -343.304 0.264502
917.411 -343.284 0.263602
917.466 -343.264 0.26269
917.522 -343.244 0.261764
917.577 -343.224 0.260825
917.633 -343.204 0.259874
917.688 -343.184 0.258909
917.651 -342.932 0.265432
917.705 -342.913 0.264459
917.759 -342.894 0.263472
917.813 -342.874 0.262471
917.868 -342.855 0.261457
918.021 -343.063 0.252839
918.077 -343.042 0.251779
916.722 -339.925 0.355789
916.756 -339.914 0.355089
916.79 -339.903 0.354381
916.825 -339.893 0.353663
916.859 -339.882 0.352936
921.11 -348.334 0.055046
921.22 -348.326 0.0521098
930.622 -366.331 -0.592375
930.902 -366.341 -0.600599
931.19 -366.36 -0.609311
931.395 -366.224 -0.612464
931.64 -366.159 -0.618309
931.754 -365.861 -0.615585
931.998 -365.795 -0.621479
932.26 -365.759 -0.628562
932.445 -365.588 -0.630697
932.337 -364.931 -0.614305
932.515 -364.758 -0.616268
932.618 -364.468 -0.613715
932.764 -364.25 -0.613902
932.831 -363.911 -0.609356
932.637 -363.175 -0.58907
932.456 -362.477 -0.569942
931.013 -359.903 -0.475175
930.619 -358.953 -0.444584
930.53 -358.472 -0.432697
930.573 -358.191 -0.42878
930.675 -357.998 -0.42847
930.705 -357.707 -0.424063
930.936 -357.697 -0.431382
931.309 -357.876 -0.44687
931.638 -357.987 -0.459727
931.902 -358.008 -0.468869
932.09 -357.925 -0.473623
932.258 -357.816 -0.47733
932.409 -357.686 -0.480102
932.353 -357.299 -0.471464
932.114 -356.695 -0.452858
932.131 -356.413 -0.448602
932.053 -356.023 -0.43927
931.146 -354.669 -0.385087
931.43 -354.726 -0.395867
931.521 -354.557 -0.396236
931.596 -354.373 -0.395847
931.707 -354.23 -0.397381
931.822 -354.092 -0.399211
931.945 -353.963 -0.40152
932.07 -353.837 -0.403964
932.178 -353.692 -0.405531
932.344 -353.608 -0.410201
932.561 -353.576 -0.417534
932.166 -352.926 -0.393284
932.347 -352.861 -0.398904
932.482 -352.749 -0.402174
932.57 -352.592 -0.403084
932.719 -352.493 -0.407101
932.88 -352.406 -0.411821
933.051 -352.326 -0.417022
933.255 -352.274 -0.42391
933.399 -352.167 -0.427794
904.984 -382.637 -0.7037
905.353 -382.511 -0.702969
905.706 -382.45 -0.703985
906.057 -382.39 -0.705068
906.407 -382.329 -0.706216
906.755 -382.268 -0.707429
907.101 -382.206 -0.708677
907.471 -381.983 -0.705811
907.936 -381.078 -0.685128
908.443 -379.776 -0.653979
908.916 -378.586 -0.625681
909.322 -377.791 -0.607699
909.709 -377.053 -0.591191
910.044 -376.697 -0.584778
910.355 -376.511 -0.582888
910.663 -376.328 -0.581104
910.968 -376.15 -0.579508
911.269 -375.984 -0.578266
911.568 -375.797 -0.576504
911.862 -375.654 -0.575946
912.155 -375.482 -0.574659
912.445 -375.333 -0.57404
912.732 -375.18 -0.57336
913.017 -375.032 -0.572821
913.299 -374.889 -0.572497
913.579 -374.747 -0.572213
913.858 -374.605 -0.571961
914.134 -374.465 -0.57182
914.408 -374.325 -0.571739
914.68 -374.187 -0.571714
914.95 -374.049 -0.571748
915.217 -373.84 -0.569817
915.473 -373.275 -0.557879
915.727 -372.871 -0.550438
915.977 -372.532 -0.544846
916.224 -372.225 -0.540129
916.471 -372.011 -0.538105
916.717 -371.828 -0.536951
916.96 -371.616 -0.535013
917.201 -371.429 -0.533793
917.44 -371.243 -0.532657
917.675 -371.039 -0.531002
917.908 -370.847 -0.529696
918.136 -370.623 -0.527494
918.358 -370.37 -0.524418
918.587 -370.202 -0.523897
918.814 -370.038 -0.523504
918.957 -369.23 -0.503848
919.133 -368.75 -0.493919
919.309 -368.311 -0.485161
919.561 -368.429 -0.493264
919.891 -369.022 -0.515939
920.214 -369.523 -0.536057
920.43 -369.349 -0.535567
920.63 -369.097 -0.53272
920.776 -368.569 -0.521297
920.95 -368.227 -0.51556
921.099 -367.777 -0.50643
921.191 -367.081 -0.489454
921.295 -366.484 -0.475482
921.501 -366.387 -0.477323
921.94 -367.311 -0.511874
922.233 -367.554 -0.524882
922.45 -367.465 -0.527331
922.612 -367.163 -0.522893
922.788 -366.926 -0.520534
922.947 -366.638 -0.516497
916.867 -343.531 0.240941
916.91 -343.465 0.241681
916.966 -343.445 0.240895
917.021 -343.424 0.240096
917.077 -343.404 0.239283
917.133 -343.384 0.238456
917.188 -343.364 0.237615
917.244 -343.344 0.236761
917.299 -343.324 0.235892
917.355 -343.304 0.23501
917.41 -343.283 0.234113
917.465 -343.263 0.233202
917.521 -343.243 0.232276
917.576 -343.223 0.231336
917.632 -343.203 0.230382
917.687 -343.183 0.229413
917.743 -343.163 0.22843
917.798 -343.143 0.227432
917.854 -343.122 0.226419
917.909 -343.102 0.22539
917.965 -343.082 0.224347
918.02 -343.062 0.223288
918.076 -343.042 0.222214
916.722 -339.924 0.338095
916.756 -339.913 0.337379
916.79 -339.903 0.336654
916.824 -339.892 0.335919
916.858 -339.881 0.335173
921.111 -348.338 0.00402294
921.213 -348.314 0.00159397
929.424 -364.013 -0.622654
929.7 -364.054 -0.631968
929.917 -363.979 -0.63681
930.076 -363.797 -0.637405
930.239 -363.624 -0.638362
930.405 -363.458 -0.639606
930.566 -363.287 -0.640693
930.77 -363.19 -0.644884
930.985 -363.112 -0.649927
930.926 -362.574 -0.635641
931.032 -362.321 -0.633303
931.153 -362.098 -0.632147
931.311 -361.936 -0.633656
931.378 -361.633 -0.629028
931.123 -360.837 -0.602838
930.911 -360.127 -0.580013
930.397 -358.982 -0.537548
930.309 -358.498 -0.524009
930.156 -357.93 -0.506458
930.181 -357.63 -0.500774
930.11 -357.202 -0.489147
930.237 -357.057 -0.490424
930.417 -356.987 -0.495189
930.569 -356.877 -0.49814
930.747 -356.803 -0.502832
930.911 -356.708 -0.506623
931.052 -356.584 -0.509074
931.28 -356.571 -0.516944
931.518 -356.567 -0.525378
930.302 -354.757 -0.445009
930.407 -354.61 -0.445876
930.632 -354.609 -0.454057
930.784 -354.518 -0.457812
930.923 -354.411 -0.460832
931.043 -354.28 -0.462701
931.155 -354.143 -0.464234
931.476 -354.24 -0.478048
931.596 -354.109 -0.480064
931.718 -353.981 -0.482276
931.831 -353.842 -0.483957
931.894 -353.652 -0.482848
931.839 -353.34 -0.47506
931.662 -352.907 -0.46042
931.744 -352.746 -0.460679
931.915 -352.676 -0.466059
932.129 -352.646 -0.473855
932.322 -352.595 -0.480534
932.474 -352.502 -0.484878
932.617 -352.398 -0.488726
932.776 -352.31 -0.493524
932.94 -352.225 -0.498638
933.122 -352.155 -0.504763
933.238 -352.024 -0.507251
933.295 -351.842 -0.506585
905.524 -381.627 -0.84509
905.87 -381.57 -0.845755
906.215 -381.509 -0.846343
906.559 -381.443 -0.846882
906.901 -381.384 -0.847679
907.24 -381.325 -0.848571
907.586 -381.215 -0.847996
908.073 -380.124 -0.818395
908.593 -378.681 -0.778237
909.041 -377.616 -0.749266
909.433 -376.881 -0.73008
909.781 -376.426 -0.719256
910.093 -376.237 -0.716423
910.4 -376.056 -0.713899
910.705 -375.876 -0.711451
911.006 -375.698 -0.709095
911.305 -375.522 -0.706831
911.6 -375.347 -0.704659
911.893 -375.173 -0.70258
912.183 -375.001 -0.700592
912.47 -374.831 -0.698679
912.754 -374.671 -0.697145
913.036 -374.504 -0.695459
913.315 -374.345 -0.69401
913.592 -374.191 -0.692787
913.867 -374.024 -0.691232
914.139 -373.887 -0.690604
914.409 -373.735 -0.689566
914.677 -373.55 -0.687562
914.94 -373.148 -0.678726
915.198 -372.721 -0.669122
915.449 -372.259 -0.658365
915.695 -371.846 -0.649157
915.943 -371.646 -0.6467
916.189 -371.461 -0.644764
916.432 -371.266 -0.64256
916.672 -371.074 -0.640451
916.91 -370.884 -0.638424
917.146 -370.686 -0.636185
917.369 -370.367 -0.630028
917.586 -370.017 -0.622857
917.799 -369.69 -0.616411
918.003 -369.302 -0.607947
918.192 -368.824 -0.59648
918.364 -368.256 -0.581954
918.542 -367.799 -0.571068
918.668 -366.985 -0.548147
918.819 -366.434 -0.53394
919.032 -366.376 -0.536279
919.367 -367.141 -0.56658
919.693 -367.769 -0.592516
919.894 -367.58 -0.590739
920.108 -367.476 -0.591927
920.276 -367.121 -0.584498
920.436 -366.741 -0.576165
920.223 -364.452 -0.501376
920.321 -363.888 -0.486204
920.43 -363.407 -0.473854
920.547 -362.997 -0.463917
920.747 -362.989 -0.468157
920.979 -363.113 -0.477155
921.303 -363.623 -0.500074
921.634 -364.124 -0.522913
921.829 -364.049 -0.525187
922.001 -363.889 -0.524432
922.165 -363.704 -0.522788
916.866 -343.53 0.21119
916.909 -343.464 0.212112
916.965 -343.444 0.211341
917.021 -343.424 0.210555
917.076 -343.403 0.209754
917.132 -343.383 0.208937
917.187 -343.363 0.208105
917.243 -343.343 0.207258
917.298 -343.323 0.206395
917.354 -343.303 0.205517
917.409 -343.283 0.204623
917.465 -343.263 0.203714
917.52 -343.242 0.202789
917.575 -343.222 0.201848
917.631 -343.202 0.200891
917.686 -343.182 0.199918
917.742 -343.162 0.198929
917.797 -343.142 0.197924
917.853 -343.122 0.196902
917.908 -343.102 0.195864
917.964 -343.081 0.19481
918.02 -343.061 0.193738
918.075 -343.041 0.19265
916.721 -339.924 0.320402
916.755 -339.913 0.319671
916.789 -339.902 0.318929
916.823 -339.891 0.318177
916.858 -339.881 0.317413
921.105 -348.328 -0.0463781
921.206 -348.302 -0.0488366
928.256 -361.751 -0.637161
928.406 -361.59 -0.637599
928.545 -361.411 -0.63725
928.817 -361.481 -0.647939
929.264 -361.859 -0.672575
929.523 -361.889 -0.68189
929.752 -361.861 -0.688723
929.987 -361.842 -0.696062
930.11 -361.627 -0.694565
930.14 -361.263 -0.686111
930.124 -360.829 -0.674355
930.085 -360.371 -0.66126
930.012 -359.867 -0.645877
930.064 -359.571 -0.640135
930.062 -359.199 -0.630687
929.885 -358.567 -0.608554
929.826 -358.128 -0.595527
929.91 -357.911 -0.593125
929.96 -357.647 -0.588399
929.767 -357.04 -0.566554
929.856 -356.845 -0.565025
929.274 -355.718 -0.516464
928.945 -354.97 -0.486423
928.717 -354.375 -0.463789
928.808 -354.221 -0.463489
929.049 -354.265 -0.473556
929.186 -354.17 -0.47646
929.329 -354.083 -0.479826
929.487 -354.014 -0.484204
929.798 -354.133 -0.498825
930.089 -354.224 -0.51209
930.38 -354.306 -0.525165
930.632 -354.339 -0.535698
930.766 -354.229 -0.538475
930.885 -354.1 -0.5403
931.026 -353.998 -0.543624
931.267 -354.007 -0.553347
931.493 -353.997 -0.562147
931.613 -353.867 -0.564163
931.656 -353.656 -0.561461
931.583 -353.324 -0.551518
931.446 -352.929 -0.537723
931.484 -352.724 -0.535028
931.563 -352.563 -0.534971
931.702 -352.464 -0.538702
931.933 -352.455 -0.548088
932.184 -352.461 -0.55863
932.377 -352.41 -0.565721
932.522 -352.31 -0.569839
932.684 -352.226 -0.575053
932.849 -352.142 -0.580409
932.992 -352.038 -0.584531
933.109 -351.911 -0.587161
933.17 -351.733 -0.586464
933.205 -351.533 -0.584301
906.089 -380.402 -0.971793
906.43 -380.316 -0.971094
906.766 -380.247 -0.971014
907.099 -380.187 -0.971335
907.43 -380.127 -0.971721
907.791 -379.865 -0.965496
908.232 -379.021 -0.940001
908.742 -377.595 -0.895089
909.159 -376.71 -0.868161
909.523 -376.148 -0.851974
909.834 -375.964 -0.848471
910.141 -375.786 -0.845195
910.445 -375.61 -0.842056
910.746 -375.434 -0.838962
911.044 -375.261 -0.836033
911.339 -375.088 -0.833144
911.631 -374.918 -0.830416
911.92 -374.748 -0.827755
912.207 -374.58 -0.825189
912.491 -374.413 -0.82272
912.773 -374.243 -0.82021
913.051 -374.083 -0.818059
913.329 -373.878 -0.814425
913.603 -373.725 -0.812651
913.876 -373.439 -0.806305
914.146 -373.14 -0.799521
914.412 -372.77 -0.790313
914.673 -372.307 -0.777828
914.928 -371.854 -0.765702
915.176 -371.44 -0.754938
915.424 -371.249 -0.751965
915.67 -371.067 -0.749393
915.913 -370.885 -0.746846
916.154 -370.707 -0.74446
916.392 -370.507 -0.741339
916.62 -370.188 -0.733976
916.842 -369.855 -0.72611
917.063 -369.547 -0.719146
917.279 -369.245 -0.712419
917.492 -368.941 -0.7056
917.691 -368.54 -0.69526
917.887 -368.152 -0.685379
918.076 -367.755 -0.675111
918.261 -367.364 -0.665063
918.414 -366.755 -0.646927
918.547 -366.046 -0.625017
918.693 -365.513 -0.609505
918.9 -365.455 -0.61161
919.112 -365.436 -0.615228
919.304 -365.289 -0.614123
919.487 -365.097 -0.61135
919.601 -364.513 -0.593748
919.773 -364.297 -0.590014
919.637 -362.434 -0.523397
919.692 -361.701 -0.499605
919.763 -361.096 -0.48056
919.853 -360.625 -0.466563
920.027 -360.574 -0.468797
920.313 -361.035 -0.491037
920.539 -361.198 -0.501811
920.808 -361.53 -0.519394
921.029 -361.644 -0.528534
921.208 -361.579 -0.530691
921.366 -361.435 -0.529729
921.528 -361.311 -0.529572
921.684 -361.17 -0.528797
916.909 -343.463 0.182542
916.964 -343.443 0.181786
917.02 -343.423 0.181013
917.076 -343.403 0.180223
917.131 -343.383 0.179417
917.187 -343.362 0.178594
917.242 -343.342 0.177754
917.298 -343.322 0.176897
917.353 -343.302 0.176024
917.408 -343.282 0.175133
917.464 -343.262 0.174226
917.519 -343.242 0.1733
917.575 -343.222 0.172358
917.63 -343.201 0.171399
917.686 -343.181 0.170422
917.741 -343.161 0.169427
917.796 -343.141 0.168415
917.852 -343.121 0.167385
917.908 -343.101 0.166337
917.963 -343.081 0.165271
918.019 -343.06 0.164187
918.074 -343.04 0.163085
916.733 -339.951 0.301442
921.173 -349.441 -0.13363
920.935 -348.682 -0.102561
920.906 -348.385 -0.092532
916.854 -339.874 0.29994
916.888 -339.863 0.299171
916.922 -339.851 0.298389
916.956 -339.84 0.297597
916.99 -339.829 0.296792
917.025 -339.817 0.295976
927.887 -359.768 -0.669251
928.103 -359.758 -0.676372
928.543 -360.145 -0.703041
928.762 -360.127 -0.710137
928.902 -359.972 -0.710488
929.002 -359.748 -0.707482
928.843 -359.097 -0.682987
928.861 -358.754 -0.673742
928.912 -358.473 -0.667506
928.992 -358.241 -0.663792
929.034 -357.957 -0.657273
929.134 -357.766 -0.655574
929.196 -357.52 -0.650969
929.152 -357.119 -0.638139
929.239 -356.921 -0.635913
929.04 -356.31 -0.611532
929.1 -356.084 -0.607606
928.462 -354.877 -0.550355
928.434 -354.551 -0.540438
928.471 -354.321 -0.5357
928.002 -353.41 -0.493054
928.018 -353.17 -0.487318
928.085 -353.001 -0.485492
928.242 -352.95 -0.490398
928.493 -353.018 -0.502177
929.086 -353.511 -0.538718
929.472 -353.732 -0.559956
929.804 -353.876 -0.577112
930.114 -353.988 -0.592598
930.41 -354.077 -0.606975
930.602 -354.038 -0.613937
930.725 -353.918 -0.616081
930.895 -353.85 -0.621512
931.096 -353.817 -0.629117
931.316 -353.803 -0.638081
931.431 -353.671 -0.639759
930.701 -352.629 -0.583965
930.695 -352.382 -0.577864
930.849 -352.307 -0.582757
931.075 -352.304 -0.592477
931.242 -352.238 -0.598167
931.507 -352.27 -0.610494
931.707 -352.232 -0.618421
932.023 -352.306 -0.633972
932.239 -352.278 -0.642939
932.43 -352.225 -0.65027
932.591 -352.14 -0.655603
932.758 -352.061 -0.661414
932.898 -351.954 -0.665443
932.985 -351.801 -0.666199
933.033 -351.613 -0.66444
931.207 -349.791 -0.543514
931.003 -349.412 -0.526406
906.701 -378.818 -1.07633
907.007 -378.857 -1.0797
907.324 -378.831 -1.08079
907.641 -378.804 -1.08191
907.956 -378.774 -1.08304
908.396 -377.886 -1.05271
908.883 -376.567 -1.0065
909.267 -375.877 -0.983436
909.577 -375.696 -0.979161
909.884 -375.52 -0.975155
910.188 -375.346 -0.971261
910.488 -375.173 -0.967484
910.786 -375.002 -0.963823
911.08 -374.832 -0.960291
911.372 -374.663 -0.956842
911.661 -374.497 -0.953537
911.947 -374.33 -0.950302
912.234 -374.107 -0.944983
912.516 -373.919 -0.941042
912.803 -373.571 -0.931137
913.084 -373.232 -0.921575
913.36 -372.897 -0.912197
913.632 -372.567 -0.903006
913.898 -372.242 -0.894051
914.16 -371.897 -0.884328
914.418 -371.46 -0.871126
914.67 -371.071 -0.859773
914.917 -370.859 -0.855206
915.163 -370.68 -0.851959
915.406 -370.496 -0.84853
915.646 -370.3 -0.844725
915.882 -370.089 -0.840329
916.116 -369.868 -0.835614
916.343 -369.577 -0.828149
916.565 -369.264 -0.819889
916.783 -368.96 -0.811936
916.999 -368.677 -0.804831
917.216 -368.462 -0.800434
917.43 -368.232 -0.795464
917.629 -367.886 -0.785898
917.824 -367.533 -0.776011
918.011 -367.154 -0.765096
918.172 -366.597 -0.746989
918.324 -366.017 -0.727879
918.473 -365.485 -0.710597
918.626 -365.027 -0.696276
918.457 -362.35 -0.591343
918.682 -362.563 -0.604035
918.815 -362.172 -0.592075
918.992 -362.074 -0.592149
919.067 -361.391 -0.568007
918.978 -359.832 -0.507275
919.087 -359.468 -0.496037
919.176 -359.022 -0.481315
919.302 -358.793 -0.475606
919.43 -358.585 -0.470781
919.591 -358.546 -0.473122
919.856 -358.974 -0.495369
920.086 -359.222 -0.510171
920.333 -359.522 -0.527366
920.564 -359.74 -0.541181
920.717 -359.628 -0.540879
920.866 -359.505 -0.54012
921.02 -359.404 -0.54034
921.174 -359.309 -0.540843
916.926 -343.527 0.150105
916.964 -343.442 0.15222
917.019 -343.422 0.15146
917.075 -343.402 0.150682
917.13 -343.382 0.149887
917.186 -343.362 0.149072
917.241 -343.341 0.14824
917.297 -343.321 0.147389
917.352 -343.301 0.14652
917.408 -343.281 0.145632
917.463 -343.261 0.144726
917.519 -343.241 0.143802
917.574 -343.221 0.142858
917.629 -343.201 0.141896
916.721 -340.704 0.257767
916.555 -340.177 0.281443
916.509 -339.968 0.290194
916.543 -339.957 0.289528
916.576 -339.946 0.28885
916.61 -339.935 0.288161
916.643 -339.924 0.287461
916.677 -339.913 0.286749
916.71 -339.902 0.286025
916.744 -339.891 0.28529
916.778 -339.879 0.284543
916.812 -339.868 0.283784
916.845 -339.857 0.283013
916.879 -339.846 0.282229
916.913 -339.835 0.281434
916.947 -339.823 0.280626
916.981 -339.812 0.279805
917.015 -339.801 0.278972
917.05 -339.789 0.278127
927.239 -358.194 -0.691747
927.458 -358.213 -0.700298
927.632 -358.147 -0.704516
927.801 -358.072 -0.708305
927.963 -357.986 -0.711568
928.103 -357.863 -0.71284
928.235 -357.726 -0.713434
928.384 -357.619 -0.715719
928.496 -357.453 -0.714771
928.564 -357.22 -0.710041
928.596 -356.935 -0.702402
928.645 -356.683 -0.696544
928.525 -356.181 -0.67634
928.264 -355.482 -0.644584
928.092 -354.931 -0.620976
928.151 -354.726 -0.617155
928.23 -354.55 -0.615023
928.055 -354.025 -0.592208
927.828 -353.441 -0.565613
927.802 -353.142 -0.5557
927.836 -352.929 -0.550833
927.955 -352.831 -0.552937
928.024 -352.669 -0.551139
928.081 -352.493 -0.548464
928.132 -352.313 -0.545499
928.211 -352.17 -0.544767
928.25 -351.979 -0.541065
928.365 -351.881 -0.543269
928.568 -351.889 -0.552264
928.829 -351.962 -0.565658
930.178 -353.288 -0.661037
930.729 -353.664 -0.695523
929.974 -352.559 -0.63228
930.041 -352.393 -0.630857
930.169 -352.295 -0.63397
930.355 -352.258 -0.641337
930.533 -352.212 -0.648203
930.702 -352.155 -0.654408
930.793 -352.014 -0.654947
930.969 -351.962 -0.661716
931.176 -351.938 -0.67062
931.482 -352.011 -0.686615
931.785 -352.075 -0.702319
932.103 -352.149 -0.719021
932.316 -352.118 -0.72828
932.498 -352.055 -0.735355
932.662 -351.973 -0.741181
932.804 -351.87 -0.745497
932.888 -351.716 -0.745931
931.254 -350.039 -0.628509
929.614 -348.402 -0.511813
929.752 -348.337 -0.517015
929.913 -348.291 -0.523841
907.33 -376.999 -1.15974
907.591 -377.229 -1.17072
907.881 -377.294 -1.17524
908.185 -377.269 -1.17621
908.582 -376.603 -1.15146
909.004 -375.681 -1.11637
909.324 -375.429 -1.1084
909.63 -375.257 -1.10369
909.933 -375.085 -1.09906
910.233 -374.915 -1.0946
910.532 -374.731 -1.08961
910.827 -374.55 -1.08483
911.125 -374.313 -1.07786
911.425 -373.999 -1.06774
911.723 -373.652 -1.05639
912.015 -373.312 -1.04532
912.302 -372.977 -1.03448
912.583 -372.65 -1.02404
912.86 -372.325 -1.01369
913.132 -372.008 -1.00367
913.399 -371.695 -0.993895
913.661 -371.384 -0.984235
913.919 -371.055 -0.973847
914.174 -370.666 -0.960988
914.422 -370.474 -0.956344
914.667 -370.287 -0.951983
914.909 -370.082 -0.946896
915.149 -369.875 -0.941765
915.386 -369.674 -0.936918
915.62 -369.473 -0.932156
915.851 -369.27 -0.927319
916.077 -369.004 -0.919821
916.298 -368.705 -0.910945
916.515 -368.428 -0.903067
916.734 -368.224 -0.898273
916.951 -368.022 -0.893656
917.164 -367.819 -0.888971
917.371 -367.564 -0.882092
917.569 -367.256 -0.872935
917.764 -366.947 -0.863745
917.935 -366.463 -0.846897
918.097 -365.947 -0.828618
918.257 -365.48 -0.812411
917.959 -361.466 -0.639917
918.087 -361.04 -0.624924
918.138 -360.108 -0.587382
918.287 -359.923 -0.582909
918.447 -359.824 -0.58228
918.605 -359.716 -0.581301
918.535 -358.277 -0.520453
918.556 -357.464 -0.487519
918.665 -357.191 -0.4788
918.793 -357.035 -0.475403
918.902 -356.791 -0.467948
919.071 -356.852 -0.474511
919.317 -357.269 -0.497466
919.497 -357.359 -0.505555
919.685 -357.474 -0.514925
919.88 -357.607 -0.525258
920.079 -357.749 -0.536075
920.252 -357.778 -0.541735
920.395 -357.685 -0.541748
920.542 -357.608 -0.542547
920.686 -357.527 -0.543169
917.046 -343.956 0.0997888
916.963 -343.441 0.122661
917.019 -343.421 0.121915
917.074 -343.401 0.121149
917.13 -343.381 0.120363
917.185 -343.361 0.119557
917.241 -343.341 0.118732
917.296 -343.321 0.117888
917.352 -343.301 0.117023
917.407 -343.28 0.116138
917.462 -343.26 0.115234
917.518 -343.24 0.11431
917.573 -343.22 0.113365
917.629 -343.2 0.1124
916.617 -340.439 0.251032
916.469 -339.962 0.274144
916.502 -339.951 0.273484
916.535 -339.94 0.272812
916.569 -339.929 0.272128
916.602 -339.918 0.271432
916.636 -339.907 0.270723
916.669 -339.896 0.270002
916.702 -339.885 0.269269
916.736 -339.874 0.268523
916.77 -339.863 0.267765
916.803 -339.852 0.266994
916.837 -339.84 0.26621
916.871 -339.829 0.265413
916.905 -339.818 0.264603
916.938 -339.807 0.26378
916.972 -339.795 0.262944
917.006 -339.784 0.262094
917.04 -339.773 0.261231
926.495 -356.847 -0.706855
926.654 -356.781 -0.710576
926.837 -356.754 -0.716613
926.996 -356.684 -0.720255
927.102 -356.526 -0.718837
927.013 -356.041 -0.698348
927.117 -355.888 -0.69714
927.223 -355.74 -0.696205
927.332 -355.597 -0.695641
927.447 -355.467 -0.69579
927.585 -355.374 -0.698282
927.667 -355.195 -0.695534
927.722 -354.978 -0.690464
927.858 -354.884 -0.692962
927.972 -354.759 -0.693542
927.927 -354.407 -0.679991
927.709 -353.816 -0.651266
927.642 -353.452 -0.636488
927.636 -353.179 -0.62735
927.663 -352.955 -0.621276
927.725 -352.783 -0.618441
927.839 -352.682 -0.620191
927.91 -352.524 -0.618267
927.964 -352.346 -0.615048
927.973 -352.115 -0.608248
927.592 -351.403 -0.569012
927.751 -351.369 -0.575105
927.911 -351.336 -0.581356
928.158 -351.403 -0.594647
928.435 -351.502 -0.61034
928.727 -351.612 -0.627078
928.962 -351.653 -0.639194
929.14 -351.624 -0.646611
929.295 -351.568 -0.652233
929.766 -351.856 -0.682802
929.525 -351.366 -0.65722
929.651 -351.277 -0.660678
929.925 -351.343 -0.675678
930.691 -351.911 -0.728547
930.847 -351.839 -0.734035
931.044 -351.808 -0.742734
931.274 -351.807 -0.753933
931.49 -351.789 -0.764038
931.825 -351.883 -0.783129
929.977 -349.898 -0.638489
932.393 -351.958 -0.813342
930.22 -349.719 -0.645873
930.309 -349.6 -0.647291
929.433 -348.614 -0.577651
929.473 -348.464 -0.575894
929.517 -348.318 -0.574432
929.6 -348.207 -0.575907
929.719 -348.127 -0.580045
929.85 -348.057 -0.585116
907.94 -375.135 -1.22785
908.159 -375.55 -1.24767
908.405 -375.819 -1.26116
908.765 -375.338 -1.24195
909.079 -375.126 -1.23458
909.383 -374.968 -1.22966
909.698 -374.696 -1.21982
910.011 -374.41 -1.20939
910.326 -374.061 -1.19628
910.635 -373.716 -1.18339
910.938 -373.382 -1.17105
911.237 -373.037 -1.15829
911.53 -372.699 -1.14588
911.818 -372.369 -1.13384
912.1 -372.05 -1.12237
912.377 -371.733 -1.11102
912.648 -371.426 -1.10014
912.915 -371.126 -1.08964
913.178 -370.824 -1.07909
913.438 -370.471 -1.06627
913.692 -370.17 -1.05581
913.937 -370.051 -1.05362
914.182 -369.859 -1.0482
914.425 -369.663 -1.04261
914.664 -369.462 -1.03686
914.901 -369.266 -1.03142
915.135 -369.07 -1.026
915.366 -368.877 -1.02073
915.595 -368.684 -1.01553
915.819 -368.445 -1.00827
916.04 -368.183 -1.00001
916.26 -367.985 -0.994684
916.477 -367.783 -0.989219
916.692 -367.591 -0.984292
916.904 -367.398 -0.979338
917.113 -367.183 -0.973394
917.311 -366.882 -0.963422
917.507 -366.593 -0.954094
917.689 -366.209 -0.940273
917.852 -365.701 -0.920541
918.027 -365.346 -0.90804
917.42 -358.544 -0.589712
917.568 -358.413 -0.586879
917.717 -358.302 -0.585011
917.866 -358.202 -0.583725
917.7 -355.988 -0.480955
917.835 -355.911 -0.480464
917.97 -355.834 -0.480089
918.095 -355.701 -0.476969
918.215 -355.551 -0.473056
918.335 -355.414 -0.469834
918.49 -355.464 -0.475737
918.654 -355.555 -0.483764
918.839 -355.738 -0.496408
919.03 -355.934 -0.509839
919.264 -356.311 -0.532414
919.432 -356.371 -0.539371
919.592 -356.394 -0.544536
919.732 -356.328 -0.545349
919.871 -356.262 -0.546169
920.013 -356.21 -0.547744
920.161 -356.18 -0.550502
920.303 -356.129 -0.552236
920.436 -356.045 -0.552351
917.086 -343.869 0.0709966
917.018 -343.421 0.0923661
917.073 -343.4 0.0916119
917.129 -343.38 0.0908362
917.184 -343.36 0.0900397
917.24 -343.34 0.0892221
917.295 -343.32 0.0883831
917.351 -343.3 0.0875232
917.406 -343.28 0.0866418
917.462 -343.26 0.0857393
917.517 -343.239 0.0848149
917.572 -343.219 0.0838691
916.686 -340.729 0.217352
916.523 -340.199 0.244923
916.462 -339.945 0.257556
916.495 -339.934 0.256891
916.528 -339.923 0.256213
916.561 -339.912 0.255522
916.595 -339.901 0.254818
916.628 -339.89 0.254101
916.661 -339.879 0.253372
916.695 -339.868 0.252629
916.728 -339.857 0.251873
916.761 -339.846 0.251104
916.795 -339.835 0.250321
916.829 -339.824 0.249524
916.862 -339.813 0.248714
916.896 -339.802 0.247891
916.93 -339.79 0.247053
916.963 -339.779 0.246201
916.997 -339.768 0.245336
917.031 -339.756 0.244456
917.065 -339.745 0.243561
924.88 -353.618 -0.603839
925.147 -353.79 -0.621146
926.072 -355.092 -0.708415
926.165 -354.936 -0.706199
926.32 -354.885 -0.710594
926.446 -354.786 -0.712085
926.539 -354.633 -0.710151
926.645 -354.504 -0.709781
926.763 -354.395 -0.710696
926.873 -354.274 -0.710862
926.965 -354.127 -0.70941
927.053 -353.975 -0.707621
927.134 -353.816 -0.705309
927.23 -353.68 -0.704617
927.325 -353.544 -0.703901
927.317 -353.265 -0.693521
927.373 -353.08 -0.689444
927.508 -353.006 -0.692898
927.541 -352.793 -0.68688
927.609 -352.63 -0.684282
927.67 -352.462 -0.681235
927.791 -352.371 -0.683652
927.801 -352.14 -0.676226
927.341 -351.321 -0.626825
927.452 -351.231 -0.629003
927.58 -351.163 -0.632777
927.702 -351.085 -0.635947
927.794 -350.973 -0.636615
927.955 -350.941 -0.643332
928.03 -350.809 -0.64264
928.199 -350.784 -0.650023
928.416 -350.812 -0.661533
929.04 -351.287 -0.707444
929.191 -351.23 -0.713087
929.29 -351.114 -0.714343
929.413 -351.026 -0.717742
929.578 -350.98 -0.72464
929.778 -350.969 -0.734399
930.09 -351.07 -0.753293
930.913 -351.678 -0.813667
931.119 -351.656 -0.823595
931.342 -351.646 -0.834784
929.677 -349.816 -0.694658
928.953 -348.927 -0.631039
929.02 -348.8 -0.630858
929.103 -348.689 -0.632057
929.222 -348.611 -0.636109
929.28 -348.478 -0.635512
929.341 -348.348 -0.63512
929.429 -348.243 -0.636952
929.512 -348.133 -0.63843
929.606 -348.032 -0.640752
929.757 -347.98 -0.647555
929.903 -347.922 -0.654008
909.13 -369.493 -1.10384
909.387 -369.413 -1.10138
909.643 -369.323 -1.09857
909.896 -369.243 -1.0963
910.149 -369.153 -1.09365
910.399 -369.073 -1.09152
910.65 -368.977 -1.08875
910.898 -368.883 -1.08616
911.144 -368.795 -1.08389
911.389 -368.701 -1.08145
911.633 -368.607 -1.07906
911.871 -368.555 -1.07876
912.104 -368.562 -1.0814
912.334 -368.608 -1.08599
912.565 -368.653 -1.09062
912.796 -368.698 -1.09531
913.027 -368.741 -1.10004
913.259 -368.783 -1.10481
913.492 -368.824 -1.10964
913.725 -368.864 -1.11452
913.96 -368.82 -1.11539
914.195 -368.722 -1.1137
914.429 -368.584 -1.11016
914.661 -368.443 -1.10655
914.891 -368.302 -1.10302
915.119 -368.165 -1.0997
915.345 -368.009 -1.09551
915.569 -367.859 -1.09171
915.788 -367.623 -1.08367
916.005 -367.41 -1.07682
916.217 -367.174 -1.06888
916.427 -366.939 -1.06102
916.634 -366.709 -1.05349
916.838 -366.483 -1.0461
917.036 -366.224 -1.03714
917.224 -365.885 -1.02418
917.387 -365.317 -0.999686
916.823 -357.503 -0.609004
916.954 -357.268 -0.600222
917.087 -357.07 -0.593294
917.058 -355.549 -0.518964
917.091 -354.685 -0.477821
917.222 -354.639 -0.478442
917.356 -354.613 -0.480114
917.491 -354.593 -0.482117
917.608 -354.462 -0.478486
917.723 -354.326 -0.474582
917.846 -354.247 -0.473657
917.982 -354.246 -0.476825
918.127 -354.292 -0.482526
918.285 -354.401 -0.491654
918.464 -354.607 -0.505938
918.659 -354.871 -0.523502
918.831 -355.01 -0.53455
919.004 -355.138 -0.545118
919.137 -355.086 -0.546195
919.269 -355.028 -0.546963
919.404 -354.984 -0.548541
919.537 -354.933 -0.549829
919.672 -354.891 -0.551624
919.8 -354.824 -0.552119
919.928 -354.758 -0.552665
916.97 -343.689 0.0516679
917.027 -343.668 0.0509538
917.084 -343.647 0.0502182
917.073 -343.4 0.0620711
917.128 -343.379 0.0613059
917.184 -343.359 0.0605183
917.239 -343.339 0.0597078
917.295 -343.319 0.0588751
917.35 -343.299 0.0580198
917.405 -343.279 0.0571415
917.461 -343.259 0.0562404
917.516 -343.239 0.0553164
917.572 -343.219 0.0543693
916.584 -340.462 0.212588
916.438 -339.98 0.239358
916.455 -339.928 0.241082
916.488 -339.918 0.240411
916.521 -339.907 0.239728
916.554 -339.896 0.23903
916.587 -339.885 0.238319
916.62 -339.874 0.237595
916.654 -339.863 0.236857
916.687 -339.852 0.236104
916.72 -339.841 0.235338
916.753 -339.83 0.234558
916.787 -339.819 0.233764
916.82 -339.808 0.232955
916.854 -339.796 0.232132
916.887 -339.785 0.231295
916.921 -339.774 0.230442
916.955 -339.763 0.229576
916.988 -339.751 0.228694
917.022 -339.74 0.227797
917.056 -339.729 0.226885
917.09 -339.717 0.225958
924.22 -352.165 -0.589331
924.325 -352.077 -0.590109
924.443 -352.01 -0.592357
924.59 -351.992 -0.597872
924.73 -351.961 -0.602671
924.896 -351.972 -0.610324
925.074 -351.998 -0.619143
925.199 -351.938 -0.62223
925.305 -351.849 -0.623341
925.407 -351.754 -0.624151
925.534 -351.697 -0.627582
925.65 -351.624 -0.630022
925.776 -351.564 -0.633401
925.878 -351.469 -0.634396
926.291 -351.815 -0.666903
926.455 -351.802 -0.674096
926.525 -351.657 -0.671786
927.003 -352.067 -0.709993
927.183 -352.064 -0.718422
927.296 -351.971 -0.720361
927.025 -351.381 -0.685303
927.115 -351.266 -0.685389
927.221 -351.172 -0.68711
927.336 -351.09 -0.68978
927.461 -351.019 -0.693371
927.592 -350.955 -0.697605
927.139 -350.196 -0.647678
927.149 -349.998 -0.641114
927.165 -349.811 -0.635375
927.19 -349.636 -0.630489
927.287 -349.545 -0.632279
927.407 -349.479 -0.636182
927.5 -349.383 -0.637725
928.802 -350.591 -0.746659
928.024 -349.552 -0.670836
928.212 -349.55 -0.680636
928.384 -349.53 -0.689082
929.524 -350.495 -0.781624
928.102 -348.856 -0.651919
928.109 -348.675 -0.646419
928.545 -348.915 -0.677684
928.746 -348.921 -0.688832
928.834 -348.815 -0.690284
928.901 -348.69 -0.690076
928.995 -348.59 -0.692127
929.108 -348.509 -0.695912
929.172 -348.382 -0.695624
929.252 -348.271 -0.696734
929.343 -348.169 -0.698773
929.43 -348.063 -0.700569
929.53 -347.969 -0.703489
929.665 -347.904 -0.709264
929.812 -347.848 -0.71606
929.951 -347.784 -0.722262
 ] }
 color Color { color [
0.0815583 0 0.918442
0.0812088 0 0.918791
0.0811675 0 0.918832
0.081131 0 0.918869
0.0810983 0 0.918902
0.0810693 0 0.918931
0.0810445 0 0.918956
0.081024 0 0.918976
0.0810075 0 0.918993
0.0809948 0 0.919005
0.0809866 0 0.919013
0.0812516 0 0.918748
0.083249 0 0.916751
0.0810084 0 0.918992
0.0809375 0 0.919062
0.0809493 0 0.919051
0.0809646 0 0.919035
0.0809848 0 0.919015
0.0810084 0 0.918992
0.0810362 0 0.918964
0.0810681 0 0.918932
0.0811037 0 0.918896
0.0811439 0 0.918856
0.0811882 0 0.918812
0.0835677 0 0.916432
0.14453 0 0.85547
0.144673 0 0.855327
0.144824 0 0.855176
0.144982 0 0.855018
0.145148 0 0.854852
0.270947 0 0.729053
0.268937 0 0.731063
0.0815439 0 0.918456
0.0811931 0 0.918807
0.0811524 0 0.918848
0.0811152 0 0.918885
0.0810825 0 0.918917
0.0810538 0 0.918946
0.0810293 0 0.918971
0.0810088 0 0.918991
0.0809921 0 0.919008
0.0809794 0 0.919021
0.0809708 0 0.919029
0.0812343 0 0.918766
0.0832328 0 0.916767
0.0809947 0 0.919005
0.0809218 0 0.919078
0.0809336 0 0.919066
0.0809492 0 0.919051
0.0809691 0 0.919031
0.0809929 0 0.919007
0.0810205 0 0.91898
0.0810524 0 0.918948
0.0810883 0 0.918912
0.0811282 0 0.918872
0.0811724 0 0.918828
0.0835514 0 0.916449
0.144497 0 0.855503
0.14464 0 0.85536
0.144791 0 0.855209
0.144949 0 0.855051
0.145115 0 0.854885
0.270963 0 0.729037
0.268921 0 0.731079
0.268867 0 0.731133
0.0815301 0 0.91847
0.0811786 0 0.918821
0.0811379 0 0.918862
0.0811007 0 0.918899
0.081023 0 0.918977
0.0809905 0 0.91901
0.0809625 0 0.919037
0.0809382 0 0.919062
0.0809774 0 0.919023
0.0809649 0 0.919035
0.0809567 0 0.919043
0.0812178 0 0.918782
0.0832179 0 0.916782
0.0809824 0 0.919018
0.0809074 0 0.919093
0.0809192 0 0.919081
0.0807503 0 0.91925
0.0807671 0 0.919233
0.0807876 0 0.919212
0.0808128 0 0.919187
0.080842 0 0.919158
0.0810739 0 0.918926
0.0811141 0 0.918886
0.0811581 0 0.918842
0.0835362 0 0.916464
0.144466 0 0.855534
0.144609 0 0.855391
0.14476 0 0.85524
0.144918 0 0.855082
0.145083 0 0.854917
0.27098 0 0.72902
0.268908 0 0.731092
0.268832 0 0.731168
0.0815179 0 0.918482
0.0811651 0 0.918835
0.0811241 0 0.918876
0.0810872 0 0.918913
0.0807093 0 0.919291
0.0806769 0 0.919323
0.0806492 0 0.919351
0.0806253 0 0.919375
0.0809642 0 0.919036
0.0809515 0 0.919048
0.0809433 0 0.919057
0.0812023 0 0.918798
0.083204 0 0.916796
0.0809707 0 0.919029
0.080894 0 0.919106
0.0809058 0 0.919094
0.0804382 0 0.919562
0.0804545 0 0.919546
0.0804751 0 0.919525
0.0804998 0 0.9195
0.0805287 0 0.919471
0.0810602 0 0.91894
0.0811004 0 0.9189
0.0811443 0 0.918856
0.0835223 0 0.916478
0.144437 0 0.855563
0.14458 0 0.85542
0.14473 0 0.85527
0.144888 0 0.855112
0.145054 0 0.854946
0.271002 0 0.728998
0.268899 0 0.731101
0.268809 0 0.731191
0.439931 0 0.560069
0.435768 0 0.564232
0.0815065 0 0.918494
0.0811526 0 0.918847
0.0811116 0 0.918888
0.0810747 0 0.918925
0.0804587 0 0.919541
0.0804304 0 0.91957
0.0804058 0 0.919594
0.0803854 0 0.919615
0.0809515 0 0.919049
0.0809392 0 0.919061
0.0809305 0 0.919069
0.0811884 0 0.918812
0.0831912 0 0.916809
0.0809601 0 0.91904
0.0808816 0 0.919118
0.0808934 0 0.919107
0.0804023 0 0.919598
0.0803426 0 0.919657
0.0803661 0 0.919634
0.0803936 0 0.919606
0.080425 0 0.919575
0.0810478 0 0.918952
0.0600751 0 0.939925
0.0811316 0 0.918868
0.0835095 0 0.91649
0.144409 0 0.855591
0.144552 0 0.855448
0.144703 0 0.855297
0.144861 0 0.855139
0.145026 0 0.854974
0.271025 0 0.728975
0.268892 0 0.731108
0.268803 0 0.731197
0.437019 0 0.562981
0.436106 0 0.563894
0.0814963 0 0.918504
0.0811411 0 0.918859
0.0811001 0 0.9189
0.0810636 0 0.918936
0.0804473 0 0.919553
0.0804187 0 0.919581
0.0803945 0 0.919606
0.0803739 0 0.919626
0.0809404 0 0.91906
0.0809277 0 0.919072
0.0809191 0 0.919081
0.081175 0 0.918825
0.0831798 0 0.91682
0.0809508 0 0.919049
0.0808702 0 0.91913
0.0808821 0 0.919118
0.0803931 0 0.919607
0.0803312 0 0.919669
0.0803547 0 0.919645
0.0803822 0 0.919618
0.0804136 0 0.919586
0.0810364 0 0.918964
0.0601162 0 0.939884
0.0811202 0 0.91888
0.0834974 0 0.916503
0.144384 0 0.855616
0.144527 0 0.855473
0.144677 0 0.855323
0.144835 0 0.855165
0.145 0 0.855
0.271052 0 0.728948
0.268889 0 0.731111
0.2688 0 0.7312
0.436585 0 0.563415
0.436449 0 0.56355
0.0814866 0 0.918513
0.0811308 0 0.918869
0.0810897 0 0.91891
0.0810531 0 0.918947
0.0804368 0 0.919563
0.0804086 0 0.919591
0.080384 0 0.919616
0.0803635 0 0.919636
0.0809296 0 0.91907
0.0809173 0 0.919083
0.0809087 0 0.919091
0.0811628 0 0.918837
0.083169 0 0.916831
0.0809422 0 0.919058
0.0808595 0 0.919141
0.0808713 0 0.919129
0.0803844 0 0.919616
0.0803208 0 0.919679
0.0803443 0 0.919656
0.0803715 0 0.919629
0.0804036 0 0.919596
0.0810257 0 0.918974
0.0602001 0 0.9398
0.0811099 0 0.91889
0.0834867 0 0.916513
0.14436 0 0.85564
0.144503 0 0.855497
0.144653 0 0.855347
0.144811 0 0.855189
0.144976 0 0.855024
0.271079 0 0.728921
0.26889 0 0.73111
0.2688 0 0.7312
0.436934 0 0.563066
0.436798 0 0.563202
0.0814777 0 0.918522
0.081121 0 0.918879
0.0810804 0 0.91892
0.0810437 0 0.918956
0.0804277 0 0.919572
0.0803991 0 0.919601
0.0803745 0 0.919625
0.0803541 0 0.919646
0.0809202 0 0.91908
0.0809079 0 0.919092
0.0808993 0 0.919101
0.0811519 0 0.918848
0.0831593 0 0.916841
0.0809342 0 0.919066
0.0808504 0 0.91915
0.0808619 0 0.919138
0.0803768 0 0.919623
0.0803114 0 0.919689
0.080335 0 0.919665
0.0803621 0 0.919638
0.0803942 0 0.919606
0.0810163 0 0.918984
0.0810563 0 0.918944
0.0811002 0 0.9189
0.0834767 0 0.916523
0.144338 0 0.855662
0.14448 0 0.85552
0.144631 0 0.855369
0.144788 0 0.855212
0.144954 0 0.855046
0.372547 0 0.627453
0.369268 0 0.630732
0.361444 0 0.638556
0.351002 0 0.648998
0.36353 0 0.63647
0.362666 0 0.637334
0.271109 0 0.728891
0.268893 0 0.731107
0.268804 0 0.731196
0.366187 0 0.633813
0.366768 0 0.633232
0.432215 0 0.567785
0.429858 0 0.570142
0.427438 0 0.572562
0.424851 0 0.575149
0.0814704 0 0.91853
0.0811125 0 0.918887
0.0810719 0 0.918928
0.0810352 0 0.918965
0.0804192 0 0.919581
0.0803906 0 0.919609
0.0803664 0 0.919634
0.080346 0 0.919654
0.0809121 0 0.919088
0.0808991 0 0.919101
0.0808908 0 0.919109
0.0811418 0 0.918858
0.0831506 0 0.916849
0.0809276 0 0.919072
0.080842 0 0.919158
0.0808536 0 0.919146
0.0803705 0 0.919629
0.0803031 0 0.919697
0.0803266 0 0.919673
0.0803541 0 0.919646
0.0803856 0 0.919614
0.081008 0 0.918992
0.0810479 0 0.918952
0.0810918 0 0.918908
0.083468 0 0.916532
0.144317 0 0.855683
0.14446 0 0.85554
0.14461 0 0.85539
0.144768 0 0.855232
0.144933 0 0.855067
0.368415 0 0.631585
0.368647 0 0.631353
0.371338 0 0.628662
0.351215 0 0.648785
0.360616 0 0.639384
0.358282 0 0.641718
0.35788 0 0.64212
0.310949 0 0.689051
0.308397 0 0.691603
0.31025 0 0.68975
0.346007 0 0.653993
0.346632 0 0.653368
0.271144 0 0.728856
0.2689 0 0.7311
0.268811 0 0.731189
0.361607 0 0.638393
0.361848 0 0.638152
0.362267 0 0.637733
0.363975 0 0.636025
0.365605 0 0.634395
0.421454 0 0.578546
0.421011 0 0.578989
0.0814635 0 0.918536
0.0811053 0 0.918895
0.0810641 0 0.918936
0.0810274 0 0.918973
0.080412 0 0.919588
0.0803834 0 0.919617
0.0803589 0 0.919641
0.0803385 0 0.919662
0.0809046 0 0.919095
0.0808917 0 0.919108
0.0808834 0 0.919117
0.0811333 0 0.918867
0.083247 0 0.916753
0.0809216 0 0.919078
0.0808343 0 0.919166
0.0808458 0 0.919154
0.0803645 0 0.919635
0.0802957 0 0.919704
0.0803192 0 0.919681
0.0803467 0 0.919653
0.0803782 0 0.919622
0.0810006 0 0.918999
0.0810405 0 0.918959
0.0810841 0 0.918916
0.0836055 0 0.916395
0.144299 0 0.855701
0.144442 0 0.855558
0.144592 0 0.855408
0.144749 0 0.855251
0.144915 0 0.855085
0.365577 0 0.634423
0.345641 0 0.654359
0.344968 0 0.655032
0.345644 0 0.654356
0.348436 0 0.651564
0.307757 0 0.692243
0.305655 0 0.694345
0.305689 0 0.694311
0.305324 0 0.694676
0.302687 0 0.697313
0.301664 0 0.698336
0.301638 0 0.698362
0.321559 0 0.678441
0.27118 0 0.72882
0.26891 0 0.73109
0.268821 0 0.731179
0.347908 0 0.652092
0.347349 0 0.652651
0.346054 0 0.653946
0.34708 0 0.65292
0.349234 0 0.650766
0.353269 0 0.646731
0.358125 0 0.641875
0.276809 0 0.723191
0.083775 0 0.916225
0.0810988 0 0.918901
0.0810577 0 0.918942
0.0810209 0 0.918979
0.0804055 0 0.919595
0.0803769 0 0.919623
0.0803525 0 0.919648
0.080332 0 0.919668
0.0808979 0 0.919102
0.0808856 0 0.919114
0.080877 0 0.919123
0.0835254 0 0.916475
0.0835283 0 0.916472
0.083535 0 0.916465
0.0808282 0 0.919172
0.0808395 0 0.91916
0.0803602 0 0.91964
0.0803647 0 0.919635
0.0803913 0 0.919609
0.0804223 0 0.919578
0.0804572 0 0.919543
0.080994 0 0.919006
0.0810339 0 0.918966
0.0810778 0 0.918922
0.0838887 0 0.916111
0.144282 0 0.855718
0.144424 0 0.855576
0.144575 0 0.855425
0.144732 0 0.855268
0.144897 0 0.855103
0.345324 0 0.654676
0.343046 0 0.656954
0.342274 0 0.657726
0.34095 0 0.65905
0.339249 0 0.660751
0.304814 0 0.695186
0.301054 0 0.698946
0.301518 0 0.698482
0.302191 0 0.697809
0.300993 0 0.699007
0.299718 0 0.700282
0.299293 0 0.700707
0.299959 0 0.700041
0.301072 0 0.698928
0.27122 0 0.72878
0.268924 0 0.731076
0.268835 0 0.731165
0.324281 0 0.675719
0.324905 0 0.675095
0.268314 0 0.731686
0.266177 0 0.733823
0.265235 0 0.734765
0.265148 0 0.734852
0.266186 0 0.733814
0.269791 0 0.730209
0.271962 0 0.728038
0.59891 0 0.40109
0.593106 0 0.406894
0.590099 0 0.409901
0.579073 0 0.420927
0.0844697 0 0.91553
0.081093 0 0.918907
0.0810524 0 0.918948
0.0810157 0 0.918984
0.0806279 0 0.919372
0.0806016 0 0.919398
0.08058 0 0.91942
0.0805621 0 0.919438
0.0808925 0 0.919108
0.0808801 0 0.91912
0.0808716 0 0.919128
0.0841877 0 0.915812
0.0841873 0 0.915813
0.0841908 0 0.915809
0.0808225 0 0.919178
0.0808344 0 0.919166
0.0806154 0 0.919385
0.0806383 0 0.919362
0.0806651 0 0.919335
0.0806963 0 0.919304
0.0807315 0 0.919269
0.0809886 0 0.919011
0.0810285 0 0.918971
0.0844589 0 0.915541
0.0845086 0 0.915491
0.144267 0 0.855733
0.14441 0 0.85559
0.14456 0 0.85544
0.144717 0 0.855283
0.144882 0 0.855118
0.553023 0 0.446977
0.554019 0 0.445981
0.555857 0 0.444143
0.547486 0 0.452514
0.545517 0 0.454483
0.543139 0 0.456861
0.540997 0 0.459003
0.543669 0 0.456331
0.544575 0 0.455425
0.546583 0 0.453417
0.55007 0 0.44993
0.390114 0 0.609886
0.388358 0 0.611642
0.366416 0 0.633584
0.335686 0 0.664314
0.332483 0 0.667517
0.330618 0 0.669382
0.331571 0 0.668429
0.298318 0 0.701682
0.294058 0 0.705942
0.295069 0 0.704931
0.29772 0 0.70228
0.296988 0 0.703012
0.296683 0 0.703317
0.288095 0 0.711905
0.285764 0 0.714236
0.286813 0 0.713187
0.297639 0 0.702361
0.298415 0 0.701585
0.299396 0 0.700604
0.271258 0 0.728742
0.268941 0 0.731059
0.268852 0 0.731148
0.268298 0 0.731702
0.265759 0 0.734241
0.264819 0 0.735181
0.264685 0 0.735315
0.26377 0 0.73623
0.263713 0 0.736287
0.264683 0 0.735317
0.265248 0 0.734752
0.268462 0 0.731538
0.269976 0 0.730024
0.593351 0 0.406649
0.587406 0 0.412594
0.582554 0 0.417446
0.577913 0 0.422087
0.573053 0 0.426947
0.567799 0 0.432201
0.561655 0 0.438345
0.525376 0 0.474624
0.523127 0 0.476873
0.52091 0 0.47909
0.518719 0 0.481281
0.516496 0 0.483504
0.514356 0 0.485644
0.512192 0 0.487808
0.5101 0 0.4899
0.508035 0 0.491965
0.506312 0 0.493688
0.504637 0 0.495363
0.0844647 0 0.915535
0.0844182 0 0.915582
0.081048 0 0.918952
0.0810112 0 0.918989
0.0809045 0 0.919096
0.0808779 0 0.919122
0.080856 0 0.919144
0.0808379 0 0.919162
0.0808393 0 0.919161
0.0808757 0 0.919124
0.0841878 0 0.915812
0.0841832 0 0.915817
0.0841828 0 0.915817
0.0841866 0 0.915813
0.0841943 0 0.915806
0.0808297 0 0.91917
0.0808453 0 0.919155
0.0808649 0 0.919135
0.0808888 0 0.919111
0.0809164 0 0.919084
0.0809483 0 0.919052
0.0809843 0 0.919016
0.0810242 0 0.918976
0.0502006 0 0.949799
0.050144 0 0.949856
0.144254 0 0.855746
0.144397 0 0.855603
0.144546 0 0.855454
0.144704 0 0.855296
0.144869 0 0.855131
0.477187 0 0.522813
0.474529 0 0.525471
0.474194 0 0.525806
0.473278 0 0.526722
0.472672 0 0.527328
0.471798 0 0.528202
0.470284 0 0.529716
0.468884 0 0.531116
0.468548 0 0.531452
0.469519 0 0.530481
0.472429 0 0.527571
0.475267 0 0.524733
0.484971 0 0.515029
0.481384 0 0.518616
0.481828 0 0.518172
0.480142 0 0.519858
0.374521 0 0.625479
0.365869 0 0.634131
0.338142 0 0.661857
0.318075 0 0.681925
0.313725 0 0.686275
0.296724 0 0.703276
0.295199 0 0.704801
0.294019 0 0.705981
0.291933 0 0.708067
0.292049 0 0.707951
0.292601 0 0.707399
0.29235 0 0.70765
0.291581 0 0.708419
0.289267 0 0.710733
0.286484 0 0.713516
0.282887 0 0.717113
0.282934 0 0.717066
0.285907 0 0.714093
0.296308 0 0.703692
0.274387 0 0.725613
0.271303 0 0.728697
0.268961 0 0.731039
0.268872 0 0.731128
0.265337 0 0.734663
0.263805 0 0.736195
0.262813 0 0.737187
0.263158 0 0.736842
0.262655 0 0.737345
0.262594 0 0.737406
0.263202 0 0.736798
0.263654 0 0.736346
0.265913 0 0.734087
0.267323 0 0.732677
0.268099 0 0.731901
0.589784 0 0.410216
0.592744 0 0.407256
0.59765 0 0.40235
0.595505 0 0.404495
0.592896 0 0.407104
0.594365 0 0.405635
0.598463 0 0.401537
0.596922 0 0.403078
0.595413 0 0.404587
0.592214 0 0.407786
0.588662 0 0.411338
0.589371 0 0.410629
0.590072 0 0.409928
0.586893 0 0.413107
0.584529 0 0.415471
0.583169 0 0.416831
0.582033 0 0.417967
0.57696 0 0.42304
0.576038 0 0.423962
0.575159 0 0.424841
0.566817 0 0.433183
0.567643 0 0.432357
0.574924 0 0.425076
0.569146 0 0.430854
0.564524 0 0.435476
0.5594 0 0.4406
0.554812 0 0.445188
0.551345 0 0.448655
0.54843 0 0.45157
0.539347 0 0.460653
0.533279 0 0.466721
0.527428 0 0.472572
0.521596 0 0.478404
0.516893 0 0.483107
0.510784 0 0.489216
0.506258 0 0.493742
0.50223 0 0.49777
0.498935 0 0.501065
0.496787 0 0.503213
0.494709 0 0.505291
0.492732 0 0.507268
0.490716 0 0.509284
0.48873 0 0.51127
0.486532 0 0.513469
0.48293 0 0.51707
0.478281 0 0.521719
0.47618 0 0.52382
0.47445 0 0.52555
0.472679 0 0.527321
0.470847 0 0.529153
0.468621 0 0.531379
0.0844613 0 0.915539
0.0844146 0 0.915585
0.0810448 0 0.918955
0.0810078 0 0.918992
0.0809752 0 0.919025
0.0809467 0 0.919053
0.0809219 0 0.919078
0.0809015 0 0.919098
0.0808849 0 0.919115
0.080872 0 0.919128
0.0841843 0 0.915816
0.0841797 0 0.91582
0.0841793 0 0.915821
0.0841831 0 0.915817
0.0841905 0 0.91581
0.0808266 0 0.919173
0.0808419 0 0.919158
0.0808618 0 0.919138
0.0808855 0 0.919115
0.0809131 0 0.919087
0.080945 0 0.919055
0.0809809 0 0.919019
0.0844049 0 0.915595
0.0844508 0 0.915549
0.0502599 0 0.94974
0.144242 0 0.855758
0.144385 0 0.855615
0.144535 0 0.855465
0.144692 0 0.855308
0.144858 0 0.855142
0.416708 0 0.583292
0.417433 0 0.582567
0.418264 0 0.581736
0.419239 0 0.58076
0.420412 0 0.579588
0.421909 0 0.578092
0.424546 0 0.575454
0.42919 0 0.57081
0.428179 0 0.571821
0.425455 0 0.574545
0.423969 0 0.576031
0.422818 0 0.577182
0.421182 0 0.578818
0.419593 0 0.580407
0.418308 0 0.581692
0.37599 0 0.624009
0.35252 0 0.64748
0.311266 0 0.688734
0.309469 0 0.690531
0.294688 0 0.705312
0.292047 0 0.707953
0.291048 0 0.708952
0.290686 0 0.709314
0.290107 0 0.709893
0.290494 0 0.709506
0.29059 0 0.70941
0.290579 0 0.709421
0.290251 0 0.709749
0.289158 0 0.710842
0.287446 0 0.712554
0.283413 0 0.716587
0.278637 0 0.721363
0.276898 0 0.723102
0.274357 0 0.725643
0.27182 0 0.72818
0.271157 0 0.728843
0.271353 0 0.728647
0.268984 0 0.731016
0.264458 0 0.735542
0.261243 0 0.738757
0.259542 0 0.740458
0.260608 0 0.739392
0.260942 0 0.739058
0.261553 0 0.738447
0.261487 0 0.738513
0.26181 0 0.73819
0.262342 0 0.737658
0.263991 0 0.736009
0.265073 0 0.734927
0.264719 0 0.735281
0.264766 0 0.735234
0.578091 0 0.421909
0.573735 0 0.426265
0.569512 0 0.430488
0.567174 0 0.432826
0.566992 0 0.433008
0.563754 0 0.436246
0.562114 0 0.437886
0.561476 0 0.438524
0.561703 0 0.438297
0.485119 0 0.514881
0.487573 0 0.512427
0.557009 0 0.442991
0.470131 0 0.529869
0.452024 0 0.547976
0.449534 0 0.550466
0.45215 0 0.54785
0.454138 0 0.545862
0.456433 0 0.543567
0.45972 0 0.54028
0.462558 0 0.537442
0.466025 0 0.533975
0.52832 0 0.47168
0.525595 0 0.474405
0.518733 0 0.481267
0.504957 0 0.495043
0.503094 0 0.496906
0.50284 0 0.49716
0.512338 0 0.487662
0.509383 0 0.490617
0.507321 0 0.492679
0.508903 0 0.491097
0.511613 0 0.488387
0.515382 0 0.484618
0.519385 0 0.480615
0.521638 0 0.478362
0.517225 0 0.482775
0.514535 0 0.485465
0.508514 0 0.491486
0.504906 0 0.495094
0.503618 0 0.496382
0.502857 0 0.497143
0.500281 0 0.499719
0.497386 0 0.502614
0.496976 0 0.503024
0.493713 0 0.506287
0.490799 0 0.509201
0.489317 0 0.510683
0.487429 0 0.512571
0.485117 0 0.514883
0.409678 0 0.590322
0.406758 0 0.593242
0.408299 0 0.591701
0.411759 0 0.588241
0.470369 0 0.529631
0.443542 0 0.556458
0.462524 0 0.537476
0.458889 0 0.541111
0.455746 0 0.544254
0.451108 0 0.548892
0.447007 0 0.552993
0.442829 0 0.557171
0.43802 0 0.56198
0.431267 0 0.568733
0.425863 0 0.574137
0.421802 0 0.578198
0.41807 0 0.58193
0.414298 0 0.585702
0.408682 0 0.591318
0.403782 0 0.596218
0.0844588 0 0.915541
0.0841711 0 0.915829
0.0841267 0 0.915873
0.0810056 0 0.918994
0.0809751 0 0.919025
0.0809484 0 0.919052
0.0809261 0 0.919074
0.0809082 0 0.919092
0.0808941 0 0.919106
0.0839307 0 0.916069
0.0839193 0 0.916081
0.0839115 0 0.916089
0.0839078 0 0.916092
0.0839083 0 0.916092
0.0839126 0 0.916087
0.0839215 0 0.916079
0.0809651 0 0.919035
0.0809885 0 0.919011
0.0810159 0 0.918984
0.0810473 0 0.918953
0.0810834 0 0.918917
0.0811231 0 0.918877
0.0840947 0 0.915905
0.0499246 0 0.950075
0.0499702 0 0.95003
0.0500186 0 0.949981
0.0500688 0 0.949931
0.0501225 0 0.949878
0.144683 0 0.855317
0.144848 0 0.855152
0.385948 0 0.614052
0.386405 0 0.613595
0.386316 0 0.613684
0.384926 0 0.615074
0.383684 0 0.616316
0.382329 0 0.617671
0.381068 0 0.618932
0.379795 0 0.620205
0.379334 0 0.620666
0.37765 0 0.62235
0.375781 0 0.624219
0.375014 0 0.624986
0.374962 0 0.625038
0.371937 0 0.628063
0.361346 0 0.638654
0.344787 0 0.655213
0.316277 0 0.683723
0.289175 0 0.710825
0.285866 0 0.714134
0.285617 0 0.714383
0.287057 0 0.712943
0.288458 0 0.711542
0.28667 0 0.71333
0.28821 0 0.71179
0.288812 0 0.711188
0.288759 0 0.711241
0.288701 0 0.711299
0.28831 0 0.71169
0.287258 0 0.712742
0.285396 0 0.714604
0.277916 0 0.722084
0.275835 0 0.724165
0.273942 0 0.726058
0.270755 0 0.729245
0.268945 0 0.731055
0.267931 0 0.732069
0.258966 0 0.741034
0.256459 0 0.743541
0.255828 0 0.744172
0.255458 0 0.744542
0.256408 0 0.743592
0.256448 0 0.743552
0.258056 0 0.741944
0.258967 0 0.741033
0.259794 0 0.740206
0.260043 0 0.739957
0.251493 0 0.748507
0.250952 0 0.749048
0.250554 0 0.749446
0.251238 0 0.748762
0.254154 0 0.745846
0.254588 0 0.745412
0.501681 0 0.498319
0.500434 0 0.499566
0.491575 0 0.508425
0.488749 0 0.511251
0.486541 0 0.513459
0.485117 0 0.514883
0.483883 0 0.516117
0.482134 0 0.517866
0.48026 0 0.51974
0.47334 0 0.52666
0.459636 0 0.540364
0.446932 0 0.553068
0.437077 0 0.562923
0.43021 0 0.56979
0.424495 0 0.575505
0.422244 0 0.577756
0.418528 0 0.581472
0.416753 0 0.583247
0.414477 0 0.585523
0.411774 0 0.588226
0.410625 0 0.589375
0.408156 0 0.591844
0.406958 0 0.593042
0.404841 0 0.595159
0.403489 0 0.596511
0.401703 0 0.598297
0.400194 0 0.599806
0.398689 0 0.601311
0.397076 0 0.602924
0.395634 0 0.604366
0.394177 0 0.605823
0.392768 0 0.607232
0.391385 0 0.608615
0.390013 0 0.609987
0.387119 0 0.612881
0.381209 0 0.618791
0.375987 0 0.624013
0.373261 0 0.626739
0.371539 0 0.628461
0.370809 0 0.629191
0.369175 0 0.630825
0.368494 0 0.631506
0.367805 0 0.632195
0.367117 0 0.632883
0.366443 0 0.633557
0.365782 0 0.634218
0.365135 0 0.634865
0.364503 0 0.635497
0.36389 0 0.63611
0.36336 0 0.63664
0.363838 0 0.636162
0.366324 0 0.633676
0.379574 0 0.620426
0.392546 0 0.607454
0.389505 0 0.610495
0.379979 0 0.620021
0.376358 0 0.623641
0.374191 0 0.625809
0.369797 0 0.630203
0.368795 0 0.631205
0.376016 0 0.623984
0.381145 0 0.618855
0.377899 0 0.622101
0.373939 0 0.626061
0.36997 0 0.63003
0.36524 0 0.63476
0.361014 0 0.638986
0.359277 0 0.640723
0.0844573 0 0.915543
0.0839358 0 0.916064
0.0838938 0 0.916106
0.0812892 0 0.918711
0.0812584 0 0.918742
0.0812318 0 0.918768
0.0812094 0 0.918791
0.0811913 0 0.918809
0.0811773 0 0.918823
0.0837155 0 0.916285
0.0837068 0 0.916293
0.0837023 0 0.916298
0.0837017 0 0.916298
0.0837055 0 0.916295
0.0837134 0 0.916287
0.0837252 0 0.916275
0.0812486 0 0.918751
0.0812719 0 0.918728
0.0812998 0 0.9187
0.0813315 0 0.918669
0.0813674 0 0.918633
0.083885 0 0.916115
0.0839261 0 0.916074
0.0499215 0 0.950078
0.0499671 0 0.950033
0.0500151 0 0.949985
0.050066 0 0.949934
0.0501194 0 0.949881
0.144771 0 0.855229
0.145193 0 0.854807
0.348418 0 0.651582
0.349796 0 0.650204
0.351318 0 0.648682
0.35109 0 0.64891
0.351703 0 0.648297
0.34965 0 0.65035
0.35028 0 0.64972
0.351274 0 0.648726
0.350739 0 0.649261
0.34453 0 0.65547
0.343971 0 0.656029
0.342041 0 0.657959
0.340956 0 0.659044
0.338447 0 0.661553
0.331212 0 0.668788
0.324373 0 0.675627
0.294929 0 0.70507
0.284835 0 0.715165
0.28037 0 0.71963
0.2783 0 0.7217
0.277309 0 0.722691
0.275119 0 0.724881
0.276388 0 0.723612
0.280042 0 0.719958
0.282906 0 0.717094
0.284672 0 0.715328
0.285156 0 0.714844
0.285335 0 0.714665
0.285245 0 0.714755
0.281879 0 0.718121
0.27568 0 0.72432
0.273618 0 0.726382
0.270125 0 0.729875
0.253926 0 0.746074
0.256208 0 0.743792
0.25554 0 0.74446
0.254664 0 0.745336
0.254334 0 0.745666
0.254091 0 0.745909
0.253984 0 0.746016
0.253917 0 0.746083
0.253609 0 0.746391
0.254162 0 0.745838
0.255446 0 0.744554
0.248049 0 0.751951
0.248878 0 0.751122
0.249063 0 0.750937
0.248605 0 0.751395
0.248995 0 0.751005
0.249576 0 0.750424
0.250285 0 0.749715
0.251446 0 0.748554
0.251796 0 0.748204
0.482449 0 0.517551
0.480489 0 0.519511
0.479222 0 0.520778
0.477981 0 0.522019
0.476766 0 0.523234
0.475577 0 0.524423
0.4744 0 0.5256
0.471629 0 0.528371
0.461985 0 0.538015
0.44837 0 0.55163
0.435936 0 0.564064
0.427528 0 0.572472
0.419732 0 0.580268
0.415817 0 0.584183
0.413635 0 0.586365
0.4115 0 0.5885
0.409446 0 0.590554
0.407532 0 0.592468
0.405432 0 0.594568
0.403788 0 0.596212
0.40188 0 0.59812
0.400226 0 0.599774
0.398556 0 0.601444
0.396943 0 0.603057
0.395416 0 0.604584
0.393908 0 0.606092
0.392418 0 0.607582
0.390973 0 0.609028
0.389555 0 0.610445
0.388162 0 0.611838
0.386796 0 0.613204
0.384734 0 0.615266
0.37913 0 0.62087
0.375152 0 0.624848
0.37185 0 0.62815
0.368875 0 0.631125
0.366858 0 0.633142
0.365155 0 0.634845
0.363188 0 0.636812
0.36148 0 0.63852
0.35981 0 0.64019
0.357968 0 0.642032
0.356256 0 0.643744
0.354247 0 0.645753
0.351951 0 0.648049
0.350534 0 0.649466
0.349168 0 0.650832
0.341323 0 0.658677
0.336793 0 0.663207
0.332684 0 0.667316
0.334217 0 0.665783
0.340575 0 0.659425
0.34604 0 0.65396
0.344671 0 0.655329
0.342534 0 0.657466
0.337602 0 0.662398
0.334557 0 0.665443
0.330428 0 0.669572
0.323783 0 0.676217
0.318151 0 0.681849
0.317645 0 0.682355
0.327629 0 0.672371
0.330658 0 0.669342
0.330302 0 0.669698
0.327761 0 0.672239
0.325894 0 0.674106
0.323508 0 0.676492
0.0844571 0 0.915543
0.0839353 0 0.916065
0.0838933 0 0.916107
0.0838554 0 0.916145
0.0838215 0 0.916179
0.0837918 0 0.916208
0.0837664 0 0.916234
0.0837452 0 0.916255
0.0837279 0 0.916272
0.083715 0 0.916285
0.0837063 0 0.916294
0.0837016 0 0.916298
0.0837012 0 0.916299
0.0837047 0 0.916295
0.0837127 0 0.916287
0.0837248 0 0.916275
0.0837411 0 0.916259
0.0837612 0 0.916239
0.0837858 0 0.916214
0.0838145 0 0.916185
0.0838477 0 0.916152
0.0838847 0 0.916115
0.0839258 0 0.916074
0.049919 0 0.950081
0.0499645 0 0.950035
0.0500126 0 0.949987
0.0500635 0 0.949936
0.0501166 0 0.949883
0.144838 0 0.855162
0.145073 0 0.854927
0.322351 0 0.677649
0.323983 0 0.676017
0.324341 0 0.675659
0.323498 0 0.676502
0.322762 0 0.677238
0.322112 0 0.677888
0.321423 0 0.678577
0.321603 0 0.678397
0.322018 0 0.677982
0.31708 0 0.68292
0.31547 0 0.68453
0.314197 0 0.685803
0.313662 0 0.686338
0.311453 0 0.688547
0.303377 0 0.696623
0.296265 0 0.703735
0.28387 0 0.71613
0.279369 0 0.720631
0.273815 0 0.726185
0.271483 0 0.728517
0.267573 0 0.732427
0.267134 0 0.732866
0.267629 0 0.732371
0.267639 0 0.732361
0.268111 0 0.731889
0.268344 0 0.731656
0.268224 0 0.731776
0.269528 0 0.730472
0.270975 0 0.729025
0.249224 0 0.750776
0.24875 0 0.75125
0.25018 0 0.74982
0.250457 0 0.749543
0.250544 0 0.749456
0.250335 0 0.749665
0.250042 0 0.749958
0.252898 0 0.747102
0.252726 0 0.747274
0.252606 0 0.747394
0.252353 0 0.747647
0.251396 0 0.748604
0.248758 0 0.751242
0.244409 0 0.755591
0.243829 0 0.756171
0.244538 0 0.755462
0.245849 0 0.754151
0.246875 0 0.753125
0.247317 0 0.752683
0.247635 0 0.752365
0.248188 0 0.751812
0.248819 0 0.751181
0.249697 0 0.750303
0.249679 0 0.750321
0.24889 0 0.75111
0.471521 0 0.528479
0.470312 0 0.529688
0.469077 0 0.530923
0.467826 0 0.532174
0.466663 0 0.533337
0.465532 0 0.534468
0.463901 0 0.536099
0.452389 0 0.547611
0.437359 0 0.562641
0.426199 0 0.573801
0.418404 0 0.581596
0.413463 0 0.586537
0.411225 0 0.588775
0.4091 0 0.5909
0.407006 0 0.592994
0.404951 0 0.595049
0.402934 0 0.597066
0.400954 0 0.599046
0.399013 0 0.600987
0.397108 0 0.602892
0.395234 0 0.604766
0.393492 0 0.606508
0.391705 0 0.608295
0.390002 0 0.609998
0.388378 0 0.611622
0.386653 0 0.613347
0.385231 0 0.614769
0.383683 0 0.616317
0.381833 0 0.618167
0.377819 0 0.622181
0.373582 0 0.626418
0.369004 0 0.630996
0.364939 0 0.635061
0.363014 0 0.636986
0.361261 0 0.638739
0.359432 0 0.640568
0.35764 0 0.64236
0.355882 0 0.644118
0.354066 0 0.645934
0.351052 0 0.648948
0.347742 0 0.652258
0.344672 0 0.655328
0.341002 0 0.658998
0.33644 0 0.66356
0.330976 0 0.669024
0.326644 0 0.673356
0.31871 0 0.68129
0.313441 0 0.686559
0.313156 0 0.686844
0.321216 0 0.678784
0.327925 0 0.672075
0.32637 0 0.67363
0.325699 0 0.674301
0.322491 0 0.677509
0.319035 0 0.680965
0.296133 0 0.703867
0.290779 0 0.709221
0.286278 0 0.713722
0.282505 0 0.717495
0.282854 0 0.717146
0.284571 0 0.715429
0.29028 0 0.70972
0.295928 0 0.704072
0.295664 0 0.704336
0.294537 0 0.705463
0.293164 0 0.706836
0.0844577 0 0.915542
0.0839359 0 0.916064
0.0838938 0 0.916106
0.0838557 0 0.916144
0.0838222 0 0.916178
0.0837925 0 0.916207
0.0837671 0 0.916233
0.0837455 0 0.916254
0.0837288 0 0.916271
0.0837157 0 0.916284
0.083707 0 0.916293
0.0837022 0 0.916298
0.0837019 0 0.916298
0.0837058 0 0.916294
0.0837134 0 0.916287
0.0837252 0 0.916275
0.0837415 0 0.916258
0.0837623 0 0.916238
0.0837865 0 0.916213
0.0838152 0 0.916185
0.0838481 0 0.916152
0.0838851 0 0.916115
0.0839266 0 0.916073
0.0499171 0 0.950083
0.0499627 0 0.950037
0.0500108 0 0.949989
0.0500617 0 0.949938
0.0501148 0 0.949885
0.144732 0 0.855268
0.144954 0 0.855046
0.296913 0 0.703087
0.296179 0 0.703821
0.295246 0 0.704754
0.297154 0 0.702846
0.302622 0 0.697378
0.304148 0 0.695852
0.305033 0 0.694967
0.306042 0 0.693958
0.304809 0 0.695191
0.301826 0 0.698174
0.298029 0 0.701971
0.293917 0 0.706083
0.289255 0 0.710745
0.287027 0 0.712973
0.283889 0 0.716111
0.277618 0 0.722382
0.273637 0 0.726363
0.272304 0 0.727696
0.270405 0 0.729595
0.264311 0 0.735689
0.26323 0 0.73677
0.25066 0 0.74934
0.242671 0 0.757329
0.236527 0 0.763473
0.235831 0 0.764169
0.237647 0 0.762353
0.237727 0 0.762273
0.237917 0 0.762083
0.238351 0 0.761649
0.241235 0 0.758765
0.243782 0 0.756218
0.246271 0 0.753729
0.248145 0 0.751855
0.248173 0 0.751827
0.247977 0 0.752023
0.248137 0 0.751863
0.249801 0 0.750199
0.251242 0 0.748758
0.25109 0 0.74891
0.249839 0 0.750161
0.24691 0 0.75309
0.243102 0 0.756898
0.241886 0 0.758114
0.241286 0 0.758714
0.241563 0 0.758437
0.243142 0 0.756858
0.244979 0 0.755021
0.246019 0 0.753981
0.246378 0 0.753622
0.246985 0 0.753015
0.247624 0 0.752376
0.247981 0 0.752019
0.248001 0 0.751999
0.247271 0 0.752729
0.246217 0 0.753783
0.458465 0 0.541535
0.456998 0 0.543002
0.455723 0 0.544277
0.454571 0 0.545429
0.45344 0 0.546561
0.45029 0 0.54971
0.441288 0 0.558712
0.426437 0 0.573563
0.417104 0 0.582896
0.41106 0 0.58894
0.408861 0 0.591139
0.406738 0 0.593262
0.404662 0 0.595338
0.402607 0 0.597393
0.400606 0 0.599394
0.398624 0 0.601376
0.396697 0 0.603303
0.394795 0 0.605205
0.392927 0 0.607073
0.391094 0 0.608906
0.389255 0 0.610745
0.387527 0 0.612473
0.385373 0 0.614627
0.383766 0 0.616234
0.380841 0 0.619159
0.377803 0 0.622197
0.374081 0 0.625919
0.369435 0 0.630565
0.364915 0 0.635085
0.360806 0 0.639194
0.358933 0 0.641067
0.357181 0 0.642819
0.355443 0 0.644557
0.353756 0 0.646244
0.35187 0 0.64813
0.348802 0 0.651198
0.345607 0 0.654393
0.342679 0 0.657321
0.339831 0 0.660169
0.336971 0 0.663029
0.333151 0 0.666849
0.329477 0 0.670523
0.325714 0 0.674286
0.322031 0 0.677969
0.316155 0 0.683845
0.309281 0 0.690719
0.304184 0 0.695816
0.303888 0 0.696112
0.304002 0 0.695998
0.30284 0 0.69716
0.301234 0 0.698766
0.295661 0 0.704339
0.293824 0 0.706176
0.275237 0 0.724763
0.268135 0 0.731865
0.262329 0 0.737671
0.257888 0 0.742112
0.257748 0 0.742252
0.262864 0 0.737136
0.264947 0 0.735053
0.268795 0 0.731205
0.270421 0 0.729579
0.270222 0 0.729778
0.269215 0 0.730785
0.26842 0 0.73158
0.26747 0 0.73253
0.0839375 0 0.916062
0.0838955 0 0.916105
0.0838576 0 0.916142
0.0838238 0 0.916176
0.0837941 0 0.916206
0.0837687 0 0.916231
0.0837475 0 0.916252
0.0837305 0 0.916269
0.0837177 0 0.916282
0.0837087 0 0.916291
0.0837042 0 0.916296
0.0837036 0 0.916296
0.0837071 0 0.916293
0.0837151 0 0.916285
0.0837269 0 0.916273
0.0837432 0 0.916257
0.0837637 0 0.916236
0.0837882 0 0.916212
0.083817 0 0.916183
0.0838495 0 0.916151
0.0838865 0 0.916113
0.083928 0 0.916072
0.0502231 0 0.949777
0.155086 0 0.844914
0.147194 0 0.852806
0.144395 0 0.855605
0.050045 0 0.949955
0.0500954 0 0.949905
0.0501479 0 0.949852
0.0502037 0 0.949796
0.0502613 0 0.949739
0.0503218 0 0.949678
0.277684 0 0.722316
0.278637 0 0.721363
0.284169 0 0.715831
0.285096 0 0.714904
0.284444 0 0.715556
0.283015 0 0.716985
0.276607 0 0.723393
0.273761 0 0.726238
0.271626 0 0.728374
0.270083 0 0.729917
0.267903 0 0.732097
0.26684 0 0.73316
0.265118 0 0.734882
0.261531 0 0.738469
0.260373 0 0.739627
0.254196 0 0.745804
0.252679 0 0.747321
0.239131 0 0.760869
0.23631 0 0.76369
0.234668 0 0.765332
0.224538 0 0.775462
0.22271 0 0.77729
0.221764 0 0.778236
0.222321 0 0.777679
0.224402 0 0.775598
0.231957 0 0.768043
0.236096 0 0.763904
0.239317 0 0.760683
0.242156 0 0.757844
0.244739 0 0.755261
0.24569 0 0.75431
0.245584 0 0.754416
0.246196 0 0.753804
0.247279 0 0.752721
0.248653 0 0.751347
0.248446 0 0.751554
0.235837 0 0.764163
0.233987 0 0.766013
0.234509 0 0.765491
0.236064 0 0.763936
0.236751 0 0.763249
0.238853 0 0.761147
0.240007 0 0.759993
0.24278 0 0.75722
0.244146 0 0.755854
0.245161 0 0.754839
0.245752 0 0.754248
0.246442 0 0.753558
0.246757 0 0.753243
0.246383 0 0.753617
0.245488 0 0.754512
0.219719 0 0.780281
0.21569 0 0.78431
0.441821 0 0.558179
0.441665 0 0.558335
0.440874 0 0.559126
0.440088 0 0.559912
0.439302 0 0.560698
0.429863 0 0.570137
0.416106 0 0.583894
0.408748 0 0.591252
0.406553 0 0.593447
0.404437 0 0.595563
0.402359 0 0.597641
0.400317 0 0.599683
0.398313 0 0.601687
0.396349 0 0.603651
0.394413 0 0.605587
0.392522 0 0.607478
0.390654 0 0.609346
0.388236 0 0.611763
0.386194 0 0.613806
0.382574 0 0.617427
0.379059 0 0.620941
0.375607 0 0.624393
0.372219 0 0.627781
0.368907 0 0.631094
0.365406 0 0.634593
0.361011 0 0.638989
0.357117 0 0.642883
0.355005 0 0.644995
0.353244 0 0.646756
0.351442 0 0.648558
0.349548 0 0.650452
0.34751 0 0.65249
0.345397 0 0.654603
0.342589 0 0.657411
0.339589 0 0.660411
0.336679 0 0.663321
0.333999 0 0.666001
0.332016 0 0.667984
0.329896 0 0.670104
0.326625 0 0.673375
0.323288 0 0.676712
0.319709 0 0.680291
0.314346 0 0.685654
0.308759 0 0.691241
0.303653 0 0.696347
0.299308 0 0.700692
0.272542 0 0.727458
0.274968 0 0.725031
0.271307 0 0.728693
0.27062 0 0.72938
0.264 0 0.736
0.248468 0 0.751532
0.245082 0 0.754918
0.240866 0 0.759134
0.238857 0 0.761143
0.23707 0 0.76293
0.237022 0 0.762978
0.241764 0 0.758236
0.244693 0 0.755307
0.248179 0 0.751821
0.250839 0 0.749161
0.250121 0 0.749879
0.249297 0 0.750703
0.248708 0 0.751292
0.248189 0 0.751811
0.0846143 0 0.915386
0.0838981 0 0.916102
0.0838602 0 0.91614
0.0838264 0 0.916174
0.0837968 0 0.916203
0.0837717 0 0.916228
0.0837501 0 0.91625
0.0837331 0 0.916267
0.08372 0 0.91628
0.0837114 0 0.916289
0.0837069 0 0.916293
0.0837063 0 0.916294
0.0837101 0 0.91629
0.0837178 0 0.916282
0.0571325 0 0.942868
0.0516124 0 0.948388
0.0494999 0 0.9505
0.0495255 0 0.950475
0.0495538 0 0.950446
0.0495839 0 0.950416
0.0496169 0 0.950383
0.049652 0 0.950348
0.0496895 0 0.95031
0.0497296 0 0.95027
0.0497724 0 0.950228
0.0498175 0 0.950182
0.049865 0 0.950135
0.049915 0 0.950085
0.0499672 0 0.950033
0.0500219 0 0.949978
0.0500799 0 0.94992
0.05014 0 0.94986
0.0502023 0 0.949798
0.2608 0 0.7392
0.262029 0 0.737971
0.262316 0 0.737684
0.26251 0 0.73749
0.262589 0 0.737411
0.262241 0 0.737759
0.26175 0 0.73825
0.261623 0 0.738377
0.260808 0 0.739192
0.259193 0 0.740807
0.256968 0 0.743032
0.255131 0 0.744869
0.250274 0 0.749726
0.243004 0 0.756996
0.237482 0 0.762518
0.236136 0 0.763864
0.235151 0 0.764849
0.229852 0 0.770148
0.22379 0 0.77621
0.221224 0 0.778776
0.219716 0 0.780284
0.219659 0 0.780341
0.218796 0 0.781204
0.217758 0 0.782242
0.216666 0 0.783334
0.216036 0 0.783964
0.214803 0 0.785197
0.214782 0 0.785218
0.216145 0 0.783855
0.218398 0 0.781602
0.237274 0 0.762726
0.243743 0 0.756257
0.230444 0 0.769556
0.229663 0 0.770337
0.2298 0 0.7702
0.230791 0 0.769209
0.231678 0 0.768322
0.232431 0 0.767569
0.232051 0 0.767949
0.232914 0 0.767086
0.234198 0 0.765802
0.236884 0 0.763116
0.239503 0 0.760497
0.242309 0 0.757692
0.243638 0 0.756362
0.244534 0 0.755466
0.245183 0 0.754817
0.245535 0 0.754465
0.245129 0 0.754871
0.221743 0 0.778257
0.198594 0 0.801406
0.199212 0 0.800788
0.200145 0 0.799855
0.422854 0 0.577146
0.424673 0 0.575327
0.424852 0 0.575148
0.424129 0 0.575871
0.41695 0 0.58305
0.40721 0 0.59279
0.404286 0 0.595714
0.402182 0 0.597818
0.400105 0 0.599895
0.398075 0 0.601925
0.395921 0 0.604079
0.393823 0 0.606177
0.391191 0 0.608809
0.387793 0 0.612207
0.384103 0 0.615897
0.380498 0 0.619502
0.376963 0 0.623037
0.373534 0 0.626466
0.370144 0 0.629856
0.366845 0 0.633155
0.363616 0 0.636384
0.360428 0 0.639572
0.357076 0 0.642924
0.353144 0 0.646856
0.351195 0 0.648805
0.349321 0 0.650679
0.34728 0 0.65272
0.345234 0 0.654766
0.343263 0 0.656737
0.341319 0 0.658681
0.339364 0 0.660636
0.336788 0 0.663212
0.333898 0 0.666102
0.331254 0 0.668746
0.329342 0 0.670658
0.327477 0 0.672523
0.325604 0 0.674396
0.323227 0 0.676773
0.320331 0 0.679669
0.31744 0 0.68256
0.312794 0 0.687206
0.307838 0 0.692162
0.30338 0 0.69662
0.263143 0 0.736857
0.259087 0 0.740913
0.249908 0 0.750092
0.248292 0 0.751708
0.247555 0 0.752445
0.246741 0 0.753259
0.23241 0 0.76759
0.224435 0 0.775565
0.221938 0 0.778062
0.220646 0 0.779354
0.218451 0 0.781549
0.219393 0 0.780607
0.223979 0 0.776021
0.225241 0 0.774759
0.226779 0 0.773221
0.228523 0 0.771477
0.230364 0 0.769636
0.231061 0 0.768939
0.230515 0 0.769485
0.230142 0 0.769858
0.229732 0 0.770268
0.0890865 0 0.910913
0.0839018 0 0.916098
0.083864 0 0.916136
0.0838301 0 0.91617
0.0838008 0 0.916199
0.0837751 0 0.916225
0.0837539 0 0.916246
0.0837369 0 0.916263
0.0837241 0 0.916276
0.0837151 0 0.916285
0.0837104 0 0.91629
0.0837101 0 0.91629
0.0837139 0 0.916286
0.0837216 0 0.916278
0.0542915 0 0.945709
0.0493016 0 0.950698
0.0493244 0 0.950676
0.0493497 0 0.95065
0.0493774 0 0.950623
0.0494077 0 0.950592
0.0494403 0 0.95056
0.0494751 0 0.950525
0.0495127 0 0.950487
0.0495525 0 0.950447
0.0495947 0 0.950405
0.0496394 0 0.950361
0.0496866 0 0.950313
0.0497363 0 0.950264
0.0497885 0 0.950212
0.0498428 0 0.950157
0.0499001 0 0.9501
0.0499595 0 0.950041
0.0500218 0 0.949978
0.24543 0 0.75457
0.245634 0 0.754366
0.246303 0 0.753697
0.246488 0 0.753511
0.245661 0 0.754339
0.241028 0 0.758972
0.240258 0 0.759742
0.239547 0 0.760453
0.238913 0 0.761087
0.238423 0 0.761577
0.238398 0 0.761602
0.237341 0 0.762659
0.235832 0 0.764168
0.235816 0 0.764184
0.235425 0 0.764575
0.232273 0 0.767727
0.226176 0 0.773824
0.22282 0 0.77718
0.220574 0 0.779426
0.218932 0 0.781068
0.217925 0 0.782075
0.217806 0 0.782194
0.216982 0 0.783018
0.215912 0 0.784088
0.214161 0 0.785839
0.20621 0 0.79379
0.20695 0 0.79305
0.207718 0 0.792282
0.209822 0 0.790178
0.212376 0 0.787624
0.215117 0 0.784883
0.216975 0 0.783025
0.217939 0 0.782061
0.218562 0 0.781438
0.223872 0 0.776128
0.21863 0 0.78137
0.218845 0 0.781155
0.221217 0 0.778783
0.230643 0 0.769357
0.231214 0 0.768786
0.232381 0 0.767619
0.234008 0 0.765992
0.235427 0 0.764573
0.238502 0 0.761498
0.211387 0 0.788613
0.243153 0 0.756847
0.211943 0 0.788057
0.211804 0 0.788196
0.198668 0 0.801332
0.197977 0 0.802023
0.197343 0 0.802657
0.197248 0 0.802752
0.197638 0 0.802363
0.198195 0 0.801805
0.403486 0 0.596514
0.407237 0 0.592763
0.409507 0 0.590493
0.404216 0 0.595784
0.401669 0 0.598331
0.39969 0 0.60031
0.39659 0 0.60341
0.393362 0 0.606638
0.389534 0 0.610466
0.385767 0 0.614233
0.382138 0 0.617862
0.378424 0 0.621576
0.374804 0 0.625196
0.371278 0 0.628722
0.367892 0 0.632108
0.364544 0 0.635456
0.361315 0 0.638685
0.358181 0 0.641819
0.355047 0 0.644953
0.351415 0 0.648585
0.348323 0 0.651677
0.347078 0 0.652922
0.34512 0 0.65488
0.343129 0 0.656871
0.341111 0 0.658889
0.339166 0 0.660834
0.337231 0 0.662769
0.335336 0 0.664664
0.333462 0 0.666538
0.331144 0 0.668856
0.328616 0 0.671384
0.326734 0 0.673266
0.324829 0 0.675171
0.323046 0 0.676954
0.321263 0 0.678737
0.319272 0 0.680727
0.316423 0 0.683577
0.313723 0 0.686277
0.310071 0 0.689929
0.305171 0 0.694829
0.301831 0 0.698169
0.233491 0 0.766509
0.232372 0 0.767628
0.231461 0 0.768539
0.230675 0 0.769325
0.208508 0 0.791492
0.207941 0 0.792059
0.207401 0 0.792599
0.206287 0 0.793713
0.205011 0 0.794989
0.203885 0 0.796115
0.20466 0 0.79534
0.205871 0 0.794129
0.208032 0 0.791968
0.210345 0 0.789655
0.214532 0 0.785468
0.215488 0 0.784512
0.216071 0 0.783929
0.215759 0 0.784241
0.21545 0 0.78455
0.215295 0 0.784705
0.215381 0 0.784619
0.215258 0 0.784742
0.214807 0 0.785193
0.0883731 0 0.911627
0.0838688 0 0.916131
0.0838352 0 0.916165
0.0838053 0 0.916195
0.0837802 0 0.91622
0.0837587 0 0.916241
0.0837414 0 0.916259
0.0837289 0 0.916271
0.08372 0 0.91628
0.0837152 0 0.916285
0.0837149 0 0.916285
0.0837185 0 0.916282
0.0572582 0 0.942742
0.0517169 0 0.948283
0.0491276 0 0.950872
0.0491505 0 0.950849
0.0491759 0 0.950824
0.0492034 0 0.950797
0.0492334 0 0.950767
0.0492654 0 0.950735
0.0493002 0 0.9507
0.0493376 0 0.950662
0.0493774 0 0.950623
0.0494189 0 0.950581
0.0494633 0 0.950537
0.0495102 0 0.95049
0.0495595 0 0.95044
0.0496114 0 0.950389
0.0496654 0 0.950335
0.0497219 0 0.950278
0.0497813 0 0.950219
0.0498429 0 0.950157
0.049907 0 0.950093
0.20936 0 0.79064
0.212179 0 0.787821
0.228104 0 0.771896
0.227219 0 0.772781
0.227572 0 0.772428
0.227384 0 0.772616
0.226559 0 0.773441
0.226028 0 0.773972
0.225738 0 0.774262
0.225311 0 0.774689
0.224588 0 0.775412
0.223805 0 0.776195
0.222931 0 0.777069
0.222357 0 0.777643
0.221782 0 0.778218
0.219445 0 0.780555
0.218266 0 0.781734
0.218462 0 0.781538
0.216939 0 0.783061
0.216042 0 0.783958
0.215068 0 0.784932
0.215084 0 0.784916
0.213327 0 0.786673
0.204032 0 0.795968
0.204029 0 0.795971
0.204312 0 0.795688
0.204486 0 0.795514
0.204215 0 0.795785
0.205022 0 0.794978
0.20451 0 0.79549
0.205433 0 0.794567
0.207085 0 0.792915
0.21481 0 0.78519
0.215404 0 0.784596
0.215225 0 0.784775
0.215423 0 0.784577
0.216235 0 0.783765
0.217547 0 0.782453
0.220451 0 0.779549
0.230581 0 0.769419
0.231891 0 0.768109
0.233418 0 0.766582
0.208685 0 0.791315
0.197292 0 0.802708
0.196909 0 0.803091
0.196767 0 0.803233
0.197117 0 0.802883
0.196668 0 0.803332
0.196257 0 0.803743
0.196229 0 0.803771
0.196142 0 0.803858
0.196199 0 0.803801
0.197023 0 0.802977
0.197784 0 0.802216
0.345888 0 0.654112
0.344692 0 0.655308
0.343423 0 0.656577
0.34227 0 0.65773
0.341037 0 0.658963
0.339918 0 0.660082
0.338663 0 0.661337
0.337449 0 0.662551
0.336303 0 0.663697
0.335125 0 0.664875
0.333958 0 0.666042
0.333231 0 0.666769
0.333119 0 0.666881
0.333414 0 0.666586
0.333714 0 0.666286
0.33402 0 0.66598
0.334333 0 0.665667
0.334652 0 0.665348
0.334976 0 0.665024
0.335307 0 0.664693
0.33481 0 0.66519
0.333784 0 0.666216
0.332381 0 0.667619
0.330966 0 0.669034
0.329571 0 0.670429
0.328223 0 0.671777
0.3267 0 0.6733
0.32526 0 0.67474
0.322965 0 0.677035
0.320917 0 0.679083
0.318655 0 0.681345
0.316418 0 0.683581
0.314253 0 0.685747
0.312124 0 0.687876
0.309687 0 0.690313
0.306459 0 0.693541
0.30094 0 0.69906
0.22252 0 0.77748
0.220315 0 0.779685
0.218486 0 0.781514
0.203323 0 0.796677
0.194777 0 0.805223
0.194496 0 0.805504
0.194422 0 0.805578
0.194412 0 0.805588
0.193299 0 0.806701
0.192135 0 0.807865
0.191557 0 0.808443
0.191776 0 0.808224
0.192487 0 0.807513
0.193858 0 0.806142
0.19622 0 0.80378
0.199206 0 0.800794
0.200923 0 0.799077
0.202539 0 0.797461
0.202327 0 0.797673
0.202056 0 0.797944
0.201941 0 0.798059
0.201769 0 0.798231
0.201695 0 0.798305
0.201373 0 0.798627
0.201062 0 0.798938
0.0863316 0 0.913668
0.0862875 0 0.913712
0.0862478 0 0.913752
0.0838407 0 0.916159
0.0838111 0 0.916189
0.0837857 0 0.916214
0.0837646 0 0.916235
0.0837475 0 0.916252
0.0837344 0 0.916266
0.0837259 0 0.916274
0.0837213 0 0.916279
0.0837208 0 0.916279
0.0837246 0 0.916275
0.0544062 0 0.945594
0.0493735 0 0.950626
0.0489562 0 0.951044
0.0489786 0 0.951021
0.0490037 0 0.950996
0.049031 0 0.950969
0.0490606 0 0.950939
0.0490931 0 0.950907
0.0491273 0 0.950873
0.0491644 0 0.950836
0.0492035 0 0.950796
0.0492451 0 0.950755
0.0492892 0 0.950711
0.0493357 0 0.950664
0.0493844 0 0.950616
0.0494359 0 0.950564
0.0494899 0 0.95051
0.049546 0 0.950454
0.0496047 0 0.950395
0.0496662 0 0.950334
0.04973 0 0.95027
0.0497962 0 0.950204
0.193477 0 0.806523
0.193239 0 0.806761
0.193259 0 0.806741
0.193853 0 0.806147
0.19432 0 0.80568
0.195284 0 0.804716
0.196447 0 0.803553
0.196609 0 0.803391
0.196427 0 0.803573
0.196195 0 0.803805
0.196416 0 0.803584
0.196467 0 0.803533
0.196679 0 0.803321
0.196481 0 0.803519
0.201695 0 0.798305
0.202551 0 0.797449
0.20178 0 0.79822
0.207929 0 0.792071
0.208982 0 0.791018
0.208927 0 0.791073
0.20259 0 0.79741
0.202234 0 0.797766
0.202156 0 0.797844
0.202239 0 0.797761
0.202479 0 0.797521
0.202826 0 0.797174
0.194075 0 0.805925
0.192627 0 0.807373
0.191322 0 0.808678
0.190165 0 0.809835
0.190127 0 0.809873
0.190441 0 0.809559
0.190363 0 0.809637
0.208101 0 0.791899
0.195181 0 0.804819
0.196462 0 0.803538
0.197515 0 0.802485
0.212421 0 0.787579
0.190725 0 0.809275
0.189496 0 0.810504
0.194298 0 0.805702
0.195792 0 0.804208
0.195698 0 0.804302
0.195336 0 0.804664
0.195343 0 0.804657
0.195633 0 0.804367
0.195262 0 0.804738
0.19512 0 0.80488
0.195129 0 0.804871
0.1951 0 0.8049
0.195253 0 0.804747
0.195866 0 0.804134
0.196642 0 0.803358
0.197322 0 0.802678
 ] }
}
