# Real Time: 703.507
# Simulation Time: 11.86
# Radar Position: 876.595 -201.159 3.05366
# Radar Quat: 0.022131 -0.00527035 0.139891 0.989905
PointSet {
 coord Coordinate { point [
905.48 -241.894 5.33512
909.011 -241.849 5.32207
913.012 -239.205 5.1643
920.155 -241.853 5.30791
921.842 -237.344 5.06072
918.19 -226.599 4.48216
918.192 -226.202 4.46152
890.469 -209.379 3.51945
919.657 -220.557 4.17827
924.544 -211.222 3.75457
906.351 -202.532 3.27667
906.204 -202.318 3.26686
906.211 -202.111 3.25822
906.373 -201.908 3.25062
905.477 -241.901 5.16063
909.02 -241.871 5.14105
913.014 -239.219 4.98061
920.108 -241.82 5.09764
921.825 -237.342 4.85788
918.2 -226.614 4.31229
918.188 -226.209 4.29194
890.469 -209.382 3.46308
890.69 -209.381 3.46288
919.659 -220.566 4.01348
924.543 -211.23 3.58358
906.359 -202.536 3.17269
906.205 -202.322 3.1634
906.209 -202.115 3.15476
906.366 -201.912 3.1466
913.017 -239.232 4.79692
920.077 -241.803 4.88855
921.808 -237.34 4.65518
918.212 -226.63 4.14237
918.184 -226.215 4.1224
890.462 -209.381 3.40652
890.675 -209.375 3.40547
919.664 -220.576 3.84872
924.543 -211.237 3.4126
906.366 -202.541 3.06866
906.206 -202.327 3.05994
906.208 -202.12 3.05131
906.359 -201.917 3.04263
933.592 -196.252 2.76938
905.961 -198.205 2.89229
913.02 -239.247 4.61322
920.053 -241.793 4.67998
921.792 -237.338 4.45262
918.227 -226.648 3.97243
918.18 -226.222 3.95288
890.462 -209.384 3.35017
890.67 -209.375 3.34839
919.671 -220.588 3.68396
924.544 -211.245 3.24162
906.374 -202.546 2.96458
906.207 -202.331 2.95647
906.207 -202.124 2.94787
906.353 -201.921 2.9387
934.477 -196.998 2.595
934.208 -196.612 2.5808
933.255 -196.289 2.57262
933.963 -195.825 2.55032
905.965 -198.209 2.78921
905.88 -198.011 2.78169
913.024 -239.262 4.4295
920.033 -241.786 4.47177
921.776 -237.337 4.25021
918.247 -226.669 3.80245
918.177 -226.228 3.78338
890.469 -209.391 3.29393
890.675 -209.381 3.29151
919.682 -220.601 3.51916
924.546 -211.254 3.07063
906.383 -202.551 2.86044
906.209 -202.336 2.85299
906.206 -202.128 2.84443
906.347 -201.925 2.83481
933.255 -198.68 2.47124
932.709 -198.311 2.46084
932.524 -197.929 2.44684
932.389 -197.546 2.43237
932.329 -197.159 2.41713
932.267 -196.773 2.40195
932.211 -196.386 2.38674
932.155 -196 2.37156
905.969 -198.213 2.68609
905.88 -198.015 2.67885
905.968 -197.798 2.66932
913.03 -239.278 4.24576
920.017 -241.782 4.26381
921.76 -237.335 4.04793
918.283 -226.7 3.63252
918.173 -226.235 3.61391
890.469 -209.394 3.23754
890.67 -209.381 3.23446
892.046 -209.336 3.21534
892.073 -209.212 3.20971
919.696 -220.615 3.35431
919.906 -220.347 3.34029
924.549 -211.262 2.89961
906.392 -202.556 2.75623
906.21 -202.34 2.74949
906.204 -202.133 2.741
906.341 -201.929 2.73096
935.359 -200.24 2.3117
931.314 -199.919 2.34727
931.112 -199.543 2.33423
930.946 -199.168 2.32083
930.844 -198.793 2.30664
930.789 -198.416 2.29186
930.731 -198.04 2.27714
930.676 -197.664 2.2624
930.621 -197.289 2.24769
930.564 -196.914 2.23305
930.51 -196.539 2.21837
930.452 -196.165 2.20378
905.973 -198.217 2.58294
905.88 -198.019 2.57601
905.964 -197.803 2.56616
930.23 -194.671 2.14547
913.037 -239.297 4.06199
920.003 -241.781 4.05605
921.745 -237.333 3.84576
926.479 -234.18 3.64227
918.17 -226.242 3.44444
890.469 -209.396 3.18115
890.665 -209.381 3.17745
892.023 -209.465 3.15981
892.062 -209.347 3.15435
919.715 -220.632 3.18933
919.87 -220.339 3.17487
924.553 -211.27 2.72854
906.401 -202.561 2.65194
906.211 -202.344 2.64597
906.203 -202.137 2.63756
906.336 -201.934 2.62713
930.087 -201.448 2.23794
929.776 -201.075 2.22742
929.61 -200.705 2.21477
929.472 -200.337 2.20175
929.39 -199.97 2.18788
929.336 -199.603 2.1736
929.281 -199.236 2.15935
929.228 -198.87 2.1451
929.175 -198.504 2.13087
929.12 -198.139 2.11669
929.068 -197.775 2.10247
929.013 -197.411 2.08833
928.961 -197.047 2.07416
928.906 -196.683 2.06004
928.853 -196.32 2.0459
905.977 -198.221 2.47975
905.88 -198.023 2.47315
905.959 -197.807 2.46302
928.641 -194.87 1.98946
928.588 -194.507 1.97536
913.05 -239.321 3.87823
919.992 -241.783 3.84843
921.73 -237.332 3.64369
926.469 -234.184 3.43345
918.167 -226.248 3.27496
890.469 -209.399 3.12475
890.66 -209.381 3.12046
892.023 -209.468 3.09858
892.023 -209.33 3.09309
919.741 -220.651 3.02418
919.846 -220.336 3.00969
924.558 -211.279 2.55742
906.412 -202.566 2.54754
906.213 -202.349 2.54243
906.202 -202.141 2.53411
906.33 -201.938 2.52331
928.343 -202.168 2.11372
928.188 -201.805 2.10172
928.062 -201.444 2.08927
928.012 -201.085 2.07542
927.959 -200.726 2.06166
927.909 -200.368 2.04785
927.856 -200.011 2.03413
927.807 -199.654 2.02034
927.758 -199.298 2.00657
927.704 -198.943 1.9929
927.655 -198.588 1.97915
927.601 -198.233 1.9655
927.552 -197.879 1.95177
927.498 -197.525 1.93814
927.449 -197.172 1.92443
927.397 -196.819 1.91078
927.346 -196.466 1.8971
905.982 -198.224 2.37651
905.88 -198.028 2.37027
905.955 -197.812 2.3599
927.14 -195.057 1.84247
927.09 -194.705 1.82878
927.036 -194.354 1.81516
919.985 -241.787 3.6409
921.715 -237.331 3.44172
926.462 -234.19 3.22469
918.164 -226.255 3.10548
890.512 -209.428 3.06837
890.656 -209.381 3.0635
892.057 -209.489 3.03728
919.782 -220.678 2.85873
919.829 -220.337 2.84462
924.563 -211.288 2.38621
924.765 -210.98 2.36944
936.272 -205.257 1.88033
930.552 -204.484 1.97766
927.335 -203.929 2.02749
906.423 -202.571 2.44304
906.215 -202.353 2.43885
906.201 -202.146 2.43065
906.325 -201.942 2.41952
926.702 -202.143 1.96863
926.655 -201.792 1.95529
926.604 -201.442 1.94204
926.558 -201.093 1.92872
926.508 -200.745 1.91546
926.46 -200.397 1.90219
926.412 -200.05 1.88892
926.363 -199.703 1.8757
926.316 -199.357 1.86242
926.265 -199.012 1.84924
926.218 -198.666 1.83595
926.167 -198.322 1.82279
926.12 -197.977 1.80952
926.069 -197.634 1.79635
926.021 -197.29 1.78309
925.97 -196.947 1.76991
925.923 -196.604 1.75662
905.986 -198.228 2.27322
905.881 -198.032 2.26736
905.951 -197.817 2.25677
925.572 -195.253 1.70785
925.132 -194.961 1.70548
924.697 -194.675 1.70322
924.272 -194.393 1.70087
919.98 -241.795 3.43343
921.701 -237.331 3.23985
926.457 -234.198 3.01593
918.161 -226.262 2.93599
890.516 -209.433 3.01176
890.629 -209.368 3.00665
919.816 -220.339 2.67962
924.57 -211.297 2.2149
924.729 -210.98 2.19843
936.149 -207.772 1.77558
935.78 -207.313 1.76677
935.108 -206.83 1.76486
933.788 -206.299 1.77779
926.311 -205.275 1.93085
925.969 -204.9 1.92458
925.83 -204.544 1.91379
925.693 -204.19 1.90303
925.574 -203.84 1.89191
906.436 -202.576 2.3384
906.216 -202.358 2.33525
906.2 -202.15 2.32718
906.32 -201.946 2.31573
925.32 -202.122 1.82844
925.273 -201.781 1.81566
925.228 -201.441 1.80286
925.183 -201.102 1.79006
925.138 -200.763 1.77725
925.092 -200.424 1.76448
925.046 -200.087 1.7517
924.999 -199.749 1.73893
924.953 -199.413 1.72615
924.906 -199.077 1.71339
924.86 -198.741 1.70059
924.811 -198.406 1.68784
924.766 -198.071 1.67502
924.718 -197.736 1.66226
924.671 -197.402 1.64942
924.576 -197.072 1.63803
924.335 -196.756 1.63101
905.991 -198.232 2.16988
905.881 -198.036 2.16444
905.947 -197.821 2.15365
922.704 -195.603 1.62457
922.307 -195.327 1.62313
921.925 -195.053 1.62142
921.538 -194.785 1.62001
921.157 -194.521 1.61861
919.981 -241.807 3.22598
921.687 -237.331 3.03805
926.452 -234.206 2.80718
918.159 -226.269 2.76649
890.469 -209.408 2.95548
890.625 -209.369 2.94983
891.846 -209.659 2.92598
891.308 -209.225 2.92598
891.068 -208.962 2.92358
891.3 -208.955 2.91687
891.539 -208.948 2.90997
891.783 -208.941 2.90289
892.049 -208.941 2.89546
892.321 -208.941 2.88782
892.601 -208.941 2.87994
892.89 -208.941 2.87182
919.806 -220.342 2.51465
924.579 -211.306 2.04349
924.704 -210.983 2.02741
935.08 -211.413 1.74019
935.036 -210.985 1.72487
934.981 -210.557 1.70983
934.832 -210.116 1.697
934.648 -209.674 1.68508
934.465 -209.235 1.67323
934.252 -208.795 1.6622
933.754 -208.323 1.65827
932.701 -207.793 1.6683
925.419 -206.585 1.83479
924.911 -206.187 1.83395
924.721 -205.828 1.82526
924.586 -205.476 1.8152
924.457 -205.128 1.80508
924.356 -204.784 1.79426
924.307 -204.446 1.7821
924.266 -204.108 1.76973
924.224 -203.772 1.7574
906.451 -202.581 2.2336
906.218 -202.362 2.23161
906.199 -202.154 2.2237
906.315 -201.95 2.21196
924.011 -202.103 1.69577
923.967 -201.771 1.68346
923.925 -201.44 1.67113
923.88 -201.109 1.65884
923.839 -200.779 1.64645
923.796 -200.45 1.63409
923.75 -200.121 1.62181
923.708 -199.793 1.60942
923.662 -199.466 1.59714
923.619 -199.138 1.58473
923.572 -198.811 1.57243
923.5 -198.487 1.56094
923.159 -198.179 1.55808
922.762 -197.881 1.55722
922.376 -197.587 1.55618
921.99 -197.297 1.5553
921.608 -197.013 1.55449
905.995 -198.235 2.06647
905.881 -198.04 2.06149
905.943 -197.826 2.05054
920.149 -195.916 1.55062
919.76 -195.656 1.55093
916.34 -195.808 1.65803
915.601 -195.629 1.67205
914.886 -195.457 1.68563
914.198 -195.29 1.69862
919.988 -241.826 3.01846
921.675 -237.331 2.83633
926.449 -234.214 2.59841
890.758 -209.853 2.90444
890.758 -209.717 2.90008
890.469 -209.411 2.89903
890.625 -209.372 2.89298
890.758 -209.317 2.88714
890.758 -209.185 2.88287
890.758 -209.055 2.87862
890.786 -208.941 2.87401
891.035 -208.947 2.86651
891.28 -208.947 2.85894
891.531 -208.947 2.85115
891.789 -208.947 2.84313
892.054 -208.947 2.83488
892.327 -208.947 2.82638
892.607 -208.947 2.81762
892.871 -208.936 2.80896
919.799 -220.347 2.34966
924.589 -211.316 1.87194
924.684 -210.986 1.85641
933.292 -212.336 1.62607
933.258 -211.919 1.61139
933.194 -211.498 1.59749
933.022 -211.06 1.58641
932.852 -210.626 1.57539
932.682 -210.195 1.56444
932.337 -209.741 1.55826
931.623 -209.238 1.56228
926.025 -208.062 1.70061
923.842 -207.42 1.74744
923.649 -207.061 1.73976
923.523 -206.712 1.7303
923.401 -206.367 1.72077
923.276 -206.023 1.71134
923.205 -205.687 1.70044
923.165 -205.355 1.68861
923.128 -205.024 1.67672
923.088 -204.694 1.66488
923.05 -204.365 1.65301
923.011 -204.037 1.64115
922.971 -203.71 1.62931
906.469 -202.586 2.12858
906.22 -202.367 2.12793
906.199 -202.159 2.12019
906.311 -201.955 2.10819
922.77 -202.084 1.57001
922.73 -201.761 1.55813
922.688 -201.439 1.54628
922.648 -201.117 1.53433
922.609 -200.795 1.52239
922.565 -200.475 1.51054
922.501 -200.155 1.49938
922.376 -199.838 1.49031
922.03 -199.53 1.48887
921.661 -199.228 1.48838
921.289 -198.931 1.4882
920.924 -198.638 1.48791
920.568 -198.35 1.48747
920.211 -198.067 1.48725
919.867 -197.787 1.48669
919.519 -197.512 1.48644
919.176 -197.241 1.48619
906 -198.239 1.96301
905.882 -198.044 1.95852
905.939 -197.83 1.94742
914.28 -196.624 1.62084
913.62 -196.441 1.63459
912.972 -196.264 1.64822
912.352 -196.093 1.66109
911.753 -195.926 1.67353
911.169 -195.766 1.68564
910.602 -195.61 1.69739
893.037 -220.453 3.06445
893.037 -220.182 3.05761
893.037 -219.916 3.05085
893.037 -219.654 3.04417
893.201 -219.577 3.03737
893.435 -219.577 3.03041
893.673 -219.577 3.02334
893.914 -219.577 3.01614
889.997 -212.712 2.95331
889.994 -212.548 2.94885
921.663 -237.333 2.63465
926.447 -234.223 2.3896
890.758 -209.856 2.84632
890.808 -209.75 2.84145
890.42 -209.385 2.84332
890.625 -209.374 2.83612
890.758 -209.32 2.82997
890.758 -209.188 2.82593
890.758 -209.058 2.8219
890.791 -208.947 2.81731
891.03 -208.947 2.80922
891.274 -208.947 2.80089
891.502 -208.935 2.79274
891.774 -208.942 2.78369
892.038 -208.942 2.77463
892.311 -208.942 2.76529
892.591 -208.942 2.75566
892.879 -208.942 2.74574
919.795 -220.354 2.18463
934.355 -215.518 1.50222
933.488 -214.881 1.51028
932.625 -214.26 1.51871
931.626 -213.621 1.53136
931.598 -213.212 1.51737
924.601 -211.326 1.70022
924.667 -210.99 1.68542
931.304 -211.952 1.48144
931.147 -211.526 1.47124
930.932 -211.093 1.46284
930.512 -210.627 1.46058
929.434 -210.058 1.47817
922.949 -208.631 1.65926
922.612 -208.248 1.65694
922.493 -207.901 1.64808
922.378 -207.558 1.63913
922.259 -207.217 1.63034
922.164 -206.881 1.62086
922.105 -206.551 1.61022
922.071 -206.225 1.59884
922.035 -205.9 1.58748
922 -205.576 1.5761
921.964 -205.253 1.56473
921.928 -204.931 1.55332
921.891 -204.609 1.54196
921.856 -204.289 1.53053
921.819 -203.969 1.51915
921.783 -203.65 1.5077
906.493 -202.591 2.02319
906.221 -202.371 2.02422
906.198 -202.163 2.01667
906.306 -201.959 2.00443
921.592 -202.066 1.45063
921.554 -201.752 1.43916
921.504 -201.437 1.42809
921.309 -201.124 1.42232
920.953 -200.814 1.42255
920.596 -200.509 1.42293
920.251 -200.209 1.42305
919.904 -199.914 1.42343
919.561 -199.623 1.42377
919.23 -199.337 1.42378
918.896 -199.055 1.42409
918.573 -198.777 1.42409
918.249 -198.503 1.42431
917.927 -198.233 1.42456
917.613 -197.967 1.42461
917.227 -197.711 1.42772
913.685 -197.749 1.55842
906.006 -198.242 1.85948
905.883 -198.048 1.85551
905.936 -197.834 1.84429
911.251 -196.991 1.61413
910.683 -196.818 1.62719
910.139 -196.648 1.63951
909.607 -196.484 1.65159
909.091 -196.325 1.66332
904.84 -196.752 1.8365
904.672 -196.577 1.83479
904.138 -196.466 1.84919
893.037 -220.458 2.97588
893.037 -220.187 2.96975
893.037 -219.921 2.96369
893.037 -219.659 2.9577
893.196 -219.577 2.95075
893.431 -219.577 2.94324
893.669 -219.577 2.9356
893.909 -219.577 2.92784
889.996 -215.219 2.95236
889.994 -215.022 2.94778
889.992 -214.827 2.94324
889.989 -214.635 2.93875
889.987 -214.446 2.9343
889.985 -214.26 2.92989
889.983 -214.076 2.92552
889.981 -213.894 2.92118
889.978 -213.715 2.91689
889.976 -213.539 2.91263
889.974 -213.364 2.9084
889.972 -213.192 2.9042
889.97 -213.022 2.90004
889.968 -212.855 2.89591
889.966 -212.689 2.89181
889.964 -212.525 2.88774
890.035 -212.425 2.88276
921.654 -237.336 2.43299
926.445 -234.232 2.18074
890.758 -209.859 2.78818
890.801 -209.749 2.78348
890.419 -209.387 2.78706
890.625 -209.377 2.77924
890.758 -209.322 2.77279
890.758 -209.191 2.76897
890.758 -209.061 2.76517
890.786 -208.947 2.76077
891.025 -208.947 2.75195
891.269 -208.947 2.74287
891.51 -208.942 2.73375
891.768 -208.942 2.72415
892.033 -208.942 2.71426
892.305 -208.942 2.70408
892.584 -208.942 2.69358
892.872 -208.942 2.68276
919.794 -220.361 2.01953
933.551 -217.457 1.39313
932.9 -216.847 1.39746
932.113 -216.21 1.40619
931.292 -215.579 1.41629
930.063 -214.856 1.43919
930.004 -214.444 1.42701
929.979 -214.043 1.41378
929.951 -213.642 1.40066
929.815 -213.219 1.39088
929.668 -212.797 1.38153
924.616 -211.337 1.52829
924.653 -210.995 1.51443
928.419 -211.39 1.37991
922.129 -209.817 1.5713
921.604 -209.392 1.57646
921.492 -209.048 1.56821
921.384 -208.707 1.55985
921.274 -208.368 1.55161
921.165 -208.031 1.54334
921.087 -207.701 1.53406
921.05 -207.379 1.52337
921.018 -207.059 1.51247
920.986 -206.739 1.5016
920.954 -206.421 1.49068
920.921 -206.103 1.47982
920.889 -205.787 1.46886
920.854 -205.471 1.45801
920.823 -205.156 1.44701
920.787 -204.842 1.43615
920.755 -204.529 1.42513
920.719 -204.217 1.41425
920.687 -203.905 1.4032
920.653 -203.594 1.39221
920.617 -203.284 1.38122
906.223 -202.375 1.92046
906.197 -202.167 1.91312
906.302 -201.963 1.90066
919.914 -202.038 1.35907
919.576 -201.731 1.36004
919.243 -201.428 1.36096
918.922 -201.13 1.36157
918.597 -200.837 1.36246
918.278 -200.548 1.36322
917.968 -200.264 1.36379
917.655 -199.983 1.36459
917.348 -199.707 1.36524
917.049 -199.434 1.36574
916.747 -199.166 1.36645
916.452 -198.901 1.36697
916.068 -198.646 1.37145
912.484 -198.62 1.51357
911.893 -198.414 1.52829
911.313 -198.214 1.54286
910.751 -198.021 1.55689
906.011 -198.246 1.75587
905.883 -198.052 1.75247
905.933 -197.839 1.74116
908.672 -197.304 1.60841
908.184 -197.138 1.62054
907.72 -196.976 1.63178
904.545 -197.201 1.76817
904.429 -197.019 1.76465
903.698 -196.933 1.78983
903.5 -196.771 1.79041
903.319 -196.608 1.79021
903.153 -196.445 1.78942
889.979 -216.877 2.9188
889.977 -216.654 2.91442
889.975 -216.434 2.91008
889.973 -216.218 2.90578
889.971 -216.006 2.90152
889.969 -215.797 2.8973
889.967 -215.591 2.89313
889.964 -215.388 2.88898
889.962 -215.188 2.88488
889.96 -214.991 2.88081
889.958 -214.797 2.87677
889.956 -214.606 2.87277
889.954 -214.417 2.86879
889.952 -214.232 2.86485
889.95 -214.048 2.86094
889.949 -213.867 2.85705
889.947 -213.689 2.85319
889.945 -213.513 2.84936
889.943 -213.339 2.84556
889.941 -213.168 2.84178
889.939 -212.998 2.83802
889.937 -212.831 2.83429
889.935 -212.666 2.83058
889.933 -212.503 2.82689
890.031 -212.425 2.82148
921.655 -237.348 2.23117
926.443 -234.242 1.97183
890.758 -209.862 2.73003
890.758 -209.726 2.72641
890.419 -209.39 2.73077
890.626 -209.381 2.72231
890.758 -209.325 2.71559
890.758 -209.194 2.712
890.758 -209.063 2.70842
890.781 -208.947 2.70425
891.019 -208.947 2.6947
891.264 -208.947 2.68488
891.505 -208.942 2.67502
891.762 -208.942 2.66463
892.027 -208.942 2.65392
892.299 -208.942 2.64289
892.578 -208.942 2.63153
892.866 -208.942 2.6198
919.795 -220.369 1.85432
932.716 -219.369 1.28433
932.094 -218.74 1.29001
931.475 -218.123 1.29587
930.762 -217.489 1.30508
929.985 -216.849 1.31672
929.23 -216.229 1.32799
928.471 -215.62 1.33976
928.453 -215.226 1.3272
928.435 -214.833 1.31461
928.374 -214.431 1.30348
928.242 -214.014 1.29475
928.107 -213.599 1.28618
927.892 -213.168 1.28043
927.405 -212.681 1.28421
921.348 -210.978 1.48391
920.726 -210.519 1.49435
920.519 -210.155 1.49032
920.415 -209.815 1.48265
920.314 -209.478 1.47491
920.211 -209.143 1.46727
920.115 -208.812 1.45938
920.059 -208.49 1.45005
920.032 -208.174 1.4396
920.002 -207.858 1.42926
919.976 -207.544 1.41877
919.946 -207.231 1.40841
919.918 -206.919 1.39791
919.888 -206.607 1.38752
919.859 -206.297 1.377
919.827 -205.987 1.36662
919.799 -205.679 1.35607
919.766 -205.371 1.34564
919.736 -205.064 1.33509
919.704 -204.758 1.3246
919.673 -204.452 1.31406
919.637 -204.147 1.30366
919.546 -203.84 1.29553
919.224 -203.521 1.29686
918.901 -203.207 1.29844
906.225 -202.38 1.81667
906.196 -202.171 1.80955
906.298 -201.967 1.79689
917.664 -201.997 1.30355
917.36 -201.706 1.30491
917.062 -201.419 1.30616
916.772 -201.137 1.30713
916.479 -200.858 1.30837
916.19 -200.583 1.30953
915.911 -200.313 1.31037
915.628 -200.046 1.3115
915.353 -199.782 1.3124
915.022 -199.525 1.31589
911.35 -199.436 1.47178
910.796 -199.223 1.48681
910.262 -199.017 1.50118
909.738 -198.817 1.51535
909.226 -198.624 1.5292
908.732 -198.436 1.5425
908.25 -198.254 1.55547
906.017 -198.249 1.65218
905.884 -198.056 1.6494
905.93 -197.843 1.63802
906.453 -197.573 1.60331
904.507 -197.607 1.68912
904.211 -197.448 1.6948
901.837 -197.585 1.80367
901.735 -197.42 1.80063
900.605 -197.415 1.84921
901.57 -197.087 1.79259
901.544 -196.912 1.78572
901.52 -196.737 1.77867
901.382 -196.582 1.77745
889.942 -216.617 2.8434
889.94 -216.398 2.83964
889.938 -216.183 2.83592
889.936 -215.971 2.83223
889.934 -215.763 2.82856
889.932 -215.558 2.82492
889.931 -215.356 2.8213
889.929 -215.157 2.81771
889.927 -214.96 2.81415
889.925 -214.767 2.8106
889.924 -214.577 2.80708
889.922 -214.389 2.80358
889.92 -214.204 2.8001
889.918 -214.021 2.79664
889.917 -213.841 2.7932
889.915 -213.663 2.78978
889.913 -213.487 2.78638
889.911 -213.314 2.78299
889.91 -213.143 2.77962
889.908 -212.974 2.77627
889.906 -212.808 2.77293
889.905 -212.643 2.7696
889.903 -212.48 2.76629
890.027 -212.425 2.76023
890.219 -212.425 2.75259
897.962 -215.999 2.51724
926.442 -234.252 1.76285
890.758 -209.865 2.67186
890.758 -209.729 2.66848
890.469 -209.422 2.67309
890.622 -209.381 2.66553
890.758 -209.328 2.65838
890.758 -209.197 2.65501
890.758 -209.066 2.65165
890.776 -208.947 2.64775
891.014 -208.947 2.63748
891.258 -208.947 2.62691
891.499 -208.942 2.61632
891.756 -208.942 2.60513
892.021 -208.942 2.59361
892.293 -208.942 2.58174
892.572 -208.942 2.5695
892.86 -208.942 2.55688
919.798 -220.379 1.68898
931.251 -220.605 1.1827
930.657 -219.97 1.19
930.081 -219.352 1.19696
929.426 -218.719 1.20689
928.694 -218.072 1.21987
927.98 -217.445 1.23253
927.018 -216.753 1.25436
926.98 -216.357 1.24339
926.967 -215.97 1.23153
926.948 -215.583 1.21985
926.859 -215.179 1.2107
926.735 -214.768 1.20287
926.609 -214.359 1.19516
926.282 -213.903 1.19497
921.968 -212.458 1.34525
919.828 -211.604 1.41512
919.566 -211.224 1.4143
919.469 -210.886 1.40724
919.376 -210.551 1.40004
919.28 -210.218 1.39295
919.187 -209.888 1.38581
919.119 -209.565 1.37765
919.073 -209.248 1.3686
919.048 -208.937 1.35874
919.024 -208.626 1.34877
918.998 -208.317 1.33886
918.973 -208.009 1.3289
918.948 -207.701 1.31893
918.922 -207.395 1.30894
918.897 -207.09 1.2989
918.871 -206.785 1.28886
918.842 -206.482 1.27889
918.817 -206.179 1.26878
918.787 -205.877 1.2588
918.76 -205.576 1.24866
918.712 -205.274 1.23944
918.531 -204.961 1.23591
918.227 -204.64 1.23782
917.925 -204.324 1.23976
917.624 -204.013 1.24179
917.331 -203.707 1.24352
917.04 -203.405 1.24532
916.752 -203.107 1.24709
906.227 -202.384 1.71282
906.196 -202.176 1.70595
906.294 -201.971 1.69312
915.636 -201.961 1.25348
915.362 -201.684 1.25512
915.092 -201.411 1.25665
914.83 -201.142 1.25791
914.564 -200.877 1.25943
914.301 -200.615 1.2609
913.877 -200.361 1.27023
910.285 -200.2 1.43234
909.763 -199.982 1.44768
909.261 -199.771 1.46233
908.769 -199.567 1.47668
908.293 -199.368 1.49055
907.834 -199.174 1.50377
907.375 -198.987 1.5172
906.937 -198.804 1.52981
906.504 -198.627 1.54235
906.091 -198.454 1.55411
905.683 -198.286 1.56579
904.622 -198.192 1.61137
904.388 -198.02 1.61462
901.959 -198.113 1.73248
901.691 -197.966 1.73844
901.374 -197.83 1.74707
901.287 -197.666 1.74367
901.241 -197.497 1.73807
900.566 -197.425 1.76628
900.559 -197.254 1.75871
901.189 -196.975 1.71641
901.237 -196.79 1.70557
901.297 -196.601 1.69392
901.31 -196.42 1.68477
889.905 -216.362 2.76955
889.903 -216.148 2.7664
889.902 -215.937 2.76326
889.9 -215.73 2.76014
880.091 -204.945 2.97773
880.119 -204.921 2.97626
889.895 -215.125 2.75086
889.894 -214.93 2.74779
889.892 -214.737 2.74474
889.891 -214.547 2.74169
889.889 -214.36 2.73866
889.888 -214.176 2.73564
889.886 -213.994 2.73263
889.885 -213.814 2.72964
889.883 -213.637 2.72665
889.882 -213.462 2.72367
889.88 -213.289 2.72069
889.879 -213.119 2.71773
889.877 -212.951 2.71477
889.876 -212.784 2.71183
889.874 -212.62 2.70888
889.873 -212.458 2.70595
890.023 -212.425 2.69899
890.215 -212.425 2.69083
897.724 -216.059 2.43793
897.905 -215.964 2.42796
926.441 -234.263 1.5538
890.758 -209.868 2.61366
890.758 -209.732 2.61054
890.469 -209.425 2.61656
890.617 -209.381 2.60876
890.758 -209.331 2.60114
890.758 -209.2 2.598
890.758 -209.069 2.59486
890.771 -208.947 2.59128
891.009 -208.947 2.58028
891.253 -208.947 2.56897
891.494 -208.942 2.55765
891.751 -208.942 2.54567
892.015 -208.942 2.53333
892.286 -208.942 2.52061
892.566 -208.942 2.50751
892.853 -208.942 2.49399
919.804 -220.389 1.52347
923.83 -220.621 1.3378
924.072 -220.334 1.31815
924.075 -219.951 1.30718
929.802 -221.79 1.08406
929.241 -221.151 1.09274
928.704 -220.532 1.10077
928.1 -219.899 1.11151
927.408 -219.246 1.12588
926.73 -218.611 1.13997
925.616 -217.841 1.1711
925.555 -217.439 1.16202
925.548 -217.059 1.15079
925.541 -216.679 1.13955
925.5 -216.291 1.12962
925.403 -215.889 1.12189
925.293 -215.485 1.11467
925.079 -215.055 1.11165
924.445 -214.513 1.12562
886.323 -203.791 2.66105
886.245 -203.697 2.66188
886.168 -203.606 2.66268
886.093 -203.516 2.66345
886.02 -203.427 2.66419
885.947 -203.341 2.6649
885.876 -203.255 2.66559
885.817 -203.174 2.6658
885.763 -203.095 2.6658
885.71 -203.017 2.6658
885.657 -202.94 2.6658
885.604 -202.864 2.6658
885.552 -202.789 2.6658
885.5 -202.715 2.6658
885.449 -202.643 2.6658
885.398 -202.571 2.6658
885.347 -202.499 2.6658
885.296 -202.429 2.6658
885.246 -202.36 2.6658
885.197 -202.292 2.6658
885.147 -202.224 2.6658
885.098 -202.157 2.6658
885.05 -202.092 2.6658
885.001 -202.027 2.6658
884.953 -201.962 2.6658
916.411 -204.773 1.18806
916.14 -204.47 1.19012
915.865 -204.171 1.19246
915.595 -203.877 1.1947
915.334 -203.586 1.19657
915.068 -203.3 1.19875
914.806 -203.018 1.20087
906.229 -202.389 1.60892
906.195 -202.18 1.60232
906.29 -201.976 1.58933
913.799 -201.927 1.20808
913.55 -201.664 1.20994
913.305 -201.404 1.21168
912.99 -201.147 1.21707
909.274 -200.918 1.39532
908.787 -200.696 1.4107
908.31 -200.481 1.42576
907.852 -200.272 1.44012
902.788 -200.229 1.69403
903.011 -200.036 1.6746
903.05 -199.849 1.6646
906.131 -199.493 1.49371
902.935 -199.486 1.65471
902.711 -199.316 1.65859
902.57 -199.143 1.65813
902.444 -198.971 1.65692
902.414 -198.792 1.65049
902.181 -198.633 1.65513
901.946 -198.477 1.65994
901.745 -198.32 1.66304
901.521 -198.168 1.6674
901.211 -198.03 1.6767
901.055 -197.876 1.67754
900.953 -197.716 1.67529
900.567 -197.599 1.68922
900.547 -197.431 1.68242
900.527 -197.262 1.67553
900.547 -197.087 1.66629
900.869 -196.858 1.63939
883.232 -199.915 2.6658
883.193 -199.874 2.6658
883.154 -199.834 2.6658
889.869 -216.113 2.69721
889.867 -215.903 2.69462
889.866 -215.696 2.69204
889.865 -215.493 2.68946
889.863 -215.292 2.68688
889.862 -215.094 2.68431
889.861 -214.9 2.68174
889.86 -214.708 2.67917
889.858 -214.518 2.6766
889.857 -214.332 2.67403
889.856 -214.148 2.67147
889.854 -213.966 2.66891
889.853 -213.787 2.66634
889.852 -213.611 2.66378
889.851 -213.436 2.66122
889.849 -213.264 2.65866
889.848 -213.095 2.6561
889.847 -212.927 2.65354
889.845 -212.761 2.65098
889.844 -212.597 2.64842
889.857 -212.448 2.64542
890.019 -212.425 2.63776
890.211 -212.425 2.62909
897.707 -216.051 2.34808
926.441 -234.273 1.34466
890.758 -209.871 2.55545
890.758 -209.735 2.55257
890.469 -209.428 2.56001
890.572 -209.358 2.55345
890.758 -209.334 2.54388
890.758 -209.202 2.54097
890.758 -209.072 2.53806
890.766 -208.947 2.53483
891.003 -208.947 2.5231
891.247 -208.947 2.51105
891.488 -208.942 2.49899
891.745 -208.942 2.48622
892.009 -208.942 2.47307
892.28 -208.942 2.45951
892.56 -208.942 2.44554
892.847 -208.942 2.43112
919.813 -220.401 1.35773
928.959 -223.604 0.975884
928.368 -222.924 0.988167
923.5 -220.493 1.17241
923.624 -220.161 1.15719
923.774 -219.84 1.14085
926.133 -220.375 1.03426
925.492 -219.735 1.04964
924.837 -219.102 1.06589
924.172 -218.477 1.08274
924.174 -218.103 1.07209
924.172 -217.729 1.06154
924.171 -217.357 1.05093
924.103 -216.965 1.04307
924.007 -216.566 1.03641
923.865 -216.156 1.03173
923.445 -215.663 1.03901
918.176 -213.713 1.25632
917.745 -213.27 1.26549
917.635 -212.927 1.26079
886.375 -203.88 2.62569
886.296 -203.785 2.6269
886.218 -203.692 2.62806
886.142 -203.6 2.62919
886.068 -203.511 2.63027
885.994 -203.423 2.63132
885.923 -203.336 2.63234
885.852 -203.251 2.63331
885.783 -203.168 2.63425
885.715 -203.086 2.63516
885.648 -203.006 2.63604
885.582 -202.927 2.63688
885.517 -202.849 2.63769
885.454 -202.773 2.63848
885.391 -202.698 2.63923
885.33 -202.624 2.63995
885.269 -202.551 2.64065
885.21 -202.48 2.64132
885.151 -202.409 2.64197
885.093 -202.34 2.64258
885.036 -202.272 2.64318
884.98 -202.204 2.64375
884.925 -202.138 2.64429
884.871 -202.073 2.64481
884.817 -202.008 2.64531
884.764 -201.945 2.64579
884.712 -201.883 2.64625
884.66 -201.821 2.64668
884.61 -201.76 2.6471
884.56 -201.7 2.64749
884.51 -201.641 2.64787
884.461 -201.582 2.64822
884.413 -201.525 2.64856
884.366 -201.468 2.64888
884.319 -201.412 2.64918
884.272 -201.356 2.64946
884.226 -201.301 2.64973
884.181 -201.247 2.64997
884.136 -201.194 2.6502
884.092 -201.141 2.65042
884.048 -201.088 2.65062
884.005 -201.037 2.6508
883.962 -200.986 2.65097
883.92 -200.935 2.65112
883.878 -200.885 2.65126
883.837 -200.836 2.65138
883.796 -200.787 2.65149
883.755 -200.738 2.65158
883.715 -200.691 2.65167
883.676 -200.643 2.65173
883.636 -200.596 2.65178
883.597 -200.55 2.65182
883.559 -200.504 2.65185
883.52 -200.458 2.65186
883.483 -200.413 2.65187
883.445 -200.368 2.65185
883.408 -200.324 2.65183
883.371 -200.28 2.65179
883.335 -200.237 2.65174
883.298 -200.194 2.65168
883.262 -200.151 2.65161
883.227 -200.109 2.65153
883.191 -200.067 2.65143
883.156 -200.025 2.65133
883.122 -199.984 2.65121
883.087 -199.943 2.65108
883.053 -199.902 2.65094
883.019 -199.862 2.65079
882.985 -199.822 2.65063
889.833 -215.869 2.62631
889.832 -215.663 2.62426
880.07 -204.925 2.94214
880.103 -204.906 2.94052
880.135 -204.888 2.93888
880.168 -204.87 2.93722
880.2 -204.852 2.93555
889.826 -214.49 2.61179
889.825 -214.304 2.60969
889.824 -214.12 2.60758
889.823 -213.939 2.60546
889.822 -213.761 2.60333
889.821 -213.585 2.60119
889.82 -213.411 2.59905
889.818 -213.24 2.59689
889.817 -213.07 2.59473
889.816 -212.903 2.59256
889.815 -212.738 2.59038
889.815 -212.575 2.58818
889.856 -212.45 2.58447
890.015 -212.425 2.57654
890.207 -212.425 2.56736
897.689 -216.043 2.25834
926.441 -234.284 1.13543
890.758 -209.738 2.49458
890.449 -209.419 2.50423
890.553 -209.349 2.49744
890.758 -209.337 2.4866
890.758 -209.205 2.48392
890.758 -209.075 2.48123
890.761 -208.947 2.47839
890.998 -208.947 2.46595
891.242 -208.947 2.45314
891.483 -208.942 2.44036
891.739 -208.942 2.4268
892.003 -208.942 2.41283
892.274 -208.942 2.39843
892.553 -208.942 2.38359
892.84 -208.942 2.36828
927.451 -224.668 0.883399
926.948 -224.011 0.894765
919.825 -220.414 1.19173
920.08 -220.166 1.17191
925.473 -222.118 0.928347
924.854 -221.455 0.945398
923.391 -220.457 0.999723
923.524 -220.129 0.984212
922.835 -219.476 1.005
922.837 -219.105 0.995229
922.841 -218.735 0.985367
922.846 -218.369 0.975378
922.825 -217.995 0.966522
922.75 -217.603 0.960045
922.647 -217.205 0.954846
922.383 -216.756 0.957017
917.348 -214.723 1.17898
916.871 -214.252 1.19215
916.74 -213.9 1.18946
916.668 -213.57 1.18398
916.594 -213.242 1.17857
916.521 -212.916 1.1731
916.448 -212.593 1.16765
886.347 -203.874 2.59137
886.269 -203.779 2.59292
886.192 -203.686 2.59441
886.116 -203.595 2.59586
886.042 -203.506 2.59726
885.969 -203.418 2.59862
885.898 -203.332 2.59993
885.828 -203.247 2.6012
885.759 -203.164 2.60242
885.691 -203.083 2.60361
885.624 -203.002 2.60476
885.559 -202.924 2.60587
885.495 -202.846 2.60694
885.432 -202.77 2.60798
885.369 -202.695 2.60898
885.308 -202.621 2.60995
885.248 -202.549 2.61089
885.189 -202.478 2.61179
885.13 -202.407 2.61267
885.073 -202.338 2.61351
885.016 -202.27 2.61432
884.96 -202.203 2.6151
884.906 -202.137 2.61586
884.851 -202.072 2.61659
884.798 -202.008 2.61729
884.745 -201.944 2.61797
884.693 -201.882 2.61862
884.642 -201.821 2.61924
884.592 -201.76 2.61984
884.542 -201.7 2.62042
884.493 -201.641 2.62097
884.444 -201.583 2.6215
884.396 -201.525 2.62201
884.349 -201.468 2.62249
884.302 -201.412 2.62296
884.256 -201.357 2.6234
884.21 -201.302 2.62383
884.165 -201.248 2.62423
884.121 -201.195 2.62461
884.076 -201.142 2.62498
884.033 -201.09 2.62532
883.99 -201.038 2.62565
883.947 -200.987 2.62596
883.905 -200.937 2.62625
883.863 -200.887 2.62652
883.822 -200.837 2.62677
883.781 -200.789 2.62701
883.741 -200.74 2.62723
883.701 -200.692 2.62744
883.661 -200.645 2.62763
883.622 -200.598 2.6278
883.583 -200.552 2.62796
883.545 -200.506 2.6281
883.507 -200.461 2.62823
883.469 -200.416 2.62834
883.432 -200.371 2.62844
883.395 -200.327 2.62852
883.358 -200.283 2.62859
883.322 -200.239 2.62865
883.286 -200.196 2.62869
883.25 -200.154 2.62871
883.214 -200.111 2.62873
883.179 -200.069 2.62872
883.144 -200.028 2.62871
883.11 -199.987 2.62868
883.075 -199.946 2.62865
883.041 -199.905 2.62859
883.007 -199.865 2.62853
882.974 -199.825 2.62845
882.94 -199.785 2.62836
889.798 -215.63 2.55677
880.069 -204.924 2.92415
880.101 -204.906 2.9225
880.134 -204.888 2.92083
880.166 -204.87 2.91914
880.199 -204.851 2.91744
889.794 -214.461 2.54726
889.793 -214.276 2.54561
889.792 -214.093 2.54394
889.791 -213.913 2.54226
889.79 -213.735 2.54056
889.789 -213.559 2.53885
889.789 -213.386 2.53711
889.788 -213.215 2.53536
889.787 -213.046 2.5336
889.786 -212.88 2.53182
889.785 -212.715 2.53002
889.814 -212.578 2.52702
889.855 -212.453 2.52348
890.011 -212.425 2.51531
890.203 -212.425 2.50562
897.678 -216.04 2.16842
926.441 -234.295 0.92603
890.305 -209.598 2.45863
890.327 -209.48 2.45535
890.541 -209.477 2.44363
890.706 -209.442 2.43399
890.758 -209.34 2.42928
890.758 -209.208 2.42683
890.758 -209.078 2.42436
890.758 -208.948 2.42187
890.993 -208.947 2.40879
891.237 -208.947 2.39524
891.477 -208.942 2.38172
891.734 -208.942 2.36737
891.997 -208.942 2.35259
892.268 -208.942 2.33735
892.547 -208.942 2.32164
892.834 -208.942 2.30544
924.641 -223.786 0.827188
924.158 -223.155 0.840647
923.576 -222.489 0.858883
919.841 -220.43 1.02532
920.028 -220.15 1.00827
921.568 -220.451 0.927034
921.532 -220.066 0.920039
921.544 -219.703 0.910686
921.555 -219.341 0.901341
921.554 -218.976 0.892541
921.516 -218.599 0.885438
921.439 -218.21 0.880201
921.252 -217.783 0.880271
916.496 -215.695 1.10384
916.035 -215.216 1.11836
915.854 -214.844 1.11917
915.791 -214.515 1.11419
915.724 -214.189 1.10934
915.659 -213.864 1.10441
915.593 -213.543 1.09947
915.527 -213.223 1.09456
915.479 -212.911 1.08866
915.445 -212.605 1.08204
915.431 -212.307 1.0743
886.32 -203.868 2.55722
886.242 -203.774 2.5591
886.165 -203.681 2.56093
886.09 -203.59 2.56269
886.016 -203.501 2.5644
885.944 -203.413 2.56606
885.873 -203.328 2.56767
885.803 -203.243 2.56923
885.735 -203.16 2.57074
885.668 -203.079 2.5722
885.601 -202.999 2.57362
885.536 -202.921 2.57499
885.472 -202.843 2.57633
885.41 -202.767 2.57762
885.348 -202.693 2.57887
885.287 -202.619 2.58008
885.227 -202.547 2.58125
885.168 -202.476 2.58239
885.11 -202.406 2.58349
885.053 -202.337 2.58455
884.996 -202.269 2.58558
884.941 -202.202 2.58658
884.886 -202.136 2.58754
884.832 -202.071 2.58847
884.779 -202.007 2.58938
884.727 -201.944 2.59025
884.675 -201.882 2.59109
884.624 -201.82 2.5919
884.574 -201.76 2.59269
884.524 -201.7 2.59344
884.475 -201.641 2.59417
884.427 -201.583 2.59488
884.379 -201.525 2.59555
884.332 -201.469 2.59621
884.285 -201.413 2.59683
884.239 -201.357 2.59744
884.194 -201.303 2.59802
884.149 -201.249 2.59857
884.105 -201.196 2.59911
884.061 -201.143 2.59962
884.017 -201.091 2.60011
883.975 -201.039 2.60058
883.932 -200.988 2.60103
883.89 -200.938 2.60145
883.849 -200.888 2.60186
883.808 -200.839 2.60225
883.767 -200.79 2.60262
883.727 -200.742 2.60296
883.687 -200.694 2.60329
883.647 -200.647 2.6036
883.608 -200.6 2.6039
883.57 -200.554 2.60417
883.531 -200.508 2.60443
883.493 -200.463 2.60467
883.456 -200.418 2.60489
883.419 -200.373 2.6051
883.382 -200.329 2.60529
883.345 -200.285 2.60546
883.309 -200.242 2.60562
883.273 -200.199 2.60576
883.237 -200.156 2.60588
883.202 -200.114 2.60599
883.167 -200.072 2.60609
883.132 -200.031 2.60617
883.097 -199.99 2.60624
883.063 -199.949 2.60629
883.029 -199.908 2.60632
882.995 -199.868 2.60634
882.962 -199.828 2.60635
882.929 -199.789 2.60634
882.896 -199.749 2.60632
880.067 -204.924 2.90617
880.1 -204.905 2.90449
880.132 -204.887 2.90279
880.165 -204.869 2.90107
880.197 -204.851 2.89933
889.761 -214.432 2.48302
889.761 -214.248 2.48183
889.76 -214.065 2.4806
889.76 -213.886 2.47936
889.759 -213.709 2.47808
889.758 -213.534 2.47678
889.758 -213.361 2.47546
889.757 -213.191 2.47411
889.756 -213.022 2.47274
889.756 -212.856 2.47134
889.771 -212.706 2.46921
889.813 -212.58 2.46586
889.854 -212.456 2.4625
890.007 -212.425 2.45411
890.199 -212.425 2.4439
897.669 -216.038 2.07849
926.442 -234.306 0.716584
890.277 -209.584 2.40354
890.317 -209.477 2.39954
890.536 -209.477 2.38694
890.701 -209.442 2.37687
890.758 -209.342 2.37195
890.758 -209.211 2.36973
890.758 -209.08 2.36748
890.758 -208.951 2.36521
890.988 -208.947 2.35166
891.231 -208.947 2.33737
891.471 -208.942 2.32313
891.728 -208.942 2.30799
891.991 -208.942 2.29239
892.262 -208.942 2.27631
892.541 -208.942 2.25974
892.828 -208.942 2.24264
921.264 -222.204 0.810952
920.342 -221.397 0.84967
893.081 -208.643 2.22129
919.863 -220.447 0.858492
919.998 -220.145 0.843855
920.311 -219.92 0.820013
920.292 -219.552 0.81299
920.245 -219.174 0.807368
920.13 -218.772 0.805227
915.654 -216.644 1.02926
915.206 -216.155 1.04523
914.983 -215.761 1.04954
914.923 -215.433 1.04533
914.866 -215.108 1.04095
914.806 -214.785 1.03667
914.749 -214.465 1.03219
914.69 -214.146 1.02778
914.634 -213.832 1.02317
914.6 -213.526 1.01734
914.581 -213.227 1.01068
914.578 -212.935 1.00309
914.571 -212.643 0.995645
914.567 -212.353 0.98801
914.559 -212.063 0.980482
886.293 -203.862 2.52326
886.215 -203.768 2.52547
886.139 -203.676 2.52762
886.064 -203.585 2.5297
885.991 -203.496 2.53172
885.919 -203.409 2.53367
885.849 -203.323 2.53557
885.779 -203.239 2.53742
885.711 -203.157 2.53921
885.644 -203.076 2.54095
885.578 -202.996 2.54263
885.514 -202.917 2.54427
885.45 -202.84 2.54586
885.388 -202.765 2.5474
885.326 -202.69 2.54889
885.265 -202.617 2.55035
885.206 -202.545 2.55175
885.147 -202.474 2.55312
885.089 -202.404 2.55444
885.033 -202.335 2.55573
884.976 -202.267 2.55697
884.921 -202.201 2.55818
884.867 -202.135 2.55935
884.813 -202.07 2.56049
884.76 -202.006 2.56159
884.708 -201.943 2.56265
884.657 -201.881 2.56368
884.606 -201.82 2.56468
884.556 -201.759 2.56565
884.507 -201.7 2.56658
884.458 -201.641 2.56749
884.41 -201.583 2.56836
884.362 -201.526 2.56921
884.315 -201.469 2.57003
884.269 -201.413 2.57082
884.223 -201.358 2.57158
884.178 -201.304 2.57232
884.133 -201.25 2.57302
884.089 -201.197 2.57371
884.045 -201.144 2.57437
884.002 -201.092 2.575
883.959 -201.041 2.57561
883.917 -200.99 2.5762
883.875 -200.94 2.57676
883.834 -200.89 2.5773
883.793 -200.841 2.57782
883.753 -200.792 2.57831
883.712 -200.744 2.57879
883.673 -200.696 2.57924
883.633 -200.649 2.57967
883.595 -200.602 2.58008
883.556 -200.556 2.58047
883.518 -200.51 2.58085
883.48 -200.465 2.5812
883.443 -200.42 2.58153
883.405 -200.376 2.58184
883.369 -200.332 2.58214
883.332 -200.288 2.58242
883.296 -200.245 2.58268
883.26 -200.202 2.58292
883.225 -200.159 2.58314
883.189 -200.117 2.58335
883.154 -200.075 2.58353
883.12 -200.034 2.58371
883.085 -199.993 2.58386
883.051 -199.952 2.584
883.017 -199.911 2.58412
882.984 -199.871 2.58423
882.95 -199.831 2.58432
882.917 -199.792 2.5844
882.884 -199.753 2.58446
882.852 -199.714 2.5845
880.098 -204.905 2.88649
880.131 -204.887 2.88475
880.163 -204.869 2.883
880.196 -204.85 2.88123
889.755 -214.43 2.41781
889.755 -214.246 2.41704
889.755 -214.064 2.41624
889.755 -213.885 2.4154
889.755 -213.709 2.41453
889.755 -213.534 2.41362
889.755 -213.362 2.41267
889.755 -213.193 2.4117
889.755 -213.025 2.41069
889.755 -212.859 2.40965
889.77 -212.709 2.40785
889.812 -212.583 2.40468
889.854 -212.458 2.40149
890.003 -212.425 2.39292
890.195 -212.425 2.3822
897.663 -216.039 1.98842
926.443 -234.317 0.507022
890.277 -209.586 2.3472
890.313 -209.477 2.34351
890.531 -209.477 2.33027
890.696 -209.442 2.31977
890.758 -209.345 2.3146
890.758 -209.214 2.3126
890.758 -209.083 2.31057
890.758 -208.954 2.30852
890.983 -208.947 2.29455
891.226 -208.947 2.27952
891.466 -208.942 2.26455
891.722 -208.942 2.24862
891.986 -208.942 2.23221
892.266 -208.947 2.21476
892.545 -208.947 2.19731
892.832 -208.947 2.1793
919.062 -221.174 0.757226
919.084 -220.823 0.749171
893.078 -208.644 2.15797
919.069 -220.101 0.735969
918.999 -219.716 0.73265
914.854 -217.584 0.953209
914.363 -217.062 0.973748
914.125 -216.654 0.980381
914.068 -216.325 0.976976
914.015 -216.001 0.973279
913.964 -215.679 0.969469
913.912 -215.36 0.965687
913.861 -215.044 0.961728
913.808 -214.729 0.957865
913.764 -214.419 0.953481
913.746 -214.121 0.947534
913.745 -213.831 0.940566
913.745 -213.542 0.933487
913.743 -213.253 0.926476
913.742 -212.967 0.919307
913.737 -212.68 0.912294
913.717 -212.391 0.906085
913.679 -212.097 0.900871
886.344 -203.952 2.48686
886.266 -203.856 2.48947
886.189 -203.762 2.49201
886.113 -203.67 2.49447
886.039 -203.58 2.49687
885.966 -203.491 2.49919
885.894 -203.404 2.50144
885.824 -203.319 2.50364
885.755 -203.235 2.50576
885.687 -203.153 2.50783
885.621 -203.072 2.50984
885.555 -202.993 2.51179
885.491 -202.914 2.51369
885.428 -202.838 2.51553
885.366 -202.762 2.51732
885.304 -202.688 2.51906
885.244 -202.615 2.52074
885.185 -202.543 2.52238
885.127 -202.472 2.52398
885.069 -202.402 2.52552
885.013 -202.334 2.52703
884.957 -202.266 2.52849
884.902 -202.199 2.5299
884.848 -202.134 2.53128
884.794 -202.069 2.53261
884.742 -202.005 2.53391
884.69 -201.943 2.53517
884.639 -201.881 2.53639
884.588 -201.82 2.53757
884.538 -201.759 2.53872
884.489 -201.7 2.53983
884.441 -201.641 2.54091
884.393 -201.583 2.54196
884.345 -201.526 2.54297
884.299 -201.47 2.54395
884.252 -201.414 2.5449
884.207 -201.359 2.54582
884.162 -201.304 2.54671
884.117 -201.251 2.54757
884.073 -201.198 2.5484
884.03 -201.145 2.54921
883.987 -201.093 2.54998
883.944 -201.042 2.55073
883.902 -200.991 2.55146
883.86 -200.941 2.55216
883.819 -200.891 2.55283
883.778 -200.842 2.55347
883.738 -200.794 2.5541
883.698 -200.746 2.5547
883.659 -200.698 2.55527
883.62 -200.651 2.55582
883.581 -200.604 2.55635
883.542 -200.558 2.55686
883.504 -200.513 2.55734
883.467 -200.467 2.55781
883.429 -200.423 2.55825
883.392 -200.378 2.55867
883.356 -200.334 2.55907
883.319 -200.291 2.55945
883.283 -200.247 2.55981
883.248 -200.204 2.56015
883.212 -200.162 2.56047
883.177 -200.12 2.56077
883.142 -200.078 2.56105
883.108 -200.037 2.56132
883.073 -199.996 2.56156
883.039 -199.955 2.56179
883.006 -199.915 2.562
882.972 -199.874 2.56219
882.939 -199.835 2.56236
882.906 -199.795 2.56252
882.873 -199.756 2.56266
882.84 -199.717 2.56278
882.808 -199.678 2.56289
880.124 -204.881 2.86703
880.156 -204.862 2.86525
880.189 -204.844 2.86345
880.221 -204.826 2.86163
880.254 -204.807 2.85979
880.287 -204.789 2.85793
880.32 -204.77 2.85605
880.353 -204.751 2.85414
889.755 -213.538 2.35029
889.755 -213.366 2.34976
889.755 -213.196 2.34918
889.755 -213.028 2.34856
889.755 -212.863 2.34791
889.769 -212.711 2.34647
889.811 -212.586 2.34348
889.853 -212.461 2.34046
889.999 -212.425 2.33173
889.022 -211.457 2.38366
888.949 -211.252 2.38678
888.878 -211.051 2.38978
888.808 -210.855 2.39268
888.74 -210.663 2.39547
888.673 -210.476 2.39816
888.607 -210.292 2.40075
888.543 -210.112 2.40325
888.481 -209.936 2.40566
888.419 -209.764 2.40798
888.359 -209.595 2.41022
888.3 -209.429 2.41237
888.241 -209.267 2.41444
888.196 -209.115 2.4158
888.175 -208.983 2.4158
888.154 -208.851 2.4158
888.132 -208.72 2.4158
888.11 -208.591 2.4158
924.724 -231.751 0.37703
923.747 -230.67 0.426131
890.277 -209.589 2.29083
890.308 -209.477 2.2875
890.527 -209.477 2.27361
890.543 -209.355 2.27102
890.758 -209.348 2.25721
890.758 -209.217 2.25544
890.758 -209.086 2.25364
890.758 -208.957 2.25181
890.977 -208.947 2.23746
891.22 -208.947 2.22168
891.47 -208.947 2.20544
891.726 -208.947 2.18871
891.99 -208.947 2.17148
892.26 -208.947 2.15372
892.539 -208.947 2.1354
892.825 -208.947 2.11651
917.852 -220.612 0.662934
914.019 -218.486 0.87957
913.515 -217.94 0.903251
913.287 -217.528 0.91091
913.217 -217.192 0.909283
913.173 -216.869 0.906092
913.129 -216.549 0.902875
913.083 -216.23 0.899641
913.038 -215.915 0.896332
912.994 -215.602 0.892893
912.946 -215.29 0.88963
912.928 -214.992 0.88451
912.924 -214.701 0.878492
912.927 -214.413 0.87204
912.93 -214.128 0.865433
912.932 -213.843 0.858855
912.934 -213.56 0.8522
912.911 -213.27 0.846947
912.775 -212.944 0.848584
912.579 -212.603 0.853805
912.381 -212.265 0.859212
912.184 -211.932 0.864527
911.994 -211.605 0.869389
886.317 -203.946 2.45292
886.239 -203.85 2.45586
886.162 -203.757 2.45872
886.087 -203.665 2.4615
886.013 -203.575 2.4642
885.941 -203.487 2.46682
885.87 -203.4 2.46937
885.8 -203.315 2.47185
885.731 -203.231 2.47426
885.664 -203.149 2.4766
885.598 -203.068 2.47888
885.533 -202.989 2.48109
885.469 -202.911 2.48324
885.406 -202.835 2.48534
885.344 -202.759 2.48737
885.283 -202.685 2.48935
885.223 -202.612 2.49127
885.164 -202.541 2.49314
885.106 -202.47 2.49496
885.049 -202.401 2.49673
884.993 -202.332 2.49845
884.937 -202.265 2.50012
884.882 -202.198 2.50174
884.829 -202.133 2.50332
884.775 -202.068 2.50485
884.723 -202.005 2.50634
884.671 -201.942 2.50779
884.62 -201.88 2.5092
884.57 -201.819 2.51057
884.521 -201.759 2.51189
884.472 -201.7 2.51318
884.423 -201.641 2.51443
884.376 -201.583 2.51565
884.329 -201.526 2.51683
884.282 -201.47 2.51797
884.236 -201.414 2.51908
884.191 -201.359 2.52016
884.146 -201.305 2.5212
884.101 -201.251 2.52221
884.058 -201.198 2.52319
884.014 -201.146 2.52414
883.971 -201.094 2.52506
883.929 -201.043 2.52595
883.887 -200.993 2.52681
883.846 -200.942 2.52764
883.805 -200.893 2.52844
883.764 -200.844 2.52922
883.724 -200.795 2.52997
883.684 -200.747 2.53069
883.645 -200.7 2.53139
883.606 -200.653 2.53206
883.567 -200.606 2.5327
883.529 -200.56 2.53332
883.491 -200.515 2.53392
883.453 -200.47 2.53449
883.416 -200.425 2.53504
883.379 -200.381 2.53557
883.343 -200.337 2.53607
883.307 -200.293 2.53656
883.271 -200.25 2.53702
883.235 -200.207 2.53745
883.2 -200.165 2.53787
883.165 -200.123 2.53827
883.13 -200.081 2.53864
883.096 -200.04 2.539
883.061 -199.999 2.53933
883.027 -199.958 2.53965
882.994 -199.918 2.53994
882.96 -199.878 2.54022
882.927 -199.838 2.54048
882.894 -199.798 2.54071
882.861 -199.759 2.54093
882.829 -199.72 2.54113
882.797 -199.682 2.54132
882.765 -199.644 2.54148
 ] }
 color Color { color [
0.499894 0 0.500106
0.520738 0 0.479262
0.527086 0 0.472914
0.596542 0 0.403458
0.579715 0 0.420285
0.487792 0 0.512208
0.485747 0 0.514253
0.161338 0 0.838662
0.472429 0 0.527571
0.489985 0 0.510015
0.297892 0 0.702108
0.296323 0 0.703677
0.296321 0 0.703679
0.297881 0 0.702119
0.499858 0 0.500142
0.520886 0 0.479114
0.527127 0 0.472873
0.595893 0 0.404107
0.579505 0 0.420495
0.487907 0 0.512093
0.4857 0 0.5143
0.161337 0 0.838663
0.163231 0 0.836769
0.47245 0 0.52755
0.489974 0 0.510026
0.297959 0 0.702041
0.296331 0 0.703669
0.296302 0 0.703698
0.297807 0 0.702193
0.527179 0 0.472821
0.595488 0 0.404512
0.579304 0 0.420696
0.488049 0 0.511951
0.48566 0 0.51434
0.161256 0 0.838744
0.163059 0 0.836941
0.472506 0 0.527494
0.489977 0 0.510023
0.298034 0 0.701966
0.296342 0 0.703658
0.296289 0 0.703711
0.297741 0 0.702259
0.572091 0 0.427909
0.29515 0 0.70485
0.52725 0 0.47275
0.59518 0 0.40482
0.579113 0 0.420887
0.488235 0 0.511765
0.485628 0 0.514372
0.16126 0 0.83874
0.163004 0 0.836996
0.472596 0 0.527404
0.489994 0 0.510006
0.298117 0 0.701883
0.296359 0 0.703641
0.296279 0 0.703721
0.29768 0 0.70232
0.580334 0 0.419666
0.577945 0 0.422055
0.568711 0 0.431289
0.576179 0 0.423821
0.295192 0 0.704808
0.294547 0 0.705453
0.527338 0 0.472662
0.594936 0 0.405064
0.578933 0 0.421067
0.488487 0 0.511513
0.485603 0 0.514397
0.161341 0 0.838659
0.163068 0 0.836932
0.472727 0 0.527273
0.490026 0 0.509974
0.298209 0 0.701791
0.296379 0 0.703621
0.296274 0 0.703726
0.297627 0 0.702373
0.567172 0 0.432828
0.561898 0 0.438102
0.560252 0 0.439748
0.55915 0 0.44085
0.55881 0 0.44119
0.55849 0 0.44151
0.558245 0 0.441755
0.55803 0 0.44197
0.295239 0 0.704761
0.294555 0 0.705445
0.295677 0 0.704323
0.527451 0 0.472549
0.594744 0 0.405256
0.578762 0 0.421238
0.488941 0 0.511059
0.485585 0 0.514415
0.161348 0 0.838652
0.163019 0 0.836981
0.174824 0 0.825176
0.174491 0 0.825509
0.472903 0 0.527097
0.47372 0 0.52628
0.490073 0 0.509927
0.29831 0 0.70169
0.296403 0 0.703596
0.296273 0 0.703727
0.29758 0 0.70242
0.58776 0 0.41224
0.547379 0 0.452621
0.545463 0 0.454537
0.54393 0 0.45607
0.543064 0 0.456936
0.54269 0 0.45731
0.542313 0 0.457687
0.541999 0 0.458001
0.541709 0 0.458291
0.541419 0 0.458581
0.541193 0 0.458807
0.540948 0 0.459052
0.29529 0 0.70471
0.294567 0 0.705433
0.295639 0 0.704361
0.540338 0 0.459662
0.527598 0 0.472402
0.5946 0 0.4054
0.578602 0 0.421398
0.598267 0 0.401733
0.485575 0 0.514425
0.161357 0 0.838643
0.162971 0 0.837029
0.175225 0 0.824775
0.175013 0 0.824987
0.473137 0 0.526863
0.473356 0 0.526644
0.490135 0 0.509865
0.29842 0 0.70158
0.296433 0 0.703568
0.296276 0 0.703724
0.297539 0 0.702461
0.534994 0 0.465006
0.531873 0 0.468127
0.530233 0 0.469767
0.528901 0 0.471099
0.528157 0 0.471843
0.527718 0 0.472282
0.527291 0 0.472709
0.526906 0 0.473094
0.526552 0 0.473448
0.526201 0 0.473799
0.525911 0 0.474089
0.525612 0 0.474388
0.525362 0 0.474638
0.525117 0 0.474883
0.524916 0 0.475084
0.295345 0 0.704655
0.294583 0 0.705417
0.295607 0 0.704393
0.524353 0 0.475647
0.524277 0 0.475723
0.527834 0 0.472166
0.594502 0 0.405498
0.578453 0 0.421547
0.598186 0 0.401814
0.485572 0 0.514428
0.161368 0 0.838632
0.162926 0 0.837074
0.175237 0 0.824763
0.174586 0 0.825414
0.473455 0 0.526545
0.473125 0 0.526875
0.490214 0 0.509786
0.298543 0 0.701457
0.296465 0 0.703535
0.296284 0 0.703716
0.297504 0 0.702496
0.517664 0 0.482336
0.516063 0 0.483937
0.514769 0 0.485231
0.514269 0 0.485731
0.513754 0 0.486246
0.513306 0 0.486694
0.51284 0 0.48716
0.512444 0 0.487556
0.512073 0 0.487927
0.511681 0 0.488319
0.511359 0 0.488641
0.511017 0 0.488983
0.510743 0 0.489257
0.510451 0 0.489549
0.510226 0 0.489774
0.509996 0 0.490004
0.50981 0 0.49019
0.295407 0 0.704593
0.294604 0 0.705396
0.295582 0 0.704418
0.509264 0 0.490736
0.509204 0 0.490796
0.509136 0 0.490864
0.594452 0 0.405548
0.578315 0 0.421685
0.598153 0 0.401847
0.485577 0 0.514423
0.161885 0 0.838115
0.162883 0 0.837117
0.175634 0 0.824366
0.473936 0 0.526064
0.47297 0 0.52703
0.49031 0 0.509691
0.491659 0 0.508341
0.598297 0 0.401703
0.540705 0 0.459295
0.508263 0 0.491737
0.298679 0 0.701321
0.296502 0 0.703498
0.296295 0 0.703705
0.297474 0 0.702526
0.501283 0 0.498717
0.50076 0 0.49924
0.500228 0 0.499772
0.499754 0 0.500246
0.499283 0 0.500717
0.498846 0 0.501154
0.498434 0 0.501566
0.498031 0 0.501969
0.497681 0 0.502319
0.497311 0 0.502689
0.497009 0 0.502991
0.496685 0 0.503315
0.496427 0 0.503573
0.496152 0 0.503848
0.495937 0 0.504063
0.495712 0 0.504288
0.495548 0 0.504452
0.295473 0 0.704527
0.294628 0 0.705372
0.295562 0 0.704438
0.493504 0 0.506496
0.489502 0 0.510498
0.485557 0 0.514443
0.481736 0 0.518264
0.594456 0 0.405544
0.578191 0 0.421809
0.598146 0 0.401854
0.48559 0 0.51441
0.161944 0 0.838056
0.162594 0 0.837406
0.47287 0 0.52713
0.490424 0 0.509576
0.491335 0 0.508665
0.599339 0 0.400661
0.595181 0 0.404819
0.588011 0 0.411989
0.574375 0 0.425625
0.49899 0 0.50101
0.49529 0 0.50471
0.493651 0 0.506349
0.492053 0 0.507947
0.49066 0 0.50934
0.298834 0 0.701166
0.296544 0 0.703456
0.29631 0 0.70369
0.29745 0 0.70255
0.487502 0 0.512498
0.486984 0 0.513016
0.486503 0 0.513497
0.486044 0 0.513956
0.485617 0 0.514383
0.485196 0 0.514804
0.484802 0 0.515198
0.484426 0 0.515574
0.484078 0 0.515922
0.483742 0 0.516258
0.483443 0 0.516557
0.483146 0 0.516854
0.482896 0 0.517104
0.482644 0 0.517356
0.482436 0 0.517564
0.481759 0 0.518241
0.479636 0 0.520364
0.295545 0 0.704455
0.294658 0 0.705342
0.295548 0 0.704452
0.46465 0 0.53535
0.461054 0 0.538946
0.457616 0 0.542384
0.454158 0 0.545842
0.45077 0 0.54923
0.594527 0 0.405473
0.57808 0 0.42192
0.59816 0 0.40184
0.485609 0 0.514391
0.161413 0 0.838587
0.162562 0 0.837438
0.17461 0 0.82539
0.167791 0 0.832209
0.164432 0 0.835568
0.166452 0 0.833548
0.168531 0 0.831469
0.170672 0 0.829328
0.173037 0 0.826963
0.175476 0 0.824524
0.177993 0 0.822007
0.180593 0 0.819407
0.472814 0 0.527186
0.490558 0 0.509442
0.491126 0 0.508874
0.593915 0 0.406085
0.592762 0 0.407238
0.591527 0 0.408473
0.589376 0 0.410624
0.586906 0 0.413094
0.584478 0 0.415522
0.581778 0 0.418222
0.576233 0 0.423767
0.565145 0 0.434855
0.491395 0 0.508605
0.485921 0 0.514079
0.483673 0 0.516327
0.482013 0 0.517987
0.480428 0 0.519572
0.479155 0 0.520845
0.478425 0 0.521575
0.477799 0 0.522201
0.477183 0 0.522817
0.299012 0 0.700988
0.29659 0 0.70341
0.29633 0 0.70367
0.297432 0 0.702568
0.474449 0 0.525551
0.473963 0 0.526037
0.473508 0 0.526492
0.473061 0 0.526939
0.472663 0 0.527337
0.472279 0 0.527721
0.471888 0 0.528112
0.471552 0 0.528448
0.471198 0 0.528802
0.470905 0 0.529095
0.470597 0 0.529403
0.47005 0 0.52995
0.466836 0 0.533164
0.463074 0 0.536926
0.459443 0 0.540557
0.455839 0 0.544161
0.452283 0 0.547717
0.295621 0 0.704379
0.29469 0 0.70531
0.295539 0 0.704461
0.438948 0 0.561051
0.435409 0 0.564591
0.401285 0 0.598715
0.394207 0 0.605793
0.387376 0 0.612624
0.380824 0 0.619176
0.594711 0 0.405289
0.577989 0 0.422011
0.598192 0 0.401808
0.166191 0 0.833809
0.165486 0 0.834514
0.161432 0 0.838568
0.162581 0 0.837419
0.163452 0 0.836548
0.1628 0 0.8372
0.162162 0 0.837838
0.161863 0 0.838137
0.164078 0 0.835922
0.166237 0 0.833763
0.168461 0 0.831539
0.170754 0 0.829246
0.173119 0 0.826881
0.175558 0 0.824442
0.178076 0 0.821924
0.180409 0 0.819591
0.472795 0 0.527205
0.490715 0 0.509285
0.490975 0 0.509025
0.578062 0 0.421938
0.57694 0 0.42306
0.575543 0 0.424457
0.573083 0 0.426917
0.570674 0 0.429326
0.568297 0 0.431703
0.564189 0 0.435811
0.556382 0 0.443618
0.499288 0 0.500712
0.476783 0 0.523217
0.474414 0 0.525586
0.472742 0 0.527258
0.471135 0 0.528865
0.469537 0 0.530463
0.468491 0 0.531509
0.467791 0 0.532209
0.467134 0 0.532866
0.466485 0 0.533515
0.465864 0 0.534136
0.465265 0 0.534735
0.46468 0 0.53532
0.299224 0 0.700776
0.296639 0 0.703361
0.296354 0 0.703646
0.297418 0 0.702582
0.462085 0 0.537915
0.461631 0 0.538369
0.461187 0 0.538813
0.460787 0 0.539213
0.460407 0 0.539593
0.460013 0 0.539987
0.459435 0 0.540565
0.458267 0 0.541733
0.454909 0 0.545091
0.451349 0 0.548651
0.447766 0 0.552234
0.444283 0 0.555717
0.440908 0 0.559092
0.437534 0 0.562466
0.434319 0 0.565681
0.431076 0 0.568924
0.427895 0 0.572105
0.295704 0 0.704296
0.294728 0 0.705272
0.295536 0 0.704464
0.379838 0 0.620162
0.373512 0 0.626488
0.367318 0 0.632682
0.361417 0 0.638583
0.355717 0 0.644283
0.350191 0 0.649809
0.344839 0 0.655161
0.253499 0 0.746501
0.251446 0 0.748554
0.249437 0 0.750563
0.247472 0 0.752528
0.247989 0 0.752011
0.249568 0 0.750432
0.251179 0 0.748821
0.252823 0 0.747177
0.176947 0 0.823053
0.175863 0 0.824137
0.577918 0 0.422082
0.598239 0 0.401761
0.166213 0 0.833787
0.166093 0 0.833907
0.160888 0 0.839112
0.162602 0 0.837398
0.163473 0 0.836527
0.162821 0 0.837179
0.162183 0 0.837817
0.161945 0 0.838055
0.16404 0 0.835961
0.166197 0 0.833803
0.16816 0 0.83184
0.170602 0 0.829398
0.172964 0 0.827036
0.175401 0 0.824599
0.177915 0 0.822085
0.180512 0 0.819488
0.472811 0 0.527189
0.595383 0 0.404617
0.585454 0 0.414546
0.57562 0 0.42438
0.564453 0 0.435547
0.563294 0 0.436706
0.490899 0 0.509101
0.490865 0 0.509135
0.557859 0 0.442141
0.555514 0 0.444486
0.552603 0 0.447397
0.547651 0 0.452349
0.536066 0 0.463934
0.469737 0 0.530263
0.465809 0 0.534191
0.464117 0 0.535883
0.462499 0 0.537501
0.460864 0 0.539136
0.459489 0 0.540511
0.458517 0 0.541483
0.457803 0 0.542197
0.457105 0 0.542895
0.456431 0 0.543569
0.455775 0 0.544225
0.455149 0 0.544851
0.45453 0 0.54547
0.453949 0 0.546051
0.453372 0 0.546628
0.452836 0 0.547164
0.299502 0 0.700498
0.296693 0 0.703307
0.296382 0 0.703618
0.297409 0 0.702591
0.450354 0 0.549646
0.449924 0 0.550076
0.4494 0 0.5506
0.447441 0 0.552559
0.443892 0 0.556108
0.440367 0 0.559633
0.436975 0 0.563025
0.433573 0 0.566427
0.430243 0 0.569757
0.427057 0 0.572943
0.423849 0 0.576151
0.420778 0 0.579222
0.417704 0 0.582296
0.414676 0 0.585324
0.411748 0 0.588252
0.408106 0 0.591894
0.372762 0 0.627238
0.295791 0 0.704209
0.294769 0 0.705231
0.295539 0 0.704461
0.349358 0 0.650642
0.343927 0 0.656073
0.338756 0 0.661244
0.333714 0 0.666286
0.328828 0 0.671172
0.286126 0 0.713874
0.284747 0 0.715253
0.279659 0 0.720341
0.25354 0 0.74646
0.251486 0 0.748514
0.249477 0 0.750523
0.247511 0 0.752489
0.247961 0 0.752039
0.249539 0 0.750461
0.25115 0 0.74885
0.252794 0 0.747206
0.194245 0 0.805755
0.192805 0 0.807195
0.191393 0 0.808607
0.190013 0 0.809987
0.18866 0 0.81134
0.187336 0 0.812664
0.186039 0 0.813961
0.184768 0 0.815232
0.183524 0 0.816476
0.182305 0 0.817695
0.18111 0 0.818889
0.17994 0 0.82006
0.178793 0 0.821207
0.17767 0 0.82233
0.176568 0 0.823432
0.175488 0 0.824512
0.175384 0 0.824616
0.577884 0 0.422116
0.598301 0 0.401699
0.166237 0 0.833763
0.166038 0 0.833962
0.1609 0 0.8391
0.162626 0 0.837375
0.163496 0 0.836504
0.162844 0 0.837156
0.162206 0 0.837794
0.16191 0 0.83809
0.164003 0 0.835997
0.16616 0 0.83384
0.168273 0 0.831727
0.170562 0 0.829438
0.172922 0 0.827078
0.175357 0 0.824643
0.177871 0 0.822129
0.180467 0 0.819533
0.47286 0 0.52714
0.592658 0 0.407342
0.584738 0 0.415262
0.575459 0 0.424541
0.565902 0 0.434098
0.552181 0 0.447819
0.550603 0 0.449397
0.549414 0 0.450586
0.548218 0 0.451782
0.545953 0 0.454047
0.543602 0 0.456398
0.491115 0 0.508885
0.490784 0 0.509216
0.52851 0 0.47149
0.463735 0 0.536265
0.4578 0 0.5422
0.456093 0 0.543907
0.454452 0 0.545548
0.452817 0 0.547183
0.451222 0 0.548778
0.44996 0 0.55004
0.449139 0 0.550861
0.4484 0 0.5516
0.447672 0 0.552328
0.446978 0 0.553022
0.446285 0 0.553715
0.445637 0 0.554363
0.444977 0 0.555023
0.444374 0 0.555626
0.443752 0 0.556248
0.44319 0 0.55681
0.442608 0 0.557392
0.442085 0 0.557915
0.441564 0 0.558436
0.441056 0 0.558944
0.296751 0 0.703249
0.296415 0 0.703585
0.297406 0 0.702594
0.433609 0 0.566391
0.430186 0 0.569814
0.42683 0 0.57317
0.423611 0 0.576389
0.420374 0 0.579626
0.417223 0 0.582777
0.414171 0 0.585829
0.411115 0 0.588885
0.408143 0 0.591857
0.405257 0 0.594743
0.402368 0 0.597632
0.399569 0 0.600431
0.395885 0 0.604115
0.360117 0 0.639883
0.354378 0 0.645622
0.348753 0 0.651247
0.343329 0 0.656671
0.295885 0 0.704115
0.294815 0 0.705185
0.295545 0 0.704455
0.323407 0 0.676593
0.31876 0 0.68124
0.314375 0 0.685625
0.282582 0 0.717418
0.281695 0 0.718305
0.274599 0 0.725401
0.272896 0 0.727104
0.271384 0 0.728616
0.270024 0 0.729976
0.206451 0 0.793549
0.204744 0 0.795256
0.203074 0 0.796926
0.201442 0 0.798558
0.199844 0 0.800156
0.198281 0 0.801719
0.196752 0 0.803248
0.195254 0 0.804746
0.193789 0 0.806211
0.192355 0 0.807645
0.190951 0 0.809049
0.189576 0 0.810424
0.18823 0 0.81177
0.186912 0 0.813088
0.185621 0 0.814379
0.184356 0 0.815644
0.183117 0 0.816883
0.181904 0 0.818096
0.180715 0 0.819286
0.17955 0 0.82045
0.178408 0 0.821592
0.177289 0 0.822711
0.176192 0 0.823808
0.175118 0 0.824882
0.175361 0 0.824639
0.577987 0 0.422013
0.598376 0 0.401624
0.166262 0 0.833738
0.165556 0 0.834444
0.160925 0 0.839075
0.162667 0 0.837333
0.163521 0 0.836479
0.162869 0 0.837131
0.162231 0 0.837769
0.161876 0 0.838125
0.163968 0 0.836032
0.166123 0 0.833877
0.168236 0 0.831764
0.170523 0 0.829477
0.172883 0 0.827117
0.175317 0 0.824683
0.177829 0 0.822171
0.180423 0 0.819577
0.472942 0 0.527058
0.590286 0 0.409714
0.582442 0 0.417558
0.574698 0 0.425302
0.566027 0 0.433973
0.556749 0 0.443251
0.547775 0 0.452225
0.538816 0 0.461184
0.537598 0 0.462402
0.536418 0 0.463582
0.534816 0 0.465184
0.532522 0 0.467478
0.530228 0 0.469772
0.527138 0 0.472862
0.521306 0 0.478694
0.458444 0 0.541556
0.451403 0 0.548597
0.448633 0 0.551367
0.446949 0 0.553051
0.445319 0 0.554681
0.443693 0 0.556307
0.442168 0 0.557832
0.44107 0 0.55893
0.4403 0 0.5597
0.439516 0 0.560484
0.438791 0 0.561209
0.438049 0 0.561951
0.437361 0 0.562639
0.43666 0 0.56334
0.436008 0 0.563992
0.435341 0 0.564659
0.43473 0 0.56527
0.434103 0 0.565897
0.433522 0 0.566478
0.432941 0 0.56706
0.432388 0 0.567612
0.431815 0 0.568185
0.430704 0 0.569296
0.427312 0 0.572688
0.423918 0 0.576082
0.296814 0 0.703186
0.296452 0 0.703548
0.297408 0 0.702592
0.411152 0 0.588848
0.408066 0 0.591934
0.405053 0 0.594947
0.402152 0 0.597848
0.399234 0 0.600766
0.39638 0 0.60362
0.393641 0 0.606359
0.39088 0 0.60912
0.388213 0 0.611787
0.385011 0 0.614989
0.348342 0 0.651658
0.342916 0 0.657084
0.337709 0 0.662291
0.332612 0 0.667388
0.327653 0 0.672347
0.322875 0 0.677125
0.318231 0 0.681769
0.295986 0 0.704014
0.294865 0 0.705135
0.295557 0 0.704443
0.301081 0 0.698919
0.281707 0 0.718293
0.278979 0 0.721021
0.255249 0 0.744751
0.254476 0 0.745524
0.243306 0 0.756694
0.253364 0 0.746636
0.253393 0 0.746607
0.253463 0 0.746537
0.252389 0 0.747611
0.204239 0 0.795761
0.202578 0 0.797422
0.200953 0 0.799047
0.199363 0 0.800637
0.197808 0 0.802192
0.196286 0 0.803715
0.194796 0 0.805204
0.193338 0 0.806662
0.19191 0 0.80809
0.190513 0 0.809487
0.189145 0 0.810855
0.187805 0 0.812195
0.186493 0 0.813507
0.185207 0 0.814793
0.183948 0 0.816052
0.182715 0 0.817285
0.181507 0 0.818493
0.180323 0 0.819677
0.179163 0 0.820837
0.178027 0 0.821973
0.176912 0 0.823088
0.17582 0 0.82418
0.174751 0 0.825249
0.17534 0 0.82466
0.176819 0 0.823181
0.260212 0 0.739788
0.598464 0 0.401536
0.16629 0 0.83371
0.165584 0 0.834416
0.161528 0 0.838472
0.162638 0 0.837362
0.163548 0 0.836452
0.162896 0 0.837104
0.162258 0 0.837742
0.161844 0 0.838156
0.163935 0 0.836065
0.166089 0 0.833911
0.168201 0 0.831799
0.170487 0 0.829513
0.172846 0 0.827154
0.175278 0 0.824722
0.177789 0 0.822211
0.180381 0 0.819619
0.473055 0 0.526945
0.580429 0 0.419571
0.572721 0 0.427279
0.565258 0 0.434742
0.557041 0 0.442959
0.548064 0 0.451936
0.539349 0 0.460651
0.528104 0 0.471896
0.526589 0 0.473411
0.525359 0 0.474641
0.524103 0 0.475897
0.522154 0 0.477846
0.519873 0 0.480127
0.517599 0 0.482401
0.513292 0 0.486708
0.467902 0 0.532098
0.445077 0 0.554923
0.441651 0 0.558349
0.43995 0 0.56005
0.438315 0 0.561685
0.43668 0 0.56332
0.435092 0 0.564908
0.433792 0 0.566208
0.432745 0 0.567255
0.431928 0 0.568072
0.431151 0 0.568849
0.430377 0 0.569623
0.429634 0 0.570367
0.428904 0 0.571096
0.428198 0 0.571802
0.427518 0 0.572482
0.426855 0 0.573145
0.426187 0 0.573813
0.425567 0 0.574433
0.424931 0 0.575069
0.424346 0 0.575654
0.423562 0 0.576438
0.421475 0 0.578525
0.418171 0 0.581829
0.414911 0 0.585089
0.411678 0 0.588322
0.408564 0 0.591436
0.405478 0 0.594522
0.402446 0 0.597554
0.296882 0 0.703118
0.296491 0 0.703509
0.297414 0 0.702586
0.390911 0 0.609089
0.388122 0 0.611878
0.385399 0 0.614601
0.382773 0 0.617227
0.380129 0 0.619871
0.377532 0 0.622468
0.373331 0 0.626669
0.337427 0 0.662573
0.33228 0 0.66772
0.32734 0 0.67266
0.322526 0 0.677474
0.317868 0 0.682132
0.313401 0 0.686599
0.308947 0 0.691053
0.304711 0 0.695289
0.300542 0 0.699458
0.296577 0 0.703423
0.292678 0 0.707322
0.282202 0 0.717798
0.28007 0 0.71993
0.255806 0 0.744194
0.253324 0 0.746676
0.250361 0 0.749639
0.249724 0 0.750276
0.249515 0 0.750485
0.242942 0 0.757058
0.243149 0 0.756851
0.249836 0 0.750164
0.250624 0 0.749376
0.251558 0 0.748442
0.252028 0 0.747972
0.202087 0 0.797913
0.20047 0 0.79953
0.198888 0 0.801112
0.19734 0 0.80266
0.0515361 0 0.948464
0.0515566 0 0.948443
0.192891 0 0.807109
0.191471 0 0.808529
0.19008 0 0.80992
0.188718 0 0.811282
0.187384 0 0.812616
0.186078 0 0.813922
0.184798 0 0.815202
0.183545 0 0.816455
0.182317 0 0.817683
0.181114 0 0.818886
0.179935 0 0.820065
0.178781 0 0.821219
0.177649 0 0.822351
0.17654 0 0.82346
0.175453 0 0.824547
0.174387 0 0.825613
0.175321 0 0.824679
0.176799 0 0.823201
0.25862 0 0.74138
0.259557 0 0.740443
0.598564 0 0.401436
0.16632 0 0.83368
0.165613 0 0.834387
0.161557 0 0.838443
0.162611 0 0.837389
0.163577 0 0.836423
0.162925 0 0.837075
0.162287 0 0.837713
0.161814 0 0.838186
0.163905 0 0.836095
0.166058 0 0.833942
0.168168 0 0.831832
0.170453 0 0.829547
0.17281 0 0.82719
0.175241 0 0.824759
0.17775 0 0.82225
0.180341 0 0.819659
0.473203 0 0.526797
0.511167 0 0.488833
0.512332 0 0.487668
0.510941 0 0.489059
0.571014 0 0.428986
0.563488 0 0.436512
0.556281 0 0.443719
0.548435 0 0.451565
0.539708 0 0.460292
0.531205 0 0.468795
0.518164 0 0.481836
0.516305 0 0.483695
0.515061 0 0.484939
0.513838 0 0.486162
0.512291 0 0.487709
0.51019 0 0.48981
0.507989 0 0.492011
0.504737 0 0.495263
0.497163 0 0.502837
0.100856 0 0.899144
0.0998612 0 0.900139
0.0988909 0 0.901109
0.0979441 0 0.902056
0.0970192 0 0.902981
0.0961165 0 0.903883
0.0952351 0 0.904765
0.0944805 0 0.905519
0.0937888 0 0.906211
0.0931085 0 0.906891
0.0924379 0 0.907562
0.0917784 0 0.908222
0.0911284 0 0.908872
0.0904892 0 0.909511
0.0898592 0 0.910141
0.0892383 0 0.910762
0.0886279 0 0.911372
0.0880256 0 0.911974
0.0874335 0 0.912567
0.0868492 0 0.913151
0.0862742 0 0.913726
0.0857076 0 0.914292
0.0851493 0 0.914851
0.0845991 0 0.915401
0.0840571 0 0.915943
0.400232 0 0.599768
0.397273 0 0.602727
0.3943 0 0.6057
0.391389 0 0.608611
0.388595 0 0.611405
0.385778 0 0.614222
0.383011 0 0.616989
0.296953 0 0.703047
0.296537 0 0.703463
0.297425 0 0.702575
0.372578 0 0.627422
0.370046 0 0.629954
0.367573 0 0.632427
0.364412 0 0.635588
0.327219 0 0.672781
0.322372 0 0.677628
0.317646 0 0.682354
0.313111 0 0.686889
0.262453 0 0.737547
0.264757 0 0.735243
0.265242 0 0.734758
0.296244 0 0.703756
0.2643 0 0.7357
0.262188 0 0.737812
0.260911 0 0.739089
0.259792 0 0.740208
0.259654 0 0.740346
0.257485 0 0.742515
0.255311 0 0.744689
0.253477 0 0.746523
0.251436 0 0.748564
0.248529 0 0.751471
0.247174 0 0.752826
0.246384 0 0.753616
0.242735 0 0.757265
0.242789 0 0.757211
0.242866 0 0.757134
0.243354 0 0.756646
0.246924 0 0.753076
0.0676394 0 0.932361
0.0673336 0 0.932666
0.0670317 0 0.932968
0.199991 0 0.800009
0.198416 0 0.801584
0.196876 0 0.803124
0.195368 0 0.804632
0.193893 0 0.806107
0.192448 0 0.807552
0.191035 0 0.808965
0.18965 0 0.81035
0.188294 0 0.811706
0.186967 0 0.813033
0.185666 0 0.814334
0.184393 0 0.815607
0.183145 0 0.816855
0.181923 0 0.818077
0.180725 0 0.819275
0.179552 0 0.820448
0.178402 0 0.821598
0.177275 0 0.822725
0.176171 0 0.823829
0.175088 0 0.824912
0.174213 0 0.825787
0.175304 0 0.824696
0.176782 0 0.823218
0.258454 0 0.741546
0.598675 0 0.401325
0.166352 0 0.833648
0.165645 0 0.834355
0.161588 0 0.838412
0.162122 0 0.837878
0.163608 0 0.836392
0.162956 0 0.837044
0.162317 0 0.837683
0.161787 0 0.838213
0.163876 0 0.836124
0.166028 0 0.833972
0.168137 0 0.831863
0.170421 0 0.829579
0.172777 0 0.827223
0.175207 0 0.824793
0.177715 0 0.822285
0.180304 0 0.819696
0.473389 0 0.526611
0.570097 0 0.429903
0.562004 0 0.437996
0.507688 0 0.492312
0.50759 0 0.49241
0.507793 0 0.492207
0.531729 0 0.468271
0.523457 0 0.476543
0.51509 0 0.48491
0.506699 0 0.493301
0.505451 0 0.494549
0.504194 0 0.495806
0.502976 0 0.497024
0.501092 0 0.498908
0.498939 0 0.501061
0.496334 0 0.503666
0.490859 0 0.509141
0.434723 0 0.565277
0.42933 0 0.57067
0.427321 0 0.572679
0.101607 0 0.898393
0.100593 0 0.899407
0.0996037 0 0.900396
0.0986385 0 0.901361
0.0976962 0 0.902304
0.0967763 0 0.903224
0.095878 0 0.904122
0.0950008 0 0.904999
0.0941439 0 0.905856
0.0933071 0 0.906693
0.0924892 0 0.907511
0.0916894 0 0.908311
0.0909074 0 0.909093
0.0901439 0 0.909856
0.0893963 0 0.910604
0.088666 0 0.911334
0.0879512 0 0.912049
0.0872519 0 0.912748
0.0865686 0 0.913431
0.0858989 0 0.914101
0.0852441 0 0.914756
0.0846035 0 0.915397
0.083976 0 0.916024
0.0833615 0 0.916638
0.0827599 0 0.91724
0.0821711 0 0.917829
0.081595 0 0.918405
0.0810299 0 0.91897
0.0804765 0 0.919523
0.0799347 0 0.920065
0.0794044 0 0.920596
0.078884 0 0.921116
0.0783748 0 0.921625
0.0778754 0 0.922125
0.0773863 0 0.922614
0.0769067 0 0.923093
0.0764365 0 0.923563
0.0759766 0 0.924023
0.0755251 0 0.924475
0.0750828 0 0.924917
0.0746489 0 0.925351
0.0742233 0 0.925777
0.0738068 0 0.926193
0.0733984 0 0.926602
0.0729975 0 0.927003
0.0726046 0 0.927395
0.0722197 0 0.92778
0.071842 0 0.928158
0.0714715 0 0.928528
0.0711089 0 0.928891
0.0707525 0 0.929247
0.0704032 0 0.929597
0.0700616 0 0.929938
0.0697254 0 0.930275
0.0693968 0 0.930603
0.0690743 0 0.930926
0.0687579 0 0.931242
0.0684475 0 0.931553
0.0681438 0 0.931856
0.0678453 0 0.932155
0.0675535 0 0.932447
0.0672668 0 0.932733
0.0669859 0 0.933014
0.0667108 0 0.933289
0.0664408 0 0.933559
0.0661765 0 0.933823
0.0659172 0 0.934083
0.0656629 0 0.934337
0.0654142 0 0.934586
0.19795 0 0.80205
0.196417 0 0.803583
0.0512568 0 0.948743
0.0513454 0 0.948655
0.0514366 0 0.948563
0.0515304 0 0.94847
0.0516273 0 0.948373
0.187875 0 0.812125
0.186554 0 0.813446
0.185259 0 0.814741
0.183992 0 0.816008
0.182749 0 0.817251
0.181532 0 0.818468
0.18034 0 0.81966
0.179172 0 0.820828
0.178027 0 0.821973
0.176905 0 0.823095
0.175805 0 0.824195
0.174734 0 0.825266
0.174238 0 0.825762
0.175289 0 0.824711
0.176767 0 0.823233
0.258291 0 0.741709
0.598797 0 0.401203
0.165679 0 0.834321
0.161388 0 0.838612
0.161939 0 0.838061
0.163641 0 0.836359
0.162989 0 0.837011
0.16235 0 0.83765
0.161761 0 0.838239
0.163849 0 0.836151
0.166 0 0.834
0.168108 0 0.831892
0.170391 0 0.829609
0.172746 0 0.827254
0.175175 0 0.824825
0.177681 0 0.822319
0.180269 0 0.819731
0.560692 0 0.439308
0.553384 0 0.446616
0.473615 0 0.526385
0.474951 0 0.525049
0.532248 0 0.467752
0.523961 0 0.476039
0.506612 0 0.493388
0.506602 0 0.493398
0.497782 0 0.502218
0.496453 0 0.503547
0.495167 0 0.504833
0.49393 0 0.50607
0.492443 0 0.507557
0.490421 0 0.509579
0.488132 0 0.511868
0.484176 0 0.515824
0.429918 0 0.570082
0.423924 0 0.576076
0.421596 0 0.578404
0.419926 0 0.580074
0.418264 0 0.581736
0.41664 0 0.58336
0.415036 0 0.584964
0.101342 0 0.898658
0.100333 0 0.899667
0.099349 0 0.900651
0.0983882 0 0.901612
0.0974509 0 0.902549
0.0965361 0 0.903464
0.095642 0 0.904358
0.0947692 0 0.905231
0.0939165 0 0.906084
0.0930838 0 0.906916
0.0922693 0 0.907731
0.0914737 0 0.908526
0.0906958 0 0.909304
0.0899356 0 0.910064
0.0891921 0 0.910808
0.0884651 0 0.911535
0.0877536 0 0.912246
0.0870575 0 0.912942
0.0863767 0 0.913623
0.085711 0 0.914289
0.0850587 0 0.914941
0.0844204 0 0.91558
0.0837961 0 0.916204
0.0831848 0 0.916815
0.0825856 0 0.917414
0.0819992 0 0.918001
0.0814255 0 0.918575
0.0808627 0 0.919137
0.0803125 0 0.919688
0.0797722 0 0.920228
0.0792442 0 0.920756
0.0787261 0 0.921274
0.0782185 0 0.921781
0.0777213 0 0.922279
0.0772345 0 0.922765
0.0767565 0 0.923244
0.0762886 0 0.923711
0.0758301 0 0.92417
0.0753809 0 0.924619
0.0749401 0 0.92506
0.0745077 0 0.925492
0.0740843 0 0.925916
0.0736693 0 0.926331
0.0732616 0 0.926738
0.0728629 0 0.927137
0.0724714 0 0.927529
0.072088 0 0.927912
0.0717117 0 0.928288
0.0713427 0 0.928657
0.0709807 0 0.929019
0.0706265 0 0.929374
0.0702786 0 0.929721
0.0699377 0 0.930062
0.0696028 0 0.930397
0.0692757 0 0.930724
0.0689539 0 0.931046
0.0686389 0 0.931361
0.0683298 0 0.93167
0.0680268 0 0.931973
0.0677297 0 0.93227
0.0674385 0 0.932562
0.0671531 0 0.932847
0.0668729 0 0.933127
0.0665992 0 0.933401
0.0663298 0 0.93367
0.0660661 0 0.933934
0.0658081 0 0.934192
0.0655552 0 0.934445
0.0653071 0 0.934693
0.0650639 0 0.934936
0.195962 0 0.804038
0.0512479 0 0.948752
0.051336 0 0.948664
0.0514272 0 0.948573
0.0515216 0 0.948478
0.0516186 0 0.948381
0.18746 0 0.81254
0.186145 0 0.813855
0.184856 0 0.815144
0.183594 0 0.816406
0.182357 0 0.817643
0.181146 0 0.818854
0.179959 0 0.820041
0.178796 0 0.821204
0.177656 0 0.822344
0.176538 0 0.823462
0.175444 0 0.824556
0.174761 0 0.825239
0.174266 0 0.825734
0.175277 0 0.824723
0.176754 0 0.823246
0.25821 0 0.74179
0.598932 0 0.401068
0.161105 0 0.838895
0.16068 0 0.83932
0.1625 0 0.8375
0.163743 0 0.836257
0.163677 0 0.836323
0.163024 0 0.836976
0.162385 0 0.837615
0.161759 0 0.838241
0.163825 0 0.836175
0.165975 0 0.834025
0.168082 0 0.831918
0.170364 0 0.829636
0.172717 0 0.827283
0.175145 0 0.824855
0.17765 0 0.82235
0.180237 0 0.819763
0.531542 0 0.468458
0.524501 0 0.475499
0.516437 0 0.483563
0.473892 0 0.526108
0.474477 0 0.525523
0.489824 0 0.510176
0.48799 0 0.51201
0.486714 0 0.513286
0.485455 0 0.514545
0.484091 0 0.515909
0.482367 0 0.517633
0.480254 0 0.519746
0.477005 0 0.522995
0.425115 0 0.574885
0.419151 0 0.580849
0.416211 0 0.583789
0.414547 0 0.585453
0.412879 0 0.587121
0.411249 0 0.588751
0.409643 0 0.590357
0.408052 0 0.591948
0.406689 0 0.593311
0.405489 0 0.594511
0.404537 0 0.595463
0.101078 0 0.898922
0.100075 0 0.899925
0.0990962 0 0.900904
0.0981405 0 0.901859
0.0972083 0 0.902792
0.0962978 0 0.903702
0.095408 0 0.904592
0.0945401 0 0.90546
0.0936917 0 0.906308
0.0928624 0 0.907138
0.0920521 0 0.907948
0.0912606 0 0.908739
0.0904868 0 0.909513
0.08973 0 0.91027
0.0889897 0 0.91101
0.088266 0 0.911734
0.0875578 0 0.912442
0.0868649 0 0.913135
0.0861874 0 0.913813
0.0855241 0 0.914476
0.084875 0 0.915125
0.08424 0 0.91576
0.083618 0 0.916382
0.0830091 0 0.916991
0.0824131 0 0.917587
0.081829 0 0.918171
0.0812576 0 0.918742
0.0806973 0 0.919303
0.0801493 0 0.919851
0.0796114 0 0.920389
0.079085 0 0.920915
0.0785699 0 0.92143
0.0780646 0 0.921935
0.077569 0 0.922431
0.0770837 0 0.922916
0.0766079 0 0.923392
0.0761423 0 0.923858
0.0756853 0 0.924315
0.0752375 0 0.924762
0.0747983 0 0.925202
0.0743681 0 0.925632
0.0739462 0 0.926054
0.0735326 0 0.926467
0.0731272 0 0.926873
0.0727291 0 0.927271
0.0723399 0 0.92766
0.0719571 0 0.928043
0.0715823 0 0.928418
0.0712154 0 0.928785
0.0708549 0 0.929145
0.0705014 0 0.929499
0.0701549 0 0.929845
0.0698153 0 0.930185
0.069482 0 0.930518
0.0691555 0 0.930845
0.068835 0 0.931165
0.0685214 0 0.931479
0.068213 0 0.931787
0.0679113 0 0.932089
0.0676149 0 0.932385
0.067325 0 0.932675
0.0670403 0 0.93296
0.0667614 0 0.933239
0.0664883 0 0.933512
0.0662203 0 0.93378
0.065958 0 0.934042
0.0657007 0 0.934299
0.0654483 0 0.934552
0.0652008 0 0.934799
0.064959 0 0.935041
0.0647213 0 0.935279
0.0512397 0 0.94876
0.0513279 0 0.948672
0.0514191 0 0.948581
0.051513 0 0.948487
0.0516101 0 0.94839
0.18705 0 0.81295
0.18574 0 0.81426
0.184457 0 0.815543
0.183201 0 0.816799
0.181969 0 0.818031
0.180763 0 0.819237
0.179582 0 0.820418
0.178423 0 0.821577
0.177288 0 0.822712
0.176175 0 0.823825
0.175298 0 0.824702
0.174791 0 0.825209
0.174296 0 0.825704
0.175266 0 0.824734
0.176743 0 0.823257
0.258157 0 0.741843
0.599077 0 0.400923
0.160812 0 0.839188
0.160603 0 0.839397
0.162482 0 0.837518
0.163724 0 0.836276
0.163714 0 0.836286
0.163061 0 0.836939
0.162422 0 0.837578
0.161795 0 0.838205
0.163802 0 0.836198
0.165951 0 0.834049
0.168057 0 0.831942
0.170339 0 0.829661
0.172691 0 0.827309
0.175117 0 0.824883
0.177621 0 0.822379
0.180207 0 0.819793
0.4943 0 0.5057
0.48252 0 0.51748
0.181246 0 0.818754
0.474236 0 0.525764
0.474257 0 0.525743
0.476239 0 0.523761
0.474634 0 0.525366
0.472754 0 0.527246
0.470171 0 0.529829
0.420659 0 0.579341
0.414701 0 0.585299
0.41121 0 0.58879
0.409495 0 0.590505
0.407837 0 0.592163
0.406181 0 0.593819
0.404585 0 0.595415
0.402992 0 0.597008
0.401461 0 0.598539
0.400191 0 0.599809
0.399095 0 0.600905
0.398196 0 0.601804
0.39728 0 0.60272
0.396413 0 0.603587
0.395536 0 0.604464
0.100817 0 0.899183
0.0998197 0 0.90018
0.0988454 0 0.901155
0.0978955 0 0.902104
0.0969677 0 0.903032
0.0960615 0 0.903939
0.0951766 0 0.904823
0.094313 0 0.905687
0.0934687 0 0.906531
0.0926436 0 0.907356
0.0918375 0 0.908163
0.0910493 0 0.908951
0.0902789 0 0.909721
0.0895261 0 0.910474
0.0887892 0 0.911211
0.0880687 0 0.911931
0.0873637 0 0.912636
0.0866742 0 0.913326
0.0859998 0 0.914
0.0853397 0 0.91466
0.0846931 0 0.915307
0.0840604 0 0.91594
0.0834417 0 0.916558
0.0828351 0 0.917165
0.0822415 0 0.917759
0.0816606 0 0.918339
0.0810916 0 0.918908
0.0805335 0 0.919466
0.0799879 0 0.920012
0.0794523 0 0.920548
0.0789282 0 0.921072
0.0784147 0 0.921585
0.0779117 0 0.922088
0.0774183 0 0.922582
0.0769353 0 0.923065
0.076461 0 0.923539
0.0759969 0 0.924003
0.0755422 0 0.924458
0.0750959 0 0.924904
0.0746588 0 0.925341
0.0742301 0 0.92577
0.0738097 0 0.92619
0.0733976 0 0.926602
0.0729936 0 0.927006
0.0725977 0 0.927402
0.0722092 0 0.927791
0.0718286 0 0.928171
0.0714553 0 0.928545
0.071089 0 0.928911
0.0707299 0 0.92927
0.0703778 0 0.929622
0.0700327 0 0.929967
0.0696938 0 0.930306
0.0693619 0 0.930638
0.0690368 0 0.930963
0.0687177 0 0.931282
0.0684047 0 0.931595
0.0680977 0 0.931902
0.0677967 0 0.932203
0.0675024 0 0.932498
0.0672131 0 0.932787
0.066929 0 0.933071
0.0666515 0 0.933348
0.066379 0 0.933621
0.0661123 0 0.933888
0.0658507 0 0.934149
0.0655939 0 0.934406
0.0653421 0 0.934658
0.065096 0 0.934904
0.0648548 0 0.935145
0.0646184 0 0.935382
0.0643869 0 0.935613
0.0513203 0 0.94868
0.0514111 0 0.948589
0.051505 0 0.948495
0.0516021 0 0.948398
0.187011 0 0.812989
0.18571 0 0.81429
0.184436 0 0.815564
0.183188 0 0.816812
0.181965 0 0.818035
0.180768 0 0.819232
0.179595 0 0.820405
0.178446 0 0.821554
0.17732 0 0.82268
0.176216 0 0.823784
0.175331 0 0.824669
0.174823 0 0.825177
0.174328 0 0.825672
0.175258 0 0.824742
0.176734 0 0.823266
0.258149 0 0.741851
0.599232 0 0.400768
0.16085 0 0.83915
0.160586 0 0.839414
0.162464 0 0.837536
0.163706 0 0.836294
0.163753 0 0.836247
0.163101 0 0.8369
0.162461 0 0.837539
0.161834 0 0.838166
0.163782 0 0.836218
0.165929 0 0.834071
0.168035 0 0.831965
0.170314 0 0.829686
0.172665 0 0.827335
0.175203 0 0.824797
0.177708 0 0.822292
0.180295 0 0.819705
0.470041 0 0.529959
0.468754 0 0.531246
0.181257 0 0.818743
0.465641 0 0.534359
0.463455 0 0.536545
0.416894 0 0.583106
0.410325 0 0.589675
0.406558 0 0.593441
0.404793 0 0.595207
0.403104 0 0.596896
0.401456 0 0.598544
0.399823 0 0.600177
0.398242 0 0.601758
0.396661 0 0.603339
0.395197 0 0.604803
0.394042 0 0.605958
0.39309 0 0.60691
0.392171 0 0.607829
0.39125 0 0.60875
0.390369 0 0.609631
0.38947 0 0.61053
0.388437 0 0.611563
0.387238 0 0.612762
0.101577 0 0.898423
0.10056 0 0.89944
0.0995665 0 0.900434
0.098598 0 0.901402
0.0976525 0 0.902347
0.0967298 0 0.90327
0.0958286 0 0.904171
0.094948 0 0.905052
0.0940878 0 0.905912
0.0932476 0 0.906752
0.0924267 0 0.907573
0.0916247 0 0.908375
0.0908406 0 0.909159
0.0900736 0 0.909926
0.0893241 0 0.910676
0.0885904 0 0.91141
0.0878732 0 0.912127
0.0871723 0 0.912828
0.0864859 0 0.913514
0.085814 0 0.914186
0.0851564 0 0.914844
0.0845137 0 0.915486
0.0838834 0 0.916117
0.0832671 0 0.916733
0.0826637 0 0.917336
0.0820724 0 0.917928
0.0814938 0 0.918506
0.0809271 0 0.919073
0.0803714 0 0.919629
0.0798282 0 0.920172
0.0792949 0 0.920705
0.0787731 0 0.921227
0.0782611 0 0.921739
0.0777604 0 0.92224
0.0772693 0 0.922731
0.0767878 0 0.923212
0.0763158 0 0.923684
0.0758532 0 0.924147
0.0753999 0 0.9246
0.0749559 0 0.925044
0.0745203 0 0.92548
0.074093 0 0.925907
0.0736749 0 0.926325
0.0732642 0 0.926736
0.0728616 0 0.927138
0.0724672 0 0.927533
0.0720801 0 0.92792
0.071701 0 0.928299
0.071329 0 0.928671
0.0709642 0 0.929036
0.0706065 0 0.929393
0.0702559 0 0.929744
0.0699114 0 0.930089
0.0695739 0 0.930426
0.0692433 0 0.930757
0.0689196 0 0.93108
0.0686012 0 0.931399
0.0682896 0 0.93171
0.067984 0 0.932016
0.0676836 0 0.932316
0.0673899 0 0.93261
0.067102 0 0.932898
0.0668193 0 0.933181
0.0665424 0 0.933458
0.0662713 0 0.933729
0.0660044 0 0.933996
0.0657441 0 0.934256
0.0654887 0 0.934511
0.0652375 0 0.934763
0.0649927 0 0.935007
0.0647521 0 0.935248
0.0645163 0 0.935484
0.0642854 0 0.935715
0.0640593 0 0.935941
0.0513227 0 0.948677
0.0514161 0 0.948584
0.051512 0 0.948488
0.0516103 0 0.94839
0.0517118 0 0.948288
0.0518163 0 0.948184
0.0519233 0 0.948077
0.0520328 0 0.947967
0.180816 0 0.819184
0.179642 0 0.820358
0.178493 0 0.821507
0.177366 0 0.822634
0.176263 0 0.823737
0.175365 0 0.824635
0.174858 0 0.825142
0.174362 0 0.825638
0.175252 0 0.824748
0.16154 0 0.83846
0.159672 0 0.840328
0.157855 0 0.842145
0.156085 0 0.843915
0.154362 0 0.845638
0.152683 0 0.847317
0.151047 0 0.848953
0.149453 0 0.850547
0.147898 0 0.852102
0.146383 0 0.853617
0.144904 0 0.855096
0.143462 0 0.856538
0.142055 0 0.857945
0.140823 0 0.859177
0.139902 0 0.860098
0.138991 0 0.861009
0.138091 0 0.861909
0.137201 0 0.862799
0.570918 0 0.429082
0.556882 0 0.443118
0.160891 0 0.839109
0.160571 0 0.839429
0.16245 0 0.83755
0.161969 0 0.838031
0.163795 0 0.836205
0.163142 0 0.836858
0.162502 0 0.837498
0.161875 0 0.838125
0.163762 0 0.836238
0.165909 0 0.834091
0.168122 0 0.831878
0.170403 0 0.829597
0.172754 0 0.827246
0.17518 0 0.82482
0.177683 0 0.822317
0.180268 0 0.819732
0.456759 0 0.543241
0.412982 0 0.587018
0.406126 0 0.593874
0.402354 0 0.597646
0.400358 0 0.599642
0.398674 0 0.601326
0.397013 0 0.602988
0.395372 0 0.604628
0.393763 0 0.606237
0.392196 0 0.607804
0.390614 0 0.609386
0.389383 0 0.610617
0.388325 0 0.611675
0.387356 0 0.612644
0.386425 0 0.613575
0.3855 0 0.6145
0.384597 0 0.615403
0.383462 0 0.616538
0.381149 0 0.618851
0.378245 0 0.621755
0.375341 0 0.624659
0.372483 0 0.627517
0.369732 0 0.630268
0.101316 0 0.898684
0.100304 0 0.899696
0.0993168 0 0.900683
0.0983527 0 0.901647
0.0974122 0 0.902588
0.0964937 0 0.903506
0.0955968 0 0.904403
0.0947211 0 0.905279
0.0938651 0 0.906135
0.0930293 0 0.906971
0.0922124 0 0.907788
0.0914138 0 0.908586
0.0906338 0 0.909366
0.0898701 0 0.91013
0.0891238 0 0.910876
0.0883942 0 0.911606
0.0876803 0 0.91232
0.0869818 0 0.913018
0.0862987 0 0.913701
0.08563 0 0.91437
0.0849756 0 0.915024
0.0843353 0 0.915665
0.0837082 0 0.916292
0.0830942 0 0.916906
0.0824932 0 0.917507
0.081905 0 0.918095
0.0813288 0 0.918671
0.0807645 0 0.919236
0.0802111 0 0.919789
0.0796693 0 0.920331
0.0791392 0 0.920861
0.0786189 0 0.921381
0.0781099 0 0.92189
0.0776107 0 0.922389
0.0771212 0 0.922879
0.0766419 0 0.923358
0.0761722 0 0.923828
0.075711 0 0.924289
0.07526 0 0.92474
0.0748175 0 0.925183
0.0743833 0 0.925617
0.0739576 0 0.926042
0.0735409 0 0.926459
0.0731316 0 0.926868
0.0727313 0 0.927269
0.0723375 0 0.927662
0.0719526 0 0.928047
0.0715742 0 0.928426
0.0712036 0 0.928796
0.0708403 0 0.92916
0.070484 0 0.929516
0.0701347 0 0.929865
0.0697917 0 0.930208
0.0694556 0 0.930544
0.0691264 0 0.930874
0.0688033 0 0.931197
0.0684863 0 0.931514
0.0681753 0 0.931825
0.0678711 0 0.932129
0.067572 0 0.932428
0.0672789 0 0.932721
0.0669917 0 0.933008
0.0667103 0 0.93329
0.0664348 0 0.933565
0.0661643 0 0.933836
0.0658988 0 0.934101
0.0656391 0 0.934361
0.0653843 0 0.934616
0.0651344 0 0.934866
0.0648894 0 0.935111
0.0646501 0 0.93535
0.064415 0 0.935585
0.0641846 0 0.935815
0.0639598 0 0.93604
0.0637392 0 0.936261
 ] }
}
