# Real Time: 1108.48
# Simulation Time: 40.67
# Radar Position: 917.276 -342.382 0.449958
# Radar Quat: 0.00620723 -0.00132769 0.570497 0.821275
PointSet {
 coord Coordinate { point [
926.834 -401.151 2.09133
926.834 -398.669 2.01959
927.153 -398.18 2.00359
927.493 -397.84 1.99182
927.874 -397.732 1.98657
928.276 -397.732 1.98438
928.679 -397.732 1.98223
929.083 -397.732 1.98014
929.488 -397.732 1.9781
929.895 -397.732 1.97611
930.303 -397.732 1.97417
919.019 -349.603 0.649263
919.014 -349.368 0.642575
919.061 -349.348 0.64181
919.11 -349.332 0.641159
919.158 -349.317 0.640515
919.207 -349.301 0.639879
919.255 -349.285 0.639251
919.304 -349.27 0.638631
919.352 -349.254 0.638018
919.4 -349.238 0.637414
919.449 -349.222 0.636816
919.497 -349.207 0.636226
919.545 -349.191 0.635644
919.604 -349.206 0.635906
919.716 -349.373 0.640295
919.693 -349.153 0.634179
919.736 -349.123 0.633243
919.028 -347.079 0.577823
919.833 -349.091 0.632159
919.88 -349.072 0.631529
919.929 -349.057 0.63101
919.977 -349.041 0.630498
920.026 -349.025 0.629993
920.075 -349.01 0.629496
920.124 -348.997 0.629074
920.173 -348.981 0.628584
920.222 -348.965 0.628101
920.281 -348.973 0.628249
920.42 -349.151 0.633015
923.06 -354.622 0.780278
923.154 -354.598 0.779597
923.249 -354.575 0.778929
926.834 -401.167 1.8834
926.834 -398.683 1.82018
927.151 -398.182 1.80537
927.491 -397.842 1.79456
927.871 -397.732 1.78939
928.273 -397.732 1.78693
928.676 -397.732 1.7845
929.08 -397.732 1.78212
929.486 -397.732 1.77978
929.892 -397.732 1.77748
930.3 -397.732 1.77522
919.018 -349.602 0.622963
919.013 -349.367 0.617076
919.061 -349.348 0.616339
919.11 -349.332 0.615698
919.152 -349.294 0.614528
919.2 -349.278 0.613905
919.248 -349.262 0.613288
919.297 -349.247 0.612678
919.345 -349.231 0.612075
919.393 -349.216 0.611478
919.448 -349.222 0.611394
919.496 -349.206 0.610805
919.545 -349.191 0.610222
919.603 -349.206 0.610368
919.716 -349.373 0.614077
919.693 -349.152 0.608715
919.736 -349.122 0.607826
919.03 -347.085 0.560113
919.833 -349.091 0.606726
919.87 -349.047 0.60552
919.918 -349.031 0.604992
919.967 -349.016 0.604469
920.015 -349 0.603952
920.064 -348.985 0.603441
920.124 -348.996 0.603567
920.173 -348.981 0.60306
920.221 -348.965 0.602558
920.281 -348.972 0.602597
920.42 -349.151 0.606593
923.059 -354.621 0.73264
923.153 -354.598 0.731892
923.248 -354.574 0.731154
926.834 -401.182 1.67539
926.834 -398.697 1.6207
927.149 -398.184 1.60719
927.489 -397.844 1.59733
927.869 -397.732 1.59225
928.271 -397.732 1.58952
928.674 -397.732 1.58681
929.078 -397.732 1.58414
929.483 -397.732 1.5815
929.89 -397.732 1.57889
930.298 -397.732 1.57631
919.018 -349.601 0.596673
919.013 -349.367 0.591586
919.061 -349.347 0.590877
919.109 -349.331 0.590246
919.147 -349.276 0.588829
919.192 -349.252 0.588039
919.241 -349.237 0.587431
919.289 -349.221 0.586828
919.337 -349.206 0.58623
919.385 -349.19 0.585638
919.447 -349.221 0.585981
919.496 -349.206 0.585392
919.544 -349.19 0.584808
919.603 -349.205 0.58484
919.715 -349.372 0.587868
919.692 -349.152 0.583259
919.735 -349.122 0.582417
919.784 -349.106 0.581858
919.832 -349.091 0.581303
919.86 -349.022 0.579711
919.908 -349.006 0.579173
919.956 -348.991 0.57864
920.004 -348.975 0.578111
920.053 -348.96 0.577586
920.123 -348.996 0.578068
920.172 -348.98 0.577544
920.221 -348.964 0.577024
920.28 -348.972 0.576954
920.419 -349.15 0.580181
923.058 -354.621 0.685017
923.152 -354.597 0.684202
923.247 -354.574 0.683393
926.834 -401.197 1.4673
926.834 -398.711 1.42115
927.147 -398.186 1.40901
927.487 -397.846 1.40011
927.867 -397.732 1.39514
928.268 -397.732 1.39213
928.671 -397.732 1.38915
929.076 -397.732 1.38619
929.481 -397.732 1.38325
929.887 -397.732 1.38033
930.295 -397.732 1.37743
919.017 -349.601 0.570391
919.013 -349.366 0.566104
919.06 -349.347 0.565421
919.109 -349.331 0.564801
919.146 -349.276 0.563534
919.19 -349.243 0.56265
919.238 -349.228 0.562047
919.286 -349.212 0.561448
919.334 -349.197 0.560853
919.381 -349.181 0.560262
919.447 -349.221 0.560575
919.495 -349.205 0.559986
919.544 -349.19 0.559402
919.602 -349.205 0.559318
919.715 -349.372 0.561666
919.692 -349.151 0.55781
919.735 -349.121 0.557015
919.783 -349.106 0.556449
919.832 -349.09 0.555886
919.859 -349.02 0.55447
919.907 -349.004 0.553918
919.955 -348.989 0.553369
920.003 -348.973 0.552824
920.051 -348.958 0.552281
920.123 -348.996 0.552576
920.171 -348.98 0.552035
920.22 -348.964 0.551498
920.279 -348.971 0.551319
920.419 -349.15 0.553776
923.057 -354.62 0.637406
923.151 -354.597 0.636523
923.246 -354.573 0.635644
926.834 -401.212 1.25913
926.834 -398.724 1.22153
927.145 -398.188 1.21085
927.485 -397.848 1.20291
927.864 -397.732 1.19805
928.266 -397.732 1.19478
928.669 -397.732 1.19152
929.073 -397.732 1.18827
929.479 -397.732 1.18503
929.885 -397.732 1.1818
930.293 -397.732 1.17858
919.017 -349.6 0.544117
919.012 -349.365 0.54063
919.06 -349.346 0.539973
919.108 -349.33 0.539364
919.146 -349.275 0.538248
919.189 -349.243 0.537433
919.237 -349.227 0.536837
919.285 -349.212 0.536244
919.333 -349.196 0.535653
919.381 -349.181 0.535065
919.447 -349.221 0.535176
919.495 -349.205 0.534588
919.543 -349.189 0.534003
919.602 -349.204 0.533803
919.714 -349.371 0.535471
919.691 -349.151 0.532369
919.734 -349.121 0.531621
919.783 -349.105 0.531048
919.831 -349.09 0.530477
919.858 -349.02 0.529255
919.906 -349.004 0.528692
919.955 -348.988 0.528132
920.003 -348.973 0.527573
920.051 -348.957 0.527016
920.122 -348.995 0.527092
920.171 -348.979 0.526534
920.22 -348.963 0.525978
920.279 -348.971 0.525691
920.418 -349.149 0.527379
923.056 -354.619 0.589808
923.15 -354.596 0.588857
923.245 -354.572 0.587908
926.834 -401.226 1.05088
926.834 -398.737 1.02183
927.143 -398.19 1.0127
927.483 -397.849 1.00572
927.862 -397.732 1.001
928.264 -397.732 0.997458
928.667 -397.732 0.993919
929.071 -397.732 0.990379
929.476 -397.732 0.986839
929.883 -397.732 0.983298
930.291 -397.732 0.979755
919.016 -349.599 0.517852
919.012 -349.365 0.515164
919.059 -349.346 0.514532
919.108 -349.33 0.513933
919.145 -349.275 0.512969
919.189 -349.242 0.512224
919.237 -349.227 0.511634
919.285 -349.211 0.511047
919.333 -349.196 0.51046
919.381 -349.18 0.509875
919.446 -349.22 0.509784
919.494 -349.204 0.509197
919.543 -349.189 0.508611
919.602 -349.204 0.508296
919.714 -349.371 0.509285
919.691 -349.15 0.506935
919.734 -349.121 0.506234
919.782 -349.105 0.505654
919.831 -349.089 0.505075
919.858 -349.019 0.504046
919.906 -349.004 0.503473
919.954 -348.988 0.502901
920.002 -348.972 0.502329
920.05 -348.957 0.501759
920.122 -348.995 0.501615
920.17 -348.979 0.50104
920.219 -348.963 0.500466
920.278 -348.97 0.500071
920.417 -349.149 0.500991
923.055 -354.619 0.542221
923.149 -354.595 0.541202
923.244 -354.572 0.540183
926.834 -401.239 0.842538
926.834 -398.749 0.822048
927.141 -398.191 0.814546
927.485 -397.87 0.808644
927.887 -397.874 0.804861
928.291 -397.878 0.801068
928.696 -397.881 0.797264
929.102 -397.885 0.793449
929.509 -397.889 0.789622
929.917 -397.893 0.785782
930.327 -397.897 0.78193
919.016 -349.599 0.491592
919.011 -349.364 0.489704
919.059 -349.345 0.489096
919.107 -349.329 0.488508
919.145 -349.274 0.487695
919.188 -349.242 0.487019
919.236 -349.226 0.486436
919.284 -349.211 0.485854
919.332 -349.195 0.485272
919.38 -349.18 0.48469
919.446 -349.22 0.484397
919.494 -349.204 0.483811
919.542 -349.188 0.483224
919.601 -349.204 0.482793
919.713 -349.37 0.483102
919.69 -349.15 0.481506
919.734 -349.12 0.480851
919.782 -349.104 0.480264
919.83 -349.089 0.479677
919.857 -349.019 0.478843
919.905 -349.003 0.478259
919.954 -348.987 0.477675
920.002 -348.972 0.477091
920.05 -348.956 0.476505
920.121 -348.994 0.476143
920.17 -348.978 0.475551
920.219 -348.962 0.474959
920.278 -348.97 0.474456
920.417 -349.148 0.474607
923.054 -354.618 0.494641
923.148 -354.595 0.493555
923.243 -354.571 0.492466
926.834 -401.253 0.634112
926.834 -398.762 0.62219
927.139 -398.193 0.616388
927.519 -398.067 0.611948
927.923 -398.071 0.60788
928.328 -398.075 0.603791
928.734 -398.079 0.59968
929.142 -398.083 0.595547
929.55 -398.087 0.591392
929.96 -398.092 0.587213
930.372 -398.096 0.583011
919.015 -349.598 0.465338
919.011 -349.363 0.464249
919.058 -349.345 0.463665
919.107 -349.329 0.463087
919.144 -349.273 0.462427
919.188 -349.241 0.461819
919.236 -349.226 0.461243
919.284 -349.21 0.460666
919.332 -349.195 0.460088
919.38 -349.179 0.459509
919.445 -349.219 0.459015
919.493 -349.203 0.458429
919.542 -349.188 0.457842
919.601 -349.203 0.457294
919.713 -349.37 0.456925
919.69 -349.149 0.456082
919.733 -349.12 0.455474
919.781 -349.104 0.45488
919.83 -349.088 0.454284
919.857 -349.018 0.453644
919.905 -349.003 0.45305
919.953 -348.987 0.452454
920.001 -348.971 0.451856
920.049 -348.956 0.451257
920.121 -348.994 0.450675
920.169 -348.978 0.450067
920.218 -348.962 0.449456
920.277 -348.969 0.448846
920.416 -349.148 0.448229
923.053 -354.617 0.447069
923.147 -354.594 0.445915
923.242 -354.571 0.444756
926.834 -401.266 0.425579
926.834 -398.775 0.422233
927.149 -398.261 0.418176
927.553 -398.265 0.41385
927.959 -398.269 0.409492
928.365 -398.274 0.405102
928.773 -398.278 0.40068
929.182 -398.283 0.396226
929.592 -398.287 0.391738
930.004 -398.292 0.387215
930.417 -398.296 0.382658
919.016 -349.601 0.439083
919.01 -349.363 0.438798
919.058 -349.344 0.438236
919.106 -349.328 0.437669
919.144 -349.273 0.437162
919.188 -349.241 0.436621
919.235 -349.225 0.436052
919.283 -349.21 0.43548
919.331 -349.194 0.434907
919.379 -349.179 0.434331
919.445 -349.219 0.433635
919.493 -349.203 0.43305
919.541 -349.187 0.432462
919.6 -349.203 0.431797
919.713 -349.372 0.430743
919.689 -349.149 0.430661
919.733 -349.119 0.430098
919.781 -349.103 0.429498
919.829 -349.088 0.428894
919.856 -349.018 0.428447
919.904 -349.002 0.427843
919.952 -348.987 0.427235
920.001 -348.971 0.426625
920.049 -348.955 0.426011
920.12 -348.993 0.42521
920.169 -348.977 0.424585
920.217 -348.962 0.423957
920.277 -348.969 0.423239
920.416 -349.147 0.421853
923.052 -354.617 0.3995
923.146 -354.593 0.398279
923.241 -354.57 0.397049
938.011 -365.654 0.225499
937.803 -365.097 0.226753
937.777 -364.752 0.226057
937.738 -364.397 0.225515
937.523 -363.861 0.226905
937.453 -363.488 0.226724
937.505 -363.248 0.225212
937.762 -363.219 0.221433
926.834 -401.28 0.216953
926.834 -398.787 0.22219
927.182 -398.46 0.21895
927.588 -398.464 0.21434
927.995 -398.469 0.209689
928.403 -398.474 0.204995
928.812 -398.479 0.200258
929.222 -398.483 0.195477
929.634 -398.488 0.190651
930.047 -398.493 0.18578
930.462 -398.498 0.180863
919.021 -349.626 0.412701
919.01 -349.362 0.413352
919.058 -349.344 0.412811
919.106 -349.328 0.412254
919.144 -349.272 0.411902
919.187 -349.24 0.411427
919.235 -349.225 0.410865
919.283 -349.209 0.410299
919.331 -349.194 0.409729
919.379 -349.178 0.409156
919.444 -349.218 0.40826
919.493 -349.202 0.407675
919.541 -349.187 0.407086
919.671 -349.413 0.405028
919.721 -349.396 0.404412
919.739 -349.289 0.404359
919.732 -349.119 0.404727
918.678 -346.145 0.423275
918.705 -346.135 0.422937
919.856 -349.017 0.403255
919.904 -349.002 0.40264
919.952 -348.986 0.402021
920 -348.97 0.401397
920.048 -348.955 0.400769
920.119 -348.993 0.399749
920.168 -348.977 0.399107
920.217 -348.961 0.398461
920.374 -349.183 0.396008
920.424 -349.166 0.39533
923.051 -354.616 0.351937
923.145 -354.593 0.350648
923.24 -354.569 0.349348
936.721 -364.831 0.137193
936.858 -364.672 0.134888
937.115 -364.648 0.130676
937.394 -364.646 0.126078
936.178 -363.004 0.145382
937.111 -363.722 0.1303
937.115 -363.429 0.130056
937.156 -363.179 0.129216
937.312 -363.05 0.12652
936.921 -362.363 0.13258
936.988 -362.152 0.131296
926.834 -401.293 0.00823097
926.834 -398.799 0.022059
927.216 -398.66 0.0182965
927.623 -398.665 0.0133999
928.031 -398.67 0.00845047
928.441 -398.675 0.00344772
928.851 -398.68 -0.00160931
929.264 -398.685 -0.00672134
929.677 -398.691 -0.0118895
930.091 -398.696 -0.0171138
930.508 -398.701 -0.0223956
919.028 -349.655 0.386103
919.078 -349.634 0.385583
919.057 -349.343 0.38739
919.106 -349.327 0.386843
919.143 -349.272 0.386646
919.19 -349.252 0.386132
919.238 -349.236 0.385576
919.286 -349.22 0.385016
919.334 -349.204 0.384451
919.382 -349.189 0.383882
919.444 -349.218 0.382887
919.492 -349.202 0.382302
919.54 -349.186 0.381713
919.679 -349.437 0.378523
919.729 -349.42 0.377902
919.78 -349.404 0.377275
919.732 -349.118 0.379359
918.683 -346.159 0.408769
918.709 -346.146 0.408465
919.862 -349.035 0.377878
919.911 -349.019 0.377252
919.959 -349.003 0.37662
920.007 -348.988 0.375983
920.055 -348.972 0.37534
920.119 -348.992 0.374291
920.168 -348.976 0.373632
920.216 -348.961 0.372968
920.384 -349.206 0.369313
922.956 -354.639 0.30572
923.05 -354.615 0.304377
923.145 -354.592 0.303021
923.239 -354.569 0.301652
936.483 -364.874 0.0374768
936.385 -364.444 0.0403225
936.483 -364.245 0.0389602
935.557 -362.897 0.0592933
935.692 -362.759 0.0570664
936.004 -362.816 0.0510551
936.253 -362.799 0.0463799
936.47 -362.744 0.0423701
936.622 -362.62 0.0397005
936.772 -362.492 0.0370749
933.877 -359.26 0.0984354
934.031 -359.179 0.0956007
934.115 -359.028 0.0942369
926.834 -401.306 -0.20059
926.842 -398.857 -0.17868
927.249 -398.863 -0.183804
927.658 -398.868 -0.188992
928.068 -398.873 -0.194243
928.479 -398.878 -0.199559
928.891 -398.884 -0.20494
929.305 -398.889 -0.210388
929.72 -398.895 -0.215903
930.136 -398.9 -0.221486
930.554 -398.906 -0.227138
919.041 -349.708 0.359016
919.089 -349.682 0.358576
919.057 -349.343 0.361971
919.105 -349.327 0.361434
919.148 -349.291 0.361144
919.196 -349.275 0.360599
919.244 -349.259 0.360049
919.293 -349.244 0.359494
919.341 -349.228 0.358932
919.389 -349.212 0.358364
919.443 -349.217 0.357517
919.492 -349.201 0.356933
919.645 -349.501 0.352137
919.696 -349.485 0.351513
919.746 -349.469 0.350883
919.797 -349.452 0.350247
919.786 -349.267 0.351932
918.672 -346.128 0.394792
918.699 -346.12 0.394429
918.726 -346.112 0.394062
918.754 -346.103 0.393691
918.782 -346.095 0.393316
918.809 -346.087 0.392937
920.064 -348.994 0.349697
920.118 -348.992 0.348836
920.167 -348.976 0.34816
920.354 -349.271 0.342784
920.405 -349.254 0.342061
922.955 -354.638 0.25823
923.049 -354.615 0.256821
923.144 -354.591 0.255398
923.238 -354.568 0.253958
936.384 -365.08 -0.0651169
935.138 -363.297 -0.0301786
935.192 -363.065 -0.030133
935.261 -362.853 -0.0305392
935.345 -362.661 -0.0313715
935.42 -362.459 -0.0319889
935.536 -362.305 -0.0337304
935.614 -362.111 -0.0344909
936.344 -362.612 -0.0523664
933.562 -359.411 0.0216082
933.446 -359.054 0.0256651
933.572 -358.95 0.0233741
933.752 -358.899 0.0196926
933.912 -358.828 0.0164868
933.991 -358.676 0.015372
924.774 -401.661 -0.388094
925.121 -401.11 -0.385416
925.459 -400.539 -0.382427
925.796 -400.01 -0.38002
926.144 -399.599 -0.379288
926.352 -398.353 -0.366426
926.501 -396.86 -0.349772
926.796 -396.311 -0.346827
927.092 -395.805 -0.344463
927.386 -395.318 -0.342358
927.673 -394.832 -0.340249
927.954 -394.343 -0.338068
928.219 -393.803 -0.335079
928.478 -393.27 -0.332153
928.729 -392.732 -0.329121
929.057 -392.549 -0.331559
919.04 -349.707 0.332379
919.089 -349.681 0.331984
919.139 -349.665 0.331441
919.105 -349.326 0.336028
919.153 -349.311 0.335495
919.202 -349.295 0.334955
919.25 -349.279 0.334409
919.298 -349.264 0.333855
919.346 -349.248 0.333293
919.395 -349.232 0.332725
919.443 -349.217 0.332149
919.491 -349.201 0.331566
919.645 -349.501 0.325608
919.695 -349.484 0.324982
919.746 -349.468 0.324349
919.796 -349.452 0.323708
919.847 -349.435 0.323058
918.67 -346.125 0.380542
918.698 -346.117 0.380171
918.725 -346.109 0.379795
918.753 -346.101 0.379415
918.78 -346.093 0.37903
918.808 -346.084 0.378641
920.069 -349.007 0.324067
920.118 -348.991 0.323383
920.167 -348.976 0.322691
920.354 -349.27 0.316108
920.405 -349.254 0.315366
922.954 -354.637 0.210741
923.048 -354.614 0.209268
923.143 -354.591 0.207777
923.237 -354.567 0.206268
941.607 -391.315 -0.525948
942.145 -391.532 -0.538377
942.673 -391.717 -0.550354
943.201 -391.889 -0.562233
943.725 -392.042 -0.5739
944.172 -392.041 -0.582548
944.599 -391.998 -0.590454
945.024 -391.946 -0.598267
945.449 -391.891 -0.606128
945.376 -390.967 -0.595475
945.275 -390.02 -0.584113
945.567 -389.757 -0.587422
945.864 -389.501 -0.590949
946.157 -389.242 -0.594433
946.506 -389.075 -0.60001
944.095 -384.562 -0.507392
944.305 -384.242 -0.508752
944.491 -383.89 -0.509342
944.767 -383.678 -0.513172
944.995 -383.396 -0.51543
945.158 -383.02 -0.515459
945.208 -382.49 -0.51177
945.414 -382.189 -0.513512
945.689 -381.986 -0.517652
946.077 -381.941 -0.525701
947.782 -383.676 -0.57801
947.941 -383.288 -0.578171
948.154 -382.977 -0.580223
948.402 -382.715 -0.583538
948.676 -382.487 -0.587765
948.845 -382.128 -0.588609
937.304 -367.219 -0.207021
936.146 -365.448 -0.166539
936.214 -365.202 -0.166125
934.801 -363.197 -0.118014
934.857 -362.969 -0.117534
934.941 -362.777 -0.118017
935.015 -362.574 -0.118184
935.19 -362.487 -0.121628
935.268 -362.292 -0.122009
932.687 -359.189 -0.0386266
932.688 -358.955 -0.0369619
933.497 -359.585 -0.0606573
933.141 -358.971 -0.0478872
933.265 -358.868 -0.0501394
933.394 -358.77 -0.052589
933.531 -358.679 -0.0553064
933.685 -358.604 -0.0585363
932.972 -357.681 -0.0351829
932.98 -357.474 -0.0340426
916.017 -402.24 -0.512126
916.442 -401.773 -0.508394
916.86 -401.344 -0.505309
917.272 -400.94 -0.50263
917.678 -400.534 -0.499944
918.077 -400.046 -0.495927
918.471 -399.582 -0.492317
918.86 -399.212 -0.490255
919.245 -398.836 -0.488112
919.624 -398.459 -0.485964
919.998 -398.082 -0.483833
920.368 -397.708 -0.481757
920.732 -397.336 -0.479731
921.094 -396.986 -0.478098
921.395 -395.923 -0.464345
921.724 -395.355 -0.45894
922.058 -394.921 -0.455819
922.359 -394.214 -0.447999
922.671 -393.703 -0.443516
922.986 -393.28 -0.440543
923.3 -392.89 -0.438144
923.608 -392.491 -0.43559
923.912 -392.095 -0.433093
924.207 -391.676 -0.430182
924.494 -391.237 -0.426901
924.765 -390.735 -0.422476
925.035 -390.259 -0.418489
924.816 -386.941 -0.362847
925.099 -386.727 -0.363329
925.381 -386.517 -0.363894
925.661 -386.313 -0.364597
925.94 -386.108 -0.365312
926.215 -385.901 -0.366
926.495 -385.723 -0.36726
926.775 -385.554 -0.368728
927.064 -385.43 -0.371079
927.374 -385.4 -0.375252
919.04 -349.706 0.305745
919.088 -349.681 0.305393
919.139 -349.664 0.304863
919.104 -349.326 0.310623
919.153 -349.31 0.310099
919.201 -349.295 0.309568
919.249 -349.279 0.309028
919.298 -349.263 0.308479
919.346 -349.248 0.307922
919.394 -349.232 0.307356
919.442 -349.216 0.306783
919.594 -349.517 0.299698
919.644 -349.5 0.29908
919.695 -349.484 0.298453
919.745 -349.468 0.297816
919.796 -349.451 0.29717
919.846 -349.435 0.296515
918.67 -346.125 0.366263
918.697 -346.117 0.365885
918.725 -346.108 0.365502
918.753 -346.1 0.365113
918.78 -346.092 0.364719
918.808 -346.084 0.364319
920.069 -349.007 0.298631
920.117 -348.991 0.297932
920.302 -349.286 0.290187
920.353 -349.27 0.289435
920.404 -349.253 0.288672
922.954 -354.637 0.163254
923.048 -354.614 0.161716
923.142 -354.59 0.160157
923.236 -354.567 0.158578
936.631 -381.307 -0.479217
936.865 -381.097 -0.481133
937.34 -381.356 -0.494427
937.289 -380.598 -0.483155
937.483 -380.319 -0.48348
937.756 -380.192 -0.48754
937.851 -379.739 -0.483545
938.042 -379.471 -0.484111
938.221 -379.184 -0.484201
938.469 -379.02 -0.487434
938.767 -378.944 -0.492954
939.125 -378.965 -0.501077
939.291 -378.663 -0.500896
939.199 -377.948 -0.489842
939.751 -378.279 -0.506315
940.007 -378.13 -0.510241
940.294 -378.028 -0.515472
940.645 -378.022 -0.523419
940.765 -377.664 -0.521815
940.886 -377.314 -0.520379
942.166 -378.659 -0.566217
942.449 -378.527 -0.571261
942.77 -378.448 -0.577871
943.098 -378.375 -0.584777
943.364 -378.213 -0.589212
943.571 -377.971 -0.591392
936.341 -367.799 -0.301655
935.721 -366.615 -0.273288
936.002 -366.631 -0.280312
935.265 -365.339 -0.24797
935.449 -365.243 -0.251456
933.882 -362.969 -0.187977
933.875 -362.668 -0.184586
934.009 -362.541 -0.186573
933.953 -362.189 -0.181453
933.914 -361.864 -0.17709
934.066 -361.765 -0.179915
934.053 -361.478 -0.176674
934.22 -361.398 -0.180147
932.523 -359.248 -0.11492
932.417 -358.895 -0.108693
932.468 -358.72 -0.108337
932.649 -358.684 -0.112703
932.893 -358.713 -0.119397
933.037 -358.634 -0.122461
933.124 -358.495 -0.123476
932.992 -358.138 -0.116678
932.897 -357.824 -0.111316
932.893 -357.605 -0.109241
932.855 -357.356 -0.106022
932.974 -357.26 -0.10842
905.499 -392.477 -0.46697
905.894 -392.361 -0.466044
906.28 -392.273 -0.465677
906.64 -392.298 -0.467457
906.979 -392.422 -0.471104
907.288 -392.7 -0.477648
907.621 -392.866 -0.482238
907.975 -392.933 -0.485047
908.34 -392.928 -0.486616
908.845 -392.095 -0.472935
909.208 -392.057 -0.474007
909.53 -392.278 -0.479926
909.776 -393.027 -0.495765
910.091 -393.363 -0.504021
910.425 -393.58 -0.510143
910.782 -393.635 -0.513319
911.16 -393.513 -0.513246
911.558 -393.194 -0.509517
911.935 -393.026 -0.508673
912.301 -392.947 -0.509572
912.671 -392.799 -0.509222
912.944 -393.774 -0.530266
913.337 -393.374 -0.525262
913.694 -393.384 -0.528127
914.051 -393.417 -0.531487
914.415 -393.301 -0.532074
914.792 -392.879 -0.526793
915.156 -392.634 -0.52498
915.499 -392.902 -0.533126
915.858 -392.723 -0.532696
916.212 -392.636 -0.534113
916.563 -392.616 -0.536889
916.915 -392.565 -0.539111
917.265 -391.732 -0.525993
917.609 -391.566 -0.526026
917.955 -391.664 -0.531334
918.312 -392.238 -0.546214
918.646 -391.746 -0.539925
918.967 -391.043 -0.529401
919.304 -390.945 -0.53104
919.631 -390.671 -0.52916
919.952 -390.374 -0.526849
920.274 -390.13 -0.525643
920.592 -389.887 -0.52449
920.859 -389.017 -0.510492
921.138 -388.433 -0.502305
921.416 -387.92 -0.49557
921.687 -387.409 -0.488861
921.955 -386.94 -0.482982
922.219 -386.478 -0.47726
922.475 -386.007 -0.471313
922.732 -385.59 -0.466513
922.995 -385.258 -0.463481
923.26 -384.972 -0.461452
923.534 -384.769 -0.461209
923.806 -384.567 -0.46102
924.076 -384.366 -0.46086
924.344 -384.165 -0.460739
924.609 -383.964 -0.460654
924.873 -383.764 -0.460607
925.134 -383.565 -0.460596
925.394 -383.366 -0.460622
925.65 -383.159 -0.460503
925.887 -382.874 -0.458668
926.1 -382.494 -0.454697
926.333 -382.225 -0.453214
926.585 -382.047 -0.453825
919.039 -349.706 0.279113
919.08 -349.647 0.279557
919.13 -349.631 0.279036
919.181 -349.615 0.278505
919.154 -349.315 0.284576
919.202 -349.299 0.284056
919.25 -349.283 0.283527
919.299 -349.268 0.282987
919.347 -349.252 0.282438
919.395 -349.236 0.281879
919.443 -349.22 0.28131
919.583 -349.486 0.273907
919.634 -349.47 0.273287
919.684 -349.454 0.272658
919.734 -349.437 0.272017
919.784 -349.421 0.271367
919.835 -349.405 0.270707
918.67 -346.124 0.351987
918.697 -346.116 0.351602
918.725 -346.108 0.35121
918.752 -346.1 0.350813
918.78 -346.092 0.350409
918.807 -346.083 0.349999
920.073 -349.018 0.272894
920.122 -349.002 0.272178
920.289 -349.257 0.264284
920.34 -349.241 0.263516
920.391 -349.224 0.262736
922.953 -354.636 0.115766
923.047 -354.613 0.114163
923.141 -354.589 0.112536
923.235 -354.566 0.110887
934.347 -376.714 -0.504278
934.51 -376.442 -0.503298
934.805 -376.432 -0.509675
934.969 -376.167 -0.508943
935.167 -375.971 -0.510182
935.349 -375.748 -0.510666
935.573 -375.604 -0.513442
935.795 -375.458 -0.51619
936.012 -375.301 -0.518688
936.205 -375.106 -0.520093
936.391 -374.901 -0.521222
936.576 -374.696 -0.522348
936.76 -374.491 -0.52354
937.016 -374.406 -0.528355
937.287 -374.342 -0.533926
937.546 -374.258 -0.538947
937.909 -374.334 -0.549017
938.291 -374.43 -0.559916
938.584 -374.387 -0.566548
938.97 -374.478 -0.577568
939.165 -374.282 -0.579569
939.345 -374.067 -0.580955
939.516 -373.841 -0.582005
939.774 -373.738 -0.58715
939.935 -373.501 -0.587897
940.188 -373.389 -0.592852
935.361 -366.492 -0.368804
935.166 -365.887 -0.355177
934.972 -365.295 -0.341777
934.335 -364.152 -0.30903
933.746 -363.097 -0.278782
933.142 -362.051 -0.24831
932.838 -361.399 -0.231297
932.799 -361.081 -0.226003
932.856 -360.885 -0.224972
931.968 -359.581 -0.183467
932.012 -359.389 -0.182189
932.079 -359.226 -0.181961
932.175 -359.097 -0.183
932.199 -358.889 -0.181057
932.233 -358.696 -0.179602
932.362 -358.607 -0.182174
932.528 -358.556 -0.1863
932.647 -358.456 -0.188501
932.766 -358.355 -0.190732
932.827 -358.194 -0.190614
932.878 -358.025 -0.190115
932.818 -357.747 -0.185161
932.814 -357.528 -0.182539
932.732 -357.238 -0.17689
932.771 -357.067 -0.176125
932.96 -357.04 -0.181472
908.208 -382.148 -0.422276
908.969 -380.007 -0.37624
909.359 -379.469 -0.365264
909.578 -379.72 -0.371599
909.786 -380.046 -0.37963
910.013 -380.29 -0.385942
910.246 -380.517 -0.391958
910.474 -380.785 -0.398934
910.687 -381.161 -0.40837
910.91 -381.506 -0.417199
911.141 -381.825 -0.425548
910.576 -387.585 -0.55439
910.912 -387.491 -0.553927
911.293 -387.039 -0.545578
911.706 -386.286 -0.530545
912.153 -385.141 -0.506789
912.461 -385.102 -0.507716
912.736 -385.361 -0.515341
913.01 -385.663 -0.52405
913.244 -386.448 -0.54368
913.555 -386.442 -0.545646
913.893 -386.084 -0.539731
914.193 -386.182 -0.544154
914.49 -386.36 -0.550472
914.782 -386.651 -0.559423
915.078 -386.945 -0.568562
915.373 -387.385 -0.581118
915.682 -387.546 -0.587416
915.994 -387.688 -0.59338
916.312 -387.635 -0.594921
916.636 -387.157 -0.586727
916.951 -386.819 -0.581784
917.262 -386.734 -0.582729
917.57 -386.528 -0.580905
917.877 -386.393 -0.58081
918.185 -386.407 -0.584228
918.491 -386.332 -0.585621
918.795 -386.209 -0.585951
919.093 -385.992 -0.584104
919.39 -385.823 -0.583433
919.684 -385.634 -0.582356
919.987 -385.621 -0.585482
920.282 -385.502 -0.586151
920.567 -385.262 -0.583965
920.123 -376.43 -0.3747
921.091 -384.385 -0.570069
921.353 -384.035 -0.565282
921.611 -383.691 -0.560629
921.866 -383.358 -0.556236
922.122 -383.072 -0.553021
922.384 -382.86 -0.551652
922.647 -382.672 -0.550912
922.901 -382.438 -0.549054
923.133 -382.072 -0.543923
923.361 -381.71 -0.538896
923.585 -381.353 -0.533964
923.819 -381.083 -0.53125
924.067 -380.905 -0.530871
924.314 -380.735 -0.530752
924.548 -380.505 -0.529098
924.761 -380.183 -0.525126
924.962 -379.824 -0.520183
925.164 -379.488 -0.515837
925.356 -379.127 -0.51083
925.507 -378.603 -0.501534
925.658 -378.108 -0.492939
919.039 -349.705 0.252482
919.076 -349.633 0.253461
919.126 -349.616 0.252958
919.176 -349.6 0.252445
919.16 -349.339 0.258498
919.209 -349.323 0.257986
919.257 -349.307 0.257462
919.305 -349.292 0.256927
919.354 -349.276 0.256381
919.402 -349.26 0.255823
919.528 -349.486 0.248534
919.578 -349.47 0.24793
919.628 -349.453 0.247314
919.678 -349.437 0.246687
919.728 -349.421 0.246047
919.778 -349.405 0.245397
919.828 -349.388 0.244734
918.669 -346.124 0.337713
918.697 -346.115 0.33732
918.724 -346.107 0.336921
918.752 -346.099 0.336514
918.779 -346.091 0.336101
918.807 -346.083 0.335682
920.083 -349.041 0.24671
920.231 -349.257 0.238998
920.282 -349.241 0.238225
920.332 -349.224 0.23744
920.383 -349.208 0.236641
922.952 -354.636 0.0682762
923.046 -354.612 0.0666082
923.14 -354.589 0.0649147
923.234 -354.565 0.0631952
933.247 -374.504 -0.568762
933.46 -374.369 -0.571087
933.708 -374.302 -0.575661
932.854 -372.127 -0.512422
933.716 -373.247 -0.555164
933.221 -371.818 -0.515294
933.45 -371.749 -0.51958
933.683 -371.683 -0.524069
933.904 -371.598 -0.52797
934.265 -371.752 -0.539973
934.542 -371.754 -0.546983
934.831 -371.773 -0.554711
935.132 -371.808 -0.56312
935.408 -371.796 -0.570028
935.698 -371.805 -0.577752
935.869 -371.62 -0.578854
936.033 -371.428 -0.579671
936.197 -371.236 -0.580546
936.373 -371.065 -0.582199
936.531 -370.867 -0.582909
936.708 -370.7 -0.584763
936.859 -370.496 -0.585294
937.033 -370.326 -0.587097
937.191 -370.135 -0.588147
935.84 -367.871 -0.511459
935.281 -366.741 -0.476434
934.453 -365.281 -0.42824
934.254 -364.687 -0.412574
933.505 -363.395 -0.369564
932.352 -361.618 -0.306938
932.201 -361.152 -0.294902
932.268 -360.966 -0.293793
932.373 -360.831 -0.294689
931.653 -359.699 -0.255339
931.614 -359.407 -0.249515
931.669 -359.231 -0.248414
931.714 -359.046 -0.246863
931.835 -358.949 -0.248977
931.926 -358.819 -0.249762
932.008 -358.679 -0.250107
932.156 -358.613 -0.253676
932.284 -358.524 -0.256296
932.411 -358.433 -0.258868
932.545 -358.349 -0.2618
932.624 -358.208 -0.26223
932.69 -358.055 -0.262112
932.766 -357.913 -0.262526
932.74 -357.67 -0.258284
932.696 -357.415 -0.253377
932.535 -357.049 -0.243197
932.556 -356.864 -0.241364
932.58 -356.685 -0.239771
932.605 -356.507 -0.238237
909.259 -378.681 -0.47738
909.648 -378.1 -0.463162
910.007 -377.621 -0.451584
910.26 -377.64 -0.452724
910.534 -377.548 -0.451104
910.844 -377.243 -0.444109
911.128 -377.058 -0.440207
911.407 -376.889 -0.436777
911.683 -376.715 -0.433275
911.956 -376.537 -0.429707
912.219 -376.412 -0.427527
912.491 -376.211 -0.423463
912.746 -376.1 -0.421758
913.002 -375.978 -0.41983
913.263 -375.789 -0.416208
913.51 -375.696 -0.415095
913.767 -375.492 -0.411151
914.006 -375.448 -0.411422
914.25 -375.323 -0.40962
914.498 -375.146 -0.406511
914.734 -375.064 -0.405934
914.977 -374.882 -0.402762
915.21 -374.817 -0.402718
915.442 -374.734 -0.402229
915.678 -374.549 -0.399108
915.91 -374.384 -0.396552
916.145 -374.081 -0.3904
916.375 -373.795 -0.384685
916.596 -373.766 -0.38583
916.816 -373.717 -0.386481
917.036 -373.683 -0.387582
917.255 -373.722 -0.390676
917.475 -373.873 -0.39684
917.698 -374.045 -0.403622
917.923 -374.196 -0.409928
918.15 -374.344 -0.416222
918.379 -374.495 -0.422661
918.611 -374.643 -0.429132
918.844 -374.79 -0.435639
919.079 -374.925 -0.441882
919.311 -374.978 -0.445996
919.542 -374.999 -0.449268
919.766 -374.921 -0.44989
919.99 -374.861 -0.45105
920.223 -374.904 -0.45513
920.493 -375.318 -0.46957
920.735 -375.398 -0.474827
921 -375.678 -0.485752
921.27 -375.961 -0.496882
921.521 -376.063 -0.503044
921.734 -375.86 -0.500659
921.938 -375.61 -0.49698
922.203 -375.802 -0.505888
922.748 -377.771 -0.565658
922.94 -377.391 -0.558553
923.137 -377.063 -0.552957
923.33 -376.745 -0.547615
923.522 -376.439 -0.542639
923.716 -376.161 -0.538471
923.898 -375.843 -0.533126
924.049 -375.392 -0.523884
924.205 -374.991 -0.516067
924.367 -374.641 -0.509722
924.514 -374.245 -0.502033
924.671 -373.915 -0.496232
919.038 -349.704 0.225852
919.075 -349.632 0.22704
919.126 -349.616 0.226549
919.176 -349.6 0.226046
919.226 -349.583 0.225531
919.276 -349.567 0.225003
919.327 -349.551 0.224463
919.377 -349.534 0.22391
919.427 -349.518 0.223345
919.477 -349.502 0.222767
919.527 -349.485 0.222176
919.577 -349.469 0.221572
919.627 -349.453 0.220956
919.678 -349.437 0.220326
919.728 -349.42 0.219684
919.778 -349.404 0.219028
919.828 -349.388 0.21836
918.67 -346.127 0.323304
918.698 -346.119 0.322901
918.725 -346.111 0.322491
918.753 -346.103 0.322072
918.781 -346.095 0.321647
918.808 -346.087 0.321213
920.18 -349.273 0.213307
920.231 -349.257 0.212531
920.281 -349.24 0.211741
920.332 -349.224 0.210936
920.383 -349.207 0.210118
922.958 -354.65 0.020246
923.041 -354.604 0.0193296
923.134 -354.577 0.0176746
923.227 -354.551 0.0159797
930.803 -369.588 -0.520045
931.075 -369.653 -0.528354
931.356 -369.733 -0.537298
932.089 -370.669 -0.577352
932.332 -370.651 -0.583216
932.39 -370.286 -0.576511
932.424 -369.887 -0.568434
932.628 -369.8 -0.571889
932.872 -369.786 -0.578077
933.073 -369.691 -0.581367
933.24 -369.54 -0.582576
933.407 -369.389 -0.583836
933.571 -369.235 -0.585035
933.729 -369.073 -0.585898
933.877 -368.895 -0.58622
934.023 -368.716 -0.586503
934.188 -368.568 -0.588031
934.332 -368.39 -0.588398
934.445 -368.167 -0.586991
934.57 -367.964 -0.58637
934.716 -367.794 -0.587104
934.859 -367.623 -0.587808
934.992 -367.438 -0.587974
935.042 -367.138 -0.58337
935.021 -366.746 -0.574886
934.307 -365.423 -0.526979
933.764 -364.363 -0.489535
933.391 -363.554 -0.462273
932.955 -362.682 -0.431879
931.928 -361.077 -0.3691
931.868 -360.734 -0.360653
931.861 -360.462 -0.355229
931.317 -359.538 -0.320651
931.271 -359.24 -0.313625
931.331 -359.072 -0.312423
931.457 -358.983 -0.314804
931.584 -358.897 -0.317337
931.686 -358.781 -0.318525
931.799 -358.677 -0.320342
931.913 -358.575 -0.322247
932.081 -358.532 -0.32702
932.207 -358.442 -0.329654
932.309 -358.327 -0.331057
932.445 -358.246 -0.334237
932.524 -358.106 -0.3345
932.591 -357.956 -0.334253
932.657 -357.805 -0.333991
932.653 -357.586 -0.330249
932.55 -357.273 -0.321602
932.356 -356.878 -0.30856
932.365 -356.683 -0.305758
932.38 -356.498 -0.30339
932.412 -356.33 -0.301866
932.371 -356.097 -0.296835
909.9 -376.911 -0.556533
910.192 -376.716 -0.551281
910.471 -376.564 -0.547362
910.751 -376.399 -0.543107
911.021 -376.268 -0.539889
911.293 -376.116 -0.536123
911.554 -376.012 -0.533834
911.82 -375.858 -0.530125
912.079 -375.74 -0.527515
912.335 -375.619 -0.524884
912.589 -375.502 -0.52242
912.84 -375.386 -0.520032
913.09 -375.271 -0.517719
913.337 -375.156 -0.51548
913.582 -375.041 -0.513288
913.826 -374.926 -0.511138
914.067 -374.813 -0.509113
914.306 -374.701 -0.507158
914.543 -374.589 -0.505271
914.778 -374.479 -0.503451
915.012 -374.368 -0.501698
915.244 -374.259 -0.50001
915.475 -374.128 -0.497737
915.722 -373.618 -0.484237
915.964 -373.075 -0.469736
916.191 -372.735 -0.4613
916.409 -372.542 -0.457302
916.623 -372.385 -0.45441
916.835 -372.219 -0.451269
917.045 -372.107 -0.4498
917.253 -372.009 -0.448796
917.459 -371.835 -0.44551
917.665 -371.809 -0.446767
917.869 -371.718 -0.446108
918.073 -371.665 -0.446626
918.277 -371.611 -0.447179
918.479 -371.557 -0.447765
918.681 -371.502 -0.448386
918.883 -371.446 -0.449037
919.083 -371.391 -0.449724
919.284 -371.339 -0.450593
919.484 -371.288 -0.451518
919.69 -371.315 -0.454918
919.905 -371.437 -0.461335
920.131 -371.645 -0.470555
920.355 -371.81 -0.47849
920.807 -373.977 -0.549592
921.014 -373.83 -0.548067
921.182 -373.39 -0.537289
921.258 -372.308 -0.50607
921.451 -372.166 -0.504696
921.651 -372.078 -0.505055
921.845 -371.96 -0.504513
922.003 -371.624 -0.496962
922.233 -371.737 -0.503936
922.628 -372.777 -0.541078
922.835 -372.707 -0.542388
923.021 -372.531 -0.540274
923.188 -372.27 -0.535396
923.351 -372.003 -0.530344
923.514 -371.752 -0.525804
923.677 -371.514 -0.521686
923.827 -371.233 -0.516151
923.969 -370.93 -0.509893
924.108 -370.633 -0.503794
919.075 -349.632 0.200617
919.125 -349.615 0.200139
919.175 -349.599 0.199647
919.226 -349.583 0.199141
919.276 -349.566 0.198622
919.326 -349.55 0.198089
919.376 -349.534 0.197541
919.426 -349.518 0.19698
918.445 -346.172 0.312662
918.472 -346.164 0.31232
918.499 -346.156 0.31197
918.527 -346.148 0.311614
918.554 -346.14 0.311249
918.581 -346.132 0.310878
918.608 -346.124 0.310498
918.636 -346.116 0.310111
918.663 -346.107 0.309716
918.69 -346.099 0.309314
918.717 -346.091 0.308904
918.745 -346.083 0.308486
918.772 -346.075 0.30806
918.8 -346.066 0.307626
918.827 -346.058 0.307184
918.855 -346.05 0.306734
918.882 -346.042 0.306276
918.91 -346.033 0.30581
918.937 -346.025 0.305336
918.965 -346.017 0.304853
923.055 -354.634 -0.0294055
923.148 -354.609 -0.0311551
923.242 -354.583 -0.032935
929.994 -367.962 -0.562525
930.269 -368.063 -0.572486
930.449 -367.971 -0.574951
930.682 -367.981 -0.581525
930.88 -367.924 -0.585493
931.05 -367.812 -0.587317
931.211 -367.683 -0.588529
931.324 -367.472 -0.586345
931.464 -367.31 -0.58621
931.64 -367.213 -0.588844
931.804 -367.097 -0.590672
931.984 -367.005 -0.593601
932.175 -366.934 -0.597463
932.355 -366.843 -0.600523
932.522 -366.729 -0.602719
932.704 -366.64 -0.606002
932.884 -366.548 -0.60922
933.092 -366.499 -0.614392
933.137 -366.201 -0.608662
933.221 -365.968 -0.605723
933.339 -365.787 -0.605138
933.453 -365.603 -0.604417
933.528 -365.365 -0.601253
933.554 -365.063 -0.595088
933.697 -364.928 -0.596583
933.381 -364.169 -0.569142
933.341 -363.8 -0.559502
932.64 -362.567 -0.508985
932.11 -361.588 -0.469773
931.677 -360.757 -0.437061
931.132 -359.807 -0.398125
930.807 -359.153 -0.372978
930.801 -358.907 -0.367463
930.802 -358.674 -0.362507
930.858 -358.509 -0.360901
931.21 -358.695 -0.376907
931.429 -358.718 -0.384926
931.481 -358.547 -0.383187
931.626 -358.484 -0.38698
931.819 -358.472 -0.393491
931.965 -358.406 -0.397306
932.105 -358.333 -0.400827
932.208 -358.22 -0.402238
932.345 -358.143 -0.40567
932.427 -358.007 -0.405955
932.494 -357.858 -0.405513
932.553 -357.702 -0.404692
932.529 -357.464 -0.399291
932.357 -357.085 -0.385885
932.245 -356.772 -0.375918
932.254 -356.58 -0.372738
932.271 -356.396 -0.370019
932.243 -356.175 -0.365012
932.219 -355.959 -0.360254
932.234 -355.783 -0.357746
910.274 -376.307 -0.660735
910.552 -376.152 -0.655996
910.827 -375.998 -0.651333
911.097 -375.849 -0.64693
911.366 -375.696 -0.642416
911.631 -375.547 -0.638138
911.894 -375.398 -0.633883
912.151 -375.266 -0.630281
912.406 -375.134 -0.626706
912.657 -375.007 -0.623365
912.909 -374.865 -0.61961
913.154 -374.75 -0.616783
913.398 -374.631 -0.613909
913.64 -374.52 -0.611319
913.879 -374.409 -0.608808
914.116 -374.301 -0.606415
914.351 -374.192 -0.604098
914.584 -374.085 -0.601854
914.816 -373.978 -0.599684
915.049 -373.823 -0.595996
915.298 -373.375 -0.58262
915.538 -372.972 -0.570768
915.767 -372.685 -0.562794
915.99 -372.424 -0.555724
916.209 -372.183 -0.549327
916.423 -372.002 -0.544994
916.633 -371.864 -0.542132
916.842 -371.706 -0.53865
917.048 -371.56 -0.535601
917.252 -371.386 -0.531637
917.454 -371.256 -0.529225
917.654 -371.092 -0.525679
917.852 -370.961 -0.523289
918.048 -370.791 -0.519655
918.241 -370.623 -0.516078
918.433 -370.471 -0.513084
918.623 -370.339 -0.510816
918.813 -370.223 -0.509157
919.002 -370.114 -0.507752
919.142 -369.338 -0.483419
919.303 -368.96 -0.472764
919.482 -368.865 -0.471861
919.676 -368.937 -0.476816
919.886 -369.167 -0.487355
920.137 -369.749 -0.510265
920.345 -369.879 -0.517557
920.556 -370.011 -0.52499
920.76 -370.068 -0.529839
920.861 -369.352 -0.507496
921.024 -369.138 -0.502861
921.163 -368.787 -0.493333
921.33 -368.643 -0.491198
921.426 -368.077 -0.473964
921.594 -367.974 -0.473287
921.804 -368.119 -0.48158
922.061 -368.501 -0.498543
922.398 -369.274 -0.529806
922.576 -369.188 -0.530094
922.756 -369.113 -0.530835
922.916 -368.946 -0.528269
923.078 -368.797 -0.526368
923.246 -368.684 -0.525804
923.414 -368.57 -0.525266
923.582 -368.466 -0.525103
919.086 -349.678 0.172436
919.125 -349.615 0.173727
919.175 -349.599 0.173246
919.225 -349.582 0.17275
919.276 -349.566 0.172239
919.326 -349.55 0.171712
919.376 -349.533 0.171171
919.426 -349.517 0.170614
918.44 -346.158 0.299004
918.467 -346.15 0.298662
918.495 -346.142 0.298312
918.522 -346.134 0.297953
918.549 -346.126 0.297587
918.576 -346.118 0.297212
918.603 -346.11 0.29683
918.63 -346.102 0.296439
918.658 -346.094 0.296039
918.685 -346.085 0.295632
918.712 -346.077 0.295216
918.739 -346.069 0.294791
918.767 -346.061 0.294358
918.794 -346.053 0.293917
918.821 -346.044 0.293467
918.849 -346.036 0.293008
918.876 -346.028 0.292541
918.904 -346.02 0.292064
918.931 -346.011 0.291579
918.959 -346.003 0.291085
918.986 -345.995 0.290582
923.142 -354.597 -0.0783891
923.241 -354.583 -0.0807184
928.851 -365.663 -0.563189
929.158 -365.867 -0.577842
929.389 -365.913 -0.585779
929.584 -365.885 -0.590557
929.791 -365.879 -0.596392
929.946 -365.774 -0.597959
930.109 -365.683 -0.600146
930.305 -365.652 -0.605107
930.613 -365.816 -0.619012
930.851 -365.849 -0.627171
931.039 -365.795 -0.631388
931.196 -365.686 -0.633216
931.308 -365.505 -0.631693
931.399 -365.291 -0.628643
931.57 -365.21 -0.631836
931.709 -365.077 -0.632628
931.822 -364.903 -0.631556
931.836 -364.583 -0.623387
931.964 -364.439 -0.623707
932.082 -364.282 -0.623429
932.191 -364.114 -0.622566
932.302 -363.95 -0.621976
932.306 -363.636 -0.613913
932.35 -363.385 -0.608887
932.398 -363.143 -0.604293
932.445 -362.902 -0.599714
932.413 -362.562 -0.589998
932.137 -361.906 -0.563878
931.561 -360.876 -0.517912
931.016 -359.914 -0.474818
930.688 -359.248 -0.44674
930.633 -358.939 -0.437216
930.609 -358.673 -0.429872
930.562 -358.385 -0.421217
930.616 -358.223 -0.419327
930.679 -358.072 -0.418031
930.74 -357.921 -0.416705
930.757 -357.723 -0.412711
931.004 -357.785 -0.42334
931.369 -357.974 -0.441342
931.648 -358.061 -0.453848
931.875 -358.087 -0.463017
932.068 -358.073 -0.470075
932.117 -357.905 -0.468213
932.258 -357.834 -0.472101
932.393 -357.756 -0.475598
932.451 -357.6 -0.47448
932.378 -357.315 -0.465554
932.113 -356.847 -0.445192
932.135 -356.667 -0.442326
932.146 -356.478 -0.438806
932.154 -356.288 -0.43524
932.084 -356.028 -0.427132
932.087 -355.84 -0.42349
932.087 -355.651 -0.419702
932.019 -355.405 -0.412116
910.629 -375.757 -0.762362
910.9 -375.606 -0.757131
911.168 -375.458 -0.752053
911.433 -375.311 -0.747072
911.695 -375.166 -0.742234
911.953 -375.023 -0.737539
912.21 -374.879 -0.732898
912.463 -374.738 -0.728425
912.714 -374.598 -0.724038
912.961 -374.465 -0.71998
913.206 -374.332 -0.715965
913.45 -374.187 -0.711605
913.689 -374.073 -0.708418
913.926 -373.944 -0.704779
914.161 -373.831 -0.701733
914.395 -373.7 -0.698127
914.627 -373.566 -0.694461
914.874 -373.201 -0.68239
915.116 -372.837 -0.670393
915.353 -372.483 -0.658799
915.585 -372.102 -0.646279
915.807 -371.834 -0.637902
916.02 -371.683 -0.633868
916.23 -371.541 -0.630228
916.439 -371.389 -0.626266
916.645 -371.238 -0.622402
916.849 -371.09 -0.618687
917.051 -370.944 -0.615061
917.251 -370.792 -0.611279
917.449 -370.629 -0.607143
917.642 -370.352 -0.59879
917.833 -370.083 -0.590747
918.021 -369.873 -0.584922
918.207 -369.678 -0.579742
918.38 -369.252 -0.565859
918.551 -368.887 -0.554294
918.712 -368.445 -0.539794
918.864 -367.957 -0.523548
918.976 -366.993 -0.489216
919.179 -367.371 -0.505811
919.395 -367.838 -0.525936
919.615 -368.285 -0.545472
919.84 -368.716 -0.5645
920.043 -368.869 -0.573014
920.232 -368.88 -0.576115
920.415 -368.837 -0.577237
920.561 -368.503 -0.567146
920.674 -367.958 -0.548807
920.743 -367.151 -0.520244
920.849 -366.673 -0.504404
920.973 -366.35 -0.494578
921.023 -365.598 -0.467865
921.169 -365.47 -0.465667
921.338 -365.486 -0.469151
921.576 -365.868 -0.48725
921.83 -366.309 -0.507828
922.054 -366.562 -0.521117
922.231 -366.564 -0.524464
922.384 -366.451 -0.523236
922.527 -366.299 -0.52046
922.669 -366.149 -0.517827
922.81 -366.006 -0.515441
922.95 -365.859 -0.51296
923.082 -365.688 -0.509525
919.124 -349.614 0.147305
919.175 -349.598 0.146834
919.225 -349.582 0.146348
919.275 -349.565 0.145845
919.325 -349.549 0.145326
919.375 -349.533 0.14479
918.409 -346.152 0.285772
918.436 -346.144 0.285438
918.463 -346.136 0.285096
918.49 -346.128 0.284745
918.517 -346.12 0.284385
918.544 -346.112 0.284016
918.571 -346.104 0.283639
918.598 -346.096 0.283253
918.625 -346.088 0.282858
918.652 -346.08 0.282455
918.679 -346.072 0.282042
918.706 -346.063 0.28162
918.734 -346.055 0.281189
918.761 -346.047 0.28075
918.788 -346.039 0.280301
918.815 -346.031 0.279842
918.843 -346.022 0.279375
918.87 -346.014 0.278898
918.897 -346.006 0.278412
918.925 -345.998 0.277916
918.952 -345.989 0.277411
918.98 -345.981 0.276896
919.007 -345.973 0.276371
923.24 -354.582 -0.128523
928.102 -364.157 -0.583374
928.267 -364.105 -0.586635
928.434 -364.057 -0.590123
928.599 -364.005 -0.593484
928.763 -363.948 -0.596677
928.922 -363.883 -0.599562
929.154 -363.948 -0.608834
929.401 -364.037 -0.619444
929.609 -364.052 -0.626534
929.864 -364.144 -0.637569
929.982 -363.997 -0.636815
930.115 -363.876 -0.637409
930.248 -363.757 -0.638148
930.38 -363.638 -0.638908
930.512 -363.519 -0.639702
930.642 -363.397 -0.640376
930.78 -363.29 -0.641888
930.948 -363.228 -0.645766
931.06 -363.081 -0.645304
931.067 -362.78 -0.636656
931.142 -362.583 -0.633494
931.229 -362.409 -0.631508
931.332 -362.258 -0.630778
931.455 -362.137 -0.631707
931.503 -361.913 -0.627041
931.52 -361.65 -0.620191
931.479 -361.315 -0.60925
931.291 -360.793 -0.587669
930.992 -360.139 -0.558408
930.815 -359.657 -0.538473
930.479 -358.986 -0.507393
930.449 -358.712 -0.498815
930.287 -358.28 -0.480958
930.239 -357.997 -0.471535
930.329 -357.882 -0.471932
930.461 -357.818 -0.475365
930.38 -357.506 -0.464044
930.454 -357.378 -0.463596
930.607 -357.339 -0.46865
930.722 -357.257 -0.471092
930.827 -357.163 -0.472926
930.928 -357.066 -0.474563
931.044 -356.983 -0.477171
931.159 -356.901 -0.479837
931.349 -356.894 -0.487441
932.213 -357.574 -0.539518
932.27 -357.419 -0.538161
931.849 -356.791 -0.505658
931.877 -356.618 -0.502718
932.011 -356.548 -0.506723
932.026 -356.365 -0.503106
931.953 -356.101 -0.493956
930.734 -354.781 -0.411905
930.873 -354.733 -0.416795
930.961 -354.639 -0.418505
931.036 -354.534 -0.419428
931.12 -354.436 -0.420954
910.972 -375.225 -0.860546
911.236 -375.08 -0.854886
911.498 -374.938 -0.849433
911.756 -374.796 -0.844082
912.012 -374.655 -0.83884
912.265 -374.516 -0.833745
912.515 -374.378 -0.828759
912.763 -374.237 -0.823716
913.008 -374.106 -0.819148
913.252 -373.96 -0.81406
913.495 -373.805 -0.808688
913.73 -373.695 -0.805161
913.98 -373.427 -0.795395
914.223 -373.188 -0.78681
914.469 -372.87 -0.775162
914.717 -372.476 -0.760505
914.958 -372.091 -0.746262
915.194 -371.716 -0.732481
915.415 -371.475 -0.724077
915.627 -371.335 -0.719805
915.837 -371.195 -0.71557
916.045 -371.055 -0.711392
916.251 -370.918 -0.707413
916.455 -370.774 -0.70317
916.656 -370.629 -0.69897
916.858 -370.359 -0.689748
917.056 -370.108 -0.68129
917.25 -369.856 -0.672863
917.44 -369.604 -0.664476
917.627 -369.355 -0.656199
917.81 -369.042 -0.645372
917.985 -368.637 -0.630801
918.154 -368.22 -0.615715
918.321 -367.871 -0.603447
918.484 -367.547 -0.592185
918.622 -366.868 -0.566286
918.762 -366.353 -0.547126
918.925 -366.265 -0.545602
919.101 -366.367 -0.552071
919.291 -366.618 -0.564775
919.509 -367.127 -0.5884
919.693 -367.221 -0.594799
919.88 -367.335 -0.602092
920.03 -367.093 -0.594537
920.173 -366.824 -0.58588
920.327 -366.662 -0.581716
920.308 -365.228 -0.523662
920.362 -364.452 -0.493361
920.457 -364.027 -0.477843
920.582 -363.831 -0.472078
920.713 -363.689 -0.468646
920.845 -363.562 -0.465883
920.983 -363.48 -0.46506
921.166 -363.645 -0.474961
921.431 -364.227 -0.503042
921.645 -364.503 -0.518057
921.819 -364.562 -0.523705
921.964 -364.483 -0.523414
922.106 -364.391 -0.522624
922.25 -364.312 -0.522394
922.393 -364.232 -0.522168
922.534 -364.145 -0.521691
922.674 -364.058 -0.52122
919.243 -350.079 0.100096
919.174 -349.598 0.120428
919.224 -349.581 0.119951
919.275 -349.565 0.119456
919.325 -349.549 0.118944
919.375 -349.532 0.118414
918.405 -346.138 0.272305
918.431 -346.13 0.271971
918.458 -346.122 0.271629
918.485 -346.114 0.271277
918.512 -346.106 0.270915
918.539 -346.098 0.270545
918.566 -346.09 0.270165
918.593 -346.082 0.269776
918.62 -346.074 0.269377
918.647 -346.066 0.268969
918.674 -346.058 0.268551
918.701 -346.05 0.268124
918.728 -346.042 0.267687
918.755 -346.033 0.26724
918.782 -346.025 0.266784
918.809 -346.017 0.266318
918.837 -346.009 0.265842
918.864 -346.001 0.265356
918.891 -345.992 0.264859
918.918 -345.984 0.264353
918.946 -345.976 0.263837
918.973 -345.968 0.263311
919.001 -345.959 0.262774
923.242 -354.587 -0.17662
927.361 -362.667 -0.592627
927.556 -362.701 -0.599989
927.706 -362.644 -0.602729
927.81 -362.498 -0.600936
927.951 -362.424 -0.602871
928.087 -362.342 -0.604463
928.256 -362.319 -0.609218
928.438 -362.317 -0.615197
928.684 -362.426 -0.627194
928.833 -362.36 -0.629981
928.959 -362.255 -0.630679
929.106 -362.187 -0.633457
929.249 -362.11 -0.635826
929.422 -362.083 -0.640993
929.602 -362.065 -0.646713
929.79 -362.057 -0.653117
929.983 -362.056 -0.660042
930.205 -362.095 -0.669315
930.327 -361.979 -0.67
930.393 -361.783 -0.666072
930.457 -361.585 -0.662052
930.54 -361.42 -0.659882
930.594 -361.214 -0.655372
930.633 -360.99 -0.649737
930.638 -360.724 -0.64158
930.641 -360.461 -0.63348
930.574 -360.107 -0.619911
930.553 -359.823 -0.61034
930.49 -359.49 -0.59768
930.295 -358.994 -0.574925
930.304 -358.766 -0.568372
930.172 -358.369 -0.551178
930.066 -358.01 -0.536222
930.104 -357.834 -0.532552
930.118 -357.632 -0.527214
929.963 -357.234 -0.509272
930.047 -357.122 -0.509533
930.138 -357.018 -0.510324
930.219 -356.903 -0.510424
930.288 -356.777 -0.509788
930.427 -356.726 -0.514227
930.622 -356.736 -0.522837
930.737 -356.658 -0.525591
930.854 -356.581 -0.528555
930.985 -356.519 -0.532573
931.171 -356.512 -0.540477
931.368 -356.513 -0.549142
931.545 -356.491 -0.556358
931.725 -356.47 -0.563784
931.867 -356.41 -0.568559
930.27 -354.694 -0.45311
930.329 -354.577 -0.452777
930.507 -354.571 -0.460676
930.659 -354.539 -0.466776
930.77 -354.468 -0.470136
930.876 -354.392 -0.473161
930.972 -354.308 -0.475567
931.037 -354.196 -0.475923
911.303 -374.711 -0.955468
911.562 -374.564 -0.949185
911.816 -374.434 -0.943665
912.069 -374.296 -0.937914
912.327 -374.105 -0.929974
912.569 -374.002 -0.925886
912.834 -373.727 -0.914411
913.092 -373.468 -0.90372
913.348 -373.194 -0.892437
913.599 -372.922 -0.881338
913.845 -372.657 -0.87059
914.087 -372.398 -0.860154
914.331 -372.07 -0.846785
914.574 -371.698 -0.831561
914.811 -371.337 -0.816852
915.031 -371.128 -0.808802
915.243 -370.991 -0.803994
915.453 -370.855 -0.799246
915.66 -370.721 -0.794688
915.866 -370.582 -0.789967
916.07 -370.43 -0.7847
916.273 -370.255 -0.77852
916.475 -370.013 -0.769416
916.674 -369.763 -0.759994
916.869 -369.516 -0.750793
917.06 -369.269 -0.741566
917.249 -369.03 -0.732772
917.434 -368.824 -0.725471
917.615 -368.545 -0.714993
917.792 -368.249 -0.703766
917.963 -367.902 -0.6903
918.131 -367.582 -0.678046
918.295 -367.27 -0.666168
918.438 -366.637 -0.639928
918.574 -366.021 -0.614465
918.715 -365.625 -0.598793
918.885 -365.706 -0.60456
919.05 -365.724 -0.607531
919.214 -365.712 -0.609275
919.376 -365.686 -0.610386
919.527 -365.549 -0.606576
919.667 -365.318 -0.59851
919.786 -364.932 -0.583374
919.912 -364.647 -0.572863
919.923 -363.477 -0.521774
919.985 -362.82 -0.494085
920.084 -362.487 -0.481172
920.201 -362.304 -0.475169
920.321 -362.153 -0.470673
920.441 -362.016 -0.466856
920.601 -362.13 -0.474704
920.785 -362.36 -0.488048
920.963 -362.543 -0.49936
921.137 -362.689 -0.508982
921.315 -362.839 -0.518945
921.477 -362.903 -0.524939
921.611 -362.829 -0.52445
921.745 -362.754 -0.52397
921.878 -362.68 -0.523605
922.01 -362.606 -0.523231
922.142 -362.531 -0.522885
919.153 -349.95 0.079483
919.206 -349.934 0.0789946
919.174 -349.597 0.0940174
919.224 -349.581 0.0935502
919.274 -349.564 0.0930637
919.324 -349.548 0.0925585
918.373 -346.132 0.259254
918.4 -346.124 0.258931
918.427 -346.116 0.258598
918.454 -346.108 0.258255
918.481 -346.1 0.257902
918.507 -346.092 0.257539
918.534 -346.084 0.257167
918.561 -346.076 0.256784
918.588 -346.068 0.256392
918.615 -346.06 0.25599
918.642 -346.052 0.255577
918.669 -346.044 0.255154
918.695 -346.036 0.254722
918.722 -346.028 0.254278
918.749 -346.02 0.253825
918.776 -346.012 0.253361
918.803 -346.004 0.252887
918.831 -345.995 0.252403
918.858 -345.987 0.251908
918.885 -345.979 0.251402
918.912 -345.971 0.250886
918.939 -345.962 0.250358
918.967 -345.954 0.24982
918.994 -345.946 0.249272
919.021 -345.937 0.248712
926.002 -359.933 -0.521898
926.614 -360.84 -0.57708
926.968 -361.211 -0.603167
927.027 -361.003 -0.597162
927.2 -361.015 -0.603509
927.469 -361.2 -0.619737
927.665 -361.246 -0.628229
927.852 -361.27 -0.635656
927.971 -361.172 -0.63621
928.093 -361.082 -0.637191
928.215 -360.99 -0.638193
928.42 -361.038 -0.647321
928.744 -361.279 -0.667987
928.997 -361.394 -0.68154
929.349 -361.662 -0.704326
929.481 -361.572 -0.705989
929.628 -361.507 -0.709221
929.739 -361.385 -0.70911
929.836 -361.242 -0.707733
929.888 -361.037 -0.702506
929.901 -360.776 -0.693865
929.904 -360.505 -0.684517
929.814 -360.109 -0.667203
929.798 -359.826 -0.656816
929.867 -359.664 -0.654028
929.86 -359.403 -0.644885
929.899 -359.207 -0.639819
929.922 -358.994 -0.633625
929.821 -358.622 -0.617035
929.819 -358.386 -0.609102
929.794 -358.124 -0.599427
929.863 -357.985 -0.597789
929.911 -357.822 -0.59452
929.953 -357.653 -0.59091
929.762 -357.209 -0.568447
929.789 -357.032 -0.563996
929.874 -356.922 -0.564226
929.8 -356.633 -0.551927
929.367 -355.945 -0.511456
929.294 -355.673 -0.499817
929.214 -355.4 -0.487894
929.154 -355.152 -0.477683
929.305 -355.134 -0.483954
929.472 -355.131 -0.491489
928.828 -354.286 -0.43699
929.434 -354.739 -0.478214
929.496 -354.628 -0.477827
929.608 -354.568 -0.481315
929.726 -354.514 -0.485294
929.881 -354.494 -0.492008
929.969 -354.409 -0.493825
930.008 -354.277 -0.492035
930.269 -354.352 -0.506572
930.47 -354.367 -0.516612
930.65 -354.361 -0.525145
930.756 -354.287 -0.528331
930.833 -354.187 -0.529458
930.923 -354.098 -0.531516
931.022 -354.016 -0.5343
911.658 -374.016 -1.03814
911.933 -373.735 -1.02497
912.203 -373.458 -1.01207
912.469 -373.184 -0.999426
912.728 -372.918 -0.987216
912.983 -372.657 -0.975276
913.234 -372.396 -0.963477
913.479 -372.14 -0.951964
913.721 -371.889 -0.940735
913.959 -371.632 -0.929324
914.2 -371.308 -0.914828
914.438 -370.964 -0.899454
914.656 -370.787 -0.891979
914.868 -370.653 -0.886606
915.077 -370.516 -0.881148
915.285 -370.373 -0.875512
915.491 -370.221 -0.869449
915.696 -370.064 -0.863268
915.898 -369.908 -0.85719
916.098 -369.728 -0.850027
916.298 -369.511 -0.841126
916.495 -369.266 -0.830975
916.688 -369.027 -0.821205
916.878 -368.793 -0.811667
917.064 -368.605 -0.80436
917.248 -368.443 -0.798353
917.429 -368.267 -0.791702
917.606 -367.985 -0.780055
917.779 -367.706 -0.768596
917.948 -367.392 -0.755468
918.113 -367.085 -0.742706
918.261 -366.483 -0.715766
918.405 -365.987 -0.693875
918.544 -365.5 -0.672428
918.685 -365.158 -0.657952
918.839 -365.076 -0.65611
918.919 -364.032 -0.607579
919.059 -363.886 -0.60265
919.204 -363.809 -0.601061
919.347 -363.725 -0.599206
919.469 -363.448 -0.587904
919.508 -362.463 -0.541895
919.561 -361.712 -0.507215
919.669 -361.48 -0.498052
919.755 -361.1 -0.481516
919.841 -360.762 -0.467057
919.981 -360.822 -0.472359
920.134 -360.951 -0.481115
920.282 -361.041 -0.48804
920.431 -361.13 -0.495015
920.592 -361.276 -0.504957
920.765 -361.47 -0.517352
920.923 -361.571 -0.525207
921.07 -361.609 -0.529935
921.202 -361.568 -0.530728
921.325 -361.489 -0.529663
921.451 -361.422 -0.529234
921.577 -361.36 -0.529106
921.7 -361.285 -0.528331
921.822 -361.211 -0.527667
919.141 -349.902 0.0543649
919.193 -349.885 0.0538886
919.245 -349.869 0.053393
919.224 -349.58 0.0671452
919.274 -349.564 0.0666671
919.324 -349.548 0.0661688
918.369 -346.118 0.245972
918.396 -346.11 0.245649
918.423 -346.103 0.245316
918.449 -346.095 0.244973
918.476 -346.087 0.24462
918.503 -346.079 0.244256
918.529 -346.071 0.243881
918.556 -346.063 0.243496
918.583 -346.055 0.243101
918.61 -346.047 0.242695
918.636 -346.039 0.242278
918.663 -346.031 0.24185
918.69 -346.023 0.241412
918.717 -346.015 0.240963
918.744 -346.006 0.240503
918.771 -345.998 0.240032
918.798 -345.99 0.23955
918.825 -345.982 0.239058
918.852 -345.974 0.238554
918.879 -345.966 0.238038
918.906 -345.957 0.237512
918.933 -345.949 0.236974
918.96 -345.941 0.236425
918.987 -345.932 0.235864
919.015 -345.924 0.235292
925.605 -359.134 -0.543752
925.818 -359.265 -0.556592
926.043 -359.412 -0.570561
926.411 -359.827 -0.600679
926.649 -359.981 -0.61552
926.649 -359.686 -0.603411
926.868 -359.798 -0.615903
927.051 -359.84 -0.624367
927.159 -359.745 -0.624492
927.421 -359.918 -0.64122
927.609 -359.958 -0.649886
927.739 -359.897 -0.652402
927.931 -359.939 -0.66145
928.108 -359.951 -0.66873
928.425 -360.186 -0.690322
928.684 -360.319 -0.705671
928.82 -360.255 -0.708625
928.922 -360.138 -0.708146
929.034 -360.038 -0.708833
929.123 -359.904 -0.70732
928.991 -359.449 -0.684613
928.961 -359.151 -0.672144
928.99 -358.943 -0.665541
929.03 -358.755 -0.660158
929.081 -358.585 -0.656017
929.131 -358.415 -0.651893
929.19 -358.261 -0.648758
929.22 -358.07 -0.643112
929.265 -357.901 -0.638951
929.309 -357.735 -0.634946
929.309 -357.514 -0.627024
929.297 -357.283 -0.618298
929.341 -357.125 -0.614722
929.47 -357.072 -0.618673
929.514 -356.915 -0.615202
929.555 -356.757 -0.611631
929.276 -356.231 -0.580861
929.176 -355.922 -0.565704
929.151 -355.704 -0.557236
928.876 -355.211 -0.527896
928.807 -354.956 -0.516185
928.613 -354.57 -0.494304
928.629 -354.416 -0.489996
928.68 -354.301 -0.488716
928.4 -353.844 -0.460558
928.407 -353.691 -0.456062
928.435 -353.561 -0.453323
928.584 -353.553 -0.460366
928.794 -353.602 -0.472248
929.111 -353.752 -0.492564
929.342 -353.813 -0.505957
929.661 -353.952 -0.526101
929.95 -354.058 -0.54389
930.226 -354.146 -0.560475
930.507 -354.234 -0.577344
930.641 -354.186 -0.5828
930.7 -354.071 -0.582526
930.8 -353.993 -0.585475
930.905 -353.918 -0.588852
931.072 -353.894 -0.596879
 ] }
 color Color { color [
0.595641 0 0.404359
0.571143 0 0.428857
0.566865 0 0.433135
0.564119 0 0.435881
0.56376 0 0.43624
0.56453 0 0.43547
0.565328 0 0.434672
0.566156 0 0.433844
0.567015 0 0.432985
0.567904 0 0.432096
0.568824 0 0.431176
0.0743044 0 0.925696
0.0720121 0 0.927988
0.0719383 0 0.928062
0.0719079 0 0.928092
0.071881 0 0.928119
0.0718578 0 0.928142
0.0718378 0 0.928162
0.0718218 0 0.928178
0.0718094 0 0.928191
0.0718003 0 0.9282
0.0717951 0 0.928205
0.0717933 0 0.928207
0.0717952 0 0.928205
0.0721268 0 0.927873
0.0740741 0 0.925926
0.0719162 0 0.928084
0.0717821 0 0.928218
0.0501489 0 0.949851
0.0718256 0 0.928174
0.0718134 0 0.928187
0.0718465 0 0.928153
0.0718829 0 0.928117
0.0719232 0 0.928077
0.0719674 0 0.928033
0.0720425 0 0.927958
0.0720917 0 0.927908
0.0721441 0 0.927856
0.0724557 0 0.927544
0.0746597 0 0.92534
0.135415 0 0.864585
0.13561 0 0.86439
0.135812 0 0.864188
0.595742 0 0.404258
0.571231 0 0.428769
0.56683 0 0.43317
0.564085 0 0.435915
0.563706 0 0.436294
0.564475 0 0.435525
0.565273 0 0.434727
0.566101 0 0.433899
0.56696 0 0.43304
0.567849 0 0.432151
0.568769 0 0.431231
0.0742908 0 0.925709
0.0719989 0 0.928001
0.0719263 0 0.928074
0.0718959 0 0.928104
0.0716352 0 0.928365
0.0716129 0 0.928387
0.071594 0 0.928406
0.0715793 0 0.928421
0.0715683 0 0.928432
0.0715605 0 0.928439
0.0717828 0 0.928217
0.0717812 0 0.928219
0.0717829 0 0.928217
0.0721145 0 0.927886
0.0740616 0 0.925938
0.0719039 0 0.928096
0.07177 0 0.92823
0.0502093 0 0.949791
0.0718133 0 0.928187
0.071534 0 0.928466
0.0715663 0 0.928434
0.0716028 0 0.928397
0.0716428 0 0.928357
0.0716865 0 0.928314
0.0720305 0 0.92797
0.0720797 0 0.92792
0.0721321 0 0.927868
0.0724427 0 0.927557
0.0746464 0 0.925354
0.135394 0 0.864606
0.135589 0 0.864411
0.135791 0 0.864209
0.595843 0 0.404157
0.57132 0 0.42868
0.566802 0 0.433198
0.564057 0 0.435943
0.563658 0 0.436342
0.564426 0 0.435574
0.565225 0 0.434775
0.566053 0 0.433947
0.566912 0 0.433088
0.567801 0 0.432199
0.56872 0 0.43128
0.0742776 0 0.925722
0.0719862 0 0.928014
0.0719149 0 0.928085
0.0718844 0 0.928116
0.0714497 0 0.92855
0.0713359 0 0.928664
0.0713179 0 0.928682
0.0713029 0 0.928697
0.0712917 0 0.928708
0.0712842 0 0.928716
0.0717713 0 0.928229
0.07177 0 0.92823
0.0717718 0 0.928228
0.0721037 0 0.927896
0.0740499 0 0.92595
0.0718921 0 0.928108
0.0717586 0 0.928241
0.0717786 0 0.928221
0.0718021 0 0.928198
0.0712572 0 0.928743
0.0712897 0 0.92871
0.0713256 0 0.928674
0.0713651 0 0.928635
0.0714085 0 0.928591
0.072019 0 0.927981
0.0720682 0 0.927932
0.0721206 0 0.927879
0.0724309 0 0.927569
0.0746341 0 0.925366
0.135376 0 0.864624
0.13557 0 0.86443
0.135772 0 0.864228
0.59595 0 0.40405
0.571422 0 0.428578
0.566781 0 0.433219
0.564036 0 0.435964
0.563617 0 0.436383
0.564386 0 0.435614
0.565184 0 0.434816
0.566012 0 0.433988
0.56687 0 0.43313
0.567759 0 0.432241
0.568679 0 0.431321
0.0742661 0 0.925734
0.0719749 0 0.928025
0.0719047 0 0.928095
0.0718741 0 0.928126
0.0714381 0 0.928562
0.0712406 0 0.928759
0.0712211 0 0.928779
0.0712051 0 0.928795
0.0711928 0 0.928807
0.071184 0 0.928816
0.071761 0 0.928239
0.0717592 0 0.928241
0.0717613 0 0.928239
0.0720938 0 0.927906
0.0740393 0 0.925961
0.0718819 0 0.928118
0.0717481 0 0.928252
0.071768 0 0.928232
0.0717916 0 0.928208
0.0712366 0 0.928763
0.0712669 0 0.928733
0.0713011 0 0.928699
0.0713389 0 0.928661
0.0713802 0 0.92862
0.0720085 0 0.927992
0.0720573 0 0.927943
0.0721101 0 0.92789
0.0724199 0 0.92758
0.0746227 0 0.925377
0.135358 0 0.864642
0.135553 0 0.864447
0.135755 0 0.864245
0.596066 0 0.403934
0.571525 0 0.428475
0.566767 0 0.433233
0.564022 0 0.435978
0.563583 0 0.436417
0.564351 0 0.435649
0.56515 0 0.43485
0.565977 0 0.434023
0.566836 0 0.433164
0.567724 0 0.432276
0.568644 0 0.431356
0.0742551 0 0.925745
0.0719646 0 0.928035
0.071895 0 0.928105
0.0718646 0 0.928135
0.0714276 0 0.928572
0.0712313 0 0.928769
0.0712117 0 0.928788
0.0711958 0 0.928804
0.0711834 0 0.928817
0.0711747 0 0.928825
0.0717517 0 0.928248
0.0717498 0 0.92825
0.0717519 0 0.928248
0.0720848 0 0.927915
0.0740296 0 0.92597
0.0718719 0 0.928128
0.0717387 0 0.928261
0.0717587 0 0.928241
0.071782 0 0.928218
0.0712273 0 0.928773
0.0712576 0 0.928742
0.0712915 0 0.928708
0.0713293 0 0.928671
0.0713705 0 0.928629
0.0719988 0 0.928001
0.0720477 0 0.927952
0.0721005 0 0.9279
0.0724096 0 0.92759
0.0746126 0 0.925387
0.135343 0 0.864657
0.135537 0 0.864463
0.135739 0 0.864261
0.596177 0 0.403823
0.571627 0 0.428373
0.566759 0 0.433241
0.564014 0 0.435986
0.563556 0 0.436444
0.564324 0 0.435676
0.565122 0 0.434878
0.56595 0 0.43405
0.566809 0 0.433191
0.567698 0 0.432302
0.568617 0 0.431383
0.0742447 0 0.925755
0.0719546 0 0.928045
0.0718863 0 0.928114
0.0718558 0 0.928144
0.0714183 0 0.928582
0.0712227 0 0.928777
0.0712032 0 0.928797
0.071187 0 0.928813
0.0711749 0 0.928825
0.0711659 0 0.928834
0.0717429 0 0.928257
0.0717414 0 0.928259
0.0717431 0 0.928257
0.0720767 0 0.927923
0.0740207 0 0.925979
0.0718627 0 0.928137
0.0717303 0 0.92827
0.07175 0 0.92825
0.0717735 0 0.928226
0.0712185 0 0.928781
0.0712489 0 0.928751
0.0712831 0 0.928717
0.0713208 0 0.928679
0.0713618 0 0.928638
0.0719904 0 0.92801
0.0720392 0 0.927961
0.0720917 0 0.927908
0.0724008 0 0.927599
0.0746031 0 0.925397
0.135329 0 0.864671
0.135523 0 0.864477
0.135725 0 0.864275
0.596289 0 0.403711
0.57173 0 0.42827
0.566757 0 0.433243
0.564205 0 0.435795
0.564984 0 0.435016
0.565793 0 0.434207
0.566631 0 0.433369
0.567501 0 0.432499
0.568401 0 0.431599
0.569331 0 0.430669
0.570292 0 0.429708
0.0742352 0 0.925765
0.0719452 0 0.928055
0.0718786 0 0.928121
0.0718481 0 0.928152
0.0714092 0 0.928591
0.0712152 0 0.928785
0.0711956 0 0.928804
0.0711797 0 0.92882
0.071167 0 0.928833
0.0711583 0 0.928842
0.0717353 0 0.928265
0.0717335 0 0.928267
0.0717356 0 0.928264
0.0720695 0 0.927931
0.0740127 0 0.925987
0.0718545 0 0.928146
0.0717227 0 0.928277
0.0717424 0 0.928258
0.071766 0 0.928234
0.071211 0 0.928789
0.0712413 0 0.928759
0.0712752 0 0.928725
0.071313 0 0.928687
0.0713543 0 0.928646
0.0719829 0 0.928017
0.0720318 0 0.927968
0.0720842 0 0.927916
0.072393 0 0.927607
0.0745952 0 0.925405
0.135317 0 0.864683
0.135511 0 0.864489
0.135713 0 0.864287
0.596419 0 0.403581
0.57185 0 0.42815
0.566763 0 0.433237
0.566191 0 0.433809
0.566976 0 0.433024
0.567791 0 0.432209
0.568635 0 0.431365
0.569511 0 0.430489
0.570417 0 0.429583
0.571354 0 0.428646
0.572322 0 0.427678
0.0742268 0 0.925773
0.071937 0 0.928063
0.071872 0 0.928128
0.0718414 0 0.928159
0.0714015 0 0.928599
0.0712084 0 0.928792
0.0711888 0 0.928811
0.071173 0 0.928827
0.0711604 0 0.92884
0.0711515 0 0.928848
0.0717287 0 0.928271
0.0717268 0 0.928273
0.0717285 0 0.928271
0.0720632 0 0.927937
0.0740056 0 0.925994
0.0718471 0 0.928153
0.0717158 0 0.928284
0.0717358 0 0.928264
0.0717591 0 0.928241
0.0712044 0 0.928796
0.0712344 0 0.928766
0.0712686 0 0.928731
0.0713061 0 0.928694
0.0713473 0 0.928653
0.071976 0 0.928024
0.0720248 0 0.927975
0.0720772 0 0.927923
0.072386 0 0.927614
0.0745879 0 0.925412
0.135306 0 0.864694
0.135501 0 0.864499
0.135703 0 0.864297
0.59655 0 0.40345
0.57197 0 0.42803
0.56744 0 0.43256
0.5682 0 0.4318
0.56899 0 0.43101
0.569811 0 0.430189
0.570661 0 0.429339
0.571543 0 0.428457
0.572456 0 0.427544
0.573399 0 0.426601
0.574374 0 0.425626
0.0742598 0 0.92574
0.07193 0 0.92807
0.0718661 0 0.928134
0.0718355 0 0.928164
0.0713946 0 0.928605
0.0712026 0 0.928797
0.0711831 0 0.928817
0.0711671 0 0.928833
0.0711545 0 0.928846
0.0711458 0 0.928854
0.0717228 0 0.928277
0.0717213 0 0.928279
0.0717228 0 0.928277
0.0720578 0 0.927942
0.074032 0 0.925968
0.071841 0 0.928159
0.0717097 0 0.92829
0.0717294 0 0.928271
0.0717529 0 0.928247
0.0711983 0 0.928802
0.0712287 0 0.928771
0.0712626 0 0.928737
0.0713003 0 0.9287
0.0713417 0 0.928658
0.0719699 0 0.92803
0.0720188 0 0.927981
0.0720712 0 0.927929
0.07238 0 0.92762
0.0745815 0 0.925418
0.135298 0 0.864702
0.135492 0 0.864508
0.135694 0 0.864306
0.311701 0 0.688299
0.306168 0 0.693832
0.303439 0 0.696561
0.300569 0 0.699431
0.295181 0 0.704819
0.291997 0 0.708003
0.290627 0 0.709373
0.292218 0 0.707782
0.596686 0 0.403314
0.572095 0 0.427905
0.569464 0 0.430536
0.57023 0 0.42977
0.571025 0 0.428975
0.571851 0 0.428149
0.572709 0 0.427291
0.573596 0 0.426404
0.574516 0 0.425484
0.575466 0 0.424534
0.576448 0 0.423552
0.0745132 0 0.925487
0.0719236 0 0.928076
0.0718608 0 0.928139
0.0718305 0 0.92817
0.0713882 0 0.928612
0.0711976 0 0.928802
0.0711781 0 0.928822
0.0711619 0 0.928838
0.0711496 0 0.92885
0.0711409 0 0.928859
0.0717179 0 0.928282
0.071716 0 0.928284
0.0717179 0 0.928282
0.074276 0 0.925724
0.074284 0 0.925716
0.0733341 0 0.926666
0.0717048 0 0.928295
0.0401603 0 0.95984
0.0401614 0 0.959839
0.0711935 0 0.928807
0.0712238 0 0.928776
0.0712577 0 0.928742
0.0712952 0 0.928705
0.0713368 0 0.928663
0.0719648 0 0.928035
0.0720136 0 0.927986
0.0720664 0 0.927934
0.0747328 0 0.925267
0.0747939 0 0.925206
0.13529 0 0.86471
0.135485 0 0.864515
0.135687 0 0.864313
0.297008 0 0.702992
0.29672 0 0.70328
0.298235 0 0.701765
0.300085 0 0.699915
0.279755 0 0.720245
0.291364 0 0.708636
0.289255 0 0.710745
0.287721 0 0.712279
0.287877 0 0.712123
0.280233 0 0.719767
0.279199 0 0.720801
0.596827 0 0.403173
0.572224 0 0.427776
0.57151 0 0.42849
0.572281 0 0.427719
0.573082 0 0.426918
0.573914 0 0.426086
0.574778 0 0.425222
0.575672 0 0.424328
0.576598 0 0.423402
0.577555 0 0.422445
0.578545 0 0.421455
0.0748154 0 0.925185
0.0747285 0 0.925272
0.0718567 0 0.928143
0.0718262 0 0.928174
0.071383 0 0.928617
0.0713155 0 0.928684
0.0712941 0 0.928706
0.0712766 0 0.928723
0.0712625 0 0.928737
0.0712526 0 0.928747
0.0717136 0 0.928286
0.0717121 0 0.928288
0.0717138 0 0.928286
0.0745309 0 0.925469
0.0745387 0 0.925461
0.0745508 0 0.925449
0.0717009 0 0.928299
0.0403116 0 0.959688
0.0402755 0 0.959724
0.0713822 0 0.928618
0.0714117 0 0.928588
0.0714448 0 0.928555
0.0714818 0 0.928518
0.0715223 0 0.928478
0.0719608 0 0.928039
0.0720097 0 0.92799
0.0720618 0 0.927938
0.0749908 0 0.925009
0.135098 0 0.864902
0.135285 0 0.864715
0.135479 0 0.86452
0.135681 0 0.864319
0.295805 0 0.704195
0.291899 0 0.708101
0.291043 0 0.708957
0.274819 0 0.725181
0.274688 0 0.725312
0.27721 0 0.72279
0.278772 0 0.721228
0.279855 0 0.720145
0.280004 0 0.719996
0.280121 0 0.719879
0.236766 0 0.763234
0.23728 0 0.76272
0.236802 0 0.763198
0.596972 0 0.403028
0.572832 0 0.427168
0.573578 0 0.426422
0.574354 0 0.425646
0.575161 0 0.424839
0.575999 0 0.424001
0.576869 0 0.423131
0.57777 0 0.42223
0.578702 0 0.421298
0.579666 0 0.420334
0.580663 0 0.419337
0.0753561 0 0.924644
0.0752229 0 0.924777
0.0718535 0 0.928146
0.0718229 0 0.928177
0.0715869 0 0.928413
0.0715621 0 0.928438
0.0715408 0 0.928459
0.071523 0 0.928477
0.071509 0 0.928491
0.0714987 0 0.928501
0.0717107 0 0.928289
0.0717086 0 0.928291
0.0750378 0 0.924962
0.0750435 0 0.924957
0.0750529 0 0.924947
0.0750664 0 0.924934
0.0732875 0 0.926713
0.0399772 0 0.960023
0.0399975 0 0.960002
0.0400202 0 0.95998
0.0400448 0 0.959955
0.0400718 0 0.959928
0.0401001 0 0.9599
0.0717703 0 0.92823
0.0719575 0 0.928043
0.0720064 0 0.927994
0.0754613 0 0.924539
0.0755202 0 0.92448
0.135094 0 0.864906
0.135281 0 0.864719
0.135475 0 0.864525
0.135677 0 0.864323
0.296748 0 0.703252
0.27509 0 0.72491
0.273678 0 0.726322
0.272539 0 0.727461
0.271653 0 0.728347
0.270655 0 0.729345
0.270299 0 0.729701
0.269398 0 0.730602
0.278043 0 0.721957
0.235673 0 0.764327
0.232295 0 0.767705
0.232435 0 0.767565
0.233336 0 0.766664
0.233969 0 0.766031
0.233466 0 0.766534
0.597573 0 0.402427
0.592554 0 0.407446
0.587352 0 0.412648
0.582601 0 0.417399
0.579058 0 0.420942
0.567082 0 0.432918
0.552587 0 0.447413
0.547689 0 0.452311
0.543229 0 0.456771
0.538981 0 0.461019
0.534762 0 0.465238
0.530526 0 0.469474
0.525781 0 0.474219
0.521116 0 0.478884
0.516418 0 0.483582
0.51538 0 0.48462
0.0753522 0 0.924648
0.0752202 0 0.92478
0.0751848 0 0.924815
0.071821 0 0.928179
0.0717938 0 0.928206
0.0717706 0 0.928229
0.0717508 0 0.928249
0.0717349 0 0.928265
0.0717223 0 0.928278
0.0717136 0 0.928286
0.0717082 0 0.928292
0.0717065 0 0.928294
0.0750355 0 0.924965
0.0750411 0 0.924959
0.0750506 0 0.924949
0.0750637 0 0.924936
0.0750809 0 0.924919
0.0399498 0 0.96005
0.0399708 0 0.960029
0.0399938 0 0.960006
0.0400191 0 0.959981
0.0400461 0 0.959954
0.0400756 0 0.959924
0.0719101 0 0.92809
0.0719554 0 0.928045
0.0720039 0 0.927996
0.075459 0 0.924541
0.0755176 0 0.924482
0.135092 0 0.864908
0.135279 0 0.864721
0.135473 0 0.864527
0.135675 0 0.864325
0.546565 0 0.453435
0.550919 0 0.449081
0.554976 0 0.445024
0.558936 0 0.441064
0.562737 0 0.437263
0.564842 0 0.435158
0.566517 0 0.433483
0.568122 0 0.431878
0.569735 0 0.430265
0.561355 0 0.438645
0.552668 0 0.447332
0.551889 0 0.448111
0.55123 0 0.44877
0.550551 0 0.449449
0.550978 0 0.449022
0.499931 0 0.500069
0.498376 0 0.501624
0.496434 0 0.503566
0.496184 0 0.503816
0.495124 0 0.504876
0.492929 0 0.507071
0.488855 0 0.511145
0.487575 0 0.512425
0.487517 0 0.512483
0.489426 0 0.510574
0.513504 0 0.486496
0.511344 0 0.488656
0.510142 0 0.489858
0.509574 0 0.490426
0.509459 0 0.490541
0.507685 0 0.492315
0.319128 0 0.680871
0.298079 0 0.701921
0.296614 0 0.703386
0.272158 0 0.727842
0.270781 0 0.729219
0.269877 0 0.730123
0.268829 0 0.731171
0.269345 0 0.730655
0.268409 0 0.731591
0.228085 0 0.771915
0.226369 0 0.773631
0.236497 0 0.763503
0.229602 0 0.770398
0.229714 0 0.770286
0.229916 0 0.770084
0.23024 0 0.76976
0.230797 0 0.769203
0.219245 0 0.780755
0.217859 0 0.782141
0.598793 0 0.401207
0.594039 0 0.405961
0.58971 0 0.41029
0.585651 0 0.414349
0.581607 0 0.418393
0.576767 0 0.423233
0.5722 0 0.4278
0.568598 0 0.431402
0.564962 0 0.435038
0.56134 0 0.43866
0.557745 0 0.442255
0.554199 0 0.445801
0.550701 0 0.449299
0.547452 0 0.452548
0.537072 0 0.462928
0.531668 0 0.468332
0.527633 0 0.472367
0.520885 0 0.479115
0.516116 0 0.483884
0.512248 0 0.487752
0.508733 0 0.491267
0.505148 0 0.494852
0.501615 0 0.498385
0.497867 0 0.502133
0.493932 0 0.506068
0.489376 0 0.510624
0.485096 0 0.514904
0.451994 0 0.548006
0.450372 0 0.549628
0.448802 0 0.551198
0.447313 0 0.552687
0.445836 0 0.554164
0.444349 0 0.555651
0.443179 0 0.556821
0.442125 0 0.557875
0.441548 0 0.558452
0.44195 0 0.55805
0.0753493 0 0.924651
0.075219 0 0.924781
0.0751834 0 0.924817
0.0718194 0 0.928181
0.0717926 0 0.928207
0.0717694 0 0.928231
0.0717495 0 0.92825
0.0717333 0 0.928267
0.0717211 0 0.928279
0.071712 0 0.928288
0.0717069 0 0.928293
0.0750321 0 0.924968
0.075034 0 0.924966
0.0750395 0 0.924961
0.0750492 0 0.924951
0.0750627 0 0.924937
0.0750792 0 0.924921
0.039946 0 0.960054
0.0399674 0 0.960033
0.0399904 0 0.96001
0.0400157 0 0.959984
0.0400428 0 0.959957
0.0400718 0 0.959928
0.0719085 0 0.928091
0.0719538 0 0.928046
0.0754026 0 0.924597
0.0754574 0 0.924543
0.0755163 0 0.924484
0.135092 0 0.864908
0.135279 0 0.864721
0.135473 0 0.864527
0.135675 0 0.864325
0.434818 0 0.565182
0.433985 0 0.566015
0.438459 0 0.561541
0.431489 0 0.568511
0.429935 0 0.570065
0.43011 0 0.56989
0.426586 0 0.573414
0.425171 0 0.574829
0.423549 0 0.576451
0.423362 0 0.576638
0.424207 0 0.575793
0.426215 0 0.573785
0.424483 0 0.575517
0.417908 0 0.582092
0.423627 0 0.576373
0.423739 0 0.576261
0.424425 0 0.575575
0.426298 0 0.573702
0.423972 0 0.576028
0.421736 0 0.578264
0.440067 0 0.559933
0.440591 0 0.559409
0.441785 0 0.558215
0.443097 0 0.556903
0.443339 0 0.556661
0.442617 0 0.557383
0.317815 0 0.682185
0.304625 0 0.695375
0.306464 0 0.693536
0.29174 0 0.70826
0.29213 0 0.70787
0.264572 0 0.735428
0.262197 0 0.737803
0.262069 0 0.737931
0.259007 0 0.740993
0.256278 0 0.743722
0.256516 0 0.743484
0.254274 0 0.745726
0.254781 0 0.745219
0.227428 0 0.772572
0.224107 0 0.775893
0.223173 0 0.776827
0.224141 0 0.775859
0.226033 0 0.773967
0.226465 0 0.773535
0.226082 0 0.773918
0.222611 0 0.777389
0.21973 0 0.78027
0.21816 0 0.78184
0.216154 0 0.783846
0.216354 0 0.783646
0.514685 0 0.485315
0.512668 0 0.487332
0.510962 0 0.489038
0.51045 0 0.48955
0.510967 0 0.489033
0.513075 0 0.486925
0.514076 0 0.485924
0.514074 0 0.485926
0.513377 0 0.486623
0.504308 0 0.495692
0.503346 0 0.496654
0.50502 0 0.49498
0.51206 0 0.48794
0.514936 0 0.485064
0.51663 0 0.48337
0.516714 0 0.483286
0.515042 0 0.484958
0.511413 0 0.488587
0.509332 0 0.490668
0.508179 0 0.491821
0.50636 0 0.49364
0.515838 0 0.484162
0.511533 0 0.488467
0.511372 0 0.488628
0.51146 0 0.48854
0.51009 0 0.48991
0.505669 0 0.494331
0.503062 0 0.496938
0.505602 0 0.494398
0.503701 0 0.496299
0.502751 0 0.497249
0.50249 0 0.49751
0.501938 0 0.498062
0.493593 0 0.506407
0.491948 0 0.508052
0.492962 0 0.507038
0.49877 0 0.50123
0.493928 0 0.506072
0.486996 0 0.513004
0.486151 0 0.513849
0.483559 0 0.516441
0.480762 0 0.519238
0.478519 0 0.521481
0.476308 0 0.523692
0.467825 0 0.532175
0.462222 0 0.537778
0.457355 0 0.542645
0.452525 0 0.547475
0.448122 0 0.551878
0.443818 0 0.556183
0.439427 0 0.560573
0.435608 0 0.564392
0.432648 0 0.567352
0.430178 0 0.569822
0.428562 0 0.571438
0.426975 0 0.573025
0.425408 0 0.574592
0.423862 0 0.576138
0.422338 0 0.577662
0.420836 0 0.579164
0.419355 0 0.580645
0.417896 0 0.582104
0.416374 0 0.583626
0.414072 0 0.585928
0.410807 0 0.589193
0.40869 0 0.59131
0.40753 0 0.59247
0.0753469 0 0.924653
0.0748791 0 0.925121
0.0748457 0 0.925154
0.0748165 0 0.925184
0.0718491 0 0.928151
0.071824 0 0.928176
0.0718023 0 0.928198
0.0717842 0 0.928216
0.0717699 0 0.92823
0.0717597 0 0.92824
0.0717525 0 0.928247
0.0747122 0 0.925288
0.0747155 0 0.925285
0.0747229 0 0.925277
0.074733 0 0.925267
0.0747475 0 0.925252
0.0747654 0 0.925235
0.0399434 0 0.960057
0.0399641 0 0.960036
0.0399875 0 0.960012
0.0400125 0 0.959988
0.0400399 0 0.95996
0.040069 0 0.959931
0.0720336 0 0.927966
0.0720788 0 0.927921
0.0750911 0 0.924909
0.075146 0 0.924854
0.0752043 0 0.924796
0.135093 0 0.864907
0.13528 0 0.86472
0.135474 0 0.864526
0.135676 0 0.864324
0.383542 0 0.616458
0.381836 0 0.618164
0.383089 0 0.616911
0.381492 0 0.618508
0.380687 0 0.619313
0.379586 0 0.620414
0.379398 0 0.620602
0.379197 0 0.620803
0.378898 0 0.621102
0.378171 0 0.621829
0.37734 0 0.62266
0.376513 0 0.623487
0.375713 0 0.624287
0.376318 0 0.623682
0.377209 0 0.622791
0.377881 0 0.622119
0.380479 0 0.619521
0.383374 0 0.616626
0.384628 0 0.615372
0.387534 0 0.612466
0.387016 0 0.612984
0.386269 0 0.613731
0.385399 0 0.614601
0.386066 0 0.613934
0.385089 0 0.614911
0.385679 0 0.614321
0.301498 0 0.698502
0.295497 0 0.704503
0.289619 0 0.710381
0.276684 0 0.723316
0.264745 0 0.735255
0.252801 0 0.747199
0.245819 0 0.754181
0.243123 0 0.756877
0.241983 0 0.758017
0.226292 0 0.773708
0.225123 0 0.774877
0.224336 0 0.775664
0.224006 0 0.775994
0.222619 0 0.777381
0.221413 0 0.778587
0.221636 0 0.778364
0.222406 0 0.777594
0.222496 0 0.777504
0.222596 0 0.777404
0.221875 0 0.778125
0.221029 0 0.778971
0.218642 0 0.781358
0.217077 0 0.782923
0.214479 0 0.785521
0.213574 0 0.786426
0.214768 0 0.785232
0.407959 0 0.592041
0.385392 0 0.614608
0.379312 0 0.620688
0.381321 0 0.618679
0.384101 0 0.615899
0.38606 0 0.61394
0.387865 0 0.612135
0.390095 0 0.609905
0.393437 0 0.606563
0.396476 0 0.603524
0.39927 0 0.60073
0.457074 0 0.542926
0.455665 0 0.544335
0.45067 0 0.54933
0.442664 0 0.557336
0.430748 0 0.569252
0.430012 0 0.569988
0.432283 0 0.567717
0.435019 0 0.564981
0.442614 0 0.557386
0.442284 0 0.557716
0.438441 0 0.561559
0.439197 0 0.560803
0.440777 0 0.559223
0.443501 0 0.556499
0.446286 0 0.553714
0.450544 0 0.549456
0.452035 0 0.547965
0.453363 0 0.546637
0.452751 0 0.547249
0.447914 0 0.552086
0.444501 0 0.555499
0.443639 0 0.556361
0.441584 0 0.558416
0.440275 0 0.559725
0.440468 0 0.559532
0.439788 0 0.560212
0.438654 0 0.561346
0.436596 0 0.563403
0.435041 0 0.564959
0.433316 0 0.566684
0.43336 0 0.56664
0.432368 0 0.567632
0.430183 0 0.569817
0.341767 0 0.658233
0.421878 0 0.578122
0.418647 0 0.581353
0.415483 0 0.584517
0.412441 0 0.587559
0.409893 0 0.590107
0.40811 0 0.59189
0.406589 0 0.593411
0.404616 0 0.595384
0.401323 0 0.598677
0.398086 0 0.601914
0.394902 0 0.605098
0.392623 0 0.607377
0.391288 0 0.608712
0.39006 0 0.60994
0.388223 0 0.611777
0.385472 0 0.614528
0.382349 0 0.617651
0.379476 0 0.620524
0.376356 0 0.623644
0.371568 0 0.628432
0.367079 0 0.632921
0.0753455 0 0.924654
0.0747334 0 0.925267
0.0746979 0 0.925302
0.0746664 0 0.925334
0.0721047 0 0.927895
0.072079 0 0.927921
0.0720574 0 0.927943
0.0720393 0 0.927961
0.0720253 0 0.927975
0.0720148 0 0.927985
0.0745495 0 0.925451
0.0745475 0 0.925452
0.0745496 0 0.92545
0.0745551 0 0.925445
0.0745646 0 0.925435
0.0745779 0 0.925422
0.0745948 0 0.925405
0.0399411 0 0.960059
0.039962 0 0.960038
0.0399851 0 0.960015
0.0400101 0 0.95999
0.0400375 0 0.959962
0.0400666 0 0.959933
0.0722906 0 0.927709
0.074865 0 0.925135
0.0749159 0 0.925084
0.0749702 0 0.92503
0.0750286 0 0.924971
0.135096 0 0.864904
0.135283 0 0.864717
0.135477 0 0.864523
0.135679 0 0.864321
0.358883 0 0.641117
0.358627 0 0.641373
0.359162 0 0.640838
0.335911 0 0.664089
0.349852 0 0.650148
0.33491 0 0.66509
0.335402 0 0.664598
0.33596 0 0.66404
0.33631 0 0.66369
0.339448 0 0.660552
0.340851 0 0.659149
0.34249 0 0.65751
0.344351 0 0.655649
0.345689 0 0.654311
0.347295 0 0.652705
0.34665 0 0.65335
0.345911 0 0.654089
0.345195 0 0.654805
0.344743 0 0.655257
0.343977 0 0.656023
0.343597 0 0.656403
0.342778 0 0.657222
0.342385 0 0.657615
0.341745 0 0.658255
0.315477 0 0.684523
0.303056 0 0.696944
0.286389 0 0.713611
0.280449 0 0.719551
0.265631 0 0.734369
0.24452 0 0.75548
0.239926 0 0.760074
0.238889 0 0.761111
0.238503 0 0.761497
0.225186 0 0.774814
0.222688 0 0.777312
0.221713 0 0.778287
0.2206 0 0.7794
0.220657 0 0.779343
0.220294 0 0.779706
0.219793 0 0.780207
0.220312 0 0.779688
0.22053 0 0.77947
0.220731 0 0.779269
0.221044 0 0.778956
0.220576 0 0.779424
0.21994 0 0.78006
0.219473 0 0.780527
0.217569 0 0.782431
0.215471 0 0.784529
0.211763 0 0.788237
0.210635 0 0.789365
0.209587 0 0.790413
0.208563 0 0.791437
0.371847 0 0.628153
0.365344 0 0.634656
0.35992 0 0.64008
0.3596 0 0.6404
0.358173 0 0.641827
0.354604 0 0.645396
0.352273 0 0.647727
0.350133 0 0.649867
0.347968 0 0.652032
0.34578 0 0.65422
0.344142 0 0.655858
0.341764 0 0.658236
0.340316 0 0.659684
0.338781 0 0.661219
0.336586 0 0.663414
0.335373 0 0.664627
0.333059 0 0.666941
0.332384 0 0.667616
0.330905 0 0.669095
0.328922 0 0.671078
0.327919 0 0.672081
0.325918 0 0.674082
0.32512 0 0.67488
0.324149 0 0.675851
0.322175 0 0.677825
0.320421 0 0.679579
0.317305 0 0.682695
0.314364 0 0.685636
0.314023 0 0.685977
0.313493 0 0.686507
0.31313 0 0.68687
0.313511 0 0.686489
0.315033 0 0.684967
0.316774 0 0.683226
0.318324 0 0.681676
0.319857 0 0.680143
0.321432 0 0.678568
0.323006 0 0.676994
0.324581 0 0.675419
0.326046 0 0.673954
0.32672 0 0.67328
0.327078 0 0.672922
0.326464 0 0.673536
0.326044 0 0.673956
0.326681 0 0.673319
0.331058 0 0.668942
0.332095 0 0.667905
0.335163 0 0.664837
0.338284 0 0.661716
0.339606 0 0.660394
0.337866 0 0.662135
0.335669 0 0.664331
0.337951 0 0.662049
0.358236 0 0.641764
0.354781 0 0.645219
0.351872 0 0.648128
0.349064 0 0.650936
0.346394 0 0.653606
0.344018 0 0.655982
0.34124 0 0.65876
0.337119 0 0.662881
0.333509 0 0.666491
0.330425 0 0.669575
0.32689 0 0.67311
0.32402 0 0.67598
0.0753454 0 0.924655
0.0747349 0 0.925265
0.0746993 0 0.925301
0.0746678 0 0.925332
0.0746398 0 0.92536
0.0746156 0 0.925384
0.0745952 0 0.925405
0.0745786 0 0.925421
0.0745654 0 0.925435
0.0745562 0 0.925444
0.0745508 0 0.925449
0.0745493 0 0.925451
0.0745511 0 0.925449
0.0745568 0 0.925443
0.0745663 0 0.925434
0.0745792 0 0.925421
0.0745962 0 0.925404
0.0399835 0 0.960016
0.0400055 0 0.959994
0.0400296 0 0.95997
0.0400557 0 0.959944
0.0400837 0 0.959916
0.0401142 0 0.959886
0.0748192 0 0.925181
0.0748661 0 0.925134
0.074917 0 0.925083
0.0749717 0 0.925028
0.0750301 0 0.92497
0.135272 0 0.864728
0.135199 0 0.864801
0.13536 0 0.86464
0.135532 0 0.864468
0.303994 0 0.696006
0.305793 0 0.694207
0.307779 0 0.692221
0.319474 0 0.680526
0.32045 0 0.67955
0.317515 0 0.682485
0.314168 0 0.685832
0.314402 0 0.685598
0.315477 0 0.684523
0.315654 0 0.684346
0.31519 0 0.68481
0.314744 0 0.685256
0.314281 0 0.685719
0.313717 0 0.686283
0.31299 0 0.68701
0.312255 0 0.687745
0.311899 0 0.688101
0.311194 0 0.688806
0.30996 0 0.69004
0.308966 0 0.691034
0.308382 0 0.691618
0.307791 0 0.692209
0.307043 0 0.692957
0.304885 0 0.695115
0.301589 0 0.698411
0.286683 0 0.713317
0.274932 0 0.725068
0.266227 0 0.733773
0.256651 0 0.743349
0.237669 0 0.762331
0.234604 0 0.765396
0.232432 0 0.767568
0.221826 0 0.778174
0.219234 0 0.780766
0.218335 0 0.781665
0.218469 0 0.781531
0.218648 0 0.781352
0.21844 0 0.78156
0.218413 0 0.781587
0.218412 0 0.781588
0.219224 0 0.780776
0.219427 0 0.780573
0.219281 0 0.780719
0.219638 0 0.780362
0.219172 0 0.780828
0.218566 0 0.781434
0.217959 0 0.782041
0.216384 0 0.783616
0.213452 0 0.786548
0.209313 0 0.790687
0.208032 0 0.791968
0.206878 0 0.793122
0.205962 0 0.794038
0.204086 0 0.795914
0.35322 0 0.64678
0.350709 0 0.649291
0.348669 0 0.651331
0.346514 0 0.653486
0.344723 0 0.655277
0.342742 0 0.657258
0.341278 0 0.658722
0.33932 0 0.66068
0.337746 0 0.662254
0.336165 0 0.663835
0.334643 0 0.665357
0.333147 0 0.666853
0.331679 0 0.668321
0.330236 0 0.669764
0.32881 0 0.67119
0.3274 0 0.6726
0.326032 0 0.673968
0.32469 0 0.67531
0.323371 0 0.676629
0.322076 0 0.677924
0.320803 0 0.679197
0.319554 0 0.680446
0.318108 0 0.681892
0.312886 0 0.687114
0.307345 0 0.692655
0.303856 0 0.696144
0.301861 0 0.698139
0.30024 0 0.69976
0.298539 0 0.701461
0.297396 0 0.702604
0.296409 0 0.703591
0.294668 0 0.705332
0.294429 0 0.705571
0.293557 0 0.706443
0.293072 0 0.706928
0.292596 0 0.707404
0.292131 0 0.707869
0.291674 0 0.708326
0.291226 0 0.708774
0.290788 0 0.709212
0.290408 0 0.709592
0.290044 0 0.709956
0.290477 0 0.709523
0.291876 0 0.708124
0.294166 0 0.705834
0.29603 0 0.70397
0.318078 0 0.681922
0.316854 0 0.683146
0.312687 0 0.687312
0.302047 0 0.697953
0.300907 0 0.699093
0.300316 0 0.699684
0.299441 0 0.700559
0.296362 0 0.703638
0.297853 0 0.702147
0.30878 0 0.69122
0.30846 0 0.69154
0.307071 0 0.692929
0.304827 0 0.695173
0.302536 0 0.697464
0.300413 0 0.699587
0.298426 0 0.701574
0.296011 0 0.703989
0.293382 0 0.706618
0.290811 0 0.709189
0.0747368 0 0.925263
0.0747018 0 0.925298
0.0746697 0 0.92533
0.0746423 0 0.925358
0.0746178 0 0.925382
0.0745977 0 0.925402
0.0745807 0 0.925419
0.0745679 0 0.925432
0.0396876 0 0.960312
0.0396917 0 0.960308
0.0396981 0 0.960302
0.0397061 0 0.960294
0.0397165 0 0.960284
0.0397285 0 0.960271
0.0397423 0 0.960258
0.0397584 0 0.960242
0.0397768 0 0.960223
0.0397968 0 0.960203
0.0398183 0 0.960182
0.0398427 0 0.960157
0.0398681 0 0.960132
0.0398966 0 0.960103
0.0399264 0 0.960074
0.0399582 0 0.960042
0.0399923 0 0.960008
0.0400282 0 0.959972
0.040066 0 0.959934
0.0401063 0 0.959894
0.13555 0 0.86445
0.135721 0 0.864279
0.1359 0 0.8641
0.285857 0 0.714143
0.287989 0 0.712011
0.287993 0 0.712007
0.289153 0 0.710847
0.289574 0 0.710426
0.28939 0 0.71061
0.289036 0 0.710964
0.287735 0 0.712265
0.287009 0 0.712991
0.287055 0 0.712945
0.286876 0 0.713124
0.287001 0 0.712999
0.287383 0 0.712617
0.287542 0 0.712458
0.287461 0 0.712539
0.287678 0 0.712322
0.287876 0 0.712124
0.288605 0 0.711395
0.286365 0 0.713635
0.284893 0 0.715107
0.284064 0 0.715936
0.283202 0 0.716798
0.281685 0 0.718315
0.279369 0 0.720631
0.279117 0 0.720883
0.271127 0 0.728873
0.267924 0 0.732076
0.253854 0 0.746146
0.242852 0 0.757148
0.233623 0 0.766377
0.222791 0 0.777209
0.215645 0 0.784355
0.213698 0 0.786302
0.211906 0 0.788094
0.211 0 0.789
0.2147 0 0.7853
0.216301 0 0.783699
0.215357 0 0.784643
0.215852 0 0.784148
0.217049 0 0.782951
0.217545 0 0.782455
0.217962 0 0.782038
0.217835 0 0.782165
0.218228 0 0.781772
0.217813 0 0.782187
0.217214 0 0.782786
0.216522 0 0.783478
0.214669 0 0.785331
0.210792 0 0.789208
0.207804 0 0.792196
0.206545 0 0.793455
0.205406 0 0.794594
0.203698 0 0.796302
0.20206 0 0.79794
0.200993 0 0.799007
0.346572 0 0.653428
0.344505 0 0.655495
0.342464 0 0.657536
0.340505 0 0.659495
0.338513 0 0.661487
0.336597 0 0.663403
0.334689 0 0.665311
0.332986 0 0.667014
0.331292 0 0.668708
0.329671 0 0.670329
0.327924 0 0.672076
0.326464 0 0.673536
0.32499 0 0.67501
0.323604 0 0.676396
0.322243 0 0.677757
0.320918 0 0.679082
0.319617 0 0.680383
0.318339 0 0.681661
0.317083 0 0.682917
0.315369 0 0.684631
0.310728 0 0.689272
0.30656 0 0.69344
0.303573 0 0.696427
0.300864 0 0.699136
0.298364 0 0.701636
0.296488 0 0.703512
0.295055 0 0.704945
0.293439 0 0.706561
0.291955 0 0.708045
0.290201 0 0.709799
0.288911 0 0.711089
0.287287 0 0.712713
0.286007 0 0.713993
0.284363 0 0.715637
0.282739 0 0.717261
0.281289 0 0.718711
0.280055 0 0.719945
0.279 0 0.721
0.278021 0 0.721979
0.270367 0 0.729633
0.266715 0 0.733285
0.265904 0 0.734096
0.266789 0 0.733211
0.26928 0 0.73072
0.275324 0 0.724676
0.276848 0 0.723152
0.278404 0 0.721596
0.27921 0 0.72079
0.272237 0 0.727763
0.270343 0 0.729657
0.267061 0 0.732939
0.265889 0 0.734111
0.260441 0 0.739559
0.259697 0 0.740303
0.261485 0 0.738515
0.265705 0 0.734295
0.273925 0 0.726075
0.273419 0 0.726581
0.273041 0 0.726959
0.271738 0 0.728262
0.270624 0 0.729376
0.269885 0 0.730115
0.269153 0 0.730847
0.268527 0 0.731473
0.0752256 0 0.924774
0.0747046 0 0.925295
0.0746731 0 0.925327
0.0746451 0 0.925355
0.0746213 0 0.925379
0.0746005 0 0.925399
0.0745839 0 0.925416
0.0745711 0 0.925429
0.0395436 0 0.960456
0.0395482 0 0.960452
0.0395543 0 0.960446
0.0395625 0 0.960437
0.0395726 0 0.960427
0.0395845 0 0.960415
0.0395984 0 0.960402
0.0396146 0 0.960385
0.0396324 0 0.960368
0.0396522 0 0.960348
0.0396741 0 0.960326
0.0396976 0 0.960302
0.0397238 0 0.960276
0.0397513 0 0.960249
0.0397808 0 0.960219
0.0398127 0 0.960187
0.0398462 0 0.960154
0.0398821 0 0.960118
0.0399197 0 0.96008
0.0399596 0 0.96004
0.0400016 0 0.959998
0.135605 0 0.864395
0.13591 0 0.86409
0.260193 0 0.739807
0.263399 0 0.736601
0.264863 0 0.735137
0.265509 0 0.734491
0.266422 0 0.733578
0.26624 0 0.73376
0.266216 0 0.733784
0.266897 0 0.733103
0.269844 0 0.730156
0.271322 0 0.728678
0.271797 0 0.728203
0.271666 0 0.728334
0.270694 0 0.729306
0.269341 0 0.730659
0.269557 0 0.730443
0.269172 0 0.730829
0.268322 0 0.731678
0.265711 0 0.73429
0.265217 0 0.734783
0.264576 0 0.735424
0.263795 0 0.736205
0.263083 0 0.736917
0.260533 0 0.739467
0.258741 0 0.741259
0.257062 0 0.742938
0.255394 0 0.744606
0.252478 0 0.747522
0.245579 0 0.754421
0.233886 0 0.766114
0.222938 0 0.777062
0.215672 0 0.784328
0.212916 0 0.787084
0.210697 0 0.789303
0.208173 0 0.791827
0.207283 0 0.792717
0.206538 0 0.793462
0.20579 0 0.79421
0.204409 0 0.795591
0.206513 0 0.793487
0.21036 0 0.78964
0.212888 0 0.787112
0.214617 0 0.785383
0.21584 0 0.78416
0.214958 0 0.785042
0.215431 0 0.784569
0.215811 0 0.784189
0.215106 0 0.784894
0.212584 0 0.787416
0.207405 0 0.792595
0.206319 0 0.793682
0.205085 0 0.794915
0.203846 0 0.796154
0.201559 0 0.798441
0.200316 0 0.799684
0.199044 0 0.800956
0.196904 0 0.803096
0.340514 0 0.659486
0.338519 0 0.661481
0.336569 0 0.663431
0.334647 0 0.665353
0.332767 0 0.667233
0.330928 0 0.669072
0.329106 0 0.670894
0.327333 0 0.672667
0.325584 0 0.674416
0.323929 0 0.676071
0.322286 0 0.677714
0.32055 0 0.67945
0.319139 0 0.680861
0.317605 0 0.682395
0.316235 0 0.683765
0.314712 0 0.685288
0.313173 0 0.686827
0.30933 0 0.69067
0.305516 0 0.694484
0.301822 0 0.698178
0.297884 0 0.702116
0.295086 0 0.704914
0.293475 0 0.706525
0.291973 0 0.708027
0.290386 0 0.709614
0.288827 0 0.711173
0.287312 0 0.712688
0.285823 0 0.714177
0.284293 0 0.715707
0.282671 0 0.717329
0.279921 0 0.720079
0.27726 0 0.72274
0.2752 0 0.7248
0.273315 0 0.726685
0.269117 0 0.730883
0.265548 0 0.734452
0.261211 0 0.738789
0.256425 0 0.743575
0.246873 0 0.753127
0.25079 0 0.74921
0.255622 0 0.744378
0.260277 0 0.739723
0.26478 0 0.73522
0.26651 0 0.73349
0.266816 0 0.733184
0.266602 0 0.733398
0.263467 0 0.736533
0.258197 0 0.741803
0.250293 0 0.749707
0.245711 0 0.754289
0.242699 0 0.757301
0.23534 0 0.76466
0.234319 0 0.765681
0.234761 0 0.765239
0.238946 0 0.761054
0.243748 0 0.756252
0.246667 0 0.753332
0.247039 0 0.752961
0.246243 0 0.753757
0.245055 0 0.754945
0.243907 0 0.756093
0.242823 0 0.757177
0.241718 0 0.758282
0.240375 0 0.759625
0.074709 0 0.925291
0.0746773 0 0.925323
0.0746493 0 0.925351
0.0746254 0 0.925375
0.0746047 0 0.925395
0.0745881 0 0.925412
0.0393994 0 0.960601
0.0394018 0 0.960598
0.0394061 0 0.960594
0.0394124 0 0.960588
0.0394204 0 0.96058
0.0394301 0 0.96057
0.0394423 0 0.960558
0.039456 0 0.960544
0.0394716 0 0.960528
0.0394896 0 0.96051
0.0395092 0 0.960491
0.0395308 0 0.960469
0.0395547 0 0.960445
0.0395803 0 0.96042
0.0396076 0 0.960392
0.0396372 0 0.960363
0.0396687 0 0.960331
0.039702 0 0.960298
0.0397376 0 0.960262
0.0397752 0 0.960225
0.0398145 0 0.960186
0.0398558 0 0.960144
0.0398994 0 0.960101
0.135921 0 0.864079
0.243391 0 0.756609
0.243673 0 0.756327
0.244007 0 0.755993
0.244308 0 0.755692
0.244568 0 0.755432
0.244754 0 0.755246
0.246434 0 0.753567
0.248418 0 0.751582
0.249573 0 0.750427
0.251641 0 0.748359
0.250963 0 0.749037
0.2506 0 0.7494
0.25027 0 0.74973
0.249947 0 0.750054
0.249632 0 0.750368
0.24929 0 0.75071
0.249141 0 0.750859
0.249534 0 0.750466
0.248934 0 0.751066
0.246468 0 0.753532
0.24526 0 0.75474
0.244325 0 0.755675
0.243677 0 0.756323
0.243407 0 0.756593
0.241874 0 0.758126
0.239855 0 0.760145
0.236924 0 0.763076
0.231615 0 0.768385
0.224606 0 0.775394
0.219709 0 0.780291
0.212345 0 0.787655
0.210021 0 0.789979
0.205643 0 0.794357
0.203154 0 0.796846
0.202849 0 0.797151
0.203216 0 0.796784
0.200327 0 0.799673
0.199843 0 0.800157
0.20057 0 0.79943
0.200721 0 0.799279
0.200739 0 0.799261
0.200714 0 0.799286
0.200901 0 0.799099
0.2011 0 0.7989
0.202371 0 0.797629
0.21328 0 0.78672
0.212585 0 0.787415
0.205164 0 0.794836
0.204146 0 0.795854
0.204626 0 0.795374
0.203467 0 0.796533
0.201127 0 0.798873
0.183195 0 0.816805
0.183901 0 0.816099
0.183927 0 0.816073
0.183785 0 0.816215
0.183772 0 0.816228
0.334683 0 0.665317
0.332763 0 0.667237
0.330897 0 0.669103
0.329058 0 0.670942
0.327249 0 0.672751
0.325478 0 0.674522
0.323736 0 0.676264
0.321981 0 0.678019
0.320348 0 0.679652
0.318584 0 0.681416
0.31675 0 0.68325
0.315383 0 0.684617
0.312445 0 0.687555
0.30981 0 0.69019
0.30641 0 0.69359
0.302262 0 0.697738
0.298227 0 0.701773
0.294317 0 0.705683
0.291758 0 0.708242
0.290234 0 0.709766
0.288721 0 0.711279
0.287224 0 0.712776
0.285777 0 0.714223
0.284268 0 0.715732
0.28277 0 0.71723
0.280035 0 0.719965
0.277494 0 0.722506
0.274967 0 0.725033
0.272454 0 0.727546
0.269974 0 0.730026
0.266876 0 0.733124
0.262869 0 0.737131
0.258748 0 0.741252
0.255325 0 0.744675
0.252155 0 0.747845
0.24544 0 0.75456
0.240378 0 0.759622
0.239599 0 0.760401
0.240753 0 0.759247
0.243405 0 0.756595
0.248675 0 0.751325
0.249784 0 0.750216
0.251101 0 0.748899
0.248855 0 0.751145
0.246352 0 0.753648
0.244928 0 0.755072
0.230663 0 0.769337
0.22305 0 0.77695
0.218971 0 0.781029
0.217218 0 0.782782
0.216021 0 0.783979
0.214984 0 0.785016
0.214408 0 0.785592
0.216356 0 0.783644
0.222568 0 0.777432
0.225691 0 0.774309
0.226608 0 0.773392
0.226133 0 0.773867
0.225541 0 0.774459
0.22508 0 0.77492
0.22462 0 0.77538
0.224103 0 0.775897
0.223587 0 0.776413
0.0795212 0 0.920479
0.0746823 0 0.925318
0.0746544 0 0.925346
0.0746305 0 0.92537
0.0746098 0 0.92539
0.0745931 0 0.925407
0.0392589 0 0.960741
0.0392614 0 0.960739
0.0392653 0 0.960735
0.0392717 0 0.960728
0.0392795 0 0.96072
0.0392896 0 0.96071
0.0393014 0 0.960699
0.0393151 0 0.960685
0.0393309 0 0.960669
0.0393483 0 0.960652
0.039368 0 0.960632
0.0393897 0 0.96061
0.0394127 0 0.960587
0.0394384 0 0.960562
0.0394657 0 0.960534
0.039495 0 0.960505
0.0395263 0 0.960474
0.0395593 0 0.960441
0.0395946 0 0.960405
0.0396318 0 0.960368
0.0396712 0 0.960329
0.0397125 0 0.960288
0.0397555 0 0.960244
0.135999 0 0.864001
0.22677 0 0.77323
0.227957 0 0.772043
0.228132 0 0.771868
0.227318 0 0.772682
0.227317 0 0.772683
0.227241 0 0.772759
0.227849 0 0.772151
0.228718 0 0.771282
0.230881 0 0.769119
0.231053 0 0.768947
0.230776 0 0.769224
0.230945 0 0.769055
0.231026 0 0.768974
0.231703 0 0.768297
0.232496 0 0.767504
0.233431 0 0.766569
0.234472 0 0.765528
0.236007 0 0.763993
0.235719 0 0.764281
0.234456 0 0.765544
0.233179 0 0.766821
0.232296 0 0.767704
0.230923 0 0.769077
0.22932 0 0.77068
0.227194 0 0.772806
0.225087 0 0.774913
0.221848 0 0.778152
0.219453 0 0.780547
0.216424 0 0.783576
0.211312 0 0.788688
0.209573 0 0.790427
0.205641 0 0.794359
0.202185 0 0.797815
0.201066 0 0.798934
0.199607 0 0.800393
0.195568 0 0.804432
0.195272 0 0.804728
0.195084 0 0.804916
0.194758 0 0.805242
0.194282 0 0.805718
0.19484 0 0.80516
0.196243 0 0.803757
0.196454 0 0.803546
0.196708 0 0.803292
0.197173 0 0.802827
0.198421 0 0.801579
0.199817 0 0.800183
0.200917 0 0.799083
0.202057 0 0.797943
0.202661 0 0.797339
0.17924 0 0.82076
0.178863 0 0.821137
0.180128 0 0.819872
0.181031 0 0.818969
0.181387 0 0.818613
0.181676 0 0.818324
0.181843 0 0.818157
0.181604 0 0.818396
0.329055 0 0.670945
0.327152 0 0.672848
0.325429 0 0.674571
0.323652 0 0.676348
0.321365 0 0.678635
0.31998 0 0.68002
0.316873 0 0.683127
0.313953 0 0.686047
0.310901 0 0.689099
0.307895 0 0.692105
0.304976 0 0.695024
0.302135 0 0.697865
0.29862 0 0.70138
0.294683 0 0.705317
0.290873 0 0.709127
0.288604 0 0.711396
0.287085 0 0.712915
0.285581 0 0.714419
0.284122 0 0.715878
0.282627 0 0.717373
0.281008 0 0.718992
0.279184 0 0.720816
0.276695 0 0.723305
0.274139 0 0.725861
0.271638 0 0.728362
0.269137 0 0.730863
0.266738 0 0.733262
0.264681 0 0.735319
0.261912 0 0.738088
0.258979 0 0.741021
0.255548 0 0.744452
0.252398 0 0.747602
0.24934 0 0.75066
0.243069 0 0.756931
0.236989 0 0.763011
0.233115 0 0.766885
0.234035 0 0.765965
0.234328 0 0.765672
0.234345 0 0.765655
0.23422 0 0.76578
0.233002 0 0.766998
0.230844 0 0.769156
0.227127 0 0.772873
0.224441 0 0.775559
0.21282 0 0.78718
0.206383 0 0.793617
0.203211 0 0.796789
0.201563 0 0.798437
0.20025 0 0.79975
0.199088 0 0.800912
0.200473 0 0.799527
0.203051 0 0.796949
0.205177 0 0.794823
0.206928 0 0.793072
0.208745 0 0.791255
0.209696 0 0.790304
0.209241 0 0.790759
0.208788 0 0.791211
0.208361 0 0.791639
0.207932 0 0.792068
0.207509 0 0.792491
0.0780587 0 0.921941
0.0780306 0 0.921969
0.0746886 0 0.925311
0.0746606 0 0.925339
0.0746361 0 0.925364
0.0746158 0 0.925384
0.0391196 0 0.96088
0.0391199 0 0.96088
0.0391223 0 0.960878
0.0391262 0 0.960874
0.0391326 0 0.960867
0.0391401 0 0.96086
0.0391504 0 0.96085
0.039162 0 0.960838
0.0391758 0 0.960824
0.0391913 0 0.960809
0.0392088 0 0.960791
0.039228 0 0.960772
0.0392494 0 0.960751
0.0392729 0 0.960727
0.0392979 0 0.960702
0.039325 0 0.960675
0.039354 0 0.960646
0.0393854 0 0.960615
0.039418 0 0.960582
0.0394534 0 0.960547
0.0394901 0 0.96051
0.0395291 0 0.960471
0.0395697 0 0.96043
0.0396127 0 0.960387
0.0396578 0 0.960342
0.196249 0 0.803751
0.207109 0 0.792891
0.212037 0 0.787963
0.210457 0 0.789543
0.211376 0 0.788624
0.214283 0 0.785717
0.215622 0 0.784378
0.216742 0 0.783258
0.21648 0 0.78352
0.216304 0 0.783696
0.216132 0 0.783868
0.217582 0 0.782418
0.221324 0 0.778676
0.223638 0 0.776362
0.227776 0 0.772224
0.227716 0 0.772284
0.227965 0 0.772035
0.227553 0 0.772447
0.226892 0 0.773108
0.225476 0 0.774524
0.223394 0 0.776605
0.221181 0 0.778819
0.217414 0 0.782586
0.215015 0 0.784985
0.214106 0 0.785894
0.211962 0 0.788038
0.210618 0 0.789382
0.209059 0 0.790941
0.205491 0 0.794509
0.20361 0 0.79639
0.201398 0 0.798602
0.200743 0 0.799257
0.199777 0 0.800223
0.198748 0 0.801252
0.194107 0 0.805893
0.19293 0 0.80707
0.192652 0 0.807348
0.189984 0 0.810016
0.181957 0 0.818043
0.179441 0 0.820559
0.17688 0 0.82312
0.174651 0 0.825349
0.175551 0 0.824449
0.176686 0 0.823314
0.166114 0 0.833886
0.173607 0 0.826393
0.17325 0 0.82675
0.173623 0 0.826377
0.174086 0 0.825914
0.17506 0 0.82494
0.175116 0 0.824884
0.1745 0 0.8255
0.176926 0 0.823074
0.178508 0 0.821492
0.179806 0 0.820194
0.180109 0 0.819891
0.18003 0 0.81997
0.180125 0 0.819875
0.180353 0 0.819647
0.321636 0 0.678364
0.318391 0 0.681609
0.31521 0 0.68479
0.312088 0 0.687912
0.309065 0 0.690935
0.306104 0 0.693896
0.303179 0 0.696821
0.300318 0 0.699682
0.297524 0 0.702476
0.294694 0 0.705306
0.291208 0 0.708792
0.28754 0 0.71246
0.285567 0 0.714433
0.284045 0 0.715955
0.282507 0 0.717493
0.280931 0 0.719069
0.279267 0 0.720733
0.27758 0 0.72242
0.275916 0 0.724084
0.274025 0 0.725975
0.271769 0 0.728231
0.269252 0 0.730748
0.266821 0 0.733179
0.264442 0 0.735558
0.262538 0 0.737462
0.260909 0 0.739091
0.259148 0 0.740852
0.256343 0 0.743657
0.253583 0 0.746417
0.25048 0 0.74952
0.24746 0 0.75254
0.241494 0 0.758506
0.236594 0 0.763406
0.231797 0 0.768203
0.228459 0 0.771541
0.227744 0 0.772256
0.217375 0 0.782625
0.216038 0 0.783962
0.215392 0 0.784608
0.214691 0 0.785309
0.212049 0 0.787951
0.202289 0 0.797711
0.194878 0 0.805122
0.192711 0 0.807289
0.189041 0 0.810959
0.185805 0 0.814195
0.186604 0 0.813396
0.188102 0 0.811898
0.189222 0 0.810778
0.190348 0 0.809652
0.19207 0 0.80793
0.194282 0 0.805718
0.195569 0 0.804431
0.196221 0 0.803779
0.196077 0 0.803923
0.19556 0 0.80444
0.19517 0 0.80483
0.194841 0 0.805159
0.194382 0 0.805618
0.193946 0 0.806054
0.0775728 0 0.922427
0.077545 0 0.922455
0.0775201 0 0.92248
0.0746675 0 0.925332
0.0746431 0 0.925357
0.0746227 0 0.925377
0.0389821 0 0.961018
0.0389822 0 0.961018
0.0389847 0 0.961015
0.0389888 0 0.961011
0.0389949 0 0.961005
0.0390026 0 0.960997
0.0390123 0 0.960988
0.039024 0 0.960976
0.0390376 0 0.960962
0.039053 0 0.960947
0.0390706 0 0.960929
0.0390898 0 0.96091
0.039111 0 0.960889
0.0391342 0 0.960866
0.039159 0 0.960841
0.0391861 0 0.960814
0.0392152 0 0.960785
0.0392456 0 0.960754
0.0392787 0 0.960721
0.0393131 0 0.960687
0.0393498 0 0.96065
0.0393888 0 0.960611
0.0394295 0 0.960571
0.0394718 0 0.960528
0.0395166 0 0.960483
0.187346 0 0.812654
0.189478 0 0.810522
0.191816 0 0.808184
0.197197 0 0.802803
0.199679 0 0.800321
0.197077 0 0.802923
0.199109 0 0.800891
0.200377 0 0.799623
0.200079 0 0.799921
0.202886 0 0.797114
0.20418 0 0.79582
0.204321 0 0.795679
0.205678 0 0.794322
0.206701 0 0.793299
0.210377 0 0.789623
0.212885 0 0.787115
0.21309 0 0.78691
0.212661 0 0.787339
0.212448 0 0.787552
0.21183 0 0.78817
0.207317 0 0.792683
0.204698 0 0.795302
0.203162 0 0.796838
0.201853 0 0.798146
0.200776 0 0.799224
0.199705 0 0.800295
0.198818 0 0.801182
0.197476 0 0.802524
0.196409 0 0.803591
0.195373 0 0.804627
0.193631 0 0.806369
0.19175 0 0.80825
0.190803 0 0.809197
0.191215 0 0.808785
0.190291 0 0.809709
0.189353 0 0.810647
0.183541 0 0.816459
0.180543 0 0.819457
0.178748 0 0.821252
0.173236 0 0.826764
0.170881 0 0.829119
0.166726 0 0.833274
0.165703 0 0.834297
0.165221 0 0.834779
0.159983 0 0.840017
0.158942 0 0.841058
0.158215 0 0.841785
0.159214 0 0.840786
0.161062 0 0.838938
0.164386 0 0.835613
0.166486 0 0.833514
0.169762 0 0.830238
0.172615 0 0.827384
0.175251 0 0.824749
0.177929 0 0.822071
0.178611 0 0.821389
0.178297 0 0.821703
0.178543 0 0.821457
0.178862 0 0.821138
0.179986 0 0.820014
 ] }
}
