# Real Time: 850.035
# Simulation Time: 22.32
# Radar Position: 872.439 -233.648 3.22623
# Radar Quat: 0.00111354 0.00094771 0.79737 0.603489
PointSet {
 coord Coordinate { point [
842.79 -271.645 4.36056
843.216 -271.642 4.35491
843.638 -271.64 4.34936
844.056 -271.637 4.34391
844.469 -271.635 4.33858
844.878 -271.632 4.33334
845.283 -271.63 4.32821
845.683 -271.627 4.32318
846.08 -271.625 4.31824
846.472 -271.623 4.3134
846.862 -271.62 4.30865
847.247 -271.618 4.30399
847.629 -271.616 4.29943
847.768 -271.985 4.3054
847.771 -272.576 4.31755
847.775 -273.179 4.33001
847.778 -273.795 4.3428
868.02 -243.377 3.48206
868.162 -243.242 3.47781
868.329 -243.042 3.47191
868.396 -243.068 3.47191
868.463 -243.094 3.47192
868.53 -243.12 3.47194
868.597 -243.145 3.47196
868.664 -243.171 3.472
868.731 -243.197 3.47205
868.715 -243.444 3.47774
868.784 -243.469 3.47778
868.853 -243.494 3.47784
869.001 -243.295 3.47223
869.068 -243.321 3.47233
869.135 -243.347 3.47244
869.202 -243.373 3.47256
869.27 -243.399 3.4727
869.337 -243.425 3.47284
869.404 -243.451 3.473
869.404 -243.7 3.47873
869.472 -243.73 3.479
867.84 -249.716 3.6274
867.963 -249.711 3.62654
868.085 -249.706 3.62571
868.207 -249.701 3.6249
868.328 -249.696 3.62411
868.449 -249.691 3.62333
868.514 -249.916 3.62823
868.531 -250.355 3.63841
868.55 -250.817 3.64913
868.57 -251.304 3.66044
868.591 -251.817 3.67238
868.613 -252.359 3.68503
868.636 -252.933 3.69843
868.661 -253.541 3.71265
863.795 -281.021 4.38102
865.173 -276.878 4.27772
866.681 -282.394 4.40367
866.504 -290.735 4.60274
872.109 -290.809 4.59626
872.498 -281.969 4.38448
872.892 -288.854 4.54922
873.122 -278.597 4.30368
873.435 -278.554 4.30265
874.571 -292.607 4.63929
875.34 -284.385 4.44313
841.378 -271.78 4.2102
841.82 -271.778 4.20516
842.258 -271.775 4.20021
842.792 -271.642 4.19206
843.218 -271.64 4.18732
843.64 -271.637 4.18268
844.058 -271.635 4.17812
844.471 -271.632 4.17365
844.88 -271.63 4.16926
845.284 -271.628 4.16496
845.685 -271.625 4.16074
846.081 -271.623 4.15661
846.474 -271.62 4.15255
846.863 -271.618 4.14857
847.248 -271.616 4.14467
847.63 -271.613 4.14084
847.768 -271.985 4.14605
847.771 -272.575 4.15647
847.775 -273.179 4.16715
847.778 -273.795 4.17812
868.101 -243.198 3.44062
868.171 -243.222 3.44055
868.33 -243.041 3.43594
868.397 -243.067 3.43595
868.464 -243.093 3.43596
868.531 -243.118 3.43599
868.598 -243.144 3.43602
868.665 -243.17 3.43606
868.732 -243.196 3.43611
868.719 -243.434 3.44078
868.787 -243.46 3.44085
868.935 -243.268 3.4362
869.002 -243.294 3.43629
869.069 -243.32 3.43639
869.136 -243.346 3.43649
869.203 -243.372 3.4366
869.27 -243.398 3.43672
869.337 -243.424 3.43685
869.404 -243.45 3.43699
869.469 -243.483 3.43729
869.473 -243.728 3.44211
867.841 -249.713 3.56882
867.964 -249.708 3.5681
868.086 -249.703 3.56739
868.207 -249.698 3.56671
868.329 -249.693 3.56604
868.449 -249.688 3.56539
868.514 -249.916 3.56965
868.531 -250.355 3.57834
868.55 -250.817 3.5875
868.57 -251.304 3.59717
868.591 -251.817 3.60738
868.613 -252.359 3.61818
868.636 -252.933 3.62963
868.661 -253.541 3.64179
863.794 -281.03 4.21287
865.173 -276.879 4.12449
866.683 -282.379 4.23177
866.503 -290.746 4.40238
872.109 -290.804 4.39637
872.497 -281.968 4.21557
872.891 -288.858 4.35635
873.121 -278.597 4.14652
873.435 -278.553 4.14562
874.571 -292.628 4.43352
875.339 -284.383 4.26545
840.932 -271.78 4.04245
841.38 -271.778 4.0383
841.822 -271.775 4.03423
842.26 -271.772 4.03025
842.794 -271.64 4.02361
843.22 -271.637 4.01979
843.642 -271.635 4.01605
844.06 -271.632 4.01237
844.473 -271.63 4.00877
844.881 -271.628 4.00523
845.286 -271.625 4.00176
845.687 -271.623 3.99836
846.083 -271.62 3.99503
846.476 -271.618 3.99175
846.865 -271.616 3.98854
847.25 -271.613 3.9854
847.632 -271.611 3.98231
847.768 -271.985 3.98673
847.771 -272.575 3.99542
847.775 -273.179 4.00433
847.778 -273.795 4.01347
868.101 -243.198 3.40385
868.263 -243.014 3.39997
868.33 -243.04 3.39998
868.397 -243.066 3.4
868.464 -243.092 3.40002
868.531 -243.117 3.40005
868.598 -243.143 3.40009
868.665 -243.169 3.40014
868.732 -243.195 3.40019
868.795 -243.231 3.40043
868.788 -243.459 3.40413
868.935 -243.267 3.40029
869.002 -243.293 3.40037
869.069 -243.319 3.40046
869.136 -243.345 3.40055
869.203 -243.371 3.40065
869.27 -243.397 3.40076
869.337 -243.423 3.40087
869.405 -243.449 3.401
869.47 -243.481 3.40124
869.473 -243.726 3.40524
867.842 -249.71 3.51027
867.964 -249.705 3.50968
868.087 -249.7 3.50911
868.208 -249.695 3.50855
868.329 -249.69 3.50801
868.45 -249.685 3.50747
868.513 -249.916 3.51106
868.531 -250.355 3.51828
868.55 -250.817 3.52589
868.57 -251.304 3.53391
868.591 -251.817 3.54238
868.613 -252.359 3.55135
868.636 -252.933 3.56085
868.661 -253.542 3.57094
863.792 -281.039 4.0447
865.172 -276.882 3.97132
866.684 -282.364 4.06003
866.501 -290.758 4.20198
872.108 -290.799 4.19655
872.497 -281.968 4.04669
872.891 -288.863 4.16348
873.121 -278.597 3.98939
873.434 -278.552 3.98862
874.572 -292.651 4.22767
875.339 -284.38 4.08781
840.934 -271.778 3.86958
841.382 -271.775 3.86643
841.824 -271.773 3.86334
842.262 -271.77 3.86032
842.796 -271.637 3.8552
843.222 -271.635 3.8523
843.644 -271.632 3.84945
844.061 -271.63 3.84666
844.474 -271.628 3.84392
844.883 -271.625 3.84123
845.288 -271.623 3.8386
845.688 -271.62 3.83601
846.085 -271.618 3.83348
846.477 -271.616 3.83099
846.866 -271.613 3.82855
847.252 -271.611 3.82615
847.633 -271.609 3.82381
847.768 -271.985 3.82743
847.771 -272.575 3.83438
847.775 -273.179 3.84152
847.778 -273.795 3.84883
868.101 -243.197 3.36708
868.264 -243.013 3.36401
868.331 -243.039 3.36404
868.398 -243.065 3.36406
868.465 -243.091 3.36409
868.532 -243.116 3.36413
868.599 -243.142 3.36417
868.666 -243.168 3.36422
868.733 -243.194 3.36427
868.796 -243.23 3.36447
868.788 -243.458 3.36742
868.935 -243.266 3.36439
869.002 -243.292 3.36446
869.069 -243.318 3.36454
869.136 -243.344 3.36462
869.203 -243.37 3.36471
869.27 -243.396 3.36481
869.338 -243.422 3.36491
869.405 -243.448 3.36501
869.47 -243.479 3.3652
869.474 -243.724 3.36838
867.842 -249.707 3.45175
867.965 -249.702 3.4513
868.087 -249.697 3.45085
868.209 -249.692 3.45042
868.33 -249.687 3.45
868.451 -249.683 3.44958
868.513 -249.916 3.45249
868.531 -250.356 3.45823
868.55 -250.817 3.46427
868.57 -251.304 3.47065
868.59 -251.817 3.47739
868.613 -252.36 3.48452
868.636 -252.933 3.49207
868.66 -253.542 3.50009
863.79 -281.048 3.87649
865.171 -276.888 3.81818
866.685 -282.35 3.88842
866.5 -290.77 4.00151
872.108 -290.794 3.99679
872.497 -281.968 3.87782
872.891 -288.868 3.97061
873.121 -278.596 3.83228
873.434 -278.552 3.83164
874.572 -292.676 4.02171
875.338 -284.378 3.91021
840.937 -271.775 3.69676
841.384 -271.773 3.69461
841.827 -271.77 3.6925
842.264 -271.767 3.69043
842.798 -271.635 3.68683
843.224 -271.632 3.68485
843.646 -271.63 3.6829
844.064 -271.628 3.68099
844.476 -271.625 3.67912
844.885 -271.623 3.67728
845.29 -271.62 3.67547
845.69 -271.618 3.67371
846.087 -271.616 3.67197
846.479 -271.613 3.67027
846.868 -271.611 3.66859
847.253 -271.609 3.66695
847.635 -271.606 3.66534
847.768 -271.985 3.66815
847.771 -272.576 3.67337
847.775 -273.179 3.67873
847.778 -273.795 3.68422
868.101 -243.197 3.33032
868.264 -243.012 3.32807
868.331 -243.038 3.3281
868.398 -243.064 3.32814
868.465 -243.089 3.32818
868.532 -243.115 3.32822
868.599 -243.141 3.32827
868.666 -243.167 3.32832
868.733 -243.193 3.32837
868.796 -243.228 3.32852
868.788 -243.457 3.33073
868.936 -243.265 3.3285
869.003 -243.291 3.32856
869.07 -243.317 3.32863
869.139 -243.337 3.32865
869.206 -243.362 3.32871
869.274 -243.387 3.32878
869.338 -243.421 3.32895
869.405 -243.447 3.32904
869.471 -243.478 3.32919
869.474 -243.722 3.33155
867.843 -249.704 3.39326
867.966 -249.699 3.39294
868.088 -249.694 3.39262
868.21 -249.689 3.39232
868.331 -249.684 3.39202
868.451 -249.68 3.39172
868.519 -249.894 3.39369
868.531 -250.356 3.39818
868.55 -250.818 3.40267
868.57 -251.304 3.4074
868.59 -251.818 3.41241
868.612 -252.36 3.4177
868.636 -252.934 3.4233
868.66 -253.542 3.42925
863.788 -281.059 3.70824
865.17 -276.898 3.66505
866.687 -282.338 3.71694
866.498 -290.782 3.80099
868.761 -287.116 3.76243
872.108 -290.789 3.79708
872.497 -281.968 3.70898
872.891 -288.874 3.77773
873.121 -278.596 3.67518
873.434 -278.551 3.67468
874.573 -292.703 3.81563
875.338 -284.376 3.73264
878.458 -286.69 3.75649
840.939 -271.773 3.52398
841.387 -271.77 3.52283
841.829 -271.768 3.52169
842.266 -271.765 3.52058
842.8 -271.633 3.5185
843.226 -271.63 3.51743
843.648 -271.628 3.51639
844.066 -271.625 3.51536
844.478 -271.623 3.51435
844.887 -271.62 3.51336
845.292 -271.618 3.51239
845.692 -271.616 3.51143
846.088 -271.613 3.5105
846.481 -271.611 3.50958
846.87 -271.609 3.50867
847.255 -271.606 3.50779
847.636 -271.604 3.50692
847.768 -271.985 3.50888
847.771 -272.576 3.51238
847.775 -273.179 3.51595
847.779 -273.796 3.51962
868.102 -243.196 3.29357
868.264 -243.011 3.29213
868.332 -243.037 3.29218
868.406 -243.044 3.2921
868.474 -243.069 3.29213
868.541 -243.093 3.29218
868.608 -243.118 3.29222
868.666 -243.166 3.29242
868.733 -243.192 3.29248
868.797 -243.226 3.29259
868.789 -243.456 3.29404
868.936 -243.264 3.29262
869.003 -243.29 3.29268
869.07 -243.316 3.29274
869.151 -243.301 3.29253
869.218 -243.325 3.29258
869.285 -243.35 3.29264
869.338 -243.42 3.29301
869.406 -243.446 3.29308
869.471 -243.476 3.29319
869.475 -243.721 3.29473
867.844 -249.701 3.33479
867.967 -249.696 3.3346
868.089 -249.691 3.33442
868.21 -249.686 3.33424
868.332 -249.682 3.33406
868.452 -249.677 3.33389
868.513 -249.917 3.33535
868.531 -250.356 3.33814
868.55 -250.818 3.34107
868.569 -251.305 3.34416
868.59 -251.818 3.34743
871.257 -239.396 3.26505
868.636 -252.934 3.35454
868.66 -253.543 3.35842
863.785 -281.072 3.53994
865.167 -276.913 3.51192
866.688 -282.326 3.54557
866.497 -290.794 3.60041
868.761 -287.112 3.57516
872.108 -290.784 3.59743
872.496 -281.967 3.54016
872.891 -288.879 3.58483
873.121 -278.595 3.51811
873.434 -278.551 3.51774
874.574 -292.735 3.6094
875.338 -284.374 3.55511
878.457 -286.689 3.57
840.941 -271.77 3.35122
841.389 -271.768 3.35107
841.831 -271.765 3.35092
842.269 -271.762 3.35076
842.802 -271.63 3.35019
843.229 -271.628 3.35004
843.65 -271.625 3.3499
844.068 -271.623 3.34975
844.48 -271.62 3.34961
844.889 -271.618 3.34947
845.293 -271.615 3.34933
845.694 -271.613 3.34919
846.09 -271.611 3.34905
846.483 -271.609 3.34891
846.872 -271.606 3.34878
847.257 -271.604 3.34864
847.638 -271.602 3.34851
847.768 -271.986 3.34962
847.771 -272.576 3.35138
847.775 -273.179 3.35318
847.779 -273.796 3.35502
868.102 -243.196 3.25682
868.265 -243.01 3.25621
868.332 -243.036 3.25626
868.416 -243.022 3.25619
868.489 -243.033 3.2562
868.555 -243.059 3.25626
868.622 -243.085 3.25631
868.667 -243.165 3.25654
868.734 -243.191 3.25659
868.798 -243.225 3.25668
868.789 -243.455 3.25737
868.937 -243.263 3.25674
869.003 -243.289 3.2568
869.07 -243.315 3.25686
869.156 -243.285 3.25674
869.223 -243.311 3.25679
869.29 -243.337 3.25685
869.339 -243.419 3.25708
869.406 -243.445 3.25713
869.472 -243.474 3.2572
869.475 -243.72 3.25793
867.845 -249.698 3.27635
867.968 -249.693 3.27629
868.09 -249.688 3.27624
868.211 -249.684 3.27618
868.332 -249.679 3.27613
868.453 -249.674 3.27608
868.513 -249.917 3.27678
868.531 -250.357 3.27809
868.55 -250.819 3.27947
868.569 -251.305 3.28092
868.59 -251.818 3.28245
871.258 -239.395 3.24441
868.635 -252.935 3.28577
868.66 -253.543 3.28758
863.782 -281.089 3.37157
865.162 -276.944 3.35872
866.689 -282.316 3.37429
866.496 -290.806 3.39974
868.761 -287.116 3.38796
872.108 -290.778 3.39782
872.496 -281.967 3.37134
872.89 -288.886 3.3919
873.12 -278.595 3.36105
873.434 -278.55 3.36081
874.575 -292.773 3.40298
875.338 -284.372 3.3776
877.804 -287.664 3.38664
878.457 -286.69 3.38351
840.944 -271.768 3.17849
841.391 -271.765 3.17933
841.833 -271.762 3.18016
842.271 -271.76 3.18096
842.804 -271.628 3.18191
843.231 -271.625 3.18267
843.652 -271.623 3.18343
844.07 -271.62 3.18416
844.482 -271.618 3.18489
844.891 -271.615 3.18559
845.295 -271.613 3.18628
845.696 -271.611 3.18696
846.092 -271.608 3.18762
846.485 -271.606 3.18827
846.873 -271.604 3.1889
847.258 -271.602 3.18952
847.64 -271.599 3.19012
847.768 -271.986 3.19035
847.771 -272.576 3.19038
847.775 -273.179 3.19041
847.779 -273.796 3.19043
868.102 -243.195 3.22007
868.265 -243.009 3.22029
868.332 -243.035 3.22036
868.416 -243.021 3.22045
868.489 -243.032 3.22052
868.556 -243.058 3.22058
868.622 -243.084 3.22064
868.667 -243.164 3.22066
868.734 -243.19 3.22072
868.798 -243.223 3.22077
868.789 -243.454 3.2207
868.937 -243.262 3.22088
869.004 -243.288 3.22093
869.071 -243.314 3.22098
869.157 -243.284 3.22106
869.223 -243.31 3.2211
869.29 -243.336 3.22114
869.339 -243.418 3.22115
869.406 -243.443 3.22119
869.473 -243.472 3.22122
869.475 -243.719 3.22114
867.846 -249.695 3.21793
867.968 -249.69 3.21801
868.09 -249.685 3.21808
868.212 -249.681 3.21815
868.333 -249.676 3.21822
868.454 -249.671 3.21828
868.513 -249.918 3.21822
868.531 -250.357 3.21805
868.55 -250.819 3.21786
868.569 -251.306 3.21767
868.59 -251.819 3.21746
868.612 -252.361 3.21724
868.635 -252.935 3.217
868.66 -253.543 3.21674
866.69 -282.308 3.20307
866.494 -290.819 3.19899
868.76 -287.124 3.20073
872.107 -290.773 3.19824
872.496 -281.967 3.20252
872.89 -288.892 3.19892
873.12 -278.594 3.20398
873.434 -278.549 3.20388
874.577 -292.838 3.19627
875.337 -284.37 3.2001
877.797 -287.594 3.19704
878.457 -286.691 3.19702
840.946 -271.765 3.00577
841.394 -271.762 3.00761
841.836 -271.76 3.00941
842.273 -271.757 3.01118
842.807 -271.625 3.01363
843.233 -271.623 3.01532
843.655 -271.62 3.01697
844.072 -271.618 3.01859
844.484 -271.615 3.02017
844.893 -271.613 3.02173
845.297 -271.611 3.02325
845.698 -271.608 3.02474
846.094 -271.606 3.0262
846.486 -271.604 3.02763
846.875 -271.602 3.02903
847.26 -271.599 3.0304
847.642 -271.597 3.03175
847.768 -271.986 3.03107
847.771 -272.576 3.02937
847.775 -273.179 3.02762
847.779 -273.796 3.02581
868.102 -243.195 3.18333
868.266 -243.008 3.18438
868.333 -243.034 3.18445
868.417 -243.021 3.1847
868.49 -243.031 3.18484
868.556 -243.057 3.18491
868.623 -243.083 3.18497
868.668 -243.163 3.18479
868.735 -243.189 3.18485
868.799 -243.222 3.18487
868.79 -243.453 3.18403
868.937 -243.261 3.18502
869.004 -243.287 3.18507
869.071 -243.313 3.1851
869.157 -243.283 3.18538
869.224 -243.309 3.18541
869.29 -243.335 3.18544
869.339 -243.416 3.18523
869.407 -243.442 3.18525
869.473 -243.47 3.18526
869.476 -243.718 3.18435
867.847 -249.692 3.15952
867.969 -249.687 3.15973
868.091 -249.683 3.15994
868.213 -249.678 3.16013
868.334 -249.673 3.16033
868.454 -249.668 3.16051
868.513 -249.918 3.15964
868.531 -250.357 3.15799
868.549 -250.819 3.15625
868.569 -251.306 3.15441
868.59 -251.819 3.15247
868.612 -252.362 3.15041
868.635 -252.936 3.14822
868.66 -253.544 3.14589
868.686 -254.19 3.14342
866.691 -282.303 3.03189
866.493 -290.831 2.99813
868.76 -287.134 3.01341
872.107 -290.768 2.99869
872.496 -281.967 3.03369
872.89 -288.899 3.00589
873.12 -278.594 3.04691
873.433 -278.549 3.04695
875.337 -284.368 3.0226
877.793 -287.558 3.00779
878.457 -286.692 3.01051
840.949 -271.763 2.83308
841.396 -271.76 2.83591
841.838 -271.757 2.83869
842.275 -271.755 2.84141
842.809 -271.623 2.84538
843.235 -271.62 2.84798
843.657 -271.618 2.85053
844.074 -271.615 2.85303
844.487 -271.613 2.85548
844.895 -271.611 2.85788
845.299 -271.608 2.86023
845.7 -271.606 2.86254
846.096 -271.604 2.8648
846.488 -271.601 2.86701
846.877 -271.599 2.86918
847.262 -271.597 2.8713
847.643 -271.595 2.87339
847.768 -271.987 2.87178
847.771 -272.577 2.86835
847.775 -273.18 2.86483
847.779 -273.796 2.8612
868.103 -243.194 3.14659
868.266 -243.007 3.14847
868.333 -243.033 3.14856
868.417 -243.02 3.14896
868.49 -243.03 3.14917
868.557 -243.056 3.14924
868.623 -243.082 3.14931
868.668 -243.162 3.14893
868.735 -243.188 3.14899
868.8 -243.22 3.14899
868.79 -243.452 3.14738
868.938 -243.26 3.14917
869.005 -243.286 3.14921
869.072 -243.312 3.14924
869.157 -243.282 3.14971
869.224 -243.308 3.14973
869.291 -243.334 3.14974
869.354 -243.37 3.14967
869.407 -243.441 3.14932
869.474 -243.469 3.14931
869.476 -243.717 3.14757
867.847 -249.689 3.10114
867.97 -249.685 3.10148
868.092 -249.68 3.10182
868.214 -249.675 3.10214
868.335 -249.67 3.10245
868.455 -249.665 3.10275
868.513 -249.919 3.10106
868.531 -250.358 3.09793
868.549 -250.82 3.09464
868.569 -251.306 3.09116
868.59 -251.82 3.08747
868.612 -252.362 3.08357
868.635 -252.936 3.07944
868.66 -253.545 3.07504
868.686 -254.191 3.07036
866.691 -282.303 2.86071
866.491 -290.844 2.79718
868.759 -287.145 2.82602
872.107 -290.763 2.79917
872.496 -281.966 2.86486
872.89 -288.906 2.81279
873.12 -278.593 2.88984
873.433 -278.548 2.89001
875.337 -284.367 2.84511
877.79 -287.531 2.81872
878.457 -286.693 2.82399
840.951 -271.76 2.66039
841.398 -271.757 2.66422
841.896 -271.686 2.66898
842.278 -271.752 2.67165
842.294 -272.283 2.66755
842.298 -272.841 2.66308
842.301 -273.409 2.6585
843.914 -272.392 2.67978
844.897 -271.608 2.69405
845.301 -271.606 2.69723
845.702 -271.604 2.70035
846.098 -271.601 2.70341
846.49 -271.599 2.7064
846.879 -271.597 2.70934
847.264 -271.595 2.71222
847.645 -271.592 2.71504
847.768 -271.987 2.71249
847.772 -272.577 2.70733
847.775 -273.18 2.70202
847.779 -273.797 2.69657
868.103 -243.194 3.10985
868.267 -243.006 3.11257
868.334 -243.032 3.11267
868.417 -243.02 3.11322
868.49 -243.029 3.1135
868.557 -243.055 3.11358
868.624 -243.081 3.11365
868.669 -243.161 3.11307
868.735 -243.187 3.11313
868.8 -243.218 3.11311
868.787 -243.462 3.1106
868.938 -243.259 3.11332
869.005 -243.285 3.11336
869.072 -243.311 3.11338
869.158 -243.281 3.11404
869.224 -243.307 3.11405
869.291 -243.333 3.11406
869.355 -243.369 3.11393
869.407 -243.44 3.11339
869.474 -243.467 3.11337
869.469 -243.739 3.11052
867.848 -249.686 3.04277
867.971 -249.682 3.04325
868.093 -249.677 3.04371
868.214 -249.672 3.04416
868.335 -249.667 3.0446
868.456 -249.662 3.04502
868.513 -249.919 3.04247
868.531 -250.358 3.03787
868.549 -250.82 3.03301
868.569 -251.307 3.02789
868.59 -251.82 3.02247
868.612 -252.363 3.01673
868.635 -252.937 3.01065
868.66 -253.545 3.00418
868.686 -254.192 2.9973
866.49 -290.857 2.59613
868.758 -287.158 2.63851
872.107 -290.758 2.59967
872.496 -281.966 2.69602
872.89 -288.913 2.61964
873.12 -278.593 2.73276
873.433 -278.548 2.73307
875.337 -284.365 2.66762
877.788 -287.509 2.62978
878.457 -286.694 2.63745
840.954 -271.757 2.48772
841.538 -271.586 2.4958
842.009 -271.545 2.50124
842.28 -271.75 2.50191
842.294 -272.284 2.49633
842.723 -272.288 2.50072
843.152 -272.286 2.50514
843.576 -272.283 2.50948
843.996 -272.281 2.51373
844.412 -272.278 2.5179
844.823 -272.276 2.52198
845.756 -271.526 2.53953
846.057 -271.66 2.54092
845.663 -272.811 2.52403
845.795 -273.208 2.52074
846.083 -273.377 2.52149
846.974 -283.3 2.40901
847.493 -283.137 2.41498
847.875 -283.237 2.41658
848.02 -283.824 2.4102
848.167 -284.421 2.40366
868.092 -243.218 3.07272
868.267 -243.005 3.07667
868.334 -243.031 3.07678
868.417 -243.019 3.07748
868.491 -243.028 3.07784
868.557 -243.054 3.07792
868.624 -243.08 3.078
868.669 -243.16 3.07722
868.736 -243.186 3.07728
868.801 -243.217 3.07725
868.775 -243.494 3.07339
868.843 -243.522 3.0734
869.005 -243.284 3.07751
869.072 -243.31 3.07752
869.152 -243.297 3.07812
869.219 -243.324 3.0781
869.285 -243.351 3.07807
869.351 -243.378 3.07803
869.408 -243.439 3.07747
869.377 -243.79 3.07253
869.447 -243.816 3.07248
867.849 -249.684 2.98443
867.972 -249.679 2.98503
868.094 -249.674 2.98562
868.215 -249.669 2.9862
868.336 -249.664 2.98676
868.456 -249.659 2.9873
868.513 -249.919 2.98388
868.53 -250.359 2.9778
868.549 -250.821 2.97138
868.569 -251.307 2.96461
868.59 -251.821 2.95746
868.612 -252.363 2.94988
868.635 -252.937 2.94185
871.524 -238.433 3.15566
871.558 -238.44 3.15566
863.396 -285.246 2.469
866.489 -290.87 2.39496
868.757 -287.172 2.45089
872.107 -290.753 2.40019
872.496 -281.966 2.52718
872.89 -288.921 2.42641
873.12 -278.592 2.57568
873.433 -278.547 2.57612
875.336 -284.363 2.49012
877.786 -287.491 2.44091
878.457 -286.695 2.45089
832.822 -278.335 2.12189
833.18 -278.56 2.12385
833.409 -278.932 2.12216
833.794 -279.124 2.12478
834.178 -279.315 2.12735
840.956 -271.755 2.31505
841.647 -271.453 2.32798
842.045 -271.5 2.33247
842.282 -271.747 2.33217
842.294 -272.284 2.32509
843.084 -271.818 2.34127
843.508 -271.816 2.34655
843.578 -272.281 2.34102
843.998 -272.278 2.34615
844.414 -272.276 2.35118
844.825 -272.274 2.35611
845.79 -271.479 2.37868
846.086 -271.62 2.38013
846.172 -272.066 2.37476
846.43 -272.264 2.37487
847.142 -271.779 2.38992
847.146 -272.359 2.38154
847.149 -272.951 2.37294
847.153 -273.556 2.3641
846.6 -283.174 2.21252
847.122 -283.012 2.21989
847.608 -282.91 2.22595
847.952 -283.083 2.22633
848.149 -283.558 2.22056
848.296 -284.15 2.21246
868.133 -243.308 3.03477
868.335 -243.03 3.0409
868.413 -243.03 3.04151
868.479 -243.057 3.04159
868.545 -243.084 3.04166
868.611 -243.111 3.04172
868.669 -243.159 3.04137
868.736 -243.185 3.04143
868.686 -243.521 3.03549
868.755 -243.548 3.03553
868.824 -243.575 3.03556
869.006 -243.283 3.04167
869.073 -243.309 3.04167
869.141 -243.33 3.04176
869.208 -243.357 3.04173
869.274 -243.384 3.04168
869.341 -243.412 3.0416
869.408 -243.438 3.04156
869.378 -243.788 3.03541
869.447 -243.815 3.03534
867.85 -249.681 2.92609
867.973 -249.676 2.92683
868.095 -249.671 2.92755
868.216 -249.666 2.92825
868.337 -249.661 2.92893
868.457 -249.656 2.92959
868.513 -249.92 2.92527
868.53 -250.359 2.91771
868.549 -250.821 2.90974
868.569 -251.308 2.90133
868.59 -251.821 2.89243
868.612 -252.364 2.88302
868.635 -252.938 2.87303
868.66 -253.546 2.86243
868.686 -254.193 2.85114
863.4 -285.224 2.28633
865.466 -276.984 2.4384
866.487 -290.884 2.19368
868.756 -287.186 2.26315
872.107 -290.747 2.20073
872.496 -281.965 2.35832
872.89 -288.929 2.23311
873.12 -278.591 2.41859
873.433 -278.547 2.41916
875.336 -284.362 2.31262
877.785 -287.476 2.2521
878.457 -286.696 2.2643
827.819 -271.138 1.92867
827.279 -272.135 1.906
830.389 -275.465 1.91567
830.728 -275.71 1.91789
831.455 -275.559 1.93229
832.126 -275.452 1.94505
833.72 -274.363 1.98742
834.01 -274.628 1.98827
834.287 -274.906 1.98866
834.542 -275.209 1.98824
834.697 -275.625 1.98443
834.969 -275.911 1.9844
835.29 -276.144 1.98591
835.556 -276.439 1.9855
835.811 -276.748 1.98465
836.102 -277.016 1.98494
837.002 -276.547 2.0061
841.628 -271.477 2.15691
842.038 -271.51 2.16255
842.22 -271.826 2.16016
838.216 -277.518 2.00866
843.086 -271.816 2.17306
843.51 -271.813 2.17924
837.594 -280.3 1.9539
838.062 -280.35 1.95972
838.628 -280.261 1.96919
839.324 -279.978 1.98365
845.78 -271.494 2.21656
846.077 -271.632 2.21827
841.01 -279.625 2.01271
845.834 -273.151 2.18889
846.12 -273.322 2.18971
843.422 -279.45 2.04737
844.224 -278.879 2.06764
844.432 -279.253 2.06357
844.647 -279.62 2.05969
844.962 -279.824 2.05987
844.816 -280.818 2.04016
846.741 -278.24 2.10991
847.148 -278.25 2.11453
847.429 -278.483 2.11354
847.678 -278.774 2.11104
846.175 -283.143 2.01318
846.709 -282.967 2.02237
849.807 -277.773 2.15333
847.613 -282.899 2.03342
847.957 -283.072 2.0338
848.277 -283.296 2.0329
848.425 -283.882 2.02326
848.575 -284.478 2.0134
868.133 -243.307 2.99772
868.335 -243.029 3.00503
868.402 -243.054 3.00515
868.469 -243.08 3.00526
868.536 -243.106 3.00536
868.603 -243.132 3.00545
868.67 -243.158 3.00552
868.737 -243.184 3.00558
868.686 -243.52 2.99848
868.755 -243.547 2.99852
868.824 -243.573 2.99855
868.893 -243.6 2.99856
869.073 -243.308 3.00583
869.14 -243.334 3.00581
869.207 -243.359 3.00579
869.274 -243.385 3.00575
869.341 -243.411 3.00571
869.309 -243.761 2.99837
869.378 -243.787 2.9983
869.447 -243.814 2.99821
867.851 -249.678 2.86777
867.973 -249.673 2.86865
868.095 -249.668 2.86949
868.217 -249.663 2.87032
868.338 -249.658 2.87112
868.458 -249.653 2.8719
868.513 -249.92 2.86666
868.53 -250.36 2.85762
868.549 -250.822 2.84809
868.569 -251.308 2.83804
868.59 -251.822 2.8274
868.612 -252.364 2.81615
868.635 -252.938 2.80421
871.528 -238.41 3.12184
871.561 -238.423 3.12171
871.593 -238.435 3.12157
871.626 -238.448 3.12142
871.658 -238.461 3.12127
866.486 -290.897 1.99228
868.755 -287.201 2.07526
872.107 -290.742 2.00128
872.496 -281.965 2.18944
872.89 -288.937 2.03972
873.12 -278.591 2.26147
873.433 -278.546 2.26218
875.336 -284.36 2.13511
877.783 -287.464 2.0633
878.457 -286.697 2.07768
845.231 -256.819 2.30607
845.286 -257.101 2.30293
845.343 -257.384 2.29977
845.403 -257.668 2.29658
845.464 -257.953 2.29337
845.527 -258.239 2.29014
845.592 -258.527 2.28688
845.659 -258.815 2.2836
845.729 -259.103 2.28029
845.8 -259.393 2.27695
845.873 -259.684 2.2736
845.948 -259.976 2.27021
846.026 -260.268 2.2668
846.105 -260.562 2.26337
846.187 -260.856 2.25991
837.294 -270.602 1.92356
837.29 -271.126 1.91441
837.51 -271.418 1.91342
837.198 -272.294 1.89222
837.223 -272.812 1.8835
837.547 -273.002 1.88602
837.915 -273.139 1.89024
838.321 -273.229 1.89588
839.256 -272.691 1.92238
839.558 -272.889 1.92407
839.889 -273.048 1.92693
840.112 -273.341 1.92535
841.98 -271.583 1.99045
842.101 -271.978 1.98507
840.507 -274.578 1.90876
841.826 -273.457 1.95228
839.317 -277.352 1.83577
839.624 -277.581 1.83636
840.038 -277.664 1.84152
840.199 -278.093 1.83571
840.59 -278.205 1.83977
845.715 -271.587 2.05187
846.026 -271.707 2.05435
843.9 -275.394 1.94757
845.786 -273.223 2.0202
846.075 -273.391 2.02121
843.174 -278.446 1.87478
843.648 -278.399 1.88279
844.109 -278.366 1.89024
844.52 -278.405 1.89539
844.916 -278.464 1.89986
845.368 -278.426 1.90707
845.85 -278.331 1.91584
846.503 -277.934 1.93323
846.938 -277.898 1.93996
847.361 -277.874 1.94618
847.757 -277.894 1.95104
848.309 -277.623 1.96415
848.69 -277.654 1.96844
848.965 -277.883 1.96701
849.761 -277.113 1.99382
850.23 -276.947 2.00331
850.717 -276.736 2.01393
851.12 -276.682 2.02002
851.518 -276.631 2.0259
851.913 -276.58 2.0317
852.305 -276.527 2.03744
852.74 -276.374 2.04584
853.395 -275.723 2.0678
868.134 -243.305 2.96068
868.203 -243.332 2.96083
868.403 -243.053 2.96929
868.47 -243.079 2.9694
868.537 -243.105 2.96951
868.603 -243.131 2.9696
868.67 -243.157 2.96968
868.627 -243.468 2.96209
868.696 -243.493 2.96217
868.766 -243.519 2.96224
868.835 -243.544 2.96229
868.904 -243.569 2.96233
869.068 -243.322 2.96958
869.135 -243.349 2.96952
869.201 -243.376 2.96946
869.268 -243.403 2.96937
869.335 -243.431 2.96928
869.321 -243.722 2.96227
869.39 -243.747 2.96222
869.458 -243.78 2.96194
867.852 -249.675 2.80947
867.974 -249.67 2.81047
868.096 -249.665 2.81145
868.218 -249.66 2.8124
868.338 -249.655 2.81332
868.459 -249.65 2.81422
868.512 -249.921 2.80803
868.53 -250.36 2.79751
868.549 -250.822 2.78643
868.573 -251.288 2.77527
868.595 -251.795 2.76304
868.613 -252.357 2.74945
868.635 -252.939 2.73537
871.529 -238.407 3.10484
871.561 -238.419 3.10469
871.594 -238.432 3.10453
871.626 -238.445 3.10436
871.659 -238.457 3.10418
865.186 -280.825 2.03589
865.485 -281.088 2.03056
865.786 -281.354 2.02508
866.088 -281.635 2.01918
866.484 -290.911 1.79075
868.754 -287.217 1.88722
872.107 -290.737 1.80184
872.496 -281.965 2.02053
872.89 -288.946 1.84623
873.12 -278.59 2.10435
873.433 -278.546 2.10519
875.336 -284.359 1.95758
877.782 -287.455 1.87449
878.457 -286.698 1.89103
848.578 -254.253 2.30468
848.64 -254.491 2.30191
848.703 -254.731 2.29912
848.769 -254.971 2.29631
848.836 -255.211 2.29349
848.905 -255.452 2.29064
848.975 -255.694 2.28778
849.047 -255.935 2.2849
849.121 -256.178 2.28199
849.197 -256.421 2.27907
849.275 -256.664 2.27614
849.355 -256.908 2.27318
849.436 -257.153 2.2702
849.519 -257.397 2.26721
849.604 -257.643 2.2642
849.692 -257.888 2.26116
849.78 -258.134 2.25811
849.871 -258.381 2.25504
849.964 -258.627 2.25196
850.059 -258.875 2.24885
850.156 -259.122 2.24572
850.254 -259.37 2.24258
850.355 -259.618 2.23942
850.458 -259.866 2.23624
850.562 -260.115 2.23304
850.669 -260.364 2.22982
850.778 -260.613 2.22659
850.889 -260.863 2.22333
851.002 -261.113 2.22006
851.117 -261.362 2.21677
843.911 -271.285 1.86356
844.236 -271.4 1.86705
844.546 -271.534 1.86976
844.728 -271.843 1.86616
845.037 -271.978 1.86867
845.59 -271.764 1.8834
846.072 -271.64 1.89474
846.368 -271.78 1.89672
846.592 -272.025 1.89493
845.956 -273.57 1.84829
846.356 -273.571 1.85504
846.776 -273.533 1.86296
847.057 -273.708 1.86351
847.437 -273.725 1.86934
847.673 -273.972 1.86729
847.432 -275.01 1.83867
847.712 -275.199 1.83859
846.718 -277.567 1.766
847.177 -277.482 1.77516
847.566 -277.512 1.78036
848.024 -277.415 1.78965
848.526 -277.227 1.80171
848.937 -277.198 1.80845
849.504 -276.866 1.82488
850.028 -276.599 1.839
850.546 -276.33 1.85301
851.016 -276.142 1.86425
851.414 -276.088 1.87107
851.853 -275.942 1.88069
852.305 -275.758 1.89136
852.726 -275.629 1.90016
853.206 -275.361 1.9132
853.618 -275.23 1.92179
868.154 -243.261 2.925
868.223 -243.287 2.92516
868.391 -243.081 2.93254
868.458 -243.108 2.93263
868.524 -243.135 2.93271
868.591 -243.162 2.93277
868.658 -243.189 2.93282
868.635 -243.447 2.9258
868.704 -243.473 2.92585
868.773 -243.5 2.92588
868.841 -243.526 2.9259
868.91 -243.553 2.9259
868.979 -243.579 2.92588
869.048 -243.606 2.92585
869.117 -243.633 2.9258
869.185 -243.659 2.92574
869.254 -243.686 2.92566
869.323 -243.712 2.92556
869.393 -243.739 2.92545
869.448 -243.812 2.92395
867.853 -249.672 2.75117
867.975 -249.667 2.75231
868.097 -249.662 2.75342
868.218 -249.657 2.75449
868.339 -249.652 2.75554
868.46 -249.648 2.75655
868.512 -249.921 2.74939
868.53 -250.361 2.73739
868.549 -250.823 2.72475
868.569 -251.309 2.7114
868.589 -251.823 2.69729
868.611 -252.365 2.68235
868.635 -252.94 2.66651
871.529 -238.406 3.08779
871.561 -238.418 3.08761
871.594 -238.431 3.08743
871.627 -238.444 3.08724
871.659 -238.456 3.08704
865.27 -280.283 1.88456
865.565 -280.541 1.87862
865.863 -280.8 1.87256
866.164 -281.061 1.86638
866.468 -281.323 1.86012
866.775 -281.589 1.85369
867.085 -281.857 1.84713
867.397 -282.127 1.84044
867.712 -282.41 1.83332
868.035 -282.634 1.82781
868.36 -282.879 1.82164
868.665 -283.421 1.80695
868.753 -287.233 1.69903
872.107 -290.732 1.6024
872.496 -281.964 1.8516
872.89 -288.955 1.65264
873.12 -278.59 1.94719
873.433 -278.545 1.94817
875.336 -284.357 1.78003
877.782 -287.448 1.68563
878.457 -286.699 1.70434
851.222 -252.226 2.30359
851.286 -252.432 2.30111
851.353 -252.638 2.29861
851.42 -252.845 2.2961
851.49 -253.052 2.29358
851.561 -253.26 2.29104
851.633 -253.467 2.28849
851.707 -253.675 2.28592
851.783 -253.883 2.28334
851.86 -254.091 2.28074
851.939 -254.3 2.27813
852.019 -254.508 2.2755
852.101 -254.717 2.27286
852.185 -254.926 2.27021
852.27 -255.135 2.26754
852.358 -255.345 2.26485
852.446 -255.554 2.26216
852.537 -255.764 2.25944
852.629 -255.973 2.25672
852.722 -256.183 2.25398
852.818 -256.393 2.25122
852.915 -256.603 2.24846
853.014 -256.812 2.24568
853.115 -257.022 2.24288
853.217 -257.232 2.24007
853.321 -257.442 2.23725
853.427 -257.652 2.23441
853.535 -257.862 2.23156
853.624 -258.099 2.22759
853.58 -258.514 2.2164
853.535 -258.939 2.20489
853.49 -259.373 2.19305
853.443 -259.818 2.18088
853.395 -260.275 2.16835
853.426 -260.628 2.15995
853.526 -260.889 2.15524
853.578 -261.223 2.14763
853.554 -261.678 2.13539
853.512 -262.167 2.12185
849.739 -268.386 1.88784
849.321 -269.573 1.84883
848.85 -270.875 1.8057
848.774 -271.58 1.78557
849.017 -271.781 1.78457
849.155 -272.158 1.77691
849.215 -272.672 1.76411
849.613 -272.62 1.77245
850.147 -272.325 1.78964
850.577 -272.199 1.80042
850.992 -272.09 1.81038
851.222 -272.31 1.80812
851.781 -271.923 1.82795
852.104 -271.962 1.8321
852.383 -272.083 1.83316
852.565 -272.392 1.82736
852.116 -273.96 1.77627
852.377 -274.144 1.77506
852.74 -274.118 1.78126
853.079 -274.139 1.78569
853.46 -274.064 1.7934
854.513 -272.524 1.8527
854.815 -272.582 1.85533
868.154 -243.26 2.88813
868.223 -243.286 2.8883
868.292 -243.313 2.88846
868.361 -243.339 2.88859
868.43 -243.366 2.88871
868.498 -243.392 2.88882
868.567 -243.419 2.8889
868.636 -243.446 2.88897
868.704 -243.472 2.88901
868.773 -243.499 2.88904
868.842 -243.525 2.88906
868.911 -243.552 2.88905
868.979 -243.578 2.88903
869.048 -243.605 2.88899
869.117 -243.631 2.88893
869.186 -243.658 2.88885
869.255 -243.685 2.88875
869.324 -243.711 2.88864
869.393 -243.738 2.88851
867.731 -249.674 2.69159
867.854 -249.669 2.69289
867.976 -249.664 2.69416
868.098 -249.659 2.69539
868.219 -249.654 2.69659
868.34 -249.649 2.69776
868.46 -249.645 2.69889
868.512 -249.922 2.69073
868.53 -250.361 2.67725
868.549 -250.823 2.66305
868.569 -251.31 2.64805
868.589 -251.824 2.6322
868.611 -252.366 2.61543
868.635 -252.94 2.59764
871.529 -238.405 3.07074
871.562 -238.418 3.07054
871.594 -238.43 3.07033
871.627 -238.443 3.07012
871.659 -238.456 3.06989
865.351 -279.756 1.73658
865.644 -280.006 1.73011
865.939 -280.26 1.72345
866.237 -280.516 1.71666
866.537 -280.774 1.70975
866.841 -281.032 1.70274
867.146 -281.303 1.69527
867.454 -281.587 1.68732
867.765 -281.863 1.67954
868.088 -282.049 1.67456
868.413 -282.236 1.66947
868.738 -282.462 1.66309
869.064 -282.702 1.65617
869.391 -282.975 1.64809
869.717 -283.343 1.63693
870.043 -283.81 1.6225
870.374 -284.301 1.60725
872.107 -290.727 1.40296
872.496 -281.964 1.68264
872.89 -288.964 1.45895
873.12 -278.589 1.79002
873.433 -278.545 1.79112
875.336 -284.356 1.60245
877.781 -287.445 1.49667
878.457 -286.7 1.5176
853.363 -250.584 2.30271
853.428 -250.765 2.30046
853.495 -250.946 2.2982
853.564 -251.127 2.29594
853.633 -251.309 2.29366
853.705 -251.49 2.29136
853.777 -251.672 2.28906
853.851 -251.853 2.28674
853.926 -252.035 2.28442
854.003 -252.216 2.28208
854.081 -252.398 2.27973
854.161 -252.579 2.27737
854.178 -252.829 2.27165
854.146 -253.134 2.2632
854.113 -253.444 2.25454
854.08 -253.761 2.24567
854.046 -254.084 2.23658
854.011 -254.412 2.22726
853.976 -254.748 2.2177
853.94 -255.09 2.2079
853.903 -255.439 2.19784
853.881 -255.777 2.1884
853.924 -256.042 2.18242
853.97 -256.308 2.17639
854.046 -256.54 2.17196
854.143 -256.747 2.16864
854.248 -256.947 2.16567
854.341 -257.165 2.16186
854.459 -257.353 2.15937
854.584 -257.534 2.15721
854.899 -257.457 2.16645
855.056 -257.593 2.16615
855.195 -257.754 2.16467
855.333 -257.918 2.16305
855.215 -258.452 2.14527
855.33 -258.658 2.14183
855.426 -258.895 2.13703
855.463 -259.224 2.12827
855.435 -259.66 2.11503
855.422 -260.081 2.10244
855.493 -260.38 2.09507
855.673 -260.51 2.09488
855.859 -260.629 2.09505
855.979 -260.859 2.09055
855.771 -261.643 2.06301
855.641 -262.316 2.04026
855.192 -263.563 1.99404
854.924 -264.525 1.95981
854.949 -264.989 1.94612
855.22 -265.017 1.95021
855.49 -265.044 1.95426
855.373 -265.796 1.92894
855.034 -266.998 1.88572
855.148 -267.351 1.8767
855.302 -267.633 1.8705
855.558 -267.715 1.87225
855.926 -267.567 1.88302
856.161 -267.685 1.88312
856.377 -267.846 1.88151
856.61 -267.972 1.88116
856.922 -267.922 1.88765
868.135 -243.302 2.84954
868.224 -243.285 2.85144
868.293 -243.312 2.8516
868.361 -243.338 2.85175
868.43 -243.365 2.85187
868.499 -243.391 2.85198
868.567 -243.418 2.85207
868.636 -243.444 2.85213
868.705 -243.471 2.85218
868.774 -243.498 2.85221
868.842 -243.524 2.85222
868.911 -243.551 2.8522
868.98 -243.577 2.85217
869.049 -243.604 2.85212
869.117 -243.63 2.85205
869.186 -243.657 2.85196
869.255 -243.684 2.85185
869.324 -243.71 2.85172
869.379 -243.783 2.84986
867.718 -249.717 2.63146
867.842 -249.711 2.63296
867.965 -249.704 2.63442
868.087 -249.698 2.63584
868.222 -249.644 2.63896
868.343 -249.637 2.64035
868.457 -249.656 2.64072
868.508 -249.938 2.63147
868.509 -250.451 2.61386
868.534 -250.889 2.59896
868.56 -251.35 2.58328
868.587 -251.834 2.56676
868.611 -252.367 2.54848
868.634 -252.941 2.52874
871.529 -238.404 3.0537
871.562 -238.417 3.05347
871.594 -238.429 3.05324
871.627 -238.442 3.053
871.659 -238.455 3.05275
865.43 -279.239 1.59193
865.72 -279.486 1.58485
866.012 -279.733 1.57767
866.307 -279.985 1.57027
866.603 -280.245 1.5625
866.902 -280.515 1.55427
867.203 -280.792 1.54574
867.508 -281.065 1.53729
867.82 -281.299 1.53014
868.139 -281.481 1.52476
868.461 -281.663 1.51931
868.784 -281.852 1.51352
869.108 -282.065 1.50677
869.433 -282.296 1.49932
869.761 -282.534 1.49153
870.092 -282.776 1.48349
870.425 -283.049 1.47429
870.759 -283.391 1.46254
871.095 -283.821 1.44761
871.437 -284.31 1.43051
871.784 -284.804 1.41311
872.139 -285.306 1.39534
872.496 -281.963 1.51365
872.89 -288.986 1.26467
873.12 -278.588 1.6328
873.433 -278.544 1.63404
874.995 -292.934 1.12209
875.336 -284.355 1.42483
877.781 -287.446 1.30756
878.457 -286.701 1.33082
854.572 -249.733 2.27206
854.638 -249.9 2.26983
854.678 -250.093 2.26614
854.699 -250.306 2.26135
854.73 -250.512 2.25695
854.769 -250.711 2.25293
854.816 -250.906 2.24922
854.874 -251.092 2.24598
854.934 -251.277 2.24281
855.012 -251.445 2.24054
855.095 -251.61 2.23845
855.166 -251.789 2.23561
855.299 -251.902 2.2363
855.413 -252.037 2.23577
855.525 -252.175 2.23507
855.62 -252.331 2.23333
855.726 -252.476 2.23215
855.841 -252.612 2.23141
855.914 -252.798 2.22806
855.952 -253.026 2.22252
856.048 -253.189 2.22033
856.14 -253.357 2.21783
856.218 -253.544 2.21439
856.288 -253.743 2.21032
856.339 -253.97 2.20488
856.344 -254.259 2.19634
856.326 -254.581 2.18618
856.403 -254.786 2.18188
856.482 -254.99 2.17764
856.557 -255.203 2.17293
856.628 -255.423 2.16789
856.686 -255.665 2.16177
856.746 -255.909 2.15559
856.817 -256.142 2.14996
856.918 -256.332 2.14633
857.011 -256.539 2.14194
857.108 -256.741 2.13771
857.189 -256.972 2.13218
857.264 -257.216 2.12597
857.34 -257.462 2.11973
857.455 -257.65 2.11614
857.587 -257.813 2.11367
857.638 -258.112 2.10497
857.704 -258.392 2.09715
857.794 -258.638 2.09087
857.897 -258.863 2.08552
858.012 -259.073 2.08086
858.106 -259.325 2.07429
858.223 -259.539 2.06941
858.348 -259.741 2.06506
858.475 -259.945 2.06062
858.604 -260.148 2.05614
858.711 -260.396 2.04967
858.765 -260.758 2.03824
858.799 -261.168 2.02471
858.903 -261.444 2.01705
859.01 -261.722 2.00931
859.121 -261.996 2.00168
859.214 -262.318 1.99202
859.311 -262.639 1.98242
867.945 -243.732 2.79408
868.224 -243.284 2.81457
868.293 -243.311 2.81475
868.362 -243.337 2.8149
868.431 -243.364 2.81503
868.499 -243.39 2.81514
868.568 -243.417 2.81523
868.637 -243.443 2.8153
868.705 -243.47 2.81535
868.774 -243.496 2.81537
868.843 -243.523 2.81537
868.911 -243.55 2.81536
868.98 -243.576 2.81532
869.049 -243.603 2.81526
869.118 -243.629 2.81517
869.187 -243.656 2.81507
869.256 -243.683 2.81494
869.325 -243.709 2.81479
869.249 -244.215 2.79512
867.518 -250.402 2.54499
867.708 -250.179 2.55543
867.892 -249.967 2.56537
868.069 -249.766 2.57483
868.214 -249.674 2.57978
871.071 -238.958 3.0116
871.186 -238.657 3.02406
871.288 -238.389 3.03515
871.34 -238.315 3.03841
871.372 -238.328 3.03823
871.404 -238.34 3.03804
871.436 -238.353 3.03783
871.468 -238.365 3.03762
871.5 -238.378 3.0374
871.532 -238.39 3.03716
871.564 -238.403 3.03692
871.597 -238.415 3.03667
871.629 -238.428 3.0364
871.662 -238.441 3.03613
871.694 -238.453 3.03584
871.727 -238.466 3.03555
871.76 -238.479 3.03524
871.793 -238.492 3.03493
871.826 -238.504 3.0346
866.96 -280.021 1.40852
867.259 -280.291 1.39939
867.562 -280.546 1.39078
867.873 -280.748 1.38416
868.189 -280.926 1.3784
868.507 -281.104 1.37254
868.827 -281.284 1.3665
869.149 -281.471 1.36014
869.472 -281.675 1.35297
869.796 -281.901 1.34487
870.123 -282.13 1.33658
870.453 -282.366 1.32792
870.786 -282.607 1.31895
871.122 -282.85 1.3098
871.46 -283.105 1.3001
871.802 -283.454 1.28663
872.147 -283.846 1.27142
872.496 -281.963 1.34461
872.856 -284.803 1.23392
873.12 -278.588 1.47556
873.433 -278.544 1.47692
873.974 -286.33 1.17322
874.361 -286.861 1.15194
875.336 -284.354 1.24718
877.782 -287.451 1.1182
878.457 -286.702 1.14398
855.558 -249.059 2.23921
855.668 -249.174 2.23966
855.79 -249.279 2.24073
855.693 -249.592 2.22869
855.776 -249.736 2.22729
855.878 -249.863 2.22695
855.975 -249.996 2.22619
856.066 -250.134 2.22505
856.158 -250.273 2.22386
856.23 -250.433 2.22138
856.305 -250.59 2.21903
856.37 -250.76 2.21593
856.43 -250.937 2.21242
856.485 -251.121 2.20846
856.622 -251.216 2.20969
856.777 -251.29 2.212
856.895 -251.405 2.21195
857.005 -251.531 2.21123
857.107 -251.665 2.20999
857.192 -251.821 2.2075
857.276 -251.981 2.20481
857.353 -252.149 2.20162
857.446 -252.3 2.19931
857.529 -252.465 2.19628
857.571 -252.684 2.19027
857.715 -252.773 2.19131
857.826 -252.907 2.18989
857.919 -253.064 2.18717
857.989 -253.255 2.18264
858.021 -253.502 2.17518
858.081 -253.712 2.16965
858.162 -253.897 2.16541
858.253 -254.07 2.16185
858.347 -254.241 2.15836
858.444 -254.409 2.15498
858.557 -254.555 2.15271
858.708 -254.644 2.15332
858.875 -254.709 2.15509
859.037 -254.781 2.15646
859.027 -255.128 2.14391
859.024 -255.471 2.13164
859.102 -255.689 2.12564
859.18 -255.91 2.11947
859.258 -256.134 2.11317
859.338 -256.362 2.10669
859.419 -256.591 2.10015
859.496 -256.83 2.09309
859.578 -257.067 2.08613
859.663 -257.303 2.07926
859.745 -257.55 2.07184
859.835 -257.786 2.06494
859.923 -258.032 2.05756
860.011 -258.283 2.04992
860.104 -258.531 2.04245
860.201 -258.774 2.03517
860.296 -259.03 2.02728
860.397 -259.277 2.01983
860.498 -259.53 2.01207
860.599 -259.791 2.00393
867.981 -243.651 2.75913
868.054 -243.676 2.75946
868.294 -243.31 2.77788
868.362 -243.336 2.77804
868.431 -243.363 2.77818
868.5 -243.389 2.77829
868.568 -243.416 2.77839
868.637 -243.442 2.77845
868.706 -243.469 2.7785
868.774 -243.495 2.77852
868.843 -243.522 2.77852
868.912 -243.549 2.7785
868.981 -243.575 2.77845
869.049 -243.602 2.77838
869.118 -243.628 2.77828
869.187 -243.655 2.77816
869.256 -243.681 2.77802
869.202 -244.106 2.76019
866.342 -253.889 2.32756
866.48 -253.942 2.32719
863.477 -265.002 1.84091
863.622 -265.331 1.82925
863.774 -265.651 1.81798
870.99 -239.114 2.98495
871.113 -238.796 2.99937
871.222 -238.513 3.01216
871.313 -238.286 3.02244
871.344 -238.298 3.02225
871.376 -238.31 3.02206
871.408 -238.323 3.02185
871.44 -238.335 3.02162
871.471 -238.348 3.02139
871.503 -238.36 3.02115
871.535 -238.372 3.0209
871.568 -238.385 3.02063
871.6 -238.397 3.02036
871.632 -238.41 3.02007
871.665 -238.423 3.01978
871.697 -238.435 3.01947
871.73 -238.448 3.01915
871.763 -238.46 3.01882
871.795 -238.473 3.01847
871.828 -238.486 3.01812
871.861 -238.498 3.01775
867.313 -279.802 1.25596
867.615 -280.029 1.24776
867.925 -280.21 1.24143
868.238 -280.384 1.23531
868.552 -280.558 1.22906
868.869 -280.735 1.22264
869.187 -280.912 1.21608
869.508 -281.09 1.20937
869.829 -281.293 1.20153
870.153 -281.513 1.19287
870.479 -281.736 1.18393
870.807 -281.961 1.17485
871.139 -282.197 1.16519
871.474 -282.436 1.15529
871.811 -282.675 1.1453
872.153 -282.918 1.13505
872.496 -281.963 1.17548
872.846 -283.515 1.10946
873.12 -278.587 1.31823
873.433 -278.543 1.31972
873.929 -284.792 1.054
874.304 -285.289 1.03227
874.687 -285.795 1.01002
875.078 -286.311 0.987176
875.335 -284.353 1.06943
875.885 -287.374 0.939837
876.298 -287.888 0.916674
876.713 -288.316 0.897047
877.127 -288.664 0.88067
877.546 -289.012 0.864131
877.783 -287.464 0.928385
878.403 -289.72 0.830177
878.457 -286.703 0.957027
878.416 -283.239 1.10312
879.734 -290.821 0.776334
880.191 -291.195 0.757783
880.655 -291.576 0.738747
881.125 -291.961 0.71938
881.603 -292.353 0.699507
882.088 -292.748 0.679334
857.239 -247.716 2.25958
857.252 -247.903 2.25434
857.294 -248.064 2.25086
857.368 -248.196 2.24939
857.443 -248.327 2.24787
857.507 -248.471 2.24557
857.541 -248.645 2.24125
857.488 -248.911 2.23097
857.515 -249.098 2.22587
857.606 -249.221 2.22491
857.578 -249.47 2.21586
857.609 -249.66 2.21068
857.7 -249.787 2.20946
857.804 -249.9 2.20906
857.917 -250.002 2.20928
858.032 -250.103 2.20956
858.136 -250.217 2.20898
858.231 -250.342 2.20771
858.323 -250.47 2.20616
858.395 -250.625 2.20302
858.464 -250.784 2.19962
858.533 -250.945 2.19608
858.602 -251.107 2.19242
858.679 -251.262 2.18923
858.759 -251.415 2.18615
858.874 -251.522 2.18566
858.977 -251.647 2.18414
859.055 -251.806 2.1806
859.1 -252.012 2.17437
859.147 -252.22 2.16807
859.192 -252.433 2.16147
859.269 -252.605 2.15722
859.347 -252.777 2.15293
859.43 -252.943 2.14899
859.508 -253.12 2.14441
859.588 -253.296 2.13985
859.67 -253.472 2.13533
859.753 -253.65 2.13067
859.837 -253.828 2.12598
859.925 -254.002 2.12147
860.016 -254.175 2.11707
860.125 -254.32 2.1141
860.245 -254.448 2.11207
860.367 -254.574 2.11005
860.485 -254.709 2.10753
860.592 -254.863 2.10396
860.698 -255.025 2.09998
860.8 -255.195 2.09553
860.897 -255.376 2.09047
860.994 -255.564 2.08509
861.09 -255.754 2.07953
861.181 -255.961 2.07308
861.272 -256.17 2.06656
861.366 -256.379 2.05998
861.461 -256.589 2.05334
861.559 -256.8 2.04664
861.658 -257.013 2.03987
861.759 -257.226 2.03305
868.05 -243.496 2.72849
868.121 -243.521 2.72883
868.294 -243.309 2.74102
868.363 -243.335 2.74119
868.431 -243.362 2.74133
868.5 -243.388 2.74145
868.569 -243.415 2.74155
868.638 -243.441 2.74161
868.706 -243.468 2.74166
868.775 -243.494 2.74168
868.844 -243.521 2.74167
868.912 -243.547 2.74164
868.981 -243.574 2.74159
869.05 -243.601 2.74151
869.119 -243.627 2.7414
869.187 -243.654 2.74127
869.256 -243.68 2.74111
869.26 -243.919 2.73074
869.331 -243.945 2.73058
866.503 -253.865 2.25673
863.736 -264.094 1.77011
863.913 -264.284 1.76399
870.904 -239.281 2.95659
871.036 -238.943 2.97318
871.152 -238.643 2.98786
871.255 -238.376 3.00092
871.317 -238.268 3.00642
871.348 -238.281 3.00622
871.38 -238.293 3.006
871.411 -238.305 3.00577
871.443 -238.318 3.00554
871.475 -238.33 3.00529
871.507 -238.342 3.00503
871.539 -238.355 3.00475
871.571 -238.367 3.00447
871.603 -238.38 3.00417
871.635 -238.392 3.00387
871.668 -238.404 3.00355
871.7 -238.417 3.00321
871.733 -238.43 3.00287
871.765 -238.442 3.00251
871.798 -238.455 3.00215
871.831 -238.467 3.00177
871.864 -238.48 3.00137
871.897 -238.493 3.00097
868.907 -267.601 1.65799
867.976 -279.683 1.10193
868.285 -279.853 1.09547
868.596 -280.025 1.08884
868.909 -280.197 1.08205
869.224 -280.371 1.07512
869.542 -280.543 1.06812
869.861 -280.718 1.06093
870.181 -280.915 1.05259
870.503 -281.13 1.04328
870.828 -281.35 1.0337
871.156 -281.54 1.02536
871.487 -281.754 1.01579
871.82 -281.984 1.00538
872.156 -282.25 0.993226
872.496 -282.498 0.981775
872.84 -282.742 0.970365
873.12 -278.587 1.1609
873.433 -278.543 1.16252
873.893 -283.565 0.931265
874.256 -283.945 0.913134
874.624 -284.33 0.894629
875.001 -284.774 0.873318
875.338 -284.402 0.889368
875.78 -285.748 0.826232
876.179 -286.215 0.803392
876.586 -286.691 0.779986
876.999 -287.163 0.756602
877.413 -287.569 0.736146
877.831 -287.954 0.716447
877.762 -283.696 0.91123
878.457 -286.704 0.770071
879.112 -289.021 0.660524
879.549 -289.371 0.64178
879.993 -289.726 0.622676
880.443 -290.085 0.603197
880.9 -290.448 0.583336
881.363 -290.816 0.563088
881.833 -291.188 0.542479
882.31 -291.563 0.521498
882.795 -291.944 0.500069
883.287 -292.33 0.478202
877.953 -257.744 2.08613
858.073 -247.13 2.23786
858.159 -247.239 2.23749
858.202 -247.389 2.2341
858.251 -247.534 2.23108
858.302 -247.679 2.22802
858.364 -247.814 2.22571
858.427 -247.95 2.22333
858.494 -248.082 2.22115
858.57 -248.206 2.21959
858.646 -248.33 2.2179
858.716 -248.462 2.21573
858.786 -248.594 2.21348
858.856 -248.728 2.21112
858.933 -248.856 2.20912
859.021 -248.971 2.20798
859.12 -249.074 2.20757
859.227 -249.168 2.20773
859.403 -249.181 2.21314
859.534 -249.244 2.21512
859.625 -249.357 2.21389
859.639 -249.566 2.20646
859.678 -249.747 2.20083
859.718 -249.929 2.19515
859.822 -250.031 2.19454
859.914 -250.149 2.19283
859.954 -250.337 2.18677
859.937 -250.606 2.17574
859.988 -250.787 2.17017
860.072 -250.924 2.16728
860.178 -251.032 2.16618
860.283 -251.141 2.16493
860.392 -251.247 2.16389
860.492 -251.364 2.16207
860.528 -251.58 2.15434
860.532 -251.851 2.1434
860.604 -252.02 2.13849
860.682 -252.182 2.13401
860.764 -252.34 2.1297
860.849 -252.497 2.12551
860.935 -252.653 2.12128
861.025 -252.806 2.11728
861.116 -252.959 2.11319
861.207 -253.114 2.10901
861.299 -253.271 2.10469
861.392 -253.428 2.10037
861.488 -253.582 2.09615
861.596 -253.718 2.09296
861.702 -253.858 2.08953
861.773 -254.068 2.08208
861.849 -254.274 2.07493
861.944 -254.445 2.0697
862.045 -254.608 2.06487
862.15 -254.767 2.06023
862.256 -254.927 2.05554
862.363 -255.086 2.05082
862.471 -255.246 2.04606
862.582 -255.407 2.04125
868.085 -243.417 2.69491
868.155 -243.443 2.69518
868.216 -243.491 2.69427
868.363 -243.334 2.70433
868.432 -243.361 2.70448
868.501 -243.387 2.7046
868.569 -243.414 2.7047
868.638 -243.44 2.70477
868.707 -243.467 2.70482
868.775 -243.493 2.70483
868.844 -243.52 2.70482
868.913 -243.546 2.70479
868.981 -243.573 2.70472
869.05 -243.599 2.70463
869.119 -243.626 2.70451
869.188 -243.653 2.70437
869.187 -243.9 2.69273
869.269 -243.889 2.69454
869.34 -243.915 2.69437
864.862 -259.464 1.89439
864.955 -259.824 1.87866
865.071 -260.117 1.8664
870.954 -239.099 2.94536
871.078 -238.781 2.96213
871.189 -238.499 2.977
871.288 -238.247 2.99029
871.321 -238.251 2.99051
871.352 -238.263 2.99029
871.384 -238.276 2.99006
871.415 -238.288 2.98982
871.447 -238.3 2.98956
871.479 -238.312 2.98929
871.51 -238.325 2.98902
871.542 -238.337 2.98872
871.574 -238.349 2.98842
871.606 -238.362 2.9881
871.638 -238.374 2.98777
871.67 -238.387 2.98743
871.703 -238.399 2.98708
871.735 -238.411 2.98671
871.768 -238.424 2.98633
871.8 -238.436 2.98594
871.833 -238.449 2.98553
871.866 -238.462 2.98511
871.899 -238.474 2.98468
868.967 -267.017 1.56737
869.192 -267.127 1.56307
869.416 -267.261 1.55749
869.629 -267.549 1.54422
869.853 -267.745 1.53543
870.083 -267.884 1.52936
870.311 -268.074 1.52072
870.522 -268.644 1.49316
870.208 -280.358 0.914389
870.527 -280.54 0.90606
870.849 -280.729 0.897223
871.173 -280.91 0.888693
871.5 -281.101 0.879583
872.104 -259.783 1.93314
872.289 -259.386 1.95277
872.469 -259.26 1.95899
872.647 -259.116 1.96597
872.826 -259.208 1.96124
873.008 -259.342 1.95438
873.193 -259.514 1.94561
873.389 -259.938 1.92424
873.623 -261.078 1.86742
874.943 -283.613 0.751516
875.315 -283.989 0.73181
875.691 -284.353 0.712507
876.074 -284.743 0.691839
876.465 -285.143 0.670484
876.861 -285.549 0.648674
877.268 -285.999 0.624476
877.683 -286.455 0.599865
878.096 -286.835 0.578831
878.084 -283.416 0.746761
878.939 -287.586 0.536751
879.37 -287.968 0.515066
879.805 -288.332 0.494132
880.243 -288.673 0.474199
880.686 -289.013 0.454096
881.135 -289.356 0.433671
881.592 -289.71 0.412454
882.052 -290.046 0.391979
882.517 -290.379 0.371459
882.989 -290.721 0.350301
883.467 -291.057 0.329184
883.952 -291.402 0.30747
884.443 -291.745 0.285559
884.942 -292.096 0.263087
877.952 -257.742 1.9996
878.119 -257.697 1.99971
858.957 -246.477 2.22753
859.003 -246.613 2.22448
859.035 -246.764 2.22031
859.073 -246.912 2.21642
859.107 -247.064 2.21221
859.131 -247.229 2.20709
859.179 -247.371 2.20368
859.228 -247.513 2.20019
859.291 -247.641 2.19779
859.357 -247.768 2.19544
859.415 -247.905 2.19238
859.47 -248.045 2.18908
859.559 -248.149 2.18828
859.688 -248.207 2.19077
859.821 -248.26 2.19352
859.92 -248.352 2.19344
860.007 -248.459 2.19232
860.085 -248.576 2.19037
860.163 -248.695 2.18835
860.249 -248.805 2.18685
860.336 -248.914 2.18543
860.423 -249.024 2.1839
860.512 -249.132 2.18246
860.6 -249.242 2.18085
860.69 -249.351 2.17931
860.781 -249.459 2.17777
860.865 -249.576 2.17558
860.931 -249.722 2.17152
860.983 -249.888 2.16612
861.064 -250.015 2.16326
861.173 -250.103 2.16285
861.282 -250.191 2.16242
861.382 -250.292 2.16109
861.472 -250.41 2.15868
861.563 -250.528 2.15623
861.642 -250.666 2.15249
861.714 -250.817 2.14794
861.785 -250.97 2.14316
861.849 -251.14 2.13742
861.93 -251.283 2.13326
862.018 -251.417 2.12969
862.111 -251.545 2.12645
862.204 -251.674 2.12311
862.301 -251.798 2.12011
862.407 -251.908 2.11787
862.513 -252.017 2.11562
862.604 -252.157 2.11149
862.674 -252.34 2.10481
862.76 -252.496 2.09969
862.849 -252.648 2.09484
862.781 -253.122 2.07084
862.877 -253.271 2.06614
862.96 -253.453 2.05949
863.045 -253.632 2.05302
863.145 -253.785 2.04801
863.248 -253.932 2.04335
868.095 -243.394 2.65867
868.165 -243.42 2.65896
868.226 -243.469 2.65794
868.364 -243.333 2.66747
868.432 -243.36 2.66762
868.501 -243.386 2.66775
868.57 -243.413 2.66785
868.638 -243.439 2.66793
868.707 -243.466 2.66797
868.776 -243.492 2.66798
868.844 -243.519 2.66797
868.913 -243.545 2.66792
868.982 -243.572 2.66785
869.051 -243.598 2.66775
869.119 -243.625 2.66762
869.188 -243.652 2.66746
869.195 -243.874 2.65643
869.279 -243.859 2.65854
869.349 -243.885 2.65835
865.644 -256.797 1.94725
865.798 -256.872 1.94577
870.866 -239.264 2.91574
871 -238.927 2.93484
871.118 -238.629 2.95172
871.223 -238.363 2.96675
871.294 -238.222 2.97493
871.325 -238.234 2.97471
871.356 -238.246 2.97448
871.388 -238.258 2.97423
871.419 -238.271 2.97397
871.451 -238.283 2.9737
871.482 -238.295 2.97341
871.514 -238.307 2.97312
871.546 -238.32 2.97281
871.577 -238.332 2.97248
871.609 -238.344 2.97215
871.641 -238.356 2.9718
871.673 -238.369 2.97143
871.705 -238.381 2.97105
871.738 -238.394 2.97066
871.77 -238.406 2.97026
871.803 -238.418 2.96984
871.835 -238.431 2.96941
871.868 -238.443 2.96896
871.901 -238.456 2.9685
871.934 -238.468 2.96803
869.686 -262.028 1.71621
869.872 -262.19 1.70854
870.053 -262.431 1.69665
870.229 -262.773 1.67937
870.416 -263.035 1.66622
870.584 -263.651 1.63423
870.758 -264.331 1.59883
871.215 -259.255 1.8682
871.427 -258.448 1.91132
871.603 -258.382 1.91512
871.779 -258.276 1.92097
871.976 -257.024 1.98736
872.141 -256.909 1.99357
872.304 -256.855 1.99643
872.466 -256.959 1.99092
872.631 -257.115 1.98257
872.796 -257.193 1.97826
872.964 -257.326 1.97099
873.176 -258.939 1.88532
873.365 -259.27 1.86742
873.561 -259.65 1.84681
873.782 -260.434 1.80474
875.261 -283.058 0.604504
875.626 -283.343 0.588148
875.996 -283.635 0.571199
875.768 -276.223 0.96324
876.055 -276.081 0.969337
876.33 -275.82 0.981654
876.637 -275.916 0.974876
877.964 -285.6 0.457262
878.372 -285.952 0.436163
878.375 -282.906 0.59612
879.181 -286.486 0.402411
879.606 -286.849 0.380173
880.031 -287.179 0.359499
880.449 -287.418 0.343465
880.871 -287.66 0.32711
881.303 -287.939 0.308628
881.743 -288.23 0.289232
880.838 -280.92 0.678987
881.092 -280.452 0.700712
881.454 -280.572 0.690598
881.94 -281.304 0.647234
876.861 -255.024 2.0666
876.961 -254.759 2.07917
883.24 -282.463 0.57192
877.951 -257.74 1.91305
878.118 -257.695 1.91319
884.871 -284.74 0.4336
 ] }
 color Color { color [
0.48209 0 0.51791
0.479456 0 0.520544
0.476875 0 0.523125
0.474343 0 0.525657
0.471862 0 0.528138
0.469429 0 0.530571
0.467043 0 0.532957
0.464704 0 0.535296
0.462411 0 0.537589
0.460163 0 0.539837
0.457958 0 0.542042
0.455797 0 0.544203
0.453678 0 0.546322
0.456022 0 0.543978
0.460979 0 0.539021
0.466068 0 0.533932
0.471293 0 0.528707
0.10688 0 0.89312
0.105064 0 0.894936
0.10256 0 0.89744
0.102531 0 0.897469
0.102507 0 0.897493
0.102489 0 0.897511
0.102475 0 0.897525
0.102466 0 0.897534
0.102462 0 0.897538
0.104823 0 0.895177
0.104816 0 0.895184
0.104815 0 0.895185
0.102442 0 0.897558
0.102463 0 0.897537
0.10249 0 0.89751
0.102521 0 0.897479
0.102558 0 0.897442
0.1026 0 0.8974
0.102646 0 0.897354
0.105026 0 0.894974
0.105123 0 0.894877
0.167177 0 0.832823
0.166795 0 0.833205
0.166423 0 0.833577
0.16606 0 0.83394
0.165708 0 0.834292
0.165364 0 0.834636
0.167393 0 0.832607
0.171627 0 0.828373
0.176087 0 0.823913
0.180794 0 0.819206
0.185768 0 0.814232
0.191034 0 0.808966
0.196616 0 0.803384
0.202543 0 0.797457
0.481686 0 0.518314
0.43849 0 0.56151
0.490987 0 0.509013
0.574104 0 0.425896
0.571781 0 0.428219
0.483341 0 0.516659
0.552231 0 0.447769
0.449668 0 0.550332
0.449291 0 0.550709
0.590143 0 0.409857
0.508341 0 0.491659
0.491917 0 0.508083
0.489113 0 0.510887
0.486363 0 0.513637
0.482021 0 0.517979
0.479388 0 0.520612
0.476807 0 0.523193
0.474276 0 0.525724
0.471795 0 0.528205
0.469363 0 0.530637
0.466977 0 0.533023
0.464639 0 0.535361
0.462347 0 0.537653
0.460098 0 0.539902
0.457895 0 0.542105
0.455734 0 0.544266
0.453615 0 0.546385
0.455986 0 0.544014
0.460943 0 0.539057
0.466032 0 0.533968
0.471257 0 0.528743
0.104912 0 0.895088
0.104842 0 0.895158
0.102541 0 0.897459
0.102512 0 0.897488
0.102488 0 0.897512
0.10247 0 0.89753
0.102456 0 0.897544
0.102447 0 0.897553
0.102443 0 0.897557
0.104708 0 0.895292
0.104715 0 0.895285
0.102406 0 0.897594
0.102423 0 0.897577
0.102444 0 0.897556
0.102471 0 0.897529
0.102502 0 0.897498
0.102539 0 0.897461
0.102581 0 0.897419
0.102627 0 0.897373
0.102756 0 0.897244
0.105094 0 0.894906
0.167133 0 0.832867
0.166751 0 0.833249
0.166379 0 0.833621
0.166017 0 0.833983
0.165665 0 0.834335
0.165322 0 0.834678
0.167382 0 0.832618
0.171614 0 0.828386
0.176075 0 0.823925
0.180782 0 0.819218
0.185756 0 0.814244
0.191021 0 0.808979
0.196602 0 0.803398
0.202529 0 0.797471
0.481735 0 0.518265
0.438462 0 0.561538
0.490793 0 0.509207
0.574176 0 0.425824
0.571686 0 0.428314
0.483301 0 0.516699
0.552232 0 0.447768
0.44963 0 0.55037
0.449249 0 0.550751
0.590306 0 0.409694
0.508278 0 0.491722
0.494713 0 0.505287
0.491853 0 0.508147
0.489048 0 0.510952
0.4863 0 0.5137
0.481958 0 0.518042
0.479326 0 0.520674
0.476745 0 0.523255
0.474215 0 0.525785
0.471734 0 0.528266
0.469302 0 0.530698
0.466918 0 0.533082
0.46458 0 0.53542
0.462288 0 0.537712
0.46004 0 0.53996
0.457837 0 0.542163
0.455676 0 0.544324
0.453558 0 0.546442
0.455957 0 0.544043
0.460913 0 0.539087
0.466001 0 0.533999
0.471226 0 0.528774
0.1049 0 0.8951
0.102557 0 0.897443
0.102523 0 0.897477
0.102494 0 0.897506
0.10247 0 0.89753
0.102452 0 0.897548
0.102438 0 0.897562
0.102429 0 0.897571
0.102425 0 0.897575
0.102538 0 0.897462
0.104697 0 0.895303
0.102388 0 0.897612
0.102405 0 0.897595
0.102426 0 0.897574
0.102453 0 0.897547
0.102484 0 0.897516
0.102521 0 0.897479
0.102563 0 0.897437
0.10261 0 0.89739
0.102729 0 0.897271
0.105068 0 0.894932
0.167091 0 0.832909
0.16671 0 0.83329
0.166338 0 0.833662
0.165976 0 0.834024
0.165624 0 0.834376
0.165281 0 0.834719
0.167373 0 0.832627
0.171604 0 0.828396
0.176064 0 0.823936
0.180772 0 0.819228
0.185746 0 0.814254
0.19101 0 0.80899
0.196591 0 0.803409
0.202518 0 0.797482
0.481796 0 0.518204
0.438465 0 0.561535
0.490614 0 0.509386
0.574256 0 0.425744
0.571597 0 0.428403
0.483267 0 0.516733
0.552243 0 0.447757
0.449597 0 0.550403
0.449213 0 0.550787
0.590495 0 0.409505
0.508221 0 0.491779
0.494654 0 0.505346
0.491794 0 0.508206
0.48899 0 0.51101
0.486243 0 0.513757
0.481901 0 0.518099
0.479269 0 0.520731
0.476689 0 0.523311
0.47416 0 0.52584
0.47168 0 0.52832
0.469248 0 0.530752
0.466863 0 0.533137
0.464527 0 0.535473
0.462235 0 0.537765
0.459987 0 0.540012
0.457784 0 0.542216
0.455624 0 0.544376
0.453507 0 0.546493
0.455932 0 0.544068
0.460888 0 0.539112
0.465976 0 0.534024
0.471201 0 0.528799
0.10489 0 0.89511
0.102541 0 0.89746
0.102507 0 0.897493
0.102478 0 0.897522
0.102454 0 0.897546
0.102435 0 0.897565
0.102421 0 0.897579
0.102412 0 0.897588
0.102409 0 0.897591
0.102515 0 0.897485
0.10468 0 0.89532
0.102372 0 0.897628
0.102388 0 0.897612
0.10241 0 0.89759
0.102436 0 0.897564
0.102468 0 0.897532
0.102504 0 0.897496
0.102546 0 0.897454
0.102593 0 0.897407
0.102704 0 0.897296
0.105042 0 0.894958
0.167052 0 0.832948
0.166671 0 0.833329
0.166299 0 0.833701
0.165937 0 0.834063
0.165585 0 0.834415
0.165242 0 0.834758
0.167365 0 0.832635
0.171597 0 0.828403
0.176056 0 0.823944
0.180763 0 0.819237
0.185738 0 0.814262
0.191001 0 0.808999
0.196582 0 0.803418
0.202508 0 0.797492
0.481868 0 0.518132
0.438502 0 0.561498
0.49045 0 0.50955
0.574345 0 0.425655
0.571516 0 0.428484
0.48324 0 0.51676
0.552264 0 0.447736
0.449569 0 0.550431
0.449182 0 0.550818
0.590713 0 0.409287
0.508172 0 0.491828
0.4946 0 0.5054
0.491741 0 0.508259
0.488938 0 0.511062
0.48619 0 0.51381
0.48185 0 0.51815
0.479218 0 0.520782
0.476639 0 0.523361
0.474109 0 0.525891
0.471629 0 0.528371
0.469198 0 0.530802
0.466814 0 0.533185
0.464478 0 0.535522
0.462186 0 0.537814
0.459939 0 0.540061
0.457736 0 0.542264
0.455577 0 0.544423
0.45346 0 0.54654
0.455915 0 0.544085
0.460871 0 0.539129
0.465959 0 0.534041
0.471183 0 0.528817
0.10488 0 0.89512
0.102525 0 0.897475
0.102491 0 0.897509
0.102462 0 0.897538
0.102438 0 0.897562
0.10242 0 0.89758
0.102406 0 0.897594
0.102397 0 0.897603
0.102393 0 0.897607
0.102493 0 0.897507
0.104664 0 0.895336
0.102356 0 0.897644
0.102373 0 0.897627
0.102394 0 0.897606
0.102359 0 0.897641
0.102378 0 0.897622
0.102402 0 0.897598
0.102531 0 0.897469
0.102577 0 0.897423
0.102681 0 0.897319
0.105018 0 0.894982
0.167014 0 0.832986
0.166633 0 0.833367
0.166261 0 0.833739
0.1659 0 0.8341
0.165548 0 0.834452
0.165205 0 0.834795
0.167132 0 0.832868
0.171594 0 0.828406
0.176054 0 0.823946
0.18076 0 0.81924
0.185734 0 0.814266
0.190999 0 0.809001
0.196579 0 0.803421
0.202505 0 0.797495
0.481962 0 0.518038
0.43858 0 0.56142
0.490302 0 0.509698
0.574443 0 0.425557
0.535965 0 0.464035
0.57144 0 0.42856
0.483217 0 0.516783
0.552297 0 0.447703
0.449545 0 0.550455
0.449159 0 0.550841
0.590963 0 0.409037
0.50813 0 0.49187
0.533841 0 0.466159
0.494552 0 0.505448
0.491692 0 0.508308
0.488891 0 0.511109
0.486143 0 0.513857
0.481804 0 0.518196
0.479173 0 0.520827
0.476594 0 0.523406
0.474064 0 0.525936
0.471585 0 0.528415
0.469155 0 0.530845
0.466771 0 0.533229
0.464435 0 0.535565
0.462144 0 0.537856
0.459898 0 0.540102
0.457695 0 0.542305
0.455535 0 0.544465
0.453419 0 0.546581
0.455903 0 0.544097
0.460859 0 0.539141
0.465946 0 0.534054
0.471171 0 0.528829
0.104871 0 0.895128
0.102511 0 0.897489
0.102477 0 0.897523
0.102246 0 0.897754
0.10221 0 0.89779
0.102179 0 0.897821
0.102152 0 0.897848
0.102383 0 0.897617
0.102379 0 0.897621
0.102472 0 0.897528
0.10465 0 0.89535
0.102342 0 0.897658
0.102359 0 0.897641
0.10238 0 0.89762
0.101971 0 0.898029
0.10199 0 0.89801
0.102014 0 0.897986
0.102516 0 0.897484
0.102563 0 0.897437
0.102659 0 0.897341
0.104998 0 0.895002
0.166979 0 0.833021
0.166597 0 0.833403
0.166226 0 0.833774
0.165865 0 0.834135
0.165513 0 0.834487
0.16517 0 0.83483
0.167361 0 0.832639
0.171592 0 0.828408
0.176052 0 0.823948
0.180758 0 0.819242
0.185732 0 0.814268
0.0586787 0 0.941321
0.196578 0 0.803422
0.202504 0 0.797496
0.482078 0 0.517922
0.438722 0 0.561278
0.490172 0 0.509828
0.574549 0 0.425451
0.535906 0 0.464094
0.571372 0 0.428628
0.483199 0 0.516801
0.552339 0 0.447661
0.449528 0 0.550472
0.449141 0 0.550859
0.591259 0 0.408741
0.508094 0 0.491906
0.533821 0 0.466179
0.49451 0 0.50549
0.491651 0 0.508349
0.488849 0 0.511151
0.486103 0 0.513897
0.481764 0 0.518236
0.479133 0 0.520867
0.476554 0 0.523446
0.474026 0 0.525975
0.471547 0 0.528453
0.469116 0 0.530884
0.466733 0 0.533267
0.464397 0 0.535603
0.462106 0 0.537894
0.45986 0 0.54014
0.457658 0 0.542342
0.455499 0 0.544501
0.453383 0 0.546618
0.455898 0 0.544102
0.460853 0 0.539147
0.465941 0 0.534059
0.471165 0 0.528835
0.104865 0 0.895135
0.102498 0 0.897502
0.102464 0 0.897536
0.102 0 0.898
0.101826 0 0.898174
0.101807 0 0.898193
0.101793 0 0.898207
0.10237 0 0.89763
0.102366 0 0.897634
0.102453 0 0.897547
0.104636 0 0.895364
0.102329 0 0.897671
0.102346 0 0.897654
0.102367 0 0.897633
0.101808 0 0.898192
0.101839 0 0.898161
0.101875 0 0.898125
0.102503 0 0.897497
0.10255 0 0.89745
0.102638 0 0.897362
0.104985 0 0.895015
0.166945 0 0.833055
0.166564 0 0.833436
0.166193 0 0.833807
0.165831 0 0.834169
0.16548 0 0.83452
0.165137 0 0.834863
0.16736 0 0.83264
0.171593 0 0.828407
0.176052 0 0.823948
0.180758 0 0.819242
0.185733 0 0.814267
0.058672 0 0.941328
0.196577 0 0.803423
0.202504 0 0.797496
0.482238 0 0.517762
0.439028 0 0.560972
0.490064 0 0.509936
0.574663 0 0.425337
0.535938 0 0.464062
0.571312 0 0.428688
0.483189 0 0.516811
0.552391 0 0.447609
0.449516 0 0.550484
0.449127 0 0.550873
0.591634 0 0.408366
0.508066 0 0.491934
0.542811 0 0.457189
0.533821 0 0.466179
0.494473 0 0.505527
0.491615 0 0.508385
0.488814 0 0.511186
0.486068 0 0.513932
0.481729 0 0.518271
0.479099 0 0.520901
0.47652 0 0.52348
0.473992 0 0.526008
0.471514 0 0.528486
0.469084 0 0.530916
0.466701 0 0.533299
0.464365 0 0.535635
0.462075 0 0.537925
0.459829 0 0.540171
0.457627 0 0.542373
0.455469 0 0.544531
0.453352 0 0.546648
0.455898 0 0.544102
0.460853 0 0.539147
0.46594 0 0.53406
0.471165 0 0.528835
0.104859 0 0.895141
0.102487 0 0.897513
0.102453 0 0.897547
0.101994 0 0.898006
0.101814 0 0.898186
0.101795 0 0.898205
0.101782 0 0.898218
0.102359 0 0.897641
0.102355 0 0.897645
0.102435 0 0.897565
0.104625 0 0.895375
0.102318 0 0.897682
0.102334 0 0.897666
0.102356 0 0.897644
0.101796 0 0.898204
0.101827 0 0.898173
0.101864 0 0.898136
0.102492 0 0.897508
0.102539 0 0.897461
0.102619 0 0.897381
0.104974 0 0.895027
0.166914 0 0.833086
0.166533 0 0.833467
0.166162 0 0.833838
0.165801 0 0.834199
0.165449 0 0.834551
0.165107 0 0.834893
0.167362 0 0.832638
0.171594 0 0.828406
0.176055 0 0.823945
0.180762 0 0.819238
0.185736 0 0.814264
0.191001 0 0.808999
0.196581 0 0.803419
0.202508 0 0.797492
0.489981 0 0.510019
0.574786 0 0.425214
0.536016 0 0.463984
0.571257 0 0.428743
0.483184 0 0.516816
0.552453 0 0.447547
0.449509 0 0.550491
0.449119 0 0.550881
0.592281 0 0.407719
0.508045 0 0.491955
0.54211 0 0.45789
0.533828 0 0.466172
0.494443 0 0.505557
0.491585 0 0.508415
0.488785 0 0.511215
0.486039 0 0.513961
0.481701 0 0.518299
0.479071 0 0.520929
0.476492 0 0.523508
0.473965 0 0.526035
0.471487 0 0.528513
0.469057 0 0.530943
0.466674 0 0.533326
0.464339 0 0.535661
0.462049 0 0.537951
0.459803 0 0.540197
0.457602 0 0.542398
0.455444 0 0.544556
0.453327 0 0.546673
0.455904 0 0.544096
0.46086 0 0.53914
0.465946 0 0.534054
0.471171 0 0.528829
0.104854 0 0.895146
0.102476 0 0.897524
0.102442 0 0.897558
0.10199 0 0.89801
0.101804 0 0.898196
0.101785 0 0.898215
0.101772 0 0.898228
0.102348 0 0.897652
0.102345 0 0.897655
0.102419 0 0.897581
0.104614 0 0.895386
0.102308 0 0.897692
0.102324 0 0.897676
0.102345 0 0.897655
0.101786 0 0.898214
0.101817 0 0.898183
0.101853 0 0.898147
0.102482 0 0.897518
0.102528 0 0.897472
0.102601 0 0.897399
0.104963 0 0.895037
0.166884 0 0.833116
0.166504 0 0.833496
0.166133 0 0.833867
0.165771 0 0.834229
0.16542 0 0.83458
0.165078 0 0.834922
0.167368 0 0.832632
0.1716 0 0.8284
0.176061 0 0.823939
0.180768 0 0.819232
0.185742 0 0.814258
0.191007 0 0.808993
0.196588 0 0.803412
0.202515 0 0.797485
0.208819 0 0.791181
0.489932 0 0.510068
0.574918 0 0.425082
0.536121 0 0.463879
0.57121 0 0.42879
0.483185 0 0.516815
0.552526 0 0.447474
0.449507 0 0.550493
0.449117 0 0.550883
0.50803 0 0.49197
0.541752 0 0.458248
0.533841 0 0.466159
0.494418 0 0.505582
0.491561 0 0.508439
0.488761 0 0.511239
0.486015 0 0.513985
0.481677 0 0.518323
0.479048 0 0.520952
0.47647 0 0.52353
0.473943 0 0.526057
0.471465 0 0.528535
0.469035 0 0.530965
0.466653 0 0.533347
0.464318 0 0.535682
0.462028 0 0.537972
0.459783 0 0.540217
0.457581 0 0.542419
0.455423 0 0.544577
0.453308 0 0.546692
0.455916 0 0.544084
0.460873 0 0.539127
0.465959 0 0.534041
0.471183 0 0.528817
0.104851 0 0.895149
0.102467 0 0.897533
0.102433 0 0.897566
0.101987 0 0.898013
0.101795 0 0.898205
0.101776 0 0.898224
0.101762 0 0.898238
0.102339 0 0.89766
0.102336 0 0.897664
0.102403 0 0.897597
0.104605 0 0.895395
0.102299 0 0.897701
0.102315 0 0.897685
0.102336 0 0.897664
0.101777 0 0.898223
0.101808 0 0.898192
0.101844 0 0.898156
0.102 0 0.898
0.102519 0 0.897481
0.102584 0 0.897416
0.104953 0 0.895047
0.166857 0 0.833143
0.166476 0 0.833524
0.166105 0 0.833895
0.165744 0 0.834256
0.165393 0 0.834607
0.165051 0 0.834949
0.167376 0 0.832624
0.171609 0 0.828391
0.176069 0 0.823931
0.180777 0 0.819223
0.185752 0 0.814248
0.191016 0 0.808984
0.196598 0 0.803402
0.202525 0 0.797475
0.208831 0 0.791169
0.489942 0 0.510058
0.575058 0 0.424942
0.536248 0 0.463752
0.57117 0 0.42883
0.483191 0 0.516809
0.552607 0 0.447393
0.44951 0 0.55049
0.449121 0 0.550879
0.508023 0 0.491977
0.541488 0 0.458512
0.533862 0 0.466138
0.494399 0 0.505601
0.491543 0 0.508457
0.487862 0 0.512138
0.485997 0 0.514003
0.49007 0 0.50993
0.494459 0 0.505541
0.498952 0 0.501048
0.481148 0 0.518852
0.469019 0 0.530981
0.466637 0 0.533363
0.464302 0 0.535698
0.462013 0 0.537987
0.459768 0 0.540232
0.457567 0 0.542433
0.455409 0 0.544591
0.453293 0 0.546707
0.455934 0 0.544066
0.46089 0 0.53911
0.465977 0 0.534023
0.471202 0 0.528798
0.104849 0 0.895151
0.10246 0 0.89754
0.102426 0 0.897574
0.101985 0 0.898015
0.101787 0 0.898213
0.101768 0 0.898232
0.101755 0 0.898245
0.102331 0 0.897669
0.102328 0 0.897672
0.10239 0 0.89761
0.104714 0 0.895286
0.102291 0 0.897709
0.102307 0 0.897693
0.102329 0 0.897671
0.101769 0 0.898231
0.1018 0 0.8982
0.101837 0 0.898163
0.101985 0 0.898015
0.102511 0 0.897489
0.102569 0 0.897431
0.10519 0 0.89481
0.166831 0 0.833169
0.166451 0 0.833549
0.16608 0 0.83392
0.165719 0 0.834281
0.165368 0 0.834632
0.165026 0 0.834974
0.167386 0 0.832614
0.171619 0 0.828381
0.17608 0 0.82392
0.180787 0 0.819213
0.185763 0 0.814237
0.191027 0 0.808973
0.19661 0 0.80339
0.202538 0 0.797462
0.208844 0 0.791156
0.575208 0 0.424792
0.536392 0 0.463608
0.571137 0 0.428863
0.483203 0 0.516797
0.552699 0 0.447301
0.449519 0 0.550481
0.44913 0 0.55087
0.508022 0 0.491978
0.541284 0 0.458716
0.533889 0 0.466111
0.494387 0 0.505613
0.48935 0 0.51065
0.486073 0 0.513927
0.485985 0 0.514015
0.490095 0 0.509905
0.487504 0 0.512496
0.484881 0 0.515119
0.482309 0 0.517691
0.479788 0 0.520212
0.477316 0 0.522684
0.474893 0 0.525107
0.463373 0 0.536627
0.462751 0 0.537249
0.474471 0 0.525529
0.477013 0 0.522987
0.476816 0 0.523184
0.558071 0 0.441929
0.554267 0 0.445733
0.553448 0 0.446552
0.558082 0 0.441918
0.562822 0 0.437178
0.105116 0 0.894884
0.102453 0 0.897547
0.102419 0 0.897581
0.101984 0 0.898016
0.101781 0 0.898219
0.101762 0 0.898238
0.101748 0 0.898252
0.102325 0 0.897675
0.102321 0 0.897679
0.102377 0 0.897623
0.105068 0 0.894931
0.105093 0 0.894907
0.102301 0 0.897699
0.102322 0 0.897678
0.101944 0 0.898056
0.101988 0 0.898012
0.102037 0 0.897963
0.102091 0 0.897909
0.102505 0 0.897495
0.105944 0 0.894056
0.106003 0 0.893997
0.166808 0 0.833192
0.166428 0 0.833572
0.166057 0 0.833943
0.165696 0 0.834304
0.165345 0 0.834655
0.165003 0 0.834997
0.167398 0 0.832602
0.171631 0 0.828369
0.176092 0 0.823908
0.1808 0 0.8192
0.185775 0 0.814224
0.191042 0 0.808958
0.196624 0 0.803376
0.048716 0 0.951284
0.0487205 0 0.951279
0.523895 0 0.476105
0.575366 0 0.424634
0.536554 0 0.463446
0.57111 0 0.42889
0.483222 0 0.516778
0.552801 0 0.447199
0.449533 0 0.550467
0.449145 0 0.550855
0.508028 0 0.491972
0.541126 0 0.458874
0.533923 0 0.466077
0.597296 0 0.402704
0.596622 0 0.403378
0.597926 0 0.402074
0.596884 0 0.403116
0.595865 0 0.404135
0.49438 0 0.50562
0.487665 0 0.512335
0.485523 0 0.514477
0.48598 0 0.51402
0.490126 0 0.509874
0.481607 0 0.518393
0.479016 0 0.520984
0.482305 0 0.517695
0.479784 0 0.520216
0.477312 0 0.522688
0.474888 0 0.525112
0.462823 0 0.537177
0.462282 0 0.537718
0.465471 0 0.534529
0.465659 0 0.534341
0.457665 0 0.542335
0.46249 0 0.53751
0.46744 0 0.53256
0.472521 0 0.527479
0.558702 0 0.441298
0.554865 0 0.445135
0.551748 0 0.448252
0.551758 0 0.448242
0.55516 0 0.44484
0.559849 0 0.440151
0.105773 0 0.894227
0.102414 0 0.897586
0.102112 0 0.897888
0.1021 0 0.8979
0.102093 0 0.897907
0.102091 0 0.897909
0.10232 0 0.89768
0.102316 0 0.897684
0.105639 0 0.894361
0.105645 0 0.894355
0.105657 0 0.894343
0.102296 0 0.897704
0.102317 0 0.897683
0.102292 0 0.897708
0.102336 0 0.897664
0.102385 0 0.897615
0.102453 0 0.897547
0.1025 0 0.8975
0.105938 0 0.894062
0.105997 0 0.894003
0.166787 0 0.833213
0.166407 0 0.833593
0.166036 0 0.833964
0.165675 0 0.834325
0.165324 0 0.834676
0.164983 0 0.835017
0.167412 0 0.832588
0.171645 0 0.828355
0.176107 0 0.823893
0.180815 0 0.819185
0.185792 0 0.814208
0.191058 0 0.808942
0.196641 0 0.803359
0.202569 0 0.797431
0.208877 0 0.791123
0.523701 0 0.476299
0.439001 0 0.560999
0.575533 0 0.424467
0.536729 0 0.463271
0.571091 0 0.428909
0.483245 0 0.516755
0.552912 0 0.447088
0.449553 0 0.550447
0.449165 0 0.550835
0.508041 0 0.491959
0.541007 0 0.458993
0.533962 0 0.466038
0.582932 0 0.417068
0.593499 0 0.406501
0.593172 0 0.406828
0.592512 0 0.407488
0.586333 0 0.413667
0.580891 0 0.419109
0.561997 0 0.438003
0.561932 0 0.438068
0.562073 0 0.437927
0.562578 0 0.437422
0.564627 0 0.435373
0.564951 0 0.435049
0.564571 0 0.435429
0.56506 0 0.43494
0.565749 0 0.434251
0.565918 0 0.434082
0.55656 0 0.44344
0.488007 0 0.511993
0.485684 0 0.514316
0.487019 0 0.512981
0.55653 0 0.44347
0.481607 0 0.518393
0.479016 0 0.520984
0.582427 0 0.417573
0.580037 0 0.419963
0.575976 0 0.424024
0.569614 0 0.430386
0.463034 0 0.536966
0.462463 0 0.537537
0.557057 0 0.442943
0.476373 0 0.523627
0.476206 0 0.523794
0.542321 0 0.457679
0.533217 0 0.466783
0.535312 0 0.464688
0.537319 0 0.462681
0.53745 0 0.46255
0.546753 0 0.453247
0.514787 0 0.485213
0.512852 0 0.487148
0.513505 0 0.486495
0.514851 0 0.485149
0.560448 0 0.439552
0.556396 0 0.443604
0.496022 0 0.503978
0.551666 0 0.448334
0.551676 0 0.448324
0.552273 0 0.447727
0.556913 0 0.443087
0.561659 0 0.438341
0.105769 0 0.894231
0.10241 0 0.89759
0.102381 0 0.897619
0.102357 0 0.897643
0.102338 0 0.897662
0.102325 0 0.897675
0.102316 0 0.897684
0.102312 0 0.897688
0.105634 0 0.894366
0.105641 0 0.894359
0.105653 0 0.894347
0.10567 0 0.89433
0.102313 0 0.897687
0.102339 0 0.897661
0.102371 0 0.897629
0.102407 0 0.897593
0.102449 0 0.897551
0.105881 0 0.894119
0.105934 0 0.894066
0.105993 0 0.894007
0.166768 0 0.833232
0.166387 0 0.833613
0.166017 0 0.833983
0.165656 0 0.834343
0.165305 0 0.834695
0.164964 0 0.835036
0.167426 0 0.832574
0.171661 0 0.828339
0.176123 0 0.823877
0.180832 0 0.819168
0.185809 0 0.814191
0.191076 0 0.808924
0.196659 0 0.803341
0.0484906 0 0.951509
0.048555 0 0.951445
0.0486221 0 0.951378
0.0486916 0 0.951308
0.0487638 0 0.951236
0.575709 0 0.424291
0.536918 0 0.463082
0.571078 0 0.428922
0.483275 0 0.516725
0.553033 0 0.446967
0.449578 0 0.550422
0.449191 0 0.550809
0.508061 0 0.491939
0.540924 0 0.459076
0.534009 0 0.465991
0.357493 0 0.642507
0.35891 0 0.64109
0.360336 0 0.639664
0.361772 0 0.638228
0.363217 0 0.636783
0.364672 0 0.635328
0.366137 0 0.633863
0.367611 0 0.632389
0.369095 0 0.630905
0.370588 0 0.629412
0.372092 0 0.627908
0.373604 0 0.626396
0.375126 0 0.624874
0.376659 0 0.623341
0.3782 0 0.6218
0.510144 0 0.489856
0.513979 0 0.486021
0.514617 0 0.485383
0.523183 0 0.476817
0.526856 0 0.473144
0.526116 0 0.473884
0.524706 0 0.475294
0.522731 0 0.477269
0.512553 0 0.487447
0.512121 0 0.487879
0.511228 0 0.488772
0.512077 0 0.487923
0.48666 0 0.51334
0.488991 0 0.511009
0.519294 0 0.480706
0.502348 0 0.497652
0.54854 0 0.45146
0.548535 0 0.451465
0.546724 0 0.453276
0.549244 0 0.450756
0.547863 0 0.452137
0.464208 0 0.535792
0.463411 0 0.536589
0.505848 0 0.494152
0.477288 0 0.522712
0.477073 0 0.522927
0.535264 0 0.464736
0.532287 0 0.467713
0.529531 0 0.470469
0.527679 0 0.472321
0.526092 0 0.473908
0.523413 0 0.476587
0.520113 0 0.479887
0.51338 0 0.48662
0.510878 0 0.489122
0.508575 0 0.491425
0.506806 0 0.493194
0.501755 0 0.498245
0.500207 0 0.499793
0.50093 0 0.49907
0.490406 0 0.509594
0.486773 0 0.513227
0.482687 0 0.517313
0.480399 0 0.519601
0.478188 0 0.521812
0.476009 0 0.523991
0.47385 0 0.52615
0.470627 0 0.529373
0.461986 0 0.538014
0.105766 0 0.894234
0.105731 0 0.894269
0.102378 0 0.897622
0.102354 0 0.897646
0.102335 0 0.897665
0.102322 0 0.897678
0.102313 0 0.897687
0.105367 0 0.894633
0.105355 0 0.894645
0.105349 0 0.894651
0.105348 0 0.894652
0.105352 0 0.894648
0.102472 0 0.897528
0.102511 0 0.897489
0.102555 0 0.897445
0.102605 0 0.897395
0.10266 0 0.89734
0.10548 0 0.89452
0.10552 0 0.89448
0.105643 0 0.894357
0.16675 0 0.83325
0.16637 0 0.83363
0.166 0 0.834
0.165639 0 0.834361
0.165289 0 0.834711
0.164947 0 0.835053
0.167446 0 0.832554
0.17168 0 0.82832
0.176144 0 0.823856
0.180634 0 0.819366
0.185554 0 0.814445
0.191021 0 0.808979
0.196682 0 0.803318
0.0484587 0 0.951541
0.0485229 0 0.951477
0.04859 0 0.95141
0.0486595 0 0.95134
0.0487317 0 0.951268
0.477455 0 0.522545
0.47961 0 0.52039
0.481823 0 0.518177
0.4842 0 0.5158
0.575895 0 0.424105
0.537119 0 0.462881
0.571072 0 0.428928
0.483311 0 0.516689
0.553164 0 0.446836
0.449608 0 0.550392
0.449223 0 0.550777
0.508088 0 0.491912
0.540876 0 0.459124
0.534063 0 0.465937
0.315395 0 0.684605
0.316495 0 0.683505
0.317602 0 0.682398
0.318715 0 0.681285
0.319835 0 0.680165
0.32096 0 0.67904
0.322092 0 0.677908
0.32323 0 0.67677
0.324374 0 0.675626
0.325525 0 0.674475
0.326682 0 0.673318
0.327845 0 0.672155
0.329014 0 0.670986
0.330189 0 0.669811
0.331371 0 0.668629
0.332558 0 0.667441
0.333753 0 0.666247
0.334953 0 0.665047
0.336159 0 0.663841
0.33737 0 0.662629
0.338589 0 0.661411
0.339813 0 0.660187
0.341043 0 0.658957
0.342279 0 0.657721
0.343521 0 0.656479
0.344769 0 0.655231
0.346023 0 0.653977
0.347283 0 0.652717
0.348549 0 0.651451
0.34982 0 0.65018
0.472463 0 0.527537
0.471425 0 0.528575
0.470655 0 0.529345
0.472076 0 0.527924
0.471369 0 0.528631
0.466417 0 0.533583
0.462638 0 0.537362
0.462108 0 0.537892
0.462884 0 0.537116
0.479266 0 0.520733
0.477075 0 0.522925
0.474472 0 0.525528
0.474434 0 0.525566
0.47255 0 0.52745
0.473415 0 0.526585
0.483535 0 0.516465
0.48371 0 0.51629
0.509175 0 0.490825
0.50613 0 0.49387
0.504459 0 0.495541
0.501361 0 0.498639
0.497289 0 0.502711
0.495071 0 0.504929
0.489463 0 0.510538
0.484658 0 0.515342
0.479887 0 0.520113
0.47608 0 0.52392
0.473812 0 0.526188
0.470562 0 0.529438
0.466944 0 0.533056
0.463972 0 0.536028
0.459516 0 0.540484
0.45661 0 0.54339
0.105284 0 0.894716
0.105249 0 0.894751
0.102686 0 0.897314
0.102673 0 0.897327
0.102666 0 0.897334
0.102664 0 0.897336
0.102667 0 0.897333
0.105149 0 0.894851
0.10515 0 0.89485
0.105157 0 0.894843
0.105168 0 0.894832
0.105185 0 0.894815
0.105207 0 0.894793
0.105235 0 0.894765
0.105267 0 0.894733
0.105305 0 0.894695
0.105347 0 0.894653
0.105395 0 0.894605
0.105449 0 0.894551
0.105989 0 0.894011
0.166735 0 0.833265
0.166355 0 0.833645
0.165985 0 0.834015
0.165625 0 0.834375
0.165274 0 0.834726
0.164932 0 0.835068
0.167466 0 0.832534
0.171702 0 0.828298
0.176165 0 0.823835
0.180875 0 0.819125
0.185853 0 0.814147
0.191121 0 0.808879
0.196707 0 0.803293
0.0484549 0 0.951545
0.0485193 0 0.951481
0.0485862 0 0.951414
0.0486557 0 0.951344
0.048728 0 0.951272
0.47202 0 0.52798
0.474125 0 0.525875
0.476271 0 0.523729
0.478453 0 0.521547
0.480664 0 0.519336
0.482932 0 0.517068
0.485244 0 0.514756
0.487598 0 0.512402
0.490101 0 0.509899
0.492033 0 0.507967
0.494197 0 0.505803
0.499357 0 0.500643
0.537333 0 0.462667
0.571074 0 0.428926
0.483353 0 0.516647
0.553305 0 0.446695
0.449645 0 0.550355
0.449259 0 0.550741
0.508122 0 0.491878
0.540863 0 0.459137
0.534122 0 0.465878
0.282161 0 0.717839
0.28304 0 0.71696
0.283923 0 0.716077
0.284811 0 0.715189
0.285703 0 0.714297
0.286599 0 0.713401
0.287499 0 0.712501
0.288404 0 0.711596
0.289313 0 0.710687
0.290226 0 0.709774
0.291143 0 0.708857
0.292065 0 0.707935
0.29299 0 0.70701
0.29392 0 0.70608
0.294853 0 0.705147
0.295791 0 0.704209
0.296733 0 0.703267
0.297679 0 0.702321
0.298628 0 0.701372
0.299582 0 0.700418
0.30054 0 0.69946
0.301502 0 0.698498
0.302467 0 0.697533
0.303436 0 0.696564
0.304409 0 0.695591
0.305386 0 0.694614
0.306366 0 0.693634
0.307351 0 0.692649
0.308682 0 0.691318
0.312246 0 0.687754
0.315909 0 0.684091
0.319675 0 0.680325
0.323548 0 0.676452
0.327532 0 0.672468
0.330237 0 0.669763
0.331797 0 0.668203
0.334257 0 0.665743
0.338155 0 0.661845
0.342456 0 0.657544
0.415188 0 0.584812
0.427419 0 0.572581
0.440937 0 0.559063
0.447312 0 0.552688
0.447749 0 0.552251
0.450249 0 0.549751
0.45435 0 0.54565
0.451879 0 0.548121
0.446647 0 0.553353
0.44341 0 0.55659
0.440422 0 0.559578
0.441232 0 0.558768
0.435166 0 0.564834
0.433977 0 0.566023
0.433752 0 0.566248
0.435657 0 0.564342
0.451682 0 0.548318
0.45216 0 0.54784
0.450327 0 0.549673
0.449041 0 0.550959
0.44673 0 0.55327
0.428318 0 0.571682
0.427586 0 0.572414
0.105283 0 0.894717
0.105249 0 0.894751
0.105219 0 0.894781
0.105195 0 0.894805
0.105175 0 0.894825
0.105161 0 0.894839
0.105152 0 0.894848
0.105149 0 0.894851
0.10515 0 0.89485
0.105156 0 0.894844
0.105168 0 0.894832
0.105185 0 0.894815
0.105207 0 0.894793
0.105234 0 0.894766
0.105267 0 0.894733
0.105304 0 0.894696
0.105347 0 0.894653
0.105395 0 0.894605
0.105448 0 0.894552
0.167112 0 0.832888
0.166722 0 0.833278
0.166342 0 0.833658
0.165972 0 0.834028
0.165612 0 0.834388
0.165261 0 0.834739
0.16492 0 0.83508
0.16749 0 0.83251
0.171727 0 0.828273
0.176191 0 0.823809
0.180902 0 0.819098
0.18588 0 0.81412
0.191149 0 0.808851
0.196736 0 0.803264
0.0484519 0 0.951548
0.0485162 0 0.951484
0.0485832 0 0.951417
0.0486528 0 0.951347
0.0487249 0 0.951275
0.466731 0 0.533269
0.468772 0 0.531228
0.470868 0 0.529132
0.473004 0 0.526996
0.475177 0 0.524823
0.477378 0 0.522622
0.479723 0 0.520277
0.482214 0 0.517786
0.48465 0 0.51535
0.486206 0 0.513794
0.487793 0 0.512207
0.489782 0 0.510218
0.491941 0 0.508059
0.494459 0 0.505541
0.497942 0 0.502058
0.502445 0 0.497555
0.507203 0 0.492797
0.571082 0 0.428918
0.4834 0 0.5166
0.553456 0 0.446544
0.449685 0 0.550315
0.449302 0 0.550698
0.508162 0 0.491838
0.54089 0 0.45911
0.53419 0 0.46581
0.255259 0 0.744741
0.255978 0 0.744022
0.256698 0 0.743302
0.257423 0 0.742577
0.258149 0 0.741851
0.258879 0 0.741121
0.259612 0 0.740388
0.260348 0 0.739652
0.261087 0 0.738913
0.261828 0 0.738172
0.262573 0 0.737427
0.26332 0 0.73668
0.265001 0 0.734999
0.26744 0 0.73256
0.269937 0 0.730063
0.272495 0 0.727505
0.275116 0 0.724884
0.277801 0 0.722199
0.280553 0 0.719447
0.283374 0 0.716626
0.286266 0 0.713734
0.288989 0 0.711011
0.290748 0 0.709252
0.292518 0 0.707482
0.293844 0 0.706156
0.294861 0 0.705139
0.295779 0 0.704221
0.296932 0 0.703068
0.297715 0 0.702285
0.298405 0 0.701595
0.29591 0 0.70409
0.296078 0 0.703922
0.296577 0 0.703423
0.297111 0 0.702889
0.302169 0 0.697831
0.303212 0 0.696788
0.304638 0 0.695362
0.307172 0 0.692828
0.31096 0 0.68904
0.314567 0 0.685433
0.316712 0 0.683288
0.316845 0 0.683155
0.316877 0 0.683123
0.318215 0 0.681785
0.326016 0 0.673984
0.332475 0 0.667525
0.345524 0 0.654476
0.355213 0 0.644787
0.359135 0 0.640865
0.358067 0 0.641932
0.357008 0 0.642992
0.364199 0 0.635801
0.37642 0 0.62358
0.379035 0 0.620965
0.380854 0 0.619146
0.380439 0 0.619561
0.377485 0 0.622515
0.377529 0 0.622471
0.378054 0 0.621946
0.378221 0 0.621779
0.376465 0 0.623535
0.105765 0 0.894235
0.10525 0 0.89475
0.10522 0 0.89478
0.105196 0 0.894804
0.105176 0 0.894824
0.105162 0 0.894838
0.105154 0 0.894846
0.10515 0 0.89485
0.105151 0 0.894849
0.105157 0 0.894843
0.105169 0 0.894831
0.105186 0 0.894814
0.105208 0 0.894792
0.105235 0 0.894765
0.105268 0 0.894732
0.105305 0 0.894695
0.105348 0 0.894652
0.105396 0 0.894604
0.10593 0 0.89407
0.167586 0 0.832414
0.167178 0 0.832822
0.166781 0 0.833219
0.166394 0 0.833606
0.165527 0 0.834473
0.16515 0 0.83485
0.165057 0 0.834943
0.167681 0 0.832319
0.172667 0 0.827332
0.176886 0 0.823114
0.181326 0 0.818674
0.186005 0 0.813995
0.191177 0 0.808823
0.196764 0 0.803236
0.0484496 0 0.95155
0.0485138 0 0.951486
0.0485809 0 0.951419
0.0486504 0 0.95135
0.0487224 0 0.951278
0.461548 0 0.538452
0.46356 0 0.53644
0.465596 0 0.534404
0.467696 0 0.532304
0.469896 0 0.530104
0.472224 0 0.527776
0.474635 0 0.525365
0.477024 0 0.522976
0.479042 0 0.520958
0.480556 0 0.519444
0.48209 0 0.51791
0.483718 0 0.516282
0.485615 0 0.514385
0.487708 0 0.512292
0.489892 0 0.510108
0.492147 0 0.507853
0.49473 0 0.50527
0.498026 0 0.501974
0.502222 0 0.497778
0.507028 0 0.492972
0.511916 0 0.488084
0.516906 0 0.483094
0.483454 0 0.516546
0.553745 0 0.446255
0.449732 0 0.550268
0.44935 0 0.55065
0.593781 0 0.406219
0.50821 0 0.49179
0.540959 0 0.459041
0.534262 0 0.465738
0.240588 0 0.759412
0.241231 0 0.758769
0.242244 0 0.757756
0.243538 0 0.756462
0.24473 0 0.75527
0.245828 0 0.754172
0.246847 0 0.753153
0.247745 0 0.752255
0.248626 0 0.751374
0.249281 0 0.750719
0.249889 0 0.750111
0.250688 0 0.749312
0.25059 0 0.74941
0.250803 0 0.749197
0.251057 0 0.748943
0.251576 0 0.748424
0.25195 0 0.74805
0.252213 0 0.747787
0.253137 0 0.746863
0.254617 0 0.745383
0.255247 0 0.744753
0.255955 0 0.744045
0.256901 0 0.743099
0.25801 0 0.74199
0.259463 0 0.740537
0.261708 0 0.738292
0.264362 0 0.735638
0.265528 0 0.734472
0.266678 0 0.733322
0.267946 0 0.732054
0.269299 0 0.730701
0.270928 0 0.729072
0.272573 0 0.727427
0.274073 0 0.725927
0.275068 0 0.724932
0.276255 0 0.723745
0.277399 0 0.722601
0.278877 0 0.721123
0.280526 0 0.719474
0.282185 0 0.717815
0.283164 0 0.716836
0.283859 0 0.716141
0.286144 0 0.713856
0.288205 0 0.711795
0.289872 0 0.710128
0.291301 0 0.708699
0.292554 0 0.707446
0.294294 0 0.705706
0.295599 0 0.704401
0.296772 0 0.703228
0.297965 0 0.702035
0.299169 0 0.700831
0.30088 0 0.69912
0.303863 0 0.696137
0.307383 0 0.692617
0.309398 0 0.690602
0.311435 0 0.688565
0.313444 0 0.686556
0.315971 0 0.684029
0.318484 0 0.681516
0.110487 0 0.889513
0.105252 0 0.894748
0.105222 0 0.894778
0.105198 0 0.894802
0.105179 0 0.894821
0.105165 0 0.894835
0.105156 0 0.894844
0.105152 0 0.894848
0.105153 0 0.894847
0.10516 0 0.89484
0.105172 0 0.894828
0.105189 0 0.894811
0.105211 0 0.894789
0.105238 0 0.894762
0.10527 0 0.89473
0.105308 0 0.894692
0.10535 0 0.89465
0.105398 0 0.894602
0.110463 0 0.889537
0.174745 0 0.825255
0.172075 0 0.827925
0.169535 0 0.830465
0.167119 0 0.832881
0.165858 0 0.834142
0.0548678 0 0.945132
0.0516684 0 0.948332
0.0488202 0 0.95118
0.0479826 0 0.952017
0.048032 0 0.951968
0.0480839 0 0.951916
0.0481381 0 0.951862
0.0481948 0 0.951805
0.0482539 0 0.951746
0.0483154 0 0.951685
0.0483794 0 0.951621
0.048446 0 0.951554
0.0485147 0 0.951485
0.0485863 0 0.951414
0.0486604 0 0.95134
0.0487367 0 0.951263
0.0488159 0 0.951184
0.0488976 0 0.951102
0.0489817 0 0.951018
0.4673 0 0.5327
0.469652 0 0.530348
0.471865 0 0.528135
0.473566 0 0.526434
0.475043 0 0.524957
0.476545 0 0.523455
0.478089 0 0.521911
0.479717 0 0.520283
0.481548 0 0.518452
0.483619 0 0.516381
0.485735 0 0.514265
0.487946 0 0.512054
0.490235 0 0.509765
0.492566 0 0.507434
0.495039 0 0.504961
0.498478 0 0.501522
0.502362 0 0.497638
0.483513 0 0.516487
0.511945 0 0.488055
0.449784 0 0.550216
0.449404 0 0.550596
0.527441 0 0.472559
0.532873 0 0.467127
0.508264 0 0.491736
0.541085 0 0.458915
0.534343 0 0.465657
0.228785 0 0.771215
0.228752 0 0.771248
0.228575 0 0.771425
0.23144 0 0.76856
0.231835 0 0.768165
0.231985 0 0.768015
0.23223 0 0.76777
0.232564 0 0.767436
0.232909 0 0.767091
0.233553 0 0.766447
0.234166 0 0.765834
0.234957 0 0.765043
0.235839 0 0.764161
0.236828 0 0.763171
0.236607 0 0.763393
0.236133 0 0.763867
0.236208 0 0.763792
0.236441 0 0.763559
0.236794 0 0.763206
0.237436 0 0.762564
0.238126 0 0.761874
0.238934 0 0.761066
0.239533 0 0.760467
0.240301 0 0.759699
0.241766 0 0.758234
0.241583 0 0.758417
0.241974 0 0.758026
0.24267 0 0.75733
0.243786 0 0.756214
0.245588 0 0.754412
0.246941 0 0.753059
0.247988 0 0.752012
0.24888 0 0.75112
0.249753 0 0.750247
0.2506 0 0.7494
0.251188 0 0.748812
0.2511 0 0.7489
0.250736 0 0.749264
0.250468 0 0.749532
0.253464 0 0.746536
0.256392 0 0.743608
0.257852 0 0.742148
0.259351 0 0.740649
0.260879 0 0.739121
0.26245 0 0.73755
0.264036 0 0.735964
0.265742 0 0.734258
0.267425 0 0.732575
0.269087 0 0.730913
0.270877 0 0.729123
0.272547 0 0.727453
0.274327 0 0.725673
0.276171 0 0.723829
0.277971 0 0.722029
0.279728 0 0.720272
0.281627 0 0.718373
0.283424 0 0.716576
0.285293 0 0.714707
0.287252 0 0.712748
0.109609 0 0.890391
0.109546 0 0.890454
0.105226 0 0.894774
0.105202 0 0.894798
0.105182 0 0.894818
0.105168 0 0.894832
0.105159 0 0.894841
0.105156 0 0.894844
0.105157 0 0.894843
0.105164 0 0.894836
0.105175 0 0.894825
0.105192 0 0.894808
0.105214 0 0.894786
0.105241 0 0.894759
0.105274 0 0.894726
0.105311 0 0.894689
0.105354 0 0.894646
0.109568 0 0.890432
0.211586 0 0.788414
0.211691 0 0.788309
0.326388 0 0.673612
0.329165 0 0.670835
0.331847 0 0.668153
0.0565986 0 0.943401
0.0532015 0 0.946799
0.0501871 0 0.949813
0.047763 0 0.952237
0.0478097 0 0.95219
0.0478588 0 0.952141
0.0479104 0 0.95209
0.0479642 0 0.952036
0.0480204 0 0.95198
0.0480791 0 0.951921
0.0481402 0 0.95186
0.0482035 0 0.951796
0.0482695 0 0.95173
0.048338 0 0.951662
0.0484089 0 0.951591
0.0484824 0 0.951518
0.0485584 0 0.951442
0.0486368 0 0.951363
0.0487179 0 0.951282
0.0488014 0 0.951199
0.0488876 0 0.951112
0.46479 0 0.53521
0.466727 0 0.533273
0.468217 0 0.531783
0.469658 0 0.530342
0.471128 0 0.528872
0.472637 0 0.527363
0.474175 0 0.525825
0.47575 0 0.52425
0.477588 0 0.522412
0.479619 0 0.520381
0.481713 0 0.518287
0.483838 0 0.516162
0.4861 0 0.5139
0.488415 0 0.511585
0.490749 0 0.509251
0.493145 0 0.506855
0.483578 0 0.516422
0.499128 0 0.500872
0.449842 0 0.550158
0.449463 0 0.550537
0.512117 0 0.487883
0.517208 0 0.482792
0.522418 0 0.477582
0.527766 0 0.472234
0.508326 0 0.491674
0.538843 0 0.461157
0.544259 0 0.455741
0.548837 0 0.451163
0.552647 0 0.447353
0.556492 0 0.443508
0.541292 0 0.458708
0.564382 0 0.435618
0.534428 0 0.465572
0.499945 0 0.500055
0.576881 0 0.423119
0.581184 0 0.418816
0.585598 0 0.414402
0.590087 0 0.409913
0.594693 0 0.405307
0.599366 0 0.400634
0.207328 0 0.792672
0.208512 0 0.791488
0.209317 0 0.790683
0.209692 0 0.790308
0.210076 0 0.789924
0.210629 0 0.789371
0.211615 0 0.788385
0.213883 0 0.786117
0.215037 0 0.784963
0.2153 0 0.7847
0.217305 0 0.782695
0.218477 0 0.781523
0.218797 0 0.781204
0.218939 0 0.781061
0.218946 0 0.781054
0.218942 0 0.781058
0.219121 0 0.780879
0.219449 0 0.780551
0.219837 0 0.780163
0.220568 0 0.779432
0.221353 0 0.778647
0.222169 0 0.777831
0.223013 0 0.776987
0.223752 0 0.776248
0.224469 0 0.775531
0.224627 0 0.775373
0.225004 0 0.774996
0.22582 0 0.77418
0.227216 0 0.772784
0.228626 0 0.771374
0.230103 0 0.769897
0.231072 0 0.768928
0.232048 0 0.767952
0.23295 0 0.76705
0.233987 0 0.766013
0.235022 0 0.764978
0.236049 0 0.763951
0.237103 0 0.762897
0.238165 0 0.761835
0.239188 0 0.760812
0.240185 0 0.759815
0.240874 0 0.759126
0.241359 0 0.758641
0.241839 0 0.758161
0.242429 0 0.757571
0.243245 0 0.756755
0.244148 0 0.755852
0.245156 0 0.754844
0.246294 0 0.753706
0.247501 0 0.752499
0.248749 0 0.751251
0.250189 0 0.749811
0.251643 0 0.748357
0.25311 0 0.74689
0.25459 0 0.74541
0.256083 0 0.743917
0.25759 0 0.74241
0.259111 0 0.740889
0.107928 0 0.892072
0.107867 0 0.892133
0.105231 0 0.894769
0.105207 0 0.894793
0.105187 0 0.894813
0.105173 0 0.894827
0.105164 0 0.894836
0.10516 0 0.89484
0.105162 0 0.894838
0.105168 0 0.894832
0.10518 0 0.89482
0.105197 0 0.894803
0.105219 0 0.894781
0.105246 0 0.894754
0.105279 0 0.894721
0.105316 0 0.894684
0.105359 0 0.894641
0.107627 0 0.892372
0.10767 0 0.89233
0.210926 0 0.789074
0.31698 0 0.68302
0.318337 0 0.681663
0.0584439 0 0.941556
0.0548292 0 0.945171
0.0516331 0 0.948367
0.0487883 0 0.951212
0.0475922 0 0.952408
0.0476387 0 0.952361
0.0476875 0 0.952312
0.0477385 0 0.952261
0.047792 0 0.952208
0.047848 0 0.952152
0.0479062 0 0.952094
0.0479668 0 0.952033
0.0480296 0 0.95197
0.0480953 0 0.951905
0.0481632 0 0.951837
0.0482335 0 0.951766
0.0483064 0 0.951694
0.0483818 0 0.951618
0.0484597 0 0.95154
0.0485402 0 0.95146
0.048623 0 0.951377
0.0487087 0 0.951291
0.0487968 0 0.951203
0.341715 0 0.658285
0.462995 0 0.537005
0.4644 0 0.5356
0.465841 0 0.534159
0.467316 0 0.532684
0.468819 0 0.531181
0.470336 0 0.529664
0.471894 0 0.528106
0.473699 0 0.526301
0.475715 0 0.524285
0.477788 0 0.522212
0.47959 0 0.52041
0.481658 0 0.518342
0.483908 0 0.516092
0.486535 0 0.513465
0.489008 0 0.510992
0.49147 0 0.50853
0.449906 0 0.550094
0.449527 0 0.550473
0.499907 0 0.500093
0.503826 0 0.496174
0.507826 0 0.492174
0.512434 0 0.487566
0.508899 0 0.491101
0.522617 0 0.477383
0.527552 0 0.472448
0.532607 0 0.467393
0.537655 0 0.462345
0.542063 0 0.457937
0.546303 0 0.453697
0.503831 0 0.496169
0.53452 0 0.46548
0.558319 0 0.441681
0.562341 0 0.437659
0.56644 0 0.43356
0.570617 0 0.429383
0.574875 0 0.425125
0.579214 0 0.420786
0.583629 0 0.416371
0.588122 0 0.411878
0.592709 0 0.407291
0.597389 0 0.402611
0.247446 0 0.752554
0.197257 0 0.802743
0.197384 0 0.802616
0.198112 0 0.801888
0.198766 0 0.801234
0.199428 0 0.800572
0.199941 0 0.800059
0.200467 0 0.799533
0.200952 0 0.799048
0.201315 0 0.798685
0.201701 0 0.798299
0.202185 0 0.797815
0.202683 0 0.797317
0.203205 0 0.796795
0.203652 0 0.796348
0.203928 0 0.796072
0.204057 0 0.795943
0.204072 0 0.795928
0.203033 0 0.796967
0.20268 0 0.79732
0.202971 0 0.797029
0.204507 0 0.795493
0.205681 0 0.794319
0.206867 0 0.793133
0.207033 0 0.792967
0.207421 0 0.792579
0.20868 0 0.79132
0.210941 0 0.789059
0.212103 0 0.787897
0.212727 0 0.787273
0.21299 0 0.78701
0.213283 0 0.786717
0.213534 0 0.786466
0.213941 0 0.786059
0.215537 0 0.784463
0.217779 0 0.782221
0.218807 0 0.781193
0.219749 0 0.780251
0.220657 0 0.779343
0.22154 0 0.77846
0.22243 0 0.77757
0.223274 0 0.776726
0.224136 0 0.775864
0.225017 0 0.774983
0.225924 0 0.774076
0.226832 0 0.773168
0.227718 0 0.772282
0.228397 0 0.771603
0.229124 0 0.770876
0.230661 0 0.769339
0.23214 0 0.76786
0.233229 0 0.766771
0.234237 0 0.765763
0.235207 0 0.764793
0.236185 0 0.763815
0.237171 0 0.762829
0.238164 0 0.761836
0.239166 0 0.760834
0.107081 0 0.892919
0.107038 0 0.892962
0.107234 0 0.892766
0.105213 0 0.894787
0.105194 0 0.894806
0.105179 0 0.894821
0.105171 0 0.894829
0.105167 0 0.894833
0.105168 0 0.894832
0.105175 0 0.894825
0.105186 0 0.894814
0.105203 0 0.894797
0.105225 0 0.894775
0.105252 0 0.894748
0.105285 0 0.894715
0.105322 0 0.894678
0.107687 0 0.892313
0.107329 0 0.892671
0.107371 0 0.892629
0.269378 0 0.730622
0.272582 0 0.727418
0.275084 0 0.724916
0.0565591 0 0.943441
0.0531661 0 0.946834
0.0501551 0 0.949845
0.0474659 0 0.952534
0.0474235 0 0.952577
0.0474693 0 0.952531
0.047518 0 0.952482
0.0475686 0 0.952431
0.0476216 0 0.952378
0.0476772 0 0.952323
0.0477348 0 0.952265
0.0477952 0 0.952205
0.0478576 0 0.952142
0.0479227 0 0.952077
0.0479901 0 0.95201
0.04806 0 0.95194
0.0481324 0 0.951868
0.0482072 0 0.951793
0.0482844 0 0.951716
0.0483643 0 0.951636
0.0484468 0 0.951553
0.0485316 0 0.951468
0.0486192 0 0.951381
0.3359 0 0.6641
0.336771 0 0.663229
0.337898 0 0.662102
0.340584 0 0.659416
0.342361 0 0.657639
0.343588 0 0.656412
0.34533 0 0.65467
0.350908 0 0.649091
0.468201 0 0.531799
0.469876 0 0.530124
0.471653 0 0.528347
0.473365 0 0.526635
0.475194 0 0.524806
0.261684 0 0.738316
0.257696 0 0.742304
0.256424 0 0.743576
0.254997 0 0.745003
0.255942 0 0.744058
0.257317 0 0.742683
0.25908 0 0.74092
0.263393 0 0.736607
0.274885 0 0.725115
0.500883 0 0.499117
0.504839 0 0.495161
0.508713 0 0.491287
0.51286 0 0.48714
0.517144 0 0.482856
0.521519 0 0.478481
0.526374 0 0.473626
0.531311 0 0.468689
0.535522 0 0.464478
0.501485 0 0.498515
0.543938 0 0.456062
0.548273 0 0.451727
0.552454 0 0.447546
0.55643 0 0.44357
0.560438 0 0.439562
0.564508 0 0.435492
0.568737 0 0.431263
0.572812 0 0.427188
0.576895 0 0.423105
0.581103 0 0.418897
0.585301 0 0.414699
0.589616 0 0.410384
0.593969 0 0.406031
0.598433 0 0.401567
0.247466 0 0.752534
0.247409 0 0.752591
0.186369 0 0.813631
0.186983 0 0.813017
0.187806 0 0.812194
0.188577 0 0.811423
0.189409 0 0.810591
0.190412 0 0.809588
0.191092 0 0.808908
0.19179 0 0.80821
0.192281 0 0.807719
0.192765 0 0.807235
0.19338 0 0.80662
0.194042 0 0.805958
0.194233 0 0.805767
0.193809 0 0.806191
0.193334 0 0.806666
0.193391 0 0.806609
0.193641 0 0.806359
0.194047 0 0.805953
0.194465 0 0.805535
0.194787 0 0.805213
0.195092 0 0.804908
0.195417 0 0.804583
0.195727 0 0.804273
0.196066 0 0.803934
0.196394 0 0.803606
0.19672 0 0.80328
0.197169 0 0.802831
0.197968 0 0.802032
0.19902 0 0.80098
0.199592 0 0.800408
0.199705 0 0.800295
0.199821 0 0.800179
0.200105 0 0.799895
0.200594 0 0.799406
0.201088 0 0.798912
0.201826 0 0.798174
0.202717 0 0.797283
0.203649 0 0.796351
0.204763 0 0.795237
0.205579 0 0.794421
0.206283 0 0.793717
0.206925 0 0.793075
0.207585 0 0.792415
0.208181 0 0.791819
0.208633 0 0.791367
0.209088 0 0.790912
0.209895 0 0.790105
0.211184 0 0.788815
0.212178 0 0.787822
0.213122 0 0.786878
0.217677 0 0.782323
0.218592 0 0.781408
0.219874 0 0.780126
0.221124 0 0.778876
0.222096 0 0.777904
0.223002 0 0.776998
0.106849 0 0.893151
0.106805 0 0.893195
0.10701 0 0.89299
0.10522 0 0.89478
0.105201 0 0.894799
0.105187 0 0.894813
0.105178 0 0.894822
0.105174 0 0.894826
0.105175 0 0.894825
0.105182 0 0.894818
0.105194 0 0.894806
0.105211 0 0.894789
0.105233 0 0.894767
0.10526 0 0.89474
0.105292 0 0.894708
0.10533 0 0.89467
0.107425 0 0.892575
0.107033 0 0.892967
0.107075 0 0.892925
0.241587 0 0.758413
0.241883 0 0.758117
0.0584023 0 0.941598
0.0547923 0 0.945208
0.0516009 0 0.948399
0.0487593 0 0.951241
0.0472128 0 0.952787
0.0472564 0 0.952744
0.047302 0 0.952698
0.0473501 0 0.95265
0.0474005 0 0.9526
0.0474531 0 0.952547
0.0475081 0 0.952492
0.0475655 0 0.952435
0.0476252 0 0.952375
0.0476874 0 0.952313
0.047752 0 0.952248
0.0478189 0 0.952181
0.0478883 0 0.952112
0.0479601 0 0.95204
0.0480343 0 0.951966
0.0481111 0 0.951889
0.0481904 0 0.95181
0.0482721 0 0.951728
0.0483564 0 0.951644
0.0484434 0 0.951557
0.0485329 0 0.951467
0.285522 0 0.714478
0.286972 0 0.713028
0.28922 0 0.71078
0.292488 0 0.707512
0.294972 0 0.705028
0.301024 0 0.698976
0.307718 0 0.692282
0.256721 0 0.743279
0.248551 0 0.751449
0.247825 0 0.752175
0.246709 0 0.753291
0.234134 0 0.765866
0.23295 0 0.76705
0.232399 0 0.767601
0.233433 0 0.766567
0.235003 0 0.764997
0.235807 0 0.764193
0.23717 0 0.76283
0.253368 0 0.746632
0.256741 0 0.743259
0.260624 0 0.739376
0.268568 0 0.731431
0.495599 0 0.504401
0.498659 0 0.501341
0.501831 0 0.498169
0.427648 0 0.572352
0.426463 0 0.573537
0.424101 0 0.575899
0.425349 0 0.574651
0.523179 0 0.476821
0.527123 0 0.472877
0.496839 0 0.503161
0.533409 0 0.466591
0.537562 0 0.462438
0.541417 0 0.458583
0.544394 0 0.455606
0.547429 0 0.452571
0.550864 0 0.449136
0.554469 0 0.445531
0.48079 0 0.51921
0.476633 0 0.523367
0.478489 0 0.521511
0.486621 0 0.513379
0.218591 0 0.781409
0.216193 0 0.783807
0.500658 0 0.499342
0.247488 0 0.752512
0.247432 0 0.752568
0.526562 0 0.473438
 ] }
}
