# Real Time: 843.518
# Simulation Time: 21.85
# Radar Position: 872.491 -231.583 3.22894
# Radar Quat: 0.000670993 0.00747288 0.84493 0.534825
PointSet {
 coord Coordinate { point [
854.639 -239.954 3.6236
854.842 -240.009 3.62254
819.768 -260.086 4.48094
820.426 -260.202 4.47655
821.072 -260.316 4.4723
821.707 -260.428 4.46818
822.041 -260.706 4.47135
821.948 -261.232 4.48513
821.854 -261.765 4.49913
821.759 -262.304 4.51337
821.663 -262.85 4.52783
842.958 -271.648 4.60188
843.389 -271.645 4.59971
843.816 -271.642 4.59762
844.239 -271.64 4.59559
844.658 -271.637 4.59364
845.073 -271.635 4.59175
845.483 -271.633 4.58994
845.89 -271.63 4.58818
846.293 -271.628 4.5865
846.692 -271.625 4.58488
847.088 -271.623 4.58332
847.48 -271.621 4.58182
847.766 -271.784 4.58597
847.77 -272.415 4.60593
847.774 -273.061 4.62641
847.778 -273.722 4.64741
856.501 -272.002 4.57662
866.243 -248.026 3.77782
866.373 -248.029 3.77797
868.792 -241.73 3.56813
868.922 -241.593 3.56358
869.079 -241.367 3.5561
869.146 -241.396 3.55714
869.212 -241.426 3.55819
869.279 -241.456 3.55925
869.346 -241.485 3.56033
869.413 -241.515 3.56142
869.346 -241.991 3.5774
869.416 -242.023 3.57862
869.486 -242.056 3.57985
869.556 -242.089 3.5811
869.752 -241.659 3.56686
869.82 -241.689 3.56802
869.888 -241.719 3.5692
869.956 -241.749 3.57039
870.024 -241.779 3.5716
870.092 -241.809 3.57282
870.052 -242.323 3.59026
868.668 -248.995 3.81441
868.648 -249.693 3.83823
868.626 -250.446 3.86397
868.602 -251.261 3.89187
863.804 -281.004 4.89614
865.178 -276.894 4.7602
854.927 -239.97 3.55262
819.773 -260.087 4.27152
820.43 -260.203 4.26895
821.076 -260.317 4.26648
821.711 -260.429 4.26411
822.04 -260.71 4.26791
821.947 -261.236 4.28048
821.853 -261.769 4.29325
821.758 -262.308 4.30623
821.662 -262.854 4.31942
842.962 -271.645 4.42778
843.394 -271.642 4.42651
843.821 -271.64 4.4253
844.244 -271.637 4.42414
844.662 -271.635 4.42303
845.077 -271.632 4.42197
845.487 -271.63 4.42097
845.894 -271.628 4.42001
846.297 -271.625 4.41911
846.696 -271.623 4.41825
847.091 -271.621 4.41745
847.483 -271.618 4.41669
847.767 -271.787 4.42105
847.77 -272.419 4.43914
847.774 -273.064 4.45769
847.778 -273.725 4.47671
856.503 -272.003 4.42463
866.245 -248.023 3.71613
868.509 -242.278 3.54632
868.869 -241.521 3.52406
868.936 -241.553 3.52513
869.08 -241.365 3.5197
869.146 -241.395 3.52072
869.213 -241.425 3.52175
869.28 -241.454 3.52279
869.347 -241.484 3.52383
869.414 -241.514 3.52489
869.481 -241.543 3.52596
869.479 -241.808 3.53404
869.548 -241.841 3.53521
869.617 -241.873 3.53638
869.753 -241.657 3.53018
869.82 -241.687 3.53131
869.888 -241.717 3.53244
869.956 -241.748 3.53359
870.025 -241.778 3.53475
870.093 -241.808 3.53592
870.162 -241.838 3.5371
868.668 -248.997 3.75204
868.648 -249.695 3.77346
868.626 -250.448 3.79662
868.602 -251.264 3.82171
863.804 -281.015 4.72097
865.18 -276.887 4.59947
819.778 -260.088 4.06216
820.435 -260.204 4.06142
821.08 -260.317 4.06072
821.715 -260.429 4.06008
822.039 -260.713 4.06447
821.946 -261.24 4.07584
821.852 -261.772 4.08738
821.758 -262.312 4.0991
821.661 -262.857 4.11101
842.967 -271.642 4.25376
843.398 -271.64 4.25339
843.825 -271.637 4.25305
844.248 -271.635 4.25275
844.667 -271.632 4.25249
845.081 -271.63 4.25226
845.491 -271.628 4.25207
845.898 -271.625 4.25191
846.301 -271.623 4.25178
846.7 -271.621 4.25169
847.095 -271.618 4.25164
847.487 -271.616 4.25161
847.767 -271.791 4.25615
847.77 -272.422 4.27237
847.774 -273.068 4.28899
847.778 -273.729 4.30603
856.504 -272.003 4.27268
866.247 -248.019 3.65447
868.513 -242.267 3.50604
868.87 -241.519 3.48689
869.013 -241.337 3.48241
869.081 -241.364 3.48333
869.147 -241.394 3.48433
869.214 -241.423 3.48533
869.281 -241.453 3.48634
869.348 -241.482 3.48736
869.415 -241.512 3.48839
869.482 -241.542 3.48943
869.485 -241.791 3.4962
869.554 -241.821 3.49728
869.686 -241.626 3.49245
869.753 -241.656 3.49353
869.821 -241.686 3.49461
869.889 -241.716 3.4957
869.957 -241.746 3.4968
870.025 -241.776 3.49792
870.094 -241.807 3.49904
870.163 -241.837 3.50017
870.181 -242.099 3.50743
868.648 -249.698 3.7087
868.626 -250.451 3.72926
868.602 -251.267 3.75156
863.803 -281.027 4.5458
865.182 -276.882 4.43888
868.662 -286.902 4.73652
819.782 -260.088 3.85284
820.439 -260.204 3.85391
821.085 -260.318 3.855
821.72 -260.43 3.8561
822.039 -260.717 3.86104
821.946 -261.243 3.8712
821.852 -261.776 3.88152
821.757 -262.316 3.89198
821.66 -262.861 3.90261
841.099 -271.78 4.08065
841.55 -271.777 4.0811
841.997 -271.775 4.08156
842.292 -271.968 4.0862
842.972 -271.64 4.07979
843.403 -271.637 4.08031
843.83 -271.635 4.08085
844.253 -271.632 4.08141
844.671 -271.63 4.08199
845.085 -271.627 4.08259
845.496 -271.625 4.08321
845.902 -271.623 4.08385
846.305 -271.62 4.08451
846.704 -271.618 4.08518
847.099 -271.616 4.08587
847.491 -271.613 4.08659
847.767 -271.795 4.09125
847.77 -272.426 4.10559
847.774 -273.072 4.12029
847.778 -273.733 4.13535
856.211 -271.922 4.11775
856.505 -272.004 4.12074
866.249 -248.016 3.59285
868.517 -242.257 3.46585
868.871 -241.517 3.44978
869.014 -241.335 3.44605
869.081 -241.363 3.44697
869.148 -241.392 3.44795
869.215 -241.422 3.44893
869.282 -241.451 3.44991
869.349 -241.481 3.4509
869.416 -241.511 3.4519
869.483 -241.541 3.45291
869.547 -241.58 3.45414
869.555 -241.82 3.45989
869.686 -241.624 3.45585
869.754 -241.654 3.45689
869.822 -241.684 3.45793
869.89 -241.715 3.45898
869.958 -241.745 3.46004
870.026 -241.775 3.4611
870.095 -241.805 3.46218
870.163 -241.836 3.46326
870.181 -242.098 3.46964
868.648 -249.7 3.64393
868.626 -250.454 3.6619
868.602 -251.27 3.68139
863.802 -281.04 4.37062
865.184 -276.879 4.27839
868.662 -286.919 4.5431
819.787 -260.089 3.64357
820.444 -260.205 3.64646
821.09 -260.319 3.64933
821.725 -260.431 3.65216
822.038 -260.721 3.65761
821.945 -261.247 3.66657
821.851 -261.78 3.67565
821.756 -262.319 3.68487
821.66 -262.865 3.69422
841.104 -271.777 3.9024
841.555 -271.775 3.90382
842.002 -271.772 3.90523
842.292 -271.972 3.91006
842.976 -271.637 3.90588
843.408 -271.635 3.90729
843.834 -271.632 3.90871
844.257 -271.63 3.91014
844.675 -271.627 3.91156
845.09 -271.625 3.91299
845.5 -271.623 3.91442
845.906 -271.62 3.91585
846.309 -271.618 3.91729
846.708 -271.616 3.91873
847.103 -271.613 3.92017
847.495 -271.611 3.92161
847.767 -271.799 3.92636
847.77 -272.43 3.93882
847.774 -273.076 3.95159
847.778 -273.737 3.96467
856.215 -271.916 3.96558
856.507 -272.005 3.96883
866.25 -248.013 3.53126
868.521 -242.247 3.42575
868.872 -241.516 3.41268
869.015 -241.334 3.40972
869.082 -241.361 3.41063
869.149 -241.391 3.41158
869.216 -241.421 3.41254
869.283 -241.45 3.4135
869.349 -241.48 3.41447
869.416 -241.509 3.41544
869.484 -241.539 3.41641
869.548 -241.579 3.41758
869.555 -241.819 3.42253
869.687 -241.623 3.41927
869.755 -241.653 3.42026
869.823 -241.683 3.42126
869.891 -241.713 3.42227
869.959 -241.743 3.42329
870.027 -241.773 3.42431
870.095 -241.804 3.42533
870.164 -241.834 3.42637
870.225 -241.9 3.42808
868.648 -249.703 3.57915
868.626 -250.456 3.59454
868.602 -251.273 3.61122
868.577 -252.161 3.62936
863.801 -281.056 4.19543
865.186 -276.878 4.118
866.818 -282.487 4.2447
868.662 -286.937 4.34961
819.792 -260.09 3.43434
820.449 -260.206 3.43905
821.094 -260.32 3.4437
821.729 -260.432 3.44827
822.037 -260.725 3.45419
821.944 -261.251 3.46194
821.85 -261.784 3.46979
821.755 -262.323 3.47775
821.659 -262.869 3.48582
841.109 -271.775 3.72421
841.56 -271.772 3.7266
842.007 -271.77 3.72897
842.292 -271.976 3.73393
842.981 -271.635 3.73202
843.412 -271.632 3.73434
843.839 -271.63 3.73663
844.262 -271.627 3.73892
844.68 -271.625 3.74118
845.094 -271.622 3.74344
845.504 -271.62 3.74568
845.911 -271.618 3.74791
846.313 -271.615 3.75012
846.712 -271.613 3.75233
847.107 -271.611 3.75452
847.499 -271.609 3.7567
847.767 -271.803 3.76146
847.77 -272.434 3.77205
847.774 -273.08 3.7829
847.778 -273.741 3.794
856.22 -271.91 3.8135
856.508 -272.006 3.81694
866.252 -248.01 3.4697
868.526 -242.237 3.38571
868.873 -241.515 3.37561
869.016 -241.332 3.3734
869.083 -241.36 3.37431
869.15 -241.39 3.37524
869.217 -241.419 3.37617
869.283 -241.449 3.3771
869.35 -241.478 3.37804
869.417 -241.508 3.37898
869.484 -241.538 3.37993
869.549 -241.578 3.38103
869.556 -241.817 3.38518
869.688 -241.622 3.3827
869.756 -241.652 3.38366
869.823 -241.682 3.38462
869.891 -241.712 3.38558
869.959 -241.742 3.38655
870.028 -241.772 3.38753
870.096 -241.802 3.38851
870.164 -241.833 3.38949
870.225 -241.899 3.39103
868.648 -249.705 3.51437
868.626 -250.459 3.52717
868.602 -251.276 3.54104
868.577 -252.164 3.55612
863.798 -281.081 4.02029
865.187 -276.88 3.95767
866.825 -282.441 4.06496
868.663 -286.956 4.15602
819.797 -260.091 3.22514
820.454 -260.207 3.23167
821.099 -260.321 3.23809
821.734 -260.433 3.2444
822.037 -260.728 3.25074
821.944 -261.255 3.25729
821.85 -261.788 3.26391
821.755 -262.327 3.27061
821.658 -262.873 3.2774
841.114 -271.772 3.54606
841.565 -271.769 3.54942
842.011 -271.767 3.55274
842.292 -271.98 3.55777
842.986 -271.632 3.55821
843.417 -271.63 3.56141
843.843 -271.627 3.56459
844.266 -271.625 3.56773
844.684 -271.622 3.57084
845.098 -271.62 3.57392
845.508 -271.618 3.57698
845.915 -271.615 3.58
846.317 -271.613 3.58299
846.716 -271.611 3.58596
847.111 -271.608 3.5889
847.503 -271.606 3.59181
847.767 -271.806 3.59655
847.77 -272.438 3.60527
847.774 -273.084 3.61418
847.778 -273.745 3.62331
856.224 -271.903 3.66147
856.51 -272.007 3.66505
866.254 -248.007 3.40818
868.53 -242.227 3.34577
868.874 -241.513 3.33854
869.017 -241.33 3.3371
869.084 -241.359 3.338
869.151 -241.388 3.33891
869.229 -241.383 3.33942
869.295 -241.414 3.34034
869.361 -241.445 3.34127
869.418 -241.507 3.34254
869.485 -241.536 3.34346
869.549 -241.577 3.34449
869.557 -241.816 3.34784
869.689 -241.62 3.34614
869.756 -241.65 3.34706
869.832 -241.648 3.34761
869.9 -241.679 3.34854
869.967 -241.711 3.34948
870.035 -241.742 3.35043
870.097 -241.801 3.35169
870.165 -241.831 3.35263
870.226 -241.897 3.35399
868.648 -249.708 3.44957
868.626 -250.462 3.45978
868.602 -251.279 3.47084
868.577 -252.167 3.48286
865.188 -276.883 3.79737
866.83 -282.407 3.88571
868.663 -286.975 3.96233
819.801 -260.092 3.01595
820.458 -260.208 3.0243
821.104 -260.321 3.0325
821.738 -260.433 3.04054
822.036 -260.732 3.04727
821.943 -261.259 3.05261
821.849 -261.792 3.05801
821.754 -262.331 3.06345
821.658 -262.877 3.06896
840.662 -271.772 3.36356
841.119 -271.769 3.36795
841.57 -271.767 3.37228
842.016 -271.764 3.37655
842.292 -271.983 3.38161
842.99 -271.629 3.38443
843.421 -271.627 3.38853
843.848 -271.625 3.39258
844.27 -271.622 3.39658
844.688 -271.62 3.40054
845.103 -271.617 3.40445
845.513 -271.615 3.40831
845.919 -271.613 3.41212
846.321 -271.61 3.4159
846.72 -271.608 3.41963
847.115 -271.606 3.42332
847.507 -271.604 3.42696
847.767 -271.81 3.43162
847.771 -272.442 3.43846
847.774 -273.088 3.44545
847.778 -273.749 3.45259
856.228 -271.897 3.50951
856.511 -272.008 3.51317
866.256 -248.004 3.34668
868.538 -242.206 3.30583
868.874 -241.512 3.30149
869.018 -241.328 3.30082
869.085 -241.358 3.3017
869.151 -241.387 3.30258
869.237 -241.361 3.30305
869.303 -241.39 3.30392
869.37 -241.42 3.3048
869.419 -241.505 3.30612
869.486 -241.535 3.307
869.55 -241.576 3.30797
869.558 -241.814 3.31052
869.69 -241.619 3.3096
869.757 -241.649 3.31048
869.834 -241.645 3.31109
869.907 -241.652 3.31177
869.975 -241.682 3.31265
870.043 -241.712 3.31353
870.097 -241.799 3.31489
870.166 -241.83 3.31578
870.227 -241.896 3.31697
868.648 -249.71 3.38476
868.626 -250.465 3.39238
868.602 -251.282 3.40063
868.577 -252.17 3.40959
863.45 -285.286 3.70962
865.188 -276.889 3.63709
866.835 -282.377 3.70675
868.663 -286.994 3.76853
819.806 -260.093 2.80678
820.463 -260.208 2.81695
821.108 -260.322 2.82692
821.743 -260.434 2.8367
822.035 -260.736 2.84377
821.942 -261.263 2.84791
821.848 -261.796 2.85207
821.753 -262.335 2.85626
821.657 -262.881 2.86049
840.668 -271.769 3.18449
841.124 -271.767 3.18987
841.575 -271.764 3.19517
842.021 -271.762 3.20039
842.292 -271.987 3.20541
842.995 -271.627 3.21068
843.426 -271.624 3.21568
843.853 -271.622 3.2206
844.275 -271.62 3.22547
844.693 -271.617 3.23026
845.107 -271.615 3.23499
845.517 -271.613 3.23967
845.923 -271.61 3.24428
846.326 -271.608 3.24883
846.724 -271.606 3.25332
847.119 -271.603 3.25776
847.511 -271.601 3.26214
847.767 -271.814 3.26667
847.771 -272.446 3.27163
847.774 -273.092 3.27669
847.778 -273.753 3.28186
856.233 -271.89 3.35759
856.512 -272.009 3.36128
866.258 -248.001 3.2852
868.561 -242.144 3.26589
868.875 -241.511 3.26445
869.019 -241.327 3.26455
869.086 -241.356 3.26541
869.152 -241.386 3.26627
869.238 -241.359 3.26692
869.304 -241.389 3.26777
869.37 -241.418 3.26862
869.42 -241.504 3.2697
869.487 -241.534 3.27055
869.551 -241.575 3.27145
869.558 -241.813 3.2732
869.69 -241.618 3.27307
869.758 -241.647 3.27391
869.835 -241.641 3.27459
869.908 -241.65 3.27533
869.976 -241.68 3.27616
870.043 -241.71 3.27699
870.098 -241.798 3.2781
870.166 -241.828 3.27894
870.227 -241.895 3.27995
868.648 -249.713 3.31993
868.626 -250.468 3.32496
868.602 -251.285 3.3304
868.577 -252.174 3.3363
863.457 -285.254 3.51918
865.188 -276.898 3.47679
866.839 -282.35 3.52802
868.663 -287.013 3.57459
820.468 -260.209 2.60961
821.113 -260.323 2.62136
821.748 -260.435 2.63288
822.035 -260.74 2.64025
821.942 -261.267 2.64317
821.848 -261.8 2.6461
821.753 -262.339 2.64904
821.656 -262.885 2.65198
840.673 -271.767 3.00546
841.129 -271.764 3.01182
841.58 -271.762 3.01809
842.026 -271.759 3.02427
842.293 -271.991 3.0292
843 -271.624 3.03697
843.431 -271.622 3.04286
843.857 -271.619 3.04866
844.28 -271.617 3.05438
844.698 -271.615 3.06002
845.112 -271.612 3.06558
845.522 -271.61 3.07106
845.928 -271.608 3.07646
846.33 -271.605 3.08179
846.729 -271.603 3.08705
847.124 -271.601 3.09223
847.515 -271.599 3.09735
847.767 -271.818 3.10169
847.771 -272.45 3.10478
847.774 -273.096 3.10792
847.778 -273.758 3.1111
856.238 -271.884 3.20574
856.514 -272.011 3.2094
866.26 -247.998 3.22375
868.566 -242.134 3.22641
868.876 -241.509 3.22742
869.02 -241.325 3.22829
869.087 -241.355 3.22914
869.153 -241.384 3.22998
869.238 -241.358 3.2308
869.305 -241.388 3.23163
869.371 -241.417 3.23245
869.42 -241.503 3.2333
869.488 -241.532 3.23412
869.551 -241.574 3.23494
869.559 -241.812 3.2359
869.691 -241.616 3.23655
869.759 -241.646 3.23735
869.836 -241.638 3.23812
869.909 -241.649 3.23889
869.976 -241.679 3.23968
870.044 -241.709 3.24047
870.099 -241.797 3.24132
870.167 -241.827 3.24211
870.228 -241.894 3.24294
868.648 -249.716 3.25509
868.626 -250.471 3.25752
868.603 -251.289 3.26015
868.577 -252.178 3.26299
863.462 -285.234 3.329
865.187 -276.912 3.31643
866.844 -282.324 3.3495
866.307 -290.917 3.37358
868.663 -287.033 3.38054
821.118 -260.324 2.41581
821.753 -260.436 2.42907
822.034 -260.744 2.43669
821.941 -261.271 2.43841
821.847 -261.804 2.44011
821.752 -262.343 2.44179
821.656 -262.89 2.44345
821.762 -263.315 2.44823
840.678 -271.764 2.82646
841.134 -271.761 2.83381
841.585 -271.759 2.84105
842.031 -271.756 2.84818
842.293 -271.995 2.85295
843.005 -271.622 2.86328
843.436 -271.619 2.87007
843.862 -271.617 2.87675
844.284 -271.615 2.88332
844.702 -271.612 2.8898
845.116 -271.61 2.89619
845.526 -271.608 2.90248
845.932 -271.605 2.90868
846.334 -271.603 2.91478
846.733 -271.601 2.9208
847.128 -271.599 2.92673
847.519 -271.596 2.93258
847.767 -271.822 2.93669
847.771 -272.454 2.9379
847.775 -273.101 2.93911
847.778 -273.762 2.94031
856.24 -271.882 3.05392
856.515 -272.012 3.05751
866.262 -247.995 3.16233
868.57 -242.123 3.18701
868.877 -241.508 3.1904
869.021 -241.324 3.19205
869.088 -241.354 3.19287
869.154 -241.383 3.19369
869.239 -241.357 3.19469
869.306 -241.386 3.1955
869.372 -241.416 3.19629
869.421 -241.501 3.1969
869.488 -241.531 3.19769
869.552 -241.573 3.19844
869.56 -241.81 3.19861
869.692 -241.615 3.20004
869.759 -241.645 3.20081
869.837 -241.636 3.20167
869.91 -241.648 3.20247
869.977 -241.677 3.20322
870.045 -241.707 3.20396
870.099 -241.795 3.20456
870.168 -241.826 3.20529
870.228 -241.893 3.20594
868.648 -249.719 3.19023
868.626 -250.474 3.19006
868.603 -251.292 3.18987
868.577 -252.182 3.18965
863.466 -285.22 3.13896
865.184 -276.939 3.15596
866.848 -282.3 3.17115
866.31 -290.899 3.1652
868.663 -287.053 3.18634
824.994 -258.593 2.28926
825.193 -258.919 2.29542
825.077 -259.43 2.29533
825.076 -259.878 2.29748
825.722 -259.937 2.31229
825.758 -260.363 2.31507
825.803 -260.787 2.318
825.066 -261.712 2.30568
825.378 -261.978 2.31378
825.946 -262.073 2.32676
825.914 -262.561 2.32807
826.034 -262.952 2.33229
826.131 -263.36 2.33602
824.341 -265.086 2.30346
823.683 -266.053 2.29271
824.436 -266.026 2.30899
840.684 -271.761 2.64748
841.14 -271.759 2.65583
841.59 -271.756 2.66403
842.036 -271.754 2.67211
842.293 -271.999 2.67668
842.296 -272.589 2.67658
843.441 -271.617 2.6973
843.867 -271.614 2.70486
844.289 -271.612 2.71229
844.707 -271.61 2.71961
845.121 -271.607 2.72682
845.53 -271.605 2.73392
845.936 -271.603 2.74091
846.339 -271.601 2.7478
846.737 -271.598 2.75458
847.132 -271.596 2.76126
847.523 -271.594 2.76784
847.767 -271.826 2.77166
847.771 -272.458 2.77099
847.775 -273.105 2.77027
847.778 -273.766 2.76949
856.242 -271.881 2.9021
856.517 -272.013 2.90561
866.264 -247.992 3.10093
868.575 -242.112 3.14769
868.871 -241.527 3.15324
869.022 -241.323 3.15581
869.088 -241.352 3.15661
869.155 -241.382 3.15741
869.24 -241.356 3.1586
869.306 -241.385 3.15937
869.373 -241.414 3.16014
869.422 -241.5 3.16052
869.489 -241.53 3.16128
869.553 -241.572 3.16194
869.558 -241.818 3.16128
869.693 -241.613 3.16354
869.76 -241.643 3.16427
869.838 -241.634 3.16524
869.91 -241.646 3.16606
869.978 -241.676 3.16676
870.046 -241.706 3.16746
870.1 -241.794 3.1678
870.169 -241.824 3.16849
870.229 -241.892 3.16895
868.648 -249.723 3.12534
868.626 -250.478 3.12258
868.603 -251.296 3.11958
868.577 -252.185 3.11629
863.47 -285.208 2.949
866.852 -282.276 2.99297
866.312 -290.895 2.95689
868.664 -287.073 2.99201
872.136 -290.761 3.00677
828.271 -257.141 2.17769
828.575 -257.376 2.18622
828.788 -257.663 2.19256
828.641 -258.168 2.19029
828.628 -258.596 2.19118
828.546 -259.073 2.19038
828.655 -259.433 2.19406
828.815 -259.76 2.19891
828.852 -260.171 2.20077
828.896 -260.579 2.20278
828.853 -261.049 2.2027
829 -261.395 2.20701
828.786 -261.993 2.20282
828.894 -262.372 2.20614
828.872 -262.846 2.20637
828.962 -263.244 2.20917
828.987 -263.693 2.21039
828.822 -264.289 2.20711
828.506 -265.008 2.20028
827.912 -265.954 2.18689
827.919 -266.448 2.18751
827.727 -267.105 2.18341
826.433 -268.66 2.15356
840.689 -271.759 2.46853
841.145 -271.756 2.47787
841.808 -271.477 2.49214
842.117 -271.651 2.49789
842.293 -272.003 2.50037
842.52 -272.289 2.50403
842.958 -272.287 2.51274
843.391 -272.284 2.52131
843.82 -272.282 2.52975
845.507 -271.644 2.5647
845.946 -271.593 2.57329
846.131 -271.923 2.57557
845.675 -273.254 2.56188
846.021 -273.354 2.56799
846.754 -283.532 2.53493
847.283 -283.371 2.54461
856.245 -271.88 2.75029
856.518 -272.014 2.7537
866.266 -247.989 3.03955
868.579 -242.102 3.10845
868.857 -241.567 3.1157
868.982 -241.438 3.11829
869.089 -241.351 3.12037
869.156 -241.38 3.12114
869.236 -241.368 3.12236
869.303 -241.396 3.12313
869.37 -241.424 3.12388
869.423 -241.499 3.12415
869.49 -241.528 3.12487
869.48 -241.822 3.12288
869.549 -241.851 3.12362
869.689 -241.629 3.12688
869.761 -241.642 3.12774
869.839 -241.633 3.12881
869.908 -241.656 3.12954
869.976 -241.685 3.13021
870.044 -241.714 3.13087
870.101 -241.792 3.13105
870.169 -241.823 3.13169
870.18 -242.119 3.12983
868.648 -249.726 3.06043
868.626 -250.481 3.05508
868.603 -251.299 3.04925
868.577 -252.189 3.0429
863.473 -285.199 2.7591
866.856 -282.254 2.81495
871.972 -236.559 3.18797
868.664 -287.093 2.79753
872.138 -290.755 2.80007
872.543 -281.951 2.86645
842.678 -249.081 2.40011
842.576 -249.424 2.39762
842.473 -249.771 2.39509
834.137 -255.201 2.16405
834.089 -255.603 2.16302
833.751 -256.193 2.15393
833.19 -256.937 2.13858
832.926 -257.501 2.13142
832.696 -258.051 2.12515
832.551 -258.552 2.1212
832.236 -259.177 2.11246
832.402 -259.477 2.117
831.98 -260.192 2.1052
832.002 -260.604 2.10561
831.972 -261.056 2.10454
831.983 -261.483 2.10453
832.155 -261.793 2.10895
832.376 -262.067 2.11466
832.064 -262.752 2.10551
832.084 -263.19 2.10548
832.08 -263.651 2.10475
832.273 -263.958 2.10942
832.445 -264.283 2.11345
831.835 -265.257 2.09562
831.033 -266.414 2.07233
831.081 -266.87 2.07265
828.351 -269.735 1.99529
834.636 -278.068 2.11788
835.091 -278.17 2.12776
835.458 -278.378 2.135
841.851 -271.426 2.31749
842.155 -271.606 2.32327
842.293 -272.008 2.32401
842.869 -271.819 2.33783
843.301 -271.817 2.34734
843.534 -272.089 2.35075
843.825 -272.279 2.35589
844.25 -272.277 2.36504
844.671 -272.275 2.37405
845.597 -271.515 2.39864
845.983 -271.541 2.40661
846.189 -271.838 2.40895
846.313 -272.266 2.40865
847.125 -271.615 2.42988
847.145 -272.21 2.42616
847.148 -272.843 2.42178
847.152 -273.491 2.41724
846.373 -283.393 2.32646
846.905 -283.233 2.33757
847.43 -283.074 2.34847
847.881 -283.056 2.3568
848.038 -283.661 2.35457
848.189 -284.293 2.35196
856.247 -271.88 2.59847
856.52 -272.015 2.60178
866.268 -247.986 2.97819
868.561 -242.153 3.06835
868.844 -241.604 3.0779
868.912 -241.634 3.0787
869.09 -241.35 3.08413
869.157 -241.379 3.08488
869.226 -241.4 3.08575
869.293 -241.428 3.08649
869.36 -241.457 3.08723
869.424 -241.497 3.08778
869.491 -241.527 3.08848
869.464 -241.878 3.08468
869.533 -241.909 3.08538
869.634 -241.828 3.0876
869.762 -241.641 3.09122
869.832 -241.661 3.092
869.9 -241.69 3.09264
869.968 -241.719 3.09327
870.036 -241.748 3.09389
870.102 -241.791 3.09431
870.17 -241.821 3.0949
870.165 -242.189 3.09112
868.648 -249.729 2.9955
868.626 -250.484 2.98754
868.603 -251.303 2.9789
868.577 -252.193 2.96947
863.476 -285.191 2.56924
866.86 -282.232 2.63706
871.972 -236.563 3.1703
868.664 -287.114 2.6029
872.139 -290.749 2.59341
872.544 -281.951 2.69046
872.951 -288.925 2.61899
846.17 -247.278 2.39029
846.104 -247.568 2.38802
846.038 -247.862 2.38571
845.972 -248.159 2.38337
845.907 -248.46 2.38099
845.842 -248.764 2.37858
845.778 -249.071 2.37613
845.714 -249.381 2.37365
845.65 -249.696 2.37113
845.587 -250.013 2.36857
845.524 -250.335 2.36598
845.462 -250.66 2.36334
845.4 -250.989 2.36067
845.339 -251.321 2.35795
845.278 -251.658 2.3552
845.218 -251.998 2.3524
845.159 -252.343 2.34956
845.099 -252.691 2.34668
845.041 -253.044 2.34375
844.983 -253.401 2.34077
844.925 -253.763 2.33775
844.868 -254.128 2.33469
844.812 -254.499 2.33157
844.757 -254.873 2.32841
844.702 -255.253 2.3252
844.647 -255.637 2.32193
844.594 -256.026 2.31862
844.541 -256.42 2.31525
844.489 -256.818 2.31183
844.438 -257.222 2.30835
844.387 -257.631 2.30482
844.338 -258.046 2.30123
844.289 -258.466 2.29759
844.241 -258.891 2.29388
844.194 -259.322 2.29011
844.148 -259.758 2.28629
844.103 -260.2 2.28239
844.058 -260.649 2.27844
832.312 -273.252 1.88232
832.875 -273.246 1.89747
833.304 -273.375 1.90809
833.772 -273.458 1.91994
834.155 -273.629 1.9289
834.707 -273.61 1.94352
835.064 -273.802 1.95147
834.675 -274.846 1.93384
834.921 -275.175 1.93779
835.174 -275.498 1.94188
835.423 -275.828 1.94572
835.645 -276.192 1.94856
835.901 -276.519 1.95243
836.169 -276.831 1.95667
837.095 -276.313 1.98394
837.154 -276.886 1.9807
841.839 -271.446 2.14136
842.145 -271.623 2.14735
838.21 -277.483 2.00148
842.874 -271.817 2.16334
843.306 -271.814 2.17374
843.534 -272.094 2.17668
838.137 -280.367 1.9742
838.682 -280.313 1.98752
839.395 -280.004 2.00702
845.592 -271.527 2.23012
845.982 -271.547 2.23892
846.186 -271.848 2.2407
845.753 -273.142 2.21835
846.082 -273.268 2.22453
846.527 -283.094 2.13013
847.055 -282.936 2.14245
847.533 -282.867 2.15273
847.889 -283.046 2.15768
848.17 -283.385 2.15927
848.322 -284.011 2.15495
856.249 -271.879 2.44665
856.521 -272.017 2.44983
867.733 -244.117 2.99014
868.565 -242.142 3.02904
868.845 -241.603 3.04055
868.913 -241.633 3.04133
869.058 -241.443 3.04616
869.158 -241.378 3.04863
869.224 -241.407 3.04935
869.291 -241.437 3.05005
869.358 -241.466 3.05074
869.425 -241.496 3.05142
869.395 -241.846 3.04642
869.465 -241.877 3.04709
869.534 -241.908 3.04775
869.604 -241.939 3.0484
869.762 -241.642 3.05467
869.83 -241.669 3.05531
869.898 -241.699 3.0559
869.966 -241.729 3.05647
870.034 -241.759 3.05703
870.102 -241.79 3.05758
870.095 -242.156 3.05255
870.166 -242.187 3.05309
868.648 -249.732 2.93054
868.626 -250.488 2.91998
868.603 -251.307 2.90851
868.577 -252.197 2.89601
863.48 -285.185 2.3794
866.864 -282.211 2.45931
871.974 -236.543 3.15297
872.009 -236.549 3.15325
872.044 -236.554 3.15352
872.079 -236.56 3.15379
868.664 -287.135 2.4081
872.141 -290.743 2.38677
872.545 -281.95 2.51446
872.953 -288.93 2.41855
873.198 -278.514 2.56793
848.952 -245.84 2.38247
848.91 -246.092 2.38038
848.869 -246.346 2.37826
848.829 -246.602 2.37612
848.789 -246.861 2.37394
848.75 -247.122 2.37174
848.712 -247.386 2.36951
848.675 -247.652 2.36724
848.638 -247.921 2.36495
848.602 -248.192 2.36263
848.566 -248.466 2.36028
848.532 -248.743 2.35789
848.498 -249.022 2.35547
848.465 -249.305 2.35302
848.432 -249.589 2.35054
848.401 -249.877 2.34802
848.37 -250.168 2.34547
848.341 -250.461 2.34289
848.312 -250.758 2.34027
848.284 -251.057 2.33762
848.257 -251.36 2.33492
848.231 -251.665 2.3322
848.206 -251.974 2.32943
848.181 -252.286 2.32663
848.158 -252.601 2.32378
848.136 -252.919 2.3209
848.115 -253.241 2.31798
848.095 -253.566 2.31502
848.076 -253.894 2.31202
848.059 -254.226 2.30897
848.042 -254.561 2.30589
848.027 -254.9 2.30276
848.013 -255.242 2.29958
848 -255.588 2.29637
847.988 -255.938 2.2931
847.977 -256.292 2.28979
847.968 -256.649 2.28644
847.961 -257.01 2.28303
847.954 -257.375 2.27958
847.949 -257.744 2.27608
847.946 -258.117 2.27252
847.944 -258.495 2.26892
847.943 -258.876 2.26527
847.944 -259.262 2.26156
847.947 -259.652 2.2578
847.951 -260.046 2.25398
847.957 -260.444 2.25011
847.965 -260.848 2.24619
839.534 -271.484 1.90271
839.68 -271.878 1.90253
839.696 -272.438 1.897
839.957 -272.697 1.90128
840.37 -272.764 1.91165
841.752 -271.562 1.96197
842.075 -271.72 1.96879
840.537 -274.37 1.89805
840.655 -274.839 1.89577
842.014 -273.602 1.94557
839.62 -277.579 1.83686
840.028 -277.686 1.84608
840.193 -278.138 1.84487
840.254 -278.751 1.83897
841.061 -278.266 1.86524
845.939 -271.616 2.06936
846.102 -271.98 2.06886
845.71 -273.213 2.04366
846.049 -273.324 2.05052
843.185 -278.572 1.91365
843.654 -278.549 1.92522
844.08 -278.588 1.93488
844.569 -278.515 1.94741
844.979 -278.57 1.95631
845.31 -278.756 1.96155
845.529 -279.142 1.96136
846.581 -278.038 2.00055
847.018 -278.014 2.01081
847.404 -278.077 2.01863
847.756 -278.201 2.02477
847.964 -278.601 2.02375
848.22 -278.913 2.02494
846.576 -283.002 1.9309
849.831 -277.332 2.08248
850.157 -277.478 2.08732
847.897 -283.036 1.95862
848.253 -283.216 1.96346
848.453 -283.732 1.96002
848.608 -284.363 1.95383
853.27 -276.541 2.16529
853.939 -275.826 2.18938
854.354 -275.7 2.19941
856.251 -271.879 2.29482
856.523 -272.018 2.29787
867.751 -244.07 2.94424
868.57 -242.131 2.98981
868.846 -241.601 3.0032
868.927 -241.596 3.00476
868.995 -241.627 3.00548
869.154 -241.391 3.01207
869.221 -241.419 3.01279
869.288 -241.448 3.01349
869.355 -241.476 3.01418
869.422 -241.505 3.01485
869.405 -241.816 3.00948
869.474 -241.848 3.01009
869.542 -241.88 3.01069
869.611 -241.911 3.01128
869.709 -241.84 3.01399
869.827 -241.681 3.0185
869.896 -241.71 3.01906
869.964 -241.739 3.01961
870.032 -241.768 3.02015
870.101 -241.797 3.02067
870.096 -242.155 3.01457
870.166 -242.186 3.01506
868.648 -249.735 2.86554
868.626 -250.491 2.85238
868.605 -251.296 2.83837
868.579 -252.189 2.82275
863.482 -285.179 2.18956
871.928 -236.639 3.13322
871.975 -236.539 3.13548
872.01 -236.544 3.13575
872.044 -236.55 3.13602
872.079 -236.556 3.13627
868.665 -287.156 2.21313
872.143 -290.737 2.18015
872.547 -281.95 2.33845
872.955 -288.936 2.21805
873.199 -278.512 2.40392
851.221 -244.668 2.37609
851.196 -244.889 2.37416
851.173 -245.112 2.3722
851.15 -245.337 2.37022
851.128 -245.563 2.36822
851.107 -245.792 2.36619
851.087 -246.022 2.36414
851.068 -246.254 2.36207
851.049 -246.488 2.35996
851.031 -246.724 2.35784
851.015 -246.962 2.35569
850.999 -247.202 2.35351
850.984 -247.444 2.3513
850.97 -247.688 2.34907
850.956 -247.934 2.34681
850.944 -248.182 2.34453
850.933 -248.432 2.34222
850.923 -248.685 2.33988
850.914 -248.939 2.33751
850.906 -249.196 2.33511
850.899 -249.455 2.33268
850.893 -249.716 2.33022
850.888 -249.979 2.32774
850.884 -250.244 2.32522
850.881 -250.512 2.32267
850.88 -250.782 2.32009
850.879 -251.054 2.31748
850.88 -251.329 2.31484
850.882 -251.606 2.31217
850.886 -251.886 2.30946
850.89 -252.168 2.30672
850.896 -252.452 2.30394
850.904 -252.739 2.30114
850.912 -253.029 2.29829
850.922 -253.321 2.29541
850.934 -253.615 2.2925
850.947 -253.912 2.28955
850.961 -254.212 2.28656
850.977 -254.515 2.28354
850.994 -254.82 2.28048
851.013 -255.127 2.27738
851.033 -255.438 2.27424
851.055 -255.751 2.27107
851.079 -256.067 2.26785
851.104 -256.386 2.2646
851.131 -256.708 2.2613
851.16 -257.033 2.25796
851.19 -257.361 2.25458
851.223 -257.691 2.25116
851.257 -258.025 2.2477
851.293 -258.361 2.24419
851.331 -258.701 2.24064
851.371 -259.043 2.23704
851.412 -259.389 2.2334
851.456 -259.738 2.22971
851.502 -260.09 2.22598
851.55 -260.446 2.2222
851.6 -260.804 2.21837
851.653 -261.166 2.21449
851.707 -261.531 2.21057
844.703 -272.24 1.8585
845.231 -272.072 1.87536
845.869 -271.726 1.89784
846.235 -271.78 1.90678
846.469 -272.037 1.90898
845.919 -273.534 1.87105
846.226 -273.698 1.87646
846.647 -273.674 1.88776
846.93 -273.873 1.89182
846.857 -274.671 1.87704
846.776 -275.503 1.86143
845.846 -277.832 1.79983
846.31 -277.768 1.81241
846.76 -277.722 1.82427
847.179 -277.725 1.83445
847.636 -277.653 1.84673
848.136 -277.49 1.86149
848.611 -277.363 1.87498
848.98 -277.434 1.88243
849.61 -276.983 1.90499
850.096 -276.802 1.91938
850.614 -276.542 1.93584
851.053 -276.435 1.94767
851.454 -276.397 1.95736
851.855 -276.353 1.96708
852.28 -276.248 1.97831
852.698 -276.151 1.98919
853.309 -275.601 2.01239
853.733 -275.461 2.02403
854.159 -275.308 2.03582
854.595 -275.118 2.04845
856.254 -271.878 2.14297
856.524 -272.019 2.14587
855.519 -275.464 2.06089
867.77 -244.024 2.89867
868.574 -242.12 2.95064
868.859 -241.566 2.96674
868.931 -241.585 2.96777
868.999 -241.615 2.96849
869.068 -241.646 2.9692
869.184 -241.532 2.97357
869.263 -241.527 2.97512
869.328 -241.562 2.97562
869.342 -241.767 2.97185
869.411 -241.797 2.97247
869.48 -241.828 2.97307
869.549 -241.859 2.97366
869.618 -241.889 2.97423
869.688 -241.92 2.97478
869.757 -241.951 2.97531
869.875 -241.791 2.98043
869.945 -241.817 2.98103
870.024 -241.802 2.98259
870.037 -242.074 2.97728
870.107 -242.105 2.97773
870.175 -242.148 2.9779
868.655 -249.704 2.80132
868.626 -250.494 2.78476
868.603 -251.314 2.76764
868.577 -252.205 2.74899
863.697 -279.783 2.11384
864.002 -280.024 2.11305
864.304 -280.296 2.11151
864.609 -280.577 2.1097
864.915 -280.863 2.10773
871.929 -236.631 3.11548
871.975 -236.537 3.11796
872.01 -236.543 3.11822
872.044 -236.549 3.11848
872.079 -236.554 3.11872
868.665 -287.177 2.01799
872.144 -290.732 1.97354
872.548 -281.949 2.16242
872.956 -288.942 2.01748
873.2 -278.51 2.23991
853.107 -243.693 2.37079
853.095 -243.89 2.369
853.084 -244.088 2.36718
853.074 -244.288 2.36534
853.065 -244.489 2.36349
853.056 -244.691 2.36161
853.049 -244.895 2.35971
853.042 -245.1 2.3578
853.037 -245.307 2.35586
853.032 -245.515 2.3539
853.028 -245.725 2.35191
853.025 -245.936 2.34991
853.023 -246.149 2.34788
853.023 -246.363 2.34584
853.023 -246.579 2.34377
853.024 -246.796 2.34167
853.026 -247.015 2.33956
853.029 -247.236 2.33742
853.033 -247.458 2.33526
853.038 -247.681 2.33307
853.045 -247.906 2.33086
853.052 -248.133 2.32863
853.061 -248.362 2.32637
853.071 -248.592 2.32408
853.082 -248.824 2.32178
853.094 -249.057 2.31944
853.107 -249.292 2.31708
853.122 -249.529 2.3147
853.138 -249.768 2.31229
853.155 -250.008 2.30985
853.173 -250.25 2.30739
853.193 -250.494 2.3049
853.214 -250.739 2.30238
853.236 -250.986 2.29983
853.26 -251.235 2.29726
853.285 -251.486 2.29466
853.312 -251.739 2.29203
853.34 -251.993 2.28937
853.369 -252.25 2.28668
853.4 -252.508 2.28396
853.433 -252.768 2.28122
853.467 -253.03 2.27844
853.503 -253.294 2.27563
853.54 -253.559 2.27279
853.579 -253.827 2.26993
853.619 -254.097 2.26703
853.661 -254.368 2.26409
853.705 -254.642 2.26113
853.751 -254.917 2.25814
853.798 -255.194 2.25511
853.847 -255.474 2.25205
853.866 -255.797 2.24725
853.823 -256.208 2.23902
853.778 -256.628 2.23055
853.733 -257.059 2.22181
853.687 -257.5 2.21279
853.639 -257.951 2.2035
853.59 -258.414 2.19392
853.54 -258.889 2.18402
853.489 -259.376 2.17381
853.438 -259.873 2.16337
853.486 -260.233 2.15818
853.569 -260.544 2.15487
853.64 -260.881 2.15067
853.61 -261.384 2.14044
853.521 -261.993 2.12653
848.336 -270.924 1.81387
848.428 -271.396 1.80741
848.636 -271.683 1.80755
848.841 -271.977 1.80743
848.526 -273.181 1.77556
848.813 -273.353 1.77983
849.175 -273.392 1.78858
849.475 -273.542 1.79343
849.799 -273.645 1.79975
850.137 -273.72 1.80693
850.434 -273.871 1.8114
850.667 -274.146 1.81168
849.993 -276.228 1.75223
850.483 -276.024 1.76852
850.933 -275.893 1.78223
851.428 -275.653 1.79921
851.847 -275.564 1.81111
852.28 -275.434 1.82414
852.675 -275.38 1.83456
853.126 -275.191 1.84905
853.53 -275.099 1.86032
853.965 -274.923 1.87401
854.449 -274.619 1.89146
854.916 -274.342 1.90785
856.256 -271.877 1.99111
856.526 -272.02 1.99385
856.033 -274.138 1.93662
867.788 -243.978 2.85343
868.509 -242.299 2.90587
868.848 -241.599 2.92851
868.932 -241.584 2.93058
869 -241.614 2.93128
869.069 -241.644 2.93197
869.137 -241.675 2.93263
869.206 -241.705 2.93328
869.274 -241.735 2.9339
869.343 -241.766 2.93451
869.412 -241.796 2.9351
869.481 -241.827 2.93567
869.55 -241.857 2.93622
869.619 -241.888 2.93675
869.688 -241.918 2.93726
869.758 -241.949 2.93775
869.827 -241.98 2.93823
869.897 -242.011 2.93868
869.967 -242.042 2.93912
870.037 -242.073 2.93953
870.108 -242.104 2.93993
868.668 -249.041 2.75245
868.648 -249.742 2.73547
868.626 -250.498 2.7171
868.603 -251.318 2.69715
868.577 -252.209 2.67542
863.787 -279.297 1.95552
865.181 -273.302 2.11963
864.399 -279.741 1.9535
864.701 -280.016 1.95101
865.005 -280.293 1.94841
865.311 -280.574 1.94567
865.621 -280.857 1.94281
865.934 -281.142 1.93986
866.25 -281.429 1.9368
866.569 -281.72 1.9336
871.93 -236.623 3.0978
871.975 -236.536 3.10043
872.01 -236.542 3.10069
872.045 -236.548 3.10094
872.08 -236.553 3.10118
868.665 -287.199 1.82266
872.146 -290.726 1.76694
872.549 -281.949 1.98636
872.958 -288.948 1.81684
873.201 -278.508 2.07588
854.7 -242.87 2.36632
854.697 -243.047 2.36464
854.695 -243.225 2.36295
854.694 -243.404 2.36123
854.694 -243.584 2.35951
854.695 -243.766 2.35776
854.697 -243.948 2.35599
854.7 -244.132 2.35421
854.703 -244.316 2.35241
854.708 -244.502 2.35059
854.713 -244.689 2.34876
854.72 -244.877 2.3469
854.727 -245.067 2.34503
854.736 -245.257 2.34314
854.745 -245.449 2.34123
854.756 -245.642 2.3393
854.767 -245.836 2.33735
854.779 -246.031 2.33538
854.793 -246.227 2.33339
854.808 -246.425 2.33138
854.823 -246.623 2.32935
854.807 -246.852 2.3256
854.782 -247.092 2.32132
854.756 -247.335 2.31692
854.73 -247.581 2.31241
854.704 -247.832 2.30778
854.677 -248.087 2.30302
854.65 -248.346 2.29813
854.622 -248.609 2.29312
854.594 -248.876 2.28797
854.565 -249.148 2.28268
854.536 -249.424 2.27726
854.534 -249.678 2.27314
854.572 -249.894 2.27107
854.575 -250.149 2.26702
854.577 -250.408 2.26282
854.596 -250.654 2.25938
854.618 -250.9 2.25601
854.642 -251.147 2.25265
854.642 -251.423 2.24787
854.633 -251.714 2.24247
854.676 -251.952 2.23976
854.71 -252.202 2.23649
854.71 -252.496 2.23115
854.706 -252.8 2.22547
854.766 -253.032 2.22322
854.835 -253.254 2.22144
854.862 -253.533 2.21712
854.919 -253.778 2.21437
854.697 -254.386 2.19526
854.797 -254.587 2.19468
854.899 -254.788 2.19411
854.965 -255.04 2.19129
855.037 -255.288 2.1887
855.135 -255.502 2.18757
855.261 -255.682 2.18794
855.049 -256.343 2.1677
855.116 -256.619 2.16414
855.173 -256.912 2.15986
855.256 -257.173 2.15695
855.344 -257.431 2.15423
855.422 -257.707 2.15074
855.546 -257.918 2.14999
855.677 -258.121 2.14954
855.817 -258.31 2.14961
855.952 -258.512 2.14918
855.616 -259.496 2.11764
855.485 -260.161 2.0991
855.573 -260.472 2.09469
855.723 -260.68 2.09428
855.797 -261.025 2.08858
855.322 -262.364 2.04475
853.694 -265.848 1.91965
853.886 -266.066 1.91993
854.083 -266.279 1.92035
854.024 -266.986 1.90226
854.119 -267.412 1.8948
854.257 -267.764 1.89017
853.546 -269.838 1.82229
854.401 -268.761 1.87021
854.304 -269.635 1.84673
854.621 -269.653 1.85438
854.89 -269.772 1.85825
855.111 -269.996 1.85831
855.18 -270.566 1.84606
855.396 -270.818 1.84514
855.921 -270.349 1.86939
856.206 -270.431 1.87415
856.438 -270.639 1.87445
856.701 -270.776 1.87714
857.027 -270.754 1.88522
857.273 -270.933 1.88628
867.794 -243.961 2.80754
868.349 -242.732 2.85118
868.762 -241.836 2.88317
868.933 -241.582 2.89339
869.001 -241.613 2.89408
869.07 -241.643 2.89474
869.138 -241.673 2.89538
869.206 -241.703 2.896
869.275 -241.734 2.89659
869.344 -241.764 2.89717
869.413 -241.795 2.89773
869.481 -241.825 2.89826
869.551 -241.856 2.89878
869.62 -241.886 2.89927
869.689 -241.917 2.89974
869.759 -241.948 2.9002
869.828 -241.979 2.90063
869.898 -242.009 2.90104
869.968 -242.04 2.90143
870.038 -242.071 2.90179
870.108 -242.103 2.90214
868.669 -249.044 2.68978
868.648 -249.744 2.67039
868.626 -250.501 2.6494
868.603 -251.321 2.62662
868.577 -252.212 2.60182
864.837 -273.548 1.9596
864.181 -279.018 1.79946
864.488 -279.221 1.79838
864.791 -279.466 1.79594
865.519 -276.958 1.87545
865.395 -280.013 1.78921
865.702 -280.29 1.78566
866.011 -280.569 1.78197
866.324 -280.851 1.77817
866.64 -281.134 1.77427
871.932 -236.615 3.08016
871.976 -236.536 3.08289
872.01 -236.541 3.08315
872.045 -236.546 3.08341
872.08 -236.552 3.08364
868.613 -282.759 1.75166
868.948 -283.108 1.74541
869.278 -283.618 1.73449
872.147 -290.72 1.56035
872.551 -281.949 1.81025
872.959 -288.955 1.61608
873.202 -278.507 1.91181
855.244 -242.694 2.31929
855.224 -242.879 2.31637
855.205 -243.065 2.31338
855.185 -243.254 2.31031
855.165 -243.445 2.30715
855.144 -243.638 2.30391
855.124 -243.833 2.30058
855.12 -244.019 2.29807
855.181 -244.159 2.29897
855.239 -244.302 2.29963
855.296 -244.446 2.30024
855.354 -244.591 2.3008
855.413 -244.736 2.30135
855.477 -244.877 2.30213
855.542 -245.018 2.30294
855.605 -245.161 2.30357
855.668 -245.305 2.30413
855.732 -245.449 2.30468
855.798 -245.593 2.30523
855.824 -245.771 2.30356
855.826 -245.971 2.30048
855.807 -246.193 2.29614
855.771 -246.432 2.29075
855.667 -246.737 2.2814
855.666 -246.953 2.27773
855.469 -247.353 2.26287
855.468 -247.576 2.25897
855.494 -247.777 2.25651
855.473 -248.026 2.25128
855.496 -248.235 2.24845
855.488 -248.478 2.24371
855.54 -248.663 2.24237
855.587 -248.856 2.2406
855.682 -249.001 2.24159
855.753 -249.172 2.2411
855.665 -249.514 2.23112
855.692 -249.738 2.2278
855.759 -249.921 2.22677
855.873 -250.054 2.22845
855.961 -250.217 2.22846
855.988 -250.451 2.22473
856.006 -250.698 2.22032
856.075 -250.89 2.21889
856.174 -251.048 2.21923
856.26 -251.222 2.2187
856.306 -251.447 2.21556
856.415 -251.599 2.21622
856.523 -251.751 2.21676
856.599 -251.946 2.21519
856.674 -252.144 2.21346
856.75 -252.345 2.21161
856.845 -252.522 2.21095
856.928 -252.718 2.20935
856.905 -253.061 2.20073
856.871 -253.428 2.19109
856.958 -253.632 2.18927
857.068 -253.803 2.18897
857.091 -254.105 2.18259
857.128 -254.393 2.17694
857.206 -254.623 2.17398
857.267 -254.882 2.16968
857.352 -255.11 2.16687
857.439 -255.337 2.16409
857.498 -255.615 2.15908
857.535 -255.933 2.15238
857.562 -256.275 2.14466
857.591 -256.621 2.13684
857.612 -256.988 2.12817
857.64 -257.353 2.1197
857.701 -257.665 2.11354
857.743 -258.022 2.10555
857.754 -258.442 2.09498
857.819 -258.772 2.08824
857.904 -259.073 2.0828
857.966 -259.423 2.07534
858.054 -259.733 2.06961
858.209 -259.917 2.06902
858.318 -260.196 2.06458
858.328 -260.686 2.05161
858.372 -261.12 2.04103
858.419 -261.558 2.03034
858.444 -262.058 2.01732
858.422 -262.674 1.99978
858.35 -263.425 1.9771
858.211 -264.356 1.94764
858.083 -265.29 1.91828
858.073 -265.976 1.89881
858.244 -266.246 1.89545
858.438 -266.467 1.89398
858.659 -266.623 1.89493
858.889 -266.757 1.89663
867.796 -243.959 2.76121
868.309 -242.84 2.80542
868.697 -242.017 2.83816
868.793 -241.98 2.84142
869.002 -241.611 2.85686
869.07 -241.642 2.8575
869.139 -241.672 2.85811
869.207 -241.702 2.85871
869.276 -241.733 2.85928
869.345 -241.763 2.85983
869.413 -241.793 2.86035
869.482 -241.824 2.86085
869.551 -241.854 2.86133
869.621 -241.885 2.86179
869.69 -241.916 2.86222
869.759 -241.946 2.86263
869.829 -241.977 2.86302
869.899 -242.008 2.86338
869.969 -242.039 2.86373
870.039 -242.07 2.86404
868.682 -248.419 2.64649
868.626 -249.242 2.62034
868.62 -249.882 2.60066
868.614 -250.567 2.57952
868.603 -251.325 2.55603
868.577 -252.217 2.52814
863.965 -278.34 1.64858
865.275 -272.78 1.84089
864.57 -278.742 1.64545
864.876 -278.946 1.64367
871.737 -236.473 3.06413
871.771 -236.479 3.06442
871.806 -236.486 3.0647
871.84 -236.492 3.06497
871.874 -236.498 3.06523
871.909 -236.505 3.06547
871.943 -236.511 3.06571
871.978 -236.518 3.06594
872.012 -236.524 3.06615
872.047 -236.53 3.06636
872.081 -236.537 3.06655
872.116 -236.543 3.06674
872.15 -236.549 3.06691
872.185 -236.556 3.06708
872.22 -236.562 3.06723
872.255 -236.568 3.06737
872.29 -236.575 3.06751
870.715 -284.249 1.54613
871.069 -284.796 1.53199
872.149 -290.714 1.3537
872.552 -281.948 1.63411
872.961 -288.961 1.41523
873.204 -278.505 1.74773
856.383 -242.119 2.31011
856.373 -242.287 2.30743
856.357 -242.461 2.30432
856.346 -242.634 2.30138
856.337 -242.807 2.29854
856.353 -242.964 2.29706
856.414 -243.091 2.29807
856.475 -243.217 2.29906
856.544 -243.338 2.30049
856.624 -243.451 2.30249
856.7 -243.567 2.3042
856.761 -243.695 2.30499
856.818 -243.827 2.30544
856.707 -244.093 2.29595
856.72 -244.264 2.29369
856.724 -244.443 2.29079
856.754 -244.602 2.28943
856.788 -244.761 2.28816
856.846 -244.9 2.28827
856.905 -245.038 2.28842
856.895 -245.239 2.2843
856.89 -245.438 2.28034
856.912 -245.614 2.27798
856.943 -245.784 2.27612
856.978 -245.953 2.27434
857.01 -246.125 2.27235
857.042 -246.301 2.27023
857.093 -246.458 2.26926
857.147 -246.615 2.26834
857.192 -246.782 2.26681
857.238 -246.95 2.26524
857.303 -247.101 2.26477
857.361 -247.259 2.26382
857.401 -247.437 2.26164
857.428 -247.633 2.25849
857.455 -247.83 2.25522
857.431 -248.086 2.24855
857.477 -248.27 2.24626
857.535 -248.441 2.24469
857.558 -248.654 2.24075
857.437 -249.037 2.22707
857.49 -249.224 2.22475
857.466 -249.505 2.21719
857.508 -249.711 2.21391
857.59 -249.87 2.21324
857.684 -250.018 2.21324
857.793 -250.146 2.21425
857.898 -250.28 2.21489
857.981 -250.444 2.21393
857.856 -250.886 2.19817
857.938 -251.058 2.19684
858.019 -251.235 2.19527
858.09 -251.429 2.19288
858.162 -251.622 2.19048
858.239 -251.812 2.18829
858.318 -252.001 2.18609
858.369 -252.235 2.1817
858.416 -252.479 2.17679
858.468 -252.719 2.17218
858.533 -252.944 2.16828
858.6 -253.169 2.16446
858.679 -253.38 2.16135
858.771 -253.574 2.15904
858.848 -253.795 2.15545
858.942 -253.991 2.15306
859.081 -254.115 2.1541
859.222 -254.237 2.15522
859.366 -254.355 2.1565
859.508 -254.477 2.1575
859.541 -254.796 2.1493
859.375 -255.485 2.12412
859.43 -255.785 2.11705
859.484 -256.094 2.10965
859.531 -256.424 2.10133
859.582 -256.754 2.09307
859.633 -257.092 2.08448
859.686 -257.435 2.07576
859.743 -257.779 2.06707
859.798 -258.136 2.05784
859.862 -258.485 2.04902
859.919 -258.857 2.03926
859.987 -259.216 2.03011
860.049 -259.599 2.02001
860.14 -259.925 2.01237
860.254 -260.209 2.00661
860.295 -260.674 1.99314
860.34 -261.145 1.97956
860.39 -261.62 1.96585
860.441 -262.107 1.95175
860.514 -262.555 1.93935
867.797 -243.956 2.7149
868.251 -242.999 2.75676
868.733 -241.918 2.80327
868.803 -241.952 2.80382
869.003 -241.61 2.81966
869.071 -241.64 2.82027
869.14 -241.67 2.82087
869.208 -241.701 2.82143
869.277 -241.731 2.82197
869.345 -241.762 2.82249
869.414 -241.792 2.82298
869.483 -241.822 2.82345
869.552 -241.853 2.8239
869.621 -241.884 2.82432
869.691 -241.914 2.82471
869.76 -241.945 2.82508
869.83 -241.976 2.82542
869.9 -242.007 2.82574
869.969 -242.038 2.82604
870.04 -242.069 2.82631
868.682 -248.421 2.58591
868.559 -249.549 2.54537
868.549 -250.219 2.5224
868.54 -250.929 2.498
868.531 -251.694 2.47168
868.535 -252.441 2.44619
864.076 -277.741 1.50469
865.09 -273.845 1.65496
864.654 -278.252 1.49633
864.955 -278.463 1.49374
871.74 -236.454 3.04739
871.774 -236.46 3.04767
871.809 -236.467 3.04794
871.843 -236.473 3.04821
871.877 -236.479 3.04846
871.911 -236.486 3.0487
871.945 -236.492 3.04892
871.98 -236.498 3.04914
872.014 -236.505 3.04935
872.049 -236.511 3.04954
872.083 -236.517 3.04972
872.117 -236.524 3.0499
872.152 -236.53 3.05006
872.186 -236.536 3.05021
872.221 -236.542 3.05035
872.256 -236.549 3.05047
872.291 -236.555 3.05059
870.758 -283.004 1.40589
871.108 -283.357 1.39668
871.461 -283.795 1.38434
871.819 -284.332 1.36845
872.185 -284.876 1.35226
872.553 -281.948 1.45795
872.938 -285.993 1.31864
873.205 -278.503 1.58365
875.513 -284.457 1.38792
857.427 -241.586 2.30425
857.423 -241.741 2.30165
857.415 -241.901 2.29869
857.411 -242.06 2.29596
857.418 -242.212 2.29381
857.417 -242.371 2.29114
857.385 -242.555 2.28643
857.405 -242.702 2.2849
857.455 -242.829 2.28515
857.502 -242.958 2.28513
857.536 -243.098 2.28427
857.571 -243.238 2.28343
857.618 -243.37 2.28324
857.666 -243.502 2.28305
857.722 -243.628 2.28332
857.767 -243.763 2.28286
857.803 -243.908 2.28168
857.816 -244.073 2.27902
857.801 -244.264 2.27439
857.762 -244.479 2.26811
857.74 -244.681 2.26287
857.751 -244.858 2.25962
857.786 -245.013 2.25793
857.817 -245.174 2.25585
857.826 -245.358 2.25219
857.868 -245.513 2.25063
857.853 -245.724 2.24522
857.907 -245.87 2.24433
857.962 -246.017 2.24337
857.957 -246.225 2.23834
857.989 -246.399 2.23564
858.022 -246.574 2.23292
858.052 -246.754 2.22988
858.1 -246.916 2.22803
858.201 -247.024 2.22975
858.303 -247.131 2.23145
858.384 -247.26 2.23166
858.427 -247.434 2.22908
858.468 -247.613 2.22622
858.518 -247.782 2.22397
858.562 -247.962 2.22108
858.612 -248.136 2.21859
858.675 -248.298 2.21687
858.737 -248.462 2.21503
858.799 -248.628 2.21305
858.863 -248.794 2.21108
858.931 -248.956 2.20936
859.023 -249.088 2.20935
859.126 -249.208 2.21006
859.224 -249.335 2.2103
859.176 -249.663 2.19912
859.168 -249.941 2.19091
859.262 -250.082 2.19042
859.393 -250.173 2.19273
859.495 -250.305 2.19272
859.389 -250.743 2.1759
859.468 -250.916 2.17368
859.536 -251.108 2.17044
859.631 -251.263 2.16923
859.726 -251.418 2.16802
859.793 -251.621 2.1642
859.844 -251.853 2.15889
859.883 -252.109 2.1524
859.94 -252.341 2.14719
860.007 -252.559 2.1427
860.075 -252.78 2.13809
860.142 -253.008 2.13318
860.211 -253.237 2.12821
860.281 -253.47 2.12308
860.349 -253.71 2.11762
860.426 -253.94 2.1127
860.529 -254.124 2.11006
860.638 -254.301 2.10777
860.75 -254.475 2.10559
860.827 -254.721 2.0999
860.91 -254.962 2.09452
861 -255.194 2.08953
861.092 -255.427 2.08453
861.18 -255.674 2.07886
861.254 -255.959 2.07146
861.327 -256.254 2.06355
861.401 -256.553 2.05552
861.478 -256.856 2.04737
861.556 -257.163 2.03903
861.637 -257.473 2.0306
861.721 -257.784 2.02215
861.805 -258.107 2.01319
861.894 -258.426 2.00447
861.986 -258.745 1.99574
867.799 -243.954 2.66859
868.252 -242.997 2.71413
868.769 -241.821 2.76901
868.838 -241.855 2.76953
868.889 -241.94 2.76779
869.072 -241.639 2.78305
869.141 -241.669 2.78362
869.209 -241.699 2.78416
869.278 -241.73 2.78467
869.346 -241.76 2.78516
869.415 -241.791 2.78562
869.484 -241.821 2.78605
869.553 -241.852 2.78646
869.622 -241.882 2.78684
869.691 -241.913 2.7872
869.761 -241.944 2.78753
869.831 -241.974 2.78783
869.9 -242.005 2.7881
869.97 -242.036 2.78835
869.951 -242.449 2.77262
868.579 -248.882 2.50623
868.56 -249.552 2.48082
868.539 -250.273 2.45339
868.516 -251.052 2.42376
868.491 -251.897 2.39153
868.557 -252.331 2.37633
866.042 -266.957 1.7812
866.27 -267.112 1.77917
866.484 -267.357 1.77339
871.709 -236.429 3.03048
871.743 -236.435 3.03077
871.777 -236.441 3.03105
871.811 -236.448 3.03132
871.845 -236.454 3.03157
871.88 -236.46 3.03181
871.914 -236.467 3.03204
871.948 -236.473 3.03226
871.982 -236.479 3.03247
872.016 -236.485 3.03267
872.05 -236.492 3.03285
872.085 -236.498 3.03302
872.119 -236.504 3.03318
872.153 -236.511 3.03333
872.188 -236.517 3.03346
872.222 -236.523 3.03359
872.257 -236.529 3.0337
872.292 -236.536 3.0338
872.326 -236.542 3.03389
871.131 -282.565 1.24624
871.482 -282.83 1.23909
871.836 -283.098 1.23169
872.194 -283.476 1.21996
872.555 -281.948 1.28175
872.926 -284.406 1.18952
873.206 -278.501 1.41953
873.688 -285.499 1.15245
874.081 -286.061 1.13318
874.483 -286.639 1.11322
874.893 -287.223 1.09292
875.419 -289.942 0.990707
875.514 -284.446 1.20306
876.316 -291.181 0.94702
858.342 -241.12 2.29833
858.339 -241.267 2.29556
858.339 -241.413 2.29291
858.359 -241.547 2.29151
858.379 -241.681 2.29007
858.352 -241.851 2.28541
858.342 -242.011 2.2818
858.362 -242.149 2.28014
858.369 -242.299 2.27753
858.42 -242.416 2.27781
858.481 -242.526 2.27868
858.537 -242.641 2.27915
858.555 -242.786 2.27703
858.574 -242.932 2.27487
858.59 -243.081 2.27242
858.609 -243.23 2.27009
858.57 -243.431 2.26362
858.582 -243.589 2.26063
858.615 -243.731 2.25903
858.618 -243.901 2.25524
858.524 -244.16 2.24453
858.582 -244.286 2.24434
858.646 -244.406 2.24453
858.68 -244.555 2.2426
858.722 -244.699 2.24102
858.669 -244.935 2.23261
858.644 -245.148 2.22602
858.71 -245.273 2.22595
858.767 -245.408 2.22516
858.799 -245.57 2.22244
858.831 -245.735 2.21959
858.867 -245.897 2.21694
858.93 -246.031 2.21622
859.009 -246.15 2.21658
859.088 -246.269 2.2169
859.146 -246.413 2.21555
859.203 -246.559 2.21399
859.219 -246.753 2.20922
859.239 -246.947 2.20458
859.28 -247.117 2.2015
859.33 -247.28 2.19896
859.385 -247.438 2.1967
859.442 -247.595 2.19455
859.502 -247.752 2.19245
859.559 -247.915 2.18995
859.629 -248.061 2.18853
859.74 -248.156 2.19022
859.861 -248.239 2.19268
859.952 -248.361 2.19267
860.033 -248.498 2.19169
860.107 -248.647 2.19001
860.184 -248.792 2.18854
860.266 -248.933 2.18732
860.351 -249.071 2.18627
860.441 -249.203 2.18554
860.528 -249.341 2.18444
860.621 -249.472 2.1837
860.712 -249.607 2.18275
860.78 -249.779 2.17962
860.841 -249.965 2.17573
860.932 -250.107 2.17434
861.008 -250.276 2.17145
861.086 -250.444 2.16859
861.165 -250.613 2.16567
861.243 -250.786 2.16254
861.32 -250.963 2.15917
861.392 -251.154 2.15506
861.427 -251.414 2.1472
861.459 -251.686 2.13869
861.379 -252.172 2.11879
861.437 -252.412 2.11223
861.503 -252.642 2.10623
861.579 -252.858 2.101
861.659 -253.072 2.09593
861.759 -253.248 2.09279
861.86 -253.426 2.08956
861.962 -253.608 2.08613
862.041 -253.84 2.08011
862.098 -254.127 2.07127
862.179 -254.371 2.06468
862.273 -254.59 2.05939
862.369 -254.811 2.05404
862.467 -255.031 2.04868
862.569 -255.249 2.04343
862.673 -255.469 2.03811
862.779 -255.688 2.03286
862.889 -255.906 2.02762
863 -256.125 2.02231
867.8 -243.952 2.62229
868.248 -243.01 2.67077
868.8 -241.736 2.73488
868.872 -241.76 2.73586
868.928 -241.83 2.73456
869.073 -241.638 2.74583
869.142 -241.668 2.74637
869.21 -241.698 2.74688
869.279 -241.728 2.74737
869.347 -241.759 2.74783
869.416 -241.789 2.74826
869.485 -241.82 2.74866
869.554 -241.85 2.74903
869.623 -241.881 2.74937
869.692 -241.911 2.74969
869.762 -241.942 2.74998
869.831 -241.973 2.75024
869.901 -242.004 2.75047
869.971 -242.035 2.75067
869.994 -242.269 2.74159
870.065 -242.302 2.74171
868.56 -249.554 2.41623
868.539 -250.276 2.38632
868.516 -251.055 2.35399
868.492 -251.901 2.31883
868.577 -252.227 2.30695
866.218 -265.999 1.69788
866.443 -266.132 1.69631
871.679 -236.403 3.01369
871.713 -236.41 3.01399
871.746 -236.416 3.01427
871.78 -236.422 3.01455
871.814 -236.429 3.01481
871.848 -236.435 3.01506
871.882 -236.441 3.01529
871.916 -236.448 3.01552
871.95 -236.454 3.01573
871.984 -236.46 3.01592
872.018 -236.466 3.01611
872.052 -236.473 3.01628
872.086 -236.479 3.01644
872.121 -236.485 3.01659
872.155 -236.491 3.01672
872.189 -236.498 3.01685
872.224 -236.504 3.01696
872.258 -236.51 3.01705
872.293 -236.516 3.01714
872.327 -236.522 3.01721
871.151 -281.881 1.09674
871.497 -282.139 1.08893
871.847 -282.407 1.0806
872.2 -282.669 1.07239
872.556 -281.951 1.10537
872.918 -283.216 1.05471
873.207 -278.499 1.25539
873.657 -284.007 1.02636
874.036 -284.468 1.00925
874.426 -285.007 0.988767
874.823 -285.557 0.967766
875.229 -286.117 0.946216
875.515 -284.437 1.01815
876.066 -287.258 0.901885
876.494 -287.796 0.880903
 ] }
 color Color { color [
0.19722 0 0.80278
0.195615 0 0.804385
0.599476 0 0.400524
0.59426 0 0.40574
0.589162 0 0.410838
0.584179 0 0.415821
0.582666 0 0.417334
0.586117 0 0.413883
0.589639 0 0.410361
0.593233 0 0.406767
0.596899 0 0.403101
0.497927 0 0.502073
0.495358 0 0.504642
0.492839 0 0.507161
0.49037 0 0.50963
0.487949 0 0.512051
0.485575 0 0.514425
0.483248 0 0.516752
0.480966 0 0.519034
0.47873 0 0.52127
0.476536 0 0.523464
0.474386 0 0.525614
0.472278 0 0.527722
0.472155 0 0.527845
0.477527 0 0.522473
0.483047 0 0.516953
0.488719 0 0.511281
0.434878 0 0.565122
0.175987 0 0.824013
0.175565 0 0.824435
0.108061 0 0.891939
0.106326 0 0.893674
0.103673 0 0.896327
0.103735 0 0.896265
0.103802 0 0.896198
0.103875 0 0.896125
0.103952 0 0.896047
0.104036 0 0.895964
0.108783 0 0.891217
0.108899 0 0.891101
0.10902 0 0.89098
0.109147 0 0.890853
0.104472 0 0.895528
0.104587 0 0.895414
0.104707 0 0.895293
0.104833 0 0.895167
0.104964 0 0.895036
0.1051 0 0.8949
0.110202 0 0.889798
0.178369 0 0.821631
0.185232 0 0.814768
0.192654 0 0.807346
0.200703 0 0.799297
0.502069 0 0.497931
0.45923 0 0.54077
0.19467 0 0.80533
0.5994 0 0.4006
0.594185 0 0.405815
0.589088 0 0.410912
0.584105 0 0.415895
0.582649 0 0.417351
0.586101 0 0.413899
0.589622 0 0.410378
0.593216 0 0.406784
0.596883 0 0.403117
0.497834 0 0.502166
0.495266 0 0.504734
0.492748 0 0.507252
0.490279 0 0.509721
0.487859 0 0.512141
0.485486 0 0.514514
0.48316 0 0.51684
0.480879 0 0.519121
0.478642 0 0.521358
0.47645 0 0.52355
0.474301 0 0.525699
0.472193 0 0.527807
0.47214 0 0.52786
0.477512 0 0.522488
0.483032 0 0.516968
0.488704 0 0.511296
0.434836 0 0.565164
0.175933 0 0.824067
0.114168 0 0.885832
0.105826 0 0.894174
0.105895 0 0.894105
0.103647 0 0.896353
0.103709 0 0.896291
0.103776 0 0.896224
0.103848 0 0.896152
0.103926 0 0.896074
0.104009 0 0.895991
0.104097 0 0.895903
0.106643 0 0.893357
0.106762 0 0.893238
0.106886 0 0.893114
0.104445 0 0.895555
0.10456 0 0.89544
0.10468 0 0.89532
0.104805 0 0.895195
0.104936 0 0.895064
0.105073 0 0.894927
0.105215 0 0.894785
0.178371 0 0.821629
0.185235 0 0.814765
0.192658 0 0.807342
0.200708 0 0.799292
0.502119 0 0.497881
0.459108 0 0.540892
0.599331 0 0.400669
0.594116 0 0.405884
0.589021 0 0.410979
0.584038 0 0.415962
0.58264 0 0.41736
0.586092 0 0.413908
0.589614 0 0.410386
0.593207 0 0.406793
0.596874 0 0.403126
0.497746 0 0.502254
0.495179 0 0.504821
0.492662 0 0.507338
0.490195 0 0.509805
0.487775 0 0.512225
0.485403 0 0.514597
0.483077 0 0.516923
0.480796 0 0.519204
0.478561 0 0.521439
0.476369 0 0.523631
0.47422 0 0.52578
0.472114 0 0.527887
0.472133 0 0.527867
0.477504 0 0.522496
0.483023 0 0.516977
0.488696 0 0.511304
0.434801 0 0.565199
0.175882 0 0.824118
0.114047 0 0.885953
0.105785 0 0.894215
0.103591 0 0.896409
0.103622 0 0.896378
0.103684 0 0.896316
0.103751 0 0.896249
0.103824 0 0.896176
0.103901 0 0.896099
0.103984 0 0.896016
0.104072 0 0.895928
0.106452 0 0.893548
0.106553 0 0.893447
0.10431 0 0.89569
0.10442 0 0.89558
0.104535 0 0.895465
0.104655 0 0.895345
0.10478 0 0.89522
0.104911 0 0.895089
0.105048 0 0.894952
0.105189 0 0.894811
0.107708 0 0.892292
0.185243 0 0.814757
0.192665 0 0.807335
0.200717 0 0.799283
0.502186 0 0.497814
0.459012 0 0.540988
0.554718 0 0.445282
0.599268 0 0.400732
0.594054 0 0.405946
0.588959 0 0.411041
0.583978 0 0.416022
0.582639 0 0.417361
0.586091 0 0.413909
0.589613 0 0.410387
0.593206 0 0.406794
0.596874 0 0.403126
0.510103 0 0.489897
0.507316 0 0.492684
0.504583 0 0.495417
0.504355 0 0.495645
0.497665 0 0.502335
0.495099 0 0.504901
0.492583 0 0.507417
0.490115 0 0.509885
0.487696 0 0.512304
0.485325 0 0.514675
0.483 0 0.517
0.48072 0 0.51928
0.478485 0 0.521515
0.476293 0 0.523707
0.474145 0 0.525855
0.472039 0 0.527961
0.472132 0 0.527868
0.477504 0 0.522496
0.483023 0 0.516977
0.488696 0 0.511304
0.435102 0 0.564898
0.434771 0 0.565229
0.175833 0 0.824167
0.113929 0 0.886071
0.105761 0 0.894239
0.103562 0 0.896438
0.103598 0 0.896402
0.10366 0 0.89634
0.103727 0 0.896273
0.1038 0 0.8962
0.103877 0 0.896123
0.10396 0 0.89604
0.104048 0 0.895952
0.104239 0 0.895761
0.106528 0 0.893472
0.104286 0 0.895714
0.104396 0 0.895604
0.10451 0 0.89549
0.10463 0 0.89537
0.104756 0 0.895244
0.104887 0 0.895113
0.105023 0 0.894977
0.105165 0 0.894835
0.107683 0 0.892317
0.185252 0 0.814748
0.192676 0 0.807324
0.200729 0 0.799271
0.502278 0 0.497722
0.458942 0 0.541058
0.554845 0 0.445155
0.599211 0 0.400789
0.593998 0 0.406002
0.588903 0 0.411097
0.583924 0 0.416076
0.582645 0 0.417355
0.586097 0 0.413903
0.589619 0 0.410381
0.593213 0 0.406787
0.59688 0 0.40312
0.510025 0 0.489975
0.507238 0 0.492762
0.504507 0 0.495493
0.504357 0 0.495643
0.49759 0 0.50241
0.495025 0 0.504975
0.492508 0 0.507492
0.490042 0 0.509958
0.487624 0 0.512376
0.485252 0 0.514748
0.482928 0 0.517072
0.480649 0 0.519351
0.478414 0 0.521586
0.476224 0 0.523776
0.474076 0 0.525924
0.47197 0 0.52803
0.472136 0 0.527864
0.477508 0 0.522492
0.483029 0 0.516971
0.488701 0 0.511299
0.434998 0 0.565002
0.434747 0 0.565253
0.175786 0 0.824214
0.113813 0 0.886187
0.105738 0 0.894262
0.103536 0 0.896464
0.103576 0 0.896424
0.103638 0 0.896362
0.103705 0 0.896295
0.103777 0 0.896223
0.103855 0 0.896145
0.103937 0 0.896063
0.104026 0 0.895974
0.104221 0 0.895779
0.106505 0 0.893495
0.104264 0 0.895736
0.104373 0 0.895627
0.104488 0 0.895512
0.104607 0 0.895393
0.104733 0 0.895267
0.104864 0 0.895136
0.105 0 0.895
0.105142 0 0.894858
0.10565 0 0.89435
0.185264 0 0.814736
0.19269 0 0.80731
0.200743 0 0.799257
0.20951 0 0.79049
0.502402 0 0.497598
0.458898 0 0.541102
0.512291 0 0.487709
0.554983 0 0.445017
0.599161 0 0.400839
0.59395 0 0.40605
0.588856 0 0.411144
0.583877 0 0.416123
0.582659 0 0.417341
0.586111 0 0.413889
0.589633 0 0.410367
0.593227 0 0.406773
0.596895 0 0.403105
0.509951 0 0.490049
0.507166 0 0.492834
0.504435 0 0.495565
0.504368 0 0.495632
0.49752 0 0.50248
0.494955 0 0.505045
0.49244 0 0.50756
0.489974 0 0.510026
0.487556 0 0.512444
0.485186 0 0.514814
0.482862 0 0.517138
0.480583 0 0.519417
0.47835 0 0.52165
0.476159 0 0.523841
0.474012 0 0.525988
0.471907 0 0.528093
0.472147 0 0.527853
0.47752 0 0.52248
0.483041 0 0.516959
0.488714 0 0.511286
0.434898 0 0.565102
0.434729 0 0.565271
0.175741 0 0.824259
0.113692 0 0.886308
0.105717 0 0.894283
0.103509 0 0.896491
0.103555 0 0.896445
0.103617 0 0.896383
0.103684 0 0.896316
0.103756 0 0.896244
0.103834 0 0.896166
0.103916 0 0.896084
0.104004 0 0.895996
0.104204 0 0.895796
0.106483 0 0.893517
0.104242 0 0.895758
0.104352 0 0.895648
0.104466 0 0.895534
0.104586 0 0.895414
0.104711 0 0.895289
0.104842 0 0.895158
0.104978 0 0.895022
0.10512 0 0.89488
0.105631 0 0.894369
0.18528 0 0.81472
0.192706 0 0.807294
0.200762 0 0.799238
0.209529 0 0.790471
0.502617 0 0.497383
0.458879 0 0.541121
0.511795 0 0.488205
0.555131 0 0.444869
0.599121 0 0.400879
0.593908 0 0.406092
0.588815 0 0.411185
0.583837 0 0.416163
0.582679 0 0.417321
0.586132 0 0.413868
0.589654 0 0.410346
0.593248 0 0.406752
0.596916 0 0.403084
0.509887 0 0.490113
0.507102 0 0.492898
0.504371 0 0.495629
0.504381 0 0.495619
0.497458 0 0.502542
0.494893 0 0.505107
0.492379 0 0.507621
0.489914 0 0.510086
0.487497 0 0.512503
0.485126 0 0.514874
0.482803 0 0.517197
0.480525 0 0.519475
0.478292 0 0.521708
0.476102 0 0.523898
0.473955 0 0.526045
0.471851 0 0.528149
0.472163 0 0.527837
0.477535 0 0.522465
0.483056 0 0.516944
0.48873 0 0.51127
0.434806 0 0.565194
0.434714 0 0.565287
0.175698 0 0.824302
0.113583 0 0.886417
0.105696 0 0.894304
0.103486 0 0.896514
0.103535 0 0.896465
0.103597 0 0.896403
0.103299 0 0.896701
0.103385 0 0.896615
0.103477 0 0.896523
0.103896 0 0.896104
0.103984 0 0.896016
0.104188 0 0.895812
0.106462 0 0.893538
0.104222 0 0.895778
0.104331 0 0.895669
0.104116 0 0.895884
0.104247 0 0.895753
0.104387 0 0.895613
0.104532 0 0.895468
0.104958 0 0.895042
0.1051 0 0.8949
0.105613 0 0.894387
0.185293 0 0.814707
0.192721 0 0.807279
0.200779 0 0.799221
0.209547 0 0.790453
0.458888 0 0.541112
0.511425 0 0.488575
0.555289 0 0.444711
0.599087 0 0.400913
0.593876 0 0.406124
0.588784 0 0.411216
0.583806 0 0.416194
0.582706 0 0.417294
0.586158 0 0.413842
0.589681 0 0.410319
0.593275 0 0.406725
0.596944 0 0.403056
0.512668 0 0.487332
0.509827 0 0.490173
0.507043 0 0.492957
0.504314 0 0.495686
0.504401 0 0.495599
0.497401 0 0.502599
0.494837 0 0.505163
0.492324 0 0.507676
0.489859 0 0.510141
0.487442 0 0.512558
0.485072 0 0.514928
0.48275 0 0.51725
0.480472 0 0.519528
0.478239 0 0.521761
0.47605 0 0.52395
0.473904 0 0.526096
0.4718 0 0.5282
0.472184 0 0.527816
0.477558 0 0.522442
0.483078 0 0.516922
0.488752 0 0.511248
0.434718 0 0.565282
0.434705 0 0.565295
0.175658 0 0.824342
0.113356 0 0.886644
0.105677 0 0.894323
0.103463 0 0.896537
0.103516 0 0.896484
0.103578 0 0.896422
0.103058 0 0.896942
0.10313 0 0.89687
0.103207 0 0.896793
0.103878 0 0.896122
0.103966 0 0.896034
0.104174 0 0.895826
0.106443 0 0.893557
0.104203 0 0.895797
0.104312 0 0.895688
0.104076 0 0.895924
0.103956 0 0.896044
0.10408 0 0.89592
0.10421 0 0.89579
0.104939 0 0.895061
0.105081 0 0.894919
0.105597 0 0.894403
0.185313 0 0.814687
0.192742 0 0.807258
0.200801 0 0.799199
0.209572 0 0.790428
0.544609 0 0.455391
0.458929 0 0.541071
0.511105 0 0.488895
0.555457 0 0.444543
0.599059 0 0.400941
0.593849 0 0.406151
0.588757 0 0.411243
0.583779 0 0.416221
0.582741 0 0.417259
0.586194 0 0.413806
0.589717 0 0.410283
0.593313 0 0.406687
0.596981 0 0.403019
0.512612 0 0.487388
0.509773 0 0.490227
0.506989 0 0.493011
0.50426 0 0.49574
0.504431 0 0.495569
0.497349 0 0.502651
0.494786 0 0.505214
0.492272 0 0.507728
0.489808 0 0.510192
0.487392 0 0.512608
0.485023 0 0.514977
0.482701 0 0.517299
0.480424 0 0.519576
0.478191 0 0.521809
0.476003 0 0.523997
0.473857 0 0.526143
0.471754 0 0.528247
0.472213 0 0.527787
0.477588 0 0.522412
0.48311 0 0.51689
0.488785 0 0.511215
0.434632 0 0.565368
0.434703 0 0.565297
0.175619 0 0.824381
0.112693 0 0.887307
0.10566 0 0.89434
0.103443 0 0.896557
0.103499 0 0.896501
0.103561 0 0.896439
0.103041 0 0.896959
0.103113 0 0.896887
0.10319 0 0.89681
0.10386 0 0.89614
0.103948 0 0.896052
0.104161 0 0.895839
0.106425 0 0.893575
0.104186 0 0.895814
0.104295 0 0.895705
0.104037 0 0.895963
0.103938 0 0.896062
0.104063 0 0.895937
0.104193 0 0.895807
0.104921 0 0.895079
0.105063 0 0.894937
0.105583 0 0.894417
0.185337 0 0.814663
0.192768 0 0.807232
0.200829 0 0.79917
0.209602 0 0.790398
0.54427 0 0.45573
0.459009 0 0.540991
0.510816 0 0.489184
0.555634 0 0.444366
0.593828 0 0.406172
0.588736 0 0.411264
0.583759 0 0.416241
0.582784 0 0.417216
0.586237 0 0.413763
0.589761 0 0.410239
0.593357 0 0.406643
0.597026 0 0.402974
0.512562 0 0.487438
0.509724 0 0.490276
0.506941 0 0.493059
0.504212 0 0.495788
0.504466 0 0.495534
0.497303 0 0.502697
0.49474 0 0.50526
0.492227 0 0.507773
0.489763 0 0.510237
0.487348 0 0.512652
0.484979 0 0.515021
0.482658 0 0.517342
0.480381 0 0.519619
0.478149 0 0.521851
0.475961 0 0.524039
0.473815 0 0.526185
0.471712 0 0.528288
0.47225 0 0.52775
0.477625 0 0.522375
0.483147 0 0.516853
0.488823 0 0.511177
0.434551 0 0.565449
0.434707 0 0.565293
0.175583 0 0.824417
0.112576 0 0.887424
0.105644 0 0.894356
0.103426 0 0.896574
0.103483 0 0.896517
0.103545 0 0.896455
0.103025 0 0.896975
0.103097 0 0.896903
0.103174 0 0.896826
0.103844 0 0.896156
0.103932 0 0.896068
0.10415 0 0.89585
0.106409 0 0.893591
0.104169 0 0.895831
0.104279 0 0.895721
0.103996 0 0.896004
0.103922 0 0.896078
0.104047 0 0.895953
0.104176 0 0.895824
0.104905 0 0.895095
0.105046 0 0.894954
0.10557 0 0.89443
0.185366 0 0.814634
0.192798 0 0.807202
0.200863 0 0.799137
0.209638 0 0.790362
0.544063 0 0.455937
0.459145 0 0.540855
0.510549 0 0.489451
0.596561 0 0.403439
0.555821 0 0.444179
0.588721 0 0.411279
0.583744 0 0.416256
0.582835 0 0.417165
0.586289 0 0.413711
0.589813 0 0.410187
0.593409 0 0.406591
0.597078 0 0.402922
0.598411 0 0.401589
0.51252 0 0.48748
0.509682 0 0.490318
0.506899 0 0.493101
0.504171 0 0.495829
0.504509 0 0.495491
0.497263 0 0.502737
0.4947 0 0.5053
0.492188 0 0.507812
0.489724 0 0.510276
0.48731 0 0.51269
0.484942 0 0.515058
0.48262 0 0.51738
0.480344 0 0.519656
0.478112 0 0.521888
0.475925 0 0.524075
0.47378 0 0.52622
0.471677 0 0.528323
0.472293 0 0.527707
0.477667 0 0.522333
0.483191 0 0.516809
0.488867 0 0.511133
0.434525 0 0.565475
0.434716 0 0.565284
0.175549 0 0.824451
0.112461 0 0.887539
0.105629 0 0.894371
0.103412 0 0.896588
0.103468 0 0.896532
0.10353 0 0.89647
0.10301 0 0.89699
0.103082 0 0.896918
0.103159 0 0.896841
0.103829 0 0.896171
0.103917 0 0.896083
0.10414 0 0.89586
0.106394 0 0.893606
0.104155 0 0.895845
0.104264 0 0.895736
0.103977 0 0.896023
0.103907 0 0.896093
0.104031 0 0.895969
0.104161 0 0.895839
0.104889 0 0.895111
0.105031 0 0.894969
0.105558 0 0.894442
0.185395 0 0.814605
0.192831 0 0.807169
0.200896 0 0.799104
0.209676 0 0.790324
0.543915 0 0.456085
0.459412 0 0.540588
0.510301 0 0.489699
0.596378 0 0.403622
0.556018 0 0.443982
0.546486 0 0.453514
0.546378 0 0.453622
0.549951 0 0.450049
0.552242 0 0.447758
0.547003 0 0.452997
0.548927 0 0.451073
0.550778 0 0.449222
0.561946 0 0.438054
0.560743 0 0.439257
0.556505 0 0.443495
0.559456 0 0.440544
0.560633 0 0.439367
0.562131 0 0.437869
0.586665 0 0.413335
0.597609 0 0.402391
0.591313 0 0.408687
0.512483 0 0.487517
0.509645 0 0.490355
0.506863 0 0.493137
0.504136 0 0.495864
0.504557 0 0.495443
0.509276 0 0.490724
0.494667 0 0.505333
0.492155 0 0.507845
0.489692 0 0.510308
0.487278 0 0.512722
0.48491 0 0.51509
0.482589 0 0.517411
0.480313 0 0.519687
0.478082 0 0.521918
0.475895 0 0.524105
0.47375 0 0.52625
0.471648 0 0.528352
0.472341 0 0.527659
0.477716 0 0.522284
0.48324 0 0.51676
0.488918 0 0.511082
0.434521 0 0.565479
0.43473 0 0.56527
0.175517 0 0.824483
0.112346 0 0.887654
0.105829 0 0.894171
0.103398 0 0.896602
0.103455 0 0.896545
0.103517 0 0.896483
0.102997 0 0.897003
0.103069 0 0.896931
0.103146 0 0.896854
0.103816 0 0.896184
0.103904 0 0.896096
0.104131 0 0.895869
0.106472 0 0.893528
0.104141 0 0.895859
0.10425 0 0.89575
0.10396 0 0.89604
0.103893 0 0.896107
0.104018 0 0.895982
0.104148 0 0.895852
0.104876 0 0.895124
0.105017 0 0.894983
0.105548 0 0.894452
0.185428 0 0.814572
0.192866 0 0.807134
0.200933 0 0.799067
0.209714 0 0.790286
0.5438 0 0.4562
0.510069 0 0.489931
0.596338 0 0.403662
0.556224 0 0.443776
0.591794 0 0.408206
0.510858 0 0.489142
0.509416 0 0.490584
0.509038 0 0.490962
0.512908 0 0.487092
0.515248 0 0.484752
0.51846 0 0.48154
0.519456 0 0.480544
0.519869 0 0.480131
0.5218 0 0.4782
0.523678 0 0.476322
0.526651 0 0.473349
0.527383 0 0.472617
0.532539 0 0.467461
0.533832 0 0.466168
0.536754 0 0.463246
0.538354 0 0.461646
0.540806 0 0.459194
0.545691 0 0.454309
0.552537 0 0.447463
0.563007 0 0.436993
0.565977 0 0.434023
0.571558 0 0.428442
0.591377 0 0.408623
0.512452 0 0.487548
0.509615 0 0.490385
0.503348 0 0.496652
0.502851 0 0.497149
0.504612 0 0.495388
0.505552 0 0.494448
0.502948 0 0.497052
0.500394 0 0.499606
0.49789 0 0.50211
0.483061 0 0.516939
0.4802 0 0.5198
0.481942 0 0.518058
0.495583 0 0.504417
0.494566 0 0.505434
0.579798 0 0.420202
0.576014 0 0.423986
0.434521 0 0.565479
0.43475 0 0.56525
0.175487 0 0.824513
0.112235 0 0.887765
0.106256 0 0.893744
0.104617 0 0.895383
0.103443 0 0.896557
0.103505 0 0.896495
0.103129 0 0.896871
0.103189 0 0.896811
0.103254 0 0.896746
0.103803 0 0.896197
0.103891 0 0.896109
0.106735 0 0.893265
0.106824 0 0.893176
0.104308 0 0.895692
0.104238 0 0.895762
0.103945 0 0.896055
0.104001 0 0.895999
0.104114 0 0.895886
0.104233 0 0.895767
0.104863 0 0.895137
0.105004 0 0.894996
0.107878 0 0.892122
0.185462 0 0.814538
0.192901 0 0.807099
0.200973 0 0.799027
0.209756 0 0.790244
0.543714 0 0.456286
0.509853 0 0.490147
0.0500329 0 0.949967
0.556439 0 0.443561
0.591748 0 0.408252
0.503696 0 0.496304
0.34579 0 0.65421
0.348419 0 0.651581
0.351089 0 0.648911
0.450557 0 0.549443
0.453088 0 0.546912
0.459085 0 0.540915
0.467825 0 0.532175
0.473115 0 0.526885
0.478068 0 0.521932
0.482059 0 0.517941
0.488179 0 0.511821
0.488516 0 0.511484
0.496077 0 0.503923
0.498286 0 0.501714
0.501173 0 0.498827
0.503612 0 0.496388
0.504076 0 0.495924
0.503964 0 0.496036
0.510602 0 0.489398
0.513134 0 0.486866
0.516012 0 0.483988
0.516422 0 0.483578
0.517131 0 0.482869
0.528034 0 0.471966
0.541603 0 0.458397
0.544186 0 0.455814
0.583567 0 0.416433
0.599598 0 0.400402
0.597527 0 0.402473
0.596864 0 0.403136
0.502711 0 0.497289
0.502291 0 0.497709
0.504673 0 0.495327
0.499729 0 0.50027
0.497155 0 0.502845
0.498006 0 0.501994
0.497869 0 0.502131
0.495415 0 0.504586
0.493008 0 0.506992
0.481515 0 0.518485
0.479587 0 0.520413
0.480935 0 0.519065
0.483845 0 0.516155
0.473991 0 0.526009
0.478922 0 0.521078
0.48429 0 0.51571
0.489802 0 0.510198
0.580285 0 0.419715
0.576469 0 0.423531
0.572729 0 0.427271
0.570609 0 0.429391
0.575406 0 0.424594
0.5805 0 0.4195
0.434526 0 0.565474
0.434775 0 0.565225
0.175459 0 0.824541
0.112782 0 0.887218
0.106657 0 0.893343
0.10671 0 0.89329
0.103432 0 0.896568
0.103494 0 0.896506
0.103471 0 0.896529
0.103531 0 0.896469
0.103597 0 0.896403
0.103793 0 0.896207
0.10388 0 0.89612
0.107327 0 0.892673
0.107429 0 0.892571
0.106368 0 0.893632
0.104227 0 0.895773
0.10424 0 0.89576
0.104349 0 0.895651
0.104463 0 0.895537
0.104583 0 0.895417
0.104852 0 0.895148
0.104993 0 0.895007
0.108592 0 0.891408
0.1855 0 0.8145
0.192943 0 0.807057
0.201016 0 0.798984
0.209803 0 0.790197
0.543651 0 0.456349
0.50965 0 0.49035
0.0500743 0 0.949926
0.556664 0 0.443336
0.591708 0 0.408292
0.503707 0 0.496293
0.573471 0 0.426529
0.30657 0 0.69343
0.308635 0 0.691365
0.31073 0 0.68927
0.312853 0 0.687147
0.315006 0 0.684994
0.317188 0 0.682812
0.319401 0 0.680599
0.321646 0 0.678354
0.323923 0 0.676077
0.326231 0 0.673769
0.328572 0 0.671428
0.330947 0 0.669053
0.333356 0 0.666644
0.335799 0 0.664201
0.338278 0 0.661722
0.340792 0 0.659208
0.343342 0 0.656658
0.345931 0 0.654069
0.348557 0 0.651443
0.351222 0 0.648778
0.353926 0 0.646074
0.35667 0 0.64333
0.359455 0 0.640545
0.362282 0 0.637718
0.365151 0 0.634849
0.368064 0 0.631936
0.37102 0 0.62898
0.374022 0 0.625978
0.377069 0 0.622931
0.380163 0 0.619837
0.383305 0 0.616695
0.386495 0 0.613505
0.389734 0 0.610266
0.393025 0 0.606975
0.396368 0 0.603632
0.399762 0 0.600238
0.40321 0 0.59679
0.406714 0 0.593286
0.579011 0 0.420989
0.575068 0 0.424932
0.573058 0 0.426942
0.570481 0 0.429519
0.569143 0 0.430857
0.565294 0 0.434706
0.564354 0 0.435646
0.574763 0 0.425237
0.575633 0 0.424367
0.576437 0 0.423563
0.577352 0 0.422648
0.578726 0 0.421274
0.579634 0 0.420366
0.580374 0 0.419626
0.570553 0 0.429447
0.574689 0 0.425311
0.502973 0 0.497027
0.502525 0 0.497475
0.573029 0 0.426971
0.499713 0 0.500287
0.497139 0 0.502861
0.498074 0 0.501926
0.596802 0 0.403198
0.593229 0 0.406771
0.586642 0 0.413358
0.481679 0 0.518322
0.479675 0 0.520325
0.481066 0 0.518934
0.494277 0 0.505723
0.493568 0 0.506432
0.576957 0 0.423043
0.573185 0 0.426815
0.570452 0 0.429548
0.570519 0 0.429481
0.572374 0 0.427626
0.577413 0 0.422587
0.434537 0 0.565463
0.434806 0 0.565194
0.13409 0 0.86591
0.11267 0 0.88733
0.106647 0 0.893353
0.1067 0 0.8933
0.104421 0 0.895579
0.103484 0 0.896516
0.103551 0 0.896449
0.103623 0 0.896377
0.103701 0 0.896299
0.103783 0 0.896217
0.107221 0 0.892779
0.107317 0 0.892683
0.107419 0 0.892581
0.107526 0 0.892474
0.104244 0 0.895756
0.104331 0 0.895669
0.104451 0 0.895549
0.104576 0 0.895424
0.104706 0 0.895294
0.104842 0 0.895158
0.10843 0 0.89157
0.108581 0 0.891419
0.185541 0 0.814459
0.192987 0 0.807013
0.201063 0 0.798937
0.209854 0 0.790146
0.543608 0 0.456392
0.509461 0 0.490539
0.0498785 0 0.950122
0.0498997 0 0.9501
0.0499234 0 0.950077
0.0499496 0 0.95005
0.556898 0 0.443102
0.591675 0 0.408325
0.503725 0 0.496275
0.573551 0 0.426449
0.469413 0 0.530587
0.275338 0 0.724662
0.277003 0 0.722997
0.278689 0 0.721311
0.280395 0 0.719605
0.282123 0 0.717877
0.283872 0 0.716128
0.285643 0 0.714357
0.287437 0 0.712563
0.289253 0 0.710747
0.291092 0 0.708908
0.292954 0 0.707047
0.294839 0 0.705161
0.296749 0 0.703251
0.298682 0 0.701318
0.300641 0 0.699359
0.302624 0 0.697376
0.304632 0 0.695368
0.306667 0 0.693333
0.308728 0 0.691272
0.310814 0 0.689186
0.312929 0 0.687071
0.31507 0 0.68493
0.31724 0 0.68276
0.319438 0 0.680562
0.321664 0 0.678336
0.32392 0 0.67608
0.326205 0 0.673795
0.32852 0 0.67148
0.330866 0 0.669134
0.333243 0 0.666757
0.335652 0 0.664348
0.338093 0 0.661907
0.340566 0 0.659434
0.343072 0 0.656928
0.345613 0 0.654387
0.348187 0 0.651813
0.350796 0 0.649204
0.353441 0 0.646559
0.356121 0 0.643879
0.358838 0 0.641162
0.361592 0 0.638408
0.364384 0 0.635616
0.367214 0 0.632786
0.370083 0 0.629917
0.372992 0 0.627008
0.375941 0 0.624059
0.37893 0 0.62107
0.381963 0 0.618037
0.517687 0 0.482313
0.519816 0 0.480184
0.524065 0 0.475935
0.524461 0 0.475539
0.522438 0 0.477562
0.504467 0 0.495533
0.503755 0 0.496245
0.534191 0 0.465809
0.537253 0 0.462747
0.519238 0 0.480762
0.565525 0 0.434475
0.564028 0 0.435972
0.566789 0 0.433211
0.571495 0 0.428505
0.562939 0 0.437061
0.480521 0 0.519479
0.482664 0 0.517336
0.495145 0 0.504855
0.494255 0 0.505745
0.55395 0 0.44605
0.551282 0 0.448718
0.549397 0 0.450603
0.546259 0 0.453741
0.544648 0 0.455352
0.544586 0 0.455414
0.546857 0 0.453143
0.532068 0 0.467932
0.529739 0 0.470261
0.52845 0 0.47155
0.527881 0 0.472119
0.530447 0 0.469553
0.532049 0 0.467951
0.575951 0 0.424049
0.510667 0 0.489333
0.510543 0 0.489457
0.570437 0 0.429563
0.570532 0 0.429468
0.574367 0 0.425633
0.579469 0 0.420531
0.489064 0 0.510936
0.479867 0 0.520133
0.477113 0 0.522887
0.434553 0 0.565447
0.434842 0 0.565158
0.133598 0 0.866402
0.112559 0 0.887441
0.106639 0 0.893361
0.106308 0 0.893692
0.106379 0 0.893621
0.103627 0 0.896373
0.103682 0 0.896318
0.103743 0 0.896257
0.103809 0 0.896191
0.103881 0 0.896119
0.106912 0 0.893088
0.107019 0 0.892981
0.107132 0 0.892868
0.107249 0 0.892751
0.106306 0 0.893694
0.104457 0 0.895543
0.104566 0 0.895434
0.104681 0 0.895319
0.104802 0 0.895198
0.104929 0 0.895072
0.10842 0 0.89158
0.108572 0 0.891428
0.185585 0 0.814415
0.193033 0 0.806967
0.200969 0 0.799031
0.209783 0 0.790217
0.543586 0 0.456414
0.0508878 0 0.949112
0.0498371 0 0.950163
0.0498585 0 0.950141
0.0498821 0 0.950118
0.0499084 0 0.950092
0.55714 0 0.44286
0.59165 0 0.40835
0.50375 0 0.49625
0.573641 0 0.426359
0.46942 0 0.53058
0.249879 0 0.750121
0.251249 0 0.748751
0.252635 0 0.747365
0.254036 0 0.745964
0.255454 0 0.744546
0.256887 0 0.743113
0.258336 0 0.741664
0.259802 0 0.740198
0.261284 0 0.738716
0.262783 0 0.737217
0.264299 0 0.735701
0.265831 0 0.734169
0.267382 0 0.732618
0.26895 0 0.73105
0.270536 0 0.729464
0.27214 0 0.72786
0.273762 0 0.726238
0.275402 0 0.724598
0.277062 0 0.722938
0.27874 0 0.72126
0.280438 0 0.719562
0.282155 0 0.717845
0.283892 0 0.716108
0.285649 0 0.714351
0.287426 0 0.712574
0.289224 0 0.710776
0.291042 0 0.708958
0.292882 0 0.707118
0.294743 0 0.705257
0.296625 0 0.703375
0.298529 0 0.701471
0.300456 0 0.699544
0.302405 0 0.697595
0.304377 0 0.695623
0.306372 0 0.693628
0.30839 0 0.69161
0.310431 0 0.689569
0.312497 0 0.687503
0.314587 0 0.685413
0.316701 0 0.683299
0.318841 0 0.681159
0.321005 0 0.678995
0.323196 0 0.676804
0.325412 0 0.674588
0.327654 0 0.672346
0.329923 0 0.670077
0.332219 0 0.667781
0.334542 0 0.665458
0.336893 0 0.663107
0.339271 0 0.660729
0.341679 0 0.658321
0.344114 0 0.655886
0.346579 0 0.653421
0.349073 0 0.650927
0.351597 0 0.648403
0.354152 0 0.645849
0.356736 0 0.643264
0.359352 0 0.640648
0.362 0 0.638
0.364679 0 0.635321
0.492658 0 0.507342
0.488298 0 0.511702
0.481869 0 0.518131
0.48031 0 0.51969
0.481191 0 0.518809
0.496772 0 0.503228
0.496527 0 0.503473
0.494103 0 0.505897
0.49433 0 0.50567
0.501552 0 0.498448
0.509127 0 0.490873
0.533946 0 0.466054
0.531093 0 0.468907
0.528478 0 0.471522
0.526475 0 0.473525
0.523654 0 0.476346
0.519864 0 0.480136
0.51652 0 0.48348
0.515458 0 0.484542
0.508573 0 0.491427
0.504785 0 0.495215
0.500158 0 0.499842
0.497291 0 0.502709
0.495226 0 0.504774
0.493133 0 0.506867
0.490418 0 0.509582
0.487815 0 0.512185
0.480318 0 0.519682
0.477344 0 0.522656
0.474281 0 0.525719
0.47085 0 0.52915
0.434575 0 0.565425
0.434883 0 0.565117
0.470637 0 0.529363
0.133111 0 0.866889
0.112452 0 0.887548
0.106271 0 0.893729
0.106204 0 0.893796
0.106262 0 0.893738
0.106326 0 0.893674
0.104873 0 0.895127
0.10458 0 0.89542
0.104716 0 0.895284
0.106632 0 0.893368
0.106722 0 0.893278
0.106818 0 0.893182
0.106919 0 0.893081
0.107025 0 0.892975
0.107137 0 0.892863
0.107254 0 0.892746
0.105414 0 0.894586
0.105496 0 0.894504
0.105161 0 0.894839
0.107779 0 0.892221
0.107925 0 0.892075
0.108188 0 0.891812
0.185283 0 0.814717
0.193078 0 0.806922
0.20116 0 0.79884
0.209959 0 0.790041
0.490092 0 0.509908
0.491923 0 0.508077
0.494088 0 0.505912
0.496371 0 0.503629
0.498723 0 0.501277
0.0508098 0 0.94919
0.0498284 0 0.950172
0.0498498 0 0.95015
0.0498734 0 0.950127
0.0498997 0 0.9501
0.557393 0 0.442607
0.591632 0 0.408368
0.50378 0 0.49622
0.573739 0 0.426261
0.469433 0 0.530567
0.228727 0 0.771273
0.229875 0 0.770125
0.231034 0 0.768966
0.232205 0 0.767795
0.233388 0 0.766612
0.234583 0 0.765417
0.235791 0 0.764209
0.237011 0 0.762989
0.238244 0 0.761756
0.239488 0 0.760512
0.240746 0 0.759254
0.242017 0 0.757983
0.243301 0 0.756699
0.244597 0 0.755403
0.245907 0 0.754093
0.247231 0 0.752769
0.248568 0 0.751432
0.249918 0 0.750082
0.251283 0 0.748717
0.252662 0 0.747338
0.254054 0 0.745946
0.255461 0 0.744539
0.256883 0 0.743117
0.258319 0 0.741681
0.25977 0 0.74023
0.261236 0 0.738764
0.262717 0 0.737283
0.264213 0 0.735787
0.265724 0 0.734276
0.267251 0 0.732749
0.268794 0 0.731206
0.270352 0 0.729648
0.271927 0 0.728073
0.273518 0 0.726482
0.275125 0 0.724875
0.276749 0 0.723251
0.278389 0 0.721611
0.280047 0 0.719953
0.281721 0 0.718279
0.283412 0 0.716588
0.285121 0 0.714879
0.286848 0 0.713152
0.288592 0 0.711408
0.290354 0 0.709646
0.292134 0 0.707866
0.293932 0 0.706068
0.29575 0 0.70425
0.297585 0 0.702415
0.299439 0 0.700561
0.301313 0 0.698687
0.303205 0 0.696795
0.305647 0 0.694353
0.309176 0 0.690824
0.312802 0 0.687198
0.316531 0 0.683469
0.320365 0 0.679636
0.324308 0 0.675692
0.328366 0 0.671634
0.332545 0 0.667455
0.336847 0 0.663153
0.341244 0 0.658756
0.343978 0 0.656021
0.346118 0 0.653882
0.348555 0 0.651445
0.352963 0 0.647038
0.35859 0 0.64141
0.46187 0 0.53813
0.46542 0 0.53458
0.466816 0 0.533184
0.468305 0 0.531695
0.480296 0 0.519704
0.480364 0 0.519636
0.478933 0 0.521067
0.478789 0 0.521211
0.478147 0 0.521853
0.477207 0 0.522793
0.477164 0 0.522836
0.478533 0 0.521467
0.500152 0 0.499848
0.496141 0 0.503859
0.492976 0 0.507024
0.488666 0 0.511334
0.486066 0 0.513934
0.483056 0 0.516944
0.480916 0 0.519084
0.47735 0 0.52265
0.474873 0 0.525127
0.47153 0 0.52847
0.466845 0 0.533155
0.462494 0 0.537506
0.434602 0 0.565398
0.434929 0 0.565071
0.456455 0 0.543545
0.13263 0 0.86737
0.114369 0 0.885631
0.106625 0 0.893375
0.106198 0 0.893802
0.106256 0 0.893744
0.10632 0 0.89368
0.106388 0 0.893612
0.106462 0 0.893538
0.106541 0 0.893458
0.106626 0 0.893374
0.106716 0 0.893284
0.106812 0 0.893188
0.106913 0 0.893087
0.107019 0 0.892981
0.107131 0 0.892869
0.107248 0 0.892752
0.107371 0 0.892629
0.107499 0 0.892501
0.107634 0 0.892366
0.107773 0 0.892227
0.107918 0 0.892082
0.178783 0 0.821217
0.185676 0 0.814324
0.193128 0 0.806872
0.201214 0 0.798786
0.210014 0 0.789986
0.485187 0 0.514813
0.423695 0 0.576305
0.488502 0 0.511498
0.490727 0 0.509273
0.49299 0 0.50701
0.495311 0 0.504689
0.497678 0 0.502322
0.500081 0 0.499919
0.502524 0 0.497476
0.505025 0 0.494975
0.0507302 0 0.94927
0.0498205 0 0.95018
0.0498416 0 0.950158
0.0498653 0 0.950135
0.0498915 0 0.950108
0.557655 0 0.442345
0.591621 0 0.408379
0.503818 0 0.496182
0.573847 0 0.426153
0.469453 0 0.530547
0.210875 0 0.789125
0.21185 0 0.78815
0.212834 0 0.787166
0.213828 0 0.786172
0.21483 0 0.78517
0.215842 0 0.784158
0.216864 0 0.783136
0.217894 0 0.782106
0.218935 0 0.781065
0.219985 0 0.780015
0.221046 0 0.778954
0.222115 0 0.777885
0.223195 0 0.776805
0.224286 0 0.775714
0.225386 0 0.774614
0.226496 0 0.773504
0.227617 0 0.772383
0.228748 0 0.771252
0.22989 0 0.77011
0.231042 0 0.768958
0.232205 0 0.767795
0.23382 0 0.76618
0.235581 0 0.764419
0.237381 0 0.762619
0.23922 0 0.76078
0.241101 0 0.758899
0.243023 0 0.756977
0.244988 0 0.755012
0.246997 0 0.753003
0.249052 0 0.750948
0.251154 0 0.748846
0.253304 0 0.746696
0.255115 0 0.744885
0.256383 0 0.743617
0.258192 0 0.741808
0.26005 0 0.73995
0.261709 0 0.738291
0.263358 0 0.736642
0.265011 0 0.734989
0.267061 0 0.732939
0.269289 0 0.730711
0.27079 0 0.72921
0.272452 0 0.727548
0.27469 0 0.72531
0.277034 0 0.722966
0.278439 0 0.721561
0.279718 0 0.720282
0.28171 0 0.71829
0.283273 0 0.716727
0.289431 0 0.710569
0.290409 0 0.709591
0.291388 0 0.708612
0.293006 0 0.706994
0.294563 0 0.705437
0.295714 0 0.704286
0.296438 0 0.703562
0.30306 0 0.69694
0.304933 0 0.695067
0.30702 0 0.69298
0.308719 0 0.691281
0.310372 0 0.689628
0.312254 0 0.687746
0.313345 0 0.686655
0.314352 0 0.685648
0.315208 0 0.684792
0.316214 0 0.683786
0.32637 0 0.67363
0.332747 0 0.667253
0.334975 0 0.665025
0.336025 0 0.663975
0.338652 0 0.661348
0.352659 0 0.647341
0.391045 0 0.608955
0.392039 0 0.607961
0.392992 0 0.607008
0.399525 0 0.600475
0.402877 0 0.597123
0.405384 0 0.594616
0.427125 0 0.572875
0.413682 0 0.586318
0.421983 0 0.578017
0.420783 0 0.579217
0.420732 0 0.579268
0.421849 0 0.578151
0.426769 0 0.573231
0.4282 0 0.5718
0.421813 0 0.578187
0.421454 0 0.578546
0.422484 0 0.577516
0.422762 0 0.577238
0.421345 0 0.578655
0.422123 0 0.577877
0.132462 0 0.867538
0.118999 0 0.881001
0.109162 0 0.890838
0.106193 0 0.893807
0.106252 0 0.893748
0.106315 0 0.893685
0.106384 0 0.893616
0.106458 0 0.893542
0.106537 0 0.893463
0.106622 0 0.893378
0.106712 0 0.893288
0.106807 0 0.893193
0.106908 0 0.893092
0.107014 0 0.892986
0.107126 0 0.892874
0.107243 0 0.892757
0.107366 0 0.892634
0.107495 0 0.892505
0.107628 0 0.892372
0.107768 0 0.892232
0.107913 0 0.892087
0.178829 0 0.821171
0.185723 0 0.814277
0.19318 0 0.80682
0.201268 0 0.798732
0.210072 0 0.789928
0.426766 0 0.573234
0.481793 0 0.518207
0.483266 0 0.516734
0.485198 0 0.514802
0.459282 0 0.540718
0.489684 0 0.510316
0.49199 0 0.50801
0.494345 0 0.505655
0.496739 0 0.503261
0.499167 0 0.500833
0.0506539 0 0.949346
0.0498246 0 0.950175
0.0498387 0 0.950161
0.0498578 0 0.950142
0.0498841 0 0.950116
0.513448 0 0.486552
0.516688 0 0.483312
0.521562 0 0.478438
0.591618 0 0.408382
0.503861 0 0.496139
0.573965 0 0.426035
0.469478 0 0.530522
0.205373 0 0.794627
0.206539 0 0.793461
0.207729 0 0.792271
0.208943 0 0.791057
0.210181 0 0.789819
0.211445 0 0.788555
0.212735 0 0.787265
0.213841 0 0.786159
0.214167 0 0.785833
0.21455 0 0.78545
0.214945 0 0.785055
0.215354 0 0.784646
0.215766 0 0.784234
0.216126 0 0.783874
0.21648 0 0.78352
0.216878 0 0.783122
0.217295 0 0.782705
0.217714 0 0.782286
0.218134 0 0.781865
0.219083 0 0.780917
0.22037 0 0.77963
0.221965 0 0.778035
0.223819 0 0.776181
0.226628 0 0.773372
0.228086 0 0.771914
0.232247 0 0.767753
0.233779 0 0.766221
0.234973 0 0.765027
0.236841 0 0.763159
0.238137 0 0.761863
0.239901 0 0.760099
0.240843 0 0.759157
0.241893 0 0.758107
0.24227 0 0.75773
0.243012 0 0.756988
0.246101 0 0.753899
0.247554 0 0.752446
0.248447 0 0.751553
0.248666 0 0.751334
0.249302 0 0.750698
0.250875 0 0.749125
0.252626 0 0.747374
0.253634 0 0.746366
0.254201 0 0.745799
0.254985 0 0.745015
0.256435 0 0.743565
0.256928 0 0.743072
0.257447 0 0.742553
0.258508 0 0.741492
0.259615 0 0.740385
0.260754 0 0.739246
0.261594 0 0.738406
0.262674 0 0.737326
0.265578 0 0.734422
0.268755 0 0.731245
0.269916 0 0.730084
0.270683 0 0.729317
0.273041 0 0.726959
0.275217 0 0.724783
0.276695 0 0.723305
0.278528 0 0.721472
0.279978 0 0.720022
0.281423 0 0.718577
0.283466 0 0.716534
0.285964 0 0.714036
0.288746 0 0.711254
0.291567 0 0.708433
0.294623 0 0.705377
0.29764 0 0.70236
0.300047 0 0.699953
0.302957 0 0.697043
0.306576 0 0.693424
0.30917 0 0.69083
0.311422 0 0.688578
0.314231 0 0.685769
0.316576 0 0.683424
0.317521 0 0.682479
0.319523 0 0.680477
0.323884 0 0.676116
0.327602 0 0.672398
0.331364 0 0.668636
0.335787 0 0.664213
0.341486 0 0.658514
0.348641 0 0.651359
0.357721 0 0.642279
0.366815 0 0.633185
0.373169 0 0.626831
0.37501 0 0.62499
0.376322 0 0.623678
0.376951 0 0.623049
0.377364 0 0.622636
0.132451 0 0.867549
0.120165 0 0.879835
0.111094 0 0.888906
0.110423 0 0.889577
0.106248 0 0.893752
0.106312 0 0.893688
0.10638 0 0.89362
0.106454 0 0.893546
0.106534 0 0.893466
0.106618 0 0.893382
0.106708 0 0.893292
0.106804 0 0.893196
0.106904 0 0.893095
0.107011 0 0.892989
0.107123 0 0.892877
0.10724 0 0.89276
0.107363 0 0.892637
0.107491 0 0.892509
0.107625 0 0.892375
0.107764 0 0.892236
0.172712 0 0.827288
0.180879 0 0.819121
0.187145 0 0.812855
0.193871 0 0.806129
0.201327 0 0.798673
0.210136 0 0.789864
0.47555 0 0.52445
0.418478 0 0.581522
0.478461 0 0.521539
0.479977 0 0.520023
0.0495068 0 0.950493
0.0495191 0 0.950481
0.0495335 0 0.950467
0.0495506 0 0.950449
0.0495698 0 0.95043
0.0495913 0 0.950409
0.0496153 0 0.950385
0.0496416 0 0.950358
0.0496704 0 0.95033
0.0497016 0 0.950298
0.0497351 0 0.950265
0.0497709 0 0.950229
0.0498092 0 0.950191
0.0498499 0 0.95015
0.0498929 0 0.950107
0.0499385 0 0.950062
0.0499865 0 0.950014
0.527228 0 0.472772
0.532589 0 0.467411
0.591622 0 0.408378
0.503911 0 0.496089
0.574091 0 0.425909
0.469507 0 0.530493
0.192705 0 0.807295
0.19371 0 0.80629
0.19481 0 0.80519
0.195877 0 0.804123
0.196928 0 0.803072
0.197697 0 0.802303
0.197938 0 0.802062
0.198183 0 0.801817
0.198334 0 0.801666
0.198364 0 0.801636
0.198457 0 0.801543
0.198746 0 0.801254
0.19911 0 0.80089
0.201628 0 0.798372
0.202588 0 0.797412
0.20369 0 0.79631
0.204462 0 0.795538
0.205217 0 0.794783
0.205674 0 0.794326
0.206122 0 0.793878
0.207511 0 0.792489
0.208871 0 0.791129
0.209882 0 0.790118
0.210789 0 0.789211
0.21168 0 0.78832
0.21262 0 0.78738
0.213593 0 0.786407
0.214313 0 0.785687
0.215023 0 0.784976
0.215876 0 0.784124
0.216738 0 0.783262
0.217355 0 0.782645
0.218083 0 0.781917
0.219092 0 0.780908
0.220326 0 0.779674
0.221592 0 0.778408
0.223638 0 0.776362
0.224691 0 0.775309
0.225583 0 0.774417
0.227022 0 0.772978
0.230712 0 0.769288
0.231793 0 0.768207
0.234093 0 0.765907
0.235406 0 0.764594
0.236118 0 0.763882
0.236674 0 0.763326
0.236996 0 0.763004
0.237401 0 0.762599
0.238186 0 0.761814
0.242461 0 0.757539
0.243343 0 0.756657
0.244285 0 0.755715
0.245426 0 0.754574
0.246571 0 0.753429
0.247671 0 0.752329
0.248775 0 0.751225
0.250408 0 0.749592
0.252171 0 0.747829
0.253869 0 0.746131
0.255398 0 0.744602
0.256916 0 0.743084
0.258266 0 0.741734
0.259425 0 0.740575
0.2609 0 0.7391
0.262084 0 0.737916
0.262434 0 0.737566
0.262765 0 0.737235
0.263053 0 0.736947
0.26341 0 0.73659
0.266037 0 0.733963
0.272873 0 0.727127
0.275247 0 0.724753
0.277712 0 0.722288
0.280415 0 0.719585
0.283111 0 0.716889
0.285902 0 0.714098
0.28873 0 0.71127
0.291565 0 0.708435
0.294543 0 0.705457
0.297425 0 0.702575
0.300558 0 0.699443
0.303546 0 0.696454
0.306784 0 0.693216
0.309409 0 0.690591
0.311558 0 0.688442
0.31569 0 0.68431
0.319861 0 0.680139
0.324082 0 0.675918
0.328414 0 0.671586
0.332325 0 0.667675
0.132442 0 0.867558
0.121876 0 0.878124
0.110053 0 0.889947
0.110144 0 0.889856
0.106246 0 0.893754
0.10631 0 0.89369
0.106378 0 0.893622
0.106452 0 0.893548
0.106532 0 0.893468
0.106616 0 0.893384
0.106706 0 0.893294
0.106802 0 0.893198
0.106903 0 0.893097
0.107009 0 0.892991
0.10712 0 0.89288
0.107238 0 0.892762
0.10736 0 0.89264
0.107489 0 0.892511
0.107623 0 0.892377
0.107762 0 0.892238
0.172759 0 0.827241
0.184043 0 0.815957
0.190614 0 0.809386
0.197595 0 0.802405
0.205119 0 0.794881
0.212445 0 0.787555
0.469508 0 0.530492
0.429346 0 0.570654
0.473549 0 0.526451
0.475134 0 0.524866
0.0493199 0 0.95068
0.0493321 0 0.950668
0.0493466 0 0.950653
0.0493632 0 0.950637
0.0493824 0 0.950618
0.049404 0 0.950596
0.0494277 0 0.950572
0.0494538 0 0.950546
0.0494823 0 0.950518
0.0495133 0 0.950487
0.0495465 0 0.950454
0.049582 0 0.950418
0.04962 0 0.95038
0.0496605 0 0.95034
0.0497031 0 0.950297
0.0497484 0 0.950252
0.0497959 0 0.950204
0.514832 0 0.485168
0.518249 0 0.481751
0.522551 0 0.477449
0.527869 0 0.472131
0.533276 0 0.466724
0.503967 0 0.496033
0.544462 0 0.455538
0.469545 0 0.530455
0.529922 0 0.470078
0.181066 0 0.818934
0.181963 0 0.818037
0.182934 0 0.817066
0.183863 0 0.816137
0.184682 0 0.815318
0.185608 0 0.814392
0.186942 0 0.813058
0.187648 0 0.812352
0.188002 0 0.811998
0.18841 0 0.81159
0.188989 0 0.811011
0.189565 0 0.810435
0.190013 0 0.809987
0.190463 0 0.809537
0.190821 0 0.809179
0.191327 0 0.808673
0.191982 0 0.808018
0.19294 0 0.80706
0.194304 0 0.805696
0.19601 0 0.80399
0.197509 0 0.802491
0.198606 0 0.801394
0.199387 0 0.800613
0.200251 0 0.799749
0.201443 0 0.798557
0.202204 0 0.797796
0.203769 0 0.796231
0.204399 0 0.795601
0.205047 0 0.794953
0.206545 0 0.793455
0.207561 0 0.792439
0.208586 0 0.791414
0.20968 0 0.79032
0.210529 0 0.789471
0.210626 0 0.789374
0.210725 0 0.789275
0.21114 0 0.78886
0.212151 0 0.787849
0.213222 0 0.786778
0.214169 0 0.785831
0.215255 0 0.784745
0.216259 0 0.783741
0.2171 0 0.7829
0.21797 0 0.78203
0.21887 0 0.78113
0.219773 0 0.780227
0.220623 0 0.779377
0.221105 0 0.778895
0.22143 0 0.77857
0.221858 0 0.778142
0.224783 0 0.775217
0.227069 0 0.772931
0.227668 0 0.772332
0.227651 0 0.772349
0.228145 0 0.771855
0.232354 0 0.767646
0.233345 0 0.766655
0.234566 0 0.765434
0.235338 0 0.764662
0.236114 0 0.763886
0.23747 0 0.76253
0.239168 0 0.760832
0.241134 0 0.758866
0.242817 0 0.757183
0.244345 0 0.755655
0.245903 0 0.754097
0.247537 0 0.752463
0.249185 0 0.750815
0.250877 0 0.749123
0.252647 0 0.747353
0.254298 0 0.745702
0.255433 0 0.744567
0.256492 0 0.743508
0.257525 0 0.742475
0.259368 0 0.740632
0.261147 0 0.738853
0.262839 0 0.737161
0.264538 0 0.735462
0.266397 0 0.733603
0.268663 0 0.731337
0.271053 0 0.728947
0.273478 0 0.726522
0.275939 0 0.724061
0.278451 0 0.721549
0.280991 0 0.719009
0.283544 0 0.716456
0.286223 0 0.713777
0.288854 0 0.711146
0.291493 0 0.708507
0.132434 0 0.867566
0.121869 0 0.878131
0.109035 0 0.890965
0.109124 0 0.890876
0.109751 0 0.890249
0.106309 0 0.893691
0.106378 0 0.893622
0.106451 0 0.893549
0.106531 0 0.893469
0.106615 0 0.893385
0.106705 0 0.893295
0.106801 0 0.893199
0.106902 0 0.893098
0.107008 0 0.892992
0.10712 0 0.89288
0.107237 0 0.892763
0.107359 0 0.892641
0.107488 0 0.892512
0.107622 0 0.892378
0.111684 0 0.888316
0.177508 0 0.822492
0.184093 0 0.815907
0.191199 0 0.808801
0.198873 0 0.801127
0.207217 0 0.792783
0.211354 0 0.788646
0.359869 0 0.640131
0.360989 0 0.639011
0.363044 0 0.636956
0.0491252 0 0.950875
0.049135 0 0.950865
0.0491471 0 0.950853
0.0491616 0 0.950838
0.0491782 0 0.950822
0.0491971 0 0.950803
0.0492184 0 0.950782
0.0492421 0 0.950758
0.0492681 0 0.950732
0.0492964 0 0.950704
0.0493269 0 0.950673
0.0493599 0 0.95064
0.0493953 0 0.950605
0.049433 0 0.950567
0.0494729 0 0.950527
0.0495154 0 0.950485
0.0495602 0 0.95044
0.0496074 0 0.950393
0.049657 0 0.950343
0.51039 0 0.48961
0.512956 0 0.487044
0.515584 0 0.484416
0.519332 0 0.480668
0.50403 0 0.49597
0.528644 0 0.471356
0.469587 0 0.530413
0.539693 0 0.460307
0.545415 0 0.454585
0.551325 0 0.448675
0.557327 0 0.442673
0.584755 0 0.415245
0.529881 0 0.470119
0.597647 0 0.402353
0.170885 0 0.829115
0.171737 0 0.828263
0.17257 0 0.82743
0.173173 0 0.826827
0.173787 0 0.826213
0.175001 0 0.824999
0.176025 0 0.823975
0.176688 0 0.823312
0.177532 0 0.822468
0.177838 0 0.822162
0.178032 0 0.821968
0.178302 0 0.821698
0.179063 0 0.820937
0.179832 0 0.820168
0.18066 0 0.81934
0.181467 0 0.818533
0.183064 0 0.816936
0.184005 0 0.815995
0.184683 0 0.815317
0.185782 0 0.814218
0.188212 0 0.811788
0.188629 0 0.811371
0.188977 0 0.811023
0.189733 0 0.810267
0.190424 0 0.809576
0.192439 0 0.807561
0.194109 0 0.805891
0.194517 0 0.805483
0.195067 0 0.804933
0.195993 0 0.804007
0.196949 0 0.803051
0.19787 0 0.80213
0.198413 0 0.801587
0.198747 0 0.801253
0.199087 0 0.800913
0.199759 0 0.800241
0.200472 0 0.799528
0.201826 0 0.798174
0.203159 0 0.796841
0.204184 0 0.795816
0.205105 0 0.794895
0.205973 0 0.794027
0.206822 0 0.793178
0.20766 0 0.79234
0.208583 0 0.791417
0.209291 0 0.790709
0.209372 0 0.790628
0.209297 0 0.790703
0.209719 0 0.790281
0.21034 0 0.78966
0.211106 0 0.788894
0.211828 0 0.788172
0.212504 0 0.787496
0.213144 0 0.786856
0.213719 0 0.786281
0.214372 0 0.785628
0.214952 0 0.785048
0.215574 0 0.784426
0.21665 0 0.78335
0.217887 0 0.782113
0.218606 0 0.781394
0.21964 0 0.78036
0.22067 0 0.77933
0.221714 0 0.778286
0.222804 0 0.777196
0.223946 0 0.776054
0.225248 0 0.774752
0.227342 0 0.772658
0.22958 0 0.77042
0.234234 0 0.765766
0.236076 0 0.763924
0.237807 0 0.762193
0.239376 0 0.760624
0.240916 0 0.759084
0.242046 0 0.757954
0.243199 0 0.756801
0.244397 0 0.755603
0.246153 0 0.753847
0.248519 0 0.751481
0.250408 0 0.749592
0.25202 0 0.74798
0.253651 0 0.746349
0.255285 0 0.744715
0.2569 0 0.7431
0.258533 0 0.741467
0.260154 0 0.739846
0.261776 0 0.738224
0.263416 0 0.736584
0.132428 0 0.867572
0.122026 0 0.877974
0.108147 0 0.891853
0.108125 0 0.891875
0.108606 0 0.891394
0.106309 0 0.893691
0.106378 0 0.893622
0.106452 0 0.893548
0.106531 0 0.893469
0.106616 0 0.893384
0.106706 0 0.893294
0.106801 0 0.893199
0.106902 0 0.893098
0.107008 0 0.892992
0.10712 0 0.89288
0.107237 0 0.892763
0.10736 0 0.89264
0.107488 0 0.892512
0.107622 0 0.892378
0.109856 0 0.890144
0.11001 0 0.88999
0.184148 0 0.815852
0.191255 0 0.808745
0.198932 0 0.801068
0.207279 0 0.79272
0.210327 0 0.789673
0.350169 0 0.649831
0.351079 0 0.648921
0.0489352 0 0.951065
0.0489425 0 0.951058
0.0489522 0 0.951048
0.0489641 0 0.951036
0.0489783 0 0.951022
0.048995 0 0.951005
0.0490139 0 0.950986
0.0490349 0 0.950965
0.0490583 0 0.950942
0.0490841 0 0.950916
0.0491122 0 0.950888
0.0491426 0 0.950857
0.0491754 0 0.950825
0.0492104 0 0.95079
0.0492478 0 0.950752
0.0492875 0 0.950713
0.0493297 0 0.95067
0.0493742 0 0.950626
0.049421 0 0.950579
0.0494703 0 0.95053
0.50361 0 0.49639
0.506112 0 0.493888
0.508736 0 0.491264
0.511328 0 0.488672
0.504133 0 0.495867
0.516811 0 0.483189
0.469636 0 0.530364
0.524832 0 0.475168
0.529545 0 0.470455
0.535067 0 0.464933
0.540717 0 0.459283
0.546503 0 0.453497
0.529866 0 0.470134
0.558384 0 0.441616
0.564045 0 0.435955
 ] }
}
