# Real Time: 925.558
# Simulation Time: 27.69
# Radar Position: 866.817 -253.468 3.05456
# Radar Quat: -0.00254154 0.0061277 0.745108 0.666911
PointSet {
 coord Coordinate { point [
847.768 -272.004 3.49243
847.77 -272.264 3.49774
847.771 -272.527 3.50315
847.773 -272.794 3.50867
847.774 -273.065 3.51429
847.776 -273.34 3.52002
847.777 -273.619 3.52586
847.779 -273.901 3.53182
856.28 -271.883 3.48142
856.445 -271.893 3.48192
856.531 -272.043 3.48568
856.076 -280.952 3.70521
856.274 -281.011 3.70757
858.238 -276.844 3.61081
858.398 -276.915 3.61337
855.005 -287.897 3.87693
853.217 -296.007 4.07553
853.535 -296.035 4.07806
856.228 -292.097 3.99245
854.879 -300.913 4.21314
855.186 -301.097 4.22007
859.774 -287.392 3.89444
860.824 -283.375 3.79693
859.317 -292.328 4.02079
860.415 -290.827 3.9902
863.672 -280.966 3.75792
863.634 -285.236 3.87118
862.886 -303.258 4.34395
865.122 -276.973 3.66604
865.292 -276.896 3.6658
863.941 -310.002 4.53518
864.847 -306.895 4.46218
866.483 -290.764 4.04981
866.76 -282.34 3.82788
867.028 -295.159 4.1738
868.543 -305.726 4.47501
869.253 -305.27 4.47192
868.626 -286.963 3.97484
873.252 -311.788 4.70024
872.003 -290.846 4.12552
872.256 -290.758 4.12696
874.741 -302.941 4.48735
872.746 -288.895 4.08508
867.91 -259.228 3.2259
872.427 -282.05 3.89937
872.617 -281.959 3.90002
873.057 -278.66 3.8208
873.209 -278.522 3.81981
847.77 -272.265 3.40422
847.771 -272.529 3.40899
847.773 -272.796 3.41384
847.774 -273.067 3.41879
847.776 -273.341 3.42384
847.777 -273.62 3.42898
847.779 -273.903 3.43422
856.281 -271.883 3.40719
856.445 -271.894 3.40796
856.532 -272.043 3.41141
856.066 -280.982 3.6026
856.282 -280.994 3.6041
858.241 -276.839 3.52359
858.396 -276.923 3.52639
855.006 -287.899 3.74972
853.225 -295.989 3.91905
853.538 -296.033 3.92214
856.231 -292.094 3.85236
854.882 -300.907 4.04199
855.188 -301.098 4.04871
859.776 -287.391 3.77325
860.825 -283.376 3.69025
859.318 -292.328 3.88242
860.416 -290.833 3.85781
863.673 -280.968 3.66114
863.635 -285.238 3.75957
862.888 -303.257 4.16934
865.294 -276.892 3.58355
863.944 -309.997 4.33719
864.849 -306.885 4.27507
866.485 -290.772 3.91955
866.761 -282.329 3.72661
867.029 -295.147 4.02773
868.545 -305.711 4.29188
869.259 -305.352 4.29259
868.628 -286.976 3.85781
873.254 -311.788 4.49515
872.003 -290.839 3.99338
872.257 -290.754 3.99508
872.749 -288.901 3.95961
867.909 -259.226 3.20521
872.428 -282.048 3.79741
872.618 -281.959 3.7983
873.058 -278.659 3.72996
873.21 -278.521 3.72928
873.399 -278.531 3.73262
847.771 -272.53 3.31483
847.773 -272.797 3.31903
847.774 -273.068 3.32331
847.776 -273.343 3.32766
847.778 -273.622 3.3321
847.779 -273.905 3.33663
856.282 -271.883 3.33297
856.446 -271.894 3.33401
856.532 -272.044 3.33715
854.684 -284.528 3.55643
856.289 -280.98 3.50082
858.244 -276.834 3.43645
858.393 -276.934 3.43941
855.007 -287.902 3.62251
853.232 -295.972 3.76275
853.54 -296.032 3.76628
856.233 -292.091 3.71232
854.886 -300.901 3.87093
855.189 -301.099 3.87737
859.778 -287.39 3.6521
860.827 -283.376 3.58359
859.32 -292.329 3.74408
860.416 -290.84 3.7254
863.673 -280.97 3.56436
863.636 -285.24 3.64796
863.059 -293.883 3.81194
862.89 -303.256 3.99476
865.295 -276.889 3.50135
863.946 -309.992 4.13929
864.852 -306.876 4.08808
866.486 -290.78 3.78927
866.762 -282.318 3.62544
867.031 -295.136 3.8818
868.3 -298.261 3.95904
869.261 -305.347 4.11094
868.63 -286.989 3.74072
873.256 -311.789 4.2901
872.004 -290.832 3.86131
872.258 -290.75 3.86325
872.751 -288.908 3.83413
867.909 -259.225 3.18455
872.428 -282.046 3.69548
872.619 -281.96 3.69661
873.058 -278.658 3.63914
873.21 -278.519 3.63878
873.4 -278.532 3.64196
875.196 -284.492 3.78481
847.773 -272.799 3.22421
847.774 -273.07 3.22781
847.776 -273.345 3.23148
847.778 -273.623 3.23522
847.779 -273.906 3.23903
856.284 -271.882 3.25877
856.447 -271.895 3.26006
856.533 -272.044 3.26289
854.691 -284.514 3.43969
856.294 -280.968 3.39767
858.247 -276.83 3.34935
858.386 -276.959 3.35252
855.008 -287.904 3.4953
853.239 -295.956 3.6066
853.543 -296.031 3.61044
856.236 -292.088 3.57231
854.89 -300.894 3.69993
855.191 -301.099 3.70604
859.779 -287.388 3.53097
860.828 -283.376 3.47694
859.321 -292.329 3.60574
860.416 -290.848 3.59296
863.674 -280.972 3.46757
863.637 -285.244 3.53636
863.063 -293.848 3.66953
862.892 -303.256 3.82021
865.296 -276.886 3.41919
863.948 -309.988 3.94145
864.854 -306.869 3.90119
866.487 -290.788 3.65895
866.763 -282.308 3.52437
867.032 -295.126 3.73598
868.301 -298.253 3.80225
869.262 -305.342 3.92934
868.632 -287.001 3.62355
873.258 -311.789 4.08506
872.004 -290.826 3.7293
872.259 -290.747 3.73145
872.753 -288.915 3.70862
867.909 -259.224 3.16389
872.429 -282.044 3.59359
872.62 -281.96 3.59492
873.059 -278.657 3.54833
873.21 -278.517 3.5483
873.401 -278.532 3.55131
875.198 -284.493 3.67246
875.402 -284.391 3.67385
847.774 -273.071 3.13232
847.776 -273.346 3.1353
847.778 -273.625 3.13834
847.779 -273.908 3.14143
856.285 -271.882 3.18458
856.447 -271.895 3.18612
856.534 -272.045 3.18864
854.697 -284.503 3.3231
856.3 -280.957 3.29464
858.249 -276.827 3.2623
855.008 -287.907 3.36809
853.246 -295.942 3.4506
853.545 -296.03 3.45465
856.238 -292.086 3.43234
854.893 -300.888 3.52899
855.193 -301.1 3.53474
859.781 -287.387 3.40986
860.829 -283.376 3.3703
859.323 -292.33 3.46742
860.416 -290.856 3.46049
863.675 -280.974 3.37079
863.638 -285.248 3.42477
863.068 -293.818 3.52744
862.894 -303.255 3.64569
865.297 -276.883 3.33707
863.951 -309.984 3.74366
864.856 -306.862 3.71439
866.489 -290.796 3.5286
866.764 -282.297 3.42339
867.034 -295.117 3.59026
868.303 -298.25 3.64561
869.264 -305.337 3.7478
868.634 -287.014 3.50632
873.26 -311.79 3.88005
872.004 -290.819 3.59737
872.26 -290.743 3.59971
872.755 -288.921 3.58307
867.909 -259.222 3.14326
872.43 -282.042 3.49172
872.621 -281.96 3.49324
873.059 -278.656 3.45755
873.211 -278.515 3.45785
873.402 -278.532 3.46068
875.199 -284.494 3.56011
875.403 -284.389 3.56161
847.776 -273.348 3.03912
847.778 -273.626 3.04145
847.779 -273.909 3.04383
856.286 -271.882 3.1104
856.448 -271.896 3.11219
856.534 -272.045 3.11439
854.702 -284.493 3.20662
856.305 -280.947 3.19172
858.252 -276.823 3.17529
855.009 -287.91 3.24088
853.253 -295.927 3.29473
853.547 -296.031 3.29888
856.241 -292.083 3.29241
854.897 -300.882 3.35812
855.195 -301.101 3.36345
859.783 -287.386 3.28878
860.83 -283.376 3.26368
859.324 -292.33 3.32912
860.417 -290.864 3.32799
861.031 -296.219 3.38446
863.676 -280.976 3.27401
863.639 -285.254 3.31316
863.072 -293.79 3.3856
862.896 -303.255 3.4712
865.298 -276.881 3.25499
863.953 -309.98 3.54594
864.859 -306.855 3.52766
866.49 -290.805 3.39821
866.765 -282.287 3.3225
867.035 -295.108 3.44463
868.304 -298.25 3.48904
869.266 -305.332 3.56633
868.636 -287.027 3.38901
873.262 -311.79 3.67507
872.005 -290.812 3.46549
872.26 -290.739 3.468
872.758 -288.928 3.4575
867.909 -259.221 3.12263
872.43 -282.039 3.38988
872.622 -281.961 3.39158
873.06 -278.655 3.36678
873.211 -278.514 3.36742
873.403 -278.532 3.37005
875.2 -284.496 3.44778
875.404 -284.387 3.4494
847.778 -273.628 2.94456
847.779 -273.911 2.94621
856.287 -271.881 3.03623
856.449 -271.896 3.03825
856.535 -272.046 3.04014
854.707 -284.485 3.09021
856.31 -280.938 3.08887
858.254 -276.82 3.08831
855.01 -287.913 3.11365
853.259 -295.914 3.13897
853.548 -296.032 3.14312
856.243 -292.081 3.1525
854.901 -300.876 3.1873
855.197 -301.102 3.19216
859.784 -287.385 3.16771
860.832 -283.377 3.15705
859.326 -292.331 3.19082
860.417 -290.873 3.19544
861.036 -296.194 3.23361
863.677 -280.978 3.17722
863.639 -285.261 3.20153
863.076 -293.764 3.24397
862.898 -303.254 3.29672
865.299 -276.88 3.17292
863.956 -309.976 3.34824
864.861 -306.849 3.34099
866.492 -290.813 3.26776
866.766 -282.277 3.22168
867.037 -295.101 3.29907
868.306 -298.252 3.33248
869.268 -305.326 3.38489
868.638 -287.04 3.27161
873.264 -311.791 3.47008
872.005 -290.805 3.33367
872.261 -290.736 3.33633
872.76 -288.935 3.33188
867.909 -259.22 3.10202
872.431 -282.037 3.28805
872.623 -281.961 3.28992
873.061 -278.654 3.27603
873.212 -278.512 3.27701
873.404 -278.533 3.27943
875.202 -284.498 3.33543
875.404 -284.385 3.3372
883.665 -309.568 3.58165
856.288 -271.881 2.96206
856.45 -271.897 2.9643
856.536 -272.047 2.96589
854.711 -284.479 2.97386
856.314 -280.93 2.98609
858.256 -276.817 3.00135
855.01 -287.916 2.9864
853.265 -295.901 2.98332
853.55 -296.034 2.98735
856.245 -292.078 3.01261
854.903 -300.874 3.01653
855.199 -301.103 3.02086
859.786 -287.384 3.04665
860.833 -283.377 3.05043
859.328 -292.331 3.05252
860.417 -290.883 3.06282
861.04 -296.175 3.08295
863.678 -280.981 3.08041
863.64 -285.27 3.08985
863.08 -293.74 3.10252
862.9 -303.254 3.12224
865.3 -276.879 3.09086
863.958 -309.973 3.15058
864.863 -306.844 3.15436
866.493 -290.822 3.13726
866.768 -282.267 3.12094
867.038 -295.093 3.15357
868.308 -298.254 3.17592
869.269 -305.321 3.2035
868.64 -287.053 3.15413
873.267 -311.791 3.2651
872.006 -290.801 3.2019
872.262 -290.732 3.20468
872.763 -288.942 3.20622
867.909 -259.218 3.08141
872.431 -282.035 3.18625
872.624 -281.962 3.18825
873.061 -278.653 3.18528
873.212 -278.51 3.18661
873.405 -278.533 3.18881
875.204 -284.499 3.22308
875.405 -284.383 3.22502
883.667 -309.566 3.37701
856.29 -271.881 2.88789
856.45 -271.898 2.89035
856.537 -272.047 2.89163
845.929 -291.908 2.7224
846.074 -292.286 2.72447
846.22 -292.669 2.72655
846.368 -293.056 2.72864
846.518 -293.448 2.73075
854.715 -284.473 2.85754
856.319 -280.922 2.88336
858.258 -276.815 2.91441
855.011 -287.919 2.85912
853.271 -295.889 2.82774
853.551 -296.037 2.83155
849.676 -309.874 2.76492
850.18 -309.623 2.77219
850.523 -309.91 2.77669
850.868 -310.2 2.78121
856.248 -292.076 2.87274
851.565 -310.784 2.79027
854.906 -300.874 2.84576
855.201 -301.105 2.84955
859.788 -287.383 2.92559
860.834 -283.377 2.9438
859.329 -292.332 2.91421
860.417 -290.893 2.93013
861.044 -296.159 2.9324
863.679 -280.983 2.98358
863.417 -285.264 2.9753
863.64 -285.282 2.9781
863.084 -293.716 2.96123
862.902 -303.253 2.94776
865.301 -276.879 3.00881
863.961 -309.97 2.95293
864.866 -306.839 2.96777
866.494 -290.832 3.00668
866.769 -282.258 3.02026
867.04 -295.087 3.00811
868.31 -298.258 3.01933
869.271 -305.316 3.02213
868.642 -287.065 3.03655
873.269 -311.792 3.06011
872.007 -290.797 3.07017
872.263 -290.728 3.07306
872.765 -288.949 3.08051
867.909 -259.217 3.06081
872.432 -282.033 3.08446
872.625 -281.962 3.08658
873.062 -278.652 3.09454
873.213 -278.508 3.09623
873.406 -278.533 3.09818
875.205 -284.501 3.11071
875.405 -284.382 3.11285
883.668 -309.564 3.17238
827.524 -296.931 2.22304
827.599 -297.462 2.22338
827.673 -298.002 2.22366
827.748 -298.548 2.22393
844.342 -292.212 2.54138
856.291 -271.881 2.81372
856.451 -271.898 2.8164
856.537 -272.048 2.81737
846.023 -291.739 2.57168
846.167 -292.115 2.57284
846.314 -292.495 2.57398
846.462 -292.879 2.57512
846.612 -293.269 2.57625
854.718 -284.469 2.74126
856.323 -280.915 2.78068
858.26 -276.813 2.82748
855.011 -287.923 2.73181
853.277 -295.877 2.67226
853.552 -296.042 2.67572
849.84 -309.343 2.56365
850.241 -309.427 2.5693
850.583 -309.713 2.57317
850.927 -310.001 2.57703
856.251 -292.074 2.73288
851.621 -310.582 2.58475
854.908 -300.873 2.67499
855.203 -301.106 2.67823
859.79 -287.381 2.80454
860.836 -283.377 2.83717
859.331 -292.332 2.77589
860.416 -290.905 2.79736
861.048 -296.146 2.78196
863.68 -280.986 2.88674
863.42 -285.246 2.86362
863.639 -285.304 2.86621
863.088 -293.694 2.82011
862.904 -303.253 2.77328
865.302 -276.879 2.92676
863.963 -309.967 2.7553
864.868 -306.834 2.7812
866.496 -290.841 2.87605
866.77 -282.249 2.91964
867.042 -295.081 2.8627
868.312 -298.263 2.86271
869.273 -305.311 2.8408
868.644 -287.078 2.91888
873.272 -311.792 2.85511
872.008 -290.793 2.93846
872.264 -290.725 2.94146
872.768 -288.956 2.95474
867.909 -259.217 3.04022
872.433 -282.031 2.98268
872.627 -281.963 2.9849
873.063 -278.651 3.0038
873.213 -278.506 3.00585
873.407 -278.533 3.00755
875.207 -284.503 2.99833
875.406 -284.38 3.00069
883.67 -309.562 2.96776
877.836 -287.523 3.00909
830.242 -294.497 2.0874
830.34 -294.968 2.08727
830.424 -295.46 2.08673
830.511 -295.957 2.08616
830.602 -296.455 2.08564
830.695 -296.957 2.08511
830.786 -297.47 2.08445
830.881 -297.985 2.08382
830.98 -298.503 2.08321
831.076 -299.032 2.08246
831.175 -299.566 2.08169
831.277 -300.104 2.08091
831.38 -300.65 2.08009
831.484 -301.201 2.07923
831.591 -301.759 2.07833
846.798 -283.455 2.4856
847.174 -283.342 2.49366
847.544 -283.23 2.50156
847.798 -283.292 2.50615
847.878 -283.63 2.50566
844.011 -292.163 2.37886
844.48 -291.979 2.38893
856.292 -271.88 2.73955
856.452 -271.899 2.74244
856.538 -272.049 2.7431
846.08 -291.639 2.42117
846.26 -291.945 2.42253
846.406 -292.322 2.42276
846.555 -292.704 2.42296
846.705 -293.091 2.42314
854.721 -284.465 2.62499
856.327 -280.909 2.67804
858.262 -276.811 2.74056
855.012 -287.927 2.60447
853.283 -295.866 2.51684
853.552 -296.048 2.51982
849.962 -308.95 2.36454
850.301 -309.233 2.36781
850.642 -309.517 2.37105
850.985 -309.803 2.37427
856.253 -292.071 2.59303
851.677 -310.381 2.38067
852.027 -310.672 2.38383
854.911 -300.872 2.50422
855.205 -301.107 2.5069
859.792 -287.38 2.6835
860.837 -283.378 2.73054
859.333 -292.333 2.63757
860.416 -290.917 2.66449
861.052 -296.133 2.63158
863.681 -280.988 2.78987
863.423 -285.233 2.75202
863.092 -293.672 2.67913
862.907 -303.253 2.59879
865.303 -276.879 2.8447
863.966 -309.964 2.55769
864.871 -306.83 2.59466
866.498 -290.851 2.74534
866.771 -282.24 2.81908
867.043 -295.075 2.71732
868.314 -298.268 2.70605
869.275 -305.306 2.6595
868.646 -287.091 2.80112
873.274 -311.793 2.6501
872.009 -290.789 2.80677
872.265 -290.721 2.80988
872.77 -288.963 2.82892
867.91 -259.218 3.01962
872.434 -282.029 2.88091
872.628 -281.964 2.88322
873.063 -278.65 2.91307
873.214 -278.504 2.91549
873.408 -278.534 2.91691
875.209 -284.505 2.88593
875.407 -284.378 2.88855
883.671 -309.561 2.76315
877.833 -287.511 2.88404
832.626 -292.367 1.96696
832.752 -292.774 1.9669
832.851 -293.218 1.96589
832.948 -293.67 1.96477
833.048 -294.125 1.96359
833.145 -294.59 1.96227
833.249 -295.052 1.96106
833.352 -295.523 1.95972
833.456 -295.998 1.95834
833.565 -296.475 1.957
833.672 -296.962 1.95547
833.78 -297.454 1.95391
833.893 -297.948 1.95237
834.009 -298.446 1.95082
834.123 -298.954 1.9491
834.242 -299.462 1.94745
834.363 -299.977 1.94574
834.484 -300.502 1.94388
846.553 -283.37 2.35499
846.932 -283.257 2.36418
847.304 -283.146 2.37319
847.67 -283.037 2.38203
847.887 -283.154 2.38563
847.967 -283.49 2.38433
848.049 -283.83 2.38297
848.131 -284.175 2.38157
844.11 -291.999 2.22545
844.589 -291.795 2.23729
856.294 -271.88 2.66538
856.453 -271.9 2.66847
856.539 -272.049 2.66882
846.083 -291.637 2.26942
846.336 -291.807 2.27292
846.49 -292.168 2.27253
846.645 -292.533 2.2721
846.796 -292.914 2.27138
846.615 -293.972 2.25741
842.844 -307.06 2.05322
843.121 -307.45 2.05452
854.724 -284.463 2.50873
856.33 -280.903 2.57543
858.264 -276.809 2.65365
855.012 -287.931 2.47709
853.288 -295.856 2.36149
853.551 -296.056 2.36384
850.023 -308.759 2.16504
850.361 -309.04 2.1677
850.701 -309.323 2.17032
851.043 -309.607 2.17291
856.256 -292.069 2.45319
851.733 -310.181 2.178
852.082 -310.471 2.18049
854.913 -300.872 2.33344
855.207 -301.109 2.33554
859.794 -287.379 2.56245
860.838 -283.378 2.62389
859.334 -292.333 2.49923
860.415 -290.932 2.53149
861.055 -296.122 2.48127
863.682 -280.991 2.69298
863.426 -285.223 2.64047
863.095 -293.651 2.53829
862.909 -303.253 2.4243
865.304 -276.88 2.76262
863.969 -309.961 2.36008
864.873 -306.826 2.40813
866.499 -290.861 2.61455
866.772 -282.231 2.71857
867.045 -295.07 2.57196
868.316 -298.274 2.54933
869.277 -305.3 2.47823
868.648 -287.104 2.68326
873.276 -311.794 2.44508
872.01 -290.786 2.6751
872.266 -290.717 2.67832
872.773 -288.97 2.70305
867.91 -259.22 2.99901
872.434 -282.027 2.77915
872.629 -281.964 2.78152
873.064 -278.649 2.82235
873.214 -278.503 2.82513
873.409 -278.534 2.82626
875.21 -284.507 2.77351
875.407 -284.376 2.77641
883.673 -309.559 2.55854
877.831 -287.501 2.75905
885.395 -308.268 2.58399
834.752 -290.467 1.85966
834.88 -290.845 1.85911
835.002 -291.232 1.85829
835.112 -291.64 1.85688
835.219 -292.057 1.85524
835.323 -292.483 1.85341
835.434 -292.906 1.85172
835.542 -293.34 1.84977
835.651 -293.777 1.84779
835.765 -294.215 1.84587
835.879 -294.66 1.84381
835.997 -295.105 1.84178
836.116 -295.557 1.83967
836.237 -296.013 1.83749
836.361 -296.472 1.8353
836.483 -296.94 1.83292
846.308 -283.285 2.22385
846.689 -283.173 2.2342
847.064 -283.062 2.24434
847.433 -282.954 2.25429
847.717 -282.967 2.26079
847.938 -283.078 2.2646
848.056 -283.351 2.2641
848.138 -283.689 2.26192
848.221 -284.031 2.25968
848.304 -284.378 2.25737
844.117 -291.99 2.06939
844.596 -291.787 2.08268
856.295 -271.88 2.59121
856.453 -271.9 2.59448
856.54 -272.05 2.59452
846.086 -291.635 2.11766
846.337 -291.81 2.12093
846.49 -292.171 2.11968
846.646 -292.536 2.11837
846.803 -292.906 2.11699
846.58 -294.047 2.09745
846.323 -295.293 2.07581
846.549 -295.573 2.07692
846.873 -295.653 2.08267
842.966 -306.793 1.85412
843.249 -307.165 1.85492
854.726 -284.461 2.39246
856.334 -280.898 2.47285
858.266 -276.808 2.56674
855.013 -287.935 2.34967
853.294 -295.845 2.2062
853.55 -296.068 2.20772
850.084 -308.569 1.96689
850.42 -308.848 1.96895
850.759 -309.129 1.97097
851.1 -309.412 1.97293
856.258 -292.067 2.31336
851.789 -309.984 1.97673
852.136 -310.272 1.97856
854.916 -300.871 2.16266
855.209 -301.11 2.16416
859.795 -287.378 2.44141
860.84 -283.378 2.51724
859.336 -292.334 2.36088
860.414 -290.95 2.39833
861.059 -296.112 2.33101
863.683 -280.994 2.59605
863.428 -285.213 2.52897
863.099 -293.63 2.39757
862.911 -303.253 2.24979
865.305 -276.882 2.68053
863.971 -309.959 2.16247
864.876 -306.823 2.22161
866.501 -290.871 2.48368
866.774 -282.223 2.61811
867.047 -295.065 2.42663
868.318 -298.281 2.39255
869.279 -305.295 2.29697
868.65 -287.117 2.5653
873.279 -311.794 2.24003
872.011 -290.782 2.54344
872.268 -290.722 2.54666
872.776 -288.977 2.57711
867.911 -259.221 2.97838
872.435 -282.025 2.67739
872.63 -281.965 2.67981
873.065 -278.648 2.73162
873.215 -278.501 2.73478
873.41 -278.534 2.73561
875.212 -284.509 2.66106
875.408 -284.374 2.66427
883.675 -309.557 2.35392
877.83 -287.492 2.63412
885.396 -308.265 2.38186
878.373 -286.769 2.64718
844.363 -279.733 2.09352
844.329 -280.149 2.08722
836.879 -289.514 1.75981
837.058 -289.812 1.76084
837.161 -290.206 1.75848
837.267 -290.603 1.75607
837.38 -290.997 1.75387
837.494 -291.395 1.75155
837.611 -291.793 1.74928
837.728 -292.199 1.74682
837.85 -292.604 1.74447
837.969 -293.018 1.74187
838.091 -293.434 1.73925
838.218 -293.85 1.73667
838.343 -294.276 1.73387
846.445 -283.088 2.10368
846.823 -282.978 2.11498
847.194 -282.87 2.12605
847.502 -282.85 2.13418
847.723 -282.961 2.13813
847.943 -283.073 2.14203
848.145 -283.214 2.14496
848.226 -283.548 2.14198
848.309 -283.888 2.13891
848.393 -284.232 2.13577
848.479 -284.582 2.13253
844.603 -291.778 1.92812
856.296 -271.879 2.51704
856.454 -271.901 2.52049
856.54 -272.051 2.52022
846.089 -291.634 1.96591
846.337 -291.814 1.9689
846.491 -292.175 1.96679
846.646 -292.54 1.96459
846.803 -292.91 1.96232
846.544 -294.123 1.93689
846.617 -294.696 1.9293
847.096 -294.44 1.9443
846.819 -295.771 1.91641
842.294 -306.31 1.64302
842.575 -306.676 1.64324
842.995 -306.736 1.6515
843.004 -307.73 1.63524
854.728 -284.461 2.27616
856.337 -280.893 2.37028
858.268 -276.807 2.47983
855.013 -287.94 2.22219
853.299 -295.836 2.05095
853.547 -296.085 2.05138
850.144 -308.38 1.77008
850.48 -308.658 1.77155
850.817 -308.938 1.77296
851.157 -309.219 1.77431
856.261 -292.065 2.17352
851.844 -309.787 1.77684
852.19 -310.073 1.77802
854.918 -300.87 1.99186
859.797 -287.377 2.32036
860.841 -283.378 2.41057
859.338 -292.335 2.22251
860.411 -290.978 2.2648
861.062 -296.103 2.18079
863.683 -280.997 2.4991
863.43 -285.205 2.4175
863.103 -293.61 2.25697
862.913 -303.253 2.07526
865.306 -276.884 2.5984
863.974 -309.957 1.96486
864.878 -306.82 2.03509
866.502 -290.881 2.35271
866.775 -282.215 2.5177
867.049 -295.06 2.2813
868.199 -305.499 2.09988
868.32 -298.288 2.2357
869.281 -305.29 2.11574
868.653 -287.13 2.44724
873.281 -311.795 2.03496
872.012 -290.778 2.4118
872.272 -290.738 2.41476
872.778 -288.984 2.45111
873.04 -289.02 2.4525
867.911 -259.223 2.95775
872.436 -282.023 2.57564
872.632 -281.966 2.57809
873.066 -278.647 2.64089
873.215 -278.499 2.64444
873.411 -278.535 2.64494
875.214 -284.512 2.54857
875.409 -284.373 2.55213
883.676 -309.555 2.1493
877.828 -287.484 2.50922
885.398 -308.263 2.17971
878.372 -286.763 2.52405
878.648 -286.805 2.52438
844.959 -279.402 1.9957
845.139 -279.556 1.99866
846.542 -278.215 2.06153
846.897 -278.131 2.07335
847.141 -278.179 2.07979
847.371 -278.243 2.08548
847.518 -278.414 2.08698
847.652 -278.602 2.08778
847.796 -278.778 2.089
847.891 -279.021 2.08771
844.604 -283.912 1.91216
840.193 -290.509 1.676
842.605 -287.651 1.79244
841.761 -289.373 1.7394
846.481 -283.038 1.97979
846.871 -282.91 1.99281
847.254 -282.783 2.00555
847.508 -282.845 2.01145
847.729 -282.956 2.01549
847.949 -283.067 2.01948
848.169 -283.178 2.02342
848.314 -283.41 2.02313
848.397 -283.747 2.01926
848.481 -284.088 2.01528
848.567 -284.435 2.0112
844.611 -291.769 1.77362
856.298 -271.879 2.44285
856.455 -271.902 2.44648
856.541 -272.051 2.4459
846.092 -291.632 1.81415
846.337 -291.818 1.81683
846.491 -292.179 1.81385
846.647 -292.544 1.81077
846.804 -292.913 1.8076
846.509 -294.199 1.77571
846.724 -294.483 1.77547
846.445 -295.801 1.74323
846.759 -295.905 1.74875
843.938 -302.769 1.54761
844.132 -303.261 1.54256
844.328 -303.758 1.53736
844.527 -304.262 1.53205
844.73 -304.773 1.52659
844.937 -305.286 1.52111
845.147 -305.806 1.51551
845.359 -306.336 1.50964
845.579 -306.862 1.50397
854.73 -284.461 2.15982
856.34 -280.889 2.26772
846.253 -308.499 1.4856
858.269 -276.805 2.39291
846.721 -309.63 1.47256
855.013 -287.945 2.09466
848.625 -309.166 1.52215
853.304 -295.826 1.89575
853.539 -296.116 1.8945
850.203 -308.192 1.57459
850.538 -308.469 1.57548
850.875 -308.747 1.57629
851.214 -309.027 1.57704
856.263 -292.063 2.03369
851.898 -309.592 1.57831
852.244 -309.877 1.57884
854.921 -300.87 1.82105
859.799 -287.376 2.1993
860.843 -283.379 2.30389
859.34 -292.335 2.08411
861.065 -296.095 2.03059
863.684 -281 2.40211
863.433 -285.198 2.30604
863.106 -293.591 2.11648
862.916 -303.253 1.90071
865.307 -276.886 2.51624
863.976 -309.954 1.76723
864.881 -306.817 1.84855
866.504 -290.892 2.22165
866.776 -282.207 2.41732
867.05 -295.057 2.13597
868.2 -305.448 1.91906
868.322 -298.296 2.07876
869.283 -305.285 1.93452
868.655 -287.143 2.32907
873.284 -311.795 1.82985
872.013 -290.775 2.28017
872.276 -290.754 2.28272
872.781 -288.991 2.32504
873.041 -289.015 2.32641
867.912 -259.224 2.9371
872.437 -282.021 2.47388
872.633 -281.966 2.47635
873.066 -278.646 2.55016
873.216 -278.497 2.55409
873.412 -278.535 2.55426
875.216 -284.516 2.43604
875.409 -284.371 2.44
883.678 -309.554 1.94466
877.827 -287.477 2.38435
885.399 -308.26 1.97756
878.371 -286.757 2.40094
878.65 -286.807 2.40066
846.453 -277.974 1.95122
846.782 -277.923 1.96266
847.047 -277.947 1.97063
847.326 -277.949 1.97941
847.626 -277.921 1.98937
847.818 -278.028 1.99335
847.967 -278.19 1.99487
848.106 -278.366 1.99578
848.248 -278.541 1.99674
848.391 -278.715 1.99773
848.504 -278.933 1.99684
849.963 -277.249 2.07429
850.173 -277.304 2.07951
850.088 -277.787 2.06726
846.884 -282.893 1.86913
847.266 -282.767 1.88297
847.514 -282.839 1.88875
847.734 -282.95 1.89289
847.955 -283.061 1.89697
848.175 -283.172 1.90099
848.394 -283.283 1.90495
848.484 -283.607 1.90068
848.569 -283.946 1.8959
853.184 -276.589 2.18148
853.317 -276.735 2.18203
856.299 -271.879 2.36866
856.456 -271.902 2.37246
856.542 -272.052 2.37156
854.726 -275.712 2.2427
854.979 -275.614 2.25164
846.492 -292.182 1.66085
846.647 -292.548 1.6569
846.804 -292.917 1.65283
846.473 -294.276 1.6139
846.677 -294.584 1.61227
845.005 -298.802 1.47444
846.698 -296.039 1.57999
845.376 -299.673 1.46415
845.566 -300.114 1.45888
845.759 -300.56 1.45347
845.957 -301.007 1.4481
846.155 -301.466 1.44237
846.357 -301.926 1.43665
846.563 -302.389 1.43085
846.772 -302.858 1.42493
846.985 -303.331 1.41888
854.731 -284.463 2.04342
856.343 -280.886 2.16516
847.642 -304.787 1.3999
858.271 -276.805 2.30597
848.099 -305.781 1.38672
848.333 -306.287 1.3799
855.013 -287.95 1.96705
848.815 -307.312 1.36602
849.062 -307.835 1.35882
853.309 -295.817 1.74058
849.917 -307.777 1.37863
850.263 -308.006 1.38039
850.597 -308.281 1.38071
850.932 -308.558 1.38094
851.27 -308.836 1.38109
856.266 -292.061 1.89384
851.953 -309.398 1.38112
852.297 -309.681 1.38101
854.923 -300.869 1.65022
859.801 -287.375 2.07823
860.844 -283.379 2.19719
859.341 -292.336 1.94569
861.068 -296.087 1.8804
863.685 -281.003 2.30508
863.435 -285.192 2.1946
863.11 -293.572 1.9761
862.918 -303.253 1.72613
865.308 -276.889 2.43403
865.467 -276.986 2.43376
863.979 -309.952 1.56958
864.883 -306.815 1.662
866.505 -290.903 2.09048
866.778 -282.2 2.31697
867.052 -295.053 1.99064
868.201 -305.407 1.73833
868.325 -298.304 1.92174
868.926 -305.387 1.74677
869.285 -305.279 1.75331
868.657 -287.156 2.21079
873.286 -311.796 1.62471
872.014 -290.771 2.14854
872.28 -290.77 2.15056
872.784 -288.999 2.19889
873.042 -289.012 2.20026
867.912 -259.226 2.91643
872.437 -282.02 2.37213
872.634 -281.967 2.37459
868.278 -260.126 2.896
873.067 -278.645 2.45942
873.216 -278.495 2.46375
873.413 -278.535 2.46357
875.219 -284.521 2.32343
875.41 -284.369 2.32785
883.679 -309.552 1.74
877.827 -287.471 2.25947
885.4 -308.258 1.77538
878.37 -286.751 2.27786
878.652 -286.809 2.27691
870.684 -263.874 2.81186
846.901 -277.78 1.85914
847.172 -277.793 1.86806
847.501 -277.731 1.88051
847.896 -277.578 1.89711
848.191 -277.547 1.90761
848.456 -277.55 1.91636
848.743 -277.52 1.92649
848.946 -277.599 1.93141
849.497 -277.198 1.95836
849.881 -277.016 1.9749
850.196 -276.922 1.98718
850.462 -276.891 1.99641
850.826 -276.713 2.0121
851.079 -276.692 2.02059
851.325 -276.676 2.02871
851.569 -276.66 2.03666
851.81 -276.644 2.04455
852.049 -276.629 2.05225
852.285 -276.612 2.05989
852.535 -276.571 2.06849
852.789 -276.519 2.0774
853.413 -275.842 2.11244
853.676 -275.755 2.12239
853.934 -275.671 2.13205
856.3 -271.879 2.29446
856.456 -271.903 2.29841
856.543 -272.053 2.29721
854.952 -275.299 2.17083
855.06 -275.465 2.16974
855.137 -275.695 2.16616
846.647 -292.551 1.50297
846.805 -292.921 1.49799
846.705 -293.814 1.47255
846.683 -294.576 1.4525
846.676 -295.33 1.43296
846.656 -296.132 1.41178
846.666 -296.896 1.39229
846.831 -297.339 1.38518
847.02 -297.742 1.37965
847.211 -298.15 1.37398
847.407 -298.559 1.36829
847.606 -298.969 1.36261
856.935 -277.31 2.17253
857.128 -277.314 2.1773
857.31 -277.344 2.18103
857.487 -277.383 2.18438
857.651 -277.458 2.1864
857.839 -277.467 2.19071
858.272 -276.804 2.21902
858.208 -277.501 2.19862
858.386 -277.531 2.20202
858.565 -277.56 2.20541
858.743 -277.59 2.20872
858.92 -277.621 2.21193
859.097 -277.65 2.21514
859.273 -277.681 2.21824
859.447 -277.719 2.22105
859.622 -277.752 2.22399
859.783 -277.834 2.22523
859.954 -277.88 2.22762
860.126 -277.921 2.23014
860.292 -277.987 2.23182
860.45 -278.087 2.23229
860.617 -278.151 2.23392
860.777 -278.245 2.23455
860.936 -278.348 2.23483
861.096 -278.452 2.23507
861.26 -278.54 2.23582
861.424 -278.632 2.23639
861.587 -278.734 2.23662
861.749 -278.841 2.23664
861.906 -278.982 2.23554
862.068 -279.105 2.23501
862.238 -279.195 2.23555
862.404 -279.304 2.23543
862.57 -279.427 2.23484
862.734 -279.572 2.23352
862.89 -279.779 2.23027
861.071 -296.08 1.73022
863.686 -281.006 2.20801
863.437 -285.186 2.08316
863.113 -293.553 1.8358
862.92 -303.253 1.55151
865.308 -276.893 2.35176
865.469 -276.954 2.35225
863.981 -309.951 1.3719
864.885 -306.813 1.47541
866.507 -290.915 1.9592
866.779 -282.192 2.21665
867.054 -295.05 1.8453
868.202 -305.371 1.55771
868.327 -298.313 1.76461
868.928 -305.377 1.56537
869.286 -305.274 1.5721
868.659 -287.169 2.0924
873.289 -311.797 1.41953
872.015 -290.767 2.01691
872.283 -290.785 2.01828
872.786 -289.006 2.07267
873.043 -289.011 2.07409
872.438 -282.018 2.27036
872.635 -281.968 2.2728
873.068 -278.644 2.36867
873.217 -278.494 2.37338
873.414 -278.536 2.37285
875.224 -284.534 2.21054
875.411 -284.367 2.2157
883.681 -309.55 1.53532
877.827 -287.467 2.13458
885.401 -308.256 1.57319
878.369 -286.745 2.15478
878.654 -286.811 2.15313
870.683 -263.869 2.77304
870.737 -263.792 2.77512
847.415 -277.494 1.77459
847.685 -277.502 1.78412
848.012 -277.432 1.7975
848.402 -277.275 1.81524
848.675 -277.264 1.82513
848.939 -277.261 1.83451
849.421 -276.958 1.85894
849.748 -276.856 1.87285
850.098 -276.715 1.88849
850.473 -276.531 1.90603
850.793 -276.418 1.91982
851.063 -276.37 1.93019
851.307 -276.357 1.93871
851.549 -276.343 1.94717
851.787 -276.329 1.95544
852.039 -276.292 1.96472
852.311 -276.218 1.97559
852.579 -276.146 1.98621
853.053 -275.734 2.01255
853.333 -275.626 2.02444
853.588 -275.552 2.03454
853.845 -275.47 2.04492
854.099 -275.388 2.05508
856.301 -271.878 2.22024
856.457 -271.904 2.22435
856.544 -272.053 2.22284
855.042 -275.134 2.09116
855.153 -275.294 2.09003
855.228 -275.522 2.08584
855.324 -275.717 2.08317
855.463 -275.83 2.08405
853.907 -279.349 1.93815
854.064 -279.489 1.93868
854.228 -279.616 1.93974
854.4 -279.726 1.94145
856.177 -276.375 2.08887
854.798 -279.832 1.94958
856.333 -276.892 2.07815
856.59 -276.752 2.08931
856.748 -276.834 2.09123
856.927 -276.868 2.09504
857.113 -276.883 2.09959
857.296 -276.902 2.1039
857.479 -276.922 2.10809
857.66 -276.944 2.11213
857.839 -276.968 2.11603
858.017 -276.995 2.11976
858.274 -276.803 2.13206
858.366 -277.061 2.12654
858.53 -277.124 2.1287
858.699 -277.17 2.13143
858.863 -277.232 2.13354
859.03 -277.287 2.13585
859.199 -277.333 2.13845
859.358 -277.411 2.13978
859.516 -277.493 2.1409
859.68 -277.558 2.14269
859.843 -277.628 2.14419
860.009 -277.686 2.14612
860.174 -277.751 2.14776
860.341 -277.807 2.14967
860.506 -277.873 2.15119
860.665 -277.963 2.15177
860.824 -278.057 2.15217
860.984 -278.15 2.15259
861.144 -278.248 2.15279
861.304 -278.346 2.15295
861.466 -278.441 2.15317
861.628 -278.537 2.15335
861.79 -278.643 2.15313
861.951 -278.755 2.1527
862.114 -278.867 2.15221
862.277 -278.98 2.15168
862.441 -279.093 2.15111
862.607 -279.205 2.15054
862.775 -279.312 2.15011
862.944 -279.421 2.14963
863.114 -279.53 2.14908
863.285 -279.639 2.14849
863.457 -279.748 2.1479
863.63 -279.86 2.14719
863.804 -279.977 2.14626
863.976 -280.12 2.14441
864.149 -280.275 2.14213
864.323 -280.439 2.13952
864.496 -280.641 2.13561
862.922 -303.253 1.37685
865.309 -276.898 2.26941
865.471 -276.939 2.2704
863.984 -309.949 1.17419
864.888 -306.811 1.28879
866.508 -290.927 1.8278
866.78 -282.186 2.11634
867.056 -295.047 1.69993
868.203 -305.337 1.37723
868.329 -298.322 1.60737
868.93 -305.367 1.38401
869.288 -305.269 1.39088
868.661 -287.182 1.97389
873.291 -311.797 1.2143
872.016 -290.764 1.88528
872.287 -290.801 1.88587
874.476 -303.316 1.49654
872.789 -289.014 1.94636
873.044 -289.01 1.94787
872.439 -282.016 2.16858
872.637 -281.968 2.17099
873.068 -278.643 2.27791
873.217 -278.493 2.283
873.415 -278.536 2.28212
875.411 -284.366 2.10354
883.683 -309.549 1.3306
877.827 -287.464 2.00965
885.403 -308.254 1.37096
878.369 -286.74 2.03173
878.656 -286.812 2.0293
870.682 -263.865 2.73425
870.736 -263.788 2.73649
870.801 -263.741 2.73778
848.252 -276.79 1.71734
848.346 -277.007 1.71504
848.723 -276.861 1.73324
849.011 -276.825 1.74501
849.307 -276.772 1.75751
849.686 -276.601 1.77631
850.078 -276.405 1.79624
850.408 -276.285 1.81165
850.743 -276.152 1.8276
851.043 -276.061 1.84099
851.296 -276.034 1.85083
851.556 -275.99 1.86137
851.838 -275.911 1.8736
852.117 -275.828 1.88582
852.388 -275.754 1.89744
852.622 -275.732 1.90617
852.984 -275.501 1.92547
853.253 -275.412 1.9373
853.501 -275.35 1.94756
853.757 -275.271 1.95855
854.012 -275.189 1.96952
854.275 -275.086 1.98138
856.303 -271.878 2.14601
856.458 -271.904 2.15027
856.544 -272.054 2.14844
855.18 -274.883 2.01699
855.317 -274.988 2.01811
855.433 -275.134 2.0172
855.559 -275.264 2.01703
855.683 -275.397 2.0167
855.806 -275.536 2.01611
855.929 -275.678 2.01533
856.056 -275.812 2.01489
856.148 -276.025 2.01082
856.271 -276.174 2.00966
857.31 -274.312 2.10048
857.478 -274.329 2.10479
857.622 -274.4 2.10666
857.766 -274.469 2.10854
857.911 -274.536 2.11047
858.058 -274.6 2.1125
857.447 -276.533 2.0317
857.628 -276.549 2.03613
857.805 -276.572 2.04022
857.971 -276.624 2.04299
858.134 -276.684 2.04531
858.295 -276.747 2.04749
858.451 -276.828 2.04883
858.605 -276.911 2.05005
858.767 -276.974 2.05207
858.929 -277.039 2.05396
859.087 -277.113 2.05544
859.247 -277.187 2.05688
859.406 -277.259 2.05832
859.565 -277.337 2.0595
859.724 -277.413 2.06071
859.885 -277.485 2.06207
860.054 -277.531 2.06444
860.225 -277.569 2.06706
860.392 -277.621 2.06907
860.557 -277.68 2.07075
860.719 -277.754 2.07178
860.876 -277.847 2.07201
861.033 -277.946 2.07197
861.191 -278.043 2.07195
861.351 -278.14 2.0719
861.508 -278.248 2.07143
861.669 -278.346 2.07127
861.829 -278.452 2.07077
861.991 -278.552 2.0705
862.154 -278.656 2.07002
862.317 -278.76 2.0695
862.481 -278.865 2.06891
862.647 -278.971 2.06828
862.814 -279.073 2.06773
862.981 -279.176 2.06715
863.15 -279.279 2.0665
863.32 -279.382 2.06583
863.492 -279.486 2.06511
863.664 -279.592 2.06424
863.836 -279.702 2.06324
864.009 -279.822 2.06178
864.181 -279.966 2.0594
864.354 -280.119 2.05665
864.529 -280.273 2.05386
865.269 -273.203 2.3197
864.884 -280.586 2.048
865.31 -276.904 2.18697
865.473 -276.928 2.18849
865.43 -281.068 2.03855
865.617 -281.232 2.03524
865.805 -281.406 2.03154
865.995 -281.587 2.02754
866.509 -290.94 1.69627
866.781 -282.179 2.01604
867.057 -295.045 1.55453
868.204 -305.305 1.19689
868.331 -298.332 1.45001
868.931 -305.36 1.20258
869.29 -305.264 1.20967
868.663 -287.195 1.85526
873.293 -311.798 1.00902
872.016 -290.76 1.75365
872.291 -290.816 1.75331
874.478 -303.317 1.32008
872.791 -289.022 1.81996
873.045 -289.01 1.82161
872.44 -282.015 2.06679
872.638 -281.969 2.06915
878.586 -302.34 1.37057
873.069 -278.642 2.18714
873.218 -278.492 2.19261
873.416 -278.536 2.19136
875.412 -284.364 1.99137
883.684 -309.547 1.12586
877.828 -287.463 1.88466
885.404 -308.252 1.16869
878.368 -286.734 1.90868
878.657 -286.814 1.90542
870.681 -263.86 2.69547
870.735 -263.785 2.69786
870.8 -263.738 2.69923
870.842 -263.635 2.70249
850.697 -274.007 1.79412
850.808 -274.162 1.79388
850.922 -274.314 1.79381
850.976 -274.547 1.7888
851.255 -274.48 1.80177
851.422 -274.561 1.80576
851.11 -275.309 1.77055
851.244 -275.445 1.77142
851.433 -275.504 1.77675
851.678 -275.479 1.78679
852.01 -275.322 1.80426
852.202 -275.366 1.81
852.4 -275.399 1.81629
852.634 -275.375 1.8257
852.92 -275.266 1.83964
853.185 -275.182 1.85198
853.421 -275.141 1.8618
853.674 -275.069 1.87321
853.935 -274.976 1.88551
854.223 -274.832 1.90043
854.51 -274.682 1.91547
856.304 -271.878 2.07174
856.459 -271.905 2.07613
856.545 -272.055 2.074
855.392 -274.493 1.95202
855.574 -274.508 1.95758
855.753 -274.525 1.96295
855.953 -274.5 1.97041
856.16 -274.458 1.97864
856.413 -274.32 1.99161
856.636 -274.234 2.00175
856.9 -274.058 2.01633
857.101 -274.006 2.02449
857.25 -274.063 2.02715
857.401 -274.115 2.02997
857.548 -274.175 2.03234
857.697 -274.229 2.03493
857.851 -274.273 2.03796
858.005 -274.317 2.04098
858.176 -274.318 2.04598
858.339 -274.334 2.05016
858.471 -274.429 2.05054
858.604 -274.523 2.05088
858.062 -276.39 1.96724
858.203 -276.501 1.96711
858.354 -276.591 1.96799
858.509 -276.669 1.96933
858.664 -276.748 1.97063
858.82 -276.823 1.97204
858.978 -276.896 1.97349
859.136 -276.969 1.97489
859.292 -277.048 1.97601
859.448 -277.13 1.97691
859.605 -277.207 1.97798
859.765 -277.281 1.97918
859.932 -277.327 1.9816
860.107 -277.346 1.98511
860.276 -277.386 1.98769
860.442 -277.437 1.98966
860.606 -277.496 1.99129
860.77 -277.553 1.99292
860.929 -277.636 1.99334
861.086 -277.727 1.99339
861.243 -277.822 1.99326
861.401 -277.917 1.99308
861.559 -278.018 1.99257
861.717 -278.12 1.992
861.876 -278.221 1.99142
862.036 -278.322 1.99083
862.198 -278.422 1.99025
862.36 -278.522 1.98961
862.524 -278.622 1.98893
862.688 -278.722 1.98823
862.854 -278.823 1.98747
863.02 -278.924 1.98667
863.188 -279.025 1.9858
863.356 -279.127 1.98488
863.525 -279.229 1.98389
863.696 -279.333 1.98278
863.867 -279.439 1.98157
864.039 -279.55 1.98013
864.211 -279.677 1.97799
864.383 -279.814 1.97539
864.556 -279.965 1.97218
865.267 -273.24 2.24878
864.907 -280.271 1.96555
865.31 -276.911 2.1044
865.474 -276.919 2.10653
865.448 -280.742 1.9549
865.632 -280.902 1.95116
865.818 -281.063 1.94734
866.007 -281.226 1.94344
866.197 -281.39 1.93944
866.39 -281.557 1.93531
866.585 -281.725 1.93107
866.783 -281.895 1.92673
866.982 -282.068 1.92229
867.184 -282.241 1.91774
867.389 -282.416 1.91313
867.597 -282.618 1.9074
867.81 -282.895 1.89867
868.933 -305.354 1.02102
869.292 -305.259 1.02839
868.665 -287.209 1.73647
873.296 -311.799 0.803618
872.017 -290.756 1.62197
872.294 -290.832 1.62056
874.481 -303.324 1.14331
872.794 -289.03 1.69344
873.047 -289.011 1.69525
872.44 -282.013 1.96496
872.639 -281.97 1.96724
878.225 -302.329 1.19453
878.47 -301.85 1.21332
873.07 -278.64 2.09633
873.219 -278.491 2.10217
873.417 -278.537 2.10055
879.826 -301.54 1.22614
875.413 -284.362 1.87914
883.686 -309.545 0.921009
877.83 -287.464 1.75952
885.405 -308.25 0.966371
878.367 -286.728 1.78565
878.659 -286.816 1.78149
870.679 -263.856 2.65673
870.734 -263.781 2.65927
870.799 -263.734 2.6607
870.841 -263.632 2.66425
870.905 -263.586 2.66561
852.392 -272.11 1.83608
852.505 -272.235 1.83664
852.05 -273.116 1.78851
851.903 -273.605 1.76609
852.002 -273.767 1.76468
852.154 -273.857 1.76783
852.29 -273.968 1.76954
852.412 -274.101 1.76988
852.545 -274.218 1.77113
852.839 -274.097 1.78695
853 -274.169 1.79077
853.163 -274.237 1.79472
853.383 -274.218 1.80391
853.587 -274.218 1.81174
853.775 -274.243 1.81803
853.884 -274.393 1.81673
854.009 -274.519 1.81694
854.278 -274.404 1.83107
854.613 -274.171 1.8519
854.826 -274.138 1.86094
856.305 -271.877 1.99748
856.459 -271.906 2.002
856.546 -272.055 1.99956
855.601 -274.111 1.88973
855.84 -274.011 1.9019
856.076 -273.912 1.91381
856.309 -273.812 1.92564
856.536 -273.718 1.93693
856.761 -273.622 1.94821
856.949 -273.597 1.95545
857.1 -273.645 1.95866
857.225 -273.747 1.95888
857.349 -273.851 1.95894
857.484 -273.936 1.96002
857.625 -274.006 1.96184
857.796 -274.007 1.96722
858.034 -273.851 1.98077
858.33 -273.547 2.00198
858.605 -273.282 2.02084
858.825 -273.138 2.03322
859.002 -273.094 2.04034
859.162 -273.091 2.04522
859.312 -273.111 2.04886
859.451 -273.159 2.05103
859.587 -273.217 2.05263
859.785 -273.099 2.06303
859.959 -273.043 2.07023
860.168 -272.881 2.08261
860.273 -273.018 2.07998
859.186 -276.819 1.89572
859.339 -276.904 1.8964
859.495 -276.983 1.8973
859.646 -277.079 1.89735
859.804 -277.152 1.89846
859.974 -277.185 1.90146
860.624 -275.507 1.98718
860.805 -275.451 1.99405
860.954 -275.509 1.99533
861.075 -275.682 1.99108
860.818 -277.365 1.91485
860.978 -277.44 1.91553
861.136 -277.518 1.91597
861.295 -277.599 1.91622
861.454 -277.683 1.91632
861.611 -277.78 1.91574
861.768 -277.878 1.9151
861.926 -277.976 1.91441
862.085 -278.076 1.91358
862.244 -278.177 1.91267
862.405 -278.278 1.91168
862.567 -278.378 1.91075
862.729 -278.478 1.90978
862.893 -278.578 1.90875
863.058 -278.676 1.90774
863.224 -278.776 1.90667
863.391 -278.876 1.90551
863.559 -278.977 1.90427
863.728 -279.079 1.90294
863.897 -279.183 1.90149
864.068 -279.289 1.89989
864.239 -279.401 1.89803
864.412 -279.516 1.89597
864.583 -279.664 1.8924
864.756 -279.813 1.88873
864.93 -279.963 1.88501
865.311 -276.92 2.02171
865.476 -276.911 2.02456
865.465 -280.423 1.87321
865.647 -280.58 1.86906
865.831 -280.738 1.86482
866.018 -280.897 1.86047
866.206 -281.058 1.85602
866.396 -281.22 1.8515
866.589 -281.384 1.84686
866.784 -281.55 1.84208
866.981 -281.718 1.83718
867.181 -281.888 1.83214
867.383 -282.06 1.82697
867.588 -282.243 1.82134
867.795 -282.417 1.81599
868.003 -282.544 1.81264
868.214 -282.691 1.80838
868.427 -282.841 1.80391
868.649 -283.098 1.79489
868.881 -283.444 1.78204
873.298 -311.799 0.598217
872.019 -290.753 1.49033
872.298 -290.848 1.48768
874.484 -303.334 0.966375
867.79 -259.239 2.81219
873.048 -289.012 1.56887
872.441 -282.011 1.86314
872.64 -281.971 1.86533
878.162 -302.053 1.03044
878.406 -301.578 1.05045
873.07 -278.639 2.00552
873.219 -278.49 2.01175
873.419 -278.537 2.00974
879.772 -301.334 1.06045
875.414 -284.36 1.76693
883.687 -309.544 0.716177
877.606 -287.581 1.63031
877.832 -287.468 1.63425
885.407 -308.248 0.764048
878.366 -286.722 1.66265
878.661 -286.818 1.65754
870.678 -263.852 2.618
870.733 -263.777 2.62069
870.798 -263.731 2.62219
870.84 -263.628 2.62602
870.904 -263.582 2.62745
870.968 -263.537 2.62885
852.72 -271.954 1.77342
852.849 -272.052 1.77551
852.98 -272.148 1.77769
853.118 -272.236 1.78039
853.268 -272.305 1.7843
853.439 -272.344 1.79011
853.565 -272.447 1.79155
853.632 -272.634 1.78739
853.554 -273.041 1.76888
854.18 -272.398 1.81893
854.408 -272.341 1.83042
854.674 -272.22 1.84585
854.791 -272.327 1.84642
854.908 -272.435 1.84696
855.077 -272.459 1.85274
855.295 -272.401 1.86356
854.637 -273.805 1.78296
854.814 -273.831 1.78881
854.994 -273.85 1.79494
856.307 -271.877 1.9232
856.46 -271.906 1.92784
856.547 -272.056 1.92509
855.946 -273.476 1.8457
856.172 -273.391 1.85742
856.374 -273.345 1.8667
856.575 -273.297 1.8759
856.771 -273.256 1.88462
856.918 -273.309 1.88768
857.06 -273.372 1.89003
857.198 -273.442 1.89196
857.33 -273.526 1.89303
857.476 -273.581 1.89574
857.642 -273.591 1.90093
857.871 -273.456 1.91427
858.195 -273.097 1.94015
858.418 -272.958 1.95337
858.574 -272.971 1.95788
858.738 -272.962 1.96354
858.904 -272.946 1.9695
859.063 -272.943 1.97467
859.215 -272.957 1.97881
859.362 -272.983 1.98219
859.514 -272.992 1.98646
859.684 -272.953 1.99325
859.866 -272.875 2.00204
860.103 -272.634 2.01955
860.263 -272.604 2.02552
860.425 -272.565 2.03191
860.552 -272.63 2.03267
860.674 -272.713 2.0324
860.795 -272.799 2.03195
860.443 -274.45 1.94919
860.565 -274.579 1.94671
860.674 -274.756 1.94178
860.785 -274.936 1.93663
860.917 -275.042 1.93532
861.051 -275.149 1.93396
861.182 -275.268 1.93191
861.317 -275.376 1.93042
861.441 -275.537 1.9262
861.18 -277.339 1.83847
861.338 -277.415 1.8388
861.497 -277.493 1.83902
861.658 -277.563 1.83953
861.817 -277.643 1.83951
861.975 -277.734 1.83892
862.133 -277.833 1.83787
862.291 -277.932 1.83678
862.45 -278.032 1.83558
862.61 -278.133 1.83433
862.77 -278.233 1.83301
862.932 -278.333 1.83171
863.096 -278.432 1.8304
863.26 -278.531 1.82905
863.425 -278.629 1.82767
863.591 -278.729 1.8262
863.759 -278.83 1.82461
863.927 -278.933 1.82288
864.666 -273.659 2.08021
864.266 -279.141 1.81918
864.437 -279.251 1.81698
865.125 -273.297 2.10475
864.78 -279.515 1.81036
864.953 -279.663 1.80624
865.311 -276.932 1.93879
865.477 -276.905 1.94256
865.482 -280.112 1.79337
865.662 -280.265 1.78884
865.844 -280.419 1.78421
866.028 -280.575 1.77946
866.214 -280.732 1.77461
866.402 -280.89 1.76968
866.593 -281.05 1.76464
866.786 -281.212 1.75943
866.981 -281.378 1.754
867.178 -281.546 1.74846
867.378 -281.723 1.74245
867.58 -281.899 1.73639
867.785 -282.077 1.73024
867.99 -282.195 1.72678
868.197 -282.317 1.7231
868.406 -282.445 1.71909
868.619 -282.593 1.71411
868.834 -282.749 1.7087
869.053 -282.927 1.70225
869.279 -283.145 1.69388
869.515 -283.455 1.68126
869.759 -283.783 1.66775
870.008 -284.12 1.65384
872.757 -306.913 0.615652
873.204 -307.494 0.591466
873.661 -308.079 0.566961
874.127 -308.671 0.542127
872.019 -290.749 1.35866
872.302 -290.864 1.35466
874.488 -303.345 0.789232
867.749 -259.241 2.79135
867.788 -259.221 2.79237
867.826 -259.204 2.79328
867.865 -259.187 2.79418
867.904 -259.173 2.79493
872.442 -282.01 1.7613
872.642 -281.972 1.76338
878.1 -301.78 0.86814
878.344 -301.31 0.889351
873.071 -278.638 1.9147
873.22 -278.489 1.92131
873.42 -278.537 1.91889
879.719 -301.129 0.896134
875.414 -284.359 1.6547
883.693 -309.557 0.510638
877.596 -287.547 1.50658
877.836 -287.477 1.5087
885.408 -308.246 0.561681
878.365 -286.716 1.53964
878.663 -286.819 1.53353
870.732 -263.774 2.58212
870.782 -263.689 2.58545
870.843 -263.633 2.58743
870.907 -263.587 2.58894
870.97 -263.541 2.59041
871.054 -263.543 2.58965
854.431 -269.943 1.84815
854.513 -270.075 1.84668
854.603 -270.196 1.84599
854.693 -270.32 1.8451
854.803 -270.416 1.84619
854.923 -270.498 1.8482
855.04 -270.584 1.84985
855.158 -270.669 1.85151
855.284 -270.742 1.854
855.375 -270.867 1.85281
855.461 -271.003 1.8509
855.523 -271.177 1.84632
856.091 -270.547 1.89621
856.22 -270.608 1.89903
856.312 -270.728 1.89777
856.294 -271.033 1.8842
856.422 -271.097 1.88667
856.538 -271.184 1.88764
856.631 -271.309 1.88602
856.461 -271.907 1.85365
856.547 -272.057 1.85059
856.599 -272.272 1.84327
856.62 -272.551 1.83194
856.733 -272.662 1.83142
856.874 -272.72 1.8342
857.049 -272.71 1.8412
857.246 -272.653 1.85102
857.469 -272.538 1.86426
857.623 -272.561 1.86888
857.765 -272.606 1.872
857.894 -272.68 1.8733
858.068 -272.656 1.8805
858.291 -272.518 1.89454
858.407 -272.617 1.89405
858.511 -272.746 1.89173
858.642 -272.813 1.89311
858.805 -272.803 1.89903
858.964 -272.8 1.90448
859.115 -272.815 1.90873
859.264 -272.833 1.91275
859.423 -272.826 1.91815
859.586 -272.801 1.92448
859.79 -272.666 1.93716
860.025 -272.431 1.95549
860.185 -272.402 1.96168
860.341 -272.38 1.96747
860.501 -272.342 1.97402
860.65 -272.334 1.97879
860.81 -272.289 1.98557
860.972 -272.231 1.99306
861.134 -272.172 2.00042
861.286 -272.138 2.00631
861.424 -272.152 2.00946
861.206 -273.435 1.94197
861.17 -274.118 1.90815
861.316 -274.151 1.91041
861.456 -274.208 1.91135
861.594 -274.275 1.91161
861.713 -274.422 1.90753
861.792 -274.745 1.8938
861.704 -275.819 1.83935
861.541 -277.301 1.76316
861.702 -277.363 1.76397
861.861 -277.437 1.76409
862.02 -277.515 1.76393
862.178 -277.602 1.76326
862.336 -277.691 1.7624
862.494 -277.789 1.76101
862.652 -277.888 1.75956
862.811 -277.987 1.75803
862.972 -278.087 1.75642
863.133 -278.188 1.75475
863.295 -278.289 1.75299
863.459 -278.386 1.75139
863.624 -278.485 1.74962
863.789 -278.586 1.74775
863.956 -278.687 1.74578
864.673 -273.603 2.01186
864.292 -278.891 1.74164
864.978 -273.38 2.02835
865.122 -273.342 2.03264
864.804 -279.223 1.73372
864.975 -279.368 1.72926
865.311 -276.949 1.85549
865.478 -276.899 1.86054
865.498 -279.808 1.71529
865.676 -279.957 1.71044
865.856 -280.108 1.70544
866.038 -280.26 1.70031
866.222 -280.414 1.69507
866.408 -280.569 1.68971
866.597 -280.727 1.68419
866.787 -280.885 1.6786
866.98 -281.053 1.67248
867.175 -281.222 1.66624
867.372 -281.398 1.65958
867.572 -281.569 1.65315
867.775 -281.738 1.64679
867.977 -281.852 1.64307
868.181 -281.967 1.63928
868.388 -282.082 1.63539
868.596 -282.21 1.63083
868.808 -282.351 1.62553
869.022 -282.499 1.61981
869.239 -282.654 1.61372
869.459 -282.812 1.60742
869.684 -283.003 1.59943
869.915 -283.221 1.59004
870.156 -283.497 1.57773
870.408 -283.825 1.56282
870.665 -284.162 1.54743
870.929 -284.508 1.53152
871.199 -284.858 1.51536
872.306 -290.879 1.22153
874.048 -300.468 0.753311
867.748 -259.234 2.77105
867.787 -259.217 2.77202
867.826 -259.199 2.77297
867.864 -259.182 2.7739
867.904 -259.173 2.77444
872.443 -282.008 1.65944
872.643 -281.973 1.66139
877.334 -303.173 0.626547
877.785 -303.571 0.607204
878.249 -304.002 0.586122
878.039 -301.51 0.707589
878.281 -301.045 0.729971
873.072 -278.637 1.82385
873.221 -278.488 1.83084
873.421 -278.538 1.82802
879.665 -300.926 0.733168
875.415 -284.357 1.54245
882.158 -307.151 0.426444
882.686 -307.569 0.404567
883.215 -307.958 0.383879
883.748 -308.34 0.363384
877.589 -287.521 1.38266
877.844 -287.497 1.38251
885.39 -309.469 0.301529
885.409 -308.243 0.359259
878.365 -286.71 1.41664
878.665 -286.821 1.40948
870.731 -263.77 2.54357
870.796 -263.724 2.54521
870.855 -263.665 2.54745
870.92 -263.618 2.54903
870.984 -263.572 2.55057
871.053 -263.539 2.55143
871.117 -263.494 2.55289
 ] }
 color Color { color [
0.265828 0 0.734172
0.267636 0 0.732364
0.269481 0 0.730519
0.271367 0 0.728633
0.273292 0 0.726708
0.275258 0 0.724742
0.277267 0 0.722733
0.279319 0 0.720681
0.212209 0 0.787791
0.211482 0 0.788518
0.212368 0 0.787632
0.295154 0 0.704846
0.294984 0 0.705016
0.249069 0 0.750931
0.249184 0 0.750816
0.364077 0 0.635923
0.446714 0 0.553286
0.446027 0 0.553973
0.400643 0 0.599357
0.489373 0 0.510627
0.490422 0 0.509578
0.346574 0 0.653426
0.305106 0 0.694894
0.395884 0 0.604116
0.379147 0 0.620853
0.276863 0 0.723137
0.319367 0 0.680633
0.499609 0 0.500391
0.235731 0 0.764269
0.234856 0 0.765144
0.566262 0 0.433738
0.534813 0 0.465187
0.373109 0 0.626891
0.288825 0 0.711175
0.417065 0 0.582935
0.523053 0 0.476947
0.518779 0 0.481221
0.335565 0 0.664435
0.586961 0 0.413039
0.377507 0 0.622493
0.37699 0 0.62301
0.501237 0 0.498763
0.359338 0 0.640662
0.0586481 0 0.941352
0.291393 0 0.708607
0.29087 0 0.70913
0.259644 0 0.740356
0.258679 0 0.741321
0.267632 0 0.732368
0.269478 0 0.730522
0.271363 0 0.728637
0.273288 0 0.726712
0.275255 0 0.724745
0.277264 0 0.722736
0.279315 0 0.720685
0.212187 0 0.787813
0.21147 0 0.78853
0.212355 0 0.787645
0.295444 0 0.704556
0.294783 0 0.705217
0.248989 0 0.751011
0.249249 0 0.750751
0.36407 0 0.63593
0.446486 0 0.553514
0.445966 0 0.554034
0.400579 0 0.599421
0.489266 0 0.510733
0.490388 0 0.509612
0.346531 0 0.653469
0.305081 0 0.694919
0.395855 0 0.604145
0.379181 0 0.620819
0.276856 0 0.723144
0.319361 0 0.680639
0.499558 0 0.500442
0.234793 0 0.765207
0.566162 0 0.433838
0.534669 0 0.465331
0.373153 0 0.626847
0.288687 0 0.711313
0.416905 0 0.583095
0.52286 0 0.47714
0.519561 0 0.480439
0.335662 0 0.664338
0.586915 0 0.413085
0.377406 0 0.622594
0.37692 0 0.62308
0.359372 0 0.640628
0.0586233 0 0.941377
0.291343 0 0.708657
0.290848 0 0.709152
0.259611 0 0.740389
0.258638 0 0.741362
0.259217 0 0.740783
0.269478 0 0.730522
0.271363 0 0.728637
0.273289 0 0.726711
0.275255 0 0.724745
0.277263 0 0.722737
0.279315 0 0.720685
0.212167 0 0.787833
0.21146 0 0.78854
0.212346 0 0.787654
0.333491 0 0.666509
0.294611 0 0.705389
0.24892 0 0.75108
0.249349 0 0.750651
0.364068 0 0.635932
0.446276 0 0.553724
0.445917 0 0.554083
0.400521 0 0.599479
0.489166 0 0.510834
0.490361 0 0.509639
0.346492 0 0.653508
0.305061 0 0.694939
0.39583 0 0.60417
0.379223 0 0.620777
0.276855 0 0.723145
0.319365 0 0.680635
0.405956 0 0.594044
0.499514 0 0.500486
0.234739 0 0.765261
0.566072 0 0.433928
0.534542 0 0.465458
0.373204 0 0.626796
0.288556 0 0.711444
0.416765 0 0.583235
0.448267 0 0.551733
0.51947 0 0.48053
0.335764 0 0.664236
0.586875 0 0.413125
0.377309 0 0.622691
0.376855 0 0.623145
0.359412 0 0.640588
0.0586053 0 0.941395
0.2913 0 0.7087
0.29083 0 0.70917
0.259581 0 0.740419
0.258599 0 0.741401
0.259199 0 0.740801
0.321433 0 0.678567
0.271366 0 0.728634
0.273291 0 0.726709
0.275258 0 0.724742
0.277267 0 0.722733
0.279318 0 0.720682
0.21215 0 0.78785
0.211453 0 0.788547
0.212339 0 0.787661
0.33332 0 0.66668
0.294461 0 0.705539
0.24886 0 0.75114
0.249595 0 0.750405
0.364073 0 0.635927
0.446084 0 0.553916
0.445877 0 0.554123
0.400469 0 0.599531
0.489073 0 0.510927
0.490336 0 0.509664
0.346458 0 0.653542
0.305045 0 0.694955
0.395809 0 0.604191
0.379275 0 0.620725
0.276857 0 0.723143
0.31938 0 0.68062
0.405582 0 0.594418
0.499476 0 0.500524
0.234694 0 0.765306
0.565995 0 0.434005
0.534432 0 0.465568
0.373261 0 0.626739
0.28843 0 0.71157
0.416639 0 0.583361
0.448159 0 0.551841
0.519386 0 0.480614
0.33587 0 0.66413
0.586843 0 0.413157
0.377217 0 0.622783
0.376794 0 0.623206
0.359458 0 0.640542
0.0585883 0 0.941412
0.29126 0 0.70874
0.290814 0 0.709186
0.259554 0 0.740446
0.258564 0 0.741436
0.259184 0 0.740816
0.321427 0 0.678573
0.320983 0 0.679017
0.273297 0 0.726703
0.275264 0 0.724736
0.277273 0 0.722727
0.279325 0 0.720675
0.212136 0 0.787864
0.211448 0 0.788552
0.212334 0 0.787666
0.333182 0 0.666818
0.294328 0 0.705672
0.248809 0 0.751191
0.364082 0 0.635918
0.445905 0 0.554095
0.445851 0 0.55415
0.400422 0 0.599578
0.488985 0 0.511015
0.49032 0 0.50968
0.346429 0 0.653571
0.305032 0 0.694968
0.395794 0 0.604206
0.379337 0 0.620663
0.276863 0 0.723137
0.319406 0 0.680594
0.405259 0 0.594741
0.499445 0 0.500555
0.234658 0 0.765342
0.565924 0 0.434076
0.534334 0 0.465666
0.373325 0 0.626675
0.288311 0 0.711689
0.416527 0 0.583473
0.448106 0 0.551894
0.519307 0 0.480693
0.33598 0 0.66402
0.586818 0 0.413182
0.377129 0 0.622871
0.376738 0 0.623262
0.359507 0 0.640493
0.0585722 0 0.941428
0.291224 0 0.708776
0.290804 0 0.709196
0.25953 0 0.74047
0.258532 0 0.741468
0.259173 0 0.740827
0.321422 0 0.678578
0.320946 0 0.679054
0.275275 0 0.724725
0.277283 0 0.722717
0.279336 0 0.720664
0.212124 0 0.787876
0.211447 0 0.788553
0.212333 0 0.787667
0.333068 0 0.666932
0.294211 0 0.705789
0.248763 0 0.751237
0.364099 0 0.635901
0.445739 0 0.554261
0.445837 0 0.554163
0.400379 0 0.599621
0.488901 0 0.511099
0.490313 0 0.509687
0.346403 0 0.653597
0.305022 0 0.694978
0.395784 0 0.604216
0.379407 0 0.620593
0.431412 0 0.568588
0.276875 0 0.723125
0.31945 0 0.68055
0.404967 0 0.595033
0.499421 0 0.500579
0.23463 0 0.76537
0.565863 0 0.434137
0.534248 0 0.465752
0.373395 0 0.626605
0.288198 0 0.711802
0.416425 0 0.583575
0.448084 0 0.551916
0.519235 0 0.480765
0.336095 0 0.663905
0.5868 0 0.4132
0.377046 0 0.622954
0.376686 0 0.623314
0.359561 0 0.640439
0.0585566 0 0.941443
0.291189 0 0.708811
0.290797 0 0.709203
0.259509 0 0.740491
0.258503 0 0.741497
0.259166 0 0.740834
0.321424 0 0.678576
0.320913 0 0.679087
0.277298 0 0.722702
0.279351 0 0.720649
0.212115 0 0.787885
0.211448 0 0.788552
0.212333 0 0.787667
0.332974 0 0.667026
0.294106 0 0.705894
0.248724 0 0.751276
0.364121 0 0.635879
0.445587 0 0.554413
0.445837 0 0.554163
0.400343 0 0.599657
0.488824 0 0.511176
0.49031 0 0.50969
0.346382 0 0.653618
0.305016 0 0.694984
0.395779 0 0.604221
0.379488 0 0.620512
0.43115 0 0.56885
0.27689 0 0.72311
0.31951 0 0.68049
0.404697 0 0.595303
0.499403 0 0.500597
0.23461 0 0.76539
0.565813 0 0.434187
0.534175 0 0.465825
0.373471 0 0.626529
0.288092 0 0.711908
0.416336 0 0.583664
0.448088 0 0.551912
0.51917 0 0.48083
0.336214 0 0.663786
0.58679 0 0.41321
0.376968 0 0.623032
0.376639 0 0.623361
0.359621 0 0.640379
0.0585419 0 0.941458
0.291161 0 0.708839
0.290794 0 0.709206
0.259492 0 0.740508
0.258477 0 0.741523
0.259161 0 0.740839
0.321433 0 0.678567
0.320884 0 0.679116
0.58577 0 0.41423
0.212108 0 0.787892
0.211451 0 0.788549
0.212337 0 0.787663
0.332898 0 0.667102
0.294013 0 0.705987
0.248692 0 0.751308
0.364149 0 0.635851
0.445447 0 0.554553
0.445853 0 0.554147
0.400312 0 0.599688
0.488801 0 0.511199
0.490313 0 0.509687
0.346364 0 0.653636
0.305014 0 0.694986
0.395779 0 0.604221
0.379581 0 0.620419
0.430956 0 0.569044
0.276909 0 0.723091
0.319595 0 0.680405
0.404446 0 0.595554
0.499392 0 0.500608
0.234597 0 0.765403
0.565771 0 0.434229
0.534114 0 0.465886
0.373555 0 0.626445
0.287991 0 0.712009
0.416258 0 0.583742
0.448109 0 0.551891
0.51911 0 0.48089
0.336337 0 0.663663
0.586787 0 0.413213
0.376912 0 0.623088
0.376596 0 0.623404
0.359685 0 0.640315
0.0585279 0 0.941472
0.291135 0 0.708865
0.290795 0 0.709205
0.259477 0 0.740523
0.258455 0 0.741545
0.25916 0 0.74084
0.321444 0 0.678556
0.320859 0 0.679141
0.585743 0 0.414257
0.212104 0 0.787896
0.211458 0 0.788542
0.212343 0 0.787657
0.437498 0 0.562502
0.440139 0 0.559861
0.442835 0 0.557165
0.445586 0 0.554414
0.448392 0 0.551608
0.332838 0 0.667162
0.293931 0 0.706069
0.248665 0 0.751335
0.364183 0 0.635817
0.445317 0 0.554683
0.445885 0 0.554115
0.589529 0 0.410471
0.585676 0 0.414324
0.587474 0 0.412526
0.589312 0 0.410688
0.400286 0 0.599714
0.593108 0 0.406892
0.488793 0 0.511207
0.490326 0 0.509674
0.346352 0 0.653648
0.305016 0 0.694984
0.395784 0 0.604216
0.379685 0 0.620315
0.430796 0 0.569204
0.276933 0 0.723067
0.31977 0 0.68023
0.319718 0 0.680282
0.404209 0 0.595791
0.499388 0 0.500612
0.234592 0 0.765408
0.565737 0 0.434263
0.534062 0 0.465938
0.373646 0 0.626354
0.287897 0 0.712103
0.41619 0 0.58381
0.448145 0 0.551855
0.519057 0 0.480943
0.336465 0 0.663535
0.586792 0 0.413208
0.376874 0 0.623126
0.376559 0 0.623441
0.359754 0 0.640246
0.0585147 0 0.941485
0.291113 0 0.708887
0.2908 0 0.7092
0.259466 0 0.740534
0.258435 0 0.741565
0.259163 0 0.740837
0.321458 0 0.678542
0.320839 0 0.679161
0.585722 0 0.414278
0.58597 0 0.41403
0.589429 0 0.410571
0.592978 0 0.407022
0.596593 0 0.403407
0.447938 0 0.552062
0.212102 0 0.787898
0.211467 0 0.788533
0.212352 0 0.787648
0.435583 0 0.564417
0.438202 0 0.561798
0.440874 0 0.559126
0.4436 0 0.5564
0.446382 0 0.553618
0.332793 0 0.667207
0.29386 0 0.70614
0.248644 0 0.751356
0.364226 0 0.635774
0.445198 0 0.554802
0.445937 0 0.554063
0.583992 0 0.416008
0.583642 0 0.416358
0.585427 0 0.414573
0.587252 0 0.412748
0.400265 0 0.599735
0.591022 0 0.408978
0.48879 0 0.51121
0.490346 0 0.509655
0.346343 0 0.653657
0.305021 0 0.694979
0.395793 0 0.604207
0.379804 0 0.620196
0.430663 0 0.569337
0.276962 0 0.723038
0.319597 0 0.680403
0.319943 0 0.680057
0.403986 0 0.596014
0.49939 0 0.50061
0.234595 0 0.765405
0.565712 0 0.434288
0.534022 0 0.465978
0.373744 0 0.626256
0.287808 0 0.712192
0.416132 0 0.583868
0.448195 0 0.551805
0.51901 0 0.48099
0.336598 0 0.663402
0.586803 0 0.413197
0.376841 0 0.623159
0.376525 0 0.623475
0.359828 0 0.640172
0.0585134 0 0.941487
0.291095 0 0.708905
0.290808 0 0.709192
0.259457 0 0.740543
0.258419 0 0.741581
0.259169 0 0.740831
0.321482 0 0.678518
0.320823 0 0.679177
0.585709 0 0.414291
0.357923 0 0.642077
0.549736 0 0.450264
0.552607 0 0.447393
0.555757 0 0.444243
0.55896 0 0.44104
0.56217 0 0.43783
0.565424 0 0.434576
0.568801 0 0.431199
0.572195 0 0.427805
0.575617 0 0.424383
0.579173 0 0.420827
0.582778 0 0.417222
0.58643 0 0.41357
0.590156 0 0.409844
0.593952 0 0.406048
0.597818 0 0.402182
0.360596 0 0.639404
0.357575 0 0.642425
0.35462 0 0.64538
0.353764 0 0.646236
0.356193 0 0.643807
0.449203 0 0.550797
0.445246 0 0.554754
0.212103 0 0.787897
0.211479 0 0.788521
0.212364 0 0.787636
0.434444 0 0.565556
0.436287 0 0.563713
0.438935 0 0.561065
0.441637 0 0.558363
0.444395 0 0.555605
0.332763 0 0.667237
0.293798 0 0.706202
0.248628 0 0.751372
0.364274 0 0.635726
0.445091 0 0.554909
0.446013 0 0.553987
0.579894 0 0.420106
0.581629 0 0.418371
0.583401 0 0.416599
0.585213 0 0.414787
0.40025 0 0.59975
0.588957 0 0.411043
0.59089 0 0.40911
0.488794 0 0.511206
0.49037 0 0.50963
0.346339 0 0.653661
0.30503 0 0.69497
0.395808 0 0.604192
0.379941 0 0.620059
0.430548 0 0.569452
0.276994 0 0.723006
0.319472 0 0.680528
0.403775 0 0.596225
0.499399 0 0.500601
0.234605 0 0.765395
0.565697 0 0.434303
0.533992 0 0.466008
0.373849 0 0.626151
0.287726 0 0.712274
0.416084 0 0.583916
0.448259 0 0.551741
0.518969 0 0.481031
0.336735 0 0.663265
0.586822 0 0.413178
0.376812 0 0.623188
0.376497 0 0.623503
0.359907 0 0.640093
0.0585293 0 0.941471
0.291082 0 0.708918
0.290821 0 0.709179
0.259452 0 0.740548
0.258406 0 0.741594
0.259178 0 0.740822
0.321509 0 0.678491
0.320811 0 0.679189
0.585703 0 0.414297
0.357812 0 0.642188
0.518006 0 0.481994
0.520249 0 0.479751
0.522971 0 0.477029
0.525779 0 0.474221
0.528639 0 0.471361
0.531599 0 0.468401
0.53453 0 0.46547
0.537562 0 0.462438
0.54064 0 0.45936
0.543731 0 0.456269
0.546949 0 0.453051
0.550214 0 0.449786
0.553502 0 0.446498
0.55683 0 0.44317
0.560277 0 0.439723
0.563721 0 0.436279
0.567235 0 0.432765
0.570863 0 0.429137
0.36128 0 0.63872
0.358231 0 0.641769
0.355249 0 0.644751
0.352333 0 0.647667
0.352143 0 0.647857
0.35455 0 0.64545
0.357006 0 0.642994
0.359514 0 0.640486
0.447315 0 0.552685
0.44314 0 0.55686
0.212106 0 0.787894
0.211493 0 0.788507
0.212379 0 0.787621
0.43444 0 0.56556
0.434731 0 0.565269
0.437201 0 0.562799
0.43972 0 0.56028
0.44243 0 0.55757
0.452691 0 0.547309
0.587183 0 0.412817
0.589624 0 0.410376
0.332746 0 0.667254
0.293747 0 0.706253
0.248619 0 0.751381
0.364329 0 0.635671
0.444994 0 0.555006
0.446115 0 0.553885
0.577913 0 0.422087
0.579636 0 0.420364
0.581397 0 0.418603
0.583196 0 0.416804
0.40024 0 0.59976
0.586914 0 0.413086
0.588833 0 0.411167
0.488804 0 0.511196
0.490399 0 0.509601
0.34634 0 0.65366
0.305043 0 0.694957
0.395827 0 0.604173
0.380103 0 0.619897
0.430451 0 0.569549
0.277032 0 0.722968
0.319375 0 0.680625
0.403576 0 0.596424
0.499415 0 0.500585
0.234623 0 0.765377
0.56569 0 0.43431
0.533973 0 0.466027
0.373961 0 0.626039
0.287649 0 0.712351
0.416046 0 0.583954
0.448334 0 0.551666
0.518935 0 0.481065
0.336876 0 0.663124
0.586849 0 0.413151
0.376788 0 0.623212
0.376472 0 0.623528
0.359991 0 0.640009
0.0585456 0 0.941454
0.291072 0 0.708928
0.290837 0 0.709163
0.25945 0 0.74055
0.258396 0 0.741604
0.25919 0 0.74081
0.321543 0 0.678457
0.320804 0 0.679196
0.585704 0 0.414296
0.357717 0 0.642283
0.578655 0 0.421345
0.489746 0 0.510254
0.491776 0 0.508224
0.493936 0 0.506064
0.496361 0 0.503639
0.498902 0 0.501098
0.501543 0 0.498457
0.50415 0 0.49585
0.506891 0 0.493109
0.509665 0 0.490335
0.512443 0 0.487557
0.5153 0 0.4847
0.518168 0 0.481832
0.521103 0 0.478897
0.52409 0 0.47591
0.527102 0 0.472898
0.530231 0 0.469769
0.361989 0 0.638011
0.35891 0 0.64109
0.355901 0 0.644099
0.352958 0 0.647042
0.351514 0 0.648486
0.351256 0 0.648744
0.352926 0 0.647074
0.35536 0 0.64464
0.357845 0 0.642155
0.360382 0 0.639618
0.447232 0 0.552768
0.443059 0 0.556941
0.212112 0 0.787888
0.21151 0 0.78849
0.212395 0 0.787605
0.43444 0 0.56556
0.434792 0 0.565208
0.437262 0 0.562738
0.439782 0 0.560218
0.442353 0 0.557647
0.453557 0 0.546443
0.465862 0 0.534138
0.467394 0 0.532606
0.466716 0 0.533284
0.584277 0 0.415723
0.586536 0 0.413464
0.332744 0 0.667256
0.293704 0 0.706296
0.248614 0 0.751386
0.364392 0 0.635608
0.444907 0 0.555093
0.446256 0 0.553744
0.575953 0 0.424047
0.577664 0 0.422336
0.579413 0 0.420587
0.5812 0 0.4188
0.400235 0 0.599765
0.584892 0 0.415108
0.586798 0 0.413202
0.488819 0 0.511181
0.490436 0 0.509564
0.346344 0 0.653656
0.30506 0 0.69494
0.395852 0 0.604149
0.380301 0 0.619699
0.43037 0 0.56963
0.277073 0 0.722927
0.319297 0 0.680704
0.403389 0 0.596611
0.499438 0 0.500562
0.234649 0 0.765351
0.565691 0 0.434309
0.533963 0 0.466037
0.374081 0 0.625919
0.287579 0 0.712421
0.416018 0 0.583982
0.448422 0 0.551578
0.518907 0 0.481093
0.337021 0 0.662979
0.586882 0 0.413118
0.376768 0 0.623232
0.376536 0 0.623464
0.360079 0 0.639921
0.0585632 0 0.941437
0.291065 0 0.708935
0.290857 0 0.709143
0.25945 0 0.74055
0.258389 0 0.741611
0.259206 0 0.740794
0.321585 0 0.678415
0.3208 0 0.6792
0.585712 0 0.414288
0.357638 0 0.642362
0.578643 0 0.421357
0.352507 0 0.647493
0.345679 0 0.654321
0.349069 0 0.650931
0.468751 0 0.531249
0.469912 0 0.530088
0.472314 0 0.527686
0.474753 0 0.525247
0.477138 0 0.522862
0.479581 0 0.520419
0.482028 0 0.517972
0.484562 0 0.515438
0.487076 0 0.512924
0.489703 0 0.510297
0.492355 0 0.507645
0.495011 0 0.504989
0.497776 0 0.502224
0.359613 0 0.640387
0.356576 0 0.643424
0.353605 0 0.646395
0.35174 0 0.64826
0.351464 0 0.648536
0.351207 0 0.648793
0.351322 0 0.648678
0.353733 0 0.646267
0.356195 0 0.643805
0.358708 0 0.641292
0.361274 0 0.638726
0.442984 0 0.557016
0.21212 0 0.78788
0.211529 0 0.788471
0.212415 0 0.787585
0.434446 0 0.565554
0.434858 0 0.565142
0.437329 0 0.562671
0.439849 0 0.560151
0.44242 0 0.55758
0.45443 0 0.54557
0.459246 0 0.540754
0.454848 0 0.545152
0.46805 0 0.53195
0.582719 0 0.417281
0.584868 0 0.415132
0.583685 0 0.416315
0.592739 0 0.407261
0.332757 0 0.667243
0.293671 0 0.706329
0.248616 0 0.751384
0.364461 0 0.635539
0.44483 0 0.55517
0.446459 0 0.553541
0.574014 0 0.425986
0.575712 0 0.424288
0.577449 0 0.422551
0.579224 0 0.420776
0.400236 0 0.599764
0.582891 0 0.417109
0.584783 0 0.415217
0.488841 0 0.511159
0.346353 0 0.653647
0.30508 0 0.69492
0.395881 0 0.604119
0.38061 0 0.61939
0.430303 0 0.569697
0.277119 0 0.722881
0.319234 0 0.680766
0.403212 0 0.596788
0.499467 0 0.500533
0.234684 0 0.765316
0.565702 0 0.434298
0.533964 0 0.466036
0.374208 0 0.625792
0.287516 0 0.712484
0.415999 0 0.584001
0.520575 0 0.479425
0.44852 0 0.55148
0.518886 0 0.481114
0.337171 0 0.662829
0.586923 0 0.413077
0.376753 0 0.623247
0.376719 0 0.623281
0.360174 0 0.639826
0.360968 0 0.639032
0.0585807 0 0.941419
0.291064 0 0.708936
0.290881 0 0.709119
0.259454 0 0.740546
0.258385 0 0.741615
0.259224 0 0.740776
0.321636 0 0.678364
0.3208 0 0.6792
0.585729 0 0.414271
0.357575 0 0.642425
0.578654 0 0.421346
0.352466 0 0.647534
0.353781 0 0.646219
0.339329 0 0.660671
0.339356 0 0.660644
0.320071 0 0.679929
0.317182 0 0.682818
0.316022 0 0.683978
0.315101 0 0.684899
0.31554 0 0.68446
0.316215 0 0.683785
0.316755 0 0.683245
0.318128 0 0.681872
0.377037 0 0.622963
0.456372 0 0.543628
0.419084 0 0.580916
0.438029 0 0.561971
0.35904 0 0.64096
0.355779 0 0.644221
0.352592 0 0.647408
0.351695 0 0.648305
0.35142 0 0.64858
0.351163 0 0.648837
0.350923 0 0.649077
0.352125 0 0.647875
0.354564 0 0.645436
0.357054 0 0.642946
0.359597 0 0.640403
0.442916 0 0.557084
0.212131 0 0.787869
0.211551 0 0.788449
0.212437 0 0.787563
0.434457 0 0.565543
0.434928 0 0.565072
0.4374 0 0.5626
0.439921 0 0.560079
0.442493 0 0.557507
0.45531 0 0.54469
0.456903 0 0.543097
0.469979 0 0.530021
0.469562 0 0.530438
0.543719 0 0.456281
0.547375 0 0.452625
0.551104 0 0.448896
0.554902 0 0.445098
0.558779 0 0.441221
0.56269 0 0.43731
0.56667 0 0.43333
0.570775 0 0.429225
0.574836 0 0.425164
0.332786 0 0.667214
0.293647 0 0.706353
0.587687 0 0.412313
0.248622 0 0.751378
0.596699 0 0.403301
0.364539 0 0.635461
0.586129 0 0.413871
0.444763 0 0.555237
0.446816 0 0.553184
0.572093 0 0.427907
0.573781 0 0.426219
0.575506 0 0.424494
0.577269 0 0.422731
0.400242 0 0.599758
0.580911 0 0.419089
0.58279 0 0.41721
0.488869 0 0.511131
0.346366 0 0.653633
0.305104 0 0.694896
0.395915 0 0.604085
0.430249 0 0.569751
0.27717 0 0.72283
0.319185 0 0.680815
0.403045 0 0.596955
0.499503 0 0.500497
0.234727 0 0.765273
0.565721 0 0.434279
0.533975 0 0.466025
0.374343 0 0.625657
0.287458 0 0.712542
0.415989 0 0.584011
0.520106 0 0.479894
0.44863 0 0.55137
0.51887 0 0.48113
0.337326 0 0.662674
0.586972 0 0.413028
0.376743 0 0.623257
0.376912 0 0.623088
0.360273 0 0.639727
0.360944 0 0.639056
0.0586001 0 0.9414
0.291066 0 0.708934
0.290909 0 0.709091
0.259462 0 0.740538
0.258384 0 0.741616
0.259247 0 0.740753
0.321697 0 0.678303
0.320805 0 0.679195
0.585752 0 0.414248
0.357528 0 0.642472
0.578672 0 0.421328
0.352426 0 0.647574
0.353826 0 0.646174
0.318815 0 0.681185
0.316329 0 0.683671
0.314842 0 0.685158
0.313109 0 0.686891
0.311027 0 0.688972
0.310686 0 0.689314
0.311068 0 0.688932
0.31163 0 0.68837
0.312182 0 0.687818
0.312731 0 0.687269
0.313841 0 0.686159
0.291642 0 0.708358
0.290879 0 0.709121
0.295339 0 0.704661
0.355608 0 0.644392
0.352425 0 0.647575
0.351655 0 0.648345
0.35138 0 0.64862
0.351122 0 0.648878
0.350883 0 0.649117
0.35066 0 0.64934
0.352953 0 0.647047
0.35542 0 0.64458
0.268545 0 0.731455
0.269139 0 0.730861
0.212145 0 0.787855
0.211576 0 0.788424
0.212462 0 0.787538
0.253307 0 0.746693
0.251239 0 0.748761
0.437477 0 0.562523
0.439999 0 0.560001
0.442572 0 0.557428
0.456201 0 0.543799
0.458062 0 0.541938
0.503331 0 0.496669
0.471088 0 0.528911
0.509619 0 0.490381
0.512833 0 0.487167
0.516107 0 0.483893
0.519389 0 0.480611
0.522808 0 0.477192
0.526246 0 0.473754
0.529726 0 0.470274
0.53327 0 0.46673
0.536873 0 0.463127
0.33283 0 0.66717
0.293633 0 0.706367
0.548093 0 0.451907
0.248633 0 0.751367
0.555857 0 0.444143
0.559849 0 0.440151
0.364626 0 0.635374
0.567985 0 0.432015
0.572181 0 0.427819
0.444705 0 0.555295
0.569019 0 0.430981
0.570194 0 0.429806
0.57187 0 0.42813
0.573583 0 0.426417
0.575334 0 0.424666
0.400254 0 0.599746
0.578951 0 0.421049
0.580818 0 0.419182
0.488902 0 0.511098
0.346385 0 0.653615
0.305132 0 0.694868
0.395953 0 0.604047
0.430209 0 0.569791
0.277225 0 0.722775
0.319147 0 0.680853
0.402889 0 0.597111
0.499547 0 0.500453
0.234779 0 0.765221
0.235647 0 0.764353
0.565749 0 0.434251
0.533997 0 0.466003
0.374488 0 0.625512
0.287407 0 0.712593
0.415989 0 0.584011
0.519738 0 0.480262
0.448751 0 0.551249
0.519775 0 0.480225
0.518861 0 0.481139
0.337484 0 0.662516
0.587027 0 0.412973
0.376737 0 0.623263
0.377104 0 0.622896
0.360377 0 0.639623
0.36095 0 0.63905
0.0586198 0 0.94138
0.291071 0 0.708929
0.290941 0 0.709059
0.0681746 0 0.931825
0.259472 0 0.740528
0.258387 0 0.741613
0.259271 0 0.740729
0.321774 0 0.678226
0.320814 0 0.679186
0.585782 0 0.414218
0.357499 0 0.642501
0.578696 0 0.421304
0.352391 0 0.647609
0.353873 0 0.646127
0.111033 0 0.888967
0.314503 0 0.685498
0.312896 0 0.687104
0.310349 0 0.689651
0.306691 0 0.693309
0.304638 0 0.695362
0.303042 0 0.696958
0.301071 0 0.698929
0.300487 0 0.699513
0.293989 0 0.706011
0.290262 0 0.709738
0.287664 0 0.712336
0.285878 0 0.714122
0.282333 0 0.717667
0.280728 0 0.719272
0.279219 0 0.720781
0.277746 0 0.722254
0.276284 0 0.723716
0.274868 0 0.725132
0.273462 0 0.726538
0.271786 0 0.728214
0.270013 0 0.729987
0.260988 0 0.739012
0.258893 0 0.741107
0.256866 0 0.743134
0.212161 0 0.787839
0.211603 0 0.788397
0.212489 0 0.787511
0.24862 0 0.75138
0.249578 0 0.750422
0.251243 0 0.748757
0.440081 0 0.559919
0.442655 0 0.557345
0.451082 0 0.548918
0.458011 0 0.541989
0.464831 0 0.535169
0.472159 0 0.52784
0.479038 0 0.520962
0.482377 0 0.517623
0.485274 0 0.514726
0.488228 0 0.511772
0.491204 0 0.508796
0.49419 0 0.50581
0.258235 0 0.741765
0.257536 0 0.742464
0.257139 0 0.742861
0.256851 0 0.743149
0.256953 0 0.743047
0.256377 0 0.743623
0.24865 0 0.75135
0.255427 0 0.744573
0.255114 0 0.744886
0.254801 0 0.745199
0.254511 0 0.745489
0.254247 0 0.745753
0.25398 0 0.74602
0.253746 0 0.746254
0.2536 0 0.7464
0.25341 0 0.74659
0.25374 0 0.746261
0.253718 0 0.746282
0.253653 0 0.746347
0.253849 0 0.746151
0.254418 0 0.745582
0.254629 0 0.745371
0.255152 0 0.744848
0.255788 0 0.744212
0.256435 0 0.743565
0.256928 0 0.743072
0.257479 0 0.742521
0.258139 0 0.741861
0.258866 0 0.741134
0.259953 0 0.740047
0.260861 0 0.739139
0.261436 0 0.738564
0.262221 0 0.737779
0.263161 0 0.736839
0.264338 0 0.735662
0.266145 0 0.733855
0.43018 0 0.56982
0.277284 0 0.722716
0.31912 0 0.68088
0.402742 0 0.597258
0.499596 0 0.500404
0.234842 0 0.765158
0.235352 0 0.764648
0.565785 0 0.434215
0.534028 0 0.465972
0.374639 0 0.625361
0.287363 0 0.712637
0.415998 0 0.584002
0.519422 0 0.480578
0.448882 0 0.551118
0.519726 0 0.480274
0.518859 0 0.481141
0.337648 0 0.662352
0.587089 0 0.412911
0.376736 0 0.623264
0.377293 0 0.622707
0.36049 0 0.63951
0.360968 0 0.639032
0.291083 0 0.708917
0.290976 0 0.709024
0.259486 0 0.740514
0.2584 0 0.7416
0.259299 0 0.740701
0.32194 0 0.67806
0.320826 0 0.679174
0.585821 0 0.414179
0.357487 0 0.642513
0.578729 0 0.421271
0.352365 0 0.647635
0.353925 0 0.646075
0.110997 0 0.889003
0.110458 0 0.889542
0.309082 0 0.690918
0.30745 0 0.69255
0.304875 0 0.695125
0.301233 0 0.698767
0.299486 0 0.700514
0.297858 0 0.702142
0.292539 0 0.707461
0.28978 0 0.71022
0.286583 0 0.713417
0.282904 0 0.717096
0.280134 0 0.719867
0.2782 0 0.7218
0.276718 0 0.723282
0.275244 0 0.724756
0.27381 0 0.72619
0.272121 0 0.727879
0.270025 0 0.729975
0.26798 0 0.73202
0.261975 0 0.738025
0.259584 0 0.740416
0.257635 0 0.742365
0.255607 0 0.744393
0.253625 0 0.746375
0.212181 0 0.787819
0.211632 0 0.788368
0.212519 0 0.787481
0.246778 0 0.753222
0.247654 0 0.752346
0.249323 0 0.750677
0.250608 0 0.749392
0.250981 0 0.749019
0.289433 0 0.710567
0.289993 0 0.710007
0.290415 0 0.709585
0.290671 0 0.709329
0.252759 0 0.747241
0.289951 0 0.710049
0.256814 0 0.743186
0.254494 0 0.745506
0.254609 0 0.745391
0.254225 0 0.745775
0.253639 0 0.746361
0.253116 0 0.746884
0.25262 0 0.74738
0.252163 0 0.747837
0.251743 0 0.748257
0.251363 0 0.748637
0.248671 0 0.751329
0.250782 0 0.749218
0.250824 0 0.749176
0.250707 0 0.749293
0.250761 0 0.749239
0.250758 0 0.749242
0.250676 0 0.749324
0.250943 0 0.749057
0.251266 0 0.748734
0.251407 0 0.748593
0.251627 0 0.748373
0.251731 0 0.748269
0.251913 0 0.748088
0.252019 0 0.747981
0.252234 0 0.747766
0.252713 0 0.747287
0.253246 0 0.746754
0.253772 0 0.746228
0.254364 0 0.745636
0.254969 0 0.745031
0.255559 0 0.744441
0.256162 0 0.743838
0.25688 0 0.74312
0.257663 0 0.742337
0.258462 0 0.741538
0.259278 0 0.740722
0.260111 0 0.739889
0.260943 0 0.739057
0.261738 0 0.738262
0.262553 0 0.737447
0.263389 0 0.736611
0.264238 0 0.735762
0.265092 0 0.734908
0.265984 0 0.734016
0.266944 0 0.733056
0.268176 0 0.731824
0.269542 0 0.730458
0.27101 0 0.72899
0.272871 0 0.727129
0.499652 0 0.500348
0.234916 0 0.765084
0.235223 0 0.764777
0.565831 0 0.434169
0.534069 0 0.465931
0.3748 0 0.6252
0.287327 0 0.712673
0.416017 0 0.583983
0.519139 0 0.480861
0.449024 0 0.550976
0.519683 0 0.480317
0.518862 0 0.481138
0.337815 0 0.662185
0.587159 0 0.412841
0.37674 0 0.62326
0.377488 0 0.622512
0.504565 0 0.495435
0.360607 0 0.639393
0.361001 0 0.638999
0.291097 0 0.708903
0.291014 0 0.708986
0.259503 0 0.740497
0.258417 0 0.741583
0.25933 0 0.74067
0.320842 0 0.679158
0.585867 0 0.414133
0.357495 0 0.642505
0.578769 0 0.421231
0.352342 0 0.647658
0.35398 0 0.64602
0.110962 0 0.889038
0.110432 0 0.889568
0.110229 0 0.889771
0.298395 0 0.701605
0.29951 0 0.70049
0.296038 0 0.703962
0.293995 0 0.706005
0.291781 0 0.708219
0.288139 0 0.711861
0.284226 0 0.715774
0.281322 0 0.718678
0.278282 0 0.721718
0.275814 0 0.724186
0.274146 0 0.725854
0.272312 0 0.727688
0.270082 0 0.729918
0.267847 0 0.732153
0.265741 0 0.734259
0.264293 0 0.735707
0.260398 0 0.739602
0.258216 0 0.741784
0.256389 0 0.743611
0.254383 0 0.745617
0.252376 0 0.747624
0.250152 0 0.749848
0.212202 0 0.787798
0.211665 0 0.788335
0.212551 0 0.787449
0.243946 0 0.756054
0.244213 0 0.755787
0.244961 0 0.755039
0.245539 0 0.754461
0.246156 0 0.753844
0.246838 0 0.753162
0.247568 0 0.752432
0.248221 0 0.751779
0.249744 0 0.750256
0.250577 0 0.749423
0.229289 0 0.770711
0.22876 0 0.77124
0.22882 0 0.77118
0.228876 0 0.771124
0.228922 0 0.771078
0.228943 0 0.771057
0.249159 0 0.750841
0.248638 0 0.751362
0.248199 0 0.751801
0.24808 0 0.75192
0.248074 0 0.751926
0.248098 0 0.751902
0.248332 0 0.751668
0.248596 0 0.751404
0.248663 0 0.751337
0.24876 0 0.75124
0.24896 0 0.75104
0.249171 0 0.750829
0.249384 0 0.750616
0.24966 0 0.75034
0.249929 0 0.750071
0.250165 0 0.749835
0.250142 0 0.749858
0.250056 0 0.749944
0.250124 0 0.749876
0.250274 0 0.749726
0.25059 0 0.74941
0.251114 0 0.748886
0.251707 0 0.748293
0.252296 0 0.747704
0.252895 0 0.747105
0.253606 0 0.746394
0.254237 0 0.745763
0.25496 0 0.74504
0.255624 0 0.744376
0.256345 0 0.743655
0.257078 0 0.742922
0.257833 0 0.742167
0.2586 0 0.7414
0.259349 0 0.740651
0.260109 0 0.739891
0.260888 0 0.739112
0.261676 0 0.738324
0.262478 0 0.737522
0.263323 0 0.736677
0.264206 0 0.735794
0.265214 0 0.734786
0.266469 0 0.733531
0.267831 0 0.732169
0.269208 0 0.730792
0.198086 0 0.801914
0.272051 0 0.727949
0.235003 0 0.764997
0.235138 0 0.764862
0.276534 0 0.723466
0.278084 0 0.721916
0.279743 0 0.720257
0.281492 0 0.718508
0.37497 0 0.62503
0.287298 0 0.712702
0.416045 0 0.583955
0.51888 0 0.48112
0.449177 0 0.550823
0.519673 0 0.480327
0.518873 0 0.481127
0.337988 0 0.662012
0.587236 0 0.412764
0.376748 0 0.623252
0.37769 0 0.62231
0.50464 0 0.49536
0.360729 0 0.639271
0.361046 0 0.638954
0.291115 0 0.708885
0.291057 0 0.708943
0.502973 0 0.497027
0.259523 0 0.740477
0.258437 0 0.741563
0.259364 0 0.740636
0.320862 0 0.679138
0.58592 0 0.41408
0.357526 0 0.642474
0.578815 0 0.421185
0.352322 0 0.647678
0.35404 0 0.64596
0.110928 0 0.889072
0.110408 0 0.889592
0.110204 0 0.889796
0.109405 0 0.890595
0.261396 0 0.738604
0.261936 0 0.738064
0.262443 0 0.737557
0.263985 0 0.736015
0.261774 0 0.738226
0.261436 0 0.738564
0.269326 0 0.730674
0.269658 0 0.730342
0.269054 0 0.730946
0.267451 0 0.732549
0.264272 0 0.735728
0.263569 0 0.736431
0.262745 0 0.737255
0.261256 0 0.738744
0.258795 0 0.741205
0.256666 0 0.743334
0.255069 0 0.744931
0.253125 0 0.746875
0.250984 0 0.749016
0.248268 0 0.751732
0.245519 0 0.754481
0.212227 0 0.787773
0.211699 0 0.788301
0.212586 0 0.787414
0.239539 0 0.760461
0.23881 0 0.76119
0.238119 0 0.761881
0.236967 0 0.763033
0.235643 0 0.764357
0.233272 0 0.766728
0.231516 0 0.768484
0.228773 0 0.771227
0.227436 0 0.772564
0.227313 0 0.772687
0.227153 0 0.772847
0.227095 0 0.772905
0.226984 0 0.773016
0.226775 0 0.773225
0.22657 0 0.77343
0.225918 0 0.774082
0.225447 0 0.774553
0.22583 0 0.77417
0.226223 0 0.773777
0.245607 0 0.754393
0.24615 0 0.75385
0.246465 0 0.753535
0.246675 0 0.753325
0.246897 0 0.753103
0.247091 0 0.752909
0.247281 0 0.752719
0.247479 0 0.752521
0.247745 0 0.752255
0.24806 0 0.75194
0.248336 0 0.751664
0.248584 0 0.751416
0.248551 0 0.751449
0.248261 0 0.751739
0.248187 0 0.751813
0.248253 0 0.751747
0.2484 0 0.7516
0.248547 0 0.751453
0.248977 0 0.751023
0.249495 0 0.750505
0.250059 0 0.749941
0.250635 0 0.749365
0.251289 0 0.748711
0.251961 0 0.748039
0.252636 0 0.747364
0.253317 0 0.746683
0.253998 0 0.746001
0.254694 0 0.745306
0.255401 0 0.744599
0.256116 0 0.743884
0.256847 0 0.743153
0.257591 0 0.742409
0.258351 0 0.741649
0.259127 0 0.740873
0.259921 0 0.740079
0.260748 0 0.739252
0.261601 0 0.738399
0.26251 0 0.73749
0.263597 0 0.736403
0.264798 0 0.735202
0.266153 0 0.733847
0.198492 0 0.801508
0.268929 0 0.731071
0.235105 0 0.764895
0.235078 0 0.764922
0.2733 0 0.7267
0.274814 0 0.725186
0.276354 0 0.723646
0.277914 0 0.722086
0.279508 0 0.720492
0.28114 0 0.71886
0.282801 0 0.717199
0.284495 0 0.715505
0.28622 0 0.71378
0.287977 0 0.712023
0.289755 0 0.710245
0.291823 0 0.708177
0.294663 0 0.705337
0.519689 0 0.480311
0.518889 0 0.481111
0.338164 0 0.661836
0.587321 0 0.412679
0.37676 0 0.62324
0.377898 0 0.622102
0.504776 0 0.495224
0.360857 0 0.639143
0.3611 0 0.6389
0.291137 0 0.708863
0.291104 0 0.708896
0.502092 0 0.497908
0.497987 0 0.502013
0.259546 0 0.740454
0.25846 0 0.74154
0.259402 0 0.740598
0.498347 0 0.501653
0.320887 0 0.679113
0.58598 0 0.41402
0.357584 0 0.642416
0.578868 0 0.421132
0.352306 0 0.647694
0.354105 0 0.645895
0.110895 0 0.889105
0.110384 0 0.889616
0.110181 0 0.889819
0.109382 0 0.890618
0.109192 0 0.890808
0.236028 0 0.763972
0.236333 0 0.763667
0.246113 0 0.753887
0.250916 0 0.749084
0.251636 0 0.748364
0.251468 0 0.748532
0.251581 0 0.748419
0.251964 0 0.748036
0.25217 0 0.74783
0.249508 0 0.750492
0.249204 0 0.750796
0.248873 0 0.751127
0.247504 0 0.752496
0.246402 0 0.753598
0.2456 0 0.7544
0.246307 0 0.753693
0.246718 0 0.753282
0.244348 0 0.755652
0.240626 0 0.759374
0.239256 0 0.760744
0.212253 0 0.787747
0.211737 0 0.788263
0.212624 0 0.787376
0.235221 0 0.764779
0.233196 0 0.766804
0.231216 0 0.768784
0.229246 0 0.770754
0.227377 0 0.772623
0.225505 0 0.774495
0.224449 0 0.775551
0.224218 0 0.775782
0.224598 0 0.775402
0.225012 0 0.774988
0.225218 0 0.774782
0.225271 0 0.774729
0.224589 0 0.775411
0.222212 0 0.777788
0.218236 0 0.781764
0.214732 0 0.785268
0.212565 0 0.787435
0.211489 0 0.788511
0.210876 0 0.789124
0.21052 0 0.78948
0.210471 0 0.789528
0.210543 0 0.789457
0.208759 0 0.791241
0.207642 0 0.792358
0.205426 0 0.794574
0.206384 0 0.793616
0.245933 0 0.754067
0.246268 0 0.753732
0.246557 0 0.753443
0.247029 0 0.752971
0.247274 0 0.752726
0.247116 0 0.752884
0.229174 0 0.770826
0.228144 0 0.771856
0.228314 0 0.771686
0.229683 0 0.770317
0.246648 0 0.753352
0.246987 0 0.753013
0.247377 0 0.752623
0.24781 0 0.75219
0.248276 0 0.751724
0.248892 0 0.751108
0.249523 0 0.750477
0.250167 0 0.749833
0.250842 0 0.749158
0.251537 0 0.748463
0.252253 0 0.747747
0.252955 0 0.747045
0.25367 0 0.74633
0.254399 0 0.745601
0.255126 0 0.744874
0.255868 0 0.744132
0.256632 0 0.743368
0.257415 0 0.742585
0.25822 0 0.74178
0.259056 0 0.740944
0.259926 0 0.740074
0.260857 0 0.739143
0.261837 0 0.738163
0.263161 0 0.736839
0.264511 0 0.735489
0.265876 0 0.734124
0.235228 0 0.764772
0.235037 0 0.764963
0.270144 0 0.729856
0.271623 0 0.728377
0.27313 0 0.72687
0.274665 0 0.725335
0.276226 0 0.723774
0.277808 0 0.722192
0.279423 0 0.720577
0.281076 0 0.718924
0.28276 0 0.71724
0.284481 0 0.715519
0.286238 0 0.713762
0.288108 0 0.711892
0.289917 0 0.710083
0.291262 0 0.708738
0.292824 0 0.707176
0.294437 0 0.705563
0.297131 0 0.702869
0.300738 0 0.699262
0.587413 0 0.412587
0.376778 0 0.623222
0.378117 0 0.621883
0.504946 0 0.495054
0.0585753 0 0.941425
0.361164 0 0.638836
0.291162 0 0.708838
0.291155 0 0.708845
0.499326 0 0.500674
0.495267 0 0.504733
0.259573 0 0.740427
0.258487 0 0.741513
0.259443 0 0.740557
0.496277 0 0.503723
0.320916 0 0.679084
0.586047 0 0.413953
0.358064 0 0.641936
0.357678 0 0.642322
0.578929 0 0.421071
0.352292 0 0.647708
0.354174 0 0.645826
0.110864 0 0.889136
0.110362 0 0.889638
0.110159 0 0.889841
0.10936 0 0.89064
0.109171 0 0.890829
0.108987 0 0.891013
0.232826 0 0.767174
0.232828 0 0.767172
0.232816 0 0.767184
0.232708 0 0.767292
0.23238 0 0.76762
0.231701 0 0.768299
0.231824 0 0.768176
0.232978 0 0.767022
0.236782 0 0.763218
0.22794 0 0.77206
0.226199 0 0.773801
0.223724 0 0.776276
0.223999 0 0.776001
0.224281 0 0.775719
0.223587 0 0.776413
0.221951 0 0.778049
0.237396 0 0.762604
0.236708 0 0.763292
0.235967 0 0.764033
0.212282 0 0.787718
0.211777 0 0.788223
0.212664 0 0.787336
0.228025 0 0.771975
0.226207 0 0.773793
0.224842 0 0.775158
0.22349 0 0.77651
0.222224 0 0.777776
0.222032 0 0.777968
0.221976 0 0.778024
0.221999 0 0.778001
0.222186 0 0.777814
0.222061 0 0.777939
0.221456 0 0.778544
0.219282 0 0.780718
0.21468 0 0.78532
0.21251 0 0.78749
0.212016 0 0.787984
0.211299 0 0.788701
0.210519 0 0.789481
0.209891 0 0.790109
0.20946 0 0.79054
0.209178 0 0.790822
0.208718 0 0.791282
0.207764 0 0.792236
0.206414 0 0.793586
0.203341 0 0.796659
0.202534 0 0.797466
0.201638 0 0.798362
0.201854 0 0.798146
0.202273 0 0.797727
0.202731 0 0.797269
0.21956 0 0.78044
0.220453 0 0.779547
0.221838 0 0.778162
0.223272 0 0.776728
0.223942 0 0.776058
0.224623 0 0.775377
0.225446 0 0.774554
0.226159 0 0.773841
0.227423 0 0.772577
0.245576 0 0.754424
0.245958 0 0.754042
0.246364 0 0.753636
0.246711 0 0.753289
0.247166 0 0.752834
0.247739 0 0.752261
0.248407 0 0.751593
0.249086 0 0.750914
0.249787 0 0.750213
0.250502 0 0.749498
0.251233 0 0.748767
0.251961 0 0.748039
0.252691 0 0.747309
0.253433 0 0.746567
0.254182 0 0.745818
0.254953 0 0.745047
0.255749 0 0.744251
0.256576 0 0.743424
0.203279 0 0.796721
0.258289 0 0.741711
0.259221 0 0.740779
0.199237 0 0.800763
0.261558 0 0.738442
0.262902 0 0.737098
0.235381 0 0.764619
0.23501 0 0.76499
0.267064 0 0.732936
0.268509 0 0.731491
0.269981 0 0.730019
0.271481 0 0.728519
0.273007 0 0.726993
0.274552 0 0.725448
0.276127 0 0.723873
0.277741 0 0.722259
0.279407 0 0.720593
0.281103 0 0.718897
0.282901 0 0.717099
0.284716 0 0.715284
0.286556 0 0.713444
0.287816 0 0.712184
0.289127 0 0.710873
0.290512 0 0.709488
0.292112 0 0.707888
0.29381 0 0.70619
0.29574 0 0.70426
0.298095 0 0.701905
0.301389 0 0.698611
0.304888 0 0.695112
0.308486 0 0.691514
0.538289 0 0.461711
0.544572 0 0.455428
0.550944 0 0.449056
0.557406 0 0.442594
0.376799 0 0.623201
0.378338 0 0.621662
0.505143 0 0.494857
0.0585291 0 0.941471
0.0584016 0 0.941598
0.0582966 0 0.941703
0.0581948 0 0.941805
0.0581246 0 0.941875
0.291192 0 0.708808
0.29121 0 0.70879
0.496597 0 0.503403
0.492582 0 0.507418
0.259602 0 0.740398
0.258516 0 0.741484
0.259487 0 0.740513
0.494231 0 0.505769
0.320949 0 0.679051
0.586273 0 0.413727
0.357758 0 0.642242
0.357826 0 0.642174
0.578996 0 0.421004
0.352286 0 0.647714
0.354248 0 0.645752
0.110342 0 0.889658
0.109727 0 0.890273
0.109426 0 0.890574
0.109235 0 0.890765
0.10905 0 0.89095
0.109389 0 0.890611
0.206463 0 0.793537
0.207036 0 0.792964
0.207477 0 0.792523
0.207953 0 0.792047
0.20809 0 0.79191
0.20807 0 0.79193
0.208112 0 0.791888
0.208153 0 0.791847
0.208051 0 0.791949
0.208588 0 0.791412
0.209252 0 0.790748
0.210385 0 0.789615
0.20201 0 0.79799
0.20184 0 0.79816
0.202386 0 0.797614
0.205093 0 0.794908
0.20499 0 0.79501
0.205151 0 0.794849
0.205769 0 0.794231
0.21182 0 0.78818
0.212707 0 0.787293
0.21435 0 0.78565
0.216712 0 0.783288
0.217159 0 0.782841
0.217021 0 0.782979
0.216129 0 0.783871
0.214732 0 0.785268
0.212717 0 0.787283
0.212241 0 0.787759
0.212034 0 0.787966
0.212152 0 0.787848
0.211207 0 0.788793
0.209025 0 0.790975
0.209463 0 0.790537
0.210233 0 0.789767
0.210334 0 0.789666
0.209612 0 0.790388
0.208972 0 0.791028
0.208547 0 0.791453
0.208165 0 0.791835
0.207529 0 0.792471
0.206718 0 0.793282
0.204741 0 0.795259
0.201718 0 0.798282
0.200918 0 0.799082
0.200192 0 0.799808
0.19932 0 0.80068
0.198776 0 0.801224
0.197856 0 0.802144
0.196802 0 0.803198
0.195767 0 0.804233
0.195003 0 0.804997
0.194747 0 0.805253
0.207695 0 0.792305
0.214383 0 0.785617
0.214324 0 0.785676
0.214513 0 0.785487
0.214831 0 0.785169
0.215967 0 0.784033
0.218927 0 0.781073
0.229603 0 0.770397
0.244434 0 0.755566
0.244697 0 0.755303
0.245093 0 0.754907
0.245542 0 0.754458
0.24609 0 0.75391
0.246674 0 0.753326
0.247362 0 0.752638
0.248063 0 0.751937
0.248779 0 0.751221
0.249514 0 0.750486
0.250262 0 0.749738
0.251028 0 0.748972
0.251765 0 0.748235
0.252537 0 0.747463
0.253331 0 0.746669
0.254144 0 0.745857
0.202757 0 0.797243
0.255817 0 0.744183
0.200224 0 0.799776
0.199723 0 0.800277
0.258673 0 0.741327
0.259988 0 0.740013
0.235593 0 0.764407
0.234995 0 0.765005
0.264065 0 0.735935
0.265469 0 0.734531
0.266907 0 0.733093
0.268372 0 0.731628
0.269864 0 0.730136
0.271383 0 0.728617
0.272939 0 0.727061
0.274511 0 0.725489
0.276193 0 0.723807
0.277904 0 0.722096
0.279703 0 0.720297
0.281459 0 0.718541
0.283207 0 0.716793
0.284426 0 0.715574
0.28566 0 0.71434
0.286917 0 0.713083
0.288314 0 0.711686
0.289862 0 0.710138
0.291499 0 0.708501
0.293217 0 0.706783
0.294978 0 0.705022
0.29709 0 0.70291
0.299493 0 0.700507
0.302501 0 0.697499
0.306051 0 0.693949
0.309707 0 0.690293
0.313482 0 0.686518
0.317317 0 0.682683
0.378552 0 0.621448
0.476081 0 0.523919
0.0584715 0 0.941528
0.0583632 0 0.941637
0.0582583 0 0.941742
0.0581565 0 0.941844
0.0581354 0 0.941865
0.291225 0 0.708775
0.291268 0 0.708732
0.508633 0 0.491367
0.513475 0 0.486525
0.518693 0 0.481307
0.493906 0 0.506094
0.489935 0 0.510065
0.259635 0 0.740365
0.258549 0 0.741451
0.259533 0 0.740466
0.492207 0 0.507793
0.320985 0 0.679015
0.558934 0 0.441066
0.564418 0 0.435582
0.56966 0 0.43034
0.57487 0 0.42513
0.357545 0 0.642455
0.358092 0 0.641908
0.590638 0 0.409362
0.579071 0 0.420929
0.352284 0 0.647716
0.354326 0 0.645674
0.110323 0 0.889677
0.11012 0 0.88988
0.109786 0 0.890214
0.109594 0 0.890406
0.109408 0 0.890592
0.10937 0 0.89063
0.109198 0 0.890802
 ] }
}
