# Real Time: 1090.55
# Simulation Time: 39.39
# Radar Position: 913.369 -332.08 0.541564
# Radar Quat: 0.00718197 -0.00410229 0.559688 0.828662
PointSet {
 coord Coordinate { point [
915.555 -339.96 0.733312
915.547 -339.722 0.726982
915.6 -339.702 0.725969
915.652 -339.683 0.724965
915.705 -339.663 0.72397
915.757 -339.644 0.722984
915.81 -339.625 0.722006
915.862 -339.605 0.721038
915.915 -339.586 0.720078
915.967 -339.566 0.719127
916.019 -339.547 0.718184
916.072 -339.529 0.71729
916.203 -339.72 0.721301
916.256 -339.7 0.720357
916.227 -339.464 0.714369
916.279 -339.445 0.713468
916.331 -339.425 0.712574
916.384 -339.406 0.711689
916.436 -339.387 0.710811
916.488 -339.367 0.70994
916.541 -339.348 0.709078
916.593 -339.328 0.708223
916.646 -339.309 0.707375
916.699 -339.29 0.706534
916.753 -339.275 0.705809
916.904 -339.461 0.709651
919.624 -344.914 0.833066
919.719 -344.882 0.831669
919.815 -344.849 0.830283
919.911 -344.816 0.82891
932.641 -355.377 1.04112
932.791 -355.227 1.03742
944.459 -367.115 1.28956
944.644 -366.832 1.28299
915.555 -339.959 0.704502
915.547 -339.722 0.698979
915.599 -339.702 0.69798
915.652 -339.683 0.696989
915.704 -339.663 0.696006
915.757 -339.644 0.69503
915.809 -339.624 0.694062
915.862 -339.605 0.693101
915.914 -339.586 0.692147
915.966 -339.566 0.6912
916.019 -339.547 0.690261
916.072 -339.529 0.689358
916.202 -339.72 0.692591
916.186 -339.517 0.688035
916.226 -339.464 0.686466
916.278 -339.445 0.685561
916.331 -339.425 0.684663
916.383 -339.406 0.683771
916.435 -339.386 0.682886
916.488 -339.367 0.682006
916.54 -339.348 0.681133
916.593 -339.328 0.680266
916.645 -339.309 0.679406
916.698 -339.289 0.678551
916.753 -339.274 0.677787
916.904 -339.46 0.680822
919.623 -344.914 0.782964
919.718 -344.882 0.781521
919.814 -344.849 0.780089
919.91 -344.816 0.778665
932.64 -355.379 0.935331
932.789 -355.228 0.9317
944.434 -367.092 1.12538
944.689 -366.885 1.12041
915.554 -339.959 0.6757
915.546 -339.721 0.670984
915.599 -339.702 0.67
915.651 -339.682 0.669022
915.704 -339.663 0.66805
915.756 -339.644 0.667084
915.809 -339.624 0.666124
915.861 -339.605 0.665171
915.913 -339.585 0.664223
915.966 -339.566 0.663281
916.018 -339.547 0.662345
916.071 -339.529 0.661436
916.201 -339.72 0.663889
916.186 -339.517 0.66002
916.225 -339.464 0.65857
916.278 -339.444 0.657662
916.33 -339.425 0.656759
916.382 -339.406 0.655861
916.435 -339.386 0.654968
916.487 -339.367 0.65408
916.54 -339.347 0.653196
916.592 -339.328 0.652318
916.645 -339.309 0.651444
916.697 -339.289 0.650575
916.752 -339.274 0.649774
916.903 -339.46 0.652001
919.622 -344.914 0.732871
919.717 -344.882 0.731384
919.813 -344.849 0.729904
919.909 -344.817 0.72843
932.638 -355.38 0.829556
932.788 -355.229 0.825994
944.456 -367.121 0.962106
944.743 -366.95 0.95749
915.554 -339.959 0.646902
915.546 -339.721 0.642994
915.598 -339.702 0.642024
915.651 -339.682 0.641058
915.703 -339.663 0.640098
915.756 -339.643 0.639142
915.808 -339.624 0.638192
915.86 -339.605 0.637246
915.913 -339.585 0.636304
915.965 -339.566 0.635367
916.018 -339.546 0.634434
916.07 -339.528 0.633519
916.201 -339.719 0.635192
916.185 -339.517 0.632008
916.225 -339.464 0.630679
916.277 -339.444 0.629767
916.329 -339.425 0.628859
916.382 -339.405 0.627955
916.434 -339.386 0.627055
916.487 -339.367 0.626158
916.539 -339.347 0.625264
916.591 -339.328 0.624374
916.644 -339.308 0.623487
916.697 -339.289 0.622603
916.751 -339.273 0.621767
916.902 -339.46 0.623184
919.621 -344.915 0.682784
919.716 -344.882 0.681252
919.812 -344.849 0.679724
919.908 -344.817 0.678201
932.636 -355.381 0.723784
932.786 -355.23 0.720291
944.479 -367.151 0.798574
915.553 -339.959 0.61811
915.545 -339.721 0.615009
915.598 -339.701 0.614053
915.65 -339.682 0.613101
915.701 -339.657 0.612098
915.753 -339.637 0.61115
915.805 -339.617 0.610205
915.858 -339.598 0.609264
915.91 -339.578 0.608326
915.965 -339.566 0.607458
916.017 -339.546 0.606529
916.07 -339.528 0.60561
916.2 -339.719 0.6065
916.185 -339.517 0.604
916.224 -339.463 0.602794
916.277 -339.444 0.601878
916.329 -339.425 0.600966
916.374 -339.387 0.599905
916.426 -339.367 0.598997
916.478 -339.347 0.59809
916.53 -339.328 0.597186
916.582 -339.308 0.596285
916.643 -339.308 0.595536
916.696 -339.289 0.594637
916.75 -339.273 0.593769
916.902 -339.46 0.594373
919.62 -344.915 0.632704
919.715 -344.882 0.631127
919.811 -344.849 0.629552
919.907 -344.817 0.627979
915.672 -336.331 0.568438
932.635 -355.382 0.61802
932.785 -355.231 0.614596
944.502 -367.18 0.634793
915.553 -339.959 0.589324
915.544 -339.721 0.58703
915.597 -339.701 0.586088
915.65 -339.682 0.585149
915.692 -339.629 0.584021
915.744 -339.61 0.583088
915.796 -339.59 0.582157
915.848 -339.57 0.581228
915.9 -339.551 0.580301
915.964 -339.565 0.579554
916.016 -339.546 0.578628
916.069 -339.527 0.577708
916.2 -339.719 0.577814
916.184 -339.517 0.575996
916.224 -339.463 0.574913
916.276 -339.444 0.573995
916.328 -339.424 0.573077
916.362 -339.36 0.571967
916.414 -339.341 0.571055
916.466 -339.321 0.570145
916.518 -339.301 0.569235
916.57 -339.282 0.568326
916.643 -339.308 0.567589
916.695 -339.289 0.566677
916.75 -339.273 0.565777
916.901 -339.459 0.565568
919.619 -344.915 0.582631
915.95 -337.279 0.556906
919.81 -344.849 0.579386
919.906 -344.817 0.577763
915.671 -336.329 0.551314
932.634 -355.383 0.512262
932.784 -355.232 0.508908
944.524 -367.21 0.47076
915.552 -339.958 0.56054
915.544 -339.72 0.559053
915.596 -339.701 0.558125
915.649 -339.681 0.557199
915.684 -339.606 0.556155
915.736 -339.587 0.555237
915.788 -339.567 0.554319
915.84 -339.548 0.553402
915.892 -339.529 0.552486
915.964 -339.565 0.551654
916.016 -339.546 0.550731
916.068 -339.527 0.549809
916.199 -339.719 0.549131
916.184 -339.517 0.547993
916.223 -339.463 0.547036
916.275 -339.444 0.546114
916.328 -339.424 0.545191
916.358 -339.35 0.544239
916.41 -339.331 0.543322
916.462 -339.312 0.542405
916.514 -339.293 0.541488
916.566 -339.273 0.540569
916.642 -339.308 0.539646
916.695 -339.288 0.538719
916.749 -339.272 0.53779
916.9 -339.459 0.536765
919.618 -344.915 0.532559
915.949 -337.278 0.536401
919.809 -344.849 0.529222
919.905 -344.817 0.527549
915.67 -336.328 0.534201
932.632 -355.384 0.406501
932.782 -355.233 0.403216
944.547 -367.24 0.306459
945.12 -364.994 0.282608
945.366 -364.789 0.277489
945.499 -364.469 0.273312
931.382 -349.968 0.38878
915.551 -339.958 0.531758
915.543 -339.72 0.531078
915.596 -339.701 0.530165
915.648 -339.681 0.529251
915.684 -339.606 0.528424
915.736 -339.586 0.527516
915.788 -339.567 0.526607
915.84 -339.548 0.525698
915.892 -339.529 0.524787
915.963 -339.565 0.523755
916.015 -339.546 0.522835
916.068 -339.527 0.521914
916.198 -339.719 0.52045
916.183 -339.516 0.519991
916.222 -339.463 0.51916
916.275 -339.443 0.518235
916.327 -339.424 0.517307
916.357 -339.35 0.516554
916.409 -339.331 0.51563
916.461 -339.312 0.514704
916.513 -339.293 0.513776
916.565 -339.273 0.512846
916.642 -339.308 0.511705
916.694 -339.288 0.510764
916.748 -339.272 0.509807
916.9 -339.459 0.507965
919.617 -344.915 0.482488
919.712 -344.882 0.480776
919.808 -344.849 0.479059
919.904 -344.817 0.477336
915.669 -336.327 0.517099
937.841 -364.841 0.248671
937.834 -364.358 0.246877
937.525 -363.491 0.248745
937.74 -363.316 0.244331
937.414 -362.024 0.244769
938.394 -362.803 0.230949
932.631 -355.385 0.300734
932.781 -355.234 0.297517
939.162 -362.424 0.216063
939.377 -362.246 0.211602
939.626 -362.109 0.206688
939.893 -361.989 0.201545
944.458 -366.653 0.141271
944.544 -366.265 0.13815
944.595 -365.843 0.13549
944.636 -365.416 0.132982
944.753 -365.076 0.129486
944.919 -364.79 0.125359
936.169 -355.378 0.238918
936.25 -355.135 0.236469
931.382 -349.969 0.299935
931.504 -349.84 0.297225
915.551 -339.958 0.502977
915.543 -339.72 0.503104
915.595 -339.7 0.502205
915.648 -339.681 0.501304
915.683 -339.605 0.500694
915.735 -339.586 0.499796
915.787 -339.567 0.498896
915.839 -339.548 0.497994
915.891 -339.528 0.497089
915.962 -339.565 0.495857
916.015 -339.545 0.494941
916.067 -339.526 0.49402
916.198 -339.718 0.491769
916.183 -339.516 0.491989
916.222 -339.462 0.491285
916.274 -339.443 0.490356
916.326 -339.424 0.489424
916.356 -339.35 0.488869
916.409 -339.331 0.487938
916.46 -339.312 0.487004
916.513 -339.292 0.486066
916.565 -339.273 0.485124
916.641 -339.307 0.483764
916.694 -339.288 0.482809
916.748 -339.271 0.481826
916.899 -339.459 0.479165
919.616 -344.915 0.432415
919.712 -344.882 0.430658
919.807 -344.849 0.428894
919.903 -344.817 0.427121
915.668 -336.326 0.500005
936.721 -364.752 0.12711
936.939 -364.574 0.122734
936.124 -362.992 0.136639
936.468 -363.005 0.130006
937.095 -363.386 0.118338
937.215 -363.09 0.115673
934.408 -359.045 0.165092
934.545 -358.831 0.162167
934.489 -358.38 0.162674
937.292 -361.452 0.112052
932.629 -355.386 0.194956
932.779 -355.235 0.191809
938.735 -361.924 0.0844407
939.042 -361.861 0.0783197
939.256 -361.688 0.0738375
939.482 -361.528 0.069136
939.698 -361.357 0.0646004
939.977 -361.254 0.05891
940.288 -361.184 0.0526309
944.381 -365.148 -0.0222121
937.103 -357.026 0.10908
935.93 -355.462 0.129786
935.901 -355.106 0.129756
935.961 -354.847 0.128076
931.381 -349.971 0.211071
931.502 -349.84 0.208405
936.289 -354.228 0.120338
915.55 -339.958 0.474199
915.542 -339.72 0.475132
915.595 -339.7 0.474247
915.647 -339.681 0.473359
915.683 -339.605 0.472966
915.735 -339.586 0.472078
915.787 -339.567 0.471186
915.839 -339.548 0.470291
915.891 -339.528 0.469393
915.962 -339.564 0.46796
916.014 -339.545 0.467048
916.066 -339.526 0.46613
916.197 -339.718 0.463091
916.182 -339.516 0.463987
916.221 -339.462 0.463412
916.274 -339.443 0.46248
916.326 -339.424 0.461543
916.356 -339.35 0.461187
916.408 -339.331 0.460248
916.46 -339.311 0.459305
916.512 -339.292 0.458357
916.564 -339.273 0.457404
916.64 -339.307 0.455826
916.693 -339.288 0.454856
916.747 -339.271 0.453848
916.898 -339.459 0.450367
919.615 -344.915 0.382342
919.711 -344.882 0.380541
919.806 -344.85 0.378729
919.902 -344.817 0.376906
915.667 -336.324 0.482923
936.317 -364.671 -0.00466728
935.384 -362.883 0.0182934
935.536 -362.643 0.0154671
935.732 -362.463 0.0116049
933.618 -359.189 0.0621688
933.782 -359.013 0.0589405
934.012 -358.924 0.0541478
934.117 -358.674 0.0522553
934.144 -358.328 0.0521891
934.308 -358.158 0.0488749
934.554 -358.09 0.0436343
932.628 -355.387 0.0891711
932.778 -355.236 0.0860933
937.878 -360.918 -0.0325628
938.189 -360.873 -0.0393245
938.356 -360.66 -0.0427556
938.441 -360.356 -0.044296
938.668 -360.213 -0.0491572
939.02 -360.207 -0.0569513
934.274 -354.676 0.0537194
934.374 -354.468 0.0516808
934.61 -354.404 0.0464844
934.935 -354.43 0.0391962
935.508 -354.707 0.026128
935.735 -354.621 0.0210958
931.381 -349.973 0.122193
931.5 -349.84 0.119588
936.01 -353.96 0.0152681
936.044 -353.687 0.0146487
915.55 -339.957 0.445421
915.542 -339.719 0.44716
915.594 -339.7 0.44629
915.647 -339.681 0.445415
915.682 -339.605 0.445238
915.734 -339.586 0.44436
915.786 -339.566 0.443477
915.838 -339.547 0.44259
915.89 -339.528 0.441697
915.961 -339.564 0.440065
916.014 -339.545 0.439156
916.066 -339.525 0.438241
916.197 -339.718 0.434413
916.182 -339.516 0.435985
916.221 -339.462 0.43554
916.273 -339.443 0.434604
916.325 -339.423 0.433663
916.355 -339.35 0.433506
916.407 -339.33 0.432559
916.459 -339.311 0.431607
916.511 -339.292 0.430649
916.563 -339.273 0.429684
916.64 -339.307 0.427888
916.692 -339.288 0.426903
916.746 -339.271 0.425873
916.898 -339.458 0.42157
919.614 -344.915 0.332268
919.71 -344.882 0.330422
919.806 -344.85 0.328562
919.902 -344.817 0.326689
915.666 -336.323 0.465849
934.883 -363.094 -0.10354
934.997 -362.797 -0.104788
932.652 -359.06 -0.0330711
935.291 -362.308 -0.109393
933.163 -358.973 -0.0446049
933.334 -358.811 -0.0478983
933.54 -358.697 -0.0522319
932.971 -357.572 -0.033914
933.18 -357.474 -0.0384446
933.98 -358.123 -0.0601819
934.193 -358.017 -0.0648154
934.43 -357.94 -0.070167
932.627 -355.388 -0.0166246
932.777 -355.237 -0.0196338
936.104 -358.83 -0.113976
932.982 -354.828 -0.0230174
933.095 -354.637 -0.025028
933.172 -354.408 -0.0260424
933.23 -354.16 -0.0265634
933.441 -354.084 -0.0314659
933.652 -354.004 -0.0363545
934.03 -354.103 -0.0460202
934.312 -354.093 -0.0529647
934.551 -354.035 -0.0586878
934.792 -353.975 -0.0644708
935.03 -353.912 -0.0702069
931.381 -349.974 0.0332955
931.498 -349.84 0.030769
935.28 -353.255 -0.0744674
935.451 -353.124 -0.0783915
935.555 -352.928 -0.0804565
928.512 -389.74 -0.340738
928.92 -389.652 -0.347855
915.552 -339.966 0.416498
915.541 -339.719 0.419189
915.594 -339.7 0.418333
915.646 -339.68 0.417471
915.681 -339.605 0.41751
915.734 -339.586 0.416643
915.786 -339.566 0.415769
915.838 -339.547 0.414889
915.89 -339.528 0.414002
915.961 -339.564 0.41217
916.013 -339.545 0.411264
916.065 -339.525 0.410351
916.201 -339.73 0.405514
916.255 -339.711 0.404555
916.22 -339.462 0.407668
916.273 -339.442 0.406729
916.325 -339.423 0.405782
916.355 -339.349 0.405824
916.407 -339.33 0.40487
916.459 -339.311 0.403909
916.511 -339.292 0.402941
916.563 -339.272 0.401965
916.639 -339.307 0.39995
916.692 -339.287 0.398951
916.745 -339.27 0.397899
916.905 -339.475 0.392436
919.613 -344.915 0.282191
919.709 -344.882 0.2803
915.535 -336.369 0.451376
915.564 -336.349 0.450898
939.018 -381.29 -0.484933
939.258 -380.915 -0.487258
915.665 -336.322 0.448784
939.902 -380.482 -0.498611
939.869 -379.63 -0.49058
940.262 -379.552 -0.499224
940.783 -379.694 -0.512827
940.948 -379.215 -0.512764
941.021 -378.591 -0.509358
941.154 -378.079 -0.508354
942.121 -378.936 -0.538746
942.446 -378.732 -0.544997
942.984 -378.864 -0.559191
936.305 -367.752 -0.307053
935.877 -366.554 -0.287071
933.835 -362.95 -0.208406
933.865 -362.53 -0.205873
933.827 -362.019 -0.201009
933.803 -361.54 -0.196767
932.42 -359.137 -0.143868
932.376 -358.677 -0.139306
932.613 -358.615 -0.144862
932.862 -358.566 -0.150841
932.946 -358.294 -0.151002
932.861 -357.803 -0.1453
932.782 -357.329 -0.1399
932.913 -357.135 -0.141911
933.229 -357.175 -0.150358
934.079 -357.878 -0.177309
934.296 -357.778 -0.182309
932.625 -355.389 -0.122433
932.775 -355.238 -0.125373
932.834 -354.981 -0.125226
932.817 -354.638 -0.122541
932.892 -354.408 -0.123072
933.058 -354.282 -0.126699
933.142 -354.064 -0.127564
933.329 -353.963 -0.131964
933.507 -353.85 -0.136067
933.782 -353.84 -0.143431
934.069 -353.839 -0.151207
934.298 -353.774 -0.157061
934.485 -353.664 -0.161536
934.629 -353.509 -0.164594
931.381 -349.976 -0.0556204
931.496 -349.84 -0.0580531
935.006 -352.992 -0.172132
935.046 -352.739 -0.171876
934.745 -352.168 -0.160517
934.765 -351.906 -0.159721
923.162 -390.562 -0.455956
923.496 -390.066 -0.455304
923.342 -386.927 -0.408905
923.645 -386.432 -0.407801
923.965 -386.051 -0.408651
924.293 -385.739 -0.410664
924.619 -385.427 -0.412698
924.941 -385.118 -0.41475
925.26 -384.81 -0.416824
925.577 -384.504 -0.418917
925.892 -384.205 -0.421129
926.203 -383.904 -0.423299
926.512 -383.602 -0.425453
926.806 -383.259 -0.426815
927.06 -382.781 -0.425579
915.559 -339.994 0.387149
915.541 -339.719 0.391218
915.593 -339.7 0.390376
915.646 -339.68 0.389527
915.681 -339.605 0.389783
915.733 -339.585 0.388925
915.785 -339.566 0.38806
915.837 -339.547 0.387187
915.889 -339.528 0.386307
915.96 -339.564 0.384274
916.012 -339.544 0.383372
916.065 -339.525 0.382461
916.21 -339.757 0.376216
916.264 -339.738 0.375251
916.22 -339.462 0.379796
916.272 -339.442 0.378853
916.324 -339.423 0.377902
916.355 -339.352 0.37809
916.407 -339.333 0.37712
916.459 -339.314 0.376142
916.512 -339.295 0.375154
916.564 -339.276 0.374157
916.639 -339.307 0.372012
916.691 -339.287 0.370999
916.745 -339.27 0.369928
916.917 -339.501 0.362951
919.612 -344.915 0.232111
919.708 -344.882 0.230175
919.804 -344.85 0.228221
915.569 -336.36 0.433636
935.61 -374.756 -0.517252
935.897 -374.579 -0.522327
915.664 -336.321 0.431729
936.397 -374.093 -0.529179
936.72 -373.984 -0.53609
937.095 -373.964 -0.545361
937.45 -373.907 -0.553771
937.888 -373.988 -0.565929
938.357 -374.113 -0.57942
938.608 -373.867 -0.58317
938.802 -373.53 -0.584467
938.944 -373.116 -0.5836
935.403 -366.885 -0.422167
933.571 -363.501 -0.336928
932.304 -361.081 -0.277152
931.694 -359.721 -0.246297
931.689 -359.298 -0.241651
931.775 -359.016 -0.240965
931.942 -358.857 -0.243822
932.087 -358.667 -0.245768
932.277 -358.542 -0.249665
932.465 -358.414 -0.253502
932.622 -358.243 -0.25607
932.729 -358.007 -0.256655
932.744 -357.651 -0.253509
932.543 -357.02 -0.241667
932.578 -356.707 -0.239573
932.579 -356.356 -0.236212
932.534 -355.954 -0.231073
932.667 -355.777 -0.233131
932.624 -355.389 -0.228255
932.774 -355.239 -0.231126
932.54 -354.637 -0.218861
932.614 -354.405 -0.21886
932.737 -354.232 -0.220845
932.921 -354.13 -0.225267
933.054 -353.969 -0.227697
933.23 -353.857 -0.231847
933.405 -353.742 -0.235991
933.641 -353.692 -0.242476
933.896 -353.66 -0.249745
934.108 -353.579 -0.255325
934.244 -353.419 -0.258061
934.397 -353.277 -0.26146
931.38 -349.978 -0.144561
931.494 -349.84 -0.146879
934.415 -352.421 -0.255175
934.475 -352.196 -0.255253
934.509 -351.948 -0.254397
932.217 -349.542 -0.16648
932.195 -349.278 -0.163832
914.501 -391.275 -0.525083
914.905 -390.919 -0.525135
915.304 -390.535 -0.524671
915.699 -390.211 -0.525313
916.095 -389.977 -0.527589
916.497 -389.897 -0.532749
916.894 -389.773 -0.537153
917.274 -389.408 -0.537076
917.674 -389.366 -0.543082
917.905 -387.284 -0.510372
918.279 -387.129 -0.514115
918.651 -386.964 -0.51769
919.047 -387.045 -0.526066
919.402 -386.74 -0.527009
919.832 -387.104 -0.54109
920.138 -386.428 -0.534779
920.593 -386.955 -0.552312
920.91 -386.422 -0.548832
921.214 -385.854 -0.544583
920.178 -376.593 -0.363965
921.783 -384.602 -0.533518
922.073 -384.084 -0.530075
922.371 -383.65 -0.528299
922.684 -383.33 -0.528849
923.001 -383.047 -0.530175
923.314 -382.755 -0.531326
923.593 -382.318 -0.529372
923.84 -381.752 -0.524624
924.091 -381.24 -0.520944
924.395 -380.988 -0.52283
924.69 -380.71 -0.524181
924.938 -380.251 -0.521528
925.151 -379.67 -0.516126
925.355 -379.082 -0.510458
925.479 -378.218 -0.498494
925.597 -377.379 -0.48689
915.577 -340.059 0.356746
915.631 -340.039 0.355893
915.593 -339.699 0.362418
915.645 -339.68 0.361582
915.685 -339.621 0.361669
915.738 -339.602 0.360813
915.79 -339.583 0.359948
915.842 -339.564 0.359074
915.894 -339.545 0.358191
915.96 -339.564 0.356378
916.012 -339.544 0.355479
916.177 -339.837 0.346857
916.232 -339.817 0.345901
916.286 -339.797 0.344934
916.341 -339.776 0.343958
916.271 -339.442 0.350977
916.324 -339.423 0.350021
916.365 -339.377 0.349729
916.418 -339.358 0.348747
916.47 -339.339 0.347754
916.522 -339.32 0.346751
916.575 -339.302 0.345738
916.638 -339.306 0.344073
916.691 -339.287 0.343046
916.887 -339.574 0.333624
916.942 -339.554 0.332531
919.611 -344.915 0.182025
919.707 -344.882 0.180045
915.522 -336.344 0.418022
915.555 -336.333 0.417338
915.587 -336.322 0.416646
915.62 -336.311 0.415947
915.652 -336.3 0.415241
934.255 -370.187 -0.581916
934.493 -369.99 -0.585431
934.632 -369.62 -0.583819
934.816 -369.336 -0.584753
934.969 -369.001 -0.584122
935.104 -368.642 -0.582695
935.244 -368.299 -0.581707
935.43 -368.036 -0.583165
935.167 -367.056 -0.562081
933.781 -364.326 -0.485052
931.783 -360.721 -0.378642
931.065 -359.185 -0.337103
931.206 -358.988 -0.338465
931.407 -358.881 -0.342762
931.598 -358.761 -0.346675
931.775 -358.619 -0.349887
931.973 -358.508 -0.35418
932.169 -358.394 -0.358422
932.34 -358.244 -0.361479
932.486 -358.061 -0.363442
932.591 -357.825 -0.363509
932.574 -357.429 -0.357932
932.305 -356.714 -0.340817
932.33 -356.391 -0.337495
932.28 -355.981 -0.330895
932.306 -355.671 -0.327837
932.441 -355.502 -0.329878
931.847 -354.45 -0.298924
931.974 -354.285 -0.300847
932.073 -354.089 -0.301567
932.295 -354.037 -0.307844
932.486 -353.947 -0.31273
932.732 -353.919 -0.320098
932.93 -353.834 -0.325346
933.093 -353.708 -0.329053
933.305 -353.636 -0.334945
933.529 -353.575 -0.341408
932.894 -352.606 -0.310466
933.194 -352.632 -0.320348
933.466 -352.624 -0.329
933.598 -352.472 -0.331648
931.381 -349.98 -0.233548
931.493 -349.841 -0.23574
934.171 -352.187 -0.3473
934.291 -352.023 -0.34958
931.959 -349.548 -0.248022
931.967 -349.311 -0.245936
932.05 -349.147 -0.247099
932.131 -348.982 -0.248193
902.138 -386.216 -0.469561
902.461 -386.569 -0.479926
902.866 -386.519 -0.482851
903.237 -386.647 -0.489178
903.621 -386.701 -0.494199
904.059 -386.435 -0.493224
904.451 -386.425 -0.497151
904.677 -387.474 -0.521402
905.072 -387.48 -0.525856
905.458 -387.55 -0.531594
905.836 -387.671 -0.538394
906.751 -383.605 -0.463822
907.162 -383.231 -0.460787
907.523 -383.239 -0.46526
907.973 -382.413 -0.453334
908.449 -381.204 -0.433757
908.925 -379.806 -0.410273
909.32 -379.117 -0.400778
909.677 -378.783 -0.398336
909.995 -378.917 -0.405312
910.313 -379.087 -0.413104
910.608 -379.693 -0.429867
910.913 -380.271 -0.446237
911.195 -381.559 -0.477352
911.529 -381.874 -0.488723
911.986 -378.175 -0.416971
912.325 -377.47 -0.406922
912.647 -377.154 -0.404941
912.965 -376.824 -0.402675
913.278 -376.514 -0.400808
913.587 -376.192 -0.398693
913.891 -375.886 -0.396903
914.191 -375.571 -0.394905
914.488 -375.27 -0.393213
914.786 -375.143 -0.395276
915.077 -374.89 -0.394633
915.371 -374.78 -0.397137
915.659 -374.565 -0.397343
915.944 -374.355 -0.397687
916.201 -373.778 -0.389879
916.479 -373.571 -0.390263
916.758 -373.419 -0.391909
917.038 -373.297 -0.394254
917.317 -373.175 -0.396609
917.594 -373.052 -0.399005
917.875 -372.97 -0.402374
918.156 -372.9 -0.406047
918.429 -372.763 -0.408215
918.726 -372.821 -0.414983
919.03 -372.922 -0.422847
919.331 -372.986 -0.429913
919.637 -373.079 -0.43776
919.872 -372.714 -0.434731
920.158 -372.676 -0.439568
920.85 -374.965 -0.500833
921.148 -374.905 -0.505579
921.428 -374.744 -0.507889
921.633 -374.215 -0.501163
921.888 -373.964 -0.50124
922.184 -373.92 -0.506509
922.916 -375.869 -0.561903
923.07 -375.127 -0.549959
923.254 -374.561 -0.542316
923.412 -373.913 -0.532502
923.59 -373.378 -0.52546
923.819 -373.075 -0.524353
924.056 -372.813 -0.524281
924.273 -372.486 -0.522516
915.576 -340.059 0.327594
915.631 -340.039 0.326757
915.592 -339.699 0.334459
915.645 -339.68 0.333635
915.693 -339.647 0.333148
915.746 -339.628 0.332299
915.798 -339.609 0.331439
915.85 -339.59 0.330568
915.903 -339.571 0.329687
915.959 -339.563 0.32848
916.011 -339.544 0.327584
916.177 -339.837 0.317805
916.231 -339.817 0.31685
916.286 -339.796 0.315883
916.34 -339.776 0.314904
916.271 -339.442 0.323098
916.323 -339.422 0.322138
916.375 -339.403 0.321166
916.428 -339.384 0.320182
916.48 -339.364 0.319187
916.532 -339.345 0.318181
916.585 -339.326 0.317163
916.637 -339.306 0.316133
916.69 -339.287 0.315091
916.886 -339.574 0.30447
916.941 -339.554 0.303359
919.611 -344.915 0.131934
919.706 -344.882 0.129908
915.522 -336.343 0.40112
915.554 -336.332 0.400419
915.586 -336.321 0.39971
915.619 -336.31 0.398992
915.652 -336.299 0.398267
932.212 -366.464 -0.609635
932.467 -366.358 -0.615056
932.701 -366.214 -0.619274
932.851 -365.924 -0.618532
932.862 -365.402 -0.609793
933.057 -365.201 -0.612004
933.131 -364.803 -0.607357
933.134 -364.296 -0.59877
932.938 -363.481 -0.579063
931.603 -360.886 -0.495194
930.643 -358.949 -0.433725
930.552 -358.402 -0.421859
930.635 -358.128 -0.419828
930.737 -357.888 -0.419003
930.867 -357.693 -0.419829
931.323 -357.97 -0.438462
931.692 -358.112 -0.452244
931.991 -358.147 -0.462138
932.129 -357.956 -0.463448
932.322 -357.841 -0.467737
932.449 -357.637 -0.468562
932.115 -356.825 -0.445247
932.141 -356.503 -0.44113
931.078 -354.787 -0.38055
931.281 -354.719 -0.38608
931.509 -354.681 -0.392935
931.563 -354.426 -0.390885
931.692 -354.265 -0.39274
931.821 -354.105 -0.394624
931.962 -353.96 -0.397169
932.104 -353.817 -0.399819
932.243 -353.671 -0.402372
932.453 -353.606 -0.40853
932.134 -352.949 -0.388514
932.339 -352.882 -0.394507
932.492 -352.757 -0.397988
932.596 -352.58 -0.39911
932.771 -352.479 -0.40377
932.945 -352.376 -0.408355
933.162 -352.316 -0.415076
933.344 -352.218 -0.420124
933.498 -352.091 -0.423818
931.541 -349.89 -0.326982
933.79 -351.821 -0.430621
931.686 -349.536 -0.327583
931.741 -349.344 -0.327158
931.834 -349.19 -0.328581
931.923 -349.033 -0.329831
932.019 -348.882 -0.331443
932.12 -348.737 -0.333373
903.056 -383.575 -0.607543
903.429 -383.576 -0.610976
903.801 -383.583 -0.614608
904.174 -383.573 -0.617918
904.576 -383.389 -0.617388
904.972 -383.223 -0.617302
905.365 -383.057 -0.617272
905.751 -382.914 -0.61781
906.124 -382.841 -0.619991
906.495 -382.77 -0.622292
906.864 -382.697 -0.624598
907.236 -382.591 -0.626197
907.65 -382.102 -0.618976
908.124 -380.971 -0.596843
908.591 -379.756 -0.572639
909.019 -378.753 -0.553273
909.415 -377.968 -0.538882
909.796 -377.227 -0.525489
910.14 -376.855 -0.520738
910.467 -376.655 -0.520084
910.79 -376.482 -0.5201
911.11 -376.302 -0.519981
911.428 -376.114 -0.519682
911.743 -375.949 -0.519981
912.054 -375.788 -0.520405
912.364 -375.625 -0.520832
912.671 -375.466 -0.521374
912.975 -375.308 -0.521969
913.278 -375.15 -0.52262
913.578 -374.993 -0.523305
913.876 -374.836 -0.524017
914.172 -374.681 -0.524827
914.466 -374.527 -0.52569
914.758 -374.373 -0.526605
915.047 -374.221 -0.527571
915.335 -374.053 -0.528173
915.597 -373.466 -0.518127
915.856 -372.951 -0.509837
916.117 -372.575 -0.505083
916.38 -372.295 -0.502782
916.645 -372.081 -0.502195
916.91 -371.892 -0.502278
917.17 -371.673 -0.501591
917.426 -371.447 -0.500726
917.683 -371.251 -0.500664
917.939 -371.075 -0.501165
918.191 -370.872 -0.500977
918.435 -370.631 -0.499764
918.686 -370.462 -0.500488
918.929 -370.253 -0.500173
919.175 -370.079 -0.500803
919.268 -368.959 -0.475463
919.507 -368.807 -0.476635
919.81 -369.028 -0.488183
920.22 -369.815 -0.515671
920.527 -369.995 -0.526412
920.71 -369.528 -0.51903
920.887 -369.059 -0.511525
921.059 -368.597 -0.504134
921.266 -368.321 -0.502009
921.325 -367.404 -0.481382
921.488 -366.987 -0.475026
921.97 -367.919 -0.508006
922.362 -368.431 -0.529043
922.587 -368.252 -0.529927
922.807 -368.064 -0.530565
923.035 -367.91 -0.532206
915.575 -340.059 0.298438
915.63 -340.038 0.297618
915.685 -340.018 0.296786
915.644 -339.679 0.305686
915.697 -339.66 0.304864
915.749 -339.641 0.304031
915.801 -339.621 0.303185
915.854 -339.602 0.302329
915.906 -339.582 0.30146
915.958 -339.563 0.300579
916.122 -339.857 0.289693
916.176 -339.836 0.288751
916.231 -339.816 0.287796
916.285 -339.796 0.286828
916.339 -339.776 0.285848
916.394 -339.756 0.284854
916.322 -339.422 0.294252
916.375 -339.403 0.293274
916.427 -339.384 0.292283
916.479 -339.364 0.291279
916.532 -339.345 0.290262
916.584 -339.325 0.289232
916.637 -339.306 0.28819
916.831 -339.594 0.276428
916.886 -339.574 0.275313
916.941 -339.554 0.274185
919.61 -344.915 0.0818353
919.705 -344.882 0.0797645
915.521 -336.342 0.384223
915.553 -336.331 0.383505
915.586 -336.32 0.382777
915.618 -336.309 0.382041
915.651 -336.298 0.381296
930.644 -363.604 -0.639986
930.823 -363.409 -0.641397
931.018 -363.245 -0.643947
931.077 -362.844 -0.637537
931.156 -362.487 -0.63267
931.282 -362.217 -0.631112
931.434 -361.995 -0.63141
931.439 -361.534 -0.622286
931.184 -360.668 -0.596917
930.395 -358.979 -0.538255
930.115 -358.132 -0.51257
930.171 -357.82 -0.50826
930.063 -357.268 -0.493993
930.189 -357.077 -0.494413
930.374 -356.974 -0.498477
930.551 -356.859 -0.502132
930.749 -356.773 -0.507051
930.93 -356.663 -0.510992
931.109 -356.55 -0.514866
931.383 -356.566 -0.524397
930.267 -354.713 -0.452362
930.41 -354.575 -0.4547
930.654 -354.568 -0.462899
930.824 -354.463 -0.466858
930.974 -354.333 -0.469678
931.089 -354.159 -0.470588
931.36 -354.178 -0.480378
931.569 -354.118 -0.486625
931.709 -353.973 -0.489034
931.824 -353.801 -0.490156
931.908 -353.592 -0.489535
931.654 -352.999 -0.470427
931.702 -352.76 -0.46813
931.865 -352.652 -0.472175
932.112 -352.635 -0.480855
932.326 -352.58 -0.487722
932.493 -352.472 -0.49207
932.656 -352.36 -0.496235
932.842 -352.271 -0.501698
933.02 -352.173 -0.506747
933.189 -352.063 -0.511288
933.278 -351.874 -0.511705
933.359 -351.678 -0.511741
931.436 -349.542 -0.406917
931.446 -349.309 -0.4038
931.593 -349.207 -0.407862
931.709 -349.076 -0.41036
931.808 -348.929 -0.412025
931.909 -348.784 -0.413792
931.999 -348.63 -0.415062
932.101 -348.488 -0.417042
903.687 -382.224 -0.759365
904.045 -382.251 -0.763215
904.403 -382.271 -0.766967
904.769 -382.248 -0.769665
905.142 -382.169 -0.770982
905.512 -382.098 -0.772583
905.881 -382.026 -0.774221
906.247 -381.953 -0.775914
906.613 -381.878 -0.777597
906.976 -381.802 -0.779325
907.338 -381.727 -0.781152
907.725 -381.423 -0.776951
908.229 -379.966 -0.741951
908.688 -378.754 -0.713368
909.106 -377.795 -0.691442
909.491 -377.058 -0.675419
909.847 -376.554 -0.665684
910.174 -376.357 -0.664242
910.497 -376.163 -0.662933
910.817 -375.97 -0.661667
911.135 -375.778 -0.660499
911.449 -375.592 -0.659501
911.76 -375.4 -0.658376
912.069 -375.214 -0.657463
912.374 -375.047 -0.657121
912.678 -374.857 -0.656151
912.978 -374.699 -0.656125
913.276 -374.519 -0.655537
913.572 -374.337 -0.654906
913.866 -374.193 -0.65538
914.157 -374.034 -0.655485
914.447 -373.884 -0.655889
914.734 -373.735 -0.656355
915.008 -373.301 -0.648643
915.276 -372.87 -0.640984
915.539 -372.434 -0.633185
915.793 -371.971 -0.624522
916.058 -371.74 -0.622643
916.32 -371.531 -0.621418
916.58 -371.314 -0.619965
916.837 -371.101 -0.618664
917.092 -370.89 -0.617435
917.343 -370.665 -0.61581
917.575 -370.293 -0.609796
917.801 -369.914 -0.603527
918.026 -369.572 -0.598346
918.228 -369.078 -0.588528
918.406 -368.46 -0.574851
918.579 -367.871 -0.561941
918.707 -367.036 -0.541359
918.863 -366.445 -0.528171
919.128 -366.557 -0.536784
919.502 -367.275 -0.564519
919.897 -368.051 -0.594346
920.084 -367.663 -0.587653
920.305 -367.478 -0.587389
920.429 -366.822 -0.572102
920.19 -364.483 -0.502612
920.293 -363.871 -0.488173
920.365 -363.157 -0.470296
920.505 -362.774 -0.463078
920.733 -362.781 -0.468543
921.03 -363.062 -0.483129
921.469 -363.877 -0.515603
921.744 -364.022 -0.526097
921.912 -363.758 -0.523044
915.575 -340.058 0.26928
915.623 -340.013 0.269328
915.677 -339.993 0.26852
915.644 -339.679 0.277733
915.696 -339.66 0.276923
915.748 -339.64 0.2761
915.801 -339.621 0.275263
915.853 -339.602 0.274414
915.906 -339.582 0.273551
915.958 -339.563 0.272675
916.112 -339.829 0.261591
916.166 -339.809 0.260665
916.22 -339.789 0.259726
916.274 -339.768 0.258774
916.328 -339.748 0.257807
916.382 -339.727 0.256827
916.324 -339.428 0.266136
916.377 -339.409 0.265136
916.429 -339.39 0.264122
916.482 -339.371 0.263093
916.535 -339.352 0.262049
916.587 -339.333 0.260989
916.64 -339.314 0.259915
916.816 -339.563 0.24848
916.87 -339.542 0.247372
916.925 -339.522 0.246249
919.609 -344.915 0.0317271
919.704 -344.882 0.0296114
915.52 -336.341 0.367329
915.552 -336.33 0.366594
915.585 -336.319 0.36585
915.617 -336.308 0.365095
915.65 -336.297 0.36433
929.672 -361.834 -0.692652
929.925 -361.8 -0.699931
930.048 -361.535 -0.697639
930.069 -361.096 -0.68795
930.049 -360.597 -0.675591
929.872 -359.847 -0.652313
929.908 -359.469 -0.644719
929.949 -359.108 -0.637761
929.766 -358.394 -0.615228
929.783 -358.015 -0.607157
929.827 -357.686 -0.601211
929.708 -357.114 -0.584255
929.402 -356.273 -0.554888
928.923 -355.195 -0.514322
928.633 -354.424 -0.487179
928.256 -353.548 -0.454719
928.416 -353.457 -0.458356
928.669 -353.496 -0.46814
929.1 -353.778 -0.489546
929.384 -353.847 -0.501178
929.748 -354.02 -0.517936
930.092 -354.156 -0.533241
930.424 -354.27 -0.547679
930.67 -354.267 -0.556596
930.784 -354.095 -0.557235
930.944 -353.98 -0.560745
931.169 -353.946 -0.568413
931.448 -353.974 -0.579378
931.576 -353.817 -0.581003
931.63 -353.574 -0.578226
931.354 -352.95 -0.555411
931.399 -352.709 -0.552422
931.504 -352.538 -0.553076
931.655 -352.419 -0.556577
931.903 -352.408 -0.565931
932.18 -352.424 -0.576989
932.391 -352.365 -0.584074
932.556 -352.257 -0.588533
932.746 -352.173 -0.594413
932.915 -352.066 -0.599122
933.051 -351.925 -0.601961
933.141 -351.739 -0.602204
931.209 -349.567 -0.486322
931.17 -349.287 -0.47985
931.302 -349.173 -0.483187
931.469 -349.092 -0.488527
931.588 -348.965 -0.491172
931.692 -348.824 -0.49307
931.799 -348.687 -0.495169
931.87 -348.518 -0.495284
930.312 -346.919 -0.404739
930.428 -346.81 -0.407779
904.293 -380.896 -0.901734
904.625 -381.013 -0.908107
904.962 -381.1 -0.913696
905.309 -381.132 -0.917749
905.67 -381.073 -0.919189
906.032 -380.996 -0.920172
906.396 -380.888 -0.920285
906.758 -380.784 -0.920612
907.117 -380.683 -0.921099
907.471 -380.609 -0.92244
907.871 -380.113 -0.911148
908.321 -379.084 -0.883727
908.788 -377.729 -0.846363
909.188 -376.889 -0.824497
909.555 -376.28 -0.809637
909.883 -376.07 -0.806965
910.206 -375.878 -0.804867
910.525 -375.688 -0.802887
910.842 -375.499 -0.800955
911.156 -375.312 -0.799169
911.467 -375.126 -0.79742
911.775 -374.942 -0.795811
912.08 -374.759 -0.794244
912.383 -374.578 -0.792798
912.683 -374.397 -0.791397
912.98 -374.218 -0.790117
913.275 -374.041 -0.788908
913.567 -373.838 -0.786945
913.857 -373.69 -0.78674
914.142 -373.385 -0.781603
914.421 -373.006 -0.774061
914.691 -372.506 -0.762656
914.954 -372.016 -0.751516
915.212 -371.548 -0.741045
915.476 -371.314 -0.738178
915.739 -371.113 -0.736375
915.999 -370.911 -0.734607
916.257 -370.712 -0.732919
916.506 -370.445 -0.72905
916.745 -370.096 -0.722464
916.98 -369.745 -0.715793
917.209 -369.393 -0.70906
917.435 -369.05 -0.702644
917.654 -368.68 -0.695266
917.859 -368.245 -0.685705
918.056 -367.792 -0.675446
918.253 -367.374 -0.666357
918.41 -366.727 -0.649353
918.546 -365.996 -0.629341
918.7 -365.443 -0.615369
918.932 -365.395 -0.61882
919.164 -365.35 -0.622438
919.351 -365.062 -0.617613
919.461 -364.378 -0.598816
919.649 -364.142 -0.595725
919.525 -362.386 -0.538652
919.545 -361.434 -0.509718
919.578 -360.603 -0.484913
919.729 -360.341 -0.480402
919.832 -359.891 -0.469041
920.063 -359.996 -0.477793
920.5 -360.928 -0.51687
920.788 -361.213 -0.532625
920.981 -361.122 -0.534655
921.162 -360.987 -0.535072
915.574 -340.058 0.240117
915.616 -339.992 0.241064
915.67 -339.972 0.240267
915.725 -339.951 0.239454
915.702 -339.681 0.248169
915.755 -339.662 0.247344
915.807 -339.642 0.246505
915.86 -339.623 0.24565
915.913 -339.604 0.24478
916.05 -339.831 0.234266
916.104 -339.811 0.233349
916.159 -339.791 0.232416
916.213 -339.771 0.231468
916.267 -339.751 0.230504
916.321 -339.731 0.229525
916.375 -339.711 0.228531
916.429 -339.691 0.22752
916.387 -339.435 0.236129
916.44 -339.416 0.235101
916.493 -339.397 0.234058
916.545 -339.378 0.232997
916.598 -339.359 0.231921
916.755 -339.57 0.221118
916.81 -339.55 0.219994
916.864 -339.53 0.218853
916.919 -339.511 0.217622
919.612 -344.923 -0.0187396
919.702 -344.879 -0.0204227
915.521 -336.343 0.350311
915.553 -336.333 0.349541
915.586 -336.322 0.34876
915.619 -336.312 0.347967
915.652 -336.301 0.347163
928.382 -359.481 -0.704806
928.599 -359.421 -0.7105
928.612 -359 -0.699686
928.647 -358.626 -0.690934
928.746 -358.371 -0.687603
928.858 -358.142 -0.685463
928.905 -357.81 -0.67839
929.033 -357.617 -0.677871
929.063 -357.268 -0.669896
929.013 -356.8 -0.656012
928.513 -355.643 -0.608493
928.332 -355.005 -0.585695
928.309 -354.624 -0.5752
928.282 -354.244 -0.564659
927.892 -353.341 -0.527753
927.906 -353.044 -0.520844
928.019 -352.894 -0.521337
928.098 -352.699 -0.519491
928.262 -352.622 -0.52378
928.359 -352.454 -0.523357
928.384 -352.192 -0.51803
928.484 -352.032 -0.517984
930.094 -353.844 -0.622993
930.368 -353.882 -0.63446
930.606 -353.871 -0.643457
930.785 -353.785 -0.648458
931.01 -353.752 -0.656535
930.291 -352.573 -0.601081
930.627 -352.684 -0.616931
930.556 -352.31 -0.605662
930.764 -352.267 -0.613026
930.866 -352.1 -0.613411
931.057 -352.035 -0.619709
931.389 -352.126 -0.635226
931.676 -352.16 -0.647704
932.009 -352.241 -0.66312
932.249 -352.216 -0.672538
932.458 -352.156 -0.679947
932.649 -352.074 -0.686171
932.815 -351.966 -0.690853
932.934 -351.81 -0.692686
930.941 -349.55 -0.562215
930.84 -349.207 -0.550999
930.826 -348.954 -0.545302
931.165 -349.044 -0.561605
931.325 -348.958 -0.56682
931.47 -348.857 -0.571099
931.573 -348.717 -0.5729
931.625 -348.532 -0.571608
929.993 -346.847 -0.468418
930.138 -346.767 -0.473273
930.307 -346.707 -0.479585
930.414 -346.592 -0.482231
905.047 -378.628 -1.00304
905.346 -378.839 -1.01271
905.656 -379 -1.02084
905.967 -379.162 -1.02909
906.277 -379.337 -1.03791
906.599 -379.444 -1.04453
906.942 -379.403 -1.04635
907.286 -379.341 -1.04753
907.628 -379.287 -1.04905
907.97 -379.229 -1.05051
908.437 -377.97 -1.01153
908.884 -376.745 -0.973593
909.264 -376.043 -0.953285
909.595 -375.786 -0.94811
909.918 -375.597 -0.945256
910.237 -375.41 -0.942531
910.553 -375.223 -0.939891
910.866 -375.039 -0.93736
911.177 -374.856 -0.934937
911.484 -374.673 -0.932597
911.789 -374.493 -0.930387
912.091 -374.314 -0.92823
912.392 -374.084 -0.924397
912.689 -373.848 -0.92035
912.984 -373.518 -0.9131
913.274 -373.149 -0.904469
913.559 -372.784 -0.895959
913.84 -372.429 -0.887844
914.115 -372.068 -0.879496
914.382 -371.607 -0.867624
914.644 -371.15 -0.855856
914.907 -370.898 -0.851395
915.17 -370.699 -0.848873
915.429 -370.495 -0.846191
915.685 -370.275 -0.842976
915.937 -370.04 -0.839255
916.184 -369.777 -0.834497
916.422 -369.443 -0.827205
916.655 -369.104 -0.819688
916.884 -368.775 -0.812564
917.116 -368.516 -0.807985
917.347 -368.272 -0.803989
917.564 -367.934 -0.796544
917.772 -367.563 -0.787815
917.97 -367.151 -0.777537
918.14 -366.574 -0.760978
918.297 -365.967 -0.743231
918.457 -365.426 -0.727869
918.159 -362.075 -0.605348
918.304 -361.654 -0.593954
918.481 -361.448 -0.590777
918.655 -361.24 -0.587509
918.833 -361.068 -0.585661
918.806 -359.859 -0.543449
918.785 -358.761 -0.505278
918.808 -357.947 -0.477902
918.951 -357.733 -0.473996
919.148 -357.772 -0.480098
919.355 -357.848 -0.487797
919.565 -357.931 -0.495799
919.801 -358.107 -0.507694
920.078 -358.435 -0.525824
920.32 -358.609 -0.537955
920.528 -358.643 -0.544467
915.574 -340.058 0.21095
915.615 -339.991 0.212082
915.67 -339.971 0.211299
915.724 -339.951 0.2105
915.779 -339.931 0.209684
915.833 -339.911 0.208853
915.887 -339.891 0.208005
915.941 -339.871 0.20714
915.996 -339.851 0.20626
916.05 -339.831 0.205362
916.104 -339.811 0.204448
916.158 -339.791 0.203518
916.212 -339.771 0.20257
916.266 -339.751 0.201606
916.32 -339.731 0.200624
916.375 -339.711 0.199626
916.429 -339.69 0.198611
916.483 -339.67 0.197578
916.537 -339.65 0.196527
916.591 -339.63 0.195459
916.646 -339.61 0.194374
915.339 -336.518 0.333944
915.319 -336.391 0.338578
915.351 -336.38 0.337896
915.383 -336.368 0.337204
915.415 -336.357 0.336501
915.446 -336.346 0.335787
915.478 -336.335 0.335064
915.51 -336.323 0.334329
915.542 -336.312 0.333584
915.574 -336.301 0.332828
915.607 -336.289 0.332061
915.639 -336.278 0.331284
915.671 -336.266 0.330495
915.703 -336.255 0.329695
915.736 -336.243 0.328883
915.768 -336.232 0.32806
915.801 -336.22 0.327225
915.833 -336.208 0.326379
927.568 -355.596 -0.670076
927.743 -355.514 -0.67417
927.92 -355.434 -0.678416
927.892 -355.03 -0.665799
927.985 -354.822 -0.663343
928.088 -354.635 -0.661946
927.82 -353.888 -0.630614
927.686 -353.36 -0.610601
927.704 -353.067 -0.603111
927.755 -352.828 -0.598458
927.885 -352.706 -0.600167
927.966 -352.516 -0.598161
928.003 -352.268 -0.592875
927.729 -351.6 -0.563846
927.799 -351.41 -0.561546
928.126 -351.562 -0.578779
928.362 -351.588 -0.589043
928.685 -351.723 -0.605759
928.95 -351.777 -0.618076
929.184 -351.788 -0.628022
929.659 -352.092 -0.655562
929.935 -352.143 -0.668394
930.179 -352.151 -0.678845
930.399 -352.126 -0.687461
930.608 -352.088 -0.695387
930.736 -351.953 -0.697483
930.924 -351.887 -0.703876
931.147 -351.858 -0.712741
931.429 -351.891 -0.725779
931.748 -351.961 -0.741346
932.107 -352.067 -0.759563
932.351 -352.045 -0.769743
932.539 -351.963 -0.776128
929.526 -348.598 -0.564029
929.519 -348.361 -0.558246
929.618 -348.233 -0.559731
929.777 -348.164 -0.565337
929.91 -348.069 -0.56918
930.146 -348.072 -0.57997
931.174 -348.818 -0.643304
931.32 -348.719 -0.647798
931.383 -348.544 -0.646911
929.795 -346.879 -0.537924
929.823 -346.697 -0.53538
930.009 -346.655 -0.54312
929.613 -346.108 -0.513278
929.503 -345.816 -0.502106
929.573 -345.681 -0.502643
905.896 -375.603 -1.06001
906.146 -375.99 -1.07662
906.4 -376.379 -1.09345
906.676 -376.649 -1.10602
906.94 -377.03 -1.12286
907.201 -377.466 -1.14185
907.498 -377.673 -1.15251
907.826 -377.632 -1.15407
908.153 -377.594 -1.15584
908.562 -376.776 -1.12861
908.97 -375.854 -1.09749
909.311 -375.505 -1.08773
909.633 -375.319 -1.08418
909.952 -375.133 -1.08067
910.268 -374.95 -1.07733
910.581 -374.755 -1.07359
910.891 -374.572 -1.07038
911.201 -374.328 -1.06492
911.511 -374.008 -1.05659
911.819 -373.633 -1.0462
912.12 -373.265 -1.0361
912.416 -372.901 -1.0262
912.707 -372.545 -1.01658
912.993 -372.191 -1.0071
913.274 -371.848 -0.998051
913.551 -371.506 -0.989008
913.822 -371.163 -0.979997
914.087 -370.742 -0.967944
914.351 -370.486 -0.962319
914.613 -370.28 -0.958675
914.871 -370.052 -0.954211
915.126 -369.822 -0.949713
915.378 -369.598 -0.945465
915.628 -369.375 -0.941335
915.874 -369.146 -0.936929
916.111 -368.833 -0.929234
916.343 -368.506 -0.920992
916.577 -368.257 -0.91586
916.811 -368.034 -0.911803
917.042 -367.811 -0.907772
917.267 -367.559 -0.902598
917.481 -367.245 -0.894905
917.687 -366.898 -0.885883
917.874 -366.438 -0.872193
918.043 -365.888 -0.854716
918.209 -365.378 -0.838847
917.832 -361.353 -0.677074
917.971 -360.915 -0.663495
917.848 -358.943 -0.585679
918.005 -358.729 -0.581106
917.92 -357.206 -0.521376
918.031 -356.829 -0.509684
918.053 -356.024 -0.479755
918.186 -355.822 -0.47533
918.329 -355.681 -0.473546
918.478 -355.568 -0.472954
918.666 -355.638 -0.480247
918.894 -355.872 -0.494825
919.181 -356.335 -0.519479
919.42 -356.576 -0.534705
919.625 -356.666 -0.543411
919.791 -356.598 -0.545312
919.95 -356.505 -0.546096
920.11 -356.42 -0.547286
915.615 -339.991 0.183085
915.669 -339.971 0.182317
915.724 -339.951 0.181531
915.778 -339.931 0.180728
915.832 -339.911 0.179907
915.887 -339.891 0.179068
915.941 -339.871 0.178211
915.995 -339.851 0.177337
916.049 -339.831 0.176444
916.103 -339.81 0.175533
916.157 -339.79 0.174605
916.212 -339.77 0.173658
916.266 -339.75 0.172693
916.32 -339.73 0.17171
916.374 -339.71 0.170708
916.428 -339.69 0.169687
916.482 -339.67 0.168648
916.537 -339.65 0.16759
916.591 -339.63 0.166513
915.417 -336.784 0.304842
915.28 -336.385 0.323289
915.311 -336.374 0.32261
915.343 -336.363 0.321921
915.375 -336.352 0.32122
915.406 -336.341 0.320508
915.438 -336.329 0.319785
915.47 -336.318 0.319051
915.502 -336.307 0.318306
915.534 -336.296 0.317549
915.566 -336.284 0.316781
915.598 -336.273 0.316001
915.63 -336.261 0.315209
915.662 -336.25 0.314406
915.694 -336.239 0.31359
915.726 -336.227 0.312763
915.759 -336.215 0.311923
915.791 -336.204 0.311071
915.823 -336.192 0.310207
915.856 -336.18 0.30933
927.058 -354.4 -0.70839
927.138 -354.181 -0.70454
927.247 -354.013 -0.703497
927.312 -353.778 -0.698679
927.427 -353.623 -0.698375
927.38 -353.226 -0.684106
927.503 -353.09 -0.684865
927.553 -352.848 -0.679421
927.634 -352.656 -0.676849
927.718 -352.471 -0.674668
927.831 -352.329 -0.675072
927.333 -351.343 -0.624614
927.46 -351.235 -0.626695
927.607 -351.154 -0.630479
927.752 -351.069 -0.634145
927.888 -350.972 -0.637085
928.017 -350.867 -0.639591
928.175 -350.798 -0.644419
928.784 -351.291 -0.685051
929.037 -351.329 -0.697182
929.218 -351.276 -0.703615
929.34 -351.15 -0.705448
929.48 -351.045 -0.70873
929.688 -351.02 -0.7173
929.934 -351.036 -0.728799
930.804 -351.753 -0.787707
931.011 -351.709 -0.795884
931.246 -351.692 -0.80613
928.957 -348.937 -0.627613
929.043 -348.794 -0.627775
929.148 -348.671 -0.629418
929.264 -348.561 -0.631953
929.32 -348.388 -0.630123
929.423 -348.265 -0.631783
929.521 -348.138 -0.633197
929.635 -348.026 -0.63582
929.811 -347.975 -0.642935
929.985 -347.919 -0.649874
930.193 -347.895 -0.659282
930.39 -347.857 -0.667895
930.07 -347.343 -0.640011
929.598 -346.703 -0.60173
929.561 -346.465 -0.59434
929.436 -346.154 -0.580953
929.346 -345.877 -0.570087
929.301 -345.645 -0.562576
929.283 -345.438 -0.556981
929.261 -345.231 -0.551264
906.658 -372.852 -1.10592
906.877 -373.314 -1.12675
907.102 -373.784 -1.14801
907.332 -374.258 -1.1696
907.567 -374.748 -1.19201
907.807 -375.24 -1.21465
908.056 -375.715 -1.23674
908.333 -375.994 -1.25103
908.675 -375.703 -1.2422
909.031 -375.227 -1.22587
909.355 -375.011 -1.22021
909.679 -374.763 -1.21334
910.001 -374.484 -1.20521
910.326 -374.107 -1.19309
910.645 -373.732 -1.1811
910.959 -373.364 -1.16945
911.267 -372.982 -1.15726
911.57 -372.624 -1.14607
911.866 -372.272 -1.13516
912.158 -371.923 -1.12444
912.444 -371.577 -1.11382
912.728 -371.089 -1.09733
913.004 -370.711 -1.08538
913.275 -370.332 -1.07347
913.541 -370.054 -1.0658
913.806 -370.027 -1.06879
914.067 -369.81 -1.06383
914.325 -369.574 -1.05808
914.58 -369.364 -1.05344
914.833 -369.163 -1.0493
915.083 -368.945 -1.04441
915.33 -368.73 -1.03972
915.574 -368.517 -1.03515
915.811 -368.243 -1.02798
916.047 -368.001 -1.0222
916.281 -367.774 -1.01712
916.512 -367.547 -1.0121
916.741 -367.324 -1.00725
916.962 -367.054 -1.00034
917.179 -366.787 -0.993579
917.386 -366.451 -0.983833
917.572 -365.989 -0.968428
917.753 -365.53 -0.95313
916.886 -357.559 -0.601945
917.039 -357.364 -0.597171
917.198 -357.221 -0.594775
917.095 -355.449 -0.51882
917.108 -354.526 -0.480836
917.261 -354.475 -0.482279
917.416 -354.438 -0.484447
917.536 -354.216 -0.478141
917.638 -353.916 -0.468278
917.775 -353.808 -0.467192
917.938 -353.829 -0.472163
918.18 -354.211 -0.494026
918.381 -354.381 -0.506124
918.633 -354.756 -0.528047
918.835 -354.901 -0.539311
919.004 -354.901 -0.543838
919.162 -354.854 -0.546203
919.325 -354.825 -0.54947
919.461 -354.7 -0.548212
919.603 -354.598 -0.54805
915.627 -340.037 0.151852
915.669 -339.971 0.153337
915.723 -339.951 0.152565
915.777 -339.931 0.151774
915.832 -339.911 0.150963
915.886 -339.89 0.150133
915.94 -339.87 0.149284
915.994 -339.85 0.148416
916.049 -339.83 0.147529
916.103 -339.81 0.146622
916.157 -339.79 0.145695
916.211 -339.77 0.144749
916.265 -339.75 0.143783
916.319 -339.73 0.142797
916.373 -339.71 0.141792
916.428 -339.69 0.140766
916.482 -339.67 0.139721
916.536 -339.65 0.138655
915.504 -337.081 0.272292
915.31 -336.54 0.299616
915.272 -336.369 0.307449
915.304 -336.358 0.306763
915.335 -336.347 0.306066
915.367 -336.336 0.305358
915.398 -336.324 0.304638
915.43 -336.313 0.303905
915.462 -336.302 0.303161
915.493 -336.291 0.302405
915.525 -336.279 0.301637
915.557 -336.268 0.300857
915.589 -336.257 0.300064
915.621 -336.245 0.299258
915.653 -336.234 0.29844
915.685 -336.222 0.29761
915.717 -336.211 0.296767
915.749 -336.199 0.295911
915.781 -336.188 0.295042
915.814 -336.176 0.294159
915.846 -336.164 0.293263
925.3 -351.533 -0.628571
925.445 -351.464 -0.632071
925.51 -351.266 -0.627869
925.682 -351.239 -0.634079
925.81 -351.144 -0.636178
925.928 -351.034 -0.637366
926.484 -351.576 -0.679259
926.751 -351.676 -0.69401
927.034 -351.792 -0.710046
926.969 -351.408 -0.694461
927.065 -351.258 -0.693635
927.196 -351.156 -0.695987
927.331 -351.063 -0.698895
927.48 -350.985 -0.702927
927.098 -350.207 -0.660738
927.118 -349.971 -0.654087
927.144 -349.748 -0.648147
927.183 -349.543 -0.643404
927.311 -349.454 -0.646444
927.429 -349.352 -0.648636
927.837 -349.602 -0.675236
927.924 -349.458 -0.674833
928.156 -349.485 -0.686496
928.338 -349.452 -0.69405
928.085 -348.918 -0.665949
928.086 -348.683 -0.658989
928.45 -348.855 -0.681455
928.712 -348.909 -0.695593
928.824 -348.795 -0.697695
928.91 -348.654 -0.697764
929.026 -348.544 -0.700225
929.139 -348.433 -0.702607
929.222 -348.29 -0.702583
929.327 -348.17 -0.70444
929.432 -348.05 -0.70629
929.554 -347.949 -0.709602
929.714 -347.883 -0.715828
929.872 -347.813 -0.721875
930.002 -347.716 -0.725881
930.059 -347.551 -0.724351
929.442 -346.769 -0.672203
929.347 -346.478 -0.659715
929.287 -346.222 -0.649976
929.252 -345.993 -0.642316
929.202 -345.754 -0.633607
929.15 -345.517 -0.624972
929.118 -345.3 -0.617872
929.064 -345.069 -0.609371
929.07 -344.889 -0.605303
907.467 -369.533 -1.10693
907.707 -369.72 -1.11707
907.984 -369.666 -1.11674
908.272 -369.518 -1.11236
908.554 -369.396 -1.10918
908.834 -369.265 -1.1057
909.111 -369.151 -1.10306
909.386 -369.029 -1.1001
909.659 -368.912 -1.09746
909.93 -368.788 -1.09461
910.199 -368.667 -1.09192
910.466 -368.548 -1.0894
910.732 -368.417 -1.08643
910.995 -368.29 -1.08372
911.257 -368.162 -1.081
911.512 -368.119 -1.08221
911.763 -368.146 -1.08663
912.014 -368.19 -1.09188
912.266 -368.232 -1.09718
912.518 -368.273 -1.10254
912.77 -368.313 -1.10794
913.023 -368.352 -1.11339
913.276 -368.39 -1.11889
913.53 -368.424 -1.12431
913.785 -368.455 -1.12972
914.039 -368.412 -1.13181
914.289 -368.287 -1.13019
914.537 -368.122 -1.12683
914.783 -367.964 -1.12383
915.027 -367.798 -1.12052
915.267 -367.618 -1.11657
915.505 -367.421 -1.11194
915.738 -367.204 -1.10638
915.97 -367.002 -1.10156
916.194 -366.736 -1.09378
916.413 -366.464 -1.08573
916.626 -366.153 -1.07587
916.832 -365.817 -1.06483
917.012 -365.288 -1.04455
917.143 -364.398 -1.00702
917.26 -363.498 -0.968796
916.417 -355.389 -0.583773
916.567 -355.269 -0.581669
916.454 -353.357 -0.492843
916.588 -353.238 -0.490545
916.736 -353.22 -0.493196
916.884 -353.191 -0.495392
917.009 -353.038 -0.491528
917.083 -352.609 -0.474085
917.193 -352.408 -0.467825
917.332 -352.363 -0.469295
917.481 -352.371 -0.473429
917.671 -352.565 -0.486985
917.868 -352.781 -0.501731
918.072 -353.012 -0.517387
918.271 -353.207 -0.531409
918.467 -353.372 -0.544036
918.639 -353.428 -0.551205
918.785 -353.378 -0.553089
918.925 -353.306 -0.553896
919.064 -353.23 -0.554517
919.201 -353.152 -0.555115
919.34 -353.08 -0.556051
915.668 -339.971 0.124352
915.722 -339.95 0.123593
915.777 -339.93 0.122813
915.831 -339.91 0.122013
915.885 -339.89 0.121193
915.94 -339.87 0.120351
915.994 -339.85 0.119489
916.048 -339.83 0.118607
916.102 -339.81 0.117703
916.156 -339.79 0.116779
916.21 -339.77 0.115833
916.265 -339.75 0.114866
916.319 -339.73 0.113878
916.373 -339.71 0.112869
916.427 -339.69 0.111839
916.481 -339.67 0.110787
915.601 -337.416 0.235647
915.387 -336.808 0.268531
915.233 -336.364 0.292402
915.265 -336.353 0.291723
915.296 -336.341 0.291031
915.327 -336.33 0.290327
915.359 -336.319 0.289611
915.39 -336.308 0.288882
915.422 -336.297 0.288141
915.453 -336.286 0.287387
915.485 -336.274 0.28662
915.516 -336.263 0.28584
915.548 -336.252 0.285048
915.58 -336.241 0.284243
915.612 -336.229 0.283424
915.644 -336.218 0.282592
915.675 -336.206 0.281747
915.707 -336.195 0.280888
915.74 -336.183 0.280015
915.772 -336.172 0.279129
915.804 -336.16 0.278229
915.836 -336.149 0.277315
915.869 -336.137 0.276387
924.458 -349.88 -0.610216
924.705 -349.995 -0.625196
924.837 -349.925 -0.628246
924.944 -349.818 -0.628957
925.099 -349.784 -0.634515
925.248 -349.739 -0.639434
925.422 -349.729 -0.646855
925.946 -350.223 -0.688326
926.287 -350.439 -0.711507
926.394 -350.319 -0.712105
926.635 -350.384 -0.725423
926.77 -350.3 -0.728623
926.883 -350.186 -0.729866
926.949 -350.012 -0.726804
926.984 -349.798 -0.720985
927.019 -349.589 -0.715421
927.065 -349.396 -0.710955
927.134 -349.235 -0.708695
927.277 -349.167 -0.713258
927.445 -349.128 -0.720065
927.656 -349.139 -0.730731
927.835 -349.11 -0.738513
927.913 -348.96 -0.737396
927.976 -348.795 -0.735067
928.014 -348.603 -0.73071
928.091 -348.457 -0.729835
928.42 -348.59 -0.750672
928.676 -348.636 -0.76506
928.802 -348.54 -0.768438
928.917 -348.431 -0.77092
929.033 -348.325 -0.77358
929.125 -348.192 -0.774227
929.229 -348.073 -0.776003
929.352 -347.973 -0.779377
929.474 -347.871 -0.782691
929.622 -347.794 -0.788177
929.734 -347.683 -0.790851
929.811 -347.538 -0.790663
929.491 -347.025 -0.758692
929.239 -346.585 -0.732518
929.208 -346.354 -0.724241
929.164 -346.114 -0.715052
929.121 -345.88 -0.706217
929.063 -345.635 -0.696248
928.965 -345.361 -0.683343
928.862 -345.086 -0.670186
928.828 -344.874 -0.662657
928.832 -344.695 -0.658104
928.838 -344.52 -0.653845
908.032 -367.534 -1.14664
908.309 -367.373 -1.14076
908.578 -367.24 -1.13633
908.843 -367.125 -1.13283
909.106 -367.005 -1.12916
909.365 -366.901 -1.12631
909.622 -366.802 -1.12381
909.879 -366.694 -1.12096
910.137 -366.537 -1.11583
910.406 -366.236 -1.10382
910.673 -365.896 -1.09002
910.928 -365.663 -1.08139
911.18 -365.414 -1.07205
911.419 -365.323 -1.0704
911.646 -365.444 -1.07908
911.875 -365.544 -1.0869
912.106 -365.653 -1.09518
912.337 -365.759 -1.10347
912.571 -365.849 -1.11111
912.805 -365.954 -1.11959
913.042 -366.043 -1.12739
913.279 -366.131 -1.13524
913.517 -366.225 -1.14346
913.757 -366.298 -1.15081
913.997 -366.334 -1.15646
914.234 -366.241 -1.15576
914.466 -366.034 -1.14953
914.688 -365.623 -1.13316
914.905 -365.237 -1.11802
915.116 -364.856 -1.10314
915.323 -364.476 -1.08828
915.523 -364.072 -1.07224
915.719 -363.686 -1.05706
915.924 -363.473 -1.05066
916.127 -363.271 -1.04482
916.328 -363.069 -1.03903
916.526 -362.867 -1.03328
915.883 -355.058 -0.638424
915.911 -353.913 -0.583208
916.052 -353.796 -0.580587
916.011 -352.308 -0.507232
916.136 -352.168 -0.503252
916.261 -352.041 -0.499974
916.394 -351.976 -0.499933
916.47 -351.564 -0.481798
916.571 -351.329 -0.472838
916.689 -351.208 -0.469913
916.822 -351.183 -0.472003
916.922 -350.977 -0.464635
917.062 -350.989 -0.468765
917.225 -351.114 -0.479053
917.451 -351.526 -0.50482
917.658 -351.825 -0.524695
917.85 -352.034 -0.539913
918.026 -352.16 -0.550822
918.182 -352.191 -0.556639
918.323 -352.155 -0.558921
918.456 -352.091 -0.559742
918.587 -352.022 -0.560277
918.711 -351.928 -0.559545
918.835 -351.836 -0.558906
918.964 -351.764 -0.5594
915.793 -340.4 0.0713252
915.722 -339.95 0.0946128
915.776 -339.93 0.0938451
915.831 -339.91 0.0930558
915.885 -339.89 0.0922442
915.939 -339.87 0.0914108
915.993 -339.85 0.090555
916.047 -339.83 0.0896772
916.102 -339.81 0.088777
916.156 -339.79 0.0878547
916.21 -339.77 0.0869096
916.264 -339.75 0.0859424
916.318 -339.73 0.0849524
916.372 -339.71 0.0839396
916.426 -339.69 0.082904
916.481 -339.669 0.0818456
915.472 -337.107 0.233763
915.281 -336.562 0.265157
915.226 -336.347 0.276795
915.257 -336.336 0.27611
915.288 -336.325 0.275412
915.32 -336.314 0.274701
915.351 -336.303 0.273977
915.382 -336.292 0.27324
915.414 -336.281 0.27249
915.445 -336.27 0.271726
915.476 -336.258 0.270949
915.508 -336.247 0.270158
915.54 -336.236 0.269354
915.571 -336.225 0.268536
915.603 -336.213 0.267704
915.635 -336.202 0.266858
915.666 -336.19 0.265999
915.698 -336.179 0.265125
915.73 -336.168 0.264236
915.762 -336.156 0.263333
915.794 -336.144 0.262416
915.826 -336.133 0.261484
915.859 -336.121 0.260536
923.891 -348.97 -0.621539
924.047 -348.956 -0.627966
924.175 -348.896 -0.631304
924.275 -348.793 -0.631753
924.435 -348.781 -0.638599
924.615 -348.797 -0.647554
924.831 -348.863 -0.660196
925.019 -348.885 -0.669894
925.265 -348.987 -0.685453
925.564 -349.157 -0.706284
925.758 -349.174 -0.716205
925.967 -349.209 -0.727573
926.352 -349.476 -0.756463
926.615 -349.572 -0.772863
926.795 -349.554 -0.781008
926.898 -349.435 -0.781643
926.944 -349.244 -0.776824
927.011 -349.083 -0.77423
927.149 -349.011 -0.778506
927.32 -348.978 -0.785989
927.508 -348.963 -0.795006
927.692 -348.942 -0.80366
927.811 -348.843 -0.806255
927.874 -348.679 -0.803694
927.942 -348.523 -0.801765
928.015 -348.374 -0.80032
928.084 -348.222 -0.798681
928.473 -348.418 -0.826038
928.666 -348.397 -0.835624
928.796 -348.305 -0.839444
928.903 -348.191 -0.841406
929.029 -348.096 -0.845013
929.127 -347.972 -0.84626
929.255 -347.877 -0.850104
929.394 -347.795 -0.855094
929.504 -347.682 -0.857482
929.586 -347.543 -0.857615
929.537 -347.281 -0.846553
929.156 -346.715 -0.807459
929.095 -346.454 -0.795887
929.08 -346.239 -0.788382
929.042 -346.007 -0.779165
928.912 -345.697 -0.762323
928.77 -345.383 -0.744764
928.629 -345.074 -0.727487
928.582 -344.852 -0.718247
928.572 -344.663 -0.712185
928.58 -344.491 -0.707695
928.587 -344.319 -0.703239
928.595 -344.151 -0.698946
 ] }
 color Color { color [
0.081798 0 0.918202
0.0794847 0 0.920515
0.0794437 0 0.920556
0.0794062 0 0.920594
0.0793729 0 0.920627
0.0793434 0 0.920657
0.0793179 0 0.920682
0.0792966 0 0.920703
0.079279 0 0.920721
0.0792654 0 0.920735
0.0792557 0 0.920744
0.0792682 0 0.920732
0.0815085 0 0.918491
0.0815107 0 0.918489
0.0791988 0 0.920801
0.0792091 0 0.920791
0.0792231 0 0.920777
0.0792409 0 0.920759
0.0792626 0 0.920737
0.0792883 0 0.920712
0.0793183 0 0.920682
0.0793521 0 0.920648
0.0793895 0 0.92061
0.0794312 0 0.920569
0.0795296 0 0.92047
0.0818544 0 0.918146
0.142804 0 0.857196
0.142933 0 0.857067
0.14307 0 0.85693
0.143213 0 0.856787
0.302398 0 0.697602
0.302201 0 0.697799
0.468467 0 0.531533
0.467586 0 0.532414
0.0817884 0 0.918212
0.0794753 0 0.920525
0.0794337 0 0.920566
0.0793964 0 0.920604
0.0793632 0 0.920637
0.079334 0 0.920666
0.0793085 0 0.920692
0.0792869 0 0.920713
0.0792693 0 0.920731
0.0792557 0 0.920744
0.079246 0 0.920754
0.0792565 0 0.920744
0.0814987 0 0.918501
0.0795402 0 0.92046
0.0791891 0 0.920811
0.0791991 0 0.920801
0.0792134 0 0.920787
0.0792312 0 0.920769
0.079253 0 0.920747
0.0792787 0 0.920721
0.0793082 0 0.920692
0.0793421 0 0.920658
0.0793798 0 0.92062
0.0794215 0 0.920579
0.0795167 0 0.920483
0.0818442 0 0.918156
0.142791 0 0.857209
0.14292 0 0.85708
0.143057 0 0.856943
0.1432 0 0.8568
0.302381 0 0.697619
0.302185 0 0.697815
0.468103 0 0.531897
0.46826 0 0.531739
0.0817792 0 0.918221
0.0794662 0 0.920534
0.079425 0 0.920575
0.0793878 0 0.920612
0.0793542 0 0.920646
0.079325 0 0.920675
0.0792998 0 0.9207
0.0792782 0 0.920722
0.0792607 0 0.920739
0.0792473 0 0.920753
0.0792376 0 0.920762
0.0792453 0 0.920755
0.0814895 0 0.91851
0.0795336 0 0.920466
0.0791804 0 0.92082
0.0791904 0 0.92081
0.0792047 0 0.920795
0.0792225 0 0.920777
0.0792443 0 0.920756
0.07927 0 0.92073
0.0792995 0 0.9207
0.0793334 0 0.920667
0.0793708 0 0.920629
0.0794124 0 0.920588
0.0795052 0 0.920495
0.081835 0 0.918165
0.14278 0 0.85722
0.142909 0 0.857091
0.143045 0 0.856955
0.143189 0 0.856811
0.302368 0 0.697632
0.302171 0 0.697829
0.468456 0 0.531544
0.469081 0 0.530919
0.0817711 0 0.918229
0.0794588 0 0.920541
0.0794172 0 0.920583
0.0793803 0 0.92062
0.0793468 0 0.920653
0.0793173 0 0.920683
0.079292 0 0.920708
0.0792705 0 0.920729
0.0792529 0 0.920747
0.0792392 0 0.920761
0.0792299 0 0.92077
0.0792358 0 0.920764
0.0814817 0 0.918518
0.079528 0 0.920472
0.079173 0 0.920827
0.0791827 0 0.920817
0.0791966 0 0.920803
0.0792148 0 0.920785
0.0792362 0 0.920764
0.0792622 0 0.920738
0.0792918 0 0.920708
0.0793256 0 0.920674
0.079363 0 0.920637
0.0794047 0 0.920595
0.0794947 0 0.920505
0.0818272 0 0.918173
0.14277 0 0.85723
0.142899 0 0.857101
0.143036 0 0.856964
0.143179 0 0.856821
0.302358 0 0.697642
0.302162 0 0.697838
0.468815 0 0.531185
0.0817642 0 0.918236
0.0794518 0 0.920548
0.0794108 0 0.920589
0.0793733 0 0.920627
0.0792794 0 0.920721
0.0792461 0 0.920754
0.0792171 0 0.920783
0.079192 0 0.920808
0.0791707 0 0.920829
0.0792325 0 0.920767
0.0792228 0 0.920777
0.0792272 0 0.920773
0.0814745 0 0.918525
0.079523 0 0.920477
0.0791659 0 0.920834
0.0791763 0 0.920824
0.0791899 0 0.92081
0.079007 0 0.920993
0.0790253 0 0.920975
0.0790479 0 0.920952
0.0790737 0 0.920926
0.0791045 0 0.920896
0.0793563 0 0.920644
0.0793979 0 0.920602
0.0794854 0 0.920515
0.08182 0 0.91818
0.142762 0 0.857238
0.142891 0 0.857109
0.143028 0 0.856972
0.143171 0 0.856829
0.0483451 0 0.951655
0.302352 0 0.697648
0.302156 0 0.697844
0.46918 0 0.53082
0.0817582 0 0.918242
0.0794459 0 0.920554
0.0794049 0 0.920595
0.0793674 0 0.920633
0.0789885 0 0.921012
0.0789555 0 0.921044
0.0789264 0 0.921074
0.0789014 0 0.921099
0.0788806 0 0.921119
0.0792267 0 0.920773
0.079217 0 0.920783
0.0792194 0 0.920781
0.081469 0 0.918531
0.0795193 0 0.920481
0.0791605 0 0.92084
0.0791701 0 0.92083
0.0791844 0 0.920816
0.0787174 0 0.921283
0.0787356 0 0.921264
0.0787576 0 0.921242
0.0787839 0 0.921216
0.0788136 0 0.921186
0.0793508 0 0.920649
0.0793922 0 0.920608
0.0794769 0 0.920523
0.0818138 0 0.918186
0.142756 0 0.857244
0.0580432 0 0.941957
0.143022 0 0.856978
0.143165 0 0.856835
0.0483286 0 0.951671
0.30235 0 0.69765
0.302154 0 0.697846
0.469552 0 0.530448
0.0817534 0 0.918247
0.079441 0 0.920559
0.0794001 0 0.9206
0.0793626 0 0.920637
0.0787421 0 0.921258
0.078713 0 0.921287
0.0786877 0 0.921312
0.0786664 0 0.921334
0.0786489 0 0.921351
0.0792222 0 0.920778
0.0792125 0 0.920787
0.0792132 0 0.920787
0.0814639 0 0.918536
0.0795162 0 0.920484
0.0791553 0 0.920845
0.0791657 0 0.920834
0.0791793 0 0.920821
0.0786096 0 0.92139
0.0786316 0 0.921368
0.0786569 0 0.921343
0.0786863 0 0.921314
0.07872 0 0.92128
0.079346 0 0.920654
0.0793877 0 0.920612
0.0794697 0 0.92053
0.0818087 0 0.918191
0.142752 0 0.857248
0.058029 0 0.941971
0.143017 0 0.856983
0.143161 0 0.856839
0.0483127 0 0.951687
0.302351 0 0.697649
0.302155 0 0.697845
0.469929 0 0.530071
0.457329 0 0.542671
0.457581 0 0.542419
0.45623 0 0.54377
0.253862 0 0.746138
0.0817495 0 0.918251
0.0794372 0 0.920563
0.0793962 0 0.920604
0.0793587 0 0.920641
0.0787382 0 0.921262
0.0787091 0 0.921291
0.0786838 0 0.921316
0.0786625 0 0.921337
0.0786451 0 0.921355
0.0792183 0 0.920782
0.0792087 0 0.920791
0.0792076 0 0.920792
0.08146 0 0.91854
0.0795141 0 0.920486
0.0791518 0 0.920848
0.0791615 0 0.920838
0.0791758 0 0.920824
0.0786061 0 0.921394
0.0786275 0 0.921373
0.0786534 0 0.921347
0.0786829 0 0.921317
0.0787159 0 0.921284
0.0793419 0 0.920658
0.0793836 0 0.920616
0.0794638 0 0.920536
0.0818049 0 0.918195
0.14275 0 0.85725
0.142879 0 0.857121
0.143015 0 0.856985
0.143159 0 0.856841
0.0482974 0 0.951703
0.408934 0 0.591066
0.405028 0 0.594972
0.396265 0 0.603735
0.396202 0 0.603798
0.384047 0 0.615953
0.396266 0 0.603734
0.302357 0 0.697643
0.30216 0 0.69784
0.398268 0 0.601732
0.398312 0 0.601688
0.398909 0 0.601091
0.399773 0 0.600227
0.464975 0 0.535025
0.462672 0 0.537328
0.459914 0 0.540086
0.457069 0 0.542931
0.455403 0 0.544597
0.454481 0 0.545519
0.326002 0 0.673998
0.324834 0 0.675166
0.253879 0 0.746121
0.253845 0 0.746155
0.0817466 0 0.918253
0.0794345 0 0.920565
0.0793933 0 0.920607
0.0793558 0 0.920644
0.0787353 0 0.921265
0.0787062 0 0.921294
0.0786809 0 0.921319
0.0786596 0 0.92134
0.0786423 0 0.921358
0.0792155 0 0.920785
0.0792055 0 0.920794
0.0792032 0 0.920797
0.0814569 0 0.918543
0.0795131 0 0.920487
0.0791487 0 0.920851
0.079159 0 0.920841
0.0791726 0 0.920827
0.0786029 0 0.921397
0.078625 0 0.921375
0.0786502 0 0.92135
0.0786797 0 0.92132
0.0787134 0 0.921287
0.0793394 0 0.920661
0.0793807 0 0.920619
0.0794585 0 0.920542
0.0818021 0 0.918198
0.142749 0 0.857251
0.142878 0 0.857122
0.143014 0 0.856986
0.143158 0 0.856842
0.0482824 0 0.951718
0.401617 0 0.598383
0.401444 0 0.598556
0.383861 0 0.616139
0.386021 0 0.613979
0.392839 0 0.607161
0.39121 0 0.60879
0.342037 0 0.657963
0.341206 0 0.658794
0.337325 0 0.662675
0.37885 0 0.62115
0.302365 0 0.697635
0.302169 0 0.697831
0.391708 0 0.608292
0.393217 0 0.606783
0.393322 0 0.606678
0.393616 0 0.606384
0.393775 0 0.606225
0.394889 0 0.605111
0.396469 0 0.603531
0.453382 0 0.546618
0.34435 0 0.65565
0.324944 0 0.675056
0.322187 0 0.677813
0.32077 0 0.67923
0.253898 0 0.746102
0.25384 0 0.74616
0.318755 0 0.681245
0.0817445 0 0.918255
0.079433 0 0.920567
0.0793914 0 0.920609
0.0793543 0 0.920646
0.0787338 0 0.921266
0.0787043 0 0.921296
0.078679 0 0.921321
0.0786581 0 0.921342
0.0786404 0 0.92136
0.0792137 0 0.920786
0.079204 0 0.920796
0.0791993 0 0.920801
0.0814554 0 0.918545
0.079513 0 0.920487
0.0791471 0 0.920853
0.0791568 0 0.920843
0.0791711 0 0.920829
0.0786014 0 0.921399
0.0786231 0 0.921377
0.0786487 0 0.921351
0.0786781 0 0.921322
0.0787115 0 0.921288
0.0793376 0 0.920662
0.0793789 0 0.920621
0.0794542 0 0.920546
0.0818 0 0.9182
0.14275 0 0.85725
0.142879 0 0.857121
0.143015 0 0.856985
0.143159 0 0.856841
0.0482684 0 0.951732
0.398632 0 0.601368
0.378653 0 0.621347
0.377594 0 0.622406
0.377297 0 0.622703
0.338403 0 0.661597
0.337986 0 0.662014
0.338672 0 0.661328
0.337342 0 0.662658
0.334782 0 0.665218
0.334481 0 0.665519
0.335494 0 0.664506
0.302378 0 0.697622
0.302181 0 0.697819
0.378505 0 0.621495
0.380186 0 0.619814
0.379677 0 0.620323
0.377954 0 0.622046
0.378398 0 0.621602
0.380716 0 0.619284
0.307875 0 0.692125
0.307033 0 0.692967
0.308184 0 0.691816
0.310624 0 0.689376
0.316603 0 0.683397
0.317583 0 0.682417
0.253921 0 0.746079
0.253838 0 0.746162
0.314905 0 0.685095
0.313257 0 0.686743
0.0817439 0 0.918256
0.0794321 0 0.920568
0.0793905 0 0.92061
0.0793534 0 0.920647
0.0787328 0 0.921267
0.0787033 0 0.921297
0.0786781 0 0.921322
0.0786571 0 0.921343
0.0786398 0 0.92136
0.0792127 0 0.920787
0.0792031 0 0.920797
0.0791973 0 0.920803
0.0814543 0 0.918546
0.0795138 0 0.920486
0.0791462 0 0.920854
0.0791563 0 0.920844
0.0791699 0 0.92083
0.0786008 0 0.921399
0.0786222 0 0.921378
0.0786478 0 0.921352
0.0786773 0 0.921323
0.0787106 0 0.921289
0.0793364 0 0.920664
0.079378 0 0.920622
0.0794513 0 0.920549
0.0817993 0 0.918201
0.142753 0 0.857247
0.142882 0 0.857118
0.143018 0 0.856982
0.143162 0 0.856838
0.0482553 0 0.951745
0.377506 0 0.622494
0.375728 0 0.624272
0.331676 0 0.668324
0.373468 0 0.626532
0.333973 0 0.666027
0.333698 0 0.666302
0.334017 0 0.665983
0.32162 0 0.67838
0.322128 0 0.677872
0.332173 0 0.667827
0.332673 0 0.667327
0.333564 0 0.666435
0.302394 0 0.697606
0.302197 0 0.697803
0.351123 0 0.648877
0.300414 0 0.699586
0.299713 0 0.700287
0.298498 0 0.701502
0.297041 0 0.702959
0.297894 0 0.702106
0.298733 0 0.701267
0.302034 0 0.697966
0.303904 0 0.696096
0.305134 0 0.694866
0.306385 0 0.693615
0.307604 0 0.692396
0.253947 0 0.746053
0.253841 0 0.746159
0.304773 0 0.695227
0.305097 0 0.694903
0.304507 0 0.695493
0.596219 0 0.403781
0.59642 0 0.40358
0.0818406 0 0.918159
0.0794321 0 0.920568
0.0793905 0 0.920609
0.0793536 0 0.920646
0.0787329 0 0.921267
0.0787037 0 0.921296
0.0786785 0 0.921322
0.0786572 0 0.921343
0.0786398 0 0.92136
0.0792128 0 0.920787
0.0792031 0 0.920797
0.0791975 0 0.920803
0.0815891 0 0.918411
0.0815952 0 0.918405
0.079146 0 0.920854
0.0791564 0 0.920844
0.0791703 0 0.92083
0.0786006 0 0.921399
0.0786223 0 0.921378
0.0786479 0 0.921352
0.0786773 0 0.921323
0.0787107 0 0.921289
0.0793368 0 0.920663
0.0793782 0 0.920622
0.0794493 0 0.920551
0.0819879 0 0.918012
0.142757 0 0.857243
0.142886 0 0.857114
0.0480581 0 0.951942
0.0480126 0 0.951987
0.555027 0 0.444973
0.552825 0 0.447175
0.0482425 0 0.951758
0.552072 0 0.447928
0.544457 0 0.455543
0.545701 0 0.454299
0.549523 0 0.450477
0.546205 0 0.453795
0.541201 0 0.458799
0.537493 0 0.462507
0.549851 0 0.450149
0.549821 0 0.450179
0.553803 0 0.446197
0.424181 0 0.575819
0.411799 0 0.588201
0.370463 0 0.629537
0.367129 0 0.632871
0.362692 0 0.637308
0.35861 0 0.64139
0.330985 0 0.669015
0.326972 0 0.673028
0.327858 0 0.672142
0.328938 0 0.671062
0.32725 0 0.67275
0.322816 0 0.677184
0.318573 0 0.681427
0.317838 0 0.682163
0.320103 0 0.679897
0.330899 0 0.669101
0.331495 0 0.668505
0.302414 0 0.697586
0.302218 0 0.697782
0.300628 0 0.699372
0.297915 0 0.702085
0.296673 0 0.703327
0.296828 0 0.703172
0.295757 0 0.704243
0.296263 0 0.703737
0.296636 0 0.703364
0.298437 0 0.701563
0.300403 0 0.699597
0.301521 0 0.698479
0.302036 0 0.697964
0.301943 0 0.698057
0.253977 0 0.746023
0.253846 0 0.746154
0.300998 0 0.699003
0.299528 0 0.700472
0.293417 0 0.706583
0.291777 0 0.708223
0.593053 0 0.406947
0.588727 0 0.411273
0.557543 0 0.442457
0.55323 0 0.44677
0.550101 0 0.449899
0.547678 0 0.452322
0.545292 0 0.454708
0.542943 0 0.457057
0.54063 0 0.45937
0.538353 0 0.461647
0.536167 0 0.463833
0.533981 0 0.466019
0.53181 0 0.46819
0.529227 0 0.470773
0.525258 0 0.474742
0.0821324 0 0.917868
0.0794332 0 0.920567
0.079392 0 0.920608
0.0793545 0 0.920646
0.0787339 0 0.921266
0.0787047 0 0.921295
0.0786795 0 0.92132
0.0786582 0 0.921342
0.0786408 0 0.921359
0.0792139 0 0.920786
0.0792043 0 0.920796
0.0791985 0 0.920801
0.0818791 0 0.918121
0.0818852 0 0.918115
0.0791474 0 0.920853
0.0791575 0 0.920843
0.0791714 0 0.920829
0.0786276 0 0.921372
0.0786535 0 0.921347
0.0786829 0 0.921317
0.0787166 0 0.921283
0.0787538 0 0.921246
0.0793376 0 0.920662
0.0793793 0 0.920621
0.0794476 0 0.920552
0.0822807 0 0.917719
0.142764 0 0.857236
0.142893 0 0.857107
0.143029 0 0.856971
0.0481311 0 0.951869
0.481352 0 0.518648
0.481131 0 0.518869
0.0482302 0 0.95177
0.47922 0 0.52078
0.479837 0 0.520163
0.481498 0 0.518502
0.482762 0 0.517238
0.485665 0 0.514335
0.489122 0 0.510878
0.488308 0 0.511692
0.48644 0 0.51356
0.483661 0 0.516339
0.412047 0 0.587953
0.373654 0 0.626346
0.34645 0 0.65355
0.331735 0 0.668265
0.328187 0 0.671813
0.326334 0 0.673666
0.325976 0 0.674024
0.325245 0 0.674755
0.325329 0 0.674671
0.32539 0 0.67461
0.324933 0 0.675067
0.323676 0 0.676324
0.32092 0 0.67908
0.314685 0 0.685315
0.312423 0 0.687577
0.309677 0 0.690323
0.30625 0 0.69375
0.305708 0 0.694292
0.302438 0 0.697562
0.302242 0 0.697758
0.296131 0 0.703869
0.29485 0 0.70515
0.294354 0 0.705646
0.294804 0 0.705196
0.294488 0 0.705512
0.294837 0 0.705163
0.295182 0 0.704818
0.296417 0 0.703583
0.29794 0 0.70206
0.298819 0 0.701181
0.298626 0 0.701374
0.298686 0 0.701314
0.254011 0 0.745989
0.253855 0 0.746145
0.292803 0 0.707197
0.291677 0 0.708323
0.290222 0 0.709778
0.257037 0 0.742963
0.255083 0 0.744917
0.592161 0 0.407839
0.58869 0 0.41131
0.584966 0 0.415034
0.581881 0 0.418119
0.579711 0 0.420289
0.579114 0 0.420886
0.578111 0 0.421889
0.574716 0 0.425284
0.574582 0 0.425418
0.554001 0 0.445999
0.552783 0 0.447217
0.551484 0 0.448516
0.552683 0 0.447317
0.550027 0 0.449973
0.554135 0 0.445865
0.547785 0 0.452215
0.553598 0 0.446402
0.548738 0 0.451262
0.54354 0 0.45646
0.450403 0 0.549597
0.532025 0 0.467975
0.527385 0 0.472615
0.52361 0 0.47639
0.521005 0 0.478995
0.518801 0 0.481199
0.516532 0 0.483468
0.512792 0 0.487208
0.507754 0 0.492246
0.503273 0 0.496727
0.501466 0 0.498534
0.499423 0 0.500577
0.495526 0 0.504474
0.490389 0 0.509611
0.485181 0 0.514819
0.477127 0 0.522873
0.469319 0 0.530681
0.0828122 0 0.917188
0.0827653 0 0.917235
0.079394 0 0.920606
0.0793565 0 0.920644
0.078908 0 0.921092
0.0788814 0 0.921119
0.0788593 0 0.921141
0.0788407 0 0.921159
0.0788263 0 0.921174
0.0792162 0 0.920784
0.0792063 0 0.920794
0.082521 0 0.917479
0.0825191 0 0.917481
0.0825215 0 0.917478
0.0825278 0 0.917472
0.0791595 0 0.920841
0.0791735 0 0.920826
0.0789096 0 0.92109
0.078935 0 0.921065
0.0789647 0 0.921035
0.078999 0 0.921001
0.0790371 0 0.920963
0.0793397 0 0.92066
0.0793814 0 0.920619
0.0828168 0 0.917183
0.0828686 0 0.917131
0.142772 0 0.857228
0.1429 0 0.8571
0.0477875 0 0.952213
0.0478367 0 0.952163
0.0478889 0 0.952111
0.0479436 0 0.952056
0.0480004 0 0.952
0.434703 0 0.565297
0.434123 0 0.565877
0.431578 0 0.568422
0.430032 0 0.569968
0.427904 0 0.572096
0.425494 0 0.574506
0.423272 0 0.576728
0.421991 0 0.578009
0.412278 0 0.587722
0.381779 0 0.618221
0.340627 0 0.659373
0.32382 0 0.67618
0.322958 0 0.677042
0.323182 0 0.676818
0.323265 0 0.676735
0.323095 0 0.676905
0.323319 0 0.676681
0.323525 0 0.676475
0.323305 0 0.676695
0.322698 0 0.677302
0.321422 0 0.678578
0.318155 0 0.681845
0.310835 0 0.689165
0.308434 0 0.691566
0.304904 0 0.695096
0.302641 0 0.697359
0.302173 0 0.697827
0.29027 0 0.70973
0.289817 0 0.710183
0.288956 0 0.711044
0.290008 0 0.709992
0.290579 0 0.709421
0.291994 0 0.708006
0.292681 0 0.707319
0.292845 0 0.707155
0.293746 0 0.706254
0.294835 0 0.705165
0.283426 0 0.716574
0.285686 0 0.714314
0.287525 0 0.712475
0.287371 0 0.712629
0.254055 0 0.745945
0.253875 0 0.746125
0.289449 0 0.710551
0.289181 0 0.710819
0.255212 0 0.744788
0.253657 0 0.746343
0.253164 0 0.746836
0.252654 0 0.747346
0.552986 0 0.447014
0.555796 0 0.444204
0.554525 0 0.445475
0.55509 0 0.44491
0.554935 0 0.445065
0.551564 0 0.448436
0.55082 0 0.44918
0.560819 0 0.439181
0.560287 0 0.439713
0.560419 0 0.439581
0.561091 0 0.438909
0.519584 0 0.480416
0.515363 0 0.484637
0.515024 0 0.484976
0.506312 0 0.493688
0.493792 0 0.506208
0.479417 0 0.520583
0.472208 0 0.527792
0.468587 0 0.531412
0.46968 0 0.53032
0.471157 0 0.528843
0.477028 0 0.522972
0.482638 0 0.517362
0.49537 0 0.50463
0.49839 0 0.50161
0.461258 0 0.538742
0.454117 0 0.545883
0.450895 0 0.549105
0.447562 0 0.552438
0.444443 0 0.555557
0.441232 0 0.558768
0.438198 0 0.561802
0.435091 0 0.564909
0.43215 0 0.56785
0.430964 0 0.569036
0.428542 0 0.571458
0.427575 0 0.572425
0.425568 0 0.574432
0.423636 0 0.576364
0.418048 0 0.581952
0.41618 0 0.58382
0.414887 0 0.585113
0.413912 0 0.586088
0.412946 0 0.587054
0.412002 0 0.587998
0.411489 0 0.588511
0.411108 0 0.588892
0.410075 0 0.589925
0.41103 0 0.58897
0.412443 0 0.587557
0.413498 0 0.586502
0.41487 0 0.58513
0.411626 0 0.588374
0.41172 0 0.58828
0.435451 0 0.564549
0.435387 0 0.564613
0.43431 0 0.56569
0.429507 0 0.570493
0.427543 0 0.572457
0.427718 0 0.572282
0.448311 0 0.551689
0.441404 0 0.558596
0.436293 0 0.563707
0.430353 0 0.569647
0.425575 0 0.574425
0.4232 0 0.5768
0.421255 0 0.578745
0.418656 0 0.581344
0.0828155 0 0.917184
0.082768 0 0.917232
0.079397 0 0.920603
0.0793595 0 0.92064
0.0791927 0 0.920807
0.0791662 0 0.920834
0.0791436 0 0.920856
0.0791251 0 0.920875
0.0791105 0 0.920889
0.079219 0 0.920781
0.0792097 0 0.92079
0.082524 0 0.917476
0.0825224 0 0.917478
0.0825246 0 0.917475
0.0825309 0 0.917469
0.0791626 0 0.920837
0.0791765 0 0.920823
0.0791941 0 0.920806
0.0792162 0 0.920784
0.0792419 0 0.920758
0.0792715 0 0.920729
0.079305 0 0.920695
0.0793428 0 0.920657
0.0793845 0 0.920615
0.0828202 0 0.91718
0.082872 0 0.917128
0.142781 0 0.857219
0.14291 0 0.85709
0.0477806 0 0.952219
0.0478298 0 0.95217
0.0478821 0 0.952118
0.0479364 0 0.952064
0.0479936 0 0.952006
0.392257 0 0.607743
0.392561 0 0.607439
0.392457 0 0.607543
0.390679 0 0.609321
0.386226 0 0.613774
0.385478 0 0.614522
0.382447 0 0.617553
0.37813 0 0.62187
0.370162 0 0.629838
0.341077 0 0.658923
0.319579 0 0.680421
0.314494 0 0.685506
0.312657 0 0.687343
0.311229 0 0.688771
0.310347 0 0.689654
0.315221 0 0.684779
0.318501 0 0.681499
0.320513 0 0.679487
0.319771 0 0.680229
0.319984 0 0.680016
0.319099 0 0.680901
0.310597 0 0.689403
0.3082 0 0.6918
0.288111 0 0.711889
0.28883 0 0.71117
0.289956 0 0.710044
0.288314 0 0.711686
0.287891 0 0.712109
0.287483 0 0.712517
0.287284 0 0.712716
0.287119 0 0.712881
0.286927 0 0.713073
0.287836 0 0.712164
0.280808 0 0.719192
0.281685 0 0.718315
0.281803 0 0.718197
0.281214 0 0.718786
0.281689 0 0.718311
0.282142 0 0.717858
0.283227 0 0.716773
0.283813 0 0.716187
0.283999 0 0.716001
0.254596 0 0.745404
0.284202 0 0.715798
0.253173 0 0.746827
0.252261 0 0.747739
0.251893 0 0.748107
0.25148 0 0.74852
0.251176 0 0.748824
0.250969 0 0.749031
0.525299 0 0.474701
0.524595 0 0.475405
0.523974 0 0.476026
0.523204 0 0.476796
0.5207 0 0.4793
0.518406 0 0.481594
0.516147 0 0.483853
0.514149 0 0.485851
0.512887 0 0.487113
0.511678 0 0.488322
0.510472 0 0.489528
0.508959 0 0.491041
0.503613 0 0.496387
0.491845 0 0.508155
0.479277 0 0.520723
0.468887 0 0.531113
0.460705 0 0.539295
0.45301 0 0.54699
0.449038 0 0.550962
0.446822 0 0.553178
0.444899 0 0.555101
0.442929 0 0.557071
0.440895 0 0.559105
0.439119 0 0.560881
0.437404 0 0.562596
0.435698 0 0.564302
0.434048 0 0.565952
0.432428 0 0.567572
0.430838 0 0.569162
0.42927 0 0.57073
0.427721 0 0.572279
0.426218 0 0.573782
0.424744 0 0.575256
0.423298 0 0.576702
0.421879 0 0.578121
0.420324 0 0.579676
0.414599 0 0.585401
0.409604 0 0.590396
0.406022 0 0.593978
0.403417 0 0.596583
0.40149 0 0.59851
0.399833 0 0.600167
0.397891 0 0.602109
0.395893 0 0.604107
0.394213 0 0.605787
0.392756 0 0.607244
0.391049 0 0.608951
0.388968 0 0.611032
0.387624 0 0.612376
0.385901 0 0.614099
0.384539 0 0.615461
0.373615 0 0.626385
0.372508 0 0.627492
0.3752 0 0.6248
0.38367 0 0.61633
0.385996 0 0.614004
0.381758 0 0.618242
0.377507 0 0.622493
0.37333 0 0.62667
0.371061 0 0.628939
0.362236 0 0.637764
0.35853 0 0.64147
0.368714 0 0.631287
0.374622 0 0.625378
0.373437 0 0.626563
0.372172 0 0.627828
0.371265 0 0.628735
0.0828195 0 0.917181
0.0827723 0 0.917228
0.0827293 0 0.917271
0.0793635 0 0.920636
0.0793303 0 0.92067
0.0793012 0 0.920699
0.0792757 0 0.920724
0.0792542 0 0.920746
0.0792366 0 0.920763
0.079223 0 0.920777
0.0825343 0 0.917466
0.0825283 0 0.917472
0.0825264 0 0.917474
0.0825286 0 0.917471
0.0825349 0 0.917465
0.0825456 0 0.917454
0.0791806 0 0.920819
0.0791985 0 0.920802
0.0792202 0 0.92078
0.0792459 0 0.920754
0.0792759 0 0.920724
0.0793094 0 0.920691
0.0793469 0 0.920653
0.0827769 0 0.917223
0.0828243 0 0.917176
0.0828758 0 0.917124
0.142793 0 0.857207
0.142922 0 0.857078
0.0477744 0 0.952226
0.0478239 0 0.952176
0.0478758 0 0.952124
0.0479302 0 0.95207
0.0479873 0 0.952013
0.359663 0 0.640337
0.358829 0 0.641171
0.358348 0 0.641652
0.355164 0 0.644836
0.352467 0 0.647533
0.350783 0 0.649217
0.349666 0 0.650334
0.345751 0 0.654249
0.337038 0 0.662962
0.31853 0 0.68147
0.309877 0 0.690123
0.307567 0 0.692433
0.302357 0 0.697643
0.301471 0 0.698529
0.301654 0 0.698346
0.301719 0 0.698281
0.302149 0 0.697851
0.302297 0 0.697703
0.302425 0 0.697575
0.304175 0 0.695825
0.282632 0 0.717368
0.28239 0 0.71761
0.283813 0 0.716187
0.28403 0 0.71597
0.283926 0 0.716074
0.283288 0 0.716712
0.285143 0 0.714857
0.285998 0 0.714002
0.285782 0 0.714218
0.285212 0 0.714788
0.284165 0 0.715835
0.278028 0 0.721972
0.276552 0 0.723448
0.276826 0 0.723174
0.278366 0 0.721634
0.279405 0 0.720595
0.279756 0 0.720244
0.280057 0 0.719943
0.280708 0 0.719292
0.281247 0 0.718753
0.281648 0 0.718352
0.280945 0 0.719055
0.280147 0 0.719853
0.251445 0 0.748555
0.249903 0 0.750097
0.250271 0 0.749729
0.250227 0 0.749773
0.249966 0 0.750034
0.249736 0 0.750264
0.249378 0 0.750622
0.249211 0 0.750789
0.510866 0 0.489134
0.510467 0 0.489533
0.510024 0 0.489976
0.509166 0 0.490834
0.507769 0 0.492231
0.506484 0 0.493516
0.505214 0 0.494786
0.503967 0 0.496033
0.502717 0 0.497283
0.501484 0 0.498516
0.500291 0 0.499709
0.496823 0 0.503177
0.481784 0 0.518216
0.469256 0 0.530744
0.459301 0 0.540699
0.45161 0 0.54839
0.446301 0 0.553699
0.444088 0 0.555912
0.441933 0 0.558067
0.439805 0 0.560195
0.437722 0 0.562278
0.43571 0 0.56429
0.433663 0 0.566337
0.431702 0 0.568298
0.429955 0 0.570045
0.427991 0 0.572009
0.426373 0 0.573627
0.424563 0 0.575437
0.422745 0 0.577255
0.421327 0 0.578673
0.419785 0 0.580215
0.418354 0 0.581646
0.416952 0 0.583048
0.412711 0 0.587289
0.408517 0 0.591483
0.4043 0 0.5957
0.399815 0 0.600185
0.397682 0 0.602318
0.395785 0 0.604215
0.393821 0 0.606179
0.391919 0 0.608081
0.390052 0 0.609948
0.388062 0 0.611938
0.384613 0 0.615387
0.381101 0 0.618899
0.377974 0 0.622026
0.373331 0 0.626669
0.367444 0 0.632556
0.36185 0 0.63815
0.35378 0 0.64622
0.348181 0 0.651819
0.349713 0 0.650287
0.357431 0 0.642569
0.365766 0 0.634234
0.362285 0 0.637715
0.360889 0 0.639111
0.354701 0 0.645299
0.331299 0 0.668701
0.325526 0 0.674474
0.318707 0 0.681293
0.315292 0 0.684708
0.315879 0 0.684121
0.319314 0 0.680686
0.328297 0 0.671703
0.33039 0 0.66961
0.328276 0 0.671724
0.0828246 0 0.917175
0.0825159 0 0.917484
0.0824707 0 0.917529
0.0793687 0 0.920631
0.0793353 0 0.920665
0.0793062 0 0.920694
0.0792806 0 0.920719
0.0792594 0 0.920741
0.0792416 0 0.920758
0.0792283 0 0.920772
0.0822544 0 0.917746
0.0822451 0 0.917755
0.0822396 0 0.91776
0.0822385 0 0.917762
0.0822407 0 0.917759
0.0822474 0 0.917753
0.0792519 0 0.920748
0.0792739 0 0.920726
0.0792999 0 0.9207
0.0793301 0 0.92067
0.0793646 0 0.920635
0.079403 0 0.920597
0.079446 0 0.920554
0.0824413 0 0.917559
0.0824832 0 0.917517
0.0825295 0 0.917471
0.142806 0 0.857194
0.142936 0 0.857064
0.0477683 0 0.952232
0.0478182 0 0.952182
0.0478698 0 0.95213
0.0479245 0 0.952075
0.0479813 0 0.952019
0.339506 0 0.660494
0.340431 0 0.659569
0.338726 0 0.661274
0.335011 0 0.664989
0.330593 0 0.669407
0.323236 0 0.676764
0.320174 0 0.679826
0.317303 0 0.682697
0.310259 0 0.689741
0.30714 0 0.69286
0.304608 0 0.695392
0.299158 0 0.700842
0.290442 0 0.709558
0.278812 0 0.721188
0.270799 0 0.729201
0.261435 0 0.738565
0.26161 0 0.73839
0.263395 0 0.736605
0.268205 0 0.731795
0.270443 0 0.729557
0.274 0 0.726
0.277162 0 0.722838
0.280082 0 0.719918
0.281567 0 0.718433
0.28092 0 0.71908
0.281013 0 0.718987
0.282168 0 0.717832
0.284157 0 0.715843
0.283766 0 0.716234
0.282266 0 0.717734
0.27572 0 0.72428
0.274201 0 0.725799
0.273605 0 0.726395
0.273728 0 0.726272
0.27531 0 0.72469
0.277311 0 0.722689
0.278316 0 0.721684
0.278668 0 0.721332
0.27937 0 0.72063
0.279783 0 0.720217
0.279736 0 0.720264
0.279056 0 0.720944
0.250024 0 0.749976
0.247794 0 0.752206
0.24796 0 0.75204
0.248612 0 0.751388
0.248612 0 0.751388
0.248433 0 0.751567
0.248306 0 0.751694
0.247705 0 0.752295
0.225422 0 0.774578
0.225584 0 0.774416
0.496737 0 0.503263
0.497293 0 0.502707
0.497569 0 0.502431
0.497312 0 0.502688
0.496159 0 0.503841
0.494851 0 0.505149
0.49325 0 0.50675
0.491726 0 0.508274
0.490258 0 0.509742
0.489078 0 0.510922
0.483684 0 0.516316
0.472955 0 0.527045
0.458995 0 0.541005
0.450242 0 0.549758
0.443847 0 0.556153
0.44149 0 0.55851
0.43933 0 0.56067
0.437218 0 0.562782
0.43513 0 0.56487
0.433098 0 0.566902
0.431086 0 0.568914
0.429128 0 0.570872
0.427191 0 0.572809
0.425301 0 0.574699
0.423434 0 0.576566
0.421612 0 0.578388
0.419821 0 0.580179
0.4178 0 0.5822
0.41634 0 0.58366
0.413341 0 0.586659
0.409607 0 0.590393
0.404692 0 0.595308
0.399888 0 0.600112
0.39532 0 0.60468
0.39312 0 0.60688
0.391257 0 0.608743
0.389415 0 0.610585
0.387606 0 0.612394
0.385143 0 0.614857
0.381869 0 0.618131
0.378589 0 0.621411
0.375309 0 0.624691
0.372142 0 0.627858
0.368706 0 0.631294
0.36464 0 0.63536
0.36039 0 0.63961
0.356512 0 0.643488
0.350322 0 0.649678
0.343286 0 0.656714
0.338063 0 0.661937
0.337964 0 0.662036
0.337912 0 0.662088
0.335407 0 0.664593
0.328875 0 0.671125
0.326913 0 0.673087
0.309443 0 0.690557
0.300148 0 0.699852
0.29209 0 0.70791
0.289861 0 0.710139
0.285701 0 0.714299
0.287256 0 0.712744
0.29735 0 0.70265
0.300824 0 0.699176
0.300429 0 0.699571
0.299585 0 0.700415
0.082831 0 0.917169
0.0823024 0 0.917698
0.08226 0 0.91774
0.0822211 0 0.917779
0.0795642 0 0.920436
0.0795369 0 0.920463
0.0795143 0 0.920486
0.0794954 0 0.920505
0.0794808 0 0.920519
0.0820759 0 0.917924
0.0820659 0 0.917934
0.08206 0 0.91794
0.0820581 0 0.917942
0.0820603 0 0.91794
0.0820666 0 0.917933
0.0820772 0 0.917923
0.0820913 0 0.917909
0.0795661 0 0.920434
0.0795926 0 0.920407
0.079623 0 0.920377
0.0796578 0 0.920342
0.0796964 0 0.920304
0.0822637 0 0.917736
0.0823071 0 0.917693
0.0823542 0 0.917646
0.0824244 0 0.917576
0.142911 0 0.857089
0.142918 0 0.857082
0.0477961 0 0.952204
0.0478506 0 0.952149
0.0479071 0 0.952093
0.047966 0 0.952034
0.048028 0 0.951972
0.312695 0 0.687305
0.313219 0 0.686781
0.309609 0 0.690391
0.306535 0 0.693465
0.304827 0 0.695173
0.303426 0 0.696574
0.300814 0 0.699186
0.299834 0 0.700166
0.297025 0 0.702975
0.292784 0 0.707216
0.280338 0 0.719662
0.273994 0 0.726006
0.270679 0 0.729321
0.267373 0 0.732627
0.257706 0 0.742294
0.255331 0 0.744669
0.254751 0 0.745249
0.253615 0 0.746385
0.253954 0 0.746046
0.253167 0 0.746833
0.251218 0 0.748782
0.250535 0 0.749465
0.27473 0 0.72527
0.276709 0 0.723291
0.278097 0 0.721903
0.27854 0 0.72146
0.279703 0 0.720297
0.266015 0 0.733985
0.269019 0 0.730981
0.265705 0 0.734295
0.266729 0 0.733271
0.266136 0 0.733864
0.266911 0 0.733089
0.269805 0 0.730195
0.271989 0 0.728011
0.274836 0 0.725164
0.2763 0 0.7237
0.277302 0 0.722698
0.27803 0 0.72197
0.278407 0 0.721593
0.27814 0 0.72186
0.248032 0 0.751968
0.244907 0 0.755093
0.243038 0 0.756962
0.246106 0 0.753894
0.246684 0 0.753316
0.247053 0 0.752947
0.246871 0 0.753129
0.246005 0 0.753995
0.222593 0 0.777407
0.223148 0 0.776852
0.224024 0 0.775976
0.224092 0 0.775908
0.473112 0 0.526888
0.474677 0 0.525323
0.47576 0 0.52424
0.476864 0 0.523136
0.478128 0 0.521872
0.478714 0 0.521286
0.477843 0 0.522157
0.476778 0 0.523222
0.475816 0 0.524184
0.474836 0 0.525164
0.461803 0 0.538197
0.449153 0 0.550847
0.441796 0 0.558204
0.438946 0 0.561054
0.436791 0 0.563209
0.434683 0 0.565317
0.432607 0 0.567393
0.43057 0 0.56943
0.428573 0 0.571427
0.426607 0 0.573393
0.424686 0 0.575314
0.422787 0 0.577213
0.420414 0 0.579586
0.417989 0 0.582011
0.41466 0 0.58534
0.410952 0 0.589048
0.407298 0 0.592702
0.403775 0 0.596225
0.400202 0 0.599798
0.395656 0 0.604344
0.391161 0 0.608839
0.388736 0 0.611264
0.386863 0 0.613137
0.384953 0 0.615047
0.382904 0 0.617096
0.380725 0 0.619275
0.378269 0 0.621731
0.375129 0 0.624871
0.371944 0 0.628056
0.368882 0 0.631118
0.366529 0 0.633471
0.364346 0 0.635654
0.36124 0 0.63876
0.357803 0 0.642197
0.353968 0 0.646032
0.348468 0 0.651532
0.34268 0 0.65732
0.337561 0 0.662439
0.303971 0 0.696029
0.300046 0 0.699954
0.298315 0 0.701685
0.296568 0 0.703432
0.295203 0 0.704797
0.283269 0 0.716731
0.272458 0 0.727542
0.264522 0 0.735478
0.262728 0 0.737272
0.263535 0 0.736465
0.264748 0 0.735252
0.266032 0 0.733968
0.268306 0 0.731694
0.272162 0 0.727838
0.274464 0 0.725536
0.275321 0 0.724679
0.0828384 0 0.917162
0.0823098 0 0.91769
0.0822674 0 0.917733
0.0822284 0 0.917772
0.0821943 0 0.917806
0.0821635 0 0.917836
0.0821373 0 0.917863
0.0821154 0 0.917885
0.0820971 0 0.917903
0.082083 0 0.917917
0.082073 0 0.917927
0.0820673 0 0.917933
0.0820655 0 0.917935
0.0820677 0 0.917932
0.082074 0 0.917926
0.0820843 0 0.917916
0.082099 0 0.917901
0.0821171 0 0.917883
0.0821396 0 0.91786
0.0821665 0 0.917834
0.0821974 0 0.917803
0.0486008 0 0.951399
0.0473598 0 0.95264
0.0473905 0 0.952609
0.0474233 0 0.952577
0.047458 0 0.952542
0.0474955 0 0.952504
0.0475354 0 0.952465
0.0475773 0 0.952423
0.0476216 0 0.952378
0.0476686 0 0.952331
0.0477177 0 0.952282
0.0477689 0 0.952231
0.0478232 0 0.952177
0.0478795 0 0.95212
0.047938 0 0.952062
0.0479992 0 0.952001
0.0480633 0 0.951937
0.0481291 0 0.951871
0.27497 0 0.72503
0.275183 0 0.724817
0.27543 0 0.72457
0.271866 0 0.728134
0.27061 0 0.72939
0.2696 0 0.7304
0.261883 0 0.738117
0.256738 0 0.743262
0.254415 0 0.745585
0.252735 0 0.747265
0.252476 0 0.747524
0.251398 0 0.748602
0.249602 0 0.750399
0.242583 0 0.757417
0.241476 0 0.758524
0.244657 0 0.755343
0.2463 0 0.7537
0.249343 0 0.750657
0.251415 0 0.748585
0.252964 0 0.747036
0.258316 0 0.741684
0.260466 0 0.739534
0.262094 0 0.737906
0.263321 0 0.736679
0.264396 0 0.735604
0.264218 0 0.735782
0.264961 0 0.735039
0.266228 0 0.733772
0.268377 0 0.731623
0.271054 0 0.728946
0.274281 0 0.725719
0.275798 0 0.724202
0.27651 0 0.72349
0.231323 0 0.768677
0.229585 0 0.770415
0.229379 0 0.770621
0.230033 0 0.769967
0.230319 0 0.769681
0.232049 0 0.767951
0.244663 0 0.755337
0.245052 0 0.754948
0.244332 0 0.755668
0.221359 0 0.778641
0.220357 0 0.779643
0.22147 0 0.77853
0.214888 0 0.785112
0.21215 0 0.78785
0.21181 0 0.78819
0.441894 0 0.558106
0.445297 0 0.554703
0.448737 0 0.551263
0.450985 0 0.549015
0.454383 0 0.545617
0.458344 0 0.541656
0.460013 0 0.539987
0.459197 0 0.540803
0.458438 0 0.541562
0.449849 0 0.550151
0.440256 0 0.559744
0.436444 0 0.563556
0.434308 0 0.565692
0.432193 0 0.567807
0.430129 0 0.569871
0.427966 0 0.572034
0.425951 0 0.574049
0.423346 0 0.576654
0.419996 0 0.580004
0.416123 0 0.583877
0.41234 0 0.58766
0.408625 0 0.591375
0.405002 0 0.594998
0.401429 0 0.598571
0.397985 0 0.602015
0.394558 0 0.605442
0.391155 0 0.608845
0.386985 0 0.613015
0.384482 0 0.615518
0.382497 0 0.617503
0.38031 0 0.61969
0.378124 0 0.621876
0.37601 0 0.62399
0.373934 0 0.626066
0.371799 0 0.628201
0.368844 0 0.631156
0.365767 0 0.634233
0.363481 0 0.636519
0.361474 0 0.638526
0.359482 0 0.640518
0.357215 0 0.642785
0.354335 0 0.645666
0.35114 0 0.64886
0.346813 0 0.653187
0.341578 0 0.658422
0.336763 0 0.663237
0.296367 0 0.703633
0.292254 0 0.707746
0.272571 0 0.727429
0.270723 0 0.729277
0.255568 0 0.744432
0.252059 0 0.747941
0.24419 0 0.75581
0.242468 0 0.757532
0.241386 0 0.758614
0.240592 0 0.759408
0.241675 0 0.758325
0.244476 0 0.755524
0.249642 0 0.750358
0.252558 0 0.747442
0.253926 0 0.746074
0.253691 0 0.746309
0.253195 0 0.746805
0.252796 0 0.747204
0.0823181 0 0.917682
0.0822753 0 0.917725
0.0822368 0 0.917763
0.0822025 0 0.917798
0.0821718 0 0.917828
0.0821457 0 0.917854
0.0821237 0 0.917876
0.0821052 0 0.917895
0.0820914 0 0.917909
0.0820814 0 0.917919
0.0820754 0 0.917925
0.0820736 0 0.917926
0.0820758 0 0.917924
0.082082 0 0.917918
0.0820924 0 0.917908
0.0821071 0 0.917893
0.0821255 0 0.917875
0.0821484 0 0.917852
0.0821749 0 0.917825
0.0513594 0 0.948641
0.0471559 0 0.952844
0.047184 0 0.952816
0.0472144 0 0.952786
0.0472465 0 0.952753
0.0472816 0 0.952718
0.0473185 0 0.952682
0.047358 0 0.952642
0.0473999 0 0.9526
0.0474439 0 0.952556
0.0474902 0 0.95251
0.0475386 0 0.952461
0.0475901 0 0.95241
0.0476436 0 0.952356
0.0476996 0 0.9523
0.0477579 0 0.952242
0.0478188 0 0.952181
0.0478817 0 0.952118
0.0479471 0 0.952053
0.0480153 0 0.951985
0.262131 0 0.737869
0.260691 0 0.739309
0.259847 0 0.740153
0.258219 0 0.741781
0.25754 0 0.74246
0.253961 0 0.746039
0.253517 0 0.746483
0.251792 0 0.748208
0.25067 0 0.74933
0.249634 0 0.750366
0.249135 0 0.750865
0.238208 0 0.761792
0.238082 0 0.761918
0.238306 0 0.761694
0.238506 0 0.761494
0.238558 0 0.761442
0.238523 0 0.761477
0.238959 0 0.761041
0.24662 0 0.75338
0.248508 0 0.751492
0.249244 0 0.750756
0.249056 0 0.750944
0.249159 0 0.750841
0.250319 0 0.749681
0.252057 0 0.747943
0.263211 0 0.736789
0.264258 0 0.735742
0.265711 0 0.734289
0.229893 0 0.770107
0.22943 0 0.77057
0.229262 0 0.770738
0.22927 0 0.77073
0.228425 0 0.771575
0.228267 0 0.771733
0.228062 0 0.771938
0.228095 0 0.771905
0.229002 0 0.770998
0.229871 0 0.770129
0.231216 0 0.768784
0.232404 0 0.767596
0.226562 0 0.773438
0.218747 0 0.781253
0.216889 0 0.783111
0.213891 0 0.786109
0.21139 0 0.78861
0.209538 0 0.790462
0.20806 0 0.79194
0.206566 0 0.793434
0.413537 0 0.586463
0.417759 0 0.582241
0.422062 0 0.577938
0.426421 0 0.573579
0.430958 0 0.569042
0.435527 0 0.564473
0.43993 0 0.56007
0.442381 0 0.557619
0.439111 0 0.560889
0.434006 0 0.565994
0.431541 0 0.568459
0.428788 0 0.571212
0.425738 0 0.574262
0.421724 0 0.578276
0.417762 0 0.582238
0.413894 0 0.586106
0.409912 0 0.590088
0.40619 0 0.59381
0.402548 0 0.597452
0.398967 0 0.601033
0.395426 0 0.604574
0.390494 0 0.609506
0.386667 0 0.613333
0.382865 0 0.617135
0.380084 0 0.619916
0.379836 0 0.620164
0.377712 0 0.622288
0.375407 0 0.624593
0.373375 0 0.626625
0.371465 0 0.628535
0.369387 0 0.630613
0.367363 0 0.632637
0.365376 0 0.634624
0.362795 0 0.637205
0.360544 0 0.639456
0.358463 0 0.641537
0.356405 0 0.643595
0.354394 0 0.645606
0.351922 0 0.648078
0.34949 0 0.65051
0.346391 0 0.653609
0.34202 0 0.65798
0.337693 0 0.662307
0.257466 0 0.742534
0.255742 0 0.744258
0.25456 0 0.74544
0.236881 0 0.763119
0.227786 0 0.772214
0.227536 0 0.772464
0.227448 0 0.772552
0.225478 0 0.774522
0.222727 0 0.777273
0.22193 0 0.77807
0.222471 0 0.777529
0.226723 0 0.773277
0.228811 0 0.771189
0.233038 0 0.766962
0.234917 0 0.765083
0.235319 0 0.764681
0.235248 0 0.764752
0.235373 0 0.764627
0.234519 0 0.765481
0.233904 0 0.766096
0.0828088 0 0.917191
0.0822847 0 0.917715
0.0822462 0 0.917754
0.0822119 0 0.917788
0.0821812 0 0.917819
0.0821548 0 0.917845
0.0821328 0 0.917867
0.0821146 0 0.917885
0.0821005 0 0.917899
0.0820905 0 0.91791
0.0820848 0 0.917915
0.0820829 0 0.917917
0.0820852 0 0.917915
0.0820918 0 0.917908
0.0821018 0 0.917898
0.0821162 0 0.917884
0.082135 0 0.917865
0.0821575 0 0.917843
0.0544469 0 0.945553
0.0487042 0 0.951296
0.0469823 0 0.953018
0.0470101 0 0.95299
0.0470399 0 0.95296
0.047072 0 0.952928
0.0471065 0 0.952893
0.0471433 0 0.952857
0.0471825 0 0.952817
0.0472241 0 0.952776
0.0472674 0 0.952733
0.0473137 0 0.952686
0.0473624 0 0.952638
0.0474128 0 0.952587
0.047466 0 0.952534
0.0475215 0 0.952478
0.0475792 0 0.952421
0.0476396 0 0.95236
0.0477024 0 0.952298
0.0477674 0 0.952233
0.0478352 0 0.952165
0.228508 0 0.771492
0.228681 0 0.771319
0.227349 0 0.772651
0.228052 0 0.771948
0.227953 0 0.772047
0.227679 0 0.772321
0.235284 0 0.764716
0.237615 0 0.762385
0.240184 0 0.759816
0.236664 0 0.763336
0.23599 0 0.76401
0.235929 0 0.764071
0.235975 0 0.764025
0.236236 0 0.763764
0.227706 0 0.772294
0.225958 0 0.774042
0.224353 0 0.775647
0.222982 0 0.777018
0.223084 0 0.776916
0.223028 0 0.776972
0.227556 0 0.772444
0.227007 0 0.772993
0.228716 0 0.771284
0.229653 0 0.770347
0.223948 0 0.776052
0.222195 0 0.777805
0.225909 0 0.774091
0.228067 0 0.771933
0.227994 0 0.772006
0.227547 0 0.772453
0.227544 0 0.772456
0.227527 0 0.772473
0.227071 0 0.772929
0.226962 0 0.773038
0.226853 0 0.773147
0.227012 0 0.772988
0.227702 0 0.772298
0.228357 0 0.771643
0.228641 0 0.771358
0.227926 0 0.772074
0.218083 0 0.781917
0.21542 0 0.78458
0.213262 0 0.786738
0.211487 0 0.788513
0.209532 0 0.790468
0.207598 0 0.792402
0.205947 0 0.794053
0.204055 0 0.795945
0.202958 0 0.797042
0.379511 0 0.620489
0.380994 0 0.619006
0.380059 0 0.619941
0.378198 0 0.621802
0.376614 0 0.623386
0.374968 0 0.625032
0.373514 0 0.626486
0.371993 0 0.628007
0.370545 0 0.629455
0.369057 0 0.630943
0.367605 0 0.632395
0.366196 0 0.633804
0.36469 0 0.63531
0.363245 0 0.636755
0.3618 0 0.6382
0.361238 0 0.638762
0.36139 0 0.63861
0.361721 0 0.638279
0.36206 0 0.63794
0.362405 0 0.637595
0.362757 0 0.637243
0.363116 0 0.636884
0.363481 0 0.636519
0.363824 0 0.636176
0.364161 0 0.635839
0.363771 0 0.636229
0.362572 0 0.637428
0.360998 0 0.639002
0.359509 0 0.640491
0.357957 0 0.642043
0.356271 0 0.643729
0.354446 0 0.645554
0.352428 0 0.647572
0.350575 0 0.649425
0.348097 0 0.651903
0.345569 0 0.654431
0.34267 0 0.65733
0.33953 0 0.66047
0.334448 0 0.665552
0.325749 0 0.674251
0.316944 0 0.683056
0.235349 0 0.764651
0.234359 0 0.765641
0.215245 0 0.784755
0.214263 0 0.785737
0.214314 0 0.785686
0.214271 0 0.785729
0.212971 0 0.787029
0.208871 0 0.791129
0.207095 0 0.792905
0.206915 0 0.793085
0.207283 0 0.792717
0.209577 0 0.790423
0.212102 0 0.787898
0.214801 0 0.785199
0.217154 0 0.782846
0.219213 0 0.780787
0.220157 0 0.779843
0.22003 0 0.77997
0.219685 0 0.780315
0.219304 0 0.780696
0.21892 0 0.78108
0.218604 0 0.781396
0.0822949 0 0.917705
0.0822564 0 0.917744
0.0822219 0 0.917778
0.0821916 0 0.917808
0.0821652 0 0.917835
0.0821432 0 0.917857
0.0821253 0 0.917875
0.0821109 0 0.917889
0.0821009 0 0.917899
0.0820949 0 0.917905
0.0820934 0 0.917907
0.0820957 0 0.917904
0.0821019 0 0.917898
0.0821123 0 0.917888
0.0821263 0 0.917874
0.0821451 0 0.917855
0.0579226 0 0.942077
0.0514759 0 0.948524
0.0467848 0 0.953215
0.04681 0 0.95319
0.0468375 0 0.953163
0.0468673 0 0.953133
0.0468991 0 0.953101
0.0469336 0 0.953066
0.0469702 0 0.95303
0.047009 0 0.952991
0.0470502 0 0.95295
0.0470935 0 0.952906
0.0471391 0 0.952861
0.0471875 0 0.952813
0.0472378 0 0.952762
0.0472902 0 0.95271
0.0473454 0 0.952655
0.047403 0 0.952597
0.047463 0 0.952537
0.0475251 0 0.952475
0.04759 0 0.95241
0.047657 0 0.952343
0.0477264 0 0.952274
0.210032 0 0.789968
0.212331 0 0.787669
0.212444 0 0.787556
0.212132 0 0.787868
0.212702 0 0.787298
0.213154 0 0.786846
0.214058 0 0.785942
0.221105 0 0.778895
0.22483 0 0.77517
0.224479 0 0.775521
0.226413 0 0.773587
0.226528 0 0.773472
0.226293 0 0.773707
0.225292 0 0.774708
0.223806 0 0.776194
0.222371 0 0.777629
0.221138 0 0.778862
0.2203 0 0.7797
0.220672 0 0.779328
0.221438 0 0.778562
0.222882 0 0.777118
0.223814 0 0.776186
0.223184 0 0.776816
0.222345 0 0.777655
0.221157 0 0.778843
0.220581 0 0.779419
0.223783 0 0.776217
0.225856 0 0.774144
0.226014 0 0.773986
0.226017 0 0.773983
0.226052 0 0.773948
0.225742 0 0.774258
0.225628 0 0.774372
0.22579 0 0.77421
0.225942 0 0.774058
0.226466 0 0.773534
0.226509 0 0.773491
0.226066 0 0.773934
0.220222 0 0.779778
0.215383 0 0.784617
0.213596 0 0.786404
0.211662 0 0.788338
0.209796 0 0.790204
0.207747 0 0.792253
0.205211 0 0.794789
0.202644 0 0.797356
0.201031 0 0.798969
0.199922 0 0.800078
0.198868 0 0.801132
0.358934 0 0.641066
0.356934 0 0.643066
0.355248 0 0.644752
0.35376 0 0.64624
0.352243 0 0.647757
0.3509 0 0.6491
0.349634 0 0.650366
0.348297 0 0.651703
0.346484 0 0.653516
0.343238 0 0.656762
0.339629 0 0.660371
0.337108 0 0.662892
0.334449 0 0.665551
0.333393 0 0.666607
0.334477 0 0.665523
0.335375 0 0.664626
0.336363 0 0.663637
0.337347 0 0.662653
0.338189 0 0.661811
0.339199 0 0.660801
0.340062 0 0.659938
0.34093 0 0.65907
0.341867 0 0.658133
0.34262 0 0.65738
0.343025 0 0.656975
0.342142 0 0.657858
0.340144 0 0.659856
0.336113 0 0.663888
0.332344 0 0.667656
0.328643 0 0.671358
0.324958 0 0.675042
0.321053 0 0.678947
0.317332 0 0.682668
0.315372 0 0.684628
0.313531 0 0.686469
0.311704 0 0.688296
0.30989 0 0.69011
0.231449 0 0.768551
0.220094 0 0.779906
0.219101 0 0.780899
0.20427 0 0.79573
0.203048 0 0.796952
0.201967 0 0.798033
0.20152 0 0.79848
0.197564 0 0.802436
0.195399 0 0.804601
0.194409 0 0.805591
0.19439 0 0.80561
0.192551 0 0.807449
0.192925 0 0.807075
0.194477 0 0.805523
0.198978 0 0.801022
0.202337 0 0.797663
0.204794 0 0.795206
0.206422 0 0.793578
0.207078 0 0.792922
0.207062 0 0.792938
0.206771 0 0.793229
0.206426 0 0.793574
0.205845 0 0.794155
0.205282 0 0.794718
0.204934 0 0.795066
0.0867914 0 0.913209
0.0822678 0 0.917732
0.0822334 0 0.917767
0.0822028 0 0.917797
0.0821766 0 0.917823
0.0821546 0 0.917845
0.0821365 0 0.917863
0.082122 0 0.917878
0.0821123 0 0.917888
0.0821067 0 0.917893
0.0821046 0 0.917895
0.0821068 0 0.917893
0.0821131 0 0.917887
0.0821234 0 0.917877
0.0821381 0 0.917862
0.0821563 0 0.917844
0.0545755 0 0.945424
0.0488085 0 0.951192
0.046615 0 0.953385
0.0466399 0 0.95336
0.0466671 0 0.953333
0.0466966 0 0.953303
0.0467282 0 0.953272
0.0467624 0 0.953238
0.0467989 0 0.953201
0.0468374 0 0.953163
0.0468783 0 0.953122
0.0469212 0 0.953079
0.0469668 0 0.953033
0.0470141 0 0.952986
0.0470644 0 0.952936
0.0471168 0 0.952883
0.0471713 0 0.952829
0.0472285 0 0.952772
0.0472877 0 0.952712
0.0473497 0 0.95265
0.0474139 0 0.952586
0.0474804 0 0.95252
0.0475494 0 0.952451
0.199337 0 0.800663
0.200049 0 0.799951
0.200229 0 0.799771
0.199915 0 0.800085
0.200695 0 0.799305
0.201832 0 0.798168
0.203592 0 0.796408
0.204846 0 0.795154
0.20709 0 0.79291
0.210218 0 0.789782
0.211491 0 0.788509
0.213005 0 0.786995
0.217461 0 0.782539
0.219804 0 0.780196
0.220755 0 0.779245
0.220447 0 0.779553
0.219231 0 0.780769
0.218389 0 0.781611
0.218696 0 0.781304
0.219534 0 0.780466
0.220624 0 0.779376
0.221651 0 0.778349
0.221674 0 0.778326
0.220849 0 0.779151
0.220131 0 0.779869
0.219497 0 0.780503
0.218833 0 0.781167
0.222918 0 0.777082
0.224087 0 0.775913
0.224312 0 0.775688
0.224235 0 0.775765
0.224426 0 0.775574
0.224236 0 0.775764
0.224467 0 0.775533
0.224884 0 0.775116
0.224881 0 0.775119
0.224515 0 0.775485
0.222352 0 0.777648
0.215698 0 0.784302
0.213477 0 0.786523
0.211916 0 0.788084
0.210089 0 0.789911
0.207053 0 0.792947
0.203913 0 0.796087
0.200831 0 0.799169
0.199034 0 0.800966
0.197748 0 0.802252
0.196716 0 0.803284
0.195694 0 0.804306
0.194702 0 0.805298
 ] }
}
