# Real Time: 1238.59
# Simulation Time: 49.96
# Radar Position: 914.414 -409.174 0.459508
# Radar Quat: 0.00490259 -0.0095926 0.870118 0.492725
PointSet {
 coord Coordinate { point [
903.391 -419.632 0.873127
904.717 -418.502 0.824359
905.772 -417.603 0.785566
910.01 -413.519 0.628002
910.068 -413.523 0.626058
910.101 -413.552 0.625088
910.133 -413.581 0.624125
910.165 -413.61 0.623169
910.219 -413.617 0.621436
910.251 -413.646 0.62051
910.282 -413.675 0.619591
910.314 -413.704 0.618678
910.346 -413.733 0.617771
910.378 -413.762 0.616871
910.392 -413.812 0.616662
910.424 -413.841 0.615758
910.457 -413.87 0.61486
910.489 -413.899 0.613968
910.493 -413.963 0.614177
910.412 -414.134 0.617661
910.579 -413.996 0.611625
910.622 -414.011 0.610324
910.655 -414.04 0.609461
910.687 -414.069 0.608604
910.739 -414.073 0.607005
910.771 -414.102 0.606176
910.803 -414.132 0.605353
910.835 -414.161 0.604534
910.868 -414.191 0.603721
910.9 -414.221 0.602913
910.932 -414.25 0.60211
910.949 -414.303 0.601935
910.982 -414.333 0.601124
911.015 -414.362 0.600317
911.034 -414.413 0.600074
910.95 -414.627 0.604009
912.412 -412.886 0.548848
913.02 -412.107 0.525739
903.372 -419.649 0.820395
904.702 -418.515 0.777565
905.759 -417.614 0.743512
910.01 -413.519 0.606104
910.068 -413.522 0.604302
910.1 -413.551 0.60334
910.133 -413.58 0.602384
910.165 -413.609 0.601433
910.234 -413.6 0.599311
910.266 -413.629 0.59839
910.297 -413.658 0.597474
910.329 -413.687 0.596564
910.361 -413.716 0.59566
910.393 -413.745 0.59476
910.392 -413.812 0.594935
910.424 -413.841 0.594028
910.457 -413.87 0.593126
910.489 -413.899 0.592228
910.493 -413.963 0.592278
910.412 -414.133 0.595117
910.579 -413.995 0.589817
910.622 -414.011 0.588573
910.655 -414.04 0.5877
910.687 -414.069 0.586831
910.745 -414.064 0.585142
910.784 -414.083 0.58404
910.816 -414.113 0.583203
910.849 -414.142 0.582369
910.881 -414.172 0.58154
910.913 -414.201 0.580714
910.945 -414.231 0.579892
910.949 -414.303 0.580031
910.982 -414.332 0.579199
911.015 -414.362 0.57837
911.034 -414.413 0.578017
910.95 -414.627 0.581165
912.411 -412.888 0.533874
913.02 -412.106 0.514114
903.352 -419.666 0.767488
904.686 -418.528 0.730636
905.747 -417.624 0.701346
910.01 -413.518 0.584214
910.068 -413.522 0.582553
910.1 -413.551 0.581598
910.133 -413.58 0.580648
910.165 -413.609 0.579703
910.238 -413.595 0.577666
910.27 -413.624 0.576739
910.302 -413.652 0.575817
910.334 -413.681 0.574899
910.366 -413.71 0.573985
910.398 -413.738 0.573075
910.392 -413.811 0.573214
910.424 -413.84 0.572304
910.456 -413.869 0.571398
910.489 -413.898 0.570496
910.492 -413.963 0.570384
910.412 -414.133 0.57258
910.579 -413.995 0.568016
910.622 -414.01 0.566829
910.654 -414.039 0.565945
910.687 -414.068 0.565065
910.745 -414.064 0.563505
910.787 -414.079 0.56236
910.819 -414.108 0.561498
910.852 -414.137 0.560639
910.884 -414.166 0.559782
910.917 -414.195 0.558928
910.949 -414.224 0.558077
910.949 -414.302 0.558134
910.982 -414.332 0.55728
911.015 -414.361 0.556429
911.034 -414.412 0.555965
910.95 -414.626 0.558327
912.409 -412.891 0.518903
913.019 -412.106 0.502493
903.333 -419.683 0.714404
904.671 -418.542 0.68357
905.735 -417.635 0.659067
910.01 -413.517 0.56233
910.068 -413.521 0.560807
910.1 -413.55 0.55986
910.133 -413.579 0.558917
910.165 -413.608 0.557978
910.237 -413.594 0.556149
910.27 -413.623 0.555226
910.302 -413.652 0.554305
910.334 -413.681 0.553388
910.366 -413.709 0.552475
910.398 -413.738 0.551564
910.391 -413.811 0.551497
910.424 -413.84 0.550584
910.456 -413.869 0.549674
910.489 -413.898 0.54877
910.492 -413.962 0.548493
910.411 -414.132 0.550047
910.579 -413.994 0.546221
910.622 -414.009 0.545089
910.654 -414.038 0.544195
910.687 -414.067 0.543303
910.745 -414.063 0.541874
910.787 -414.078 0.540778
910.819 -414.107 0.5399
910.852 -414.136 0.539025
910.884 -414.165 0.538152
910.916 -414.194 0.537281
910.949 -414.223 0.536411
910.949 -414.301 0.536241
910.981 -414.331 0.535366
911.014 -414.361 0.534493
911.033 -414.412 0.533917
910.95 -414.626 0.535492
913.019 -412.105 0.490877
903.314 -419.699 0.661155
904.656 -418.555 0.636374
905.722 -417.646 0.616689
910.01 -413.517 0.540454
910.068 -413.521 0.539067
910.1 -413.55 0.538128
910.132 -413.579 0.537192
910.165 -413.608 0.536258
910.237 -413.594 0.534638
910.269 -413.623 0.533717
910.301 -413.651 0.532799
910.334 -413.68 0.531884
910.366 -413.709 0.53097
910.398 -413.737 0.530059
910.391 -413.81 0.529786
910.424 -413.839 0.52887
910.456 -413.868 0.527956
910.488 -413.897 0.527048
910.492 -413.962 0.526606
910.411 -414.131 0.52752
910.578 -413.993 0.524433
910.622 -414.009 0.523354
910.654 -414.038 0.522449
910.687 -414.067 0.521546
910.744 -414.062 0.520249
910.787 -414.078 0.5192
910.819 -414.107 0.518308
910.851 -414.136 0.517418
910.884 -414.165 0.516528
910.916 -414.194 0.515638
910.949 -414.223 0.51475
910.948 -414.301 0.514354
910.981 -414.33 0.513458
911.014 -414.36 0.512562
911.033 -414.412 0.511873
910.949 -414.625 0.512661
913.019 -412.105 0.479265
903.295 -419.716 0.607726
904.641 -418.568 0.589039
905.71 -417.656 0.574197
910.01 -413.516 0.518583
910.067 -413.52 0.517332
910.1 -413.549 0.5164
910.132 -413.578 0.51547
910.165 -413.607 0.514542
910.237 -413.593 0.513131
910.269 -413.622 0.512214
910.301 -413.651 0.511298
910.333 -413.679 0.510384
910.365 -413.708 0.509471
910.397 -413.737 0.508558
910.391 -413.81 0.50808
910.424 -413.839 0.50716
910.456 -413.868 0.506242
910.488 -413.897 0.505329
910.491 -413.961 0.504722
910.411 -414.131 0.504997
910.578 -413.993 0.50265
910.622 -414.008 0.501624
910.654 -414.037 0.500709
910.686 -414.066 0.499794
910.744 -414.062 0.498631
910.787 -414.077 0.497627
910.819 -414.106 0.496721
910.851 -414.135 0.495814
910.884 -414.164 0.494908
910.916 -414.193 0.494001
910.949 -414.222 0.493093
910.948 -414.3 0.492471
910.981 -414.33 0.491554
911.014 -414.359 0.490636
911.033 -414.411 0.489833
910.949 -414.625 0.489834
913.019 -412.104 0.467657
903.275 -419.733 0.554132
904.625 -418.582 0.541572
905.698 -417.667 0.5316
910.01 -413.515 0.496718
910.067 -413.519 0.4956
910.1 -413.548 0.494676
910.132 -413.577 0.493752
910.165 -413.606 0.492829
910.237 -413.593 0.491627
910.269 -413.621 0.490713
910.301 -413.65 0.4898
910.333 -413.679 0.488887
910.365 -413.707 0.487974
910.397 -413.736 0.487061
910.391 -413.809 0.486376
910.423 -413.838 0.485454
910.456 -413.867 0.484532
910.488 -413.897 0.483612
910.491 -413.961 0.482839
910.411 -414.13 0.482478
910.578 -413.992 0.480872
910.621 -414.008 0.479897
910.654 -414.037 0.478971
910.686 -414.066 0.478045
910.744 -414.061 0.477016
910.786 -414.077 0.476057
910.819 -414.106 0.475136
910.851 -414.134 0.474214
910.884 -414.163 0.473291
910.916 -414.192 0.472366
910.948 -414.222 0.47144
910.948 -414.3 0.470592
910.981 -414.329 0.469653
911.014 -414.359 0.468712
911.033 -414.411 0.467794
913.019 -412.104 0.456052
903.255 -419.75 0.500352
904.61 -418.595 0.49396
905.686 -417.678 0.488885
910.01 -413.514 0.474856
910.067 -413.519 0.47387
910.1 -413.548 0.472953
910.132 -413.577 0.472037
910.164 -413.606 0.471119
910.237 -413.592 0.470125
910.269 -413.621 0.469215
910.301 -413.65 0.468304
910.333 -413.678 0.467392
910.365 -413.707 0.466479
910.397 -413.736 0.465565
910.391 -413.808 0.464675
910.423 -413.837 0.46375
910.456 -413.866 0.462823
910.487 -413.896 0.461896
910.491 -413.96 0.460958
910.411 -414.13 0.459961
910.578 -413.991 0.459097
910.621 -414.007 0.458172
910.654 -414.036 0.457236
910.686 -414.065 0.456299
910.744 -414.06 0.455405
910.786 -414.076 0.454489
910.819 -414.105 0.453554
910.851 -414.134 0.452617
910.883 -414.163 0.451676
910.916 -414.192 0.450734
910.948 -414.221 0.449789
910.948 -414.299 0.448714
910.981 -414.329 0.447755
911.014 -414.358 0.446792
911.032 -414.41 0.445756
913.019 -412.103 0.44445
903.236 -419.767 0.446389
904.595 -418.608 0.446205
905.673 -417.688 0.446055
910.01 -413.514 0.452998
910.067 -413.518 0.452141
910.1 -413.547 0.451232
910.132 -413.576 0.450322
910.164 -413.605 0.44941
910.237 -413.592 0.448624
910.269 -413.62 0.447717
910.301 -413.649 0.446809
910.333 -413.678 0.445898
910.365 -413.706 0.444986
910.397 -413.735 0.444071
910.391 -413.808 0.442974
910.423 -413.837 0.442046
910.456 -413.866 0.441116
910.487 -413.896 0.440179
910.491 -413.96 0.439076
910.408 -414.132 0.437429
910.578 -413.99 0.437325
910.621 -414.006 0.436448
910.654 -414.035 0.435502
910.686 -414.064 0.434553
910.744 -414.059 0.433796
910.786 -414.075 0.432923
910.818 -414.104 0.431973
910.851 -414.133 0.43102
910.883 -414.162 0.430063
910.916 -414.191 0.429102
910.948 -414.22 0.428138
910.948 -414.298 0.426838
910.981 -414.328 0.425857
911.014 -414.357 0.424872
911.032 -414.41 0.423718
913.019 -412.103 0.43285
903.217 -419.783 0.392249
904.58 -418.621 0.39831
905.661 -417.699 0.403112
909.849 -413.672 0.430024
910.067 -413.518 0.430413
910.099 -413.547 0.429512
910.132 -413.576 0.428608
910.164 -413.605 0.427702
910.237 -413.591 0.427125
910.269 -413.62 0.426221
910.301 -413.648 0.425315
910.333 -413.677 0.424406
910.365 -413.706 0.423494
910.397 -413.734 0.422578
910.391 -413.807 0.421276
910.423 -413.836 0.420345
910.455 -413.865 0.41941
910.487 -413.895 0.418462
910.36 -414.119 0.415718
910.394 -414.149 0.414738
910.545 -414.031 0.415158
910.621 -414.006 0.414726
910.653 -414.035 0.413769
910.686 -414.064 0.412809
910.744 -414.059 0.41219
910.786 -414.075 0.411358
910.818 -414.104 0.410393
910.851 -414.133 0.409424
910.883 -414.162 0.408451
910.915 -414.191 0.407473
910.948 -414.22 0.40649
910.947 -414.298 0.404964
910.98 -414.327 0.403961
911.013 -414.357 0.402954
910.908 -414.6 0.399506
913.019 -412.102 0.42125
904.042 -467.672 -0.609982
904.551 -467.155 -0.607562
905.043 -466.696 -0.606103
905.528 -466.23 -0.604426
906.006 -465.764 -0.602633
906.475 -465.301 -0.600801
906.938 -464.839 -0.598908
907.39 -464.394 -0.597222
907.837 -463.94 -0.595288
908.275 -463.5 -0.593509
903.198 -419.8 0.337929
904.565 -418.634 0.350274
905.649 -417.709 0.360056
909.833 -413.688 0.407189
910.067 -413.517 0.408687
910.099 -413.546 0.407794
910.132 -413.575 0.406897
910.164 -413.604 0.405996
910.232 -413.596 0.405563
910.264 -413.624 0.404666
910.297 -413.652 0.403766
910.329 -413.681 0.402861
910.361 -413.709 0.401953
910.394 -413.737 0.40104
910.391 -413.807 0.399578
910.423 -413.836 0.398645
910.455 -413.865 0.397706
910.487 -413.895 0.396745
910.346 -414.136 0.39288
910.38 -414.166 0.39189
910.414 -414.196 0.390896
910.621 -414.005 0.393005
910.653 -414.034 0.392038
910.686 -414.063 0.391066
910.744 -414.058 0.390586
910.781 -414.081 0.389694
910.813 -414.11 0.388719
910.846 -414.138 0.387738
910.879 -414.167 0.386751
910.911 -414.196 0.385759
910.944 -414.225 0.384761
910.947 -414.297 0.383091
910.98 -414.327 0.382067
911.013 -414.356 0.381037
910.896 -414.619 0.376378
912.925 -412.032 0.412463
912.943 -412.046 0.411898
913.019 -412.102 0.40965
895.139 -465.574 -0.631218
895.718 -465.155 -0.629306
896.286 -464.742 -0.627415
896.852 -464.312 -0.625116
897.405 -463.899 -0.623066
897.944 -463.503 -0.62127
898.483 -463.078 -0.618835
899.003 -462.693 -0.6171
899.519 -462.297 -0.615081
900.026 -461.903 -0.613034
900.52 -461.531 -0.611366
901.015 -461.132 -0.609069
901.492 -460.77 -0.607453
901.962 -460.412 -0.605863
902.432 -460.027 -0.603643
902.886 -459.677 -0.602097
903.334 -459.331 -0.600569
903.781 -458.959 -0.598418
904.214 -458.622 -0.596935
904.644 -458.274 -0.595173
905.071 -457.904 -0.59287
905.51 -457.437 -0.588402
905.927 -457.055 -0.58568
906.336 -456.679 -0.583035
906.741 -456.289 -0.580009
907.138 -455.912 -0.577213
907.525 -455.561 -0.574896
907.917 -455.13 -0.570745
908.306 -454.674 -0.565956
908.677 -454.31 -0.56314
909.04 -453.953 -0.560429
909.394 -453.629 -0.558429
909.746 -453.279 -0.555737
903.178 -419.817 0.283428
904.55 -418.647 0.302098
905.715 -417.644 0.31816
909.798 -413.722 0.383872
909.832 -413.753 0.382944
910.099 -413.546 0.386076
910.132 -413.575 0.385186
910.164 -413.604 0.384291
910.217 -413.611 0.38377
910.249 -413.639 0.382875
910.282 -413.668 0.381975
910.314 -413.696 0.381071
910.347 -413.725 0.380161
910.379 -413.753 0.379246
910.39 -413.806 0.377882
910.423 -413.835 0.376945
910.455 -413.864 0.376003
910.275 -414.149 0.370399
910.309 -414.18 0.369394
910.343 -414.21 0.368383
910.378 -414.241 0.367366
910.586 -414.049 0.370466
910.653 -414.034 0.370308
910.686 -414.063 0.369325
910.735 -414.069 0.368759
910.768 -414.098 0.367773
910.8 -414.127 0.366781
910.833 -414.155 0.365782
910.866 -414.184 0.364777
910.899 -414.213 0.363764
910.932 -414.242 0.362745
910.947 -414.297 0.361219
910.98 -414.326 0.360174
911.013 -414.356 0.359121
910.86 -414.673 0.352399
912.927 -412.028 0.401006
912.944 -412.045 0.400365
888.12 -461.043 -0.633587
888.727 -460.736 -0.632001
889.315 -460.451 -0.630826
913.019 -412.102 0.39805
890.46 -459.896 -0.628715
891.036 -459.587 -0.626919
891.611 -459.26 -0.624696
892.166 -458.963 -0.623063
892.714 -458.662 -0.621309
893.261 -458.346 -0.619189
893.789 -458.057 -0.617623
894.341 -457.696 -0.614405
894.944 -457.186 -0.607826
895.472 -456.839 -0.604812
895.99 -456.496 -0.601845
896.494 -456.171 -0.599223
896.986 -455.859 -0.596845
897.478 -455.528 -0.593999
897.955 -455.219 -0.591594
898.425 -454.912 -0.589215
898.892 -454.592 -0.586474
899.352 -454.275 -0.583768
899.798 -453.982 -0.581552
900.238 -453.687 -0.579269
900.675 -453.38 -0.576655
901.101 -453.092 -0.574462
901.519 -452.809 -0.572338
901.936 -452.512 -0.569822
902.363 -452.158 -0.56593
902.841 -451.595 -0.556954
903.226 -451.341 -0.555339
903.615 -451.057 -0.552957
903.991 -450.803 -0.551263
904.366 -450.53 -0.549069
904.737 -450.254 -0.546762
905.095 -450.012 -0.545266
905.455 -449.745 -0.543097
905.802 -449.512 -0.541752
906.14 -449.298 -0.540859
906.475 -449.086 -0.539989
906.805 -448.876 -0.53913
907.135 -448.646 -0.53775
907.459 -448.432 -0.536759
907.772 -448.255 -0.536673
908.066 -448.171 -0.538965
908.355 -448.117 -0.542016
908.642 -448.058 -0.544971
908.937 -447.938 -0.54634
909.242 -447.724 -0.545242
909.546 -447.497 -0.543787
909.843 -447.286 -0.542744
910.138 -447.073 -0.54161
910.43 -446.851 -0.540194
910.717 -446.644 -0.53917
903.159 -419.834 0.228744
904.535 -418.66 0.253777
905.625 -417.73 0.2736
909.798 -413.722 0.360976
909.832 -413.752 0.360057
910.099 -413.545 0.364359
910.132 -413.574 0.363475
910.164 -413.603 0.362586
910.202 -413.626 0.361824
910.235 -413.655 0.360932
910.267 -413.683 0.360033
910.3 -413.712 0.359128
910.332 -413.74 0.358217
910.365 -413.769 0.3573
910.39 -413.806 0.356186
910.423 -413.835 0.355246
910.455 -413.864 0.3543
910.275 -414.148 0.34753
910.309 -414.179 0.346519
910.343 -414.21 0.3455
910.377 -414.24 0.344474
910.412 -414.271 0.343441
910.653 -414.033 0.348578
910.685 -414.062 0.347583
910.722 -414.086 0.346701
910.755 -414.115 0.345699
910.787 -414.144 0.34469
910.82 -414.173 0.343673
910.853 -414.201 0.342648
910.886 -414.23 0.341615
910.919 -414.259 0.340574
910.947 -414.296 0.339347
910.98 -414.326 0.338281
910.825 -414.641 0.330408
910.86 -414.672 0.329266
885.524 -454.536 -0.625404
886.165 -454.221 -0.621174
886.794 -453.91 -0.616989
887.412 -453.601 -0.612851
888.014 -453.301 -0.608914
888.598 -453.019 -0.605388
889.182 -452.721 -0.601436
889.757 -452.423 -0.597489
890.321 -452.128 -0.593585
890.876 -451.835 -0.589723
891.421 -451.546 -0.585901
891.943 -451.284 -0.582758
912.922 -412.035 0.389297
892.918 -450.849 -0.578632
893.396 -450.632 -0.576561
893.869 -450.411 -0.574383
894.335 -450.192 -0.572223
913.019 -412.101 0.38645
895.233 -449.788 -0.56876
895.679 -449.572 -0.56666
896.119 -449.357 -0.564573
896.603 -449.032 -0.559662
897.182 -448.471 -0.548659
897.599 -448.263 -0.546653
897.997 -448.086 -0.545456
898.395 -447.896 -0.543914
898.776 -447.736 -0.543143
899.153 -447.577 -0.542397
899.525 -447.418 -0.541658
899.892 -447.261 -0.540934
900.258 -447.097 -0.540044
900.619 -446.933 -0.539139
900.976 -446.769 -0.538243
901.328 -446.609 -0.537429
901.674 -446.455 -0.536757
902.016 -446.3 -0.536093
902.359 -446.134 -0.535087
902.697 -445.968 -0.534094
903.027 -445.818 -0.533538
903.332 -445.738 -0.534857
903.62 -445.705 -0.537502
903.907 -445.672 -0.540145
904.194 -445.632 -0.542615
904.491 -445.55 -0.543924
904.807 -445.387 -0.543029
905.118 -445.231 -0.542309
905.43 -445.06 -0.54116
905.739 -444.885 -0.5399
906.041 -444.725 -0.539036
906.34 -444.562 -0.538087
906.639 -444.388 -0.536828
906.937 -444.201 -0.535181
907.233 -444.008 -0.53333
907.527 -443.805 -0.531204
907.814 -443.619 -0.529553
908.098 -443.436 -0.527956
908.378 -443.253 -0.526365
908.655 -443.071 -0.524785
908.928 -442.89 -0.523219
909.203 -442.678 -0.52071
909.473 -442.481 -0.518649
909.736 -442.303 -0.517118
909.988 -442.188 -0.517443
910.235 -442.095 -0.51842
910.481 -441.994 -0.519173
910.726 -441.884 -0.519669
910.97 -441.771 -0.520071
911.211 -441.659 -0.520474
911.451 -441.546 -0.520878
903.14 -419.851 0.173872
904.52 -418.673 0.205311
905.613 -417.741 0.230194
909.798 -413.721 0.33808
909.832 -413.752 0.33717
909.866 -413.782 0.336253
910.131 -413.574 0.341765
910.164 -413.603 0.340881
910.196 -413.632 0.339989
910.229 -413.66 0.339091
910.261 -413.689 0.338185
910.293 -413.718 0.337273
910.326 -413.747 0.336353
910.358 -413.776 0.335425
910.39 -413.805 0.33449
910.423 -413.834 0.333547
910.241 -414.117 0.32567
910.275 -414.148 0.324661
910.309 -414.178 0.323643
910.343 -414.209 0.322617
910.377 -414.239 0.321582
910.411 -414.27 0.320538
910.627 -414.066 0.325919
910.685 -414.062 0.325842
910.718 -414.091 0.324827
910.75 -414.12 0.323804
910.783 -414.149 0.322772
910.816 -414.178 0.321731
910.848 -414.207 0.320681
910.881 -414.237 0.319621
910.914 -414.266 0.318553
910.947 -414.295 0.317475
910.98 -414.325 0.316388
910.825 -414.64 0.3073
910.86 -414.671 0.306133
890.856 -446.157 -0.578278
891.338 -445.967 -0.574947
891.812 -445.778 -0.571672
892.278 -445.59 -0.568452
892.736 -445.404 -0.565287
893.188 -445.22 -0.562178
893.632 -445.036 -0.559115
894.069 -444.855 -0.556106
894.5 -444.674 -0.553146
894.924 -444.496 -0.550236
895.341 -444.318 -0.547371
912.912 -412.005 0.378818
912.932 -412.017 0.378282
912.951 -412.03 0.377705
912.97 -412.043 0.377123
912.989 -412.057 0.376536
913.008 -412.07 0.375944
913.027 -412.084 0.375347
913.046 -412.097 0.374744
898.562 -443.354 -0.540486
899.021 -442.982 -0.532018
899.334 -442.92 -0.53263
899.642 -442.861 -0.533365
899.956 -442.781 -0.533511
900.236 -442.776 -0.535882
900.56 -442.661 -0.535025
900.879 -442.551 -0.534302
901.213 -442.391 -0.53213
901.538 -442.247 -0.53043
901.835 -442.164 -0.53056
902.128 -442.086 -0.53087
902.419 -442.005 -0.531091
902.706 -441.929 -0.531458
902.987 -441.865 -0.532227
903.268 -441.792 -0.532744
903.547 -441.717 -0.533214
903.825 -441.64 -0.533629
904.103 -441.553 -0.533762
904.38 -441.466 -0.533901
904.653 -441.379 -0.534056
904.925 -441.291 -0.534197
905.194 -441.203 -0.534352
905.461 -441.115 -0.534517
905.726 -441.026 -0.534655
905.99 -440.933 -0.534684
906.251 -440.84 -0.534719
906.51 -440.748 -0.534807
906.764 -440.669 -0.535305
907.019 -440.575 -0.535356
907.273 -440.481 -0.535411
907.524 -440.387 -0.535469
907.773 -440.292 -0.535535
908.017 -440.21 -0.535976
908.261 -440.119 -0.53618
908.504 -440.024 -0.53626
908.746 -439.929 -0.536346
908.985 -439.834 -0.536432
909.221 -439.743 -0.536664
909.456 -439.652 -0.536911
909.689 -439.561 -0.537163
909.921 -439.467 -0.537335
910.151 -439.371 -0.537446
910.379 -439.275 -0.53756
910.606 -439.181 -0.53774
910.83 -439.089 -0.538015
911.053 -438.997 -0.538302
911.274 -438.904 -0.538565
911.494 -438.807 -0.538701
911.712 -438.71 -0.538838
911.929 -438.613 -0.538983
865.988 -443.685 -0.676259
866.971 -443.487 -0.666912
867.71 -443.451 -0.663054
868.387 -443.452 -0.660498
869.055 -443.45 -0.657992
869.689 -443.463 -0.65613
870.344 -443.452 -0.653573
870.988 -443.442 -0.651142
871.6 -443.446 -0.649308
872.233 -443.426 -0.646803
872.849 -443.41 -0.644516
873.444 -443.403 -0.642652
874.054 -443.375 -0.640204
874.627 -443.369 -0.638562
875.223 -443.337 -0.636151
875.783 -443.326 -0.634543
876.359 -443.293 -0.632319
876.912 -443.274 -0.630594
877.458 -443.251 -0.628877
878.014 -443.212 -0.626712
903.12 -419.867 0.118822
904.505 -418.687 0.156699
905.601 -417.752 0.186671
909.797 -413.72 0.315183
909.832 -413.751 0.314282
909.866 -413.781 0.313373
910.131 -413.573 0.320053
910.164 -413.602 0.319175
910.196 -413.631 0.318288
910.228 -413.66 0.317393
910.261 -413.689 0.31649
910.293 -413.718 0.315578
910.325 -413.747 0.314658
910.358 -413.776 0.31373
910.39 -413.805 0.312793
910.422 -413.833 0.311847
910.241 -414.117 0.302805
910.275 -414.147 0.30179
910.309 -414.178 0.300766
910.343 -414.208 0.299732
910.377 -414.239 0.298689
910.411 -414.269 0.297636
910.445 -414.3 0.296573
910.685 -414.061 0.3041
910.718 -414.09 0.303073
910.75 -414.119 0.302035
910.783 -414.148 0.300989
910.816 -414.178 0.299932
910.848 -414.207 0.298865
910.881 -414.236 0.297788
910.914 -414.265 0.2967
910.947 -414.295 0.295602
910.79 -414.608 0.285371
910.825 -414.639 0.284191
910.86 -414.671 0.282999
894.142 -440.995 -0.565398
894.529 -440.874 -0.56267
894.914 -440.749 -0.559841
895.287 -440.635 -0.557399
895.664 -440.508 -0.554548
896.029 -440.39 -0.552056
896.393 -440.267 -0.549403
896.751 -440.148 -0.546889
897.104 -440.028 -0.544406
897.45 -439.914 -0.542139
897.786 -439.81 -0.540195
912.913 -412.002 0.36742
912.933 -412.014 0.366898
912.952 -412.027 0.366311
912.971 -412.04 0.365718
912.99 -412.054 0.36512
913.009 -412.067 0.364515
913.028 -412.081 0.363905
913.047 -412.094 0.363289
900.475 -439.226 -0.535646
900.749 -439.186 -0.536093
901.021 -439.142 -0.536471
901.297 -439.084 -0.536366
901.565 -439.04 -0.536793
901.836 -438.982 -0.536749
902.102 -438.933 -0.537038
902.368 -438.877 -0.537134
902.631 -438.821 -0.53725
902.891 -438.769 -0.537511
903.153 -438.707 -0.537451
903.408 -438.657 -0.537841
903.666 -438.592 -0.537756
903.919 -438.537 -0.538009
904.171 -438.476 -0.538117
904.422 -438.413 -0.538152
904.669 -438.358 -0.538477
904.918 -438.289 -0.538343
905.161 -438.231 -0.538638
905.405 -438.166 -0.538692
905.647 -438.1 -0.538729
905.885 -438.041 -0.539039
906.126 -437.968 -0.538898
906.361 -437.906 -0.539145
906.596 -437.839 -0.539237
906.83 -437.768 -0.539194
907.06 -437.706 -0.539518
907.291 -437.632 -0.539424
907.519 -437.564 -0.539538
907.745 -437.497 -0.539747
907.972 -437.42 -0.539603
908.194 -437.354 -0.539849
908.416 -437.282 -0.53992
908.637 -437.205 -0.53983
908.855 -437.138 -0.540117
909.073 -437.062 -0.540083
909.289 -436.985 -0.540075
909.503 -436.917 -0.540351
909.716 -436.837 -0.540237
909.928 -436.76 -0.540246
910.139 -436.679 -0.540139
910.349 -436.592 -0.539827
910.555 -436.517 -0.539933
910.762 -436.432 -0.539728
910.969 -436.33 -0.538867
911.173 -436.242 -0.538589
911.375 -436.153 -0.538248
911.577 -436.051 -0.537469
911.777 -435.957 -0.536975
911.974 -435.868 -0.53665
912.171 -435.765 -0.535853
912.366 -435.668 -0.535306
863.265 -433.97 -0.643945
863.817 -434.14 -0.642905
864.357 -434.31 -0.642041
864.964 -434.439 -0.639619
865.531 -434.581 -0.637989
866.085 -434.723 -0.636558
866.439 -434.966 -0.63963
866.755 -435.227 -0.643573
867.238 -435.393 -0.643648
867.828 -435.492 -0.641107
868.359 -435.618 -0.63989
868.882 -435.742 -0.638745
869.413 -435.855 -0.637339
869.924 -435.974 -0.636323
870.599 -435.986 -0.631125
871.215 -436.025 -0.627251
871.721 -436.126 -0.626004
872.24 -436.212 -0.624343
872.755 -436.294 -0.622681
873.266 -436.373 -0.62102
873.77 -436.449 -0.619426
874.252 -436.534 -0.618323
874.757 -436.598 -0.616503
875.24 -436.67 -0.615167
875.731 -436.731 -0.613514
876.218 -436.788 -0.611867
876.698 -436.844 -0.610293
877.164 -436.905 -0.609023
877.628 -436.961 -0.6077
878.099 -437.006 -0.606064
878.566 -437.047 -0.604429
879.029 -437.086 -0.602802
879.468 -437.138 -0.601795
879.919 -437.175 -0.60031
880.371 -437.205 -0.59869
880.819 -437.232 -0.597076
881.253 -437.265 -0.59577
881.681 -437.298 -0.594575
882.116 -437.319 -0.593011
882.549 -437.336 -0.591413
882.978 -437.351 -0.589843
883.396 -437.369 -0.588492
883.804 -437.392 -0.587392
884.221 -437.399 -0.585824
903.101 -419.884 0.0635721
904.489 -418.7 0.107934
905.589 -417.762 0.143031
909.797 -413.72 0.292284
909.86 -413.721 0.292458
909.894 -413.752 0.291548
909.927 -413.783 0.290629
910.158 -413.608 0.297248
910.191 -413.636 0.296378
910.223 -413.665 0.295499
910.256 -413.693 0.29461
910.289 -413.722 0.293712
910.321 -413.75 0.292804
910.354 -413.779 0.291887
910.387 -413.808 0.29096
910.229 -414.059 0.281926
910.263 -414.089 0.28091
910.296 -414.12 0.279883
910.33 -414.151 0.278846
910.364 -414.182 0.277798
910.398 -414.212 0.27674
910.431 -414.243 0.275671
910.465 -414.274 0.274591
910.667 -414.084 0.281498
910.712 -414.097 0.281028
910.744 -414.126 0.279986
910.777 -414.155 0.278933
910.81 -414.184 0.277869
910.843 -414.213 0.276793
910.876 -414.242 0.275706
910.909 -414.271 0.274607
910.942 -414.301 0.273497
910.806 -414.583 0.263171
910.841 -414.614 0.261964
910.875 -414.646 0.260745
896.741 -436.912 -0.549046
897.034 -436.877 -0.548284
897.317 -436.854 -0.548023
897.606 -436.817 -0.547279
897.9 -436.766 -0.546061
898.208 -436.687 -0.543882
898.505 -436.62 -0.542163
898.808 -436.537 -0.539869
899.1 -436.467 -0.538152
899.38 -436.414 -0.537055
899.658 -436.358 -0.53587
912.913 -412.002 0.355959
912.933 -412.013 0.355442
912.952 -412.026 0.354844
912.971 -412.04 0.354239
912.99 -412.053 0.353629
913.009 -412.067 0.353012
913.028 -412.08 0.352389
913.047 -412.094 0.351759
902.077 -435.771 -0.523947
902.315 -435.744 -0.524196
902.553 -435.713 -0.524339
902.795 -435.668 -0.523993
903.029 -435.636 -0.524149
903.264 -435.598 -0.524112
903.5 -435.552 -0.523826
903.73 -435.518 -0.524004
903.958 -435.482 -0.524168
904.192 -435.428 -0.523651
904.418 -435.389 -0.523752
904.642 -435.35 -0.523883
904.87 -435.297 -0.523479
905.093 -435.251 -0.5234
905.314 -435.209 -0.5235
905.534 -435.162 -0.523437
905.756 -435.103 -0.522951
905.972 -435.058 -0.523023
906.187 -435.011 -0.523042
906.405 -434.951 -0.522579
906.618 -434.899 -0.522454
906.829 -434.85 -0.522485
907.04 -434.794 -0.522242
907.252 -434.731 -0.521799
907.459 -434.68 -0.5218
907.664 -434.627 -0.521793
907.872 -434.558 -0.521151
908.076 -434.502 -0.521031
908.277 -434.447 -0.520999
908.48 -434.38 -0.520538
908.681 -434.316 -0.520183
908.879 -434.259 -0.520122
909.075 -434.201 -0.520053
909.271 -434.139 -0.519853
909.465 -434.079 -0.519785
909.657 -434.024 -0.519878
909.846 -433.976 -0.520297
910.032 -433.935 -0.521013
910.218 -433.893 -0.521729
910.403 -433.85 -0.522438
910.586 -433.81 -0.523274
910.768 -433.776 -0.524338
910.95 -433.733 -0.525119
911.132 -433.688 -0.52582
911.312 -433.644 -0.526601
911.491 -433.601 -0.527446
911.67 -433.557 -0.528243
911.847 -433.514 -0.529152
912.024 -433.466 -0.529872
912.199 -433.427 -0.530958
912.372 -433.405 -0.532766
912.544 -433.389 -0.534846
912.717 -433.355 -0.536251
873.018 -429.588 -0.60353
873.44 -429.737 -0.602179
873.952 -429.835 -0.598422
874.368 -429.977 -0.597094
874.757 -430.127 -0.59644
875.161 -430.266 -0.595344
875.552 -430.407 -0.594543
875.961 -430.534 -0.59322
876.342 -430.671 -0.59258
876.737 -430.797 -0.591551
877.129 -430.919 -0.590514
877.52 -431.038 -0.589471
877.909 -431.154 -0.588421
878.296 -431.266 -0.587367
878.681 -431.375 -0.586303
879.065 -431.48 -0.585233
879.445 -431.583 -0.584196
879.82 -431.685 -0.583273
880.195 -431.783 -0.582288
880.556 -431.886 -0.581652
880.936 -431.972 -0.580389
881.305 -432.06 -0.579389
881.674 -432.145 -0.578357
882.042 -432.226 -0.577255
882.408 -432.304 -0.576148
882.773 -432.379 -0.575032
883.135 -432.451 -0.573918
883.495 -432.52 -0.572803
883.843 -432.595 -0.57203
884.199 -432.659 -0.570937
884.543 -432.729 -0.570165
884.895 -432.787 -0.56904
885.245 -432.843 -0.567911
885.593 -432.897 -0.566778
885.939 -432.948 -0.565648
886.28 -432.999 -0.564618
886.62 -433.047 -0.563556
886.945 -433.104 -0.562958
887.283 -433.144 -0.561779
887.619 -433.183 -0.560647
887.951 -433.222 -0.559561
888.282 -433.257 -0.558424
888.611 -433.289 -0.557287
902.561 -420.395 -0.0126203
904.186 -418.99 0.0474033
905.22 -418.12 0.0847231
909.823 -413.694 0.270443
909.865 -413.716 0.269929
909.899 -413.746 0.269043
909.933 -413.776 0.268146
910.143 -413.623 0.274848
910.175 -413.652 0.273982
910.208 -413.68 0.273105
910.241 -413.709 0.272217
910.274 -413.738 0.271319
910.307 -413.766 0.27041
910.339 -413.795 0.26949
910.372 -413.824 0.268559
910.238 -414.048 0.259589
910.271 -414.079 0.258583
910.305 -414.109 0.257565
910.339 -414.139 0.256535
910.373 -414.169 0.255494
910.407 -414.2 0.254441
910.441 -414.23 0.253376
910.475 -414.261 0.252299
910.509 -414.291 0.25121
910.698 -414.115 0.258515
910.731 -414.144 0.257456
910.764 -414.173 0.256385
910.797 -414.202 0.255302
910.83 -414.231 0.254206
910.863 -414.26 0.253098
910.896 -414.289 0.251976
910.782 -414.536 0.242044
910.817 -414.566 0.240839
910.851 -414.597 0.239621
910.886 -414.628 0.238389
898.887 -433.539 -0.527653
899.215 -433.397 -0.521935
899.538 -433.256 -0.516258
899.765 -433.263 -0.51663
900.016 -433.227 -0.515352
900.299 -433.135 -0.511808
900.583 -433.033 -0.507896
900.82 -433.008 -0.507158
901.071 -432.952 -0.505206
901.245 -433.031 -0.508814
901.438 -433.076 -0.511027
912.913 -412.002 0.344496
912.933 -412.013 0.343986
912.952 -412.026 0.343377
912.971 -412.039 0.342761
912.99 -412.053 0.342139
913.009 -412.066 0.341509
913.028 -412.08 0.340873
913.047 -412.093 0.340229
903.487 -432.73 -0.502536
903.701 -432.698 -0.502066
903.915 -432.664 -0.501508
904.122 -432.642 -0.501501
904.32 -432.635 -0.502132
904.521 -432.619 -0.502469
904.722 -432.598 -0.50259
904.921 -432.58 -0.502881
905.119 -432.561 -0.503188
905.315 -432.543 -0.503556
905.512 -432.521 -0.50381
905.707 -432.5 -0.504103
905.899 -432.481 -0.504559
906.088 -432.469 -0.505285
906.276 -432.457 -0.506107
906.463 -432.443 -0.506854
906.647 -432.436 -0.507906
906.832 -432.422 -0.508729
907.018 -432.405 -0.509437
907.202 -432.387 -0.510146
907.384 -432.374 -0.511099
907.567 -432.355 -0.511846
907.748 -432.338 -0.512679
907.928 -432.32 -0.513519
908.109 -432.298 -0.514214
908.289 -432.274 -0.514906
908.467 -432.256 -0.515804
908.643 -432.238 -0.51679
908.82 -432.213 -0.517517
908.997 -432.187 -0.518209
909.173 -432.16 -0.518889
909.348 -432.136 -0.51969
909.522 -432.108 -0.520413
909.694 -432.087 -0.521444
909.867 -432.058 -0.522135
910.039 -432.03 -0.522953
910.21 -432.004 -0.52384
910.376 -431.998 -0.525621
910.542 -431.989 -0.527316
910.712 -431.958 -0.528089
910.879 -431.932 -0.529151
911.046 -431.905 -0.530166
911.213 -431.878 -0.531178
911.379 -431.848 -0.532137
911.545 -431.812 -0.532845
911.71 -431.778 -0.533648
911.874 -431.748 -0.534652
912.038 -431.716 -0.535651
912.201 -431.684 -0.536652
912.363 -431.65 -0.537568
912.525 -431.609 -0.538194
912.686 -431.572 -0.53908
912.846 -431.538 -0.540068
913.006 -431.502 -0.541054
880.012 -426.429 -0.566301
880.317 -426.575 -0.565689
880.622 -426.718 -0.565066
880.927 -426.858 -0.564435
881.231 -426.995 -0.563793
881.535 -427.129 -0.563141
881.838 -427.26 -0.56248
882.141 -427.388 -0.561791
882.443 -427.513 -0.56113
882.744 -427.636 -0.560442
883.045 -427.755 -0.559747
883.345 -427.872 -0.559041
883.645 -427.986 -0.558329
883.943 -428.097 -0.557608
884.241 -428.205 -0.556879
884.539 -428.311 -0.556144
884.835 -428.414 -0.555401
885.13 -428.514 -0.554651
885.425 -428.612 -0.553898
885.719 -428.707 -0.553134
886.011 -428.8 -0.55239
886.303 -428.889 -0.551589
886.594 -428.977 -0.55081
886.883 -429.062 -0.550051
887.172 -429.145 -0.549263
887.454 -429.23 -0.548691
887.738 -429.31 -0.547994
888.02 -429.388 -0.547322
888.299 -429.465 -0.546723
888.582 -429.536 -0.545911
888.865 -429.605 -0.545089
889.146 -429.671 -0.544262
889.426 -429.735 -0.543435
889.705 -429.797 -0.542601
889.982 -429.857 -0.541764
890.259 -429.915 -0.540925
890.533 -429.971 -0.540106
890.805 -430.026 -0.539344
891.073 -430.082 -0.538695
891.339 -430.136 -0.538092
891.612 -430.181 -0.537131
891.881 -430.226 -0.536253
902.625 -420.332 -0.0670039
904.171 -419.004 -0.00306667
905.293 -418.048 0.0430038
909.823 -413.693 0.247676
909.865 -413.715 0.247205
909.899 -413.745 0.246327
909.933 -413.776 0.245436
909.967 -413.806 0.244535
910.001 -413.836 0.243621
910.035 -413.866 0.242696
910.068 -413.897 0.241759
910.102 -413.927 0.24081
910.136 -413.957 0.239849
910.17 -413.987 0.238875
910.204 -414.018 0.23789
910.237 -414.048 0.236892
910.271 -414.078 0.235881
910.305 -414.108 0.234858
910.339 -414.139 0.233822
910.373 -414.169 0.232773
910.407 -414.199 0.231712
910.441 -414.23 0.230637
910.475 -414.26 0.229549
910.509 -414.29 0.228448
910.543 -414.321 0.227334
910.577 -414.351 0.226206
910.611 -414.382 0.225064
910.645 -414.412 0.223908
910.679 -414.443 0.222739
910.713 -414.474 0.221555
910.748 -414.504 0.220357
910.782 -414.535 0.219145
910.817 -414.566 0.217918
910.851 -414.597 0.216677
910.886 -414.628 0.21542
900.603 -430.844 -0.508607
900.901 -430.707 -0.502138
901.159 -430.629 -0.498294
901.372 -430.617 -0.497488
901.606 -430.569 -0.495077
901.858 -430.485 -0.491155
902.09 -430.431 -0.48863
902.291 -430.426 -0.488286
902.491 -430.419 -0.487927
902.688 -430.416 -0.487783
902.884 -430.41 -0.487586
912.913 -412.001 0.333033
912.933 -412.012 0.33253
912.952 -412.025 0.33191
912.971 -412.039 0.331283
912.99 -412.052 0.330649
913.009 -412.066 0.330007
913.028 -412.079 0.329357
913.047 -412.093 0.328699
904.461 -430.63 -0.499774
904.595 -430.735 -0.504938
904.773 -430.744 -0.50586
904.993 -430.653 -0.502364
905.171 -430.655 -0.503041
905.348 -430.658 -0.503833
905.522 -430.665 -0.504825
905.698 -430.665 -0.50554
905.873 -430.664 -0.506249
906.048 -430.661 -0.506927
906.221 -430.659 -0.507693
906.393 -430.662 -0.508674
906.565 -430.659 -0.509453
906.737 -430.652 -0.510117
906.909 -430.645 -0.510778
907.08 -430.638 -0.511508
907.25 -430.63 -0.512189
907.42 -430.621 -0.512912
907.587 -430.618 -0.513882
907.755 -430.608 -0.514611
907.923 -430.596 -0.515276
908.089 -430.586 -0.516078
908.255 -430.577 -0.516948
908.416 -430.579 -0.518389
908.579 -430.575 -0.519529
908.744 -430.558 -0.520165
908.908 -430.546 -0.521039
909.07 -430.535 -0.521996
909.231 -430.523 -0.522951
909.393 -430.51 -0.523902
909.553 -430.496 -0.524798
909.715 -430.475 -0.525458
909.875 -430.456 -0.526202
910.034 -430.44 -0.527151
910.193 -430.424 -0.528093
910.351 -430.406 -0.529036
910.509 -430.386 -0.529864
910.667 -430.361 -0.530504
910.823 -430.338 -0.531304
910.979 -430.318 -0.532239
911.134 -430.297 -0.533171
911.289 -430.276 -0.534106
911.443 -430.253 -0.535035
911.597 -430.227 -0.535801
911.751 -430.196 -0.536391
911.904 -430.171 -0.537263
912.056 -430.145 -0.538188
912.207 -430.12 -0.53911
912.358 -430.093 -0.540028
912.509 -430.066 -0.540949
912.659 -430.033 -0.541632
912.809 -429.998 -0.542223
912.958 -429.969 -0.543137
913.106 -429.939 -0.544047
913.254 -429.908 -0.544957
884.96 -424.198 -0.54166
885.201 -424.332 -0.54125
885.443 -424.465 -0.54083
885.685 -424.595 -0.540401
885.927 -424.722 -0.539961
886.169 -424.847 -0.539512
886.411 -424.97 -0.539055
886.653 -425.09 -0.538588
886.895 -425.208 -0.538112
887.136 -425.324 -0.537628
887.378 -425.437 -0.537134
887.619 -425.548 -0.536632
887.86 -425.657 -0.536124
888.101 -425.763 -0.535608
888.342 -425.867 -0.535084
888.582 -425.969 -0.534551
888.822 -426.068 -0.534012
889.062 -426.166 -0.533464
889.302 -426.261 -0.532912
889.541 -426.354 -0.532352
889.779 -426.445 -0.531782
890.017 -426.533 -0.531208
890.255 -426.62 -0.530629
890.492 -426.704 -0.530042
890.729 -426.787 -0.52945
890.965 -426.867 -0.528852
891.198 -426.947 -0.528343
891.435 -427.022 -0.527645
891.667 -427.098 -0.527146
891.896 -427.175 -0.526756
892.132 -427.242 -0.525978
892.368 -427.308 -0.525198
892.597 -427.377 -0.524728
892.823 -427.446 -0.524302
893.057 -427.506 -0.523521
893.279 -427.573 -0.523206
893.507 -427.634 -0.522619
893.741 -427.686 -0.521707
894.135 -427.591 -0.513099
894.394 -427.612 -0.510769
894.627 -427.655 -0.509652
902.688 -420.271 -0.120878
904.155 -419.017 -0.0536982
905.298 -418.042 -0.00146515
909.797 -413.718 0.223576
909.865 -413.714 0.224478
909.899 -413.745 0.223607
909.933 -413.775 0.222724
909.967 -413.805 0.221828
910.001 -413.836 0.220919
910.034 -413.866 0.219998
910.068 -413.896 0.219063
910.102 -413.926 0.218115
910.136 -413.957 0.217154
910.17 -413.987 0.21618
910.203 -414.017 0.215192
910.237 -414.047 0.214191
910.271 -414.077 0.213176
910.305 -414.108 0.212148
910.339 -414.138 0.211106
910.373 -414.168 0.210049
910.407 -414.199 0.208979
910.44 -414.229 0.207895
910.474 -414.259 0.206796
910.508 -414.29 0.205683
910.543 -414.32 0.204556
910.577 -414.351 0.203414
910.611 -414.381 0.202257
910.645 -414.412 0.201084
910.679 -414.442 0.199897
910.713 -414.473 0.198695
910.748 -414.504 0.197477
910.782 -414.534 0.196244
910.816 -414.565 0.194995
910.851 -414.596 0.193729
910.859 -414.668 0.190445
901.977 -428.684 -0.49339
902.154 -428.708 -0.493819
902.33 -428.73 -0.494241
902.506 -428.751 -0.49466
902.681 -428.771 -0.495071
902.856 -428.788 -0.495402
903.035 -428.798 -0.495441
903.214 -428.805 -0.495385
903.395 -428.807 -0.495094
903.574 -428.809 -0.494872
903.752 -428.81 -0.494693
912.913 -412.002 0.32154
912.933 -412.012 0.321075
912.952 -412.025 0.320444
912.971 -412.038 0.319805
912.99 -412.052 0.319159
913.009 -412.065 0.318504
913.028 -412.079 0.317841
913.047 -412.092 0.31717
905.185 -429.067 -0.506887
905.303 -429.178 -0.512502
905.437 -429.257 -0.516551
905.576 -429.322 -0.520034
905.801 -429.189 -0.513871
905.99 -429.134 -0.5116
906.172 -429.093 -0.509997
906.332 -429.101 -0.510818
906.499 -429.089 -0.510733
906.657 -429.097 -0.511675
906.82 -429.089 -0.511838
906.98 -429.088 -0.512448
907.136 -429.093 -0.513337
907.292 -429.099 -0.514297
907.449 -429.1 -0.515104
907.607 -429.095 -0.515656
907.761 -429.099 -0.516647
907.916 -429.1 -0.517543
908.071 -429.096 -0.518274
908.227 -429.088 -0.518811
908.383 -429.079 -0.519341
908.537 -429.07 -0.519894
908.691 -429.063 -0.520581
908.845 -429.051 -0.521104
908.997 -429.043 -0.5218
909.149 -429.034 -0.522514
909.301 -429.019 -0.522988
909.452 -429.007 -0.523632
909.603 -428.995 -0.524273
909.754 -428.978 -0.524758
909.903 -428.964 -0.525391
910.053 -428.946 -0.525899
910.202 -428.926 -0.526322
910.35 -428.913 -0.527086
910.497 -428.896 -0.527721
910.645 -428.874 -0.528165
910.792 -428.851 -0.528587
910.939 -428.825 -0.528844
911.085 -428.802 -0.529343
911.231 -428.776 -0.529702
911.375 -428.755 -0.530327
911.518 -428.735 -0.531035
911.662 -428.707 -0.531418
911.806 -428.679 -0.531785
911.948 -428.657 -0.532472
912.09 -428.628 -0.532878
912.231 -428.598 -0.53325
912.372 -428.568 -0.533654
912.514 -428.527 -0.53355
912.655 -428.48 -0.533137
912.795 -428.435 -0.532853
912.934 -428.402 -0.533239
913.072 -428.364 -0.533377
913.21 -428.323 -0.53341
913.347 -428.289 -0.533808
913.483 -428.259 -0.534447
888.634 -422.544 -0.525242
888.834 -422.668 -0.524914
889.034 -422.79 -0.524594
889.234 -422.91 -0.524286
889.431 -423.03 -0.524082
889.624 -423.151 -0.524064
889.819 -423.268 -0.523932
890.018 -423.381 -0.52366
890.217 -423.493 -0.523398
890.412 -423.605 -0.523302
890.604 -423.717 -0.523308
890.799 -423.826 -0.523188
890.997 -423.931 -0.522963
891.195 -424.034 -0.522746
891.392 -424.136 -0.522539
891.591 -424.235 -0.522261
891.785 -424.334 -0.522151
891.982 -424.431 -0.52197
892.193 -424.515 -0.521093
892.4 -424.601 -0.520437
892.612 -424.681 -0.5195
892.827 -424.756 -0.518405
893.042 -424.83 -0.51731
893.247 -424.908 -0.51663
893.455 -424.982 -0.515809
893.668 -425.05 -0.514712
893.871 -425.124 -0.514064
894.078 -425.192 -0.51321
894.29 -425.255 -0.512111
894.496 -425.32 -0.511217
894.7 -425.384 -0.510435
894.906 -425.445 -0.50951
895.115 -425.501 -0.508416
895.318 -425.56 -0.507591
895.517 -425.62 -0.506913
895.737 -425.66 -0.50514
895.963 -425.691 -0.503008
896.313 -425.607 -0.494247
896.534 -425.636 -0.492211
896.762 -425.656 -0.489711
902.746 -420.214 -0.17437
904.139 -419.031 -0.104512
905.285 -418.053 -0.0468763
905.908 -417.563 -0.0173553
909.865 -413.714 0.20174
909.899 -413.744 0.200877
909.933 -413.774 0.200001
909.967 -413.805 0.199111
910.001 -413.835 0.198207
910.034 -413.865 0.197289
910.068 -413.895 0.196357
910.102 -413.926 0.19541
910.136 -413.956 0.194449
910.17 -413.986 0.193474
910.203 -414.016 0.192484
910.237 -414.047 0.19148
910.271 -414.077 0.190462
910.305 -414.107 0.189428
910.339 -414.137 0.188379
910.373 -414.168 0.187315
910.406 -414.198 0.186237
910.44 -414.228 0.185142
910.474 -414.259 0.184033
910.508 -414.289 0.182908
910.542 -414.32 0.181767
910.576 -414.35 0.180611
910.61 -414.381 0.179438
910.645 -414.411 0.17825
910.679 -414.442 0.177045
910.713 -414.472 0.175824
910.747 -414.503 0.174586
910.782 -414.534 0.173332
910.816 -414.565 0.172061
910.851 -414.595 0.170772
902.939 -426.897 -0.481047
903.099 -426.922 -0.481315
903.252 -426.956 -0.482164
903.404 -426.99 -0.483005
903.556 -427.022 -0.483835
903.709 -427.052 -0.484599
903.861 -427.08 -0.485352
904.014 -427.108 -0.486097
904.166 -427.135 -0.486832
904.318 -427.16 -0.487564
904.469 -427.185 -0.488286
904.621 -427.208 -0.489001
912.912 -412.003 0.309979
912.933 -412.011 0.309615
912.952 -412.024 0.308974
912.971 -412.038 0.308324
912.99 -412.051 0.307665
913.009 -412.065 0.306998
913.028 -412.078 0.306322
913.047 -412.092 0.305637
912.755 -412.774 0.269901
912.806 -412.732 0.272104
906.26 -427.414 -0.4973
906.407 -427.429 -0.498078
906.552 -427.445 -0.499037
906.697 -427.459 -0.49992
906.84 -427.477 -0.500999
906.98 -427.501 -0.502495
907.121 -427.522 -0.503874
907.264 -427.537 -0.504951
907.406 -427.551 -0.506008
907.549 -427.563 -0.507043
907.692 -427.574 -0.508054
907.831 -427.591 -0.509415
907.971 -427.607 -0.510764
908.113 -427.615 -0.511734
908.255 -427.622 -0.512681
908.396 -427.627 -0.513618
908.538 -427.631 -0.514501
908.68 -427.63 -0.515168
908.824 -427.625 -0.51562
908.968 -427.613 -0.515808
909.115 -427.591 -0.515469
909.258 -427.577 -0.515619
909.404 -427.551 -0.515135
909.546 -427.539 -0.51546
909.691 -427.51 -0.514905
909.831 -427.496 -0.515161
909.974 -427.469 -0.514803
910.113 -427.457 -0.515217
910.255 -427.424 -0.514615
910.395 -427.4 -0.514497
910.534 -427.374 -0.514321
910.673 -427.35 -0.514259
910.811 -427.324 -0.514159
910.948 -427.294 -0.51386
911.085 -427.265 -0.513657
911.223 -427.228 -0.51303
911.359 -427.198 -0.512839
911.494 -427.162 -0.512364
911.628 -427.135 -0.512376
911.761 -427.109 -0.512519
911.893 -427.08 -0.512509
912.025 -427.052 -0.512548
912.156 -427.021 -0.512495
912.288 -426.986 -0.512274
912.419 -426.942 -0.511526
912.549 -426.905 -0.51126
912.678 -426.874 -0.511307
912.806 -426.842 -0.511363
912.934 -426.812 -0.511513
913.061 -426.779 -0.511589
913.188 -426.746 -0.511631
913.314 -426.703 -0.511209
913.44 -426.66 -0.510792
913.565 -426.625 -0.510848
913.689 -426.59 -0.510914
891.486 -421.262 -0.513569
891.67 -421.369 -0.512716
891.858 -421.472 -0.511676
892.047 -421.573 -0.510615
892.231 -421.674 -0.509747
892.411 -421.776 -0.509058
892.596 -421.874 -0.508135
892.784 -421.968 -0.507105
892.963 -422.065 -0.506445
893.147 -422.158 -0.505586
893.336 -422.246 -0.504472
893.517 -422.337 -0.503715
893.701 -422.424 -0.50283
893.887 -422.508 -0.501835
894.075 -422.589 -0.500696
894.268 -422.665 -0.499362
894.444 -422.75 -0.498776
894.625 -422.831 -0.497988
894.817 -422.901 -0.496618
895.011 -422.969 -0.495145
895.223 -423.021 -0.492753
895.421 -423.081 -0.491038
895.63 -423.131 -0.488702
895.821 -423.192 -0.487303
895.946 -423.301 -0.489199
896.079 -423.404 -0.490753
896.214 -423.505 -0.492198
896.347 -423.606 -0.493783
896.52 -423.674 -0.493293
896.727 -423.713 -0.49095
896.899 -423.778 -0.490426
897.071 -423.841 -0.489887
897.248 -423.899 -0.489099
897.541 -423.853 -0.481774
897.794 -423.839 -0.476599
898.077 -423.793 -0.469556
898.254 -423.84 -0.468462
898.431 -423.885 -0.467361
898.608 -423.928 -0.466256
902.802 -420.16 -0.227484
904.124 -419.045 -0.155467
905.273 -418.064 -0.0924135
905.909 -417.561 -0.0593078
909.829 -413.749 0.176815
909.899 -413.744 0.17815
909.933 -413.774 0.177281
909.967 -413.804 0.176397
910 -413.834 0.175497
910.034 -413.865 0.174583
910.068 -413.895 0.173653
910.102 -413.925 0.172708
910.136 -413.955 0.171747
910.169 -413.986 0.170771
910.203 -414.016 0.16978
910.237 -414.046 0.168772
910.271 -414.076 0.167749
910.305 -414.107 0.16671
910.339 -414.137 0.165655
910.372 -414.167 0.164584
910.406 -414.197 0.163496
910.44 -414.228 0.162393
910.474 -414.258 0.161272
910.508 -414.289 0.160135
910.542 -414.319 0.158981
910.576 -414.349 0.157811
910.61 -414.38 0.156623
910.644 -414.41 0.155418
910.679 -414.441 0.154196
910.713 -414.472 0.152956
910.747 -414.502 0.151698
910.782 -414.533 0.150423
910.816 -414.564 0.149129
910.824 -414.636 0.145483
903.818 -425.538 -0.477469
912.292 -412.506 0.267975
912.417 -412.359 0.2766
912.463 -412.336 0.278152
912.508 -412.312 0.279694
912.553 -412.289 0.281226
912.597 -412.265 0.282747
912.64 -412.242 0.284257
912.683 -412.218 0.285756
912.725 -412.195 0.287244
912.766 -412.171 0.288719
912.806 -412.148 0.290183
912.846 -412.124 0.291634
912.886 -412.101 0.293073
912.924 -412.077 0.294499
912.963 -412.054 0.295912
912.993 -412.045 0.296522
913.012 -412.057 0.295874
913.031 -412.07 0.295218
913.051 -412.083 0.294552
913.07 -412.096 0.293878
913.09 -412.109 0.293195
913.109 -412.122 0.292503
913.128 -412.135 0.291802
913.148 -412.148 0.291092
913.168 -412.161 0.290372
913.187 -412.174 0.289643
913.207 -412.187 0.288905
907.661 -426.163 -0.496858
907.796 -426.17 -0.497326
907.93 -426.177 -0.497856
908.065 -426.18 -0.498252
908.201 -426.181 -0.498513
908.336 -426.18 -0.498772
908.47 -426.179 -0.499028
908.604 -426.178 -0.499283
908.738 -426.175 -0.499534
908.872 -426.172 -0.499785
909.003 -426.171 -0.500208
909.135 -426.17 -0.500712
909.266 -426.168 -0.501119
909.398 -426.161 -0.501359
909.529 -426.154 -0.501598
909.66 -426.146 -0.501835
909.79 -426.138 -0.50207
909.92 -426.128 -0.502299
910.05 -426.118 -0.50253
910.179 -426.108 -0.502756
910.308 -426.096 -0.502983
910.436 -426.084 -0.503206
910.563 -426.076 -0.503675
910.69 -426.066 -0.504143
910.817 -426.054 -0.504463
910.943 -426.039 -0.504679
911.07 -426.024 -0.50489
911.196 -426.008 -0.505101
911.321 -425.991 -0.50531
911.445 -425.98 -0.505884
911.569 -425.966 -0.506354
911.692 -425.95 -0.506702
911.814 -425.941 -0.507502
911.937 -425.922 -0.507796
912.06 -425.907 -0.508308
912.183 -425.88 -0.508199
912.305 -425.856 -0.508254
912.428 -425.826 -0.508019
912.549 -425.797 -0.507882
912.669 -425.78 -0.508453
912.788 -425.764 -0.509111
912.908 -425.744 -0.509581
913.026 -425.729 -0.510408
913.145 -425.707 -0.51083
913.263 -425.681 -0.51108
913.381 -425.656 -0.511381
913.499 -425.627 -0.511462
913.616 -425.598 -0.511624
913.733 -425.558 -0.511161
913.85 -425.523 -0.511004
893.889 -420.174 -0.499433
894.026 -420.285 -0.49968
894.171 -420.39 -0.499543
894.312 -420.496 -0.499665
894.432 -420.613 -0.500763
894.56 -420.725 -0.501516
894.712 -420.822 -0.501111
894.872 -420.913 -0.500364
895.05 -420.991 -0.498703
895.24 -421.059 -0.496416
895.459 -421.108 -0.492708
895.663 -421.164 -0.48967
895.864 -421.219 -0.486758
896.04 -421.287 -0.485046
896.178 -421.38 -0.485333
896.295 -421.487 -0.486767
896.404 -421.598 -0.488601
896.511 -421.709 -0.490562
896.621 -421.819 -0.49246
896.765 -421.904 -0.492525
896.919 -421.98 -0.492083
897.072 -422.055 -0.491645
897.226 -422.128 -0.491209
897.379 -422.201 -0.490776
897.535 -422.27 -0.490187
897.703 -422.327 -0.488893
897.92 -422.345 -0.484808
898.239 -422.276 -0.474727
898.51 -422.242 -0.467325
898.82 -422.171 -0.457441
899.019 -422.189 -0.453974
899.192 -422.226 -0.451975
899.362 -422.265 -0.450188
899.529 -422.304 -0.448513
899.695 -422.341 -0.446843
899.86 -422.378 -0.445185
900.025 -422.413 -0.443535
900.193 -422.443 -0.441635
902.861 -420.103 -0.27984
904.108 -419.058 -0.206577
905.26 -418.075 -0.138061
905.857 -417.611 -0.10477
909.505 -414.074 0.132308
909.899 -413.743 0.155419
909.933 -413.773 0.154556
909.966 -413.804 0.153678
910 -413.834 0.152783
910.034 -413.864 0.151872
910.068 -413.894 0.150944
910.102 -413.925 0.150001
910.135 -413.955 0.14904
910.169 -413.985 0.148064
910.203 -414.015 0.14707
910.237 -414.045 0.14606
910.271 -414.076 0.145032
910.305 -414.106 0.143988
910.338 -414.136 0.142926
910.372 -414.166 0.141848
910.406 -414.197 0.140752
910.44 -414.227 0.139638
910.474 -414.257 0.138507
910.508 -414.288 0.137358
910.542 -414.318 0.136191
910.576 -414.349 0.135006
910.61 -414.379 0.133803
910.644 -414.41 0.132582
910.679 -414.44 0.131342
910.713 -414.471 0.130083
910.747 -414.502 0.128805
910.781 -414.533 0.127509
910.816 -414.563 0.126193
904.419 -424.372 -0.475991
904.526 -424.442 -0.478817
912.407 -412.324 0.264969
912.632 -412.017 0.28407
912.752 -411.868 0.293392
912.771 -411.881 0.292849
912.789 -411.894 0.292297
912.808 -411.906 0.291737
912.827 -411.919 0.291169
912.846 -411.932 0.290592
912.865 -411.945 0.290007
912.884 -411.957 0.289413
912.903 -411.97 0.288811
912.922 -411.983 0.2882
912.941 -411.996 0.28758
912.96 -412.008 0.286952
912.979 -412.021 0.286314
912.998 -412.034 0.285668
913.017 -412.047 0.285013
913.036 -412.059 0.284348
913.056 -412.072 0.283674
913.075 -412.085 0.282991
913.094 -412.098 0.282299
913.114 -412.111 0.281597
913.133 -412.124 0.280885
913.153 -412.137 0.280164
913.172 -412.15 0.279433
913.192 -412.163 0.278692
913.211 -412.176 0.277941
908.091 -425.08 -0.496191
908.218 -425.086 -0.496447
908.345 -425.09 -0.496697
908.471 -425.094 -0.496946
908.597 -425.097 -0.497195
908.722 -425.099 -0.497439
908.847 -425.101 -0.497683
908.971 -425.104 -0.498036
909.095 -425.108 -0.498518
909.217 -425.111 -0.498995
909.341 -425.11 -0.499233
909.465 -425.108 -0.499468
909.588 -425.105 -0.499698
909.711 -425.101 -0.499926
909.833 -425.097 -0.500154
909.956 -425.092 -0.500379
910.077 -425.087 -0.500601
910.199 -425.08 -0.500822
910.32 -425.073 -0.501042
910.44 -425.066 -0.501264
910.56 -425.061 -0.501714
910.679 -425.056 -0.502161
910.798 -425.048 -0.502496
910.917 -425.038 -0.502706
911.036 -425.027 -0.502914
911.155 -425.015 -0.503118
911.273 -425.003 -0.503323
911.391 -424.99 -0.503522
911.508 -424.976 -0.503722
911.625 -424.962 -0.503918
911.742 -424.95 -0.504283
911.857 -424.938 -0.504703
911.973 -424.925 -0.5051
912.088 -424.908 -0.505289
912.204 -424.891 -0.505478
912.318 -424.873 -0.505663
912.433 -424.854 -0.505849
912.547 -424.835 -0.506029
912.66 -424.815 -0.506211
912.774 -424.795 -0.506387
912.887 -424.774 -0.506563
912.999 -424.752 -0.506739
913.111 -424.73 -0.506913
913.223 -424.709 -0.507166
913.334 -424.689 -0.507554
913.444 -424.669 -0.507939
913.555 -424.646 -0.508187
913.665 -424.621 -0.50835
913.775 -424.595 -0.50851
913.884 -424.569 -0.508672
913.993 -424.542 -0.508828
895.523 -419.464 -0.504682
895.696 -419.54 -0.50233
895.866 -419.616 -0.500125
896.023 -419.698 -0.498594
896.192 -419.771 -0.496436
896.365 -419.84 -0.494047
896.533 -419.91 -0.491905
896.7 -419.979 -0.48983
896.865 -420.047 -0.487818
897.031 -420.113 -0.485722
897.197 -420.178 -0.483638
897.365 -420.239 -0.481469
897.527 -420.303 -0.479561
897.667 -420.379 -0.478886
897.762 -420.485 -0.480736
897.858 -420.59 -0.482608
897.933 -420.709 -0.485669
898.101 -420.763 -0.483476
898.247 -420.83 -0.48253
898.438 -420.863 -0.478913
898.625 -420.897 -0.475504
898.806 -420.933 -0.472377
898.991 -420.963 -0.468981
899.176 -420.992 -0.465543
899.353 -421.024 -0.462509
899.532 -421.053 -0.459359
899.713 -421.078 -0.455989
899.893 -421.101 -0.452654
900.079 -421.117 -0.448876
900.232 -421.159 -0.447169
900.72 -420.912 -0.423848
900.955 -420.874 -0.416491
901.087 -420.924 -0.415817
901.19 -420.999 -0.417068
901.293 -421.073 -0.418319
901.4 -421.144 -0.419334
901.508 -421.213 -0.420339
902.932 -420.033 -0.330765
904.092 -419.072 -0.257851
905.247 -418.086 -0.183859
905.835 -417.631 -0.148575
905.901 -417.685 -0.149873
909.578 -414.069 0.109496
909.933 -413.773 0.131826
909.966 -413.803 0.130953
910 -413.833 0.130063
910.034 -413.863 0.129156
910.068 -413.894 0.128231
910.102 -413.924 0.127289
910.135 -413.954 0.126328
910.169 -413.984 0.125351
910.203 -414.015 0.124355
910.237 -414.045 0.123342
910.271 -414.075 0.12231
910.304 -414.105 0.12126
910.338 -414.136 0.120193
910.372 -414.166 0.119106
910.406 -414.196 0.118002
910.44 -414.227 0.116878
910.474 -414.257 0.115736
910.508 -414.287 0.114575
910.542 -414.318 0.113396
910.576 -414.348 0.112196
910.61 -414.379 0.110978
910.644 -414.409 0.10974
910.678 -414.44 0.108482
910.713 -414.47 0.107205
910.747 -414.501 0.105908
910.781 -414.532 0.10459
910.624 -414.849 0.0843976
904.966 -423.539 -0.485293
912.259 -412.504 0.239456
912.511 -412.161 0.262269
912.715 -411.883 0.280751
912.758 -411.858 0.282667
912.776 -411.871 0.282122
912.795 -411.884 0.281569
912.814 -411.896 0.281006
912.833 -411.909 0.280435
912.852 -411.922 0.279855
912.87 -411.934 0.279266
912.889 -411.947 0.278669
912.908 -411.96 0.278062
912.927 -411.972 0.277446
912.946 -411.985 0.27682
912.965 -411.998 0.276186
912.984 -412.01 0.275542
913.003 -412.023 0.274888
913.022 -412.036 0.274225
913.041 -412.049 0.273553
913.06 -412.061 0.272871
913.08 -412.074 0.272179
913.099 -412.087 0.271477
913.118 -412.1 0.270765
913.138 -412.113 0.270043
913.157 -412.126 0.269311
913.177 -412.139 0.268568
913.196 -412.151 0.267815
913.216 -412.164 0.267052
913.235 -412.177 0.266278
908.592 -424.125 -0.495318
908.71 -424.132 -0.495559
908.828 -424.137 -0.495795
908.945 -424.143 -0.496092
909.061 -424.151 -0.496554
909.177 -424.158 -0.497011
909.293 -424.163 -0.497321
909.41 -424.165 -0.497551
909.526 -424.166 -0.497776
909.642 -424.167 -0.497999
909.757 -424.167 -0.498221
909.873 -424.167 -0.498441
909.988 -424.165 -0.49866
910.102 -424.163 -0.498877
910.217 -424.161 -0.499092
910.331 -424.157 -0.499304
910.445 -424.154 -0.499528
910.557 -424.152 -0.49996
910.67 -424.151 -0.500388
910.782 -424.147 -0.500735
910.895 -424.14 -0.500939
911.007 -424.133 -0.501141
911.119 -424.125 -0.50134
911.231 -424.117 -0.501539
911.342 -424.108 -0.501736
911.453 -424.098 -0.50193
911.564 -424.087 -0.502121
911.675 -424.077 -0.502348
911.784 -424.067 -0.502681
911.894 -424.055 -0.502842
912.004 -424.042 -0.503002
912.113 -424.028 -0.503158
912.222 -424.013 -0.503312
912.33 -423.998 -0.503462
912.438 -423.982 -0.503609
912.546 -423.965 -0.503683
912.654 -423.946 -0.50371
912.761 -423.927 -0.503732
912.868 -423.907 -0.503744
912.975 -423.886 -0.503752
913.081 -423.865 -0.503752
913.187 -423.843 -0.503744
913.292 -423.821 -0.503732
913.397 -423.798 -0.503711
913.502 -423.774 -0.503685
913.606 -423.75 -0.503651
913.71 -423.725 -0.503611
913.813 -423.699 -0.503563
913.916 -423.673 -0.503511
914.019 -423.645 -0.503393
914.121 -423.617 -0.503263
 ] }
 color Color { color [
0.151997 0 0.848003
0.1346 0 0.8654
0.120762 0 0.879238
0.0618923 0 0.938108
0.0615013 0 0.938499
0.0614782 0 0.938522
0.0614585 0 0.938542
0.0614423 0 0.938558
0.0611238 0 0.938876
0.0611178 0 0.938882
0.0611152 0 0.938885
0.061116 0 0.938884
0.0611195 0 0.938881
0.0611266 0 0.938873
0.0614119 0 0.938588
0.0614203 0 0.93858
0.061431 0 0.938569
0.0614456 0 0.938554
0.0619148 0 0.938085
0.063749 0 0.936251
0.0616318 0 0.938368
0.0614772 0 0.938523
0.0615073 0 0.938493
0.0615395 0 0.938461
0.0612554 0 0.938745
0.0613005 0 0.9387
0.061348 0 0.938652
0.0613989 0 0.938601
0.0614532 0 0.938547
0.0615107 0 0.938489
0.0615712 0 0.938429
0.0619152 0 0.938085
0.0619761 0 0.938024
0.0620407 0 0.937959
0.0623639 0 0.937636
0.064618 0 0.935382
0.0421852 0 0.957815
0.0324799 0 0.96752
0.152243 0 0.847757
0.13479 0 0.86521
0.120915 0 0.879085
0.0618809 0 0.938119
0.0614923 0 0.938508
0.0614697 0 0.93853
0.0614499 0 0.93855
0.0614332 0 0.938567
0.0608902 0 0.93911
0.0608848 0 0.939115
0.0608821 0 0.939118
0.0608825 0 0.939117
0.0608859 0 0.939114
0.060893 0 0.939107
0.0614033 0 0.938597
0.0614117 0 0.938588
0.0614224 0 0.938578
0.061437 0 0.938563
0.0619079 0 0.938092
0.0637399 0 0.93626
0.061621 0 0.938379
0.0614691 0 0.938531
0.0614984 0 0.938502
0.0615313 0 0.938469
0.0611513 0 0.938849
0.0610648 0 0.938935
0.0611124 0 0.938888
0.0611628 0 0.938837
0.0612166 0 0.938783
0.0612736 0 0.938726
0.0613341 0 0.938666
0.0619063 0 0.938094
0.0619675 0 0.938033
0.0620317 0 0.937968
0.0623566 0 0.937643
0.0646107 0 0.935389
0.0422023 0 0.957798
0.0324728 0 0.967527
0.152488 0 0.847512
0.134981 0 0.865019
0.121068 0 0.878932
0.0618709 0 0.938129
0.0614848 0 0.938515
0.0614616 0 0.938538
0.0614424 0 0.938558
0.0614257 0 0.938574
0.0608269 0 0.939173
0.0608168 0 0.939183
0.0608091 0 0.939191
0.060805 0 0.939195
0.060804 0 0.939196
0.060806 0 0.939194
0.0613958 0 0.938604
0.0614039 0 0.938596
0.0614146 0 0.938585
0.0614295 0 0.93857
0.0619023 0 0.938098
0.063732 0 0.936268
0.0616114 0 0.938389
0.0614613 0 0.938539
0.0614905 0 0.938509
0.0615235 0 0.938477
0.0611421 0 0.938858
0.0610103 0 0.93899
0.0610518 0 0.938948
0.0610967 0 0.938903
0.0611445 0 0.938855
0.0611956 0 0.938804
0.06125 0 0.93875
0.0618981 0 0.938102
0.0619593 0 0.938041
0.0620239 0 0.937976
0.0623502 0 0.93765
0.0646041 0 0.935396
0.0422312 0 0.957769
0.0324668 0 0.967533
0.152732 0 0.847268
0.135173 0 0.864827
0.12122 0 0.87878
0.0618611 0 0.938139
0.0614775 0 0.938523
0.0614549 0 0.938545
0.0614351 0 0.938565
0.0614184 0 0.938582
0.0608202 0 0.93918
0.0608095 0 0.93919
0.0608024 0 0.939198
0.0607983 0 0.939202
0.0607973 0 0.939203
0.0607988 0 0.939201
0.0613888 0 0.938611
0.0613964 0 0.938604
0.0614079 0 0.938592
0.0614241 0 0.938576
0.0618974 0 0.938103
0.0637245 0 0.936276
0.0616022 0 0.938398
0.0614534 0 0.938547
0.0614835 0 0.938516
0.0615164 0 0.938484
0.0611329 0 0.938867
0.0610032 0 0.938997
0.0610448 0 0.938955
0.0610897 0 0.93891
0.0611375 0 0.938863
0.0611885 0 0.938811
0.0612427 0 0.938757
0.0618907 0 0.938109
0.0619523 0 0.938048
0.0620165 0 0.937983
0.0623449 0 0.937655
0.0645984 0 0.935402
0.0324605 0 0.967539
0.152982 0 0.847018
0.135367 0 0.864632
0.121378 0 0.878622
0.0618521 0 0.938148
0.0614715 0 0.938528
0.0614481 0 0.938552
0.0614289 0 0.938571
0.0614122 0 0.938588
0.0608135 0 0.939187
0.0608033 0 0.939197
0.0607962 0 0.939204
0.0607916 0 0.939208
0.0607905 0 0.939209
0.0607925 0 0.939207
0.061382 0 0.938618
0.0613901 0 0.93861
0.0614016 0 0.938598
0.0614201 0 0.93858
0.0618928 0 0.938107
0.0637181 0 0.936282
0.0615945 0 0.938406
0.0614471 0 0.938553
0.0614772 0 0.938523
0.0615101 0 0.93849
0.0611249 0 0.938875
0.0609966 0 0.939003
0.0610382 0 0.938962
0.0610834 0 0.938917
0.0611312 0 0.938869
0.0611819 0 0.938818
0.0612364 0 0.938764
0.0618848 0 0.938115
0.0619457 0 0.938054
0.0620099 0 0.93799
0.0623401 0 0.93766
0.0645938 0 0.935406
0.032455 0 0.967545
0.153227 0 0.846773
0.135561 0 0.864439
0.121533 0 0.878467
0.0618439 0 0.938156
0.0614658 0 0.938534
0.0614429 0 0.938557
0.0614231 0 0.938577
0.0614064 0 0.938594
0.0608083 0 0.939192
0.0607976 0 0.939202
0.0607905 0 0.93921
0.0607864 0 0.939214
0.0607854 0 0.939215
0.0607874 0 0.939213
0.0613768 0 0.938623
0.0613849 0 0.938615
0.0613961 0 0.938604
0.0614166 0 0.938583
0.0618897 0 0.93811
0.0637125 0 0.936288
0.0615868 0 0.938413
0.0614419 0 0.938558
0.0614717 0 0.938528
0.0615043 0 0.938496
0.061118 0 0.938882
0.0609911 0 0.939009
0.0610326 0 0.938967
0.0610775 0 0.938922
0.0611257 0 0.938874
0.0611769 0 0.938823
0.0612309 0 0.938769
0.061879 0 0.938121
0.0619402 0 0.93806
0.0620048 0 0.937995
0.0623367 0 0.937663
0.0645897 0 0.93541
0.0324499 0 0.96755
0.153488 0 0.846512
0.135764 0 0.864236
0.121696 0 0.878304
0.0618364 0 0.938164
0.0614611 0 0.938539
0.0614379 0 0.938562
0.0614187 0 0.938581
0.061402 0 0.938598
0.0608039 0 0.939196
0.0607932 0 0.939207
0.0607861 0 0.939214
0.060782 0 0.939218
0.0607806 0 0.939219
0.0607826 0 0.939217
0.061372 0 0.938628
0.0613802 0 0.93862
0.0613908 0 0.938609
0.061414 0 0.938586
0.0618867 0 0.938113
0.0637074 0 0.936293
0.0615803 0 0.93842
0.0614369 0 0.938563
0.0614669 0 0.938533
0.0614995 0 0.9385
0.0611115 0 0.938888
0.0609864 0 0.939014
0.0610279 0 0.938972
0.0610728 0 0.938927
0.0611206 0 0.938879
0.0611718 0 0.938828
0.0612262 0 0.938774
0.0618739 0 0.938126
0.0619355 0 0.938065
0.0619997 0 0.938
0.062333 0 0.937667
0.0324449 0 0.967555
0.153744 0 0.846256
0.135965 0 0.864035
0.121858 0 0.878142
0.06183 0 0.93817
0.0614569 0 0.938543
0.0614343 0 0.938566
0.0614145 0 0.938586
0.0613981 0 0.938602
0.0607994 0 0.939201
0.0607895 0 0.93921
0.0607821 0 0.939218
0.0607775 0 0.939223
0.0607765 0 0.939224
0.0607785 0 0.939222
0.0613681 0 0.938632
0.0613762 0 0.938624
0.0613869 0 0.938613
0.0614122 0 0.938588
0.0618849 0 0.938115
0.0637031 0 0.936297
0.0615744 0 0.938426
0.0614329 0 0.938567
0.0614629 0 0.938537
0.0614956 0 0.938504
0.0611061 0 0.938894
0.0609824 0 0.939018
0.0610239 0 0.938976
0.0610688 0 0.938931
0.0611171 0 0.938883
0.0611678 0 0.938832
0.0612219 0 0.938778
0.0618703 0 0.93813
0.0619312 0 0.938069
0.0619954 0 0.938005
0.0623309 0 0.937669
0.032441 0 0.967559
0.153997 0 0.846003
0.136163 0 0.863837
0.12202 0 0.87798
0.0618241 0 0.938176
0.0614534 0 0.938547
0.0614309 0 0.938569
0.0614116 0 0.938588
0.0613946 0 0.938605
0.0607968 0 0.939203
0.0607861 0 0.939214
0.0607787 0 0.939221
0.0607746 0 0.939225
0.0607735 0 0.939226
0.0607753 0 0.939225
0.0613647 0 0.938635
0.0613728 0 0.938627
0.061384 0 0.938616
0.061411 0 0.938589
0.0618834 0 0.938117
0.0637399 0 0.93626
0.0615695 0 0.93843
0.0614297 0 0.93857
0.0614597 0 0.93854
0.0614923 0 0.938508
0.0611007 0 0.938899
0.0609792 0 0.939021
0.0610207 0 0.938979
0.0610656 0 0.938934
0.0611139 0 0.938886
0.0611646 0 0.938835
0.0612187 0 0.938781
0.0618668 0 0.938133
0.0619277 0 0.938072
0.0619923 0 0.938008
0.0623295 0 0.937671
0.0324368 0 0.967563
0.15425 0 0.84575
0.136362 0 0.863638
0.122179 0 0.877821
0.0640831 0 0.935917
0.0614513 0 0.938549
0.0614287 0 0.938571
0.061409 0 0.938591
0.061392 0 0.938608
0.0607941 0 0.939206
0.060784 0 0.939216
0.0607765 0 0.939223
0.0607719 0 0.939228
0.0607709 0 0.939229
0.0607726 0 0.939227
0.0613625 0 0.938637
0.0613703 0 0.93863
0.0613815 0 0.938618
0.0614111 0 0.938589
0.0639444 0 0.936056
0.0639606 0 0.936039
0.0620976 0 0.937902
0.0614275 0 0.938572
0.0614568 0 0.938543
0.0614894 0 0.938511
0.0610969 0 0.938903
0.0609767 0 0.939023
0.0610182 0 0.938982
0.0610631 0 0.938937
0.0611109 0 0.938889
0.0611621 0 0.938838
0.0612163 0 0.938784
0.0618644 0 0.938136
0.0619252 0 0.938075
0.0619899 0 0.93801
0.0646025 0 0.935397
0.0324348 0 0.967565
0.5942 0 0.4058
0.588235 0 0.411765
0.582899 0 0.417101
0.57754 0 0.42246
0.57221 0 0.42779
0.566952 0 0.433048
0.561751 0 0.438249
0.556748 0 0.443252
0.5517 0 0.4483
0.546817 0 0.453183
0.154508 0 0.845492
0.136566 0 0.863434
0.122342 0 0.877658
0.0643072 0 0.935693
0.0614494 0 0.938551
0.0614268 0 0.938573
0.0614071 0 0.938593
0.0613906 0 0.938609
0.0608624 0 0.939138
0.0608473 0 0.939153
0.0608357 0 0.939164
0.0608264 0 0.939174
0.060821 0 0.939179
0.0608182 0 0.939182
0.0613609 0 0.938639
0.0613685 0 0.938632
0.0613796 0 0.93862
0.0614111 0 0.938589
0.0641674 0 0.935833
0.0641841 0 0.935816
0.0642039 0 0.935796
0.0614259 0 0.938574
0.0614551 0 0.938545
0.0614878 0 0.938512
0.061093 0 0.938907
0.0610605 0 0.93894
0.0610981 0 0.938902
0.0611386 0 0.938861
0.0611829 0 0.938817
0.0612297 0 0.93877
0.0612802 0 0.93872
0.0618624 0 0.938138
0.0619233 0 0.938077
0.0619879 0 0.938012
0.0648303 0 0.93517
0.0322261 0 0.967774
0.0322707 0 0.967729
0.0324345 0 0.967565
0.596124 0 0.403876
0.590308 0 0.409692
0.584601 0 0.415399
0.578775 0 0.421225
0.573178 0 0.426822
0.567807 0 0.432193
0.562195 0 0.437805
0.557036 0 0.442964
0.551818 0 0.448182
0.546669 0 0.453331
0.541797 0 0.458203
0.536687 0 0.463313
0.531998 0 0.468002
0.527398 0 0.472602
0.522562 0 0.477438
0.51813 0 0.48187
0.513776 0 0.486224
0.509192 0 0.490808
0.504997 0 0.495003
0.500736 0 0.499264
0.496285 0 0.503715
0.490889 0 0.509111
0.486383 0 0.513617
0.481981 0 0.518019
0.477469 0 0.522531
0.473128 0 0.526872
0.469068 0 0.530932
0.464243 0 0.535757
0.4592 0 0.5408
0.455105 0 0.544895
0.451116 0 0.548884
0.447496 0 0.552504
0.443626 0 0.556374
0.154769 0 0.845231
0.136769 0 0.863231
0.121425 0 0.878575
0.0648059 0 0.935194
0.0647785 0 0.935221
0.0614257 0 0.938574
0.0614065 0 0.938594
0.0613895 0 0.938611
0.0610765 0 0.938923
0.0610614 0 0.938939
0.0610494 0 0.938951
0.0610404 0 0.93896
0.0610345 0 0.938965
0.0610317 0 0.938968
0.0613597 0 0.93864
0.0613676 0 0.938632
0.0613788 0 0.938621
0.0647203 0 0.93528
0.0647391 0 0.935261
0.0647606 0 0.935239
0.0647848 0 0.935215
0.0619862 0 0.938014
0.0614542 0 0.938546
0.0614868 0 0.938513
0.0612408 0 0.938759
0.0612755 0 0.938724
0.0613136 0 0.938686
0.0613547 0 0.938645
0.0613986 0 0.938601
0.0614463 0 0.938554
0.0614969 0 0.938503
0.0618615 0 0.938138
0.0619224 0 0.938078
0.061987 0 0.938013
0.0654768 0 0.934523
0.0321875 0 0.967813
0.0322646 0 0.967735
0.581632 0 0.418368
0.576165 0 0.423835
0.571001 0 0.428999
0.0324344 0 0.967566
0.561044 0 0.438956
0.555806 0 0.444194
0.550434 0 0.449566
0.545444 0 0.454556
0.540471 0 0.459529
0.535394 0 0.464606
0.530668 0 0.469332
0.525209 0 0.474791
0.518201 0 0.481799
0.513016 0 0.486984
0.507931 0 0.492069
0.503087 0 0.496913
0.498429 0 0.501571
0.493622 0 0.506378
0.489091 0 0.510909
0.484638 0 0.515362
0.480084 0 0.519916
0.475613 0 0.524387
0.471427 0 0.528573
0.467272 0 0.532728
0.46303 0 0.53697
0.459034 0 0.540966
0.455125 0 0.544875
0.4511 0 0.5489
0.446533 0 0.553467
0.439831 0 0.560169
0.43638 0 0.56362
0.432651 0 0.567349
0.429265 0 0.570735
0.425714 0 0.574286
0.422166 0 0.577834
0.419003 0 0.580997
0.415605 0 0.584395
0.412592 0 0.587408
0.409804 0 0.590196
0.407065 0 0.592935
0.404368 0 0.595632
0.401498 0 0.598502
0.398821 0 0.601179
0.396541 0 0.603459
0.395232 0 0.604768
0.394243 0 0.605757
0.393234 0 0.606766
0.391624 0 0.608376
0.389083 0 0.610917
0.386438 0 0.613562
0.383986 0 0.616014
0.38153 0 0.61847
0.379 0 0.621
0.376651 0 0.623349
0.155032 0 0.844968
0.136975 0 0.863025
0.122672 0 0.877328
0.0648057 0 0.935194
0.0647786 0 0.935221
0.0614259 0 0.938574
0.0614061 0 0.938594
0.0613897 0 0.93861
0.0612925 0 0.938707
0.0612778 0 0.938722
0.0612653 0 0.938735
0.0612566 0 0.938743
0.0612508 0 0.938749
0.0612475 0 0.938753
0.0613596 0 0.93864
0.0613677 0 0.938632
0.0613789 0 0.938621
0.0647203 0 0.93528
0.0647383 0 0.935262
0.0647598 0 0.93524
0.0647846 0 0.935215
0.0648124 0 0.935188
0.0614544 0 0.938546
0.0614867 0 0.938513
0.061458 0 0.938542
0.0614932 0 0.938507
0.0615314 0 0.938469
0.0615729 0 0.938427
0.0616173 0 0.938383
0.0616652 0 0.938335
0.0617159 0 0.938284
0.0618614 0 0.938139
0.0619227 0 0.938077
0.0654054 0 0.934595
0.0654767 0 0.934523
0.537914 0 0.462086
0.531833 0 0.468167
0.525862 0 0.474138
0.520001 0 0.479999
0.514323 0 0.485677
0.508921 0 0.491079
0.503396 0 0.496604
0.497952 0 0.502048
0.492604 0 0.507396
0.487353 0 0.512647
0.482193 0 0.517807
0.477416 0 0.522584
0.0322758 0 0.967724
0.469037 0 0.530963
0.46493 0 0.53507
0.460833 0 0.539167
0.456799 0 0.543201
0.0324343 0 0.967566
0.449271 0 0.550729
0.445424 0 0.554576
0.441634 0 0.558366
0.436686 0 0.563314
0.429211 0 0.570789
0.425638 0 0.574362
0.422451 0 0.577549
0.419163 0 0.580837
0.416238 0 0.583762
0.413363 0 0.586637
0.410528 0 0.589472
0.407737 0 0.592263
0.404915 0 0.595085
0.402124 0 0.597876
0.399373 0 0.600627
0.39669 0 0.60331
0.394098 0 0.605902
0.391542 0 0.608458
0.388886 0 0.611114
0.386269 0 0.613731
0.383854 0 0.616146
0.382191 0 0.617809
0.381056 0 0.618944
0.379937 0 0.620063
0.378769 0 0.621231
0.377181 0 0.622819
0.374791 0 0.625209
0.372496 0 0.627504
0.370071 0 0.629929
0.367635 0 0.632365
0.365374 0 0.634626
0.36311 0 0.63689
0.360761 0 0.639239
0.358302 0 0.641698
0.355799 0 0.644201
0.353228 0 0.646772
0.350856 0 0.649144
0.348531 0 0.651469
0.346236 0 0.653764
0.343973 0 0.656027
0.34174 0 0.65826
0.339208 0 0.660792
0.336859 0 0.663141
0.334719 0 0.665281
0.333237 0 0.666763
0.331994 0 0.668006
0.330693 0 0.669307
0.329321 0 0.670679
0.327937 0 0.672063
0.326569 0 0.673431
0.325219 0 0.674781
0.155298 0 0.844702
0.137183 0 0.862817
0.122842 0 0.877158
0.064806 0 0.935194
0.0647792 0 0.935221
0.0647554 0 0.935245
0.0614065 0 0.938594
0.0613901 0 0.93861
0.0613767 0 0.938623
0.0613664 0 0.938634
0.0613588 0 0.938641
0.0613547 0 0.938645
0.0613533 0 0.938647
0.061355 0 0.938645
0.06136 0 0.93864
0.0613681 0 0.938632
0.064706 0 0.935294
0.0647212 0 0.935279
0.0647392 0 0.935261
0.0647607 0 0.935239
0.0647854 0 0.935215
0.0648132 0 0.935187
0.0618823 0 0.938118
0.0614876 0 0.938512
0.0615234 0 0.938477
0.0615623 0 0.938438
0.0616039 0 0.938396
0.0616496 0 0.93835
0.0616979 0 0.938302
0.0617495 0 0.93825
0.0618041 0 0.938196
0.0618617 0 0.938138
0.061923 0 0.938077
0.065406 0 0.934594
0.0654773 0 0.934523
0.438612 0 0.561388
0.434428 0 0.565572
0.43032 0 0.56968
0.426286 0 0.573714
0.422325 0 0.577675
0.418435 0 0.581565
0.414612 0 0.585388
0.410858 0 0.589142
0.407169 0 0.592831
0.403545 0 0.596455
0.399983 0 0.600017
0.0320517 0 0.967948
0.0320681 0 0.967932
0.0320998 0 0.9679
0.0321339 0 0.967866
0.0321696 0 0.96783
0.0322065 0 0.967793
0.0322459 0 0.967754
0.0322865 0 0.967713
0.376908 0 0.623092
0.371609 0 0.628391
0.369754 0 0.630246
0.367966 0 0.632034
0.365983 0 0.634017
0.364839 0 0.635161
0.362534 0 0.637466
0.360304 0 0.639696
0.357577 0 0.642423
0.355051 0 0.644949
0.353207 0 0.646793
0.351448 0 0.648552
0.349679 0 0.650321
0.347982 0 0.652018
0.346445 0 0.653555
0.34484 0 0.65516
0.343236 0 0.656764
0.341633 0 0.658367
0.339953 0 0.660047
0.338294 0 0.661706
0.33666 0 0.66334
0.33504 0 0.66496
0.333443 0 0.666557
0.331869 0 0.668131
0.330305 0 0.669695
0.328722 0 0.671278
0.327159 0 0.672841
0.325632 0 0.674368
0.324256 0 0.675744
0.322751 0 0.677249
0.321265 0 0.678735
0.319797 0 0.680203
0.318348 0 0.681652
0.317036 0 0.682964
0.315664 0 0.684336
0.314268 0 0.685732
0.312891 0 0.687109
0.311529 0 0.688471
0.310228 0 0.689772
0.308948 0 0.691052
0.307683 0 0.692317
0.306408 0 0.693592
0.30513 0 0.69487
0.303867 0 0.696133
0.302639 0 0.697361
0.301453 0 0.698547
0.300285 0 0.699715
0.299124 0 0.700876
0.297937 0 0.702063
0.296765 0 0.703235
0.295609 0 0.704391
0.594753 0 0.405247
0.585619 0 0.414381
0.579433 0 0.420567
0.573991 0 0.426009
0.568638 0 0.431362
0.563674 0 0.436326
0.558421 0 0.441579
0.553293 0 0.446707
0.548522 0 0.451478
0.543476 0 0.456524
0.538598 0 0.461402
0.533981 0 0.466019
0.529138 0 0.470862
0.524736 0 0.475264
0.520022 0 0.479978
0.515741 0 0.484259
0.511222 0 0.488778
0.506988 0 0.493012
0.502806 0 0.497194
0.498468 0 0.501532
0.155563 0 0.844437
0.137392 0 0.862608
0.123013 0 0.876987
0.064808 0 0.935192
0.0647804 0 0.93522
0.0647565 0 0.935243
0.0614082 0 0.938592
0.0613912 0 0.938609
0.0613779 0 0.938622
0.0613675 0 0.938632
0.06136 0 0.93864
0.0613556 0 0.938644
0.061355 0 0.938645
0.0613567 0 0.938643
0.0613617 0 0.938638
0.0613696 0 0.93863
0.0647076 0 0.935292
0.0647226 0 0.935277
0.0647408 0 0.935259
0.0647621 0 0.935238
0.0647868 0 0.935213
0.0648146 0 0.935185
0.0648459 0 0.935154
0.0614891 0 0.938511
0.0615243 0 0.938476
0.0615637 0 0.938436
0.0616053 0 0.938395
0.0616506 0 0.938349
0.0616993 0 0.938301
0.0617506 0 0.938249
0.0618052 0 0.938195
0.0618631 0 0.938137
0.0653398 0 0.93466
0.0654071 0 0.934593
0.0654787 0 0.934521
0.377431 0 0.622569
0.374341 0 0.625659
0.371248 0 0.628752
0.368329 0 0.631671
0.365294 0 0.634706
0.36242 0 0.63758
0.35952 0 0.64048
0.3567 0 0.6433
0.353922 0 0.646078
0.351249 0 0.648751
0.348717 0 0.651283
0.0320283 0 0.967972
0.0320381 0 0.967962
0.0320701 0 0.96793
0.0321035 0 0.967897
0.0321395 0 0.96786
0.0321765 0 0.967824
0.0322155 0 0.967785
0.0322561 0 0.967744
0.331418 0 0.668582
0.329913 0 0.670087
0.328401 0 0.671599
0.326747 0 0.673253
0.325283 0 0.674717
0.323683 0 0.676317
0.322207 0 0.677793
0.320685 0 0.679315
0.319185 0 0.680815
0.317748 0 0.682252
0.316224 0 0.683776
0.314859 0 0.685141
0.313358 0 0.686642
0.31198 0 0.68802
0.310571 0 0.689429
0.309154 0 0.690846
0.307842 0 0.692158
0.306403 0 0.693597
0.30511 0 0.69489
0.303758 0 0.696242
0.302415 0 0.697585
0.301168 0 0.698832
0.2998 0 0.7002
0.298562 0 0.701438
0.29729 0 0.70271
0.295993 0 0.704007
0.294817 0 0.705183
0.293531 0 0.706469
0.29232 0 0.70768
0.291149 0 0.708851
0.289888 0 0.710112
0.288753 0 0.711247
0.28758 0 0.71242
0.286373 0 0.713627
0.285286 0 0.714714
0.28412 0 0.71588
0.282973 0 0.717027
0.281919 0 0.718081
0.280767 0 0.719233
0.279661 0 0.720339
0.278535 0 0.721465
0.277363 0 0.722637
0.276319 0 0.723681
0.275201 0 0.724799
0.273914 0 0.726086
0.2728 0 0.7272
0.27168 0 0.72832
0.270452 0 0.729548
0.269315 0 0.730685
0.268234 0 0.731766
0.267038 0 0.732962
0.265921 0 0.734079
0.568528 0 0.431472
0.564321 0 0.435679
0.560241 0 0.439759
0.55541 0 0.44459
0.551023 0 0.448977
0.546775 0 0.453225
0.544796 0 0.455204
0.543256 0 0.456744
0.539832 0 0.460168
0.535165 0 0.464835
0.531183 0 0.468817
0.527272 0 0.472728
0.523273 0 0.476727
0.519496 0 0.480504
0.513786 0 0.486214
0.508755 0 0.491245
0.504996 0 0.495004
0.501081 0 0.498919
0.497203 0 0.502797
0.493363 0 0.506637
0.48959 0 0.51041
0.486076 0 0.513924
0.482272 0 0.517728
0.478722 0 0.521278
0.475065 0 0.524935
0.471446 0 0.528554
0.467894 0 0.532106
0.464509 0 0.535491
0.461134 0 0.538866
0.457656 0 0.542344
0.454213 0 0.545787
0.450806 0 0.549194
0.447695 0 0.552305
0.444412 0 0.555588
0.441105 0 0.558895
0.437834 0 0.562166
0.434721 0 0.565279
0.431684 0 0.568316
0.428526 0 0.571474
0.425384 0 0.574616
0.422286 0 0.577714
0.419304 0 0.580696
0.416452 0 0.583548
0.413442 0 0.586558
0.155835 0 0.844165
0.137607 0 0.862393
0.123183 0 0.876817
0.0648099 0 0.93519
0.0643737 0 0.935626
0.0643556 0 0.935644
0.06434 0 0.93566
0.0614766 0 0.938523
0.061458 0 0.938542
0.0614425 0 0.938558
0.06143 0 0.93857
0.0614211 0 0.938579
0.0614153 0 0.938585
0.0614126 0 0.938587
0.0614129 0 0.938587
0.0643444 0 0.935656
0.0643607 0 0.935639
0.0643801 0 0.93562
0.0644026 0 0.935597
0.0644275 0 0.935573
0.0644567 0 0.935543
0.0644878 0 0.935512
0.0645233 0 0.935477
0.0617885 0 0.938211
0.0616264 0 0.938374
0.0616617 0 0.938338
0.0617003 0 0.9383
0.0617421 0 0.938258
0.0617875 0 0.938213
0.0618359 0 0.938164
0.0618875 0 0.938112
0.0619426 0 0.938057
0.0650479 0 0.934952
0.0651183 0 0.934882
0.0651923 0 0.934808
0.329048 0 0.670952
0.327184 0 0.672816
0.325499 0 0.674501
0.323676 0 0.676324
0.321718 0 0.678282
0.319472 0 0.680528
0.317395 0 0.682605
0.315156 0 0.684844
0.313119 0 0.686881
0.311296 0 0.688704
0.309463 0 0.690537
0.0320294 0 0.967971
0.0320371 0 0.967963
0.0320688 0 0.967931
0.0321029 0 0.967897
0.0321382 0 0.967862
0.0321755 0 0.967824
0.0322145 0 0.967785
0.0322552 0 0.967745
0.293356 0 0.706644
0.292117 0 0.707883
0.290859 0 0.709141
0.28947 0 0.71053
0.288241 0 0.711759
0.286967 0 0.713033
0.285634 0 0.714366
0.284448 0 0.715552
0.283269 0 0.716731
0.281906 0 0.718094
0.280733 0 0.719267
0.27958 0 0.72042
0.278286 0 0.721714
0.277097 0 0.722903
0.275969 0 0.724031
0.274807 0 0.725193
0.273539 0 0.726462
0.272436 0 0.727564
0.271331 0 0.728669
0.270103 0 0.729897
0.268979 0 0.731021
0.26791 0 0.73209
0.266776 0 0.733224
0.265598 0 0.734402
0.264553 0 0.735447
0.263514 0 0.736486
0.262317 0 0.737683
0.26127 0 0.73873
0.260256 0 0.739744
0.259138 0 0.740862
0.25806 0 0.74194
0.257068 0 0.742932
0.256085 0 0.743915
0.255077 0 0.744923
0.254113 0 0.745887
0.2532 0 0.7468
0.25238 0 0.74762
0.251645 0 0.748355
0.250918 0 0.749082
0.250196 0 0.749804
0.249514 0 0.750486
0.248898 0 0.751102
0.248217 0 0.751783
0.247523 0 0.752477
0.246856 0 0.753144
0.246213 0 0.753787
0.245565 0 0.754435
0.244952 0 0.755048
0.244299 0 0.755701
0.243743 0 0.756257
0.243371 0 0.756629
0.243071 0 0.756929
0.242611 0 0.757389
0.461679 0 0.538321
0.458564 0 0.541436
0.45444 0 0.54556
0.451386 0 0.548614
0.44864 0 0.55136
0.445728 0 0.554272
0.442961 0 0.557039
0.439995 0 0.560005
0.437337 0 0.562663
0.434536 0 0.565464
0.431753 0 0.568247
0.428989 0 0.571011
0.426242 0 0.573758
0.423516 0 0.576484
0.420805 0 0.579195
0.418113 0 0.581887
0.415455 0 0.584545
0.412863 0 0.587137
0.410266 0 0.589734
0.407826 0 0.592174
0.405161 0 0.594839
0.402619 0 0.597381
0.400084 0 0.599916
0.397543 0 0.602457
0.39502 0 0.60498
0.392513 0 0.607487
0.390028 0 0.609972
0.387562 0 0.612438
0.385244 0 0.614756
0.382826 0 0.617174
0.380545 0 0.619455
0.378153 0 0.621847
0.375779 0 0.624221
0.373423 0 0.626577
0.371089 0 0.628911
0.368808 0 0.631192
0.366535 0 0.633465
0.364446 0 0.635554
0.362169 0 0.637831
0.359926 0 0.640074
0.357719 0 0.642281
0.355512 0 0.644488
0.353323 0 0.646677
0.163282 0 0.836718
0.141817 0 0.858183
0.128334 0 0.871666
0.0644529 0 0.935547
0.064302 0 0.935698
0.0642782 0 0.935722
0.0642581 0 0.935742
0.0617005 0 0.9383
0.0616816 0 0.938318
0.0616664 0 0.938334
0.061654 0 0.938346
0.0616449 0 0.938355
0.0616387 0 0.938361
0.0616363 0 0.938364
0.0616362 0 0.938364
0.064218 0 0.935782
0.0642297 0 0.93577
0.0642447 0 0.935755
0.0642628 0 0.935737
0.0642837 0 0.935716
0.0643084 0 0.935692
0.0643363 0 0.935664
0.0643669 0 0.935633
0.0644014 0 0.935599
0.061851 0 0.938149
0.0618868 0 0.938113
0.0619259 0 0.938074
0.0619682 0 0.938032
0.0620136 0 0.937986
0.0620621 0 0.937938
0.0621143 0 0.937886
0.0647932 0 0.935207
0.0648572 0 0.935143
0.0649243 0 0.935076
0.0649952 0 0.935005
0.28908 0 0.71092
0.286136 0 0.713864
0.283229 0 0.716771
0.282097 0 0.717903
0.2805 0 0.7195
0.278266 0 0.721734
0.275948 0 0.724052
0.274551 0 0.725449
0.272822 0 0.727178
0.272675 0 0.727325
0.272138 0 0.727862
0.0320316 0 0.967968
0.0320362 0 0.967964
0.0320682 0 0.967932
0.0321023 0 0.967898
0.0321376 0 0.967862
0.032175 0 0.967825
0.032214 0 0.967786
0.0322549 0 0.967745
0.259846 0 0.740154
0.258666 0 0.741334
0.257473 0 0.742527
0.256437 0 0.743563
0.255581 0 0.744419
0.254654 0 0.745346
0.253678 0 0.746322
0.252756 0 0.747244
0.251846 0 0.748154
0.250961 0 0.749039
0.250054 0 0.749946
0.249165 0 0.750835
0.248326 0 0.751674
0.247564 0 0.752436
0.246834 0 0.753166
0.246092 0 0.753908
0.245434 0 0.754566
0.244724 0 0.755276
0.243992 0 0.756008
0.243267 0 0.756733
0.242611 0 0.757389
0.241909 0 0.758091
0.241235 0 0.758765
0.24057 0 0.75943
0.239875 0 0.760125
0.239186 0 0.760814
0.238554 0 0.761446
0.23795 0 0.762051
0.237289 0 0.762711
0.236626 0 0.763374
0.235966 0 0.764034
0.235342 0 0.764658
0.234706 0 0.765294
0.234149 0 0.765851
0.233517 0 0.766483
0.232921 0 0.767079
0.232348 0 0.767652
0.231991 0 0.768009
0.231619 0 0.768381
0.231036 0 0.768964
0.230525 0 0.769475
0.230009 0 0.769991
0.229498 0 0.770502
0.228981 0 0.771019
0.228411 0 0.771589
0.227868 0 0.772132
0.227378 0 0.772622
0.226891 0 0.773109
0.226411 0 0.773589
0.225916 0 0.774084
0.225362 0 0.774638
0.224871 0 0.775129
0.224409 0 0.775591
0.223952 0 0.776048
0.385001 0 0.614999
0.382938 0 0.617062
0.380881 0 0.619119
0.378833 0 0.621167
0.376793 0 0.623207
0.374761 0 0.625239
0.372737 0 0.627263
0.370715 0 0.629285
0.368716 0 0.631284
0.366718 0 0.633282
0.364731 0 0.635269
0.362752 0 0.637248
0.360782 0 0.639218
0.358822 0 0.641178
0.356871 0 0.643129
0.354931 0 0.645069
0.353 0 0.647
0.351079 0 0.648921
0.349169 0 0.650831
0.347268 0 0.652732
0.345386 0 0.654614
0.343497 0 0.656503
0.341628 0 0.658372
0.339779 0 0.660221
0.337931 0 0.662069
0.336168 0 0.663832
0.334376 0 0.665624
0.332604 0 0.667396
0.330869 0 0.669131
0.329074 0 0.670926
0.32729 0 0.67271
0.325516 0 0.674484
0.323754 0 0.676246
0.322002 0 0.677998
0.320262 0 0.679738
0.318533 0 0.681467
0.316823 0 0.683177
0.315143 0 0.684857
0.313511 0 0.686489
0.311904 0 0.688096
0.310198 0 0.689802
0.308529 0 0.691471
0.162401 0 0.837599
0.142038 0 0.857962
0.127316 0 0.872684
0.0644534 0 0.935547
0.0643064 0 0.935694
0.0642825 0 0.935717
0.0642616 0 0.935738
0.0642444 0 0.935756
0.0642305 0 0.935769
0.0642195 0 0.935781
0.0642124 0 0.935788
0.0642078 0 0.935792
0.0642064 0 0.935794
0.0642088 0 0.935791
0.0642138 0 0.935786
0.064222 0 0.935778
0.0642334 0 0.935767
0.0642484 0 0.935752
0.0642665 0 0.935733
0.0642877 0 0.935712
0.0643121 0 0.935688
0.06434 0 0.93566
0.064371 0 0.935629
0.0644051 0 0.935595
0.0644424 0 0.935558
0.0644831 0 0.935517
0.0645277 0 0.935472
0.0645747 0 0.935425
0.0646251 0 0.935375
0.0646794 0 0.935321
0.0647364 0 0.935264
0.064797 0 0.935203
0.064861 0 0.935139
0.0649281 0 0.935072
0.0649987 0 0.935001
0.257148 0 0.742852
0.254404 0 0.745596
0.252375 0 0.747625
0.25116 0 0.74884
0.249534 0 0.750466
0.247528 0 0.752473
0.245899 0 0.754101
0.244847 0 0.755153
0.2438 0 0.7562
0.242816 0 0.757184
0.241827 0 0.758173
0.0320336 0 0.967966
0.032036 0 0.967964
0.0320681 0 0.967932
0.0321021 0 0.967898
0.0321375 0 0.967862
0.0321748 0 0.967825
0.0322138 0 0.967786
0.0322545 0 0.967746
0.236717 0 0.763283
0.23711 0 0.76289
0.236461 0 0.763539
0.234739 0 0.765261
0.234045 0 0.765955
0.233386 0 0.766614
0.23278 0 0.76722
0.232113 0 0.767887
0.23145 0 0.76855
0.230785 0 0.769215
0.230147 0 0.769853
0.229566 0 0.770434
0.228941 0 0.771059
0.228295 0 0.771705
0.227654 0 0.772346
0.227036 0 0.772964
0.22641 0 0.77359
0.2258 0 0.7742
0.225253 0 0.774747
0.224655 0 0.775345
0.224048 0 0.775952
0.223478 0 0.776522
0.222928 0 0.777072
0.222513 0 0.777487
0.222035 0 0.777965
0.221446 0 0.778553
0.220917 0 0.779083
0.220412 0 0.779588
0.21991 0 0.78009
0.219413 0 0.780587
0.218908 0 0.781092
0.218356 0 0.781644
0.217827 0 0.782173
0.217349 0 0.782651
0.216873 0 0.783127
0.216403 0 0.783597
0.215912 0 0.784088
0.215385 0 0.784615
0.214898 0 0.785102
0.214445 0 0.785555
0.213995 0 0.786005
0.213551 0 0.786449
0.21311 0 0.78689
0.212639 0 0.787361
0.212135 0 0.787865
0.211696 0 0.788304
0.211272 0 0.788728
0.210853 0 0.789147
0.210436 0 0.789564
0.210026 0 0.789974
0.209569 0 0.790431
0.209098 0 0.790902
0.208699 0 0.791301
0.208303 0 0.791697
0.207912 0 0.792088
0.330793 0 0.669207
0.329262 0 0.670738
0.327735 0 0.672265
0.32621 0 0.67379
0.32469 0 0.67531
0.323174 0 0.676826
0.321662 0 0.678338
0.320155 0 0.679845
0.318651 0 0.681349
0.317153 0 0.682847
0.31566 0 0.68434
0.314171 0 0.685829
0.312687 0 0.687313
0.311209 0 0.688791
0.309737 0 0.690263
0.308269 0 0.691731
0.306807 0 0.693193
0.305351 0 0.694649
0.303901 0 0.696099
0.302456 0 0.697544
0.301017 0 0.698983
0.299583 0 0.700417
0.298157 0 0.701843
0.296737 0 0.703263
0.295323 0 0.704677
0.293916 0 0.706084
0.292542 0 0.707458
0.291121 0 0.708879
0.289767 0 0.710233
0.288453 0 0.711547
0.287034 0 0.712966
0.285622 0 0.714378
0.284308 0 0.715692
0.283016 0 0.716984
0.281629 0 0.718371
0.280384 0 0.719616
0.279069 0 0.720931
0.27767 0 0.72233
0.274111 0 0.725889
0.27234 0 0.72766
0.270921 0 0.729079
0.161551 0 0.838449
0.142262 0 0.857738
0.127256 0 0.872744
0.0648215 0 0.935179
0.0643107 0 0.935689
0.0642868 0 0.935713
0.0642667 0 0.935733
0.0642496 0 0.93575
0.0642353 0 0.935765
0.0642246 0 0.935775
0.0642168 0 0.935783
0.0642127 0 0.935787
0.0642113 0 0.935789
0.0642131 0 0.935787
0.0642186 0 0.935781
0.0642268 0 0.935773
0.0642383 0 0.935762
0.0642532 0 0.935747
0.0642709 0 0.935729
0.0642926 0 0.935707
0.064317 0 0.935683
0.0643449 0 0.935655
0.0643755 0 0.935624
0.0644097 0 0.93559
0.0644472 0 0.935553
0.064488 0 0.935512
0.0645323 0 0.935468
0.0645792 0 0.935421
0.0646301 0 0.93537
0.064684 0 0.935316
0.0647411 0 0.935259
0.0648016 0 0.935198
0.0648656 0 0.935134
0.0649327 0 0.935067
0.0654928 0 0.934507
0.231567 0 0.768433
0.230821 0 0.769179
0.230079 0 0.769921
0.229341 0 0.770659
0.228607 0 0.771393
0.227858 0 0.772142
0.227046 0 0.772954
0.226217 0 0.773783
0.225339 0 0.774661
0.224484 0 0.775516
0.223644 0 0.776356
0.0320429 0 0.967957
0.0320363 0 0.967964
0.0320687 0 0.967931
0.032102 0 0.967898
0.0321381 0 0.967862
0.0321747 0 0.967825
0.0322141 0 0.967786
0.0322548 0 0.967745
0.219503 0 0.780497
0.220026 0 0.779974
0.220193 0 0.779807
0.220231 0 0.779769
0.218107 0 0.781893
0.216868 0 0.783132
0.215786 0 0.784214
0.215251 0 0.784749
0.214519 0 0.785481
0.21402 0 0.78598
0.213353 0 0.786647
0.21279 0 0.78721
0.212292 0 0.787708
0.211814 0 0.788186
0.211306 0 0.788694
0.210748 0 0.789252
0.210289 0 0.789711
0.209813 0 0.790187
0.209306 0 0.790694
0.208762 0 0.791238
0.208221 0 0.791779
0.20769 0 0.79231
0.207191 0 0.792809
0.206662 0 0.793338
0.206174 0 0.793826
0.205693 0 0.794307
0.205167 0 0.794833
0.204681 0 0.795319
0.204198 0 0.795802
0.203688 0 0.796312
0.203212 0 0.796788
0.202714 0 0.797286
0.202204 0 0.797796
0.201768 0 0.798232
0.20131 0 0.79869
0.200816 0 0.799184
0.200323 0 0.799677
0.1998 0 0.8002
0.199332 0 0.800668
0.198838 0 0.801162
0.198403 0 0.801597
0.197989 0 0.802011
0.197513 0 0.802487
0.197039 0 0.802961
0.196632 0 0.803368
0.196174 0 0.803826
0.195713 0 0.804287
0.195263 0 0.804737
0.194715 0 0.805285
0.194113 0 0.805887
0.193541 0 0.806459
0.193105 0 0.806895
0.192625 0 0.807375
0.192126 0 0.807874
0.191705 0 0.808295
0.191334 0 0.808666
0.290567 0 0.709433
0.289369 0 0.710631
0.288178 0 0.711822
0.286994 0 0.713006
0.285845 0 0.714155
0.284754 0 0.715246
0.283635 0 0.716365
0.282479 0 0.717521
0.28133 0 0.71867
0.280234 0 0.719766
0.279172 0 0.720828
0.278077 0 0.721923
0.276957 0 0.723043
0.275844 0 0.724156
0.274739 0 0.725261
0.273619 0 0.726381
0.272549 0 0.727451
0.271466 0 0.728534
0.270196 0 0.729804
0.268992 0 0.731008
0.267717 0 0.732283
0.266406 0 0.733594
0.265102 0 0.734898
0.263916 0 0.736084
0.262699 0 0.737301
0.261413 0 0.738587
0.260255 0 0.739745
0.259048 0 0.740952
0.257783 0 0.742217
0.256578 0 0.743422
0.255409 0 0.744591
0.25421 0 0.74579
0.252972 0 0.747028
0.251812 0 0.748188
0.250696 0 0.749304
0.249303 0 0.750697
0.247826 0 0.752174
0.244656 0 0.755344
0.243228 0 0.756772
0.24169 0 0.75831
0.160752 0 0.839248
0.142491 0 0.857509
0.127441 0 0.872558
0.11956 0 0.88044
0.0643161 0 0.935684
0.0642925 0 0.935707
0.0642719 0 0.935728
0.0642547 0 0.935745
0.0642405 0 0.93576
0.0642302 0 0.93577
0.0642224 0 0.935778
0.0642178 0 0.935782
0.0642169 0 0.935783
0.0642184 0 0.935782
0.0642235 0 0.935777
0.0642325 0 0.935768
0.0642439 0 0.935756
0.0642589 0 0.935741
0.0642765 0 0.935723
0.0642979 0 0.935702
0.0643223 0 0.935678
0.0643502 0 0.93565
0.0643812 0 0.935619
0.0644154 0 0.935585
0.0644526 0 0.935547
0.0644934 0 0.935507
0.0645377 0 0.935462
0.0645851 0 0.935415
0.0646355 0 0.935364
0.0646894 0 0.935311
0.0647466 0 0.935253
0.0648074 0 0.935193
0.0648711 0 0.935129
0.0649386 0 0.935061
0.211346 0 0.788654
0.210688 0 0.789312
0.210165 0 0.789835
0.209643 0 0.790357
0.209122 0 0.790878
0.20859 0 0.79141
0.20806 0 0.79194
0.207531 0 0.792469
0.207003 0 0.792997
0.206478 0 0.793522
0.205955 0 0.794045
0.205434 0 0.794566
0.0320649 0 0.967935
0.0320369 0 0.967963
0.0320694 0 0.967931
0.0321031 0 0.967897
0.0321384 0 0.967862
0.0321758 0 0.967824
0.0322148 0 0.967785
0.0322554 0 0.967745
0.03968 0 0.96032
0.0390905 0 0.960909
0.20003 0 0.79997
0.199564 0 0.800436
0.19914 0 0.80086
0.198703 0 0.801297
0.19831 0 0.80169
0.198007 0 0.801993
0.197681 0 0.802319
0.197297 0 0.802703
0.196912 0 0.803088
0.196524 0 0.803476
0.196136 0 0.803864
0.195821 0 0.804179
0.195507 0 0.804493
0.195119 0 0.804881
0.19473 0 0.80527
0.194342 0 0.805658
0.193946 0 0.806054
0.193511 0 0.806489
0.193036 0 0.806964
0.192513 0 0.807487
0.191891 0 0.808109
0.191369 0 0.808631
0.190727 0 0.809273
0.190248 0 0.809752
0.189601 0 0.810399
0.189116 0 0.810884
0.188516 0 0.811484
0.18807 0 0.81193
0.187432 0 0.812568
0.186891 0 0.813109
0.186344 0 0.813656
0.185823 0 0.814177
0.185298 0 0.814702
0.18474 0 0.81526
0.184204 0 0.815796
0.183593 0 0.816407
0.183068 0 0.816932
0.182494 0 0.817506
0.182015 0 0.817985
0.181565 0 0.818435
0.18109 0 0.81891
0.180629 0 0.819371
0.180153 0 0.819847
0.179651 0 0.820349
0.179056 0 0.820944
0.178553 0 0.821447
0.178113 0 0.821887
0.177677 0 0.822323
0.177263 0 0.822737
0.176838 0 0.823162
0.176411 0 0.823589
0.175904 0 0.824096
0.175401 0 0.824599
0.174988 0 0.825012
0.17458 0 0.82542
0.25937 0 0.74063
0.25825 0 0.74175
0.257085 0 0.742915
0.255918 0 0.744082
0.254806 0 0.745194
0.253746 0 0.746254
0.252628 0 0.747372
0.251487 0 0.748513
0.250446 0 0.749554
0.249358 0 0.750642
0.248208 0 0.751792
0.247154 0 0.752846
0.246072 0 0.753928
0.244967 0 0.755033
0.243829 0 0.756171
0.242648 0 0.757352
0.24166 0 0.75834
0.240626 0 0.759374
0.23945 0 0.76055
0.238254 0 0.761746
0.236835 0 0.763165
0.235592 0 0.764408
0.2342 0 0.7658
0.233048 0 0.766952
0.232709 0 0.767291
0.232287 0 0.767713
0.231838 0 0.768162
0.231425 0 0.768575
0.23051 0 0.76949
0.229152 0 0.770848
0.228239 0 0.771761
0.227327 0 0.772673
0.22636 0 0.77364
0.223841 0 0.776159
0.221848 0 0.778152
0.219425 0 0.780575
0.218418 0 0.781582
0.217416 0 0.782584
0.216416 0 0.783584
0.160001 0 0.839999
0.142721 0 0.857279
0.127631 0 0.872369
0.119555 0 0.880445
0.0648263 0 0.935174
0.0642987 0 0.935701
0.0642783 0 0.935722
0.0642612 0 0.935739
0.0642469 0 0.935753
0.0642362 0 0.935764
0.0642283 0 0.935772
0.0642243 0 0.935776
0.0642226 0 0.935777
0.0642249 0 0.935775
0.0642299 0 0.93577
0.0642381 0 0.935762
0.0642504 0 0.93575
0.0642645 0 0.935735
0.0642827 0 0.935717
0.0643044 0 0.935696
0.0643288 0 0.935671
0.0643567 0 0.935643
0.0643873 0 0.935613
0.0644215 0 0.935578
0.0644588 0 0.935541
0.0644995 0 0.9355
0.0645439 0 0.935456
0.0645913 0 0.935409
0.0646417 0 0.935358
0.0646953 0 0.935305
0.0647528 0 0.935247
0.0648133 0 0.935187
0.0648774 0 0.935123
0.065433 0 0.934567
0.19517 0 0.80483
0.0395468 0 0.960453
0.037633 0 0.962367
0.0371922 0 0.962808
0.0367566 0 0.963243
0.0363258 0 0.963674
0.0359002 0 0.9641
0.0354792 0 0.964521
0.0350632 0 0.964937
0.0346521 0 0.965348
0.0342462 0 0.965754
0.0338447 0 0.966155
0.0334486 0 0.966551
0.0330576 0 0.966942
0.0326711 0 0.967329
0.0322899 0 0.96771
0.0320706 0 0.967929
0.0321016 0 0.967898
0.0321344 0 0.967866
0.0321687 0 0.967831
0.0322044 0 0.967796
0.0322421 0 0.967758
0.0322814 0 0.967719
0.0323224 0 0.967678
0.0323651 0 0.967635
0.0324092 0 0.967591
0.0324553 0 0.967545
0.0325031 0 0.967497
0.183071 0 0.816929
0.182638 0 0.817362
0.182219 0 0.817781
0.181778 0 0.818222
0.181315 0 0.818685
0.180854 0 0.819146
0.180397 0 0.819603
0.179942 0 0.820058
0.17949 0 0.82051
0.179041 0 0.820959
0.178628 0 0.821372
0.178232 0 0.821768
0.177822 0 0.822178
0.177384 0 0.822616
0.176949 0 0.823051
0.176517 0 0.823483
0.176087 0 0.823913
0.17566 0 0.82434
0.175237 0 0.824763
0.174815 0 0.825185
0.174398 0 0.825602
0.173983 0 0.826017
0.173615 0 0.826385
0.173249 0 0.826751
0.172861 0 0.827139
0.172457 0 0.827543
0.172055 0 0.827945
0.171656 0 0.828344
0.17126 0 0.82874
0.170932 0 0.829068
0.170588 0 0.829412
0.170226 0 0.829774
0.169946 0 0.830054
0.16958 0 0.83042
0.169255 0 0.830745
0.168825 0 0.831175
0.168426 0 0.831574
0.16798 0 0.83202
0.167555 0 0.832445
0.167255 0 0.832744
0.166974 0 0.833026
0.166662 0 0.833338
0.166415 0 0.833585
0.166101 0 0.833899
0.16576 0 0.83424
0.16543 0 0.83457
0.165067 0 0.834933
0.16472 0 0.83528
0.16427 0 0.83573
0.163875 0 0.836125
0.23306 0 0.76694
0.232384 0 0.767616
0.231616 0 0.768384
0.230913 0 0.769087
0.230445 0 0.769555
0.229895 0 0.770105
0.229069 0 0.770931
0.228164 0 0.771836
0.227047 0 0.772953
0.225785 0 0.774215
0.224193 0 0.775807
0.222767 0 0.777233
0.221377 0 0.778623
0.220272 0 0.779728
0.219639 0 0.780361
0.219272 0 0.780728
0.218998 0 0.781002
0.218753 0 0.781247
0.218492 0 0.781508
0.217812 0 0.782188
0.217018 0 0.782982
0.216227 0 0.783773
0.215441 0 0.784559
0.214657 0 0.785343
0.213842 0 0.786158
0.212872 0 0.787128
0.211281 0 0.788719
0.20836 0 0.79164
0.206051 0 0.793949
0.203205 0 0.796795
0.201794 0 0.798206
0.200715 0 0.799285
0.199687 0 0.800313
0.198689 0 0.801311
0.197697 0 0.802303
0.196712 0 0.803288
0.195734 0 0.804266
0.194706 0 0.805294
0.159202 0 0.840798
0.14295 0 0.85705
0.127817 0 0.872183
0.120302 0 0.879698
0.0694322 0 0.930568
0.064306 0 0.935694
0.0642851 0 0.935715
0.0642679 0 0.935732
0.0642539 0 0.935746
0.0642434 0 0.935757
0.0642356 0 0.935764
0.064231 0 0.935769
0.0642298 0 0.93577
0.0642316 0 0.935768
0.0642372 0 0.935763
0.0642454 0 0.935755
0.0642568 0 0.935743
0.0642718 0 0.935728
0.0642899 0 0.93571
0.0643113 0 0.935689
0.0643357 0 0.935664
0.0643636 0 0.935636
0.0643943 0 0.935606
0.0644285 0 0.935571
0.0644657 0 0.935534
0.0645065 0 0.935493
0.0645508 0 0.935449
0.0645982 0 0.935402
0.0646487 0 0.935351
0.0647023 0 0.935298
0.0647598 0 0.93524
0.0648204 0 0.93518
0.0648844 0 0.935116
0.182135 0 0.817865
0.182148 0 0.817852
0.0374018 0 0.962598
0.0335977 0 0.966402
0.0317005 0 0.9683
0.0317112 0 0.968289
0.0317231 0 0.968277
0.031737 0 0.968263
0.0317518 0 0.968248
0.0317682 0 0.968232
0.0317866 0 0.968213
0.0318063 0 0.968194
0.0318276 0 0.968172
0.0318505 0 0.96815
0.031875 0 0.968125
0.0319012 0 0.968099
0.0319289 0 0.968071
0.031958 0 0.968042
0.0319891 0 0.968011
0.0320214 0 0.967979
0.0320558 0 0.967944
0.0320914 0 0.967909
0.0321284 0 0.967872
0.0321674 0 0.967833
0.0322083 0 0.967792
0.0322503 0 0.96775
0.0322944 0 0.967706
0.03234 0 0.96766
0.0323875 0 0.967613
0.171435 0 0.828565
0.171021 0 0.828979
0.17061 0 0.82939
0.170201 0 0.829799
0.169795 0 0.830205
0.169391 0 0.830609
0.16899 0 0.83101
0.16861 0 0.83139
0.168256 0 0.831744
0.167904 0 0.832096
0.167512 0 0.832488
0.167122 0 0.832878
0.166735 0 0.833265
0.166349 0 0.833651
0.165967 0 0.834033
0.165587 0 0.834413
0.165208 0 0.834792
0.164833 0 0.835167
0.16446 0 0.83554
0.16409 0 0.83591
0.163762 0 0.836238
0.163436 0 0.836564
0.163093 0 0.836907
0.162732 0 0.837268
0.162373 0 0.837627
0.162016 0 0.837984
0.161662 0 0.838338
0.161309 0 0.838691
0.16096 0 0.83904
0.160612 0 0.839388
0.160296 0 0.839704
0.15999 0 0.84001
0.159684 0 0.840316
0.159346 0 0.840654
0.15901 0 0.84099
0.158676 0 0.841324
0.158346 0 0.841654
0.158017 0 0.841983
0.15769 0 0.84231
0.157366 0 0.842634
0.157044 0 0.842956
0.156724 0 0.843276
0.156407 0 0.843593
0.156106 0 0.843894
0.155828 0 0.844172
0.155553 0 0.844447
0.155258 0 0.844742
0.154952 0 0.845048
0.154648 0 0.845352
0.154347 0 0.845653
0.154047 0 0.845953
0.215334 0 0.784666
0.214182 0 0.785818
0.213067 0 0.786933
0.212105 0 0.787895
0.211007 0 0.788993
0.209863 0 0.790137
0.208777 0 0.791223
0.20771 0 0.79229
0.20666 0 0.79334
0.205597 0 0.794403
0.20454 0 0.79546
0.203468 0 0.796532
0.202457 0 0.797543
0.201716 0 0.798284
0.201518 0 0.798482
0.201324 0 0.798676
0.201384 0 0.798616
0.200324 0 0.799676
0.199532 0 0.800468
0.198179 0 0.801821
0.196875 0 0.803125
0.195637 0 0.804363
0.194349 0 0.805651
0.193057 0 0.806943
0.191856 0 0.808144
0.190636 0 0.809364
0.189376 0 0.810624
0.188129 0 0.811871
0.186797 0 0.813203
0.185897 0 0.814103
0.180576 0 0.819424
0.178543 0 0.821457
0.177881 0 0.822119
0.177612 0 0.822388
0.177344 0 0.822656
0.177029 0 0.822971
0.176712 0 0.823288
0.158228 0 0.841772
0.143183 0 0.856817
0.128009 0 0.871991
0.120618 0 0.879382
0.120523 0 0.879477
0.0688975 0 0.931103
0.0642934 0 0.935707
0.0642762 0 0.935724
0.064262 0 0.935738
0.064251 0 0.935749
0.0642437 0 0.935756
0.064239 0 0.935761
0.0642376 0 0.935762
0.0642397 0 0.93576
0.0642447 0 0.935755
0.0642534 0 0.935747
0.0642649 0 0.935735
0.0642798 0 0.93572
0.064298 0 0.935702
0.0643189 0 0.935681
0.0643438 0 0.935656
0.0643712 0 0.935629
0.0644024 0 0.935598
0.0644366 0 0.935563
0.0644738 0 0.935526
0.0645146 0 0.935485
0.0645586 0 0.935441
0.0646061 0 0.935394
0.0646566 0 0.935343
0.0647106 0 0.935289
0.0647676 0 0.935232
0.0648282 0 0.935172
0.0683449 0 0.931655
0.17219 0 0.82781
0.039727 0 0.960273
0.0354728 0 0.964527
0.0320265 0 0.967973
0.0315909 0 0.968409
0.0316013 0 0.968399
0.0316133 0 0.968387
0.0316269 0 0.968373
0.0316418 0 0.968358
0.0316582 0 0.968342
0.0316763 0 0.968324
0.0316961 0 0.968304
0.0317174 0 0.968283
0.03174 0 0.96826
0.0317642 0 0.968236
0.0317903 0 0.96821
0.0318174 0 0.968183
0.0318469 0 0.968153
0.0318772 0 0.968123
0.0319096 0 0.96809
0.0319435 0 0.968056
0.0319792 0 0.968021
0.0320161 0 0.967984
0.0320547 0 0.967945
0.032095 0 0.967905
0.0321373 0 0.967863
0.0321806 0 0.967819
0.0322262 0 0.967774
0.0322732 0 0.967727
0.0323219 0 0.967678
0.160731 0 0.839269
0.160368 0 0.839632
0.160007 0 0.839993
0.159658 0 0.840342
0.159339 0 0.840662
0.159021 0 0.840979
0.158681 0 0.841319
0.15833 0 0.84167
0.157981 0 0.842019
0.157634 0 0.842366
0.157288 0 0.842712
0.156945 0 0.843055
0.156604 0 0.843396
0.156265 0 0.843735
0.155928 0 0.844072
0.155593 0 0.844407
0.155262 0 0.844738
0.154967 0 0.845033
0.154674 0 0.845326
0.154369 0 0.845631
0.154044 0 0.845956
0.153721 0 0.846279
0.1534 0 0.8466
0.153081 0 0.846919
0.152764 0 0.847236
0.152449 0 0.847551
0.152136 0 0.847864
0.151831 0 0.848169
0.151544 0 0.848456
0.151233 0 0.848767
0.150924 0 0.849076
0.150617 0 0.849383
0.150312 0 0.849688
0.150008 0 0.849992
0.149707 0 0.850293
0.149396 0 0.850604
0.14908 0 0.85092
0.148766 0 0.851234
0.148453 0 0.851547
0.148141 0 0.851859
0.147831 0 0.852169
0.147522 0 0.852478
0.147214 0 0.852786
0.146908 0 0.853092
0.146603 0 0.853397
0.146299 0 0.853701
0.145997 0 0.854003
0.145696 0 0.854304
0.145396 0 0.854604
0.14509 0 0.85491
0.144783 0 0.855217
 ] }
}
