# Real Time: 721.973
# Simulation Time: 13.19
# Radar Position: 879.919 -205.355 3.04498
# Radar Quat: 0.0246381 -0.0143886 0.381293 0.924014
PointSet {
 coord Coordinate { point [
881.225 -217.349 3.66047
881.313 -217.371 3.65792
887.642 -258.527 5.6864
893.575 -260.672 5.55765
892.562 -255.078 5.2886
881.911 -210.32 3.24135
911.686 -255.684 4.60469
905.529 -241.848 4.08802
913.618 -252.674 4.38051
909.078 -241.808 3.96779
917.172 -250.622 4.15658
917.539 -250.423 4.13449
913.716 -243.085 3.88323
919.89 -248.747 3.97388
920.071 -241.704 3.61689
921.717 -237.263 3.35248
929.722 -238.151 3.16436
926.452 -234.168 3.07168
931.832 -234.571 2.94063
918.151 -226.513 2.95216
918.199 -226.192 2.93634
918.544 -226.033 2.91967
881.311 -217.37 3.61545
888.246 -262.748 5.69312
893.569 -260.696 5.3594
892.554 -255.086 5.10958
881.909 -210.32 3.22249
911.682 -255.701 4.3973
905.522 -241.854 3.93246
913.609 -252.682 4.17786
914.147 -252.735 4.16128
909.076 -241.821 3.80507
917.163 -250.629 3.95208
917.527 -250.428 3.92965
913.708 -243.091 3.70653
919.878 -248.751 3.76806
920.05 -241.7 3.42786
921.7 -237.264 3.16905
929.73 -238.17 2.95638
926.45 -234.179 2.88078
918.155 -226.525 2.79968
918.194 -226.199 2.7843
918.524 -226.031 2.76696
881.267 -216.347 3.52472
881.348 -216.368 3.52219
881.43 -216.39 3.51967
888.235 -262.748 5.49035
893.564 -260.72 5.1611
892.546 -255.096 4.9306
881.908 -210.319 3.20365
911.678 -255.717 4.18986
905.516 -241.861 3.77694
913.6 -252.69 3.97525
914.134 -252.738 3.95732
909.075 -241.834 3.64232
917.153 -250.636 3.74761
917.515 -250.432 3.72487
913.7 -243.097 3.52986
919.868 -248.758 3.56232
920.032 -241.698 3.239
921.683 -237.264 2.98573
929.737 -238.189 2.74828
926.449 -234.19 2.68986
918.159 -226.537 2.64713
918.19 -226.206 2.63227
918.505 -226.031 2.61435
881.343 -216.34 3.48213
881.424 -216.361 3.47948
881.505 -216.382 3.47681
893.559 -260.744 4.9627
892.539 -255.108 4.75167
881.906 -210.319 3.18481
911.674 -255.734 3.98236
905.51 -241.869 3.62143
913.591 -252.698 3.77263
909.074 -241.848 3.47952
917.143 -250.644 3.54316
917.503 -250.436 3.52013
913.692 -243.104 3.35319
919.86 -248.768 3.35662
920.018 -241.7 3.05023
921.667 -237.265 2.80248
929.745 -238.208 2.54005
926.447 -234.202 2.49888
918.164 -226.549 2.49449
918.185 -226.213 2.48023
918.489 -226.031 2.46181
890.758 -209.842 2.8291
881.422 -216.36 3.44051
881.503 -216.381 3.43774
881.585 -216.403 3.43495
893.554 -260.769 4.76422
892.533 -255.123 4.57283
881.905 -210.318 3.16599
911.67 -255.751 3.7748
905.505 -241.877 3.46592
913.582 -252.706 3.57003
909.073 -241.863 3.31666
917.134 -250.651 3.33872
917.491 -250.441 3.31543
893.042 -220.017 3.0959
893.037 -219.806 3.08764
893.037 -219.605 3.07953
893.196 -219.577 3.07188
893.383 -219.577 3.0642
893.572 -219.577 3.05643
893.765 -219.577 3.04855
893.959 -219.577 3.04058
920.006 -241.704 2.86151
889.998 -213.381 2.95513
889.995 -213.265 2.95063
889.993 -213.15 2.94619
889.991 -213.036 2.9418
889.989 -212.924 2.93746
889.987 -212.812 2.93317
889.984 -212.702 2.92893
889.982 -212.593 2.92475
889.98 -212.485 2.92061
890.107 -212.469 2.91488
929.754 -238.228 2.33168
926.446 -234.213 2.30785
918.17 -226.562 2.34176
918.181 -226.22 2.32817
918.474 -226.032 2.30934
890.758 -209.844 2.78806
890.801 -209.773 2.78368
881.501 -216.381 3.39868
881.583 -216.402 3.39578
893.549 -260.795 4.56563
881.904 -210.318 3.14718
892.365 -226.732 3.31135
892.239 -226.179 3.29584
892.395 -226.11 3.28635
892.592 -226.108 3.27761
892.79 -226.106 3.26879
892.99 -226.104 3.2599
893.192 -226.102 3.25095
905.5 -241.887 3.31041
913.574 -252.714 3.36743
909.073 -241.878 3.15374
917.124 -250.658 3.1343
917.479 -250.445 3.11077
893.037 -220.65 3.0511
893.037 -220.436 3.043
893.037 -220.225 3.03503
893.037 -220.017 3.02719
893.037 -219.812 3.01948
893.037 -219.611 3.01189
893.191 -219.577 3.00394
893.378 -219.577 2.99582
893.567 -219.577 2.98759
893.759 -219.577 2.97926
893.954 -219.577 2.97081
889.998 -214.609 2.95579
889.995 -214.477 2.95098
889.993 -214.348 2.94623
889.991 -214.22 2.94154
889.988 -214.093 2.93692
889.986 -213.968 2.93235
889.984 -213.845 2.92784
889.982 -213.723 2.92339
889.979 -213.603 2.919
889.977 -213.484 2.91466
889.975 -213.367 2.91037
889.973 -213.251 2.90614
889.971 -213.136 2.90195
889.969 -213.022 2.89782
889.967 -212.91 2.89373
889.965 -212.799 2.88968
889.963 -212.689 2.88569
889.961 -212.581 2.88173
889.959 -212.473 2.87782
890.04 -212.425 2.87254
929.763 -238.247 2.12316
926.445 -234.225 2.11678
918.176 -226.574 2.18891
918.178 -226.227 2.17609
918.459 -226.033 2.15692
890.758 -209.846 2.74701
890.758 -209.758 2.74379
890.758 -209.669 2.74058
881.581 -216.401 3.35662
893.545 -260.821 4.36692
881.903 -210.317 3.12839
892.08 -227.296 3.25759
892.081 -226.94 3.24507
892.081 -226.592 3.23285
892.082 -226.254 3.22094
892.194 -226.112 3.21081
892.389 -226.11 3.20179
892.586 -226.108 3.1927
892.784 -226.106 3.18353
892.985 -226.104 3.17428
893.189 -226.106 3.16497
905.497 -241.898 3.15486
913.565 -252.722 3.16482
909.074 -241.894 2.99073
917.115 -250.665 2.92987
917.467 -250.45 2.90614
893.037 -220.657 2.98072
893.037 -220.442 2.97318
893.037 -220.231 2.96577
893.037 -220.023 2.95847
893.037 -219.818 2.95129
893.037 -219.616 2.94421
893.185 -219.577 2.93603
890.113 -216.126 2.9558
889.996 -215.854 2.95162
889.993 -215.705 2.94652
889.991 -215.559 2.94149
889.988 -215.415 2.93654
889.986 -215.272 2.93166
889.983 -215.132 2.92685
889.981 -214.994 2.92211
889.979 -214.858 2.91743
889.976 -214.723 2.91282
889.974 -214.59 2.90827
889.972 -214.459 2.90377
889.97 -214.33 2.89934
889.967 -214.203 2.89496
889.965 -214.077 2.89064
889.963 -213.952 2.88637
889.961 -213.829 2.88215
889.959 -213.708 2.87799
889.957 -213.588 2.87388
889.955 -213.469 2.86981
889.953 -213.352 2.86579
889.951 -213.236 2.86182
889.949 -213.122 2.85789
889.947 -213.009 2.85401
889.945 -212.897 2.85016
889.943 -212.786 2.84637
889.941 -212.676 2.84261
889.939 -212.568 2.83889
889.938 -212.461 2.83521
890.036 -212.425 2.82943
890.188 -212.425 2.82247
929.772 -238.267 1.91447
926.444 -234.236 1.92563
918.184 -226.588 2.03593
918.174 -226.234 2.02398
918.446 -226.035 2.00453
890.758 -209.848 2.70595
890.758 -209.76 2.70284
890.758 -209.672 2.69974
890.758 -209.584 2.69667
893.54 -260.847 4.16807
881.901 -210.317 3.1096
892.082 -226.953 3.15863
892.083 -226.605 3.14746
892.087 -226.272 3.13659
892.188 -226.112 3.12661
892.384 -226.11 3.11725
892.58 -226.108 3.10781
892.779 -226.106 3.09828
892.98 -226.105 3.08867
893.186 -226.111 3.07899
905.494 -241.91 2.99926
913.556 -252.73 2.96219
909.075 -241.911 2.82762
917.105 -250.672 2.72543
889.996 -217.448 2.95235
889.993 -217.274 2.94685
889.991 -217.103 2.94144
889.988 -216.935 2.93612
889.985 -216.77 2.93088
889.983 -216.607 2.92572
889.98 -216.447 2.92064
889.978 -216.29 2.91564
889.975 -216.135 2.91072
889.973 -215.982 2.90587
889.971 -215.832 2.90109
889.968 -215.684 2.89637
889.966 -215.538 2.89173
889.964 -215.394 2.88715
889.961 -215.252 2.88263
889.959 -215.112 2.87818
889.957 -214.975 2.87378
889.955 -214.839 2.86945
889.953 -214.705 2.86516
889.95 -214.572 2.86094
889.948 -214.442 2.85677
889.946 -214.313 2.85264
889.944 -214.186 2.84857
889.942 -214.06 2.84455
889.94 -213.936 2.84058
889.938 -213.813 2.83665
889.936 -213.692 2.83277
889.934 -213.573 2.82893
889.933 -213.455 2.82514
889.931 -213.338 2.82139
889.929 -213.222 2.81767
889.927 -213.108 2.814
889.925 -212.995 2.81037
889.923 -212.883 2.80677
889.922 -212.773 2.80321
889.92 -212.664 2.79969
889.918 -212.556 2.7962
889.916 -212.448 2.79275
890.032 -212.425 2.78634
890.184 -212.425 2.77894
929.783 -238.288 1.70559
926.443 -234.248 1.73442
897.929 -216.006 2.51991
918.192 -226.602 1.8828
918.17 -226.242 1.87184
918.433 -226.038 1.85216
890.758 -209.851 2.66487
890.758 -209.762 2.66187
890.758 -209.674 2.6589
890.758 -209.586 2.65593
890.469 -209.388 2.6634
893.536 -260.874 3.96908
882.008 -211.303 3.11374
881.9 -210.317 3.09082
892.084 -226.967 3.0721
892.085 -226.619 3.06198
892.091 -226.29 3.0521
892.183 -226.112 3.04242
892.378 -226.11 3.03272
892.575 -226.108 3.02293
892.773 -226.106 3.01305
892.977 -226.11 3.00307
893.184 -226.116 2.99298
905.493 -241.924 2.84358
913.547 -252.738 2.75954
889.982 -218.333 2.92411
889.979 -218.144 2.91865
889.977 -217.958 2.91328
889.974 -217.776 2.908
889.971 -217.596 2.90281
889.969 -217.42 2.89771
889.966 -217.247 2.89268
889.964 -217.077 2.88774
889.961 -216.909 2.88287
889.959 -216.745 2.87808
889.957 -216.583 2.87336
889.954 -216.423 2.86871
889.952 -216.266 2.86413
889.95 -216.112 2.85962
889.948 -215.96 2.85517
889.945 -215.81 2.85078
889.943 -215.662 2.84645
889.941 -215.517 2.84218
889.939 -215.373 2.83797
889.937 -215.232 2.83381
889.935 -215.093 2.82971
889.933 -214.955 2.82566
889.931 -214.82 2.82166
889.929 -214.686 2.81771
889.927 -214.554 2.81381
889.925 -214.424 2.80995
889.923 -214.296 2.80614
889.921 -214.169 2.80238
889.919 -214.043 2.79865
889.918 -213.92 2.79497
889.916 -213.798 2.79133
889.914 -213.677 2.78773
889.912 -213.558 2.78417
889.91 -213.44 2.78064
889.909 -213.323 2.77715
889.907 -213.208 2.7737
889.905 -213.094 2.77028
889.903 -212.982 2.7669
889.902 -212.87 2.76355
889.9 -212.76 2.76023
889.898 -212.651 2.75694
889.897 -212.543 2.75368
889.895 -212.436 2.75045
890.028 -212.425 2.74326
890.18 -212.425 2.73543
929.794 -238.309 1.4965
926.442 -234.26 1.54312
897.729 -216.06 2.45869
897.884 -215.984 2.44822
918.202 -226.617 1.72948
918.167 -226.249 1.71965
918.421 -226.04 1.69981
890.758 -209.853 2.62377
890.758 -209.764 2.62089
890.758 -209.676 2.61803
890.758 -209.588 2.61518
890.469 -209.39 2.62384
890.636 -209.368 2.61438
893.532 -260.902 3.76994
881.899 -210.317 3.07204
889.287 -222.561 3.01353
889.283 -222.272 3.00622
889.28 -221.99 2.9991
889.276 -221.715 2.99214
889.273 -221.447 2.98534
889.269 -221.185 2.9787
889.266 -220.93 2.97222
889.263 -220.681 2.96587
889.26 -220.438 2.95967
889.398 -220.425 2.95222
893.181 -226.121 2.90695
905.494 -241.94 2.6878
913.539 -252.746 2.55688
893.878 -223.635 2.80494
889.954 -218.302 2.86718
889.951 -218.113 2.86225
889.949 -217.928 2.85741
889.946 -217.747 2.85264
889.944 -217.568 2.84794
889.942 -217.393 2.84333
889.939 -217.22 2.83878
889.937 -217.05 2.8343
889.935 -216.884 2.82989
889.933 -216.719 2.82554
889.931 -216.558 2.82125
889.929 -216.399 2.81703
889.926 -216.243 2.81286
889.924 -216.089 2.80875
889.922 -215.937 2.8047
889.92 -215.788 2.8007
889.918 -215.641 2.79675
889.916 -215.496 2.79286
889.914 -215.353 2.78901
889.913 -215.212 2.78521
889.911 -215.073 2.78145
889.909 -214.936 2.77775
889.907 -214.801 2.77408
889.905 -214.668 2.77046
889.903 -214.536 2.76688
889.902 -214.406 2.76333
889.9 -214.278 2.75983
889.898 -214.152 2.75637
889.896 -214.027 2.75294
889.895 -213.904 2.74955
889.893 -213.782 2.74619
889.891 -213.661 2.74287
889.89 -213.543 2.73958
889.888 -213.425 2.73632
889.887 -213.309 2.7331
889.885 -213.194 2.7299
889.883 -213.08 2.72674
889.882 -212.968 2.7236
889.88 -212.857 2.72049
889.879 -212.747 2.71741
889.877 -212.638 2.71435
889.876 -212.531 2.71132
889.875 -212.425 2.70828
890.024 -212.425 2.70019
890.175 -212.425 2.69194
929.807 -238.331 1.28716
926.441 -234.271 1.35174
897.712 -216.055 2.3866
897.87 -215.98 2.37571
918.214 -226.633 1.57595
918.164 -226.256 1.56742
918.409 -226.043 1.54747
934.476 -229.041 0.750346
933.976 -228.376 0.757542
890.758 -209.855 2.58266
890.758 -209.766 2.57989
890.758 -209.678 2.57715
890.758 -209.59 2.57441
890.469 -209.392 2.58426
890.63 -209.368 2.57452
890.758 -209.33 2.56624
893.528 -260.93 3.57064
881.898 -210.317 3.05326
889.285 -225.485 3.01103
889.281 -225.115 3.00292
889.278 -224.755 2.99504
889.274 -224.406 2.98738
889.27 -224.067 2.97992
889.266 -223.737 2.97267
889.263 -223.417 2.96559
889.259 -223.105 2.9587
889.256 -222.802 2.95198
889.253 -222.506 2.94542
889.249 -222.219 2.93902
889.246 -221.938 2.93278
889.243 -221.665 2.92667
889.24 -221.399 2.92071
889.237 -221.139 2.91487
889.235 -220.885 2.90917
889.232 -220.637 2.90358
889.241 -220.415 2.89792
889.388 -220.415 2.89014
893.178 -226.126 2.8209
895.426 -228.215 2.74947
895.57 -228.084 2.73865
895.906 -228.23 2.72396
895.44 -227.234 2.72558
893.128 -223.701 2.76655
893.151 -223.465 2.75969
893.166 -223.221 2.75311
893.138 -222.925 2.74756
889.928 -218.462 2.815
889.925 -218.271 2.81053
889.923 -218.083 2.80614
889.921 -217.899 2.80181
889.919 -217.718 2.79754
889.917 -217.54 2.79334
889.915 -217.365 2.78921
889.913 -217.193 2.78513
889.911 -217.024 2.78111
889.909 -216.858 2.77715
889.907 -216.694 2.77324
889.905 -216.533 2.76938
889.903 -216.375 2.76558
889.901 -216.219 2.76182
889.899 -216.066 2.75812
889.897 -215.915 2.75446
889.895 -215.766 2.75084
889.894 -215.619 2.74727
889.892 -215.475 2.74374
889.89 -215.332 2.74026
889.888 -215.192 2.73681
889.887 -215.054 2.7334
889.885 -214.917 2.73003
889.883 -214.782 2.7267
889.882 -214.649 2.7234
889.88 -214.518 2.72014
889.878 -214.389 2.71691
889.877 -214.261 2.71371
889.875 -214.135 2.71055
889.874 -214.011 2.70742
889.872 -213.888 2.70431
889.871 -213.766 2.70124
889.869 -213.646 2.69819
889.868 -213.528 2.69517
889.866 -213.41 2.69218
889.865 -213.294 2.68921
889.863 -213.18 2.68627
889.862 -213.067 2.68336
889.86 -212.955 2.68046
889.859 -212.844 2.67759
889.857 -212.734 2.67475
889.856 -212.626 2.67192
889.855 -212.518 2.66912
889.871 -212.425 2.66565
890.02 -212.425 2.65715
890.171 -212.425 2.64846
929.824 -238.356 1.07747
926.441 -234.283 1.16027
897.696 -216.049 2.31462
918.229 -226.65 1.42213
918.16 -226.264 1.41514
918.398 -226.046 1.39513
933.707 -231.447 0.657526
933.295 -230.789 0.662472
932.888 -230.142 0.667453
932.414 -229.475 0.675691
931.953 -228.824 0.683648
931.492 -228.183 0.691855
931.05 -227.562 0.699427
929.494 -226.475 0.758635
890.758 -209.857 2.54152
890.758 -209.769 2.53888
890.758 -209.68 2.53625
890.758 -209.593 2.53362
890.469 -209.394 2.54466
890.625 -209.368 2.53468
890.758 -209.332 2.52577
890.758 -209.246 2.52317
893.524 -260.959 3.37118
881.897 -210.317 3.03449
896.757 -245.922 2.92818
889.254 -226.184 2.94833
889.25 -225.792 2.94101
889.247 -225.413 2.9339
889.243 -225.044 2.92699
889.24 -224.687 2.92027
889.237 -224.34 2.91372
889.234 -224.003 2.90734
889.231 -223.676 2.90113
889.227 -223.357 2.89507
889.225 -223.047 2.88916
889.222 -222.746 2.88339
889.219 -222.452 2.87776
889.216 -222.166 2.87225
889.213 -221.888 2.86687
889.211 -221.616 2.86161
889.208 -221.351 2.85647
889.206 -221.092 2.85143
889.203 -220.84 2.8465
889.201 -220.593 2.84167
889.237 -220.415 2.83606
889.383 -220.415 2.82801
893.176 -226.131 2.73482
895.421 -228.217 2.65305
895.562 -228.083 2.64238
895.881 -228.203 2.62709
895.436 -227.239 2.63189
893.127 -223.707 2.68753
893.146 -223.465 2.68141
893.162 -223.224 2.67543
893.135 -222.928 2.67076
889.899 -218.43 2.75811
889.897 -218.24 2.75417
889.895 -218.053 2.7503
889.893 -217.869 2.74648
889.891 -217.689 2.74272
889.889 -217.512 2.73901
889.888 -217.337 2.73535
889.886 -217.166 2.73173
889.884 -216.998 2.72817
889.882 -216.832 2.72465
889.881 -216.669 2.72118
889.879 -216.509 2.71775
889.877 -216.351 2.71436
889.875 -216.196 2.71102
889.874 -216.043 2.70771
889.872 -215.893 2.70444
889.871 -215.744 2.70121
889.869 -215.598 2.69801
889.867 -215.454 2.69484
889.866 -215.312 2.69172
889.864 -215.172 2.68862
889.863 -215.034 2.68556
889.861 -214.898 2.68252
889.86 -214.764 2.67952
889.858 -214.631 2.67654
889.857 -214.501 2.6736
889.855 -214.372 2.67068
889.854 -214.244 2.66778
889.852 -214.118 2.66492
889.851 -213.994 2.66207
889.85 -213.872 2.65925
889.848 -213.751 2.65646
889.847 -213.631 2.65369
889.845 -213.513 2.65094
889.844 -213.396 2.64821
889.843 -213.28 2.6455
889.841 -213.166 2.64281
889.84 -213.053 2.64014
889.839 -212.941 2.63749
889.837 -212.831 2.63486
889.836 -212.721 2.63225
889.835 -212.613 2.62965
889.837 -212.508 2.62694
889.867 -212.425 2.62304
890.016 -212.425 2.61411
890.167 -212.425 2.605
926.44 -234.295 0.968712
897.684 -216.047 2.24251
918.248 -226.67 1.2679
918.158 -226.271 1.26281
918.388 -226.05 1.24279
932.5 -233.182 0.569394
932.107 -232.508 0.575357
931.722 -231.85 0.581167
931.327 -231.197 0.587648
930.888 -230.531 0.596494
930.452 -229.878 0.605446
930.028 -229.241 0.614027
929.605 -228.615 0.622835
928.474 -227.673 0.666468
926.099 -226.19 0.771922
925.642 -225.6 0.783674
925.23 -225.04 0.793456
924.82 -224.49 0.803315
890.758 -209.86 2.50038
890.758 -209.771 2.49785
890.758 -209.683 2.49533
890.758 -209.595 2.49282
890.451 -209.389 2.50595
890.569 -209.349 2.49744
890.758 -209.334 2.48529
890.758 -209.248 2.48279
890.758 -209.163 2.48029
893.521 -260.988 3.17153
886.216 -226.044 3.02793
886.373 -226.04 3.0197
886.53 -226.036 3.01142
886.688 -226.032 3.00308
886.847 -226.027 2.99469
887.007 -226.023 2.98624
881.896 -210.317 3.01572
896.762 -245.956 2.77473
889.215 -226.107 2.86928
889.212 -225.718 2.86323
889.209 -225.341 2.85734
889.206 -224.975 2.8516
889.203 -224.62 2.84602
889.2 -224.275 2.84057
889.198 -223.94 2.83526
889.195 -223.615 2.83008
889.192 -223.298 2.82502
889.19 -222.99 2.82008
889.188 -222.691 2.81525
889.185 -222.399 2.81053
889.183 -222.114 2.80591
889.181 -221.837 2.80139
889.178 -221.567 2.79696
889.176 -221.303 2.79262
889.174 -221.046 2.78837
889.172 -220.795 2.7842
889.17 -220.549 2.78011
889.233 -220.415 2.77421
889.379 -220.415 2.76589
889.526 -220.415 2.75748
895.416 -228.22 2.55662
895.555 -228.082 2.54613
895.855 -228.176 2.53045
895.433 -227.244 2.53818
893.127 -223.714 2.60845
893.141 -223.465 2.60313
893.159 -223.227 2.59773
893.133 -222.933 2.5939
889.871 -218.398 2.7015
889.869 -218.209 2.69809
889.867 -218.023 2.69474
889.866 -217.84 2.69143
889.864 -217.66 2.68816
889.862 -217.484 2.68493
889.861 -217.31 2.68174
889.859 -217.139 2.67859
889.858 -216.972 2.67548
889.856 -216.807 2.6724
889.855 -216.644 2.66936
889.853 -216.485 2.66635
889.852 -216.328 2.66338
889.85 -216.173 2.66043
889.849 -216.02 2.65752
889.847 -215.87 2.65464
889.846 -215.722 2.65178
889.844 -215.577 2.64896
889.843 -215.433 2.64616
889.842 -215.292 2.64338
889.84 -215.152 2.64063
889.839 -215.015 2.63791
889.838 -214.879 2.63521
889.836 -214.745 2.63253
889.835 -214.613 2.62988
889.834 -214.483 2.62724
889.832 -214.354 2.62463
889.831 -214.227 2.62204
889.83 -214.102 2.61947
889.828 -213.978 2.61691
889.827 -213.856 2.61438
889.826 -213.735 2.61186
889.825 -213.616 2.60936
889.823 -213.498 2.60687
889.822 -213.381 2.60441
889.821 -213.266 2.60195
889.82 -213.152 2.59952
889.819 -213.039 2.59709
889.817 -212.928 2.59469
889.816 -212.818 2.59229
889.815 -212.709 2.58991
889.814 -212.601 2.58754
889.836 -212.511 2.5841
889.864 -212.426 2.58038
890.011 -212.425 2.57109
890.163 -212.425 2.56154
926.44 -234.307 0.777057
897.676 -216.047 2.17027
931.288 -234.892 0.48154
930.911 -234.203 0.488694
918.279 -226.696 1.11289
918.155 -226.279 1.11042
918.377 -226.053 1.09044
929.4 -231.551 0.519395
928.99 -230.896 0.52922
928.588 -230.256 0.538844
928.2 -229.633 0.547983
927.448 -228.84 0.576184
925.087 -227.281 0.688591
924.602 -226.661 0.703914
924.208 -226.094 0.714637
923.821 -225.54 0.725182
923.439 -224.997 0.73565
923.061 -224.464 0.74613
922.606 -223.907 0.760833
922.139 -223.354 0.776463
890.758 -209.862 2.45921
890.758 -209.773 2.4568
890.68 -209.653 2.45863
890.636 -209.549 2.45863
890.493 -209.407 2.46409
890.625 -209.373 2.45447
890.758 -209.336 2.44479
890.758 -209.25 2.44239
890.758 -209.165 2.43999
890.758 -209.08 2.43759
884.664 -226.047 3.03316
884.815 -226.043 3.02533
884.967 -226.039 3.01745
885.12 -226.035 3.00953
885.272 -226.031 3.00155
885.426 -226.027 2.99352
885.579 -226.023 2.98544
885.734 -226.019 2.9773
885.889 -226.015 2.96911
886.044 -226.01 2.96087
886.2 -226.006 2.95257
886.357 -226.002 2.94421
886.514 -225.998 2.93579
886.672 -225.994 2.92732
886.83 -225.989 2.91878
886.989 -225.985 2.91018
881.777 -210.325 3.00346
881.894 -210.317 2.99695
889.178 -226.429 2.79577
889.175 -226.03 2.79083
889.173 -225.644 2.78602
889.171 -225.269 2.78133
889.168 -224.906 2.77676
889.166 -224.553 2.77229
889.164 -224.21 2.76794
889.162 -223.878 2.76368
889.16 -223.554 2.75951
889.158 -223.24 2.75544
889.156 -222.933 2.75145
889.154 -222.635 2.74755
889.152 -222.345 2.74373
889.15 -222.062 2.73998
889.148 -221.787 2.7363
889.146 -221.518 2.7327
889.145 -221.256 2.72916
889.143 -221 2.72569
889.141 -220.75 2.72227
889.139 -220.506 2.71892
889.229 -220.415 2.71237
889.375 -220.415 2.70379
889.522 -220.415 2.6951
895.411 -228.222 2.46019
895.548 -228.081 2.44991
895.83 -228.149 2.43405
895.43 -227.249 2.44444
893.127 -223.722 2.52931
893.138 -223.47 2.52475
893.156 -223.23 2.52002
893.133 -222.941 2.51692
889.843 -218.367 2.64517
889.841 -218.178 2.64229
889.84 -217.993 2.63945
889.838 -217.81 2.63664
889.837 -217.632 2.63386
889.836 -217.456 2.63111
889.834 -217.283 2.62839
889.833 -217.113 2.6257
889.831 -216.946 2.62303
889.83 -216.781 2.62039
889.829 -216.62 2.61778
889.828 -216.461 2.61519
889.826 -216.304 2.61262
889.825 -216.15 2.61008
889.824 -215.998 2.60756
889.822 -215.848 2.60506
889.821 -215.701 2.60258
889.82 -215.556 2.60012
889.819 -215.413 2.59768
889.818 -215.272 2.59525
889.816 -215.133 2.59285
889.815 -214.995 2.59046
889.814 -214.86 2.58809
889.813 -214.727 2.58574
889.812 -214.595 2.5834
889.811 -214.465 2.58108
889.809 -214.337 2.57877
889.808 -214.21 2.57648
889.807 -214.085 2.5742
889.806 -213.962 2.57193
889.805 -213.84 2.56967
889.804 -213.719 2.56743
889.803 -213.6 2.5652
889.801 -213.483 2.56298
889.8 -213.367 2.56077
889.799 -213.252 2.55857
889.798 -213.138 2.55639
889.797 -213.026 2.55421
889.796 -212.914 2.55204
889.795 -212.805 2.54988
889.794 -212.696 2.54773
889.807 -212.598 2.54488
889.835 -212.513 2.54125
889.864 -212.428 2.53762
890.007 -212.425 2.52808
890.159 -212.425 2.5181
926.44 -234.319 0.585298
929.701 -235.872 0.402243
897.669 -216.047 2.09805
929.013 -234.514 0.417776
928.677 -233.855 0.425329
928.33 -233.201 0.433606
927.935 -232.529 0.444688
927.556 -231.877 0.455064
918.152 -226.287 0.957965
918.368 -226.057 0.938069
926.325 -229.932 0.492467
924.115 -228.366 0.604594
923.571 -227.696 0.625387
923.192 -227.122 0.637267
922.821 -226.56 0.648854
922.462 -226.014 0.659895
922.108 -225.479 0.670846
921.709 -224.932 0.684447
921.262 -224.371 0.700989
920.825 -223.824 0.717108
920.399 -223.292 0.732803
919.984 -222.774 0.748093
919.174 -222.096 0.78619
890.277 -209.663 2.44575
890.277 -209.578 2.44356
890.277 -209.493 2.44137
890.447 -209.477 2.42923
890.505 -209.414 2.42362
890.625 -209.375 2.41434
890.758 -209.338 2.40427
890.758 -209.252 2.40197
890.758 -209.167 2.39967
890.758 -209.082 2.39737
890.758 -208.997 2.39507
884.2 -226.021 2.98262
884.35 -226.017 2.97485
884.501 -226.014 2.96703
884.651 -226.01 2.95916
884.803 -226.006 2.95124
884.954 -226.002 2.94327
885.106 -225.998 2.93524
885.259 -225.994 2.92716
885.412 -225.99 2.91902
885.565 -225.985 2.91083
885.719 -225.981 2.90258
885.874 -225.977 2.89428
886.029 -225.973 2.88591
886.184 -225.969 2.87748
886.341 -225.964 2.869
886.498 -225.96 2.86044
886.655 -225.956 2.85183
886.813 -225.952 2.84315
886.972 -225.947 2.8344
881.779 -210.333 2.98472
881.894 -210.319 2.97816
889.138 -226.35 2.71663
889.136 -225.954 2.71296
889.135 -225.57 2.70938
889.133 -225.198 2.70587
889.131 -224.837 2.70244
889.13 -224.487 2.69909
889.128 -224.146 2.6958
889.126 -223.815 2.69258
889.125 -223.494 2.68942
889.123 -223.181 2.68632
889.122 -222.877 2.68327
889.12 -222.581 2.68028
889.119 -222.292 2.67735
889.117 -222.011 2.67446
889.116 -221.737 2.67162
889.114 -221.469 2.66883
889.113 -221.209 2.66608
889.112 -220.954 2.66337
889.11 -220.705 2.66071
889.128 -220.494 2.65727
889.225 -220.415 2.65054
889.371 -220.415 2.64168
889.518 -220.415 2.63272
895.406 -228.224 2.36375
895.541 -228.081 2.35368
895.805 -228.123 2.33789
895.427 -227.254 2.35066
893.126 -223.729 2.45012
893.138 -223.477 2.44625
893.152 -223.233 2.4423
893.133 -222.948 2.43988
889.815 -218.336 2.58911
889.813 -218.147 2.58676
889.812 -217.963 2.58443
889.811 -217.781 2.58211
889.81 -217.603 2.57982
889.809 -217.428 2.57754
889.808 -217.256 2.57528
889.806 -217.086 2.57304
889.805 -216.92 2.57082
889.804 -216.756 2.56862
889.803 -216.595 2.56643
889.802 -216.436 2.56425
889.801 -216.28 2.56209
889.8 -216.127 2.55994
889.799 -215.975 2.55781
889.798 -215.826 2.55569
889.797 -215.679 2.55358
889.796 -215.535 2.55149
889.795 -215.392 2.5494
889.794 -215.251 2.54733
889.793 -215.113 2.54527
889.792 -214.976 2.54321
889.791 -214.841 2.54117
889.79 -214.708 2.53914
889.789 -214.577 2.53712
889.788 -214.448 2.5351
889.787 -214.32 2.53309
889.786 -214.193 2.5311
889.785 -214.069 2.52911
889.784 -213.946 2.52712
889.783 -213.824 2.52515
889.782 -213.704 2.52318
889.781 -213.585 2.52121
889.78 -213.468 2.51925
889.779 -213.352 2.5173
889.778 -213.237 2.51536
889.777 -213.124 2.51342
889.776 -213.012 2.51148
889.775 -212.901 2.50955
889.774 -212.792 2.50762
889.778 -212.686 2.50545
889.806 -212.601 2.50191
889.834 -212.515 2.49838
889.863 -212.431 2.49484
890.003 -212.425 2.48508
890.154 -212.425 2.47467
929.294 -238.557 0.279585
928.471 -237.513 0.316051
928.143 -236.814 0.324914
927.822 -236.13 0.333558
927.503 -235.457 0.342217
926.44 -234.331 0.393426
926.864 -234.143 0.360004
897.666 -216.049 2.0256
926.143 -232.819 0.383018
925.797 -232.182 0.393867
925.45 -231.554 0.404955
925.083 -230.924 0.417346
923.181 -229.449 0.519403
918.15 -226.294 0.805437
918.358 -226.061 0.785672
921.833 -227.56 0.573268
921.489 -227.006 0.585391
921.151 -226.465 0.59722
920.803 -225.928 0.609788
920.376 -225.359 0.627236
919.959 -224.806 0.64424
919.551 -224.266 0.660796
919.163 -223.745 0.676371
918.745 -223.219 0.693889
918.139 -222.617 0.72297
918.132 -222.294 0.71582
918.142 -221.979 0.707592
918.151 -221.667 0.699433
890.277 -209.665 2.40636
890.277 -209.58 2.40429
890.277 -209.495 2.40221
890.442 -209.477 2.38986
890.487 -209.409 2.38498
890.625 -209.377 2.37419
890.758 -209.341 2.36372
890.758 -209.254 2.36153
890.758 -209.169 2.35933
890.758 -209.084 2.35713
890.758 -208.999 2.35492
890.855 -208.947 2.34646
884.339 -225.981 2.90129
884.489 -225.977 2.89339
884.639 -225.973 2.88543
884.79 -225.969 2.87742
884.941 -225.965 2.86935
885.093 -225.961 2.86123
885.245 -225.957 2.85304
885.398 -225.952 2.8448
885.551 -225.948 2.8365
885.704 -225.944 2.82814
885.859 -225.94 2.81971
886.013 -225.936 2.81123
886.169 -225.931 2.80268
886.325 -225.927 2.79406
886.481 -225.923 2.78538
886.638 -225.918 2.77662
886.796 -225.914 2.7678
886.955 -225.909 2.75891
881.763 -210.4 2.96729
881.769 -210.307 2.96645
881.806 -210.302 2.96426
881.844 -210.297 2.96207
881.882 -210.292 2.95985
897.067 -245.958 2.29543
889.099 -226.272 2.63809
889.098 -225.878 2.63567
889.097 -225.497 2.63329
889.095 -225.127 2.63095
889.094 -224.769 2.62865
889.093 -224.421 2.62639
889.092 -224.082 2.62415
889.091 -223.754 2.62195
889.09 -223.434 2.61979
889.089 -223.123 2.61765
889.088 -222.821 2.61553
889.087 -222.526 2.61345
889.086 -222.239 2.61139
889.085 -221.96 2.60935
889.084 -221.687 2.60734
889.083 -221.421 2.60535
889.082 -221.162 2.60338
889.081 -220.909 2.60143
889.08 -220.661 2.5995
889.127 -220.499 2.59525
889.221 -220.415 2.58871
889.367 -220.415 2.57959
889.514 -220.415 2.57035
895.402 -228.229 2.26723
895.537 -228.085 2.25732
895.779 -228.096 2.24196
895.424 -227.259 2.25686
893.126 -223.736 2.37088
893.138 -223.484 2.36769
893.149 -223.236 2.36455
893.134 -222.956 2.36278
889.787 -218.304 2.53334
889.786 -218.117 2.5315
889.785 -217.933 2.52967
889.784 -217.752 2.52785
889.783 -217.575 2.52603
889.782 -217.4 2.52423
889.781 -217.229 2.52243
889.78 -217.06 2.52064
889.779 -216.894 2.51885
889.779 -216.731 2.51708
889.778 -216.57 2.51531
889.777 -216.412 2.51354
889.776 -216.257 2.51178
889.775 -216.104 2.51003
889.774 -215.953 2.50828
889.773 -215.804 2.50654
889.772 -215.658 2.5048
889.771 -215.514 2.50306
889.771 -215.372 2.50133
889.77 -215.231 2.4996
889.769 -215.093 2.49788
889.768 -214.957 2.49616
889.767 -214.823 2.49444
889.766 -214.69 2.49273
889.765 -214.559 2.49102
889.765 -214.43 2.48931
889.764 -214.303 2.4876
889.763 -214.177 2.48589
889.762 -214.052 2.48419
889.761 -213.93 2.48249
889.76 -213.808 2.48079
889.76 -213.689 2.47909
889.759 -213.57 2.47739
889.758 -213.453 2.4757
889.757 -213.338 2.474
889.756 -213.223 2.47231
889.755 -213.11 2.4706
889.755 -212.999 2.46886
889.755 -212.889 2.46711
889.755 -212.781 2.46537
889.777 -212.689 2.46237
889.805 -212.603 2.45893
889.834 -212.518 2.45549
889.862 -212.433 2.45204
889.999 -212.425 2.44209
890.15 -212.425 2.43126
926.315 -237.038 0.258792
926.021 -236.367 0.26821
925.732 -235.711 0.277423
925.419 -235.048 0.288185
925.085 -234.382 0.300383
924.756 -233.73 0.312298
924.429 -233.089 0.324267
924.113 -232.466 0.335635
897.659 -216.05 1.95335
922.21 -230.491 0.437025
921.513 -229.685 0.47248
921.173 -229.1 0.486061
920.845 -228.532 0.498983
920.521 -227.975 0.511762
918.148 -226.302 0.652835
918.349 -226.065 0.633251
919.488 -226.324 0.554605
919.096 -225.767 0.572059
918.71 -225.222 0.589341
918.331 -224.691 0.606245
917.96 -224.172 0.622767
917.141 -223.443 0.668056
917.14 -223.122 0.661216
917.155 -222.811 0.653391
917.165 -222.499 0.645793
917.178 -222.191 0.637996
917.191 -221.884 0.630205
917.195 -221.575 0.622955
917.148 -221.246 0.619024
890.277 -209.667 2.36695
890.277 -209.582 2.36499
890.277 -209.498 2.36302
890.437 -209.477 2.35052
890.495 -209.414 2.3447
890.719 -209.415 2.32777
890.758 -209.343 2.32316
890.758 -209.257 2.32107
890.758 -209.171 2.31897
890.758 -209.086 2.31686
890.758 -209.001 2.31475
890.849 -208.947 2.30644
891.111 -208.947 2.28662
884.476 -225.94 2.82001
884.627 -225.936 2.81196
884.777 -225.932 2.80386
884.928 -225.928 2.7957
885.079 -225.924 2.78748
885.231 -225.92 2.77919
885.384 -225.915 2.77085
885.536 -225.911 2.76244
885.69 -225.907 2.75396
885.844 -225.903 2.74542
885.998 -225.898 2.73682
886.153 -225.894 2.72814
886.309 -225.89 2.7194
886.465 -225.885 2.71058
886.622 -225.881 2.70169
886.779 -225.876 2.69273
886.937 -225.872 2.6837
881.763 -210.402 2.94837
881.767 -210.307 2.94788
881.805 -210.302 2.94567
881.843 -210.297 2.94344
881.881 -210.291 2.9412
889.06 -226.194 2.56014
889.059 -225.803 2.55895
889.059 -225.425 2.55776
889.058 -225.058 2.55657
889.058 -224.701 2.55538
889.057 -224.355 2.55419
889.056 -224.019 2.553
889.056 -223.692 2.55181
889.055 -223.375 2.55061
889.055 -223.066 2.54942
889.054 -222.765 2.54823
889.054 -222.472 2.54703
889.053 -222.187 2.54584
889.052 -221.909 2.54464
889.052 -221.638 2.54345
889.051 -221.373 2.54225
889.05 -221.115 2.54105
889.05 -220.863 2.53985
889.074 -220.658 2.5373
889.125 -220.503 2.5332
889.216 -220.415 2.52688
889.362 -220.415 2.51749
889.51 -220.415 2.50799
895.4 -228.236 2.17057
895.533 -228.089 2.16092
895.767 -228.088 2.14556
895.421 -227.264 2.16302
893.126 -223.744 2.29158
893.137 -223.491 2.28908
893.146 -223.239 2.28675
893.134 -222.964 2.28562
889.759 -218.273 2.47784
889.758 -218.087 2.4765
889.758 -217.903 2.47517
889.757 -217.723 2.47384
889.756 -217.547 2.4725
889.756 -217.373 2.47116
889.755 -217.202 2.46978
889.755 -217.035 2.4684
889.755 -216.871 2.46701
889.755 -216.709 2.46562
889.755 -216.55 2.46422
889.755 -216.393 2.46282
889.755 -216.239 2.46142
889.755 -216.087 2.46002
889.755 -215.937 2.45861
889.755 -215.79 2.4572
889.755 -215.644 2.45578
889.755 -215.501 2.45436
889.755 -215.36 2.45294
889.755 -215.221 2.45151
889.755 -215.084 2.45008
889.755 -214.948 2.44864
889.755 -214.815 2.44721
889.755 -214.683 2.44576
889.755 -214.553 2.44432
889.755 -214.425 2.44287
889.755 -214.298 2.44141
889.755 -214.173 2.43995
889.755 -214.05 2.43849
889.755 -213.928 2.43702
889.755 -213.808 2.43555
889.755 -213.688 2.43407
889.755 -213.571 2.43259
889.755 -213.455 2.4311
889.755 -213.34 2.42961
889.755 -213.226 2.42812
889.755 -213.114 2.42662
889.755 -213.002 2.42511
889.755 -212.892 2.4236
889.755 -212.784 2.42208
889.776 -212.691 2.41927
889.804 -212.606 2.41593
889.833 -212.52 2.41258
889.861 -212.435 2.40922
889.995 -212.425 2.39911
890.146 -212.425 2.38785
907.068 -223.891 1.29875
907.174 -223.685 1.28767
907.279 -223.479 1.27656
907.383 -223.274 1.26542
907.488 -223.069 1.25425
921.154 -231.459 0.360688
920.489 -230.642 0.397434
920.169 -230.054 0.411835
897.652 -216.05 1.88112
919.548 -228.916 0.439535
919.246 -228.367 0.452922
918.953 -227.83 0.465821
918.601 -227.269 0.482665
918.224 -226.703 0.501284
917.856 -226.152 0.519393
917.495 -225.613 0.537126
917.147 -225.091 0.55415
916.708 -224.53 0.57727
916.168 -223.927 0.607379
916.186 -223.617 0.599992
916.202 -223.308 0.592737
916.219 -223.002 0.58533
916.235 -222.698 0.578006
916.25 -222.394 0.570756
916.247 -222.083 0.564677
916.181 -221.747 0.562855
915.946 -221.338 0.572605
912.765 -219.65 0.785011
912.401 -219.222 0.804263
890.277 -209.669 2.32752
890.277 -209.584 2.32567
890.277 -209.5 2.32382
890.432 -209.477 2.31119
890.651 -209.477 2.29399
890.719 -209.417 2.28722
890.758 -209.345 2.28258
890.758 -209.259 2.28059
890.758 -209.173 2.27859
890.758 -209.088 2.27658
890.758 -209.003 2.27456
890.843 -208.947 2.26644
891.104 -208.947 2.24576
891.361 -208.942 2.22529
884.614 -225.899 2.73876
884.764 -225.895 2.73057
884.915 -225.891 2.72231
885.066 -225.887 2.71399
885.218 -225.883 2.70561
885.37 -225.879 2.69716
885.522 -225.874 2.68864
885.675 -225.87 2.68006
885.829 -225.866 2.6714
885.983 -225.861 2.66268
886.138 -225.857 2.65388
886.293 -225.852 2.64501
886.449 -225.848 2.63606
886.605 -225.844 2.62704
886.762 -225.839 2.61794
886.925 -225.849 2.60845
881.762 -210.405 2.92943
881.766 -210.306 2.92932
881.804 -210.301 2.92708
881.841 -210.296 2.92482
881.88 -210.291 2.92254
894.095 -238.958 2.1699
894.35 -238.905 2.15441
889.045 -226.172 2.48128
889.045 -225.783 2.4813
889.045 -225.406 2.48129
889.045 -225.04 2.48123
889.045 -224.685 2.48113
889.045 -224.341 2.48099
889.045 -224.006 2.48083
889.045 -223.681 2.48062
889.045 -223.364 2.48039
889.045 -223.057 2.48012
889.045 -222.757 2.47983
889.045 -222.465 2.4795
889.045 -222.181 2.47915
889.045 -221.904 2.47877
889.045 -221.634 2.47836
889.045 -221.371 2.47794
889.045 -221.114 2.47748
889.045 -220.863 2.47701
889.072 -220.662 2.47485
889.124 -220.507 2.47111
889.212 -220.415 2.46506
889.358 -220.415 2.4554
889.505 -220.415 2.44563
895.398 -228.243 2.07386
895.529 -228.094 2.0645
895.761 -228.089 2.04881
895.418 -227.269 2.06912
893.125 -223.751 2.21222
893.137 -223.498 2.21041
893.149 -223.251 2.20856
893.134 -222.972 2.2084
889.761 -218.282 2.42069
889.755 -218.088 2.42022
889.755 -217.906 2.41935
889.755 -217.727 2.41847
889.755 -217.551 2.41757
889.755 -217.377 2.41666
889.755 -217.207 2.41574
889.755 -217.04 2.4148
889.755 -216.875 2.41385
889.755 -216.713 2.41289
889.755 -216.554 2.41191
889.755 -216.397 2.41092
889.755 -216.243 2.40992
889.755 -216.091 2.40891
889.755 -215.941 2.40788
889.755 -215.794 2.40685
889.755 -215.648 2.4058
889.755 -215.505 2.40474
889.755 -215.364 2.40367
889.755 -215.225 2.40259
889.755 -215.088 2.4015
889.755 -214.952 2.40039
889.755 -214.819 2.39928
889.755 -214.687 2.39815
889.755 -214.557 2.39702
889.755 -214.429 2.39587
889.755 -214.302 2.39472
889.755 -214.177 2.39355
889.755 -214.053 2.39237
889.755 -213.931 2.39119
889.755 -213.811 2.38999
889.755 -213.692 2.38878
889.755 -213.574 2.38757
889.755 -213.458 2.38634
889.755 -213.343 2.3851
889.755 -213.229 2.38386
889.755 -213.117 2.3826
889.755 -213.005 2.38133
889.755 -212.895 2.38006
889.755 -212.787 2.37877
889.775 -212.694 2.37615
889.804 -212.608 2.3729
889.832 -212.523 2.36965
889.86 -212.438 2.36638
889.991 -212.425 2.35614
890.142 -212.425 2.34444
906.929 -223.803 1.19299
907.034 -223.598 1.18206
889.043 -211.382 2.4158
889.024 -211.279 2.4158
889.006 -211.176 2.4158
888.987 -211.075 2.4158
888.968 -210.975 2.4158
888.949 -210.876 2.4158
897.645 -216.051 1.80889
917.345 -227.614 0.431578
916.996 -227.058 0.450451
916.655 -226.514 0.468891
916.322 -225.985 0.486799
915.997 -225.469 0.504236
915.253 -224.731 0.551251
915.233 -224.4 0.547306
915.255 -224.095 0.540299
915.275 -223.79 0.53349
915.295 -223.487 0.526539
915.316 -223.187 0.519533
915.334 -222.886 0.512715
915.32 -222.572 0.508147
915.228 -222.223 0.509107
912.318 -220.553 0.712798
911.812 -220.044 0.74407
911.56 -219.661 0.757098
911.412 -219.329 0.762656
911.36 -219.044 0.761292
911.324 -218.768 0.758664
890.277 -209.671 2.28807
890.277 -209.586 2.28633
890.277 -209.502 2.28459
890.426 -209.477 2.27187
890.645 -209.477 2.25397
890.544 -209.352 2.25959
890.758 -209.347 2.24196
890.758 -209.261 2.24008
890.758 -209.175 2.23818
890.758 -209.09 2.23627
890.758 -209.005 2.23435
890.837 -208.947 2.22645
890.159 -208.642 2.27536
891.37 -208.947 2.18243
891.655 -208.947 2.15889
884.752 -225.859 2.65753
884.902 -225.855 2.64918
885.053 -225.85 2.64077
885.204 -225.846 2.63229
885.356 -225.842 2.62373
885.508 -225.838 2.61511
885.661 -225.833 2.60641
885.814 -225.829 2.59764
885.968 -225.824 2.5888
886.122 -225.82 2.57988
886.277 -225.815 2.57088
886.433 -225.811 2.56181
886.589 -225.806 2.55265
886.747 -225.805 2.54334
886.92 -225.848 2.53284
881.762 -210.407 2.91048
881.765 -210.306 2.91076
881.802 -210.301 2.90849
881.84 -210.295 2.9062
881.878 -210.29 2.9039
881.917 -210.288 2.90149
893.732 -238.764 2.0654
893.881 -238.468 2.05723
894.007 -238.126 2.05058
889.045 -226.183 2.40157
889.045 -225.793 2.40283
889.045 -225.416 2.40402
889.045 -225.05 2.40512
889.045 -224.695 2.40615
889.045 -224.35 2.4071
889.045 -224.015 2.40799
889.045 -223.69 2.4088
889.045 -223.373 2.40956
889.045 -223.065 2.41025
889.045 -222.765 2.41089
889.045 -222.473 2.41146
889.045 -222.189 2.41199
889.045 -221.912 2.41246
889.045 -221.642 2.41288
889.045 -221.378 2.41325
889.045 -221.121 2.41358
889.045 -220.87 2.41386
889.071 -220.667 2.41236
889.122 -220.512 2.40899
889.208 -220.415 2.40324
889.354 -220.415 2.39331
889.501 -220.415 2.38326
895.396 -228.251 1.97708
895.526 -228.098 1.96804
895.755 -228.09 1.95205
895.418 -227.278 1.97501
893.125 -223.758 2.1328
893.138 -223.507 2.13162
893.156 -223.268 2.13002
893.135 -222.98 2.13111
889.765 -218.292 2.36343
889.755 -218.094 2.36373
889.755 -217.911 2.36336
889.755 -217.732 2.36297
889.755 -217.556 2.36255
889.755 -217.382 2.36211
889.755 -217.212 2.36165
889.755 -217.045 2.36116
889.755 -216.88 2.36065
889.755 -216.718 2.36012
889.755 -216.559 2.35956
889.755 -216.402 2.35898
889.755 -216.247 2.35838
889.755 -216.095 2.35776
889.755 -215.945 2.35712
889.755 -215.798 2.35646
889.755 -215.653 2.35579
889.755 -215.509 2.35509
889.755 -215.368 2.35437
889.755 -215.229 2.35363
889.755 -215.092 2.35288
889.755 -214.956 2.35211
889.755 -214.823 2.35132
889.755 -214.691 2.35051
889.755 -214.561 2.34969
889.755 -214.432 2.34885
889.755 -214.306 2.34799
889.755 -214.18 2.34712
889.755 -214.057 2.34623
889.755 -213.935 2.34532
889.755 -213.814 2.3444
889.755 -213.695 2.34346
889.755 -213.577 2.34251
889.755 -213.461 2.34155
889.755 -213.346 2.34056
889.755 -213.232 2.33957
889.755 -213.12 2.33855
889.755 -213.009 2.33753
889.755 -212.898 2.33649
889.755 -212.79 2.33543
889.774 -212.696 2.333
889.803 -212.61 2.32985
889.831 -212.525 2.32669
889.86 -212.44 2.32352
889.987 -212.425 2.31317
890.138 -212.425 2.30105
906.791 -223.716 1.08824
889.023 -211.464 2.37989
888.98 -211.343 2.38193
888.938 -211.225 2.3839
888.897 -211.108 2.38582
888.856 -210.994 2.38768
888.816 -210.882 2.38949
888.777 -210.772 2.39125
888.739 -210.664 2.39296
888.701 -210.557 2.39461
888.663 -210.453 2.39622
888.627 -210.35 2.39779
888.591 -210.248 2.39931
888.555 -210.149 2.40079
888.52 -210.05 2.40222
888.486 -209.954 2.40361
888.452 -209.859 2.40496
888.418 -209.765 2.40628
888.385 -209.673 2.40755
888.353 -209.582 2.40879
888.321 -209.492 2.40999
888.29 -209.404 2.41116
888.258 -209.316 2.41229
888.228 -209.23 2.41338
888.197 -209.146 2.41445
888.168 -209.062 2.41548
888.147 -208.984 2.4158
888.131 -208.908 2.4158
888.114 -208.832 2.4158
888.097 -208.758 2.4158
888.081 -208.684 2.4158
888.064 -208.61 2.4158
888.047 -208.538 2.4158
888.03 -208.465 2.4158
888.013 -208.394 2.4158
887.996 -208.323 2.4158
887.979 -208.252 2.4158
887.962 -208.183 2.4158
887.945 -208.113 2.4158
887.928 -208.045 2.4158
890.831 -208.947 2.18648
890.148 -208.641 2.23834
891.364 -208.947 2.14071
891.648 -208.947 2.11624
891.918 -208.939 2.09282
884.889 -225.818 2.57629
885.04 -225.814 2.56778
885.191 -225.81 2.5592
885.342 -225.805 2.55054
885.495 -225.805 2.54171
885.649 -225.805 2.5328
885.803 -225.805 2.5238
885.958 -225.805 2.51471
886.114 -225.805 2.50555
886.27 -225.805 2.49629
886.427 -225.805 2.48695
886.584 -225.805 2.47752
886.742 -225.805 2.468
886.915 -225.846 2.45721
881.649 -210.314 2.89918
881.685 -210.308 2.89697
881.722 -210.302 2.89474
881.76 -210.295 2.8925
881.797 -210.289 2.89024
881.834 -210.283 2.88796
881.872 -210.276 2.88567
881.909 -210.27 2.88335
881.947 -210.264 2.88102
881.985 -210.257 2.87867
882.022 -210.251 2.8763
882.06 -210.244 2.87391
882.099 -210.238 2.8715
889.045 -225.426 2.32664
889.045 -225.06 2.32891
889.045 -224.705 2.33107
889.045 -224.36 2.33311
889.045 -224.024 2.33505
889.045 -223.699 2.33689
889.045 -223.382 2.33864
889.045 -223.074 2.34029
889.045 -222.774 2.34186
889.045 -222.482 2.34334
889.045 -222.197 2.34474
889.045 -221.92 2.34606
889.045 -221.649 2.34731
889.045 -221.386 2.34849
889.045 -221.128 2.34959
889.045 -220.877 2.35064
889.069 -220.671 2.34981
889.121 -220.516 2.34682
889.204 -220.415 2.3414
889.35 -220.415 2.33121
889.497 -220.415 2.32088
895.212 -229.042 1.89102
895.179 -228.633 1.89453
895.164 -228.26 1.89666
895.251 -228.046 1.891
895.393 -227.914 1.88122
895.522 -227.765 1.87226
895.417 -227.287 1.8808
893.125 -223.766 2.05329
893.14 -223.518 2.05259
893.163 -223.285 2.05129
893.135 -222.988 2.05373
889.768 -218.301 2.30606
889.755 -218.099 2.30717
889.755 -217.916 2.30731
889.755 -217.737 2.30741
889.755 -217.561 2.30748
889.755 -217.387 2.30751
889.755 -217.217 2.3075
889.755 -217.05 2.30746
889.755 -216.885 2.30739
889.755 -216.723 2.30729
889.755 -216.563 2.30715
889.755 -216.406 2.30699
889.755 -216.252 2.30679
889.755 -216.1 2.30656
889.755 -215.95 2.30631
889.755 -215.802 2.30603
889.755 -215.657 2.30572
889.755 -215.513 2.30538
889.755 -215.372 2.30502
889.755 -215.233 2.30463
889.755 -215.095 2.30421
889.755 -214.96 2.30377
889.755 -214.826 2.30331
889.755 -214.695 2.30282
889.755 -214.564 2.30231
889.755 -214.436 2.30177
889.755 -214.309 2.30121
889.755 -214.184 2.30064
889.755 -214.06 2.30003
889.755 -213.938 2.29941
889.755 -213.818 2.29877
889.755 -213.698 2.2981
889.755 -213.581 2.29741
889.755 -213.464 2.29671
889.755 -213.349 2.29598
889.755 -213.235 2.29523
889.755 -213.123 2.29446
889.755 -213.012 2.29368
889.755 -212.902 2.29287
889.755 -212.793 2.29205
889.774 -212.698 2.28982
889.802 -212.613 2.28677
889.831 -212.527 2.28371
889.859 -212.442 2.28063
889.983 -212.425 2.2702
890.133 -212.425 2.25765
906.654 -223.63 0.984459
888.998 -211.449 2.3432
888.956 -211.329 2.34557
888.914 -211.211 2.34787
888.873 -211.096 2.35011
888.833 -210.982 2.35228
888.793 -210.87 2.3544
888.754 -210.76 2.35646
888.716 -210.652 2.35846
888.678 -210.546 2.3604
888.641 -210.442 2.36229
888.605 -210.339 2.36413
888.569 -210.238 2.36592
888.534 -210.139 2.36766
888.499 -210.041 2.36935
888.465 -209.945 2.37099
888.431 -209.85 2.37259
888.398 -209.756 2.37414
888.365 -209.664 2.37565
888.333 -209.573 2.37712
888.301 -209.484 2.37855
888.27 -209.396 2.37994
888.239 -209.309 2.38128
888.209 -209.223 2.38259
888.179 -209.139 2.38387
888.149 -209.055 2.3851
888.12 -208.973 2.3863
888.091 -208.892 2.38747
888.062 -208.812 2.3886
888.034 -208.733 2.3897
888.006 -208.655 2.39076
887.979 -208.577 2.3918
887.951 -208.501 2.3928
887.924 -208.426 2.39378
887.898 -208.352 2.39472
887.872 -208.278 2.39563
887.846 -208.205 2.39652
887.82 -208.133 2.39738
887.795 -208.062 2.39821
887.769 -207.992 2.39901
887.745 -207.923 2.39978
887.72 -207.854 2.40054
887.696 -207.786 2.40126
887.671 -207.719 2.40196
887.648 -207.652 2.40264
887.624 -207.586 2.40329
885.034 -225.805 2.49433
885.185 -225.805 2.48552
885.338 -225.805 2.47663
885.491 -225.805 2.46766
885.645 -225.805 2.4586
885.799 -225.805 2.44945
885.954 -225.805 2.44022
881.628 -211.012 2.87395
881.583 -210.73 2.8799
881.543 -210.473 2.8853
881.531 -210.314 2.88789
881.567 -210.308 2.88572
881.604 -210.302 2.88353
881.641 -210.295 2.88133
881.678 -210.289 2.8791
881.715 -210.283 2.87686
881.752 -210.277 2.87461
881.789 -210.27 2.87233
881.826 -210.264 2.87004
881.863 -210.258 2.86773
881.9 -210.251 2.86539
881.938 -210.245 2.86304
881.976 -210.238 2.86067
882.013 -210.232 2.85828
882.051 -210.225 2.85587
882.089 -210.219 2.85344
889.045 -225.437 2.24921
889.045 -225.07 2.25264
889.045 -224.715 2.25593
889.045 -224.369 2.25906
889.045 -224.034 2.26206
889.045 -223.708 2.26493
889.045 -223.391 2.26766
889.045 -223.082 2.27028
889.045 -222.782 2.27278
889.045 -222.49 2.27516
889.045 -222.205 2.27744
889.045 -221.928 2.27962
889.045 -221.657 2.2817
889.045 -221.393 2.28368
889.045 -221.136 2.28557
889.045 -220.884 2.28737
889.068 -220.676 2.28725
889.119 -220.521 2.28462
889.2 -220.415 2.27958
889.346 -220.415 2.26912
889.493 -220.415 2.25852
894.222 -227.518 1.873
894.277 -227.265 1.87052
894.305 -226.977 1.87011
894.309 -226.659 1.8716
894.32 -226.358 1.87238
894.335 -226.068 1.87278
894.358 -225.795 1.87243
893.129 -223.78 1.97336
893.143 -223.529 1.97348
893.165 -223.296 1.97279
893.141 -223.003 1.97585
889.771 -218.311 2.24862
889.755 -218.104 2.25058
889.755 -217.922 2.25123
889.755 -217.742 2.25182
889.755 -217.566 2.25237
889.755 -217.392 2.25287
889.755 -217.222 2.25333
889.755 -217.054 2.25374
889.755 -216.89 2.25411
889.755 -216.727 2.25443
889.755 -216.568 2.25472
889.755 -216.411 2.25496
889.755 -216.256 2.25517
889.755 -216.104 2.25534
889.755 -215.954 2.25547
889.755 -215.806 2.25556
889.755 -215.661 2.25562
889.755 -215.517 2.25565
889.755 -215.376 2.25564
889.755 -215.237 2.2556
889.755 -215.099 2.25552
889.755 -214.964 2.25541
889.755 -214.83 2.25528
889.755 -214.698 2.2551
889.755 -214.568 2.25491
889.755 -214.44 2.25468
889.755 -214.313 2.25442
889.755 -214.188 2.25413
889.755 -214.064 2.25382
889.755 -213.942 2.25348
889.755 -213.821 2.25311
889.755 -213.702 2.25271
889.755 -213.584 2.25229
889.755 -213.468 2.25185
889.755 -213.352 2.25137
889.755 -213.239 2.25088
889.755 -213.126 2.25036
889.755 -213.015 2.24981
889.755 -212.905 2.24924
889.755 -212.796 2.24865
889.773 -212.701 2.24663
889.801 -212.615 2.24368
889.83 -212.53 2.24071
889.858 -212.445 2.23772
889.978 -212.425 2.22725
890.129 -212.425 2.21426
906.58 -223.587 0.87669
888.974 -211.435 2.30669
888.931 -211.316 2.30939
888.89 -211.198 2.31202
888.849 -211.083 2.31457
888.809 -210.97 2.31706
888.77 -210.858 2.31948
888.732 -210.749 2.32183
888.694 -210.641 2.32412
888.656 -210.535 2.32635
888.62 -210.431 2.32852
888.583 -210.329 2.33063
888.548 -210.228 2.33268
888.513 -210.129 2.33468
888.478 -210.032 2.33662
888.444 -209.936 2.33852
888.411 -209.841 2.34036
888.378 -209.748 2.34215
888.346 -209.656 2.34389
888.314 -209.565 2.34559
888.282 -209.476 2.34724
888.251 -209.388 2.34885
888.22 -209.302 2.35041
888.19 -209.216 2.35193
888.16 -209.132 2.35341
888.13 -209.049 2.35485
888.101 -208.967 2.35625
888.073 -208.886 2.35761
888.044 -208.806 2.35893
888.016 -208.727 2.36021
887.988 -208.649 2.36146
887.961 -208.572 2.36268
887.934 -208.496 2.36386
887.907 -208.421 2.365
887.881 -208.347 2.36612
887.855 -208.273 2.3672
887.829 -208.201 2.36824
887.803 -208.129 2.36926
887.778 -208.058 2.37025
887.753 -207.988 2.3712
887.728 -207.919 2.37213
887.704 -207.85 2.37303
887.68 -207.782 2.3739
887.656 -207.715 2.37474
887.632 -207.649 2.37556
887.608 -207.583 2.37635
887.585 -207.518 2.37711
885.181 -225.805 2.41173
885.334 -225.805 2.4027
885.487 -225.805 2.39359
885.641 -225.805 2.38439
885.795 -225.805 2.3751
881.632 -211.176 2.85038
881.586 -210.879 2.85764
881.545 -210.61 2.86422
881.507 -210.364 2.8702
881.524 -210.295 2.8702
881.56 -210.289 2.86802
881.597 -210.283 2.86582
881.633 -210.277 2.86361
881.67 -210.271 2.86137
881.707 -210.264 2.85912
881.744 -210.258 2.85685
881.78 -210.252 2.85456
881.817 -210.245 2.85225
881.855 -210.239 2.84992
881.892 -210.233 2.84757
881.929 -210.226 2.8452
881.967 -210.22 2.84281
882.004 -210.213 2.8404
882.042 -210.207 2.83796
882.08 -210.2 2.83551
882.118 -210.194 2.83303
889.045 -225.081 2.17629
889.045 -224.725 2.1807
889.045 -224.379 2.18494
889.045 -224.043 2.189
889.045 -223.717 2.19289
889.045 -223.4 2.19662
889.045 -223.091 2.2002
889.045 -222.791 2.20363
889.045 -222.498 2.20692
889.045 -222.213 2.21008
889.045 -221.935 2.21311
889.045 -221.665 2.21602
889.045 -221.401 2.21881
889.045 -221.143 2.22148
889.045 -220.891 2.22404
889.066 -220.68 2.22464
889.118 -220.525 2.22239
889.205 -220.43 2.21694
889.362 -220.447 2.20523
889.52 -220.465 2.19333
892.847 -225.394 1.90175
892.843 -225.084 1.9048
892.825 -224.76 1.90891
892.755 -224.365 1.91755
892.701 -224.004 1.92453
892.785 -223.847 1.91949
892.846 -223.661 1.9163
892.942 -223.527 1.90991
893.069 -223.435 1.90092
893.163 -223.3 1.89461
893.147 -223.019 1.89778
889.774 -218.321 2.1911
889.755 -218.11 2.19395
889.755 -217.927 2.1951
889.755 -217.747 2.19619
889.755 -217.571 2.19722
889.755 -217.397 2.19819
889.755 -217.227 2.19911
889.755 -217.059 2.19997
889.755 -216.894 2.20078
889.755 -216.732 2.20153
889.755 -216.572 2.20224
889.755 -216.415 2.2029
889.755 -216.261 2.20351
889.755 -216.108 2.20407
889.755 -215.958 2.20459
889.755 -215.811 2.20506
889.755 -215.665 2.20549
889.755 -215.522 2.20588
889.755 -215.38 2.20622
889.755 -215.241 2.20653
889.755 -215.103 2.20679
889.755 -214.968 2.20702
889.755 -214.834 2.2072
889.755 -214.702 2.20735
889.755 -214.572 2.20747
889.755 -214.443 2.20755
889.755 -214.316 2.20759
889.755 -214.191 2.2076
889.755 -214.067 2.20757
889.755 -213.945 2.20751
889.755 -213.824 2.20742
889.755 -213.705 2.2073
889.755 -213.587 2.20714
889.755 -213.471 2.20695
889.755 -213.356 2.20674
889.755 -213.242 2.20649
889.755 -213.129 2.20621
889.755 -213.018 2.20591
889.755 -212.908 2.20557
889.755 -212.799 2.20521
889.772 -212.703 2.20342
889.8 -212.617 2.20056
889.829 -212.532 2.19769
889.857 -212.447 2.19479
889.974 -212.425 2.1843
890.125 -212.425 2.17089
906.557 -223.579 0.765135
888.949 -211.422 2.27035
888.907 -211.302 2.27338
888.866 -211.185 2.27633
888.826 -211.07 2.2792
888.786 -210.957 2.28199
888.747 -210.846 2.28471
888.709 -210.737 2.28736
888.671 -210.63 2.28993
888.634 -210.524 2.29244
888.598 -210.421 2.29489
888.562 -210.319 2.29727
888.527 -210.218 2.29958
888.492 -210.119 2.30184
888.458 -210.022 2.30403
888.424 -209.926 2.30617
888.391 -209.832 2.30826
888.358 -209.739 2.31029
888.326 -209.648 2.31226
888.294 -209.557 2.31419
888.263 -209.469 2.31606
888.232 -209.381 2.31788
888.201 -209.294 2.31966
888.171 -209.209 2.32139
888.141 -209.125 2.32307
888.112 -209.042 2.32471
888.083 -208.96 2.32631
888.054 -208.88 2.32786
888.026 -208.8 2.32937
887.998 -208.721 2.33084
887.971 -208.643 2.33227
887.944 -208.567 2.33366
887.917 -208.491 2.33502
887.89 -208.416 2.33633
887.864 -208.342 2.33761
887.838 -208.269 2.33886
887.812 -208.196 2.34007
887.787 -208.125 2.34124
887.762 -208.054 2.34239
887.737 -207.984 2.3435
887.712 -207.915 2.34457
887.688 -207.847 2.34562
887.664 -207.779 2.34663
887.64 -207.712 2.34762
887.616 -207.646 2.34857
887.593 -207.58 2.34949
887.57 -207.515 2.35039
887.547 -207.451 2.35126
885.33 -225.805 2.32877
885.483 -225.805 2.31952
885.636 -225.805 2.31017
881.636 -211.349 2.82551
881.589 -211.036 2.83421
881.547 -210.752 2.84208
881.508 -210.495 2.84922
881.481 -210.283 2.85482
881.517 -210.277 2.85265
881.553 -210.271 2.85045
881.589 -210.265 2.84824
881.626 -210.258 2.84602
881.662 -210.252 2.84377
881.699 -210.246 2.8415
881.736 -210.24 2.83922
881.772 -210.233 2.83691
881.809 -210.227 2.83458
881.846 -210.221 2.83224
881.883 -210.214 2.82987
881.92 -210.208 2.82748
881.958 -210.201 2.82507
881.995 -210.195 2.82264
882.033 -210.188 2.82019
882.07 -210.182 2.81772
882.108 -210.175 2.81522
882.146 -210.169 2.8127
889.045 -224.735 2.1054
889.045 -224.389 2.11073
889.045 -224.053 2.11585
889.045 -223.726 2.12076
889.045 -223.409 2.12549
889.045 -223.1 2.13004
889.045 -222.799 2.13441
889.045 -222.506 2.13861
889.045 -222.221 2.14265
889.045 -221.943 2.14653
889.045 -221.672 2.15027
889.045 -221.408 2.15387
889.045 -221.15 2.15733
889.045 -220.898 2.16065
889.065 -220.685 2.162
889.116 -220.53 2.16011
889.263 -220.532 2.14906
889.421 -220.55 2.13689
889.581 -220.568 2.12453
891.778 -223.744 1.91921
891.817 -223.525 1.91877
891.867 -223.327 1.91719
891.929 -223.148 1.9145
891.984 -222.963 1.9123
892.039 -222.782 1.90995
892.091 -222.599 1.90783
892.114 -222.377 1.9084
892.114 -222.129 1.91089
892.18 -221.974 1.90721
892.217 -221.783 1.90616
889.778 -218.33 2.13349
889.755 -218.115 2.13726
889.755 -217.932 2.13892
889.755 -217.752 2.1405
889.755 -217.576 2.14201
889.755 -217.402 2.14346
889.755 -217.232 2.14484
889.755 -217.064 2.14615
889.755 -216.899 2.1474
889.755 -216.737 2.14859
889.755 -216.577 2.14972
889.755 -216.42 2.15079
889.755 -216.265 2.1518
889.755 -216.113 2.15276
889.755 -215.963 2.15366
889.755 -215.815 2.15452
889.755 -215.669 2.15532
889.755 -215.526 2.15606
889.755 -215.384 2.15677
889.755 -215.245 2.15742
889.755 -215.107 2.15802
889.755 -214.972 2.15858
889.755 -214.838 2.15909
889.755 -214.706 2.15957
889.755 -214.575 2.15999
889.755 -214.447 2.16038
889.755 -214.32 2.16072
889.755 -214.195 2.16102
889.755 -214.071 2.16128
889.755 -213.949 2.16151
889.755 -213.828 2.16169
889.755 -213.709 2.16184
889.755 -213.591 2.16195
889.755 -213.474 2.16203
889.755 -213.359 2.16206
889.755 -213.245 2.16207
889.755 -213.132 2.16204
889.755 -213.021 2.16197
889.755 -212.911 2.16188
889.755 -212.802 2.16175
889.771 -212.706 2.16018
889.8 -212.62 2.15742
889.828 -212.534 2.15464
889.857 -212.449 2.15184
890.037 -212.472 2.13535
890.226 -212.498 2.11808
888.967 -211.529 2.23073
888.925 -211.408 2.23418
888.883 -211.289 2.23754
888.843 -211.172 2.2408
888.803 -211.058 2.24398
888.763 -210.945 2.24708
888.725 -210.834 2.2501
888.687 -210.726 2.25303
888.649 -210.619 2.2559
888.612 -210.514 2.25868
888.576 -210.41 2.2614
888.541 -210.308 2.26404
888.506 -210.208 2.26662
888.471 -210.11 2.26913
888.437 -210.013 2.27158
888.404 -209.917 2.27396
888.371 -209.823 2.27629
888.338 -209.731 2.27855
888.306 -209.639 2.28075
888.274 -209.55 2.2829
888.243 -209.461 2.285
888.212 -209.373 2.28704
888.182 -209.287 2.28902
888.152 -209.202 2.29096
888.123 -209.118 2.29285
888.094 -209.036 2.29469
888.065 -208.954 2.29648
888.036 -208.873 2.29822
888.008 -208.794 2.29992
887.981 -208.715 2.30157
887.953 -208.638 2.30318
887.926 -208.561 2.30475
887.9 -208.486 2.30628
887.873 -208.411 2.30777
887.847 -208.337 2.30921
887.821 -208.264 2.31062
887.796 -208.192 2.31199
887.77 -208.12 2.31332
887.745 -208.05 2.31462
887.721 -207.98 2.31588
887.696 -207.911 2.31711
887.672 -207.843 2.3183
887.648 -207.775 2.31945
887.624 -207.708 2.32058
887.601 -207.642 2.32167
887.578 -207.577 2.32273
887.555 -207.512 2.32376
887.532 -207.448 2.32475
887.509 -207.384 2.32572
 ] }
 color Color { color [
0.120802 0 0.879198
0.121125 0 0.878875
0.537947 0 0.462053
0.570333 0 0.429667
0.513537 0 0.486463
0.0535348 0 0.946465
0.595361 0 0.404639
0.44595 0 0.55405
0.581075 0 0.418925
0.466896 0 0.533104
0.58635 0 0.41365
0.587164 0 0.412836
0.506601 0 0.493399
0.590027 0 0.409973
0.541645 0 0.458355
0.525858 0 0.474142
0.596317 0 0.403683
0.547311 0 0.452689
0.595697 0 0.404303
0.43696 0 0.56304
0.435835 0 0.564165
0.438117 0 0.561883
0.121093 0 0.878907
0.580542 0 0.419458
0.570462 0 0.429538
0.513528 0 0.486472
0.0535174 0 0.946483
0.595431 0 0.404569
0.445924 0 0.554075
0.581047 0 0.418953
0.58461 0 0.41539
0.466953 0 0.533047
0.586312 0 0.413688
0.587083 0 0.412917
0.506567 0 0.493433
0.589951 0 0.410049
0.541437 0 0.458563
0.525715 0 0.474285
0.596481 0 0.403519
0.547357 0 0.452643
0.437057 0 0.562943
0.435834 0 0.564166
0.437937 0 0.562063
0.110846 0 0.889154
0.11116 0 0.88884
0.111481 0 0.888519
0.580438 0 0.419562
0.570605 0 0.429395
0.513535 0 0.486465
0.0535006 0 0.946499
0.59551 0 0.40449
0.445915 0 0.554085
0.581025 0 0.418975
0.584521 0 0.415479
0.467024 0 0.532976
0.586279 0 0.413721
0.587009 0 0.412991
0.50654 0 0.49346
0.589915 0 0.410085
0.541286 0 0.458714
0.525584 0 0.474416
0.596656 0 0.403344
0.547412 0 0.452588
0.437163 0 0.562837
0.435839 0 0.564161
0.437785 0 0.562215
0.110855 0 0.889145
0.11117 0 0.88883
0.111491 0 0.888509
0.57076 0 0.42924
0.513566 0 0.486434
0.0534847 0 0.946515
0.595595 0 0.404405
0.445922 0 0.554078
0.58101 0 0.41899
0.467108 0 0.532892
0.586255 0 0.413745
0.586945 0 0.413055
0.506522 0 0.493478
0.589918 0 0.410082
0.541187 0 0.458813
0.525464 0 0.474536
0.596843 0 0.403157
0.547476 0 0.452524
0.437283 0 0.562717
0.435853 0 0.564147
0.437658 0 0.562342
0.117321 0 0.882679
0.111145 0 0.888855
0.111466 0 0.888534
0.111795 0 0.888205
0.570928 0 0.429072
0.513645 0 0.486355
0.0534696 0 0.94653
0.595688 0 0.404312
0.445946 0 0.554054
0.581003 0 0.418997
0.467206 0 0.532794
0.586237 0 0.413763
0.586889 0 0.413111
0.196767 0 0.803232
0.195172 0 0.804828
0.193685 0 0.806315
0.19456 0 0.80544
0.195841 0 0.804159
0.197149 0 0.802851
0.198483 0 0.801517
0.199846 0 0.800154
0.541136 0 0.458864
0.128843 0 0.871157
0.128103 0 0.871897
0.127378 0 0.872622
0.126667 0 0.873333
0.125971 0 0.874029
0.125289 0 0.874712
0.124619 0 0.875381
0.123963 0 0.876037
0.123321 0 0.876679
0.124263 0 0.875737
0.597041 0 0.402959
0.547547 0 0.452453
0.437414 0 0.562585
0.435874 0 0.564126
0.43755 0 0.56245
0.117338 0 0.882662
0.117472 0 0.882528
0.111443 0 0.888557
0.111771 0 0.888229
0.571108 0 0.428892
0.0534562 0 0.946544
0.247375 0 0.752625
0.241965 0 0.758035
0.242166 0 0.757834
0.243169 0 0.756831
0.244192 0 0.755808
0.245235 0 0.754765
0.2463 0 0.7537
0.445987 0 0.554013
0.581002 0 0.418998
0.467318 0 0.532682
0.586225 0 0.413775
0.586844 0 0.413156
0.201502 0 0.798498
0.199878 0 0.800122
0.198289 0 0.801711
0.196735 0 0.803265
0.195215 0 0.804785
0.193727 0 0.806273
0.194524 0 0.805476
0.195805 0 0.804196
0.197112 0 0.802888
0.198445 0 0.801555
0.199808 0 0.800192
0.136826 0 0.863174
0.135924 0 0.864076
0.13504 0 0.86496
0.134174 0 0.865826
0.133325 0 0.866675
0.132494 0 0.867506
0.131679 0 0.868321
0.130881 0 0.869119
0.130098 0 0.869902
0.129332 0 0.870668
0.12858 0 0.87142
0.127843 0 0.872157
0.127121 0 0.872879
0.126414 0 0.873586
0.125721 0 0.874279
0.125041 0 0.874959
0.124374 0 0.875626
0.123721 0 0.876279
0.12308 0 0.87692
0.123471 0 0.876529
0.597254 0 0.402746
0.547626 0 0.452374
0.437561 0 0.562439
0.435901 0 0.564099
0.437459 0 0.562541
0.117357 0 0.882643
0.117021 0 0.882979
0.116693 0 0.883307
0.111749 0 0.888251
0.571301 0 0.428699
0.0534482 0 0.946552
0.250872 0 0.749128
0.24776 0 0.75224
0.244737 0 0.755263
0.241813 0 0.758187
0.241151 0 0.758849
0.242134 0 0.757867
0.243135 0 0.756865
0.244158 0 0.755842
0.245201 0 0.754799
0.24631 0 0.75369
0.446049 0 0.553951
0.581008 0 0.418992
0.467446 0 0.532554
0.58622 0 0.41378
0.586807 0 0.413193
0.20155 0 0.79845
0.199925 0 0.800075
0.198336 0 0.801664
0.196781 0 0.803219
0.19526 0 0.80474
0.193772 0 0.806228
0.19449 0 0.80551
0.148304 0 0.851696
0.145525 0 0.854475
0.144439 0 0.855561
0.143375 0 0.856625
0.142335 0 0.857665
0.141316 0 0.858684
0.140319 0 0.859681
0.139342 0 0.860658
0.138386 0 0.861614
0.13745 0 0.86255
0.136532 0 0.863468
0.135633 0 0.864367
0.134753 0 0.865247
0.133891 0 0.866109
0.133046 0 0.866954
0.132218 0 0.867782
0.131407 0 0.868593
0.130611 0 0.869389
0.129832 0 0.870168
0.129069 0 0.870931
0.12832 0 0.87168
0.127586 0 0.872414
0.126867 0 0.873133
0.126162 0 0.873838
0.125472 0 0.874528
0.124795 0 0.875205
0.124131 0 0.875869
0.12348 0 0.87652
0.122842 0 0.877158
0.123444 0 0.876556
0.124692 0 0.875308
0.597479 0 0.402521
0.547713 0 0.452287
0.437722 0 0.562278
0.435936 0 0.564064
0.437385 0 0.562615
0.117376 0 0.882624
0.117041 0 0.882959
0.116712 0 0.883288
0.116392 0 0.883608
0.571506 0 0.428494
0.0534407 0 0.946559
0.247882 0 0.752118
0.244856 0 0.755144
0.241986 0 0.758014
0.241121 0 0.758879
0.242104 0 0.757896
0.243105 0 0.756895
0.244127 0 0.755873
0.245185 0 0.754815
0.246336 0 0.753664
0.446132 0 0.553868
0.581022 0 0.418978
0.467591 0 0.532409
0.586222 0 0.413778
0.157416 0 0.842584
0.156067 0 0.843933
0.154748 0 0.845252
0.153459 0 0.846541
0.152198 0 0.847802
0.150966 0 0.849034
0.14976 0 0.85024
0.148581 0 0.851419
0.147427 0 0.852573
0.146298 0 0.853702
0.145194 0 0.854806
0.144113 0 0.855887
0.143055 0 0.856945
0.142019 0 0.857981
0.141005 0 0.858995
0.140012 0 0.859988
0.139039 0 0.860961
0.138087 0 0.861913
0.137155 0 0.862845
0.136241 0 0.863759
0.135346 0 0.864654
0.13447 0 0.86553
0.133611 0 0.866389
0.132769 0 0.867231
0.131945 0 0.868055
0.131136 0 0.868864
0.130345 0 0.869655
0.129569 0 0.870431
0.128809 0 0.871191
0.128063 0 0.871937
0.127332 0 0.872668
0.126616 0 0.873384
0.125914 0 0.874086
0.125226 0 0.874774
0.124551 0 0.875449
0.12389 0 0.87611
0.123242 0 0.876758
0.122606 0 0.877394
0.123418 0 0.876582
0.124666 0 0.875334
0.597722 0 0.402278
0.547809 0 0.452191
0.209298 0 0.790702
0.437902 0 0.562098
0.435978 0 0.564022
0.437322 0 0.562678
0.117397 0 0.882603
0.117062 0 0.882938
0.116733 0 0.883267
0.116413 0 0.883587
0.113002 0 0.886998
0.571723 0 0.428277
0.0630484 0 0.936952
0.0534342 0 0.946566
0.248007 0 0.751993
0.244983 0 0.755017
0.242163 0 0.757837
0.241095 0 0.758905
0.242076 0 0.757924
0.243078 0 0.756922
0.2441 0 0.7559
0.245214 0 0.754786
0.246365 0 0.753635
0.446244 0 0.553756
0.581043 0 0.418957
0.164229 0 0.835771
0.162721 0 0.837279
0.161248 0 0.838752
0.159809 0 0.840191
0.158404 0 0.841596
0.15703 0 0.84297
0.155688 0 0.844312
0.154376 0 0.845624
0.153093 0 0.846907
0.151839 0 0.848161
0.150612 0 0.849388
0.149412 0 0.850588
0.148238 0 0.851762
0.14709 0 0.85291
0.145966 0 0.854034
0.144867 0 0.855133
0.14379 0 0.85621
0.142737 0 0.857263
0.141705 0 0.858294
0.140696 0 0.859304
0.139707 0 0.860293
0.138739 0 0.861261
0.137791 0 0.862209
0.136862 0 0.863138
0.135953 0 0.864047
0.135062 0 0.864938
0.134189 0 0.865811
0.133333 0 0.866667
0.132495 0 0.867505
0.131675 0 0.868325
0.130869 0 0.869131
0.130081 0 0.869919
0.129309 0 0.870691
0.128551 0 0.871449
0.127809 0 0.872191
0.127081 0 0.872919
0.126367 0 0.873633
0.125668 0 0.874332
0.124983 0 0.875017
0.12431 0 0.87569
0.123652 0 0.876348
0.123006 0 0.876994
0.122373 0 0.877627
0.123394 0 0.876606
0.124641 0 0.875359
0.597987 0 0.402013
0.547913 0 0.452087
0.207876 0 0.792124
0.208821 0 0.791179
0.438104 0 0.561896
0.436026 0 0.563974
0.437272 0 0.562728
0.11742 0 0.88258
0.117084 0 0.882916
0.116756 0 0.883244
0.116435 0 0.883565
0.113023 0 0.886977
0.114515 0 0.885485
0.571953 0 0.428047
0.0534282 0 0.946572
0.195906 0 0.804094
0.193353 0 0.806647
0.190874 0 0.809126
0.188467 0 0.811533
0.186129 0 0.813871
0.183857 0 0.816143
0.181648 0 0.818352
0.1795 0 0.8205
0.177411 0 0.822589
0.178033 0 0.821967
0.246397 0 0.753603
0.446392 0 0.553608
0.58107 0 0.41893
0.230018 0 0.769982
0.163812 0 0.836188
0.162312 0 0.837688
0.160846 0 0.839154
0.159415 0 0.840585
0.158016 0 0.841984
0.15665 0 0.84335
0.155314 0 0.844686
0.154008 0 0.845992
0.152731 0 0.847269
0.151482 0 0.848518
0.150262 0 0.849738
0.149067 0 0.850933
0.147899 0 0.852101
0.146756 0 0.853244
0.145637 0 0.854363
0.144542 0 0.855458
0.143471 0 0.856529
0.142422 0 0.857578
0.141395 0 0.858605
0.14039 0 0.85961
0.139406 0 0.860594
0.138442 0 0.861558
0.137498 0 0.862502
0.136573 0 0.863427
0.135668 0 0.864332
0.13478 0 0.86522
0.133911 0 0.866089
0.133059 0 0.866941
0.132225 0 0.867775
0.131407 0 0.868593
0.130605 0 0.869395
0.12982 0 0.87018
0.12905 0 0.87095
0.128296 0 0.871704
0.127557 0 0.872443
0.126831 0 0.873169
0.126121 0 0.873879
0.125424 0 0.874576
0.124742 0 0.875258
0.124072 0 0.875928
0.123416 0 0.876584
0.122772 0 0.877228
0.122155 0 0.877845
0.123371 0 0.876629
0.124617 0 0.875383
0.598278 0 0.401722
0.548024 0 0.451976
0.207727 0 0.792273
0.208702 0 0.791298
0.438336 0 0.561664
0.436082 0 0.563918
0.437233 0 0.562767
0.595209 0 0.404791
0.587988 0 0.412012
0.117444 0 0.882556
0.117109 0 0.882891
0.11678 0 0.88322
0.116459 0 0.883541
0.113046 0 0.886954
0.114479 0 0.885521
0.11554 0 0.88446
0.572196 0 0.427804
0.0534227 0 0.946577
0.222026 0 0.777974
0.218653 0 0.781347
0.215392 0 0.784608
0.212236 0 0.787764
0.20918 0 0.79082
0.206222 0 0.793778
0.203355 0 0.796645
0.200576 0 0.799424
0.197882 0 0.802118
0.195268 0 0.804732
0.192731 0 0.807269
0.190268 0 0.809732
0.187876 0 0.812124
0.185553 0 0.814447
0.183295 0 0.816705
0.181099 0 0.818901
0.178965 0 0.821035
0.177124 0 0.822876
0.177898 0 0.822102
0.246433 0 0.753567
0.276245 0 0.723755
0.275976 0 0.724024
0.279095 0 0.720905
0.268268 0 0.731732
0.226081 0 0.773919
0.224305 0 0.775694
0.222425 0 0.777575
0.219892 0 0.780108
0.164928 0 0.835072
0.163399 0 0.836601
0.161906 0 0.838094
0.160448 0 0.839552
0.159024 0 0.840976
0.157632 0 0.842368
0.156272 0 0.843728
0.154943 0 0.845057
0.153643 0 0.846357
0.152372 0 0.847628
0.15113 0 0.84887
0.149914 0 0.850086
0.148726 0 0.851274
0.147562 0 0.852438
0.146425 0 0.853575
0.145311 0 0.854689
0.144221 0 0.855779
0.143154 0 0.856846
0.142111 0 0.857889
0.141088 0 0.858912
0.140087 0 0.859913
0.139107 0 0.860893
0.138147 0 0.861853
0.137208 0 0.862792
0.136287 0 0.863713
0.135385 0 0.864615
0.134501 0 0.865499
0.133636 0 0.866364
0.132787 0 0.867213
0.131956 0 0.868044
0.131141 0 0.868859
0.130344 0 0.869656
0.129561 0 0.870439
0.128795 0 0.871205
0.128043 0 0.871957
0.127307 0 0.872693
0.126585 0 0.873415
0.125877 0 0.874123
0.125183 0 0.874817
0.124503 0 0.875497
0.123836 0 0.876164
0.123182 0 0.876818
0.122541 0 0.877459
0.122134 0 0.877866
0.12335 0 0.87665
0.124596 0 0.875404
0.598619 0 0.401381
0.548145 0 0.451855
0.207582 0 0.792418
0.438603 0 0.561397
0.436145 0 0.563855
0.437205 0 0.562795
0.598297 0 0.401703
0.591733 0 0.408267
0.585294 0 0.414706
0.578192 0 0.421808
0.571298 0 0.428702
0.564479 0 0.435521
0.557945 0 0.442055
0.539347 0 0.460653
0.11747 0 0.88253
0.117133 0 0.882867
0.116805 0 0.883195
0.116484 0 0.883516
0.11307 0 0.88693
0.114447 0 0.885553
0.115565 0 0.884435
0.115273 0 0.884727
0.572452 0 0.427548
0.0534181 0 0.946582
0.439228 0 0.560772
0.228256 0 0.771744
0.224671 0 0.775329
0.221208 0 0.778792
0.21786 0 0.78214
0.214622 0 0.785378
0.211488 0 0.788512
0.208455 0 0.791545
0.205517 0 0.794483
0.20267 0 0.79733
0.199909 0 0.800091
0.197233 0 0.802767
0.194636 0 0.805364
0.192116 0 0.807884
0.189669 0 0.810331
0.187292 0 0.812708
0.184983 0 0.815017
0.182738 0 0.817262
0.180556 0 0.819444
0.178434 0 0.821566
0.177108 0 0.822892
0.177882 0 0.822118
0.246471 0 0.753529
0.276249 0 0.723751
0.27594 0 0.72406
0.278741 0 0.721259
0.268302 0 0.731698
0.226137 0 0.773863
0.224289 0 0.775711
0.222441 0 0.777559
0.219908 0 0.780092
0.164511 0 0.835489
0.16299 0 0.83701
0.161505 0 0.838495
0.160054 0 0.839946
0.158637 0 0.841363
0.157252 0 0.842748
0.155898 0 0.844102
0.154575 0 0.845425
0.153282 0 0.846718
0.152017 0 0.847983
0.15078 0 0.84922
0.14957 0 0.85043
0.148388 0 0.851612
0.147229 0 0.852771
0.146097 0 0.853903
0.144988 0 0.855012
0.143904 0 0.856096
0.142841 0 0.857159
0.141802 0 0.858198
0.140784 0 0.859216
0.139788 0 0.860212
0.138812 0 0.861188
0.137856 0 0.862144
0.13692 0 0.86308
0.136003 0 0.863997
0.135105 0 0.864895
0.134225 0 0.865775
0.133363 0 0.866637
0.132518 0 0.867482
0.131691 0 0.868309
0.130879 0 0.869121
0.130084 0 0.869915
0.129305 0 0.870695
0.128542 0 0.871458
0.127793 0 0.872207
0.12706 0 0.87294
0.126341 0 0.873659
0.125636 0 0.874364
0.124944 0 0.875056
0.124267 0 0.875733
0.123603 0 0.876397
0.122952 0 0.877048
0.122353 0 0.877647
0.122115 0 0.877885
0.123331 0 0.876669
0.124576 0 0.875424
0.548273 0 0.451727
0.207497 0 0.792503
0.43893 0 0.56107
0.436215 0 0.563785
0.437188 0 0.562812
0.595418 0 0.404582
0.588813 0 0.411187
0.582372 0 0.417628
0.575901 0 0.424099
0.569006 0 0.430994
0.562217 0 0.437783
0.555641 0 0.444359
0.549136 0 0.450864
0.534914 0 0.465086
0.507129 0 0.492871
0.500554 0 0.499446
0.494529 0 0.505471
0.488595 0 0.511405
0.117496 0 0.882504
0.11716 0 0.88284
0.116831 0 0.883169
0.11651 0 0.88349
0.112907 0 0.887093
0.113877 0 0.886123
0.115591 0 0.884409
0.115299 0 0.884701
0.115015 0 0.884985
0.572721 0 0.427279
0.21626 0 0.78374
0.216683 0 0.783317
0.217118 0 0.782882
0.217565 0 0.782435
0.218025 0 0.781975
0.218497 0 0.781503
0.0534139 0 0.946586
0.439568 0 0.560432
0.227393 0 0.772607
0.223836 0 0.776164
0.220399 0 0.779601
0.217075 0 0.782925
0.21386 0 0.78614
0.210749 0 0.789251
0.207736 0 0.792264
0.204819 0 0.795181
0.201991 0 0.798009
0.199249 0 0.800751
0.19659 0 0.80341
0.19401 0 0.80599
0.191506 0 0.808494
0.189075 0 0.810925
0.186713 0 0.813287
0.184418 0 0.815582
0.182187 0 0.817813
0.180019 0 0.819981
0.177909 0 0.822091
0.177095 0 0.822905
0.177868 0 0.822132
0.178658 0 0.821342
0.276255 0 0.723745
0.275908 0 0.724092
0.278391 0 0.721609
0.268341 0 0.731659
0.226209 0 0.773791
0.224276 0 0.775724
0.22246 0 0.77754
0.219949 0 0.780051
0.164098 0 0.835902
0.162586 0 0.837415
0.161107 0 0.838893
0.159664 0 0.840336
0.158253 0 0.841747
0.156875 0 0.843125
0.155528 0 0.844472
0.154212 0 0.845788
0.152924 0 0.847076
0.151665 0 0.848335
0.150435 0 0.849566
0.14923 0 0.85077
0.148052 0 0.851948
0.1469 0 0.8531
0.145772 0 0.854228
0.144668 0 0.855332
0.143589 0 0.856411
0.142531 0 0.857469
0.141496 0 0.858504
0.140483 0 0.859517
0.139491 0 0.860509
0.138519 0 0.861481
0.137567 0 0.862433
0.136635 0 0.863365
0.135723 0 0.864277
0.134828 0 0.865172
0.133952 0 0.866048
0.133093 0 0.866907
0.132252 0 0.867748
0.131428 0 0.868572
0.13062 0 0.86938
0.129828 0 0.870172
0.129052 0 0.870948
0.128292 0 0.871708
0.127546 0 0.872454
0.126815 0 0.873185
0.126099 0 0.873901
0.125396 0 0.874604
0.124708 0 0.875292
0.124033 0 0.875967
0.123371 0 0.876629
0.122723 0 0.877277
0.122376 0 0.877624
0.122114 0 0.877886
0.123312 0 0.876688
0.124558 0 0.875442
0.548409 0 0.451591
0.20746 0 0.79254
0.593105 0 0.406895
0.586417 0 0.413583
0.43939 0 0.56061
0.436293 0 0.563707
0.437179 0 0.562821
0.560443 0 0.439557
0.553774 0 0.446226
0.547269 0 0.452731
0.540988 0 0.459012
0.530716 0 0.469284
0.50264 0 0.49736
0.495574 0 0.504426
0.489594 0 0.510406
0.483755 0 0.516245
0.478031 0 0.521969
0.4724 0 0.5276
0.466002 0 0.533998
0.459519 0 0.540481
0.117525 0 0.882475
0.117188 0 0.882812
0.116018 0 0.883982
0.115229 0 0.884771
0.113383 0 0.886617
0.1145 0 0.8855
0.115619 0 0.884381
0.115327 0 0.884673
0.115042 0 0.884958
0.114764 0 0.885236
0.212287 0 0.787713
0.212592 0 0.787408
0.212909 0 0.787091
0.213237 0 0.786763
0.213576 0 0.786424
0.213927 0 0.786073
0.214289 0 0.785711
0.214663 0 0.785337
0.215049 0 0.784951
0.215446 0 0.784554
0.215855 0 0.784145
0.216277 0 0.783723
0.21671 0 0.78329
0.217156 0 0.782844
0.217614 0 0.782386
0.218084 0 0.781916
0.0530593 0 0.946941
0.0534104 0 0.94659
0.230195 0 0.769805
0.22654 0 0.77346
0.22301 0 0.77699
0.219598 0 0.780402
0.216298 0 0.783702
0.213106 0 0.786894
0.210017 0 0.789983
0.207025 0 0.792975
0.204128 0 0.795872
0.201318 0 0.798682
0.198595 0 0.801405
0.195954 0 0.804046
0.193391 0 0.806609
0.190903 0 0.809097
0.188487 0 0.811513
0.186139 0 0.813861
0.183859 0 0.816141
0.181641 0 0.818359
0.179486 0 0.820514
0.177389 0 0.822611
0.177083 0 0.822917
0.177857 0 0.822143
0.178646 0 0.821354
0.276265 0 0.723735
0.275879 0 0.724121
0.278047 0 0.721953
0.268383 0 0.731617
0.226282 0 0.773718
0.224312 0 0.775688
0.222482 0 0.777518
0.220031 0 0.779969
0.16369 0 0.83631
0.162184 0 0.837816
0.160714 0 0.839286
0.159277 0 0.840723
0.157874 0 0.842126
0.156502 0 0.843498
0.155162 0 0.844838
0.153851 0 0.846149
0.15257 0 0.84743
0.151317 0 0.848683
0.150092 0 0.849908
0.148893 0 0.851107
0.147721 0 0.852279
0.146573 0 0.853427
0.145451 0 0.854549
0.144352 0 0.855648
0.143277 0 0.856723
0.142225 0 0.857775
0.141194 0 0.858806
0.140185 0 0.859815
0.139197 0 0.860803
0.13823 0 0.86177
0.137282 0 0.862718
0.136354 0 0.863646
0.135445 0 0.864555
0.134554 0 0.865446
0.133681 0 0.866319
0.132826 0 0.867174
0.131989 0 0.868011
0.131167 0 0.868833
0.130363 0 0.869637
0.129574 0 0.870426
0.128801 0 0.871199
0.128044 0 0.871956
0.127301 0 0.872699
0.126573 0 0.873427
0.12586 0 0.87414
0.12516 0 0.87484
0.124474 0 0.875526
0.123802 0 0.876198
0.123142 0 0.876858
0.122671 0 0.877329
0.122401 0 0.877599
0.122138 0 0.877862
0.123296 0 0.876704
0.124541 0 0.875459
0.548553 0 0.451447
0.584509 0 0.415491
0.207427 0 0.792573
0.571601 0 0.428399
0.565368 0 0.434632
0.559093 0 0.440907
0.552333 0 0.447667
0.545841 0 0.454159
0.436377 0 0.563623
0.437182 0 0.562818
0.525738 0 0.474262
0.498873 0 0.501127
0.490966 0 0.509034
0.484984 0 0.515016
0.479159 0 0.520841
0.473539 0 0.526461
0.468027 0 0.531973
0.462085 0 0.537915
0.455665 0 0.544335
0.449426 0 0.550574
0.443366 0 0.556634
0.437475 0 0.562525
0.427356 0 0.572644
0.112337 0 0.887663
0.112015 0 0.887985
0.111701 0 0.888299
0.11323 0 0.88677
0.113546 0 0.886454
0.114529 0 0.885471
0.115648 0 0.884352
0.115356 0 0.884644
0.115071 0 0.884929
0.114793 0 0.885207
0.114522 0 0.885478
0.211053 0 0.788947
0.211324 0 0.788676
0.211607 0 0.788393
0.2119 0 0.7881
0.212205 0 0.787795
0.21252 0 0.78748
0.212847 0 0.787153
0.213185 0 0.786815
0.213534 0 0.786466
0.213895 0 0.786105
0.214267 0 0.785733
0.214652 0 0.785348
0.215048 0 0.784952
0.215455 0 0.784545
0.215875 0 0.784125
0.216307 0 0.783693
0.216751 0 0.783249
0.217207 0 0.782793
0.217676 0 0.782324
0.0531494 0 0.946851
0.0534294 0 0.946571
0.229323 0 0.770677
0.225696 0 0.774304
0.222192 0 0.777808
0.218804 0 0.781196
0.215529 0 0.784471
0.21236 0 0.78764
0.209292 0 0.790708
0.206321 0 0.793679
0.203443 0 0.796557
0.200653 0 0.799347
0.197948 0 0.802052
0.195324 0 0.804676
0.192777 0 0.807223
0.190305 0 0.809695
0.187904 0 0.812096
0.185572 0 0.814428
0.183305 0 0.816695
0.181101 0 0.818899
0.178958 0 0.821042
0.177244 0 0.822756
0.177074 0 0.822926
0.177848 0 0.822152
0.178637 0 0.821363
0.276279 0 0.723721
0.275862 0 0.724138
0.277708 0 0.722292
0.268427 0 0.731573
0.226359 0 0.773641
0.224387 0 0.775613
0.222505 0 0.777495
0.220115 0 0.779885
0.163285 0 0.836715
0.161787 0 0.838213
0.160324 0 0.839676
0.158894 0 0.841106
0.157498 0 0.842502
0.156133 0 0.843867
0.154799 0 0.845201
0.153494 0 0.846506
0.152219 0 0.847781
0.150972 0 0.849028
0.149752 0 0.850248
0.148559 0 0.851441
0.147392 0 0.852608
0.14625 0 0.85375
0.145133 0 0.854867
0.144039 0 0.855961
0.142968 0 0.857032
0.14192 0 0.85808
0.140894 0 0.859106
0.13989 0 0.86011
0.138906 0 0.861094
0.137942 0 0.862058
0.136999 0 0.863001
0.136074 0 0.863926
0.135169 0 0.864831
0.134282 0 0.865718
0.133413 0 0.866587
0.132562 0 0.867438
0.131727 0 0.868273
0.130909 0 0.869091
0.130108 0 0.869892
0.129322 0 0.870678
0.128553 0 0.871447
0.127798 0 0.872202
0.127059 0 0.872941
0.126333 0 0.873667
0.125623 0 0.874377
0.124925 0 0.875075
0.124242 0 0.875758
0.123573 0 0.876427
0.122974 0 0.877026
0.122696 0 0.877304
0.122426 0 0.877574
0.122164 0 0.877836
0.123281 0 0.876719
0.124526 0 0.875474
0.595638 0 0.404362
0.582995 0 0.417005
0.576422 0 0.423578
0.570011 0 0.429989
0.563709 0 0.436291
0.548706 0 0.451294
0.551337 0 0.448663
0.207446 0 0.792554
0.538327 0 0.461673
0.532119 0 0.467881
0.525965 0 0.474035
0.519656 0 0.480344
0.495831 0 0.504169
0.436468 0 0.563532
0.437193 0 0.562807
0.474968 0 0.525032
0.469344 0 0.530656
0.463863 0 0.536137
0.45833 0 0.54167
0.451968 0 0.548032
0.445785 0 0.554215
0.439777 0 0.560223
0.434038 0 0.565962
0.42803 0 0.57197
0.420015 0 0.579985
0.418632 0 0.581368
0.417468 0 0.582532
0.416317 0 0.583683
0.112367 0 0.887633
0.112045 0 0.887955
0.11173 0 0.888269
0.113203 0 0.886797
0.113375 0 0.886625
0.114559 0 0.885441
0.115678 0 0.884322
0.115386 0 0.884614
0.115101 0 0.884899
0.114823 0 0.885177
0.114552 0 0.885448
0.115321 0 0.884679
0.210944 0 0.789056
0.211225 0 0.788775
0.211517 0 0.788483
0.21182 0 0.78818
0.212135 0 0.787865
0.21246 0 0.78754
0.212797 0 0.787203
0.213145 0 0.786855
0.213505 0 0.786495
0.213876 0 0.786124
0.214259 0 0.785741
0.214653 0 0.785347
0.215059 0 0.784941
0.215477 0 0.784523
0.215907 0 0.784093
0.21635 0 0.78365
0.216804 0 0.783196
0.217271 0 0.782729
0.0537195 0 0.94628
0.0528713 0 0.947129
0.0529567 0 0.947043
0.053045 0 0.946955
0.0531363 0 0.946864
0.440818 0 0.559182
0.228461 0 0.771539
0.224861 0 0.775139
0.221383 0 0.778617
0.21802 0 0.78198
0.214768 0 0.785232
0.211622 0 0.788378
0.208575 0 0.791425
0.205625 0 0.794375
0.202766 0 0.797234
0.199995 0 0.800005
0.197308 0 0.802692
0.194701 0 0.805299
0.19217 0 0.80783
0.189714 0 0.810286
0.187328 0 0.812672
0.18501 0 0.81499
0.182756 0 0.817244
0.180567 0 0.819433
0.178436 0 0.821564
0.177288 0 0.822712
0.177067 0 0.822933
0.17784 0 0.82216
0.178629 0 0.821371
0.27632 0 0.72368
0.2759 0 0.7241
0.277371 0 0.722629
0.268475 0 0.731525
0.226439 0 0.773561
0.224466 0 0.775534
0.222532 0 0.777468
0.220202 0 0.779798
0.162884 0 0.837116
0.161394 0 0.838606
0.159938 0 0.840062
0.158515 0 0.841485
0.157125 0 0.842875
0.155767 0 0.844233
0.154439 0 0.845561
0.153141 0 0.846859
0.151872 0 0.848128
0.150631 0 0.849369
0.149417 0 0.850583
0.148229 0 0.851771
0.147067 0 0.852933
0.14593 0 0.85407
0.144818 0 0.855182
0.143729 0 0.856271
0.142663 0 0.857337
0.141619 0 0.858381
0.140598 0 0.859402
0.139597 0 0.860403
0.138618 0 0.861382
0.137659 0 0.862341
0.136719 0 0.863281
0.135798 0 0.864202
0.134897 0 0.865103
0.134013 0 0.865987
0.133148 0 0.866852
0.1323 0 0.8677
0.131469 0 0.868531
0.130654 0 0.869346
0.129856 0 0.870144
0.129074 0 0.870926
0.128307 0 0.871693
0.127555 0 0.872445
0.126818 0 0.873182
0.126097 0 0.873903
0.12539 0 0.87461
0.124706 0 0.875294
0.124036 0 0.875964
0.123379 0 0.876621
0.123002 0 0.876998
0.122724 0 0.877276
0.122454 0 0.877546
0.122191 0 0.877809
0.123268 0 0.876732
0.124512 0 0.875488
0.562503 0 0.437497
0.556312 0 0.443688
0.550266 0 0.449734
0.544016 0 0.455984
0.537587 0 0.462413
0.531317 0 0.468683
0.525139 0 0.474861
0.519174 0 0.480826
0.207428 0 0.792572
0.492658 0 0.507342
0.482556 0 0.517444
0.476681 0 0.523319
0.471019 0 0.528981
0.465469 0 0.534531
0.436567 0 0.563433
0.437213 0 0.562787
0.448506 0 0.551494
0.442451 0 0.557549
0.436514 0 0.563486
0.43073 0 0.56927
0.425096 0 0.574904
0.41452 0 0.58548
0.413128 0 0.586872
0.411932 0 0.588068
0.410721 0 0.589279
0.409569 0 0.590431
0.408438 0 0.591562
0.407239 0 0.592761
0.405508 0 0.594492
0.112398 0 0.887602
0.112076 0 0.887924
0.111761 0 0.888239
0.113177 0 0.886823
0.113491 0 0.886509
0.115601 0 0.884399
0.11571 0 0.88429
0.115418 0 0.884582
0.115132 0 0.884868
0.114854 0 0.885146
0.114583 0 0.885417
0.115288 0 0.884712
0.117781 0 0.882219
0.210847 0 0.789153
0.211138 0 0.788862
0.21144 0 0.78856
0.211754 0 0.788246
0.212078 0 0.787922
0.212414 0 0.787586
0.21276 0 0.78724
0.213119 0 0.786881
0.213488 0 0.786512
0.213869 0 0.786131
0.214262 0 0.785738
0.214667 0 0.785333
0.215084 0 0.784916
0.215512 0 0.784488
0.215953 0 0.784047
0.216406 0 0.783594
0.216871 0 0.783129
0.053744 0 0.946256
0.052864 0 0.947136
0.0529496 0 0.94705
0.0530378 0 0.946962
0.0531288 0 0.946871
0.227608 0 0.772392
0.224035 0 0.775965
0.220582 0 0.779418
0.217244 0 0.782756
0.214016 0 0.785984
0.210891 0 0.789109
0.207866 0 0.792134
0.204936 0 0.795064
0.202097 0 0.797903
0.199344 0 0.800656
0.196674 0 0.803326
0.194084 0 0.805916
0.19157 0 0.80843
0.189128 0 0.810872
0.186758 0 0.813242
0.184454 0 0.815546
0.182214 0 0.817786
0.180037 0 0.819963
0.178394 0 0.821606
0.177335 0 0.822665
0.177062 0 0.822938
0.177835 0 0.822165
0.178624 0 0.821376
0.276399 0 0.723601
0.275942 0 0.724059
0.277258 0 0.722742
0.268527 0 0.731473
0.226522 0 0.773478
0.224548 0 0.775452
0.222572 0 0.777428
0.220293 0 0.779707
0.162488 0 0.837512
0.161005 0 0.838995
0.159556 0 0.840444
0.15814 0 0.84186
0.156757 0 0.843243
0.155405 0 0.844595
0.154092 0 0.845908
0.15281 0 0.84719
0.151557 0 0.848443
0.150332 0 0.849668
0.149133 0 0.850867
0.147961 0 0.852039
0.146813 0 0.853186
0.145691 0 0.854309
0.144593 0 0.855407
0.143518 0 0.856482
0.142466 0 0.857534
0.141437 0 0.858563
0.140428 0 0.859572
0.139441 0 0.860559
0.138475 0 0.861525
0.137528 0 0.862472
0.136601 0 0.863399
0.135693 0 0.864307
0.134804 0 0.865196
0.133932 0 0.866068
0.133079 0 0.866921
0.132243 0 0.867757
0.131423 0 0.868577
0.13062 0 0.86938
0.129833 0 0.870167
0.129062 0 0.870938
0.128306 0 0.871694
0.127565 0 0.872435
0.126839 0 0.873161
0.126128 0 0.873872
0.12543 0 0.87457
0.124746 0 0.875254
0.124076 0 0.875924
0.123419 0 0.876581
0.12303 0 0.87697
0.122753 0 0.877247
0.122483 0 0.877517
0.12222 0 0.87778
0.123256 0 0.876744
0.1245 0 0.8755
0.329196 0 0.670804
0.328918 0 0.671082
0.328656 0 0.671344
0.32841 0 0.67159
0.328179 0 0.671821
0.48877 0 0.51123
0.478786 0 0.521214
0.472964 0 0.527036
0.207412 0 0.792588
0.461772 0 0.538228
0.456381 0 0.543619
0.451154 0 0.548846
0.445317 0 0.554683
0.439257 0 0.560743
0.433368 0 0.566632
0.427627 0 0.572373
0.422086 0 0.577914
0.415594 0 0.584406
0.408018 0 0.591982
0.406787 0 0.593213
0.405557 0 0.594443
0.404374 0 0.595626
0.403201 0 0.596799
0.402038 0 0.597962
0.400707 0 0.599293
0.398715 0 0.601285
0.394904 0 0.605096
0.358925 0 0.641075
0.353892 0 0.646108
0.112431 0 0.887569
0.112109 0 0.887891
0.111794 0 0.888206
0.113152 0 0.886848
0.115201 0 0.884799
0.115634 0 0.884366
0.115743 0 0.884257
0.115451 0 0.884549
0.115165 0 0.884835
0.114887 0 0.885113
0.114616 0 0.885384
0.115256 0 0.884744
0.117748 0 0.882252
0.120189 0 0.879811
0.210763 0 0.789237
0.211064 0 0.788936
0.211376 0 0.788624
0.211699 0 0.788301
0.212034 0 0.787966
0.212379 0 0.787621
0.212736 0 0.787264
0.213105 0 0.786895
0.213484 0 0.786516
0.213876 0 0.786124
0.214279 0 0.785721
0.214694 0 0.785306
0.215121 0 0.784879
0.21556 0 0.78444
0.216011 0 0.783989
0.216631 0 0.783369
0.0537693 0 0.946231
0.0528575 0 0.947143
0.0529428 0 0.947057
0.0530311 0 0.946969
0.0531224 0 0.946878
0.364817 0 0.635183
0.365331 0 0.634669
0.227364 0 0.772636
0.223807 0 0.776193
0.220371 0 0.779629
0.21705 0 0.78295
0.213837 0 0.786163
0.210727 0 0.789273
0.207716 0 0.792284
0.204801 0 0.795199
0.201976 0 0.798024
0.199236 0 0.800764
0.19658 0 0.80342
0.194003 0 0.805997
0.191501 0 0.808499
0.189073 0 0.810927
0.186714 0 0.813286
0.184422 0 0.815578
0.182194 0 0.817806
0.180028 0 0.819972
0.178443 0 0.821557
0.177384 0 0.822616
0.177059 0 0.822941
0.177832 0 0.822168
0.178621 0 0.821379
0.276483 0 0.723517
0.275986 0 0.724014
0.277267 0 0.722733
0.268588 0 0.731412
0.226607 0 0.773393
0.224631 0 0.775369
0.222713 0 0.777287
0.220386 0 0.779614
0.162593 0 0.837407
0.161021 0 0.838979
0.159583 0 0.840417
0.158177 0 0.841823
0.156804 0 0.843196
0.155462 0 0.844538
0.15415 0 0.84585
0.152868 0 0.847132
0.151614 0 0.848386
0.150388 0 0.849612
0.149188 0 0.850812
0.148015 0 0.851985
0.146868 0 0.853132
0.145745 0 0.854255
0.144646 0 0.855354
0.14357 0 0.85643
0.142518 0 0.857482
0.141487 0 0.858513
0.140479 0 0.859521
0.139491 0 0.860509
0.138524 0 0.861476
0.137577 0 0.862423
0.136649 0 0.863351
0.135741 0 0.864259
0.134851 0 0.865149
0.133979 0 0.866021
0.133125 0 0.866875
0.132288 0 0.867712
0.131468 0 0.868532
0.130664 0 0.869336
0.129877 0 0.870123
0.129105 0 0.870895
0.128349 0 0.871651
0.127608 0 0.872392
0.126882 0 0.873118
0.12617 0 0.87383
0.125472 0 0.874528
0.124787 0 0.875213
0.124117 0 0.875883
0.123459 0 0.876541
0.123061 0 0.876939
0.122783 0 0.877217
0.122513 0 0.877487
0.12225 0 0.87775
0.123246 0 0.876754
0.124489 0 0.875511
0.327611 0 0.672389
0.327336 0 0.672664
0.109527 0 0.890473
0.108805 0 0.891195
0.108094 0 0.891906
0.107394 0 0.892606
0.106705 0 0.893295
0.106027 0 0.893973
0.207398 0 0.792602
0.436231 0 0.563769
0.430399 0 0.569601
0.424717 0 0.575283
0.4192 0 0.5808
0.413833 0 0.586167
0.403745 0 0.596255
0.401994 0 0.598006
0.400761 0 0.599239
0.399519 0 0.600481
0.39832 0 0.60168
0.397152 0 0.602848
0.395975 0 0.604025
0.39447 0 0.60553
0.392132 0 0.607868
0.358621 0 0.641379
0.351879 0 0.648121
0.347996 0 0.652004
0.345292 0 0.654708
0.343668 0 0.656332
0.342257 0 0.657743
0.112465 0 0.887535
0.112143 0 0.887857
0.111828 0 0.888172
0.113129 0 0.886871
0.115176 0 0.884824
0.113788 0 0.886212
0.115778 0 0.884222
0.115485 0 0.884515
0.1152 0 0.8848
0.114921 0 0.885079
0.11465 0 0.88535
0.115226 0 0.884774
0.107816 0 0.892184
0.120321 0 0.879679
0.123051 0 0.876949
0.210692 0 0.789308
0.211003 0 0.788997
0.211325 0 0.788675
0.211658 0 0.788342
0.212002 0 0.787998
0.212358 0 0.787642
0.212725 0 0.787275
0.213103 0 0.786897
0.213493 0 0.786507
0.213895 0 0.786105
0.214308 0 0.785691
0.214734 0 0.785266
0.215171 0 0.784829
0.215655 0 0.784345
0.216617 0 0.783383
0.0537949 0 0.946205
0.0528515 0 0.947148
0.0529369 0 0.947063
0.0530252 0 0.946975
0.0531165 0 0.946883
0.0532404 0 0.94676
0.361649 0 0.638351
0.359493 0 0.640507
0.356843 0 0.643157
0.227485 0 0.772515
0.223926 0 0.776074
0.220487 0 0.779513
0.217162 0 0.782838
0.213946 0 0.786054
0.210834 0 0.789166
0.207821 0 0.792179
0.204903 0 0.795097
0.202075 0 0.797925
0.199333 0 0.800667
0.196675 0 0.803325
0.194096 0 0.805904
0.191592 0 0.808408
0.189162 0 0.810838
0.186801 0 0.813199
0.184507 0 0.815493
0.182278 0 0.817722
0.18011 0 0.81989
0.178495 0 0.821505
0.177435 0 0.822564
0.177059 0 0.822941
0.177832 0 0.822168
0.17862 0 0.82138
0.276568 0 0.723432
0.276035 0 0.723965
0.277279 0 0.722721
0.268693 0 0.731307
0.226695 0 0.773305
0.224734 0 0.775266
0.222916 0 0.777084
0.220481 0 0.779519
0.162712 0 0.837288
0.161086 0 0.838914
0.159646 0 0.840354
0.15824 0 0.84176
0.156866 0 0.843134
0.155523 0 0.844477
0.15421 0 0.84579
0.152927 0 0.847073
0.151672 0 0.848328
0.150445 0 0.849555
0.149245 0 0.850755
0.148072 0 0.851928
0.146923 0 0.853077
0.1458 0 0.8542
0.1447 0 0.8553
0.143624 0 0.856376
0.142571 0 0.857429
0.14154 0 0.85846
0.14053 0 0.85947
0.139542 0 0.860458
0.138575 0 0.861425
0.137627 0 0.862373
0.136699 0 0.863301
0.13579 0 0.86421
0.134899 0 0.865101
0.134027 0 0.865973
0.133172 0 0.866828
0.132335 0 0.867665
0.131515 0 0.868485
0.130711 0 0.869289
0.129923 0 0.870077
0.129151 0 0.870849
0.128394 0 0.871606
0.127653 0 0.872347
0.126926 0 0.873074
0.126213 0 0.873787
0.125515 0 0.874485
0.12483 0 0.87517
0.124159 0 0.875841
0.123501 0 0.876499
0.123093 0 0.876907
0.122815 0 0.877185
0.122545 0 0.877455
0.122282 0 0.877718
0.123237 0 0.876763
0.12448 0 0.87552
0.326046 0 0.673954
0.109831 0 0.890169
0.108807 0 0.891193
0.107807 0 0.892193
0.106831 0 0.893169
0.105877 0 0.894123
0.104945 0 0.895055
0.104034 0 0.895966
0.103144 0 0.896856
0.102273 0 0.897727
0.101422 0 0.898578
0.10059 0 0.89941
0.099776 0 0.900224
0.0989801 0 0.90102
0.0982009 0 0.901799
0.0974393 0 0.902561
0.0966929 0 0.903307
0.0959635 0 0.904037
0.0952487 0 0.904751
0.0945497 0 0.90545
0.0938647 0 0.906135
0.0931949 0 0.906805
0.0925379 0 0.907462
0.0918955 0 0.908104
0.0912656 0 0.908734
0.0906492 0 0.909351
0.0901432 0 0.909857
0.0896892 0 0.910311
0.0892422 0 0.910758
0.0888015 0 0.911199
0.0883659 0 0.911634
0.0879365 0 0.912063
0.0875137 0 0.912486
0.0870967 0 0.912903
0.0866854 0 0.913315
0.0862804 0 0.91372
0.0858801 0 0.91412
0.0854853 0 0.914515
0.0850965 0 0.914904
0.0847123 0 0.915288
0.115199 0 0.884802
0.107738 0 0.892262
0.12029 0 0.87971
0.123017 0 0.876983
0.125585 0 0.874415
0.210634 0 0.789366
0.210954 0 0.789046
0.211286 0 0.788714
0.211629 0 0.788371
0.212026 0 0.787974
0.212437 0 0.787563
0.212861 0 0.787139
0.213296 0 0.786704
0.213744 0 0.786256
0.214204 0 0.785796
0.214677 0 0.785323
0.215162 0 0.784838
0.21566 0 0.78434
0.216604 0 0.783396
0.0525401 0 0.94746
0.052605 0 0.947395
0.0526726 0 0.947327
0.0527427 0 0.947257
0.0528156 0 0.947184
0.0528909 0 0.947109
0.0529693 0 0.947031
0.0530504 0 0.94695
0.0531341 0 0.946866
0.0532206 0 0.946779
0.05331 0 0.94669
0.0534019 0 0.946598
0.053497 0 0.946503
0.220606 0 0.779394
0.217278 0 0.782722
0.214059 0 0.785941
0.210944 0 0.789056
0.207928 0 0.792072
0.205008 0 0.794992
0.202177 0 0.797823
0.199434 0 0.800566
0.196773 0 0.803227
0.194191 0 0.805809
0.191686 0 0.808314
0.189253 0 0.810747
0.186891 0 0.813109
0.184595 0 0.815405
0.182364 0 0.817636
0.180195 0 0.819805
0.178549 0 0.821451
0.177489 0 0.822511
0.17706 0 0.82294
0.177834 0 0.822166
0.178622 0 0.821378
0.282178 0 0.717821
0.278578 0 0.721422
0.27538 0 0.72462
0.274093 0 0.725907
0.273801 0 0.726199
0.273322 0 0.726678
0.268802 0 0.731198
0.226786 0 0.773214
0.224872 0 0.775128
0.223127 0 0.776873
0.22058 0 0.77942
0.162833 0 0.837167
0.161153 0 0.838847
0.159712 0 0.840288
0.158305 0 0.841695
0.15693 0 0.84307
0.155586 0 0.844414
0.154273 0 0.845727
0.152989 0 0.847011
0.151733 0 0.848267
0.150505 0 0.849495
0.149305 0 0.850695
0.14813 0 0.85187
0.146981 0 0.853019
0.145857 0 0.854143
0.144756 0 0.855244
0.14368 0 0.85632
0.142626 0 0.857374
0.141594 0 0.858406
0.140584 0 0.859416
0.139595 0 0.860405
0.138627 0 0.861373
0.137679 0 0.862321
0.13675 0 0.86325
0.135841 0 0.864159
0.13495 0 0.86505
0.134077 0 0.865923
0.133222 0 0.866778
0.132384 0 0.867616
0.131563 0 0.868437
0.130759 0 0.869241
0.12997 0 0.87003
0.129198 0 0.870802
0.128441 0 0.871559
0.127699 0 0.872301
0.126971 0 0.873029
0.126259 0 0.873741
0.12556 0 0.87444
0.124875 0 0.875125
0.124203 0 0.875797
0.123545 0 0.876455
0.123127 0 0.876873
0.122849 0 0.877151
0.122578 0 0.877422
0.122315 0 0.877685
0.123229 0 0.876771
0.124472 0 0.875528
0.324498 0 0.675502
0.109571 0 0.890429
0.108552 0 0.891448
0.107557 0 0.892443
0.106586 0 0.893414
0.105636 0 0.894364
0.104708 0 0.895292
0.103802 0 0.896198
0.102915 0 0.897085
0.102049 0 0.897951
0.101202 0 0.898798
0.100374 0 0.899626
0.099563 0 0.900437
0.0987705 0 0.901229
0.0979945 0 0.902005
0.0972363 0 0.902764
0.0964937 0 0.903506
0.0957669 0 0.904233
0.0950552 0 0.904945
0.0943592 0 0.905641
0.0936773 0 0.906323
0.0930098 0 0.90699
0.0923557 0 0.907644
0.0917157 0 0.908284
0.0910887 0 0.908911
0.0904744 0 0.909526
0.0898728 0 0.910127
0.0892827 0 0.910717
0.0887049 0 0.911295
0.088139 0 0.911861
0.0875849 0 0.912415
0.087041 0 0.912959
0.0865084 0 0.913492
0.0859864 0 0.914014
0.0854748 0 0.914525
0.0849727 0 0.915027
0.0844814 0 0.915519
0.0839992 0 0.916001
0.0835269 0 0.916473
0.0830634 0 0.916937
0.0826095 0 0.91739
0.0821642 0 0.917836
0.0817275 0 0.918272
0.0812991 0 0.918701
0.0808798 0 0.91912
0.0804679 0 0.919532
0.210871 0 0.789129
0.211247 0 0.788753
0.211634 0 0.788366
0.212034 0 0.787966
0.212445 0 0.787555
0.212868 0 0.787131
0.213304 0 0.786696
0.0591147 0 0.940885
0.0562899 0 0.94371
0.053723 0 0.946277
0.052166 0 0.947834
0.0522228 0 0.947777
0.0522819 0 0.947718
0.0523438 0 0.947656
0.0524082 0 0.947592
0.052475 0 0.947525
0.0525449 0 0.947455
0.0526171 0 0.947383
0.0526922 0 0.947308
0.0527698 0 0.94723
0.0528503 0 0.94715
0.0529332 0 0.947067
0.0530194 0 0.946981
0.0531078 0 0.946892
0.0531995 0 0.946801
0.0532937 0 0.946706
0.220728 0 0.779272
0.217397 0 0.782603
0.214175 0 0.785825
0.211058 0 0.788942
0.208039 0 0.791961
0.205116 0 0.794884
0.202283 0 0.797717
0.199537 0 0.800463
0.196874 0 0.803126
0.19429 0 0.80571
0.191783 0 0.808217
0.189348 0 0.810652
0.186983 0 0.813017
0.184686 0 0.815314
0.182453 0 0.817547
0.180282 0 0.819718
0.178605 0 0.821395
0.177545 0 0.822455
0.177064 0 0.822936
0.177837 0 0.822163
0.178625 0 0.821375
0.264033 0 0.735967
0.262217 0 0.737783
0.259973 0 0.740027
0.257351 0 0.742649
0.254927 0 0.745073
0.252627 0 0.747373
0.250526 0 0.749474
0.226962 0 0.773037
0.225013 0 0.774987
0.223267 0 0.776733
0.220773 0 0.779227
0.162957 0 0.837043
0.161222 0 0.838778
0.159781 0 0.840219
0.158373 0 0.841627
0.156997 0 0.843004
0.155652 0 0.844348
0.154337 0 0.845663
0.153052 0 0.846948
0.151796 0 0.848204
0.150568 0 0.849432
0.149366 0 0.850634
0.14819 0 0.85181
0.147041 0 0.852959
0.145916 0 0.854084
0.144815 0 0.855185
0.143737 0 0.856263
0.142683 0 0.857317
0.14165 0 0.85835
0.14064 0 0.85936
0.13965 0 0.86035
0.138681 0 0.861319
0.137733 0 0.862267
0.136803 0 0.863196
0.135893 0 0.864107
0.135002 0 0.864998
0.134128 0 0.865872
0.133273 0 0.866727
0.132434 0 0.867566
0.131613 0 0.868387
0.130808 0 0.869192
0.13002 0 0.86998
0.129247 0 0.870753
0.128489 0 0.871511
0.127747 0 0.872253
0.127019 0 0.872981
0.126306 0 0.873694
0.125607 0 0.874393
0.124921 0 0.875079
0.124249 0 0.875751
0.123591 0 0.876409
0.123162 0 0.876838
0.122884 0 0.877116
0.122613 0 0.877387
0.12235 0 0.87765
0.123223 0 0.876777
0.124466 0 0.875534
0.323717 0 0.676283
0.109314 0 0.890686
0.1083 0 0.8917
0.10731 0 0.89269
0.106343 0 0.893657
0.105397 0 0.894603
0.104474 0 0.895526
0.103572 0 0.896428
0.10269 0 0.89731
0.101827 0 0.898173
0.100984 0 0.899016
0.100159 0 0.899841
0.0993519 0 0.900648
0.0985629 0 0.901437
0.0977909 0 0.902209
0.0970351 0 0.902965
0.0962958 0 0.903704
0.0955721 0 0.904428
0.0948636 0 0.905136
0.0941707 0 0.905829
0.0934911 0 0.906509
0.0928266 0 0.907173
0.0921756 0 0.907824
0.0915377 0 0.908462
0.0909128 0 0.909087
0.0903016 0 0.909698
0.089702 0 0.910298
0.0891148 0 0.910885
0.088539 0 0.911461
0.0879752 0 0.912025
0.0874231 0 0.912577
0.0868819 0 0.913118
0.0863506 0 0.913649
0.0858306 0 0.914169
0.085321 0 0.914679
0.0848216 0 0.915178
0.0843314 0 0.915669
0.0838512 0 0.916149
0.0833807 0 0.916619
0.0829191 0 0.917081
0.0824663 0 0.917534
0.0820228 0 0.917977
0.0815879 0 0.918412
0.0811613 0 0.918839
0.0807431 0 0.919257
0.0803329 0 0.919667
0.0799309 0 0.920069
0.211257 0 0.788743
0.211645 0 0.788355
0.212045 0 0.787956
0.212456 0 0.787544
0.212879 0 0.787121
0.0607073 0 0.939293
0.0577319 0 0.942268
0.0550343 0 0.944966
0.0525779 0 0.947422
0.0519733 0 0.948027
0.0520297 0 0.94797
0.0520885 0 0.947912
0.0521498 0 0.94785
0.0522137 0 0.947786
0.0522801 0 0.94772
0.0523491 0 0.947651
0.0524211 0 0.947579
0.0524956 0 0.947504
0.0525726 0 0.947427
0.0526523 0 0.947348
0.0527349 0 0.947265
0.05282 0 0.94718
0.052908 0 0.947092
0.0529987 0 0.947001
0.0530923 0 0.946908
0.0531885 0 0.946811
0.217518 0 0.782482
0.214294 0 0.785706
0.211174 0 0.788826
0.208152 0 0.791848
0.205226 0 0.794774
0.202391 0 0.797609
0.199643 0 0.800357
0.196977 0 0.803023
0.194391 0 0.805609
0.191881 0 0.808119
0.189445 0 0.810555
0.187078 0 0.812922
0.184779 0 0.815221
0.182544 0 0.817456
0.180371 0 0.819629
0.178664 0 0.821336
0.177603 0 0.822397
0.177244 0 0.822756
0.178226 0 0.821774
0.179227 0 0.820773
0.238747 0 0.761253
0.236125 0 0.763875
0.233327 0 0.766673
0.22965 0 0.77035
0.226368 0 0.773632
0.225551 0 0.774449
0.224379 0 0.775621
0.223857 0 0.776143
0.223854 0 0.776146
0.223328 0 0.776672
0.220981 0 0.779019
0.163083 0 0.836917
0.161293 0 0.838707
0.159851 0 0.840149
0.158442 0 0.841558
0.157065 0 0.842935
0.155719 0 0.844281
0.154404 0 0.845596
0.153118 0 0.846882
0.151861 0 0.848139
0.150631 0 0.849369
0.149429 0 0.850571
0.148253 0 0.851747
0.147102 0 0.852898
0.145977 0 0.854023
0.144875 0 0.855125
0.143797 0 0.856203
0.142741 0 0.857259
0.141708 0 0.858292
0.140697 0 0.859303
0.139707 0 0.860293
0.138738 0 0.861262
0.137788 0 0.862212
0.136858 0 0.863142
0.135948 0 0.864052
0.135056 0 0.864944
0.134182 0 0.865818
0.133326 0 0.866674
0.132487 0 0.867513
0.131665 0 0.868335
0.130859 0 0.869141
0.13007 0 0.86993
0.129297 0 0.870703
0.128539 0 0.871461
0.127796 0 0.872204
0.127068 0 0.872932
0.126354 0 0.873646
0.125655 0 0.874345
0.124969 0 0.875031
0.124297 0 0.875703
0.123638 0 0.876362
0.123198 0 0.876802
0.12292 0 0.87708
0.12265 0 0.87735
0.122386 0 0.877614
0.123219 0 0.876781
0.124461 0 0.875539
0.323554 0 0.676446
0.109059 0 0.890941
0.10805 0 0.89195
0.107065 0 0.892935
0.106102 0 0.893898
0.105162 0 0.894838
0.104243 0 0.895757
0.103344 0 0.896656
0.102466 0 0.897534
0.101607 0 0.898393
0.100768 0 0.899232
0.0999462 0 0.900054
0.099143 0 0.900857
0.0983578 0 0.901642
0.0975885 0 0.902412
0.0968367 0 0.903163
0.0961006 0 0.903899
0.09538 0 0.90462
0.0946745 0 0.905326
0.0939832 0 0.906017
0.0933074 0 0.906693
0.0926452 0 0.907355
0.0919965 0 0.908004
0.0913616 0 0.908638
0.0907396 0 0.90926
0.0901304 0 0.90987
0.089533 0 0.910467
0.088948 0 0.911052
0.088375 0 0.911625
0.0878132 0 0.912187
0.0872631 0 0.912737
0.086724 0 0.913276
0.0861954 0 0.913805
0.0856766 0 0.914323
0.0851689 0 0.914831
0.0846714 0 0.915329
0.0841831 0 0.915817
0.0837048 0 0.916295
0.0832355 0 0.916764
0.0827757 0 0.917224
0.0823247 0 0.917675
0.0818824 0 0.918118
0.0814492 0 0.918551
0.0810245 0 0.918976
0.0806073 0 0.919393
0.0801989 0 0.919801
0.0797978 0 0.920202
0.0794055 0 0.920595
0.211658 0 0.788342
0.212058 0 0.787942
0.212469 0 0.787531
0.0623889 0 0.937611
0.0592509 0 0.940749
0.0564127 0 0.943587
0.0538339 0 0.946166
0.0517294 0 0.948271
0.0517826 0 0.948217
0.0518382 0 0.948162
0.0518969 0 0.948103
0.0519576 0 0.948042
0.052021 0 0.947979
0.052087 0 0.947913
0.0521558 0 0.947844
0.0522269 0 0.947773
0.0523007 0 0.947699
0.0523773 0 0.947623
0.0524563 0 0.947544
0.0525382 0 0.947462
0.0526228 0 0.947377
0.0527101 0 0.94729
0.0528001 0 0.9472
0.0528931 0 0.947107
0.0529885 0 0.947012
0.053087 0 0.946913
0.214415 0 0.785585
0.211292 0 0.788708
0.208268 0 0.791732
0.205339 0 0.794661
0.202501 0 0.797499
0.19975 0 0.80025
0.197082 0 0.802918
0.194494 0 0.805506
0.191982 0 0.808018
0.189544 0 0.810456
0.187175 0 0.812825
0.184874 0 0.815126
0.182637 0 0.817363
0.180462 0 0.819538
0.178725 0 0.821275
0.177663 0 0.822337
0.17845 0 0.82155
0.179444 0 0.820556
0.180459 0 0.819541
0.219099 0 0.780901
0.217483 0 0.782517
0.216109 0 0.783891
0.214967 0 0.785033
0.213749 0 0.786251
0.212577 0 0.787423
0.211379 0 0.788621
0.209701 0 0.790299
0.207695 0 0.792305
0.206842 0 0.793158
0.205526 0 0.794474
0.163211 0 0.836789
0.161366 0 0.838634
0.159923 0 0.840077
0.158513 0 0.841487
0.157135 0 0.842865
0.155788 0 0.844212
0.154472 0 0.845528
0.153185 0 0.846815
0.151927 0 0.848073
0.150697 0 0.849303
0.149494 0 0.850506
0.148317 0 0.851683
0.147166 0 0.852834
0.146039 0 0.853961
0.144937 0 0.855063
0.143858 0 0.856142
0.142802 0 0.857198
0.141768 0 0.858232
0.140756 0 0.859244
0.139766 0 0.860234
0.138795 0 0.861205
0.137845 0 0.862155
0.136915 0 0.863085
0.136004 0 0.863996
0.135111 0 0.864889
0.134237 0 0.865763
0.13338 0 0.86662
0.132541 0 0.867459
0.131718 0 0.868282
0.130912 0 0.869088
0.130123 0 0.869877
0.129349 0 0.870651
0.12859 0 0.87141
0.127847 0 0.872153
0.127118 0 0.872882
0.126404 0 0.873596
0.125704 0 0.874296
0.125018 0 0.874982
0.124346 0 0.875654
0.123686 0 0.876314
0.123237 0 0.876763
0.122958 0 0.877042
0.122688 0 0.877312
0.122424 0 0.877576
0.124037 0 0.875963
0.125742 0 0.874258
0.109836 0 0.890164
0.108807 0 0.891193
0.107803 0 0.892197
0.106823 0 0.893177
0.105865 0 0.894135
0.104928 0 0.895072
0.104013 0 0.895987
0.103119 0 0.896881
0.102244 0 0.897756
0.10139 0 0.89861
0.100554 0 0.899446
0.0997366 0 0.900263
0.0989366 0 0.901063
0.0981542 0 0.901846
0.0973888 0 0.902611
0.0966395 0 0.903361
0.0959065 0 0.904093
0.0951891 0 0.904811
0.0944868 0 0.905513
0.0937986 0 0.906201
0.0931249 0 0.906875
0.0924658 0 0.907534
0.0918199 0 0.90818
0.0911873 0 0.908813
0.0905676 0 0.909432
0.0899612 0 0.910039
0.0893659 0 0.910634
0.0887836 0 0.911216
0.0882128 0 0.911787
0.087653 0 0.912347
0.087105 0 0.912895
0.0865678 0 0.913432
0.0860413 0 0.913959
0.0855251 0 0.914475
0.0850186 0 0.914981
0.084523 0 0.915477
0.0840367 0 0.915963
0.0835594 0 0.916441
0.0830927 0 0.916907
0.0826341 0 0.917366
0.0821849 0 0.917815
0.0817444 0 0.918256
0.0813123 0 0.918688
0.0808886 0 0.919111
0.0804738 0 0.919526
0.0800666 0 0.919933
0.0796673 0 0.920333
0.0792759 0 0.920724
0.0788916 0 0.921108
 ] }
}
