# Real Time: 700.562
# Simulation Time: 11.65
# Radar Position: 875.887 -200.757 3.07497
# Radar Quat: 0.0184488 -0.00240054 0.11305 0.993415
PointSet {
 coord Coordinate { point [
913.009 -239.222 5.20682
879.773 -204.221 3.26673
921.933 -237.269 5.15748
918.137 -226.355 4.60534
890.422 -209.428 3.59298
890.536 -209.357 3.59058
919.635 -220.61 4.35427
924.595 -211.117 3.99824
906.27 -202.455 3.46436
906.192 -202.238 3.45546
906.25 -202.028 3.44831
905.986 -198.228 3.30985
905.88 -198.025 3.30178
905.96 -197.806 3.29516
913.013 -239.234 5.02036
879.772 -204.221 3.2484
921.913 -237.262 4.9515
918.136 -226.362 4.43283
890.469 -209.458 3.5353
890.531 -209.357 3.53105
919.641 -220.62 4.1867
924.587 -211.122 3.82426
906.274 -202.459 3.35811
906.193 -202.242 3.34949
906.247 -202.032 3.34215
905.99 -198.231 3.20439
905.88 -198.029 3.1966
905.956 -197.81 3.18962
913.017 -239.248 4.83389
879.771 -204.221 3.23008
921.893 -237.256 4.74571
918.135 -226.369 4.26034
890.469 -209.461 3.47593
890.527 -209.357 3.47156
919.651 -220.631 4.01915
924.581 -211.128 3.65037
906.277 -202.463 3.25186
906.193 -202.246 3.24353
906.245 -202.036 3.23603
905.994 -198.234 3.09891
905.881 -198.033 3.09144
905.952 -197.815 3.08412
913.021 -239.261 4.64739
879.77 -204.221 3.21177
921.874 -237.25 4.5401
918.135 -226.377 4.08785
918.316 -226.083 4.07545
890.523 -209.357 3.4121
919.663 -220.644 3.85158
919.927 -220.394 3.84133
924.575 -211.133 3.47653
906.281 -202.467 3.14557
906.193 -202.25 3.13758
906.243 -202.04 3.12991
905.999 -198.238 2.99339
905.881 -198.037 2.98627
905.949 -197.819 2.97864
913.027 -239.276 4.46089
879.769 -204.221 3.19347
921.855 -237.244 4.33467
918.134 -226.384 3.91537
890.462 -209.462 3.35706
890.501 -209.347 3.35236
919.68 -220.659 3.68397
919.871 -220.376 3.67225
924.57 -211.139 3.30275
906.284 -202.472 3.03926
906.193 -202.254 3.03162
906.24 -202.044 3.02382
933.545 -196.363 2.73515
906.004 -198.241 2.88784
905.882 -198.04 2.8811
905.945 -197.823 2.87319
935.402 -194.547 2.66493
935.358 -194.131 2.65039
935.311 -193.716 2.63589
935.267 -193.301 2.62138
935.225 -192.885 2.60688
935.18 -192.469 2.59242
935.135 -192.054 2.57797
935.092 -191.637 2.5635
935.047 -191.221 2.54908
935.003 -190.804 2.53465
913.034 -239.293 4.27437
879.768 -204.221 3.17518
921.836 -237.238 4.1294
918.134 -226.391 3.7429
918.303 -226.09 3.7303
890.514 -209.357 3.2933
892.075 -209.238 3.2778
919.702 -220.676 3.51629
919.841 -220.369 3.50385
924.565 -211.145 3.129
906.288 -202.476 2.93293
906.194 -202.258 2.92566
906.238 -202.048 2.91775
935.532 -197.474 2.55981
933.939 -197.155 2.55885
933.77 -196.76 2.54579
933.167 -196.399 2.53685
906.009 -198.245 2.78226
905.882 -198.044 2.77592
905.942 -197.827 2.76776
933.48 -194.754 2.47592
933.439 -194.352 2.46184
933.397 -193.95 2.44776
933.351 -193.548 2.43374
933.309 -193.146 2.41968
933.265 -192.744 2.40565
933.221 -192.341 2.39162
933.179 -191.938 2.37756
933.136 -191.535 2.36352
933.092 -191.132 2.3495
919.44 -193.111 2.51042
913.045 -239.313 4.08785
879.767 -204.221 3.15689
921.817 -237.232 3.92429
918.134 -226.398 3.57041
918.298 -226.094 3.55778
890.51 -209.357 3.23394
892.023 -209.213 3.21348
919.733 -220.696 3.34849
919.82 -220.367 3.33572
924.562 -211.151 2.95526
906.292 -202.48 2.82657
906.194 -202.262 2.81969
906.236 -202.052 2.81167
932.369 -198.84 2.43221
932.189 -198.452 2.42004
932.046 -198.065 2.40751
931.977 -197.676 2.39415
931.935 -197.286 2.3805
931.894 -196.895 2.36682
931.85 -196.506 2.3532
906.014 -198.248 2.67663
905.883 -198.048 2.67074
905.939 -197.831 2.66235
931.683 -194.948 2.29866
931.639 -194.558 2.28506
931.597 -194.169 2.27142
931.554 -193.78 2.2578
931.514 -193.39 2.24414
931.471 -193 2.23051
931.43 -192.61 2.21685
931.386 -192.221 2.20324
931.345 -191.83 2.18955
931.301 -191.44 2.1759
931.259 -191.049 2.16222
919.171 -192.851 2.34918
879.766 -204.221 3.13861
921.798 -237.226 3.71932
918.134 -226.406 3.3979
918.292 -226.098 3.38529
890.506 -209.357 3.17461
919.789 -220.729 3.18048
919.804 -220.367 3.16774
924.559 -211.157 2.78153
906.296 -202.484 2.72016
906.194 -202.266 2.71371
906.234 -202.056 2.70561
906.565 -201.855 2.69392
930.93 -200.433 2.31182
930.7 -200.052 2.30116
930.545 -199.672 2.28953
930.436 -199.293 2.27731
930.396 -198.913 2.26411
930.355 -198.534 2.25091
930.316 -198.154 2.2377
930.274 -197.776 2.22453
930.235 -197.397 2.21132
930.194 -197.019 2.19815
930.153 -196.641 2.18496
906.02 -198.251 2.57095
905.883 -198.052 2.56554
905.936 -197.835 2.55694
929.988 -195.13 2.1322
929.949 -194.752 2.11895
929.91 -194.375 2.1057
929.867 -193.997 2.09249
929.827 -193.619 2.07924
929.785 -193.242 2.066
929.743 -192.864 2.05274
929.702 -192.486 2.03945
929.659 -192.107 2.02618
929.619 -191.729 2.01283
929.576 -191.35 1.99953
919.166 -192.858 2.19566
929.495 -190.591 1.97274
879.765 -204.22 3.12033
921.779 -237.22 3.51449
918.134 -226.413 3.22537
918.286 -226.102 3.21282
890.502 -209.357 3.1153
919.793 -220.369 2.99984
924.557 -211.163 2.60779
906.3 -202.488 2.61371
906.195 -202.27 2.6077
906.232 -202.059 2.59953
906.522 -201.858 2.58736
929.586 -201.947 2.19688
929.284 -201.567 2.18838
929.142 -201.193 2.17734
929.006 -200.821 2.16624
928.94 -200.451 2.15399
928.902 -200.081 2.14126
928.863 -199.711 2.12855
928.827 -199.342 2.11579
928.788 -198.974 2.10307
928.75 -198.605 2.09034
928.711 -198.237 2.0776
928.672 -197.87 2.06487
928.634 -197.502 2.05211
928.593 -197.135 2.03938
928.556 -196.768 2.02659
906.025 -198.255 2.46521
905.884 -198.055 2.46031
905.933 -197.839 2.45154
928.398 -195.301 1.97542
928.359 -194.935 1.96258
928.318 -194.569 1.94976
928.279 -194.202 1.9369
928.238 -193.835 1.92404
928.197 -193.469 1.91115
928.157 -193.102 1.89823
928.115 -192.735 1.88532
928.065 -192.37 1.87259
927.863 -192.029 1.86335
927.395 -191.737 1.8604
919.161 -192.864 2.04212
926.483 -191.167 1.85456
926.039 -190.887 1.85164
879.764 -204.22 3.10206
921.761 -237.215 3.30979
918.134 -226.42 3.05281
918.281 -226.106 3.04036
890.497 -209.357 3.05602
892.023 -209.511 3.03146
919.784 -220.372 2.83199
924.555 -211.169 2.43402
906.304 -202.492 2.50721
906.195 -202.274 2.50168
906.23 -202.063 2.49346
906.5 -201.861 2.48069
927.666 -202.272 2.06022
927.571 -201.908 2.04913
927.521 -201.547 2.03717
927.487 -201.186 2.02489
927.45 -200.825 2.01267
927.416 -200.466 2.00038
927.382 -200.106 1.98807
927.343 -199.747 1.97584
927.309 -199.389 1.96352
927.271 -199.031 1.95127
927.235 -198.673 1.93895
927.197 -198.315 1.92666
927.16 -197.958 1.91433
927.124 -197.601 1.90198
927.085 -197.245 1.88965
927.05 -196.888 1.87724
906.031 -198.258 2.35941
905.885 -198.059 2.35507
905.93 -197.843 2.34614
926.896 -195.463 1.82763
926.859 -195.107 1.81515
926.818 -194.751 1.80271
926.779 -194.395 1.79023
926.685 -194.046 1.77909
926.359 -193.73 1.7739
925.926 -193.434 1.77162
925.489 -193.144 1.76962
925.069 -192.856 1.76738
924.644 -192.574 1.76542
924.225 -192.297 1.76344
919.158 -192.87 1.88858
920.44 -192.315 1.84134
919.547 -192.167 1.85391
918.673 -192.028 1.86639
879.763 -204.22 3.0838
921.742 -237.209 3.10522
918.135 -226.428 2.88022
918.276 -226.11 2.86793
890.493 -209.357 2.99676
891.747 -209.364 2.96905
919.779 -220.376 2.66416
924.555 -211.176 2.26024
935.036 -205.813 1.82684
927.156 -204.777 1.97987
926.674 -204.383 1.97762
926.518 -204.016 1.96849
906.308 -202.496 2.40067
906.196 -202.278 2.39564
906.228 -202.067 2.38738
906.484 -201.864 2.37403
926.143 -202.234 1.91431
926.11 -201.882 1.90254
926.078 -201.53 1.89072
926.043 -201.18 1.87895
926.012 -200.829 1.86709
925.976 -200.48 1.8553
925.943 -200.13 1.84345
925.908 -199.781 1.83162
925.874 -199.433 1.81974
925.838 -199.085 1.80789
925.804 -198.737 1.79598
925.768 -198.389 1.78408
925.734 -198.042 1.77212
925.699 -197.695 1.76014
925.663 -197.348 1.74818
925.626 -197.001 1.73619
906.038 -198.261 2.25355
905.885 -198.062 2.2498
905.927 -197.847 2.24074
925.363 -195.628 1.69123
924.949 -195.324 1.68974
924.534 -195.026 1.68846
924.131 -194.731 1.68697
923.726 -194.442 1.68573
923.333 -194.156 1.68429
922.941 -193.875 1.68296
922.551 -193.599 1.68172
919.451 -193.761 1.762
918.595 -193.592 1.77594
917.769 -193.429 1.7894
916.971 -193.272 1.80238
916.199 -193.121 1.81492
915.466 -192.973 1.82663
905.374 -194.738 2.1353
904.83 -194.637 2.14433
879.762 -204.22 3.06554
921.724 -237.203 2.90078
918.135 -226.436 2.70759
918.27 -226.114 2.6955
890.489 -209.357 2.93753
891.325 -209.705 2.92598
890.915 -209.328 2.92598
890.75 -209.096 2.92379
890.75 -208.96 2.92003
890.984 -208.952 2.91387
891.227 -208.946 2.9075
891.48 -208.941 2.90091
891.749 -208.941 2.89404
892.025 -208.941 2.88697
892.308 -208.941 2.87969
892.6 -208.941 2.87218
892.912 -208.947 2.86429
919.776 -220.381 2.49631
924.555 -211.183 2.08641
935.176 -208.766 1.71636
934.954 -208.316 1.70723
934.548 -207.848 1.70248
933.58 -207.323 1.71113
926.201 -206.126 1.87279
925.432 -205.694 1.87908
925.289 -205.332 1.87055
925.172 -204.974 1.86139
925.052 -204.618 1.85235
924.961 -204.266 1.84261
924.923 -203.92 1.83156
906.313 -202.501 2.29407
906.196 -202.282 2.28957
906.227 -202.071 2.2813
906.47 -201.867 2.26741
924.773 -202.199 1.77498
924.743 -201.857 1.76361
924.711 -201.515 1.75227
924.68 -201.174 1.74087
924.647 -200.833 1.72951
924.616 -200.493 1.71807
924.582 -200.153 1.70667
924.551 -199.813 1.69519
924.517 -199.474 1.68375
924.484 -199.135 1.67223
924.45 -198.797 1.66075
924.418 -198.459 1.64917
924.385 -198.121 1.63756
924.346 -197.783 1.62609
924.272 -197.449 1.61568
924.001 -197.129 1.61122
906.044 -198.264 2.14762
905.886 -198.066 2.14452
905.925 -197.851 2.13534
922.463 -195.933 1.60843
922.087 -195.646 1.60786
921.715 -195.362 1.60726
921.357 -195.082 1.60637
920.995 -194.807 1.60577
917.685 -194.945 1.70175
916.898 -194.761 1.71625
916.137 -194.585 1.73022
915.403 -194.414 1.74369
914.693 -194.249 1.75668
914.006 -194.09 1.76922
913.347 -193.935 1.78111
905.123 -195.216 2.05568
904.561 -195.115 2.06699
903.296 -195.164 2.10335
902.988 -195.029 2.10638
902.748 -194.883 2.10709
893.247 -219.577 3.03788
893.492 -219.577 3.03192
893.74 -219.577 3.02584
893.992 -219.577 3.01966
879.647 -204.263 3.05116
879.761 -204.22 3.04729
921.705 -237.198 2.69645
890.758 -209.8 2.88189
890.758 -209.658 2.8783
890.485 -209.357 2.87832
890.758 -209.378 2.87117
890.758 -209.24 2.86763
890.758 -209.103 2.86409
890.758 -208.967 2.86056
890.97 -208.947 2.85399
891.225 -208.947 2.84672
891.487 -208.947 2.83923
891.755 -208.947 2.83153
892.031 -208.947 2.8236
892.315 -208.947 2.81543
892.579 -208.934 2.80744
892.875 -208.932 2.79883
919.775 -220.388 2.32841
924.555 -211.189 1.91253
933.867 -212.343 1.66417
933.787 -211.907 1.65266
933.769 -211.485 1.63962
933.69 -211.053 1.62808
933.548 -210.613 1.61813
933.396 -210.175 1.6085
933.247 -209.739 1.59881
932.903 -209.278 1.5942
932.162 -208.766 1.60011
926.101 -207.545 1.74655
924.267 -206.953 1.7834
924.105 -206.59 1.77625
923.995 -206.236 1.76775
923.883 -205.884 1.75931
923.781 -205.535 1.75062
923.725 -205.193 1.74066
923.695 -204.853 1.72996
923.668 -204.515 1.71917
923.642 -204.178 1.70834
923.614 -203.841 1.69751
906.317 -202.505 2.18742
906.197 -202.285 2.18348
906.225 -202.074 2.1752
906.457 -201.871 2.16081
923.475 -202.166 1.64302
923.446 -201.833 1.63208
923.416 -201.501 1.62112
923.387 -201.168 1.61013
923.356 -200.837 1.59913
923.326 -200.505 1.5881
923.295 -200.174 1.57705
923.264 -199.844 1.56597
923.232 -199.514 1.55487
923.181 -199.184 1.54435
923.025 -198.86 1.53725
922.705 -198.545 1.53553
922.334 -198.237 1.53559
921.972 -197.934 1.53551
921.612 -197.635 1.53547
921.253 -197.341 1.53555
906.051 -198.267 2.0416
905.887 -198.07 2.0392
905.922 -197.855 2.02993
919.879 -196.205 1.53497
919.49 -195.937 1.53672
916.056 -196.031 1.64649
915.325 -195.837 1.66161
914.628 -195.648 1.67581
913.95 -195.467 1.68968
913.295 -195.291 1.703
912.659 -195.121 1.71594
912.042 -194.956 1.72847
905.153 -195.847 1.97571
904.888 -195.683 1.97734
904.299 -195.581 1.99137
903.025 -195.616 2.0319
902.771 -195.469 2.03379
902.604 -195.307 2.03239
902.401 -195.155 2.03249
901.858 -195.08 2.04604
901.321 -195.01 2.05962
893.488 -219.577 2.94189
893.736 -219.577 2.93523
893.988 -219.577 2.92844
890.02 -215.252 2.9558
889.996 -215.026 2.95224
889.994 -214.827 2.94854
889.992 -214.63 2.94487
889.991 -214.435 2.94123
889.989 -214.244 2.93761
889.987 -214.055 2.93401
879.632 -204.251 3.03324
879.663 -204.23 3.03198
879.694 -204.21 3.0307
879.726 -204.189 3.02941
879.757 -204.169 3.02811
889.976 -212.971 2.91296
889.975 -212.798 2.90952
889.973 -212.627 2.90611
889.971 -212.459 2.90271
921.687 -237.192 2.49224
890.781 -209.817 2.82062
890.758 -209.661 2.81769
890.481 -209.357 2.81913
890.758 -209.381 2.81105
890.758 -209.243 2.80774
890.758 -209.105 2.80444
890.758 -208.969 2.80114
890.966 -208.947 2.79404
891.22 -208.947 2.78599
891.472 -208.942 2.77788
891.74 -208.942 2.76935
892.016 -208.942 2.76057
892.299 -208.942 2.75152
892.591 -208.942 2.7422
892.89 -208.942 2.73258
919.776 -220.395 2.16042
933.427 -214.367 1.53488
932.437 -213.716 1.54857
931.99 -213.202 1.54794
924.556 -211.196 1.73859
931.947 -212.374 1.52373
931.834 -211.944 1.51414
931.7 -211.512 1.50516
931.562 -211.083 1.49632
931.313 -210.637 1.49067
930.788 -210.148 1.49304
925.995 -208.968 1.61914
923.177 -208.167 1.68981
922.963 -207.797 1.68516
922.86 -207.446 1.67728
922.756 -207.098 1.66944
922.651 -206.752 1.66162
922.574 -206.411 1.65301
922.544 -206.077 1.64294
922.52 -205.744 1.63264
922.497 -205.413 1.6223
922.472 -205.082 1.61197
922.449 -204.752 1.60159
922.424 -204.423 1.59123
922.399 -204.094 1.5808
922.373 -203.766 1.5704
906.322 -202.509 2.0807
906.198 -202.289 2.07736
906.223 -202.078 2.0691
906.447 -201.874 2.05422
922.244 -202.135 1.51787
922.216 -201.811 1.5073
922.188 -201.487 1.49672
922.16 -201.163 1.4861
922.131 -200.84 1.47546
922.086 -200.517 1.46537
921.817 -200.198 1.46305
921.464 -199.883 1.46377
921.121 -199.574 1.46426
920.775 -199.269 1.46499
920.435 -198.969 1.46561
920.105 -198.672 1.466
919.772 -198.381 1.46658
919.45 -198.093 1.46689
919.124 -197.809 1.46746
918.802 -197.53 1.468
906.059 -198.27 1.9355
905.888 -198.073 1.93385
905.92 -197.859 1.92451
913.877 -196.828 1.61083
913.226 -196.631 1.62561
912.602 -196.44 1.63964
911.995 -196.255 1.65326
911.408 -196.076 1.66643
910.826 -195.903 1.67959
910.28 -195.734 1.69162
905.073 -196.283 1.89192
904.613 -196.147 1.90228
904.045 -196.036 1.91729
903.092 -195.999 1.94838
902.874 -195.843 1.94953
902.64 -195.692 1.95137
902.456 -195.534 1.95123
901.965 -195.44 1.96413
901.354 -195.379 1.98239
900.993 -195.271 1.99025
897.952 -195.771 2.11423
897.538 -195.705 2.12555
889.966 -215.609 2.89226
889.964 -215.401 2.889
889.963 -215.196 2.88577
889.961 -214.994 2.88255
889.96 -214.795 2.87935
889.958 -214.599 2.87617
889.956 -214.406 2.87301
889.955 -214.215 2.86986
879.665 -204.332 3.01561
879.628 -204.248 3.01531
879.659 -204.227 3.01401
879.69 -204.206 3.01271
879.721 -204.186 3.01139
879.752 -204.165 3.01006
889.944 -212.946 2.84826
889.943 -212.774 2.84523
889.941 -212.603 2.8422
889.94 -212.435 2.83919
890.129 -212.425 2.83302
921.669 -237.187 2.28814
890.773 -209.815 2.7598
890.758 -209.664 2.75705
890.477 -209.357 2.75995
890.758 -209.383 2.75091
890.758 -209.245 2.74785
890.758 -209.108 2.74478
890.758 -208.972 2.74171
890.961 -208.947 2.73411
891.216 -208.947 2.72528
891.467 -208.942 2.7164
891.736 -208.942 2.70705
892.011 -208.942 2.69742
892.294 -208.942 2.68749
892.585 -208.942 2.67726
892.885 -208.942 2.6667
919.78 -220.404 1.99234
933.281 -216.906 1.40738
932.591 -216.285 1.41515
931.798 -215.649 1.42622
931.029 -215.033 1.43688
930.271 -214.432 1.4475
930.265 -214.028 1.43584
930.259 -213.625 1.42415
930.193 -213.209 1.41425
930.068 -212.783 1.40615
924.559 -211.203 1.56458
929.75 -211.926 1.39211
929.375 -211.459 1.39192
925.544 -210.332 1.50103
922.119 -209.336 1.59887
921.857 -208.956 1.59691
921.76 -208.608 1.58966
921.665 -208.263 1.58239
921.567 -207.92 1.57519
921.473 -207.58 1.56788
921.431 -207.249 1.55884
921.41 -206.922 1.54909
921.392 -206.596 1.53919
921.373 -206.271 1.52929
921.351 -205.946 1.51947
921.332 -205.623 1.50952
921.309 -205.3 1.49966
921.288 -204.978 1.48966
921.264 -204.656 1.47975
921.243 -204.335 1.4697
921.218 -204.015 1.45975
921.197 -203.696 1.44964
906.327 -202.513 1.97393
906.198 -202.293 1.97121
906.222 -202.082 1.96297
906.436 -201.878 1.94766
921.066 -202.106 1.39929
920.931 -201.787 1.39313
920.611 -201.467 1.39395
920.278 -201.151 1.39533
919.949 -200.841 1.39664
919.633 -200.534 1.39761
919.312 -200.233 1.39886
919.002 -199.935 1.39975
918.689 -199.642 1.40089
918.379 -199.353 1.40202
918.08 -199.067 1.4028
917.777 -198.786 1.40381
917.476 -198.509 1.40483
917.187 -198.235 1.40551
916.656 -197.981 1.41606
913.137 -197.958 1.54877
906.067 -198.273 1.82929
905.889 -198.077 1.82848
905.918 -197.863 1.81909
910.781 -197.151 1.60702
910.228 -196.965 1.62073
909.699 -196.784 1.63362
909.174 -196.609 1.64659
904.9 -196.933 1.82112
904.724 -196.751 1.82049
904.349 -196.6 1.82861
903.489 -196.528 1.85816
903.269 -196.365 1.85991
903.071 -196.202 1.86071
901.455 -196.287 1.92506
902.06 -195.993 1.89022
901.871 -195.84 1.89101
901.761 -195.673 1.88822
901.477 -195.542 1.89344
900.909 -195.475 1.91193
897.99 -195.927 2.04013
897.535 -195.867 2.05466
897.268 -195.77 2.06047
897.139 -195.643 2.05989
889.929 -215.368 2.8186
889.928 -215.164 2.81588
889.927 -214.963 2.81317
889.925 -214.764 2.81047
889.924 -214.569 2.80778
889.923 -214.376 2.8051
889.921 -214.185 2.80242
879.664 -204.332 2.99735
879.626 -204.246 2.99736
879.657 -204.226 2.99604
879.688 -204.205 2.9947
879.719 -204.184 2.99335
879.75 -204.164 2.99199
889.912 -212.921 2.78384
889.911 -212.749 2.7812
889.909 -212.579 2.77857
889.924 -212.425 2.77561
890.125 -212.425 2.76869
921.651 -237.181 2.08414
897.795 -216.054 2.56096
890.758 -209.808 2.69922
890.758 -209.666 2.69641
890.473 -209.357 2.7008
890.758 -209.386 2.69076
890.758 -209.248 2.68793
890.758 -209.11 2.6851
890.758 -208.974 2.68227
890.957 -208.947 2.6742
891.211 -208.947 2.66459
891.463 -208.942 2.65495
891.731 -208.942 2.64477
892.006 -208.942 2.63428
892.289 -208.942 2.62348
892.58 -208.942 2.61234
892.879 -208.942 2.60085
919.786 -220.413 1.8241
932.77 -219.373 1.28589
932.187 -218.748 1.29267
931.606 -218.135 1.29962
930.951 -217.51 1.30912
930.208 -216.87 1.32167
929.486 -216.25 1.33382
928.62 -215.601 1.35093
928.621 -215.205 1.33989
928.623 -214.81 1.3288
928.588 -214.408 1.3189
928.498 -213.993 1.3108
928.389 -213.577 1.30334
928.244 -213.155 1.29709
927.933 -212.698 1.2965
927.1 -212.131 1.3139
921.085 -210.463 1.51039
920.785 -210.071 1.51104
920.692 -209.726 1.50457
920.605 -209.384 1.49784
920.514 -209.044 1.49125
920.433 -208.707 1.48435
920.371 -208.376 1.4767
920.339 -208.052 1.46799
920.325 -207.731 1.4586
920.306 -207.411 1.4493
920.291 -207.092 1.43986
920.274 -206.773 1.43043
920.256 -206.455 1.42101
920.238 -206.139 1.41153
920.219 -205.822 1.40207
920.201 -205.507 1.39252
920.18 -205.192 1.38302
920.161 -204.878 1.37342
920.14 -204.565 1.36386
920.119 -204.252 1.35421
920.097 -203.94 1.34458
920.076 -203.628 1.33488
906.332 -202.517 1.86708
906.199 -202.297 1.86503
906.22 -202.086 1.85683
906.427 -201.881 1.8411
918.829 -202.044 1.33177
918.528 -201.736 1.33343
918.231 -201.434 1.33501
917.933 -201.135 1.33673
917.641 -200.841 1.33828
917.355 -200.55 1.33967
917.066 -200.264 1.34126
916.788 -199.982 1.34247
916.505 -199.703 1.34393
916.225 -199.428 1.34538
915.953 -199.157 1.34657
912.51 -199.036 1.48501
911.817 -198.817 1.5055
911.251 -198.599 1.5207
910.702 -198.388 1.53544
910.157 -198.185 1.55024
906.075 -198.276 1.72298
905.889 -198.08 1.72306
905.915 -197.867 1.71364
908.149 -197.425 1.60385
907.672 -197.25 1.61667
907.229 -197.076 1.6281
904.548 -197.186 1.74327
903.89 -197.069 1.76573
903.612 -196.908 1.77074
903.408 -196.74 1.77234
903.236 -196.57 1.77247
901.502 -196.65 1.84718
901.4 -196.483 1.84447
901.402 -196.3 1.83676
901.522 -196.094 1.82329
901.67 -195.881 1.80829
900.348 -195.952 1.86549
900.283 -195.788 1.8612
898.21 -196.045 1.9569
897.532 -196.029 1.98392
897.241 -195.936 1.99181
897.113 -195.809 1.99154
896.803 -195.726 2.00058
896.507 -195.644 2.00901
889.893 -215.131 2.74633
889.892 -214.931 2.74412
889.891 -214.733 2.74191
889.89 -214.538 2.7397
889.889 -214.346 2.73749
889.888 -214.156 2.73528
879.663 -204.331 2.9791
879.624 -204.245 2.97944
879.655 -204.225 2.97808
879.685 -204.204 2.97672
879.716 -204.183 2.97533
879.747 -204.163 2.97394
889.88 -212.896 2.71969
889.879 -212.725 2.71745
889.878 -212.556 2.71521
889.92 -212.425 2.71184
890.122 -212.425 2.70438
921.633 -237.176 1.88024
897.778 -216.046 2.46799
890.758 -209.81 2.6383
890.758 -209.669 2.63574
890.469 -209.358 2.64165
890.723 -209.368 2.63161
890.758 -209.25 2.628
890.758 -209.113 2.62541
890.758 -208.977 2.6228
890.952 -208.947 2.61431
891.206 -208.947 2.60392
891.458 -208.942 2.59352
891.726 -208.942 2.58251
892.001 -208.942 2.57118
892.284 -208.942 2.55949
892.574 -208.942 2.54745
892.874 -208.942 2.53502
919.795 -220.424 1.6557
931.744 -221.23 1.16652
931.067 -220.546 1.17903
930.515 -219.919 1.18744
929.982 -219.309 1.19537
929.347 -218.675 1.20702
928.656 -218.034 1.22081
927.982 -217.412 1.23422
927.034 -216.716 1.25758
927.04 -216.327 1.24726
927.047 -215.94 1.23684
927.048 -215.552 1.22661
926.987 -215.148 1.21857
926.885 -214.736 1.212
926.783 -214.327 1.20541
926.511 -213.876 1.20508
925.822 -213.327 1.22022
920.067 -211.55 1.42428
919.745 -211.147 1.42724
919.652 -210.803 1.42163
919.571 -210.463 1.41555
919.49 -210.126 1.40947
919.408 -209.791 1.40342
919.332 -209.459 1.39713
919.304 -209.139 1.38894
919.29 -208.822 1.3802
919.275 -208.506 1.37141
919.264 -208.192 1.36246
919.249 -207.878 1.35362
919.236 -207.566 1.34462
919.22 -207.253 1.33571
919.207 -206.942 1.32663
919.189 -206.632 1.31767
919.175 -206.322 1.30855
919.157 -206.013 1.29952
919.142 -205.705 1.29034
919.125 -205.397 1.28116
919.106 -205.09 1.272
919.072 -204.782 1.26343
918.906 -204.464 1.26041
918.614 -204.138 1.26267
918.319 -203.817 1.26517
918.03 -203.5 1.26748
906.338 -202.521 1.76015
906.2 -202.301 1.75881
906.219 -202.09 1.75067
906.419 -201.885 1.73456
916.63 -201.982 1.27819
916.36 -201.691 1.28008
916.092 -201.404 1.28196
915.825 -201.12 1.2839
915.566 -200.841 1.28552
915.302 -200.565 1.28742
915.041 -200.292 1.28926
914.788 -200.024 1.29079
911.243 -199.842 1.44371
910.588 -199.616 1.46482
910.058 -199.394 1.4804
909.544 -199.179 1.49543
909.044 -198.969 1.51001
908.557 -198.766 1.52416
908.086 -198.569 1.53776
907.618 -198.378 1.55142
906.085 -198.279 1.61653
905.89 -198.084 1.6176
905.913 -197.87 1.60818
904.511 -197.802 1.66842
904.35 -197.618 1.66828
901.817 -197.712 1.78558
901.726 -197.539 1.78269
901.618 -197.37 1.78065
901.398 -197.217 1.78427
901.477 -197.024 1.7728
901.503 -196.837 1.7639
901.434 -196.664 1.75984
901.322 -196.5 1.75795
901.412 -196.301 1.74559
901.36 -196.126 1.74054
900.305 -196.141 1.78803
900.134 -195.997 1.78952
900.049 -195.838 1.78648
897.81 -196.132 1.89839
897.274 -196.088 1.92023
897.084 -195.974 1.92362
896.816 -195.88 1.93135
896.51 -195.799 1.94127
896.269 -195.705 1.94774
896.127 -195.59 1.94881
889.858 -214.899 2.67538
889.857 -214.702 2.67366
889.856 -214.508 2.67193
889.855 -214.317 2.67019
889.854 -214.128 2.66843
879.662 -204.331 2.96085
879.622 -204.244 2.96152
879.652 -204.223 2.96014
879.683 -204.203 2.95874
879.714 -204.182 2.95733
879.745 -204.161 2.9559
889.848 -212.871 2.65582
889.847 -212.701 2.65397
889.846 -212.532 2.6521
889.917 -212.425 2.64807
890.118 -212.425 2.64007
921.615 -237.171 1.67643
897.763 -216.04 2.37509
890.758 -209.813 2.57736
890.758 -209.671 2.57505
890.469 -209.36 2.58238
890.719 -209.368 2.57171
890.758 -209.253 2.56805
890.758 -209.115 2.56569
890.758 -208.979 2.56332
890.947 -208.947 2.55443
891.202 -208.947 2.54327
891.453 -208.942 2.5321
891.721 -208.942 2.52027
891.996 -208.942 2.50809
892.278 -208.942 2.49553
892.569 -208.942 2.48257
892.868 -208.942 2.46921
919.807 -220.436 1.48706
923.767 -220.625 1.31119
923.881 -220.28 1.29857
924.02 -219.946 1.28495
929.392 -221.657 1.07628
928.885 -221.033 1.08568
928.385 -220.423 1.09494
927.774 -219.782 1.10855
927.125 -219.139 1.12377
926.492 -218.515 1.13854
925.544 -217.793 1.16558
925.513 -217.396 1.15758
925.526 -217.016 1.14782
925.535 -216.636 1.13817
925.506 -216.246 1.12995
925.429 -215.843 1.12354
925.334 -215.438 1.11784
886.297 -203.764 2.6566
886.211 -203.661 2.65798
886.128 -203.56 2.65932
886.046 -203.461 2.66062
885.965 -203.364 2.66187
885.886 -203.269 2.66308
885.809 -203.176 2.66425
885.733 -203.084 2.66537
885.674 -202.998 2.6658
885.626 -202.915 2.6658
885.578 -202.834 2.6658
885.53 -202.753 2.6658
885.483 -202.673 2.6658
885.435 -202.594 2.6658
885.388 -202.516 2.6658
885.341 -202.439 2.6658
918.223 -208.019 1.25315
918.21 -207.713 1.24469
918.199 -207.408 1.23604
918.185 -207.103 1.22751
918.173 -206.8 1.2188
918.157 -206.497 1.2102
918.138 -206.194 1.2017
918.059 -205.885 1.19583
917.778 -205.554 1.1989
917.506 -205.228 1.2017
917.233 -204.907 1.20456
916.959 -204.59 1.20749
916.696 -204.278 1.21003
916.43 -203.97 1.21274
916.165 -203.666 1.21547
915.91 -203.366 1.21782
906.343 -202.526 1.65314
906.201 -202.305 1.65254
906.217 -202.093 1.64449
906.41 -201.888 1.62802
914.645 -201.927 1.22977
914.4 -201.65 1.23192
914.159 -201.377 1.23396
913.916 -201.107 1.23617
913.662 -200.841 1.2389
909.952 -200.593 1.41008
909.424 -200.361 1.42725
908.936 -200.135 1.44264
908.457 -199.917 1.45778
907.994 -199.704 1.47235
907.54 -199.497 1.48658
907.098 -199.296 1.50042
906.666 -199.1 1.51396
906.246 -198.91 1.52698
905.831 -198.725 1.53996
905.435 -198.544 1.55214
904.902 -198.379 1.57151
904.45 -198.215 1.58689
901.983 -198.249 1.7076
901.759 -198.088 1.71199
901.471 -197.936 1.71984
901.202 -197.787 1.7268
901.148 -197.614 1.72233
900.572 -197.509 1.74583
900.548 -197.337 1.73988
900.561 -197.159 1.73188
901.144 -196.894 1.69277
901.178 -196.708 1.68329
901.189 -196.525 1.67499
900.906 -196.392 1.68291
900.244 -196.331 1.71208
900.037 -196.194 1.71607
899.909 -196.044 1.71567
898.325 -196.19 1.79779
897.338 -196.233 1.8468
897.118 -196.124 1.85249
896.836 -196.032 1.86182
896.512 -195.953 1.87367
896.232 -195.868 1.88316
895.677 -195.854 1.90885
895.443 -195.766 1.916
895.232 -195.675 1.92179
879.455 -204.332 2.95088
879.485 -204.312 2.94954
879.516 -204.292 2.94818
879.546 -204.272 2.94681
879.577 -204.252 2.94543
879.607 -204.231 2.94403
879.638 -204.211 2.94262
879.669 -204.191 2.94119
879.7 -204.17 2.93975
879.731 -204.15 2.93829
879.762 -204.129 2.93682
879.793 -204.108 2.93533
879.825 -204.087 2.93382
879.856 -204.067 2.9323
879.888 -204.045 2.93076
921.597 -237.165 1.4727
897.747 -216.033 2.28228
890.758 -209.816 2.51639
890.758 -209.674 2.51434
890.459 -209.357 2.52345
890.714 -209.368 2.51181
890.758 -209.255 2.50808
890.758 -209.118 2.50596
890.758 -208.981 2.50381
890.943 -208.947 2.49457
891.197 -208.947 2.48263
891.448 -208.942 2.4707
891.716 -208.942 2.45805
891.991 -208.942 2.44501
892.273 -208.942 2.43158
892.564 -208.942 2.41772
892.863 -208.942 2.40343
919.822 -220.45 1.31812
920.03 -220.174 1.30277
928.24 -223.351 0.965758
927.761 -222.716 0.976578
924.009 -220.732 1.12009
923.567 -220.16 1.13015
923.738 -219.841 1.11525
925.62 -220.191 1.03004
925.029 -219.565 1.04598
924.02 -218.795 1.07938
924.037 -218.419 1.07041
924.057 -218.046 1.06126
924.073 -217.673 1.05223
924.08 -217.298 1.0435
924.017 -216.902 1.03764
923.942 -216.504 1.03227
923.791 -216.085 1.03007
923.289 -215.56 1.04291
918.044 -213.599 1.25947
886.354 -203.861 2.61808
886.267 -203.756 2.61989
886.182 -203.654 2.62165
886.099 -203.553 2.62335
886.017 -203.455 2.62499
885.937 -203.358 2.62659
885.859 -203.263 2.62813
885.782 -203.171 2.62962
885.706 -203.079 2.63107
885.632 -202.99 2.63247
885.559 -202.902 2.63382
885.487 -202.815 2.63513
885.417 -202.731 2.6364
885.348 -202.647 2.63762
885.28 -202.565 2.63881
885.213 -202.485 2.63996
885.147 -202.405 2.64107
885.082 -202.327 2.64214
885.019 -202.251 2.64318
884.956 -202.175 2.64419
884.894 -202.101 2.64515
884.834 -202.028 2.64609
884.774 -201.956 2.647
884.715 -201.885 2.64787
884.657 -201.815 2.64871
884.599 -201.746 2.64952
884.543 -201.678 2.65031
884.487 -201.611 2.65106
884.432 -201.545 2.65179
884.378 -201.48 2.65249
884.325 -201.416 2.65317
884.272 -201.353 2.65381
884.22 -201.29 2.65444
884.169 -201.229 2.65504
884.118 -201.168 2.65561
884.068 -201.108 2.65616
884.019 -201.048 2.65669
883.97 -200.99 2.65719
883.922 -200.932 2.65768
883.874 -200.875 2.65814
883.827 -200.819 2.65858
883.781 -200.763 2.659
883.735 -200.708 2.65939
883.689 -200.653 2.65977
883.644 -200.599 2.66013
883.6 -200.546 2.66047
883.556 -200.493 2.66079
883.512 -200.441 2.66109
883.469 -200.39 2.66138
883.426 -200.339 2.66164
883.384 -200.288 2.66189
883.342 -200.238 2.66212
883.301 -200.189 2.66233
883.26 -200.14 2.66253
883.219 -200.091 2.66271
883.179 -200.043 2.66287
883.139 -199.996 2.66302
883.1 -199.948 2.66315
883.061 -199.902 2.66327
883.022 -199.856 2.66337
882.984 -199.81 2.66346
882.946 -199.764 2.66353
882.908 -199.719 2.66358
882.87 -199.675 2.66362
882.833 -199.63 2.66365
882.796 -199.586 2.66366
882.76 -199.543 2.66366
882.724 -199.5 2.66365
882.688 -199.457 2.66362
882.652 -199.414 2.66358
882.617 -199.372 2.66352
882.586 -199.329 2.6632
882.646 -199.267 2.65731
896.341 -196.146 1.81688
895.927 -196.091 1.8355
895.579 -196.026 1.85022
895.108 -195.996 1.87279
894.841 -195.921 1.88289
894.709 -195.814 1.88462
894.575 -195.709 1.88644
879.469 -204.296 2.93237
879.499 -204.276 2.931
879.529 -204.256 2.92961
879.56 -204.236 2.92821
879.59 -204.216 2.92679
879.621 -204.196 2.92535
879.651 -204.176 2.9239
879.682 -204.155 2.92243
879.713 -204.135 2.92095
879.744 -204.114 2.91945
879.775 -204.093 2.91793
879.806 -204.073 2.9164
879.837 -204.052 2.91484
879.869 -204.031 2.91328
921.579 -237.16 1.269
897.732 -216.026 2.18955
890.758 -209.818 2.45539
890.636 -209.603 2.45863
890.664 -209.48 2.45567
890.71 -209.368 2.45192
890.758 -209.258 2.44807
890.758 -209.12 2.44618
890.758 -208.984 2.44427
890.938 -208.947 2.43471
891.192 -208.947 2.42199
891.443 -208.942 2.4093
891.711 -208.942 2.39582
891.985 -208.942 2.38194
892.268 -208.942 2.36763
892.558 -208.942 2.35287
892.857 -208.942 2.33764
927.048 -224.996 0.856134
926.597 -224.35 0.868388
926.149 -223.716 0.880538
919.842 -220.466 1.14874
919.996 -220.166 1.13551
924.698 -221.829 0.922057
924.134 -221.188 0.939583
923.417 -220.494 0.963967
922.583 -219.766 0.993727
922.606 -219.397 0.985422
922.631 -219.029 0.976977
922.654 -218.663 0.96855
922.674 -218.297 0.960126
922.643 -217.914 0.953994
922.576 -217.521 0.949416
922.446 -217.108 0.947634
922.026 -216.6 0.959085
917.042 -214.567 1.18013
916.752 -214.153 1.18654
916.665 -213.81 1.18357
916.606 -213.478 1.17928
916.548 -213.149 1.17491
886.323 -203.853 2.58119
886.237 -203.749 2.58338
886.153 -203.647 2.5855
886.07 -203.547 2.58755
885.989 -203.449 2.58954
885.909 -203.352 2.59147
885.831 -203.258 2.59335
885.755 -203.165 2.59516
885.68 -203.074 2.59692
885.606 -202.985 2.59863
885.533 -202.897 2.60028
885.462 -202.811 2.60189
885.392 -202.727 2.60344
885.323 -202.644 2.60495
885.256 -202.562 2.60641
885.189 -202.481 2.60783
885.124 -202.402 2.6092
885.059 -202.325 2.61053
884.996 -202.248 2.61182
884.934 -202.173 2.61307
884.872 -202.099 2.61428
884.812 -202.026 2.61545
884.752 -201.954 2.61659
884.694 -201.883 2.61769
884.636 -201.813 2.61875
884.579 -201.745 2.61978
884.523 -201.677 2.62078
884.467 -201.61 2.62174
884.413 -201.544 2.62267
884.359 -201.48 2.62357
884.306 -201.416 2.62444
884.253 -201.352 2.62528
884.202 -201.29 2.62609
884.15 -201.229 2.62687
884.1 -201.168 2.62763
884.05 -201.108 2.62836
884.001 -201.049 2.62906
883.952 -200.99 2.62973
883.904 -200.933 2.63038
883.857 -200.876 2.63101
883.81 -200.819 2.63161
883.764 -200.764 2.63218
883.718 -200.709 2.63273
883.673 -200.654 2.63326
883.628 -200.601 2.63377
883.584 -200.547 2.63426
883.54 -200.495 2.63472
883.496 -200.443 2.63516
883.454 -200.391 2.63558
883.411 -200.34 2.63598
883.369 -200.29 2.63636
883.327 -200.24 2.63672
883.286 -200.191 2.63706
883.245 -200.142 2.63738
883.205 -200.093 2.63768
883.165 -200.045 2.63797
883.125 -199.998 2.63823
883.086 -199.951 2.63848
883.047 -199.904 2.63871
883.008 -199.858 2.63892
882.97 -199.812 2.63911
882.932 -199.767 2.63929
882.895 -199.722 2.63945
882.857 -199.677 2.6396
882.82 -199.633 2.63972
882.784 -199.589 2.63983
882.747 -199.546 2.63993
882.711 -199.503 2.64001
882.675 -199.46 2.64008
882.64 -199.418 2.64012
882.604 -199.375 2.64016
882.569 -199.334 2.64018
882.581 -199.282 2.63716
882.642 -199.219 2.63097
895.095 -196.286 1.81755
894.843 -196.204 1.82745
894.705 -196.098 1.82992
894.555 -195.996 1.83322
894.384 -195.901 1.83798
894.179 -195.818 1.8451
893.92 -195.752 1.85592
879.482 -204.261 2.91397
879.512 -204.241 2.91256
879.543 -204.221 2.91114
879.573 -204.201 2.9097
879.603 -204.181 2.90824
879.634 -204.161 2.90676
879.664 -204.14 2.90527
879.695 -204.12 2.90376
879.726 -204.099 2.90224
879.757 -204.079 2.90069
879.788 -204.058 2.89913
879.819 -204.037 2.89755
879.85 -204.016 2.89595
879.881 -203.995 2.89434
921.562 -237.155 1.06542
897.716 -216.019 2.09693
890.277 -209.667 2.41764
890.277 -209.528 2.41618
890.421 -209.477 2.40816
890.504 -209.388 2.40284
890.705 -209.368 2.39205
890.758 -209.26 2.38805
890.758 -209.123 2.3864
890.758 -208.986 2.38472
890.934 -208.947 2.37488
891.188 -208.947 2.36138
891.438 -208.942 2.34793
891.706 -208.942 2.33363
891.98 -208.942 2.3189
892.263 -208.942 2.30371
892.553 -208.942 2.28805
892.851 -208.942 2.27189
923.723 -223.428 0.814773
923.187 -222.771 0.83382
922.664 -222.132 0.852322
919.87 -220.485 0.978823
919.973 -220.162 0.967956
921.214 -220.332 0.902528
921.245 -219.971 0.894732
921.274 -219.611 0.886923
921.302 -219.252 0.879077
921.298 -218.882 0.872667
921.249 -218.496 0.868388
921.15 -218.094 0.866446
917.453 -216.346 1.04013
916.039 -215.496 1.10303
915.783 -215.087 1.10943
915.702 -214.745 1.10722
915.653 -214.417 1.10337
915.601 -214.089 1.09962
915.55 -213.765 1.0958
915.496 -213.442 1.09202
915.445 -213.121 1.0881
915.417 -212.81 1.08291
886.293 -203.846 2.54451
886.207 -203.742 2.54707
886.124 -203.64 2.54955
886.041 -203.54 2.55195
885.961 -203.443 2.55428
885.882 -203.347 2.55655
885.804 -203.253 2.55875
885.728 -203.16 2.56088
885.653 -203.069 2.56295
885.58 -202.98 2.56496
885.508 -202.893 2.56692
885.437 -202.807 2.56881
885.368 -202.723 2.57065
885.299 -202.64 2.57244
885.232 -202.558 2.57417
885.166 -202.478 2.57585
885.101 -202.399 2.57749
885.037 -202.322 2.57907
884.974 -202.246 2.58061
884.912 -202.171 2.5821
884.851 -202.097 2.58355
884.79 -202.024 2.58496
884.731 -201.952 2.58632
884.673 -201.882 2.58764
884.615 -201.812 2.58893
884.559 -201.744 2.59017
884.503 -201.676 2.59138
884.448 -201.609 2.59255
884.393 -201.544 2.59368
884.34 -201.479 2.59478
884.287 -201.415 2.59584
884.235 -201.352 2.59687
884.183 -201.29 2.59787
884.132 -201.229 2.59884
884.082 -201.168 2.59977
884.032 -201.108 2.60067
883.983 -201.049 2.60154
883.935 -200.991 2.60239
883.887 -200.933 2.6032
883.84 -200.876 2.60399
883.793 -200.82 2.60475
883.747 -200.765 2.60548
883.702 -200.71 2.60618
883.656 -200.655 2.60686
883.612 -200.602 2.60752
883.568 -200.549 2.60815
883.524 -200.496 2.60875
883.481 -200.444 2.60933
883.438 -200.393 2.60989
883.396 -200.342 2.61042
883.354 -200.292 2.61093
883.312 -200.242 2.61142
883.271 -200.193 2.61188
883.231 -200.144 2.61233
883.191 -200.096 2.61275
883.151 -200.048 2.61315
883.111 -200 2.61354
883.072 -199.953 2.6139
883.033 -199.907 2.61424
882.995 -199.861 2.61456
882.956 -199.815 2.61486
882.919 -199.77 2.61515
882.881 -199.725 2.61541
882.844 -199.68 2.61566
882.807 -199.636 2.61588
882.771 -199.592 2.61609
882.734 -199.549 2.61628
882.698 -199.506 2.61646
882.663 -199.463 2.61662
882.627 -199.421 2.61676
882.592 -199.379 2.61688
882.557 -199.337 2.61698
882.522 -199.296 2.61707
882.577 -199.235 2.61105
882.637 -199.171 2.60457
894.411 -196.31 1.7889
894.296 -196.201 1.79031
894.101 -196.114 1.79736
893.693 -196.084 1.81943
893.529 -195.995 1.82448
893.309 -195.923 1.83354
893.024 -195.872 1.8474
879.496 -204.226 2.89566
879.526 -204.206 2.89422
879.556 -204.186 2.89275
879.586 -204.166 2.89127
879.616 -204.146 2.88978
879.647 -204.125 2.88826
879.677 -204.105 2.88673
879.708 -204.084 2.88518
879.739 -204.064 2.88361
879.769 -204.043 2.88202
879.8 -204.023 2.88041
879.831 -204.002 2.87878
879.862 -203.981 2.87714
879.894 -203.96 2.87547
897.7 -216.012 2.00443
890.277 -209.669 2.35832
890.277 -209.53 2.35711
890.416 -209.477 2.34896
890.505 -209.392 2.34328
890.701 -209.368 2.33219
890.758 -209.263 2.32801
890.758 -209.125 2.32659
890.758 -208.989 2.32514
890.929 -208.947 2.31506
891.183 -208.947 2.30079
891.434 -208.942 2.28658
891.701 -208.942 2.27146
891.975 -208.942 2.25587
892.257 -208.942 2.23981
892.547 -208.942 2.22325
892.856 -208.947 2.20564
919.82 -221.585 0.828494
919.859 -221.229 0.821306
919.896 -220.873 0.814145
919.915 -220.512 0.807763
919.956 -220.162 0.800196
919.98 -219.806 0.793369
919.946 -219.428 0.789469
919.871 -219.034 0.787639
915.569 -216.923 1.00548
915.033 -216.386 1.02814
914.826 -215.99 1.03359
914.756 -215.65 1.03186
914.712 -215.323 1.02871
914.668 -214.999 1.02551
914.623 -214.676 1.02228
914.58 -214.356 1.01889
914.533 -214.037 1.01565
914.5 -213.725 1.0116
914.497 -213.425 1.00586
914.498 -213.127 0.999878
914.506 -212.833 0.9934
886.35 -203.944 2.50502
886.263 -203.838 2.50803
886.178 -203.735 2.51095
886.095 -203.633 2.51378
886.013 -203.534 2.51653
885.933 -203.437 2.51921
885.854 -203.341 2.5218
885.777 -203.247 2.52432
885.702 -203.155 2.52677
885.627 -203.065 2.52915
885.554 -202.976 2.53147
885.483 -202.889 2.53371
885.412 -202.803 2.5359
885.343 -202.719 2.53802
885.275 -202.636 2.54008
885.208 -202.555 2.54208
885.142 -202.475 2.54403
885.078 -202.397 2.54592
885.014 -202.319 2.54775
884.951 -202.243 2.54954
884.89 -202.168 2.55127
884.829 -202.095 2.55296
884.769 -202.022 2.5546
884.71 -201.95 2.55619
884.652 -201.88 2.55773
884.595 -201.811 2.55923
884.538 -201.742 2.56069
884.483 -201.675 2.56211
884.428 -201.609 2.56348
884.374 -201.543 2.56481
884.32 -201.478 2.56611
884.268 -201.415 2.56736
884.216 -201.352 2.56858
884.165 -201.29 2.56976
884.114 -201.229 2.57091
884.064 -201.168 2.57202
884.015 -201.109 2.5731
883.966 -201.05 2.57414
883.918 -200.991 2.57515
883.87 -200.934 2.57613
883.823 -200.877 2.57707
883.777 -200.821 2.57799
883.731 -200.766 2.57888
883.685 -200.711 2.57973
883.64 -200.657 2.58056
883.596 -200.603 2.58136
883.552 -200.55 2.58213
883.508 -200.498 2.58288
883.465 -200.446 2.58359
883.423 -200.395 2.58429
883.381 -200.344 2.58495
883.339 -200.294 2.58559
883.298 -200.244 2.58621
883.257 -200.195 2.5868
883.216 -200.146 2.58737
883.176 -200.098 2.58791
883.136 -200.05 2.58843
883.097 -200.003 2.58893
883.058 -199.956 2.5894
883.019 -199.909 2.58985
882.981 -199.863 2.59028
882.943 -199.818 2.59069
882.905 -199.772 2.59108
882.868 -199.728 2.59145
882.831 -199.683 2.5918
882.794 -199.639 2.59212
882.758 -199.595 2.59243
882.721 -199.552 2.59272
882.686 -199.509 2.59298
882.65 -199.466 2.59323
882.615 -199.424 2.59346
882.579 -199.382 2.59367
882.545 -199.34 2.59387
882.51 -199.299 2.59404
882.527 -199.247 2.59053
882.607 -199.179 2.58235
893.732 -196.474 1.77137
893.545 -196.388 1.77862
893.398 -196.294 1.78303
893.175 -196.221 1.79301
892.703 -196.219 1.82155
892.522 -196.142 1.82874
892.332 -196.07 1.83665
892.135 -196.003 1.84517
879.509 -204.191 2.87744
879.539 -204.171 2.87596
879.569 -204.151 2.87446
879.599 -204.131 2.87294
879.629 -204.111 2.8714
879.66 -204.09 2.86984
879.69 -204.07 2.86827
879.721 -204.049 2.86667
879.751 -204.029 2.86506
879.782 -204.008 2.86342
879.813 -203.987 2.86177
879.844 -203.967 2.86009
879.875 -203.946 2.8584
879.906 -203.925 2.85668
888.764 -210.739 2.38845
888.694 -210.543 2.39184
888.626 -210.351 2.39511
888.559 -210.162 2.39828
888.493 -209.978 2.40133
888.429 -209.797 2.40429
888.366 -209.62 2.40715
888.304 -209.446 2.40991
888.244 -209.276 2.41258
888.184 -209.109 2.41515
888.161 -208.968 2.4158
888.149 -208.836 2.4158
888.136 -208.706 2.4158
888.122 -208.576 2.4158
925.902 -232.216 0.395777
890.277 -209.672 2.29897
890.277 -209.533 2.29802
890.412 -209.477 2.28977
890.645 -209.477 2.27623
890.697 -209.368 2.27234
890.758 -209.265 2.26794
890.758 -209.128 2.26676
890.138 -208.648 2.29904
890.925 -208.947 2.25525
891.178 -208.947 2.24021
891.429 -208.942 2.22523
891.705 -208.947 2.20876
891.98 -208.947 2.19233
892.262 -208.947 2.17538
892.552 -208.947 2.15791
892.851 -208.947 2.13988
918.659 -221.041 0.721927
918.699 -220.696 0.715219
918.675 -220.322 0.711924
918.599 -219.928 0.711382
914.401 -217.722 0.938759
914.043 -217.247 0.954191
913.878 -216.862 0.95889
913.822 -216.526 0.957469
913.785 -216.202 0.954933
913.749 -215.879 0.952266
913.71 -215.559 0.949668
913.673 -215.241 0.946888
913.636 -214.925 0.944011
913.598 -214.611 0.941156
913.595 -214.312 0.93622
913.603 -214.018 0.930601
913.613 -213.727 0.924772
913.624 -213.437 0.918782
913.633 -213.147 0.912866
913.643 -212.859 0.906775
913.648 -212.57 0.900872
886.319 -203.936 2.46837
886.233 -203.831 2.47174
886.148 -203.728 2.47502
886.066 -203.627 2.47821
885.985 -203.528 2.4813
885.905 -203.43 2.48431
885.827 -203.335 2.48723
885.75 -203.242 2.49007
885.675 -203.15 2.49283
885.601 -203.06 2.49552
885.529 -202.971 2.49813
885.457 -202.884 2.50067
885.388 -202.799 2.50314
885.319 -202.715 2.50554
885.251 -202.633 2.50787
885.185 -202.552 2.51014
885.119 -202.472 2.51235
885.055 -202.394 2.51449
884.991 -202.317 2.51658
884.929 -202.241 2.51861
884.868 -202.166 2.52058
884.807 -202.093 2.5225
884.748 -202.02 2.52437
884.689 -201.949 2.52618
884.631 -201.879 2.52795
884.574 -201.809 2.52966
884.518 -201.741 2.53133
884.463 -201.674 2.53295
884.408 -201.608 2.53453
884.354 -201.542 2.53606
884.301 -201.478 2.53755
884.249 -201.414 2.539
884.197 -201.352 2.5404
884.146 -201.29 2.54177
884.096 -201.229 2.54309
884.046 -201.168 2.54438
883.997 -201.109 2.54563
883.948 -201.05 2.54684
883.9 -200.992 2.54801
883.853 -200.935 2.54916
883.806 -200.878 2.55026
883.76 -200.822 2.55134
883.714 -200.767 2.55237
883.669 -200.712 2.55338
883.624 -200.658 2.55436
883.58 -200.604 2.5553
883.536 -200.551 2.55621
883.493 -200.499 2.5571
883.45 -200.447 2.55795
883.408 -200.396 2.55878
883.366 -200.346 2.55957
883.324 -200.295 2.56034
883.283 -200.246 2.56108
883.242 -200.197 2.5618
883.202 -200.148 2.56249
883.162 -200.1 2.56315
883.122 -200.052 2.56379
883.083 -200.005 2.5644
883.044 -199.958 2.56499
883.005 -199.912 2.56555
882.967 -199.866 2.56609
882.929 -199.82 2.56661
882.892 -199.775 2.5671
882.855 -199.73 2.56757
882.818 -199.686 2.56802
882.781 -199.642 2.56844
882.745 -199.598 2.56884
882.709 -199.555 2.56923
882.673 -199.512 2.56959
882.637 -199.47 2.56993
882.602 -199.427 2.57025
882.567 -199.385 2.57055
882.532 -199.344 2.57082
882.498 -199.303 2.57108
882.525 -199.248 2.56666
882.606 -199.18 2.55816
893.172 -196.61 1.7497
892.833 -196.565 1.76934
892.39 -196.551 1.79719
892.165 -196.487 1.80845
891.785 -196.467 1.83179
891.638 -196.388 1.83719
891.414 -196.333 1.84874
891.146 -196.293 1.86379
890.976 -196.227 1.87124
 ] }
 color Color { color [
0.534986 0 0.465014
0.0520866 0 0.947913
0.588013 0 0.411987
0.49423 0 0.50577
0.169324 0 0.830676
0.169941 0 0.83006
0.480584 0 0.519416
0.498064 0 0.501936
0.304333 0 0.695667
0.30344 0 0.69656
0.303915 0 0.696085
0.302056 0 0.697944
0.301182 0 0.698818
0.302184 0 0.697816
0.535031 0 0.464969
0.0520733 0 0.947927
0.58775 0 0.41225
0.494209 0 0.50579
0.169869 0 0.830131
0.169887 0 0.830113
0.480645 0 0.519355
0.497969 0 0.502031
0.304356 0 0.695644
0.303432 0 0.696568
0.303881 0 0.696119
0.302091 0 0.697909
0.301175 0 0.698825
0.302134 0 0.697866
0.535089 0 0.464911
0.0520606 0 0.947939
0.587496 0 0.412504
0.494196 0 0.505804
0.169867 0 0.830133
0.169834 0 0.830166
0.480742 0 0.519258
0.49789 0 0.50211
0.304385 0 0.695615
0.303428 0 0.696572
0.303852 0 0.696148
0.30213 0 0.69787
0.301172 0 0.698828
0.30209 0 0.69791
0.535162 0 0.464838
0.0520485 0 0.947951
0.587251 0 0.412749
0.49419 0 0.50581
0.494221 0 0.505779
0.169784 0 0.830216
0.48088 0 0.51912
0.482252 0 0.517748
0.497827 0 0.502173
0.304418 0 0.695582
0.303428 0 0.696572
0.303827 0 0.696173
0.302175 0 0.697825
0.301174 0 0.698826
0.302051 0 0.697949
0.535258 0 0.464742
0.0520371 0 0.947963
0.587015 0 0.412985
0.49419 0 0.50581
0.169787 0 0.830213
0.16954 0 0.83046
0.481066 0 0.518934
0.481645 0 0.518355
0.497778 0 0.502222
0.304457 0 0.695543
0.303432 0 0.696568
0.303807 0 0.696193
0.578262 0 0.421738
0.302225 0 0.697775
0.30118 0 0.69882
0.302018 0 0.697982
0.598394 0 0.401606
0.598404 0 0.401596
0.598408 0 0.401592
0.598485 0 0.401515
0.598596 0 0.401404
0.598712 0 0.401288
0.598855 0 0.401145
0.59906 0 0.40094
0.599262 0 0.400738
0.599508 0 0.400492
0.53538 0 0.46462
0.0520262 0 0.947974
0.586788 0 0.413212
0.4942 0 0.5058
0.494097 0 0.505903
0.169692 0 0.830308
0.182758 0 0.817242
0.481319 0 0.518681
0.481327 0 0.518673
0.497743 0 0.502257
0.304499 0 0.695501
0.303441 0 0.696559
0.30379 0 0.69621
0.597372 0 0.402628
0.581658 0 0.418342
0.580237 0 0.419763
0.574483 0 0.425517
0.302282 0 0.697718
0.30119 0 0.69881
0.301989 0 0.698011
0.579084 0 0.420916
0.579101 0 0.420899
0.579149 0 0.420851
0.579181 0 0.420819
0.579277 0 0.420723
0.579387 0 0.420613
0.579522 0 0.420478
0.57971 0 0.42029
0.579918 0 0.420082
0.580137 0 0.419863
0.442222 0 0.557778
0.535559 0 0.464441
0.0520153 0 0.947985
0.58657 0 0.41343
0.494216 0 0.505784
0.494047 0 0.505953
0.169649 0 0.830351
0.182179 0 0.817821
0.481675 0 0.518325
0.481112 0 0.518888
0.497722 0 0.502278
0.304546 0 0.695454
0.303453 0 0.696547
0.303779 0 0.696221
0.565179 0 0.434821
0.563525 0 0.436475
0.562275 0 0.437725
0.56179 0 0.43821
0.561593 0 0.438407
0.561447 0 0.438553
0.561292 0 0.438708
0.302343 0 0.697657
0.301204 0 0.698796
0.301967 0 0.698033
0.561027 0 0.438973
0.561006 0 0.438994
0.56104 0 0.43896
0.561088 0 0.438912
0.561189 0 0.438811
0.561291 0 0.438709
0.561443 0 0.438557
0.561582 0 0.438418
0.561788 0 0.438212
0.561994 0 0.438006
0.562241 0 0.437759
0.440064 0 0.559936
0.0520055 0 0.947995
0.58636 0 0.41364
0.49424 0 0.50576
0.494004 0 0.505996
0.169609 0 0.830392
0.482309 0 0.517691
0.480965 0 0.519035
0.497713 0 0.502287
0.304598 0 0.695402
0.30347 0 0.69653
0.303771 0 0.696229
0.306996 0 0.693004
0.55049 0 0.44951
0.548228 0 0.451772
0.546747 0 0.453253
0.545743 0 0.454257
0.545459 0 0.454541
0.5452 0 0.4548
0.544981 0 0.455019
0.544756 0 0.455244
0.544588 0 0.455412
0.544424 0 0.455576
0.544292 0 0.455708
0.302411 0 0.69759
0.301223 0 0.698777
0.301949 0 0.698051
0.544011 0 0.455989
0.544032 0 0.455968
0.544075 0 0.455925
0.544109 0 0.455891
0.544192 0 0.455808
0.544289 0 0.455711
0.544413 0 0.455587
0.544571 0 0.455429
0.544736 0 0.455264
0.54496 0 0.45504
0.545173 0 0.454827
0.440028 0 0.559972
0.545745 0 0.454255
0.0519963 0 0.948004
0.586159 0 0.413841
0.494271 0 0.505729
0.493969 0 0.506031
0.169571 0 0.830429
0.480867 0 0.519133
0.497719 0 0.502281
0.304655 0 0.695345
0.303491 0 0.696509
0.303768 0 0.696232
0.306586 0 0.693414
0.537198 0 0.462802
0.534107 0 0.465893
0.53264 0 0.46736
0.531271 0 0.468729
0.530619 0 0.469381
0.530275 0 0.469725
0.529949 0 0.470051
0.529676 0 0.470324
0.529399 0 0.470601
0.529155 0 0.470845
0.528934 0 0.471066
0.528731 0 0.471269
0.528567 0 0.471433
0.528406 0 0.471594
0.528298 0 0.471702
0.302483 0 0.697517
0.301245 0 0.698755
0.301935 0 0.698065
0.528051 0 0.471949
0.528062 0 0.471938
0.528072 0 0.471928
0.528125 0 0.471875
0.528191 0 0.471809
0.528286 0 0.471714
0.528407 0 0.471593
0.528543 0 0.471457
0.528611 0 0.471389
0.527173 0 0.472827
0.523064 0 0.476936
0.440006 0 0.559994
0.515112 0 0.484888
0.511285 0 0.488715
0.0519872 0 0.948013
0.585967 0 0.414033
0.49431 0 0.50569
0.493942 0 0.506058
0.169534 0 0.830466
0.183572 0 0.816428
0.480808 0 0.519192
0.497737 0 0.502263
0.304717 0 0.695283
0.303516 0 0.696484
0.303769 0 0.696231
0.306389 0 0.693611
0.518108 0 0.481892
0.51707 0 0.48293
0.516503 0 0.483497
0.516127 0 0.483873
0.515737 0 0.484263
0.515405 0 0.484595
0.515102 0 0.484898
0.514781 0 0.485219
0.514518 0 0.485482
0.514249 0 0.485751
0.514027 0 0.485973
0.513809 0 0.486191
0.513629 0 0.486371
0.513475 0 0.486525
0.513323 0 0.486677
0.513229 0 0.486771
0.302563 0 0.697437
0.301272 0 0.698728
0.301927 0 0.698073
0.512985 0 0.487015
0.512993 0 0.487007
0.513 0 0.487
0.513037 0 0.486963
0.512555 0 0.487445
0.509757 0 0.490243
0.505893 0 0.494107
0.502001 0 0.497999
0.498294 0 0.501706
0.494558 0 0.505442
0.490908 0 0.509092
0.439998 0 0.560002
0.453626 0 0.546374
0.445138 0 0.554862
0.436844 0 0.563156
0.0519786 0 0.948021
0.585782 0 0.414218
0.494357 0 0.505643
0.493921 0 0.506079
0.1695 0 0.8305
0.180449 0 0.819551
0.480785 0 0.519215
0.497768 0 0.502232
0.593781 0 0.406219
0.514379 0 0.485621
0.509282 0 0.490718
0.507478 0 0.492522
0.304784 0 0.695216
0.303545 0 0.696455
0.303774 0 0.696226
0.306246 0 0.693754
0.502915 0 0.497085
0.502495 0 0.497505
0.502112 0 0.497888
0.501722 0 0.498278
0.501393 0 0.498607
0.50105 0 0.49895
0.500754 0 0.499246
0.500458 0 0.499542
0.500203 0 0.499797
0.499955 0 0.500045
0.499741 0 0.500259
0.499539 0 0.500461
0.499378 0 0.500622
0.499234 0 0.500766
0.499101 0 0.500899
0.498991 0 0.501009
0.302649 0 0.697351
0.301303 0 0.698697
0.301924 0 0.698076
0.497604 0 0.502396
0.493812 0 0.506188
0.490027 0 0.509973
0.486389 0 0.513611
0.482737 0 0.517263
0.479227 0 0.520773
0.475748 0 0.524252
0.472306 0 0.527694
0.441422 0 0.558578
0.433248 0 0.566751
0.425378 0 0.574622
0.417796 0 0.582204
0.410486 0 0.589514
0.40357 0 0.59643
0.301094 0 0.698906
0.295972 0 0.704028
0.0519712 0 0.948029
0.585606 0 0.414394
0.494411 0 0.505589
0.493909 0 0.506091
0.169469 0 0.830531
0.178434 0 0.821566
0.173009 0 0.826991
0.170436 0 0.829564
0.169774 0 0.830226
0.171787 0 0.828213
0.173898 0 0.826102
0.176114 0 0.823886
0.178496 0 0.821504
0.180953 0 0.819047
0.183487 0 0.816513
0.186102 0 0.813898
0.188935 0 0.811065
0.480796 0 0.519204
0.497814 0 0.502186
0.598425 0 0.401575
0.595644 0 0.404356
0.59104 0 0.40896
0.580817 0 0.419183
0.506136 0 0.493864
0.498049 0 0.501951
0.496274 0 0.503726
0.494801 0 0.505199
0.493317 0 0.506683
0.492148 0 0.507852
0.491531 0 0.508469
0.304856 0 0.695144
0.303578 0 0.696422
0.303784 0 0.696216
0.306134 0 0.693866
0.489248 0 0.510752
0.488858 0 0.511142
0.488475 0 0.511525
0.48813 0 0.51187
0.487788 0 0.512212
0.487485 0 0.512515
0.487184 0 0.512816
0.486925 0 0.513075
0.486664 0 0.513336
0.486447 0 0.513553
0.486228 0 0.513772
0.486058 0 0.513942
0.485908 0 0.514092
0.485723 0 0.514277
0.485199 0 0.514801
0.482725 0 0.517275
0.302743 0 0.697257
0.301338 0 0.698662
0.301927 0 0.698074
0.468486 0 0.531514
0.465049 0 0.534951
0.461681 0 0.538319
0.458466 0 0.541534
0.455221 0 0.544779
0.422226 0 0.577774
0.414689 0 0.585311
0.407432 0 0.592568
0.400438 0 0.599562
0.393696 0 0.606304
0.387192 0 0.612808
0.380984 0 0.619016
0.297742 0 0.702258
0.292415 0 0.707585
0.279909 0 0.720091
0.277168 0 0.722832
0.275134 0 0.724866
0.256034 0 0.743966
0.257701 0 0.742299
0.259404 0 0.740596
0.261142 0 0.738858
0.0514056 0 0.948594
0.0519638 0 0.948036
0.585438 0 0.414562
0.174053 0 0.825947
0.17332 0 0.82668
0.169439 0 0.830561
0.171899 0 0.828101
0.17121 0 0.82879
0.170535 0 0.829465
0.169873 0 0.830127
0.171646 0 0.828354
0.17389 0 0.82611
0.176202 0 0.823798
0.178585 0 0.821415
0.181043 0 0.818957
0.183577 0 0.816423
0.185886 0 0.814114
0.18854 0 0.81146
0.480837 0 0.519163
0.497871 0 0.502129
0.591432 0 0.408568
0.589806 0 0.410194
0.58885 0 0.41115
0.587303 0 0.412697
0.585155 0 0.414845
0.58293 0 0.41707
0.580774 0 0.419226
0.576686 0 0.423314
0.568613 0 0.431387
0.506878 0 0.493122
0.487925 0 0.512075
0.485872 0 0.514128
0.484363 0 0.515637
0.482867 0 0.517133
0.481496 0 0.518504
0.480616 0 0.519384
0.480023 0 0.519977
0.47948 0 0.52052
0.478964 0 0.521036
0.478464 0 0.521536
0.304934 0 0.695066
0.303616 0 0.696384
0.303799 0 0.696201
0.306044 0 0.693956
0.476305 0 0.523695
0.475929 0 0.524071
0.475573 0 0.524427
0.475239 0 0.524761
0.474922 0 0.525078
0.474628 0 0.525372
0.47435 0 0.52565
0.474097 0 0.525903
0.473858 0 0.526142
0.473454 0 0.526546
0.472011 0 0.527989
0.468952 0 0.531048
0.465407 0 0.534593
0.461967 0 0.538033
0.458571 0 0.541429
0.455201 0 0.544799
0.302844 0 0.697156
0.301377 0 0.698623
0.301933 0 0.698067
0.442532 0 0.557468
0.438953 0 0.561047
0.404717 0 0.595283
0.397687 0 0.602313
0.391017 0 0.608983
0.384538 0 0.615462
0.378303 0 0.621697
0.372263 0 0.627737
0.366421 0 0.633579
0.296951 0 0.703049
0.29462 0 0.70538
0.289001 0 0.710999
0.2764 0 0.7236
0.274188 0 0.725812
0.272875 0 0.727125
0.271193 0 0.728807
0.266041 0 0.733959
0.260949 0 0.739051
0.257678 0 0.742322
0.25938 0 0.74062
0.261117 0 0.738883
0.202444 0 0.797556
0.20067 0 0.79933
0.199242 0 0.800758
0.197843 0 0.802157
0.196473 0 0.803527
0.195131 0 0.804869
0.193816 0 0.806184
0.0512172 0 0.948783
0.0513042 0 0.948696
0.051397 0 0.948603
0.0514924 0 0.948508
0.0515909 0 0.948409
0.18647 0 0.81353
0.185329 0 0.814671
0.184212 0 0.815788
0.183117 0 0.816883
0.585278 0 0.414722
0.174349 0 0.825651
0.173341 0 0.826659
0.169411 0 0.830589
0.17192 0 0.82808
0.171231 0 0.828769
0.170555 0 0.829445
0.169893 0 0.830107
0.171615 0 0.828385
0.173858 0 0.826142
0.176062 0 0.823938
0.178441 0 0.821559
0.180896 0 0.819104
0.183428 0 0.816572
0.186041 0 0.813959
0.188739 0 0.811261
0.480909 0 0.519091
0.591471 0 0.408529
0.580357 0 0.419643
0.574869 0 0.425131
0.497943 0 0.502057
0.572721 0 0.427279
0.570761 0 0.429239
0.568617 0 0.431383
0.566467 0 0.433533
0.563221 0 0.436779
0.557204 0 0.442796
0.507975 0 0.492025
0.478874 0 0.521126
0.476196 0 0.523804
0.474673 0 0.525327
0.473166 0 0.526834
0.471682 0 0.528318
0.470493 0 0.529507
0.469807 0 0.530193
0.469209 0 0.530791
0.468644 0 0.531356
0.468086 0 0.531914
0.467561 0 0.532439
0.467043 0 0.532957
0.466557 0 0.533443
0.466078 0 0.533922
0.305017 0 0.694983
0.303657 0 0.696343
0.303816 0 0.696184
0.30597 0 0.69403
0.464032 0 0.535968
0.463677 0 0.536323
0.463339 0 0.536661
0.46302 0 0.53698
0.462722 0 0.537278
0.462273 0 0.537727
0.459617 0 0.540383
0.45614 0 0.54386
0.452784 0 0.547216
0.449416 0 0.550584
0.446132 0 0.553868
0.442962 0 0.557038
0.439791 0 0.560209
0.436744 0 0.563256
0.433675 0 0.566325
0.430661 0 0.569339
0.302953 0 0.697047
0.301421 0 0.698579
0.301944 0 0.698056
0.382203 0 0.617797
0.375939 0 0.624061
0.369957 0 0.630043
0.364158 0 0.635842
0.358553 0 0.641447
0.353025 0 0.646976
0.347856 0 0.652144
0.295511 0 0.704489
0.291176 0 0.708824
0.285741 0 0.714259
0.276413 0 0.723587
0.274537 0 0.725463
0.272517 0 0.727483
0.271008 0 0.728992
0.266378 0 0.733622
0.26052 0 0.73948
0.257211 0 0.742789
0.226422 0 0.773578
0.222529 0 0.777471
0.204653 0 0.795347
0.203138 0 0.796862
0.201655 0 0.798345
0.200203 0 0.799797
0.198782 0 0.801218
0.197389 0 0.802611
0.196026 0 0.803974
0.19469 0 0.80531
0.052013 0 0.947987
0.0511671 0 0.948833
0.0512534 0 0.948747
0.0513422 0 0.948658
0.0514337 0 0.948566
0.0515284 0 0.948472
0.186068 0 0.813932
0.184932 0 0.815068
0.18382 0 0.81618
0.182729 0 0.817271
0.184123 0 0.815877
0.585126 0 0.414874
0.17428 0 0.82572
0.173364 0 0.826636
0.169386 0 0.830614
0.171943 0 0.828057
0.171253 0 0.828747
0.170578 0 0.829422
0.169916 0 0.830084
0.171586 0 0.828414
0.173828 0 0.826172
0.17603 0 0.82397
0.17841 0 0.82159
0.180863 0 0.819137
0.183394 0 0.816606
0.186005 0 0.813995
0.188702 0 0.811298
0.481013 0 0.518987
0.596456 0 0.403544
0.58815 0 0.41185
0.578836 0 0.421164
0.569834 0 0.430166
0.561009 0 0.438991
0.559981 0 0.440019
0.558981 0 0.441019
0.5574 0 0.4426
0.555245 0 0.444755
0.498027 0 0.501973
0.550343 0 0.449657
0.545737 0 0.454263
0.505958 0 0.494042
0.470445 0 0.529555
0.467183 0 0.532817
0.465639 0 0.534361
0.464131 0 0.535869
0.462626 0 0.537374
0.461183 0 0.538817
0.460296 0 0.539704
0.459637 0 0.540363
0.459039 0 0.540962
0.458454 0 0.541546
0.457857 0 0.542143
0.457311 0 0.542689
0.456752 0 0.543248
0.456244 0 0.543756
0.455723 0 0.544277
0.455255 0 0.544745
0.454768 0 0.545232
0.454339 0 0.545661
0.305105 0 0.694895
0.303702 0 0.696298
0.303839 0 0.696161
0.305908 0 0.694092
0.452302 0 0.547698
0.450875 0 0.549125
0.447608 0 0.552392
0.444241 0 0.555759
0.440945 0 0.559055
0.437787 0 0.562213
0.434601 0 0.565399
0.431556 0 0.568444
0.428494 0 0.571506
0.425478 0 0.574522
0.422595 0 0.577405
0.419694 0 0.580306
0.416836 0 0.583164
0.414102 0 0.585898
0.408966 0 0.591034
0.373865 0 0.626135
0.303072 0 0.696928
0.301468 0 0.698532
0.301959 0 0.698041
0.351107 0 0.648893
0.345801 0 0.654199
0.340753 0 0.659247
0.335752 0 0.664248
0.292906 0 0.707094
0.291413 0 0.708587
0.287911 0 0.712089
0.279508 0 0.720492
0.277582 0 0.722418
0.275898 0 0.724102
0.259811 0 0.740189
0.266296 0 0.733704
0.264717 0 0.735283
0.263957 0 0.736043
0.26143 0 0.73857
0.255999 0 0.744001
0.226487 0 0.773512
0.222165 0 0.777835
0.219788 0 0.780212
0.218826 0 0.781174
0.202662 0 0.797338
0.201186 0 0.798814
0.199741 0 0.800259
0.198326 0 0.801674
0.19694 0 0.80306
0.195582 0 0.804418
0.194253 0 0.805747
0.0520067 0 0.947993
0.0511454 0 0.948855
0.0512316 0 0.948768
0.0513199 0 0.94868
0.0514114 0 0.948589
0.0515062 0 0.948494
0.185669 0 0.814331
0.184539 0 0.815461
0.183431 0 0.816569
0.182552 0 0.817448
0.184106 0 0.815894
0.584982 0 0.415018
0.26725 0 0.73275
0.174121 0 0.825879
0.173389 0 0.826611
0.169363 0 0.830637
0.171968 0 0.828032
0.171278 0 0.828722
0.170602 0 0.829398
0.16994 0 0.83006
0.171559 0 0.828441
0.1738 0 0.8262
0.176002 0 0.823999
0.17838 0 0.82162
0.180832 0 0.819168
0.183361 0 0.816639
0.185972 0 0.814028
0.188667 0 0.811333
0.481148 0 0.518852
0.598779 0 0.401221
0.591315 0 0.408685
0.583926 0 0.416074
0.575827 0 0.424173
0.566876 0 0.433124
0.558203 0 0.441797
0.54809 0 0.45191
0.547053 0 0.452947
0.546045 0 0.453955
0.544684 0 0.455316
0.542789 0 0.457211
0.540731 0 0.459269
0.53834 0 0.46166
0.534279 0 0.465721
0.524907 0 0.475093
0.462552 0 0.537448
0.458808 0 0.541192
0.457203 0 0.542797
0.455699 0 0.544301
0.454178 0 0.545822
0.452772 0 0.547228
0.451602 0 0.548398
0.450751 0 0.549249
0.450104 0 0.549896
0.449441 0 0.550559
0.448831 0 0.551169
0.448232 0 0.551768
0.447639 0 0.552361
0.447076 0 0.552924
0.446516 0 0.553484
0.445994 0 0.554006
0.445467 0 0.554533
0.44498 0 0.55502
0.44449 0 0.55551
0.444035 0 0.555965
0.443585 0 0.556415
0.443161 0 0.556839
0.305199 0 0.694801
0.303752 0 0.696248
0.303866 0 0.696134
0.305858 0 0.694142
0.429965 0 0.570035
0.426878 0 0.573122
0.423853 0 0.576147
0.420835 0 0.579165
0.417902 0 0.582098
0.415044 0 0.584956
0.41218 0 0.58782
0.409445 0 0.590555
0.406689 0 0.593311
0.403971 0 0.596029
0.401351 0 0.598649
0.366977 0 0.633023
0.360164 0 0.639836
0.354643 0 0.645357
0.349298 0 0.650702
0.344 0 0.656
0.3032 0 0.6968
0.301519 0 0.698481
0.301979 0 0.698021
0.324673 0 0.675327
0.320111 0 0.679889
0.315908 0 0.684092
0.289134 0 0.710866
0.282755 0 0.717245
0.28021 0 0.71979
0.278426 0 0.721574
0.276981 0 0.723019
0.259708 0 0.740292
0.258979 0 0.741021
0.259315 0 0.740685
0.260856 0 0.739144
0.262707 0 0.737293
0.249578 0 0.750422
0.249263 0 0.750737
0.228425 0 0.771575
0.221824 0 0.778176
0.21918 0 0.78082
0.218217 0 0.781783
0.21539 0 0.78461
0.212716 0 0.787284
0.200721 0 0.799279
0.199283 0 0.800717
0.197875 0 0.802125
0.196495 0 0.803505
0.195144 0 0.804856
0.193821 0 0.806179
0.0520005 0 0.947999
0.0511247 0 0.948875
0.0512105 0 0.948789
0.051299 0 0.948701
0.0513905 0 0.94861
0.0514847 0 0.948515
0.185275 0 0.814725
0.184149 0 0.815851
0.183047 0 0.816953
0.182537 0 0.817463
0.184091 0 0.815909
0.584846 0 0.415154
0.267083 0 0.732917
0.174149 0 0.825851
0.173416 0 0.826584
0.169344 0 0.830656
0.171593 0 0.828407
0.171305 0 0.828695
0.170629 0 0.829371
0.169967 0 0.830033
0.171533 0 0.828467
0.173774 0 0.826226
0.175974 0 0.824026
0.178351 0 0.821649
0.180803 0 0.819197
0.183331 0 0.816669
0.18594 0 0.81406
0.188634 0 0.811366
0.481318 0 0.518682
0.595209 0 0.404791
0.586514 0 0.413486
0.579219 0 0.420781
0.572184 0 0.427816
0.564131 0 0.435869
0.55556 0 0.44444
0.547234 0 0.452766
0.536092 0 0.463908
0.535009 0 0.464991
0.533969 0 0.466031
0.532892 0 0.467108
0.531202 0 0.468798
0.529117 0 0.470883
0.527071 0 0.472929
0.523295 0 0.476705
0.515264 0 0.484736
0.455094 0 0.544906
0.451017 0 0.548983
0.449335 0 0.550665
0.447802 0 0.552198
0.446295 0 0.553705
0.444803 0 0.555197
0.443396 0 0.556604
0.442511 0 0.557489
0.441782 0 0.558218
0.441078 0 0.558922
0.440426 0 0.559574
0.43976 0 0.56024
0.439143 0 0.560857
0.438516 0 0.561484
0.437939 0 0.562061
0.437343 0 0.562657
0.436801 0 0.563199
0.436241 0 0.563759
0.435732 0 0.564268
0.435229 0 0.564771
0.434734 0 0.565266
0.434104 0 0.565896
0.432161 0 0.567839
0.428992 0 0.571007
0.425806 0 0.574194
0.422708 0 0.577292
0.3053 0 0.6947
0.303805 0 0.696195
0.303897 0 0.696103
0.305817 0 0.694183
0.408007 0 0.591993
0.405238 0 0.594762
0.402505 0 0.597495
0.399796 0 0.600204
0.397191 0 0.602809
0.394559 0 0.605441
0.391971 0 0.608029
0.389487 0 0.610513
0.354059 0 0.645941
0.347573 0 0.652427
0.342352 0 0.657648
0.33731 0 0.66269
0.332418 0 0.667582
0.327676 0 0.672324
0.323103 0 0.676897
0.318568 0 0.681432
0.303341 0 0.696659
0.301575 0 0.698425
0.302003 0 0.697997
0.288102 0 0.711898
0.286701 0 0.713299
0.261401 0 0.738599
0.260708 0 0.739292
0.259855 0 0.740145
0.257877 0 0.742123
0.258937 0 0.741063
0.259479 0 0.740521
0.259063 0 0.740937
0.258227 0 0.741773
0.259454 0 0.740546
0.259247 0 0.740753
0.248844 0 0.751156
0.247431 0 0.752569
0.246908 0 0.753092
0.224366 0 0.775634
0.219211 0 0.780789
0.217608 0 0.782392
0.215202 0 0.784798
0.212408 0 0.787592
0.210287 0 0.789712
0.209198 0 0.790802
0.19883 0 0.80117
0.197428 0 0.802572
0.196055 0 0.803945
0.19471 0 0.80529
0.193393 0 0.806607
0.0519959 0 0.948004
0.0511043 0 0.948896
0.05119 0 0.94881
0.0512785 0 0.948721
0.0513696 0 0.94863
0.0514639 0 0.948536
0.184885 0 0.815115
0.183764 0 0.816236
0.182666 0 0.817334
0.182525 0 0.817475
0.184078 0 0.815922
0.584717 0 0.415283
0.26694 0 0.73306
0.174178 0 0.825822
0.173446 0 0.826554
0.169372 0 0.830628
0.171573 0 0.828427
0.171334 0 0.828666
0.170658 0 0.829342
0.169996 0 0.830004
0.171511 0 0.828489
0.17375 0 0.82625
0.175949 0 0.824051
0.178326 0 0.821674
0.180776 0 0.819224
0.183303 0 0.816697
0.185911 0 0.814089
0.188604 0 0.811396
0.481528 0 0.518472
0.518683 0 0.481317
0.518434 0 0.481566
0.518478 0 0.481522
0.574762 0 0.425238
0.56779 0 0.43221
0.560958 0 0.439042
0.552999 0 0.447001
0.544703 0 0.455297
0.53665 0 0.46335
0.525325 0 0.474675
0.523761 0 0.476239
0.522696 0 0.477304
0.521615 0 0.478385
0.520162 0 0.479838
0.51825 0 0.48175
0.516175 0 0.483825
0.108433 0 0.891567
0.10733 0 0.89267
0.106253 0 0.893747
0.105204 0 0.894796
0.104179 0 0.895821
0.10318 0 0.89682
0.102204 0 0.897796
0.101251 0 0.898749
0.100486 0 0.899514
0.0998358 0 0.900164
0.0991943 0 0.900806
0.0985612 0 0.901439
0.0979364 0 0.902064
0.0973198 0 0.90268
0.0967111 0 0.903289
0.0961103 0 0.90389
0.429933 0 0.570067
0.429295 0 0.570705
0.428712 0 0.571288
0.428108 0 0.571892
0.427556 0 0.572444
0.42699 0 0.57301
0.426407 0 0.573593
0.425239 0 0.574761
0.422068 0 0.577932
0.418999 0 0.581001
0.415952 0 0.584048
0.41293 0 0.58707
0.41003 0 0.58997
0.407128 0 0.592872
0.404258 0 0.595742
0.401505 0 0.598495
0.305406 0 0.694594
0.303864 0 0.696136
0.303931 0 0.696069
0.305786 0 0.694214
0.388193 0 0.611807
0.385677 0 0.614323
0.383215 0 0.616785
0.380747 0 0.619253
0.3782 0 0.6218
0.341056 0 0.658944
0.335794 0 0.664206
0.33095 0 0.66905
0.326211 0 0.673789
0.321638 0 0.678362
0.317182 0 0.682818
0.312853 0 0.687147
0.308628 0 0.691372
0.30455 0 0.69545
0.300523 0 0.699477
0.296695 0 0.703305
0.291509 0 0.708491
0.287148 0 0.712852
0.262523 0 0.737477
0.260455 0 0.739545
0.257749 0 0.742251
0.25524 0 0.74476
0.25492 0 0.74508
0.249337 0 0.750663
0.249332 0 0.750668
0.249712 0 0.750288
0.255876 0 0.744124
0.256507 0 0.743493
0.256916 0 0.743084
0.25435 0 0.74565
0.247929 0 0.752071
0.246144 0 0.753856
0.245177 0 0.754823
0.229334 0 0.770666
0.219575 0 0.780425
0.21765 0 0.78235
0.215095 0 0.784905
0.212117 0 0.787883
0.209583 0 0.790417
0.204222 0 0.795778
0.202158 0 0.797842
0.200349 0 0.799651
0.0505211 0 0.949479
0.0505951 0 0.949405
0.050672 0 0.949328
0.0507516 0 0.949248
0.0508339 0 0.949166
0.0509186 0 0.949081
0.0510059 0 0.948994
0.0510958 0 0.948904
0.0511887 0 0.948811
0.0512843 0 0.948716
0.0513829 0 0.948617
0.0514835 0 0.948516
0.051588 0 0.948412
0.0516943 0 0.948306
0.0518042 0 0.948196
0.584597 0 0.415403
0.266801 0 0.733199
0.17421 0 0.82579
0.173477 0 0.826523
0.169293 0 0.830707
0.171554 0 0.828446
0.171365 0 0.828635
0.170689 0 0.829311
0.170027 0 0.829973
0.17149 0 0.82851
0.173728 0 0.826272
0.175927 0 0.824073
0.178303 0 0.821697
0.180752 0 0.819248
0.183278 0 0.816722
0.185885 0 0.814115
0.188576 0 0.811424
0.481783 0 0.518217
0.482571 0 0.517429
0.570592 0 0.429408
0.563694 0 0.436306
0.521398 0 0.478602
0.515129 0 0.484871
0.515528 0 0.484472
0.534344 0 0.465656
0.526576 0 0.473424
0.5144 0 0.4856
0.513261 0 0.486739
0.512182 0 0.487818
0.511085 0 0.488915
0.509928 0 0.490072
0.508063 0 0.491937
0.506103 0 0.493897
0.503385 0 0.496615
0.497009 0 0.502991
0.441067 0 0.558933
0.109265 0 0.890736
0.108139 0 0.891861
0.107043 0 0.892958
0.105972 0 0.894028
0.104928 0 0.895072
0.10391 0 0.89609
0.102915 0 0.897085
0.101944 0 0.898056
0.100996 0 0.899004
0.10007 0 0.89993
0.0991662 0 0.900834
0.0982825 0 0.901718
0.097419 0 0.902581
0.0965748 0 0.903425
0.0957504 0 0.90425
0.094944 0 0.905056
0.0941555 0 0.905845
0.0933839 0 0.906616
0.0926298 0 0.90737
0.0918922 0 0.908108
0.0911702 0 0.90883
0.0904638 0 0.909536
0.0897725 0 0.910227
0.0890957 0 0.910904
0.0884332 0 0.911567
0.0877855 0 0.912215
0.0871503 0 0.91285
0.0865289 0 0.913471
0.0859197 0 0.91408
0.0853241 0 0.914676
0.0847397 0 0.91526
0.084168 0 0.915832
0.083608 0 0.916392
0.0830589 0 0.916941
0.0825206 0 0.917479
0.0819937 0 0.918006
0.0814775 0 0.918523
0.080971 0 0.919029
0.0804749 0 0.919525
0.0799884 0 0.920012
0.0795122 0 0.920488
0.0790447 0 0.920955
0.0785865 0 0.921413
0.0781377 0 0.921862
0.0776973 0 0.922303
0.077266 0 0.922734
0.0768431 0 0.923157
0.0764277 0 0.923572
0.0760213 0 0.923979
0.0756223 0 0.924378
0.0752314 0 0.924769
0.0748478 0 0.925152
0.0744721 0 0.925528
0.0741029 0 0.925897
0.0737417 0 0.926258
0.0733875 0 0.926612
0.0730396 0 0.92696
0.0726987 0 0.927301
0.0723648 0 0.927635
0.0720371 0 0.927963
0.0717155 0 0.928285
0.0714007 0 0.928599
0.0710913 0 0.928909
0.0707886 0 0.929211
0.070492 0 0.929508
0.0702005 0 0.929799
0.0699158 0 0.930084
0.0696362 0 0.930364
0.0693617 0 0.930638
0.0690939 0 0.930906
0.0688303 0 0.93117
0.0686141 0 0.931386
0.0693393 0 0.930661
0.210047 0 0.789953
0.206131 0 0.793869
0.202897 0 0.797103
0.198387 0 0.801613
0.195976 0 0.804024
0.194964 0 0.805036
0.193946 0 0.806054
0.0503717 0 0.949628
0.0504476 0 0.949552
0.0505265 0 0.949474
0.0506081 0 0.949392
0.0506921 0 0.949308
0.0507788 0 0.949221
0.0508678 0 0.949132
0.0509596 0 0.94904
0.0510543 0 0.948946
0.0511517 0 0.948848
0.0512522 0 0.948748
0.0513552 0 0.948645
0.0514608 0 0.948539
0.0515695 0 0.948431
0.584484 0 0.415516
0.266664 0 0.733336
0.174244 0 0.825756
0.172091 0 0.827909
0.171703 0 0.828297
0.171537 0 0.828463
0.171399 0 0.828601
0.170722 0 0.829278
0.17006 0 0.82994
0.171471 0 0.828529
0.173709 0 0.826291
0.175906 0 0.824094
0.17828 0 0.82172
0.180729 0 0.819271
0.183254 0 0.816746
0.18586 0 0.81414
0.188551 0 0.811449
0.566559 0 0.433441
0.559728 0 0.440272
0.553008 0 0.446992
0.482099 0 0.517901
0.482288 0 0.517712
0.532087 0 0.467913
0.524377 0 0.475623
0.515083 0 0.484917
0.504597 0 0.495403
0.503437 0 0.496563
0.502322 0 0.497678
0.501215 0 0.498785
0.500118 0 0.499882
0.498493 0 0.501507
0.496523 0 0.503477
0.493923 0 0.506077
0.488292 0 0.511708
0.434517 0 0.565483
0.430459 0 0.569541
0.428577 0 0.571423
0.427017 0 0.572983
0.425492 0 0.574508
0.108968 0 0.891032
0.107849 0 0.892151
0.106758 0 0.893242
0.105693 0 0.894307
0.104655 0 0.895345
0.103642 0 0.896358
0.102652 0 0.897348
0.101687 0 0.898313
0.100744 0 0.899256
0.099823 0 0.900177
0.0989231 0 0.901077
0.0980436 0 0.901956
0.0971844 0 0.902816
0.0963451 0 0.903655
0.0955241 0 0.904476
0.0947211 0 0.905279
0.0939367 0 0.906063
0.0931692 0 0.906831
0.0924183 0 0.907582
0.0916841 0 0.908316
0.0909654 0 0.909035
0.0902621 0 0.909738
0.0895742 0 0.910426
0.0889006 0 0.911099
0.0882412 0 0.911759
0.087596 0 0.912404
0.0869639 0 0.913036
0.0863449 0 0.913655
0.0857389 0 0.914261
0.0851457 0 0.914854
0.0845644 0 0.915436
0.083995 0 0.916005
0.0834366 0 0.916563
0.0828898 0 0.91711
0.0823545 0 0.917645
0.0818292 0 0.918171
0.0813153 0 0.918685
0.0808111 0 0.919189
0.0803165 0 0.919683
0.0798323 0 0.920168
0.0793576 0 0.920642
0.0788924 0 0.921108
0.0784364 0 0.921564
0.0779891 0 0.922011
0.0775509 0 0.922449
0.0771211 0 0.922879
0.0766997 0 0.9233
0.0762865 0 0.923714
0.0758807 0 0.924119
0.0754839 0 0.924516
0.0750937 0 0.924906
0.0747123 0 0.925288
0.0743373 0 0.925663
0.0739703 0 0.92603
0.0736096 0 0.92639
0.0732569 0 0.926743
0.0729104 0 0.92709
0.0725709 0 0.927429
0.0722376 0 0.927762
0.0719113 0 0.928089
0.0715911 0 0.928409
0.0712769 0 0.928723
0.0709696 0 0.92903
0.0706676 0 0.929332
0.0703723 0 0.929628
0.0700822 0 0.929918
0.0697981 0 0.930202
0.0695191 0 0.930481
0.069246 0 0.930754
0.0689787 0 0.931021
0.0687165 0 0.931283
0.0684593 0 0.931541
0.0686886 0 0.931311
0.0694184 0 0.930582
0.197613 0 0.802387
0.195346 0 0.804654
0.194263 0 0.805737
0.193059 0 0.806941
0.191641 0 0.808359
0.189868 0 0.810132
0.187539 0 0.812461
0.0502263 0 0.949774
0.050304 0 0.949696
0.0503849 0 0.949615
0.0504682 0 0.949532
0.0505537 0 0.949446
0.0506427 0 0.949357
0.0507336 0 0.949266
0.0508272 0 0.949173
0.0509238 0 0.949076
0.0510236 0 0.948976
0.0511252 0 0.948875
0.05123 0 0.94877
0.0513378 0 0.948662
0.0514482 0 0.948552
0.58438 0 0.41562
0.26653 0 0.73347
0.169373 0 0.830627
0.168649 0 0.831351
0.169615 0 0.830385
0.16988 0 0.83012
0.171522 0 0.828478
0.171434 0 0.828566
0.170758 0 0.829242
0.170095 0 0.829905
0.171454 0 0.828546
0.173691 0 0.826309
0.175887 0 0.824113
0.178261 0 0.821739
0.180709 0 0.819291
0.183233 0 0.816767
0.185838 0 0.814162
0.188527 0 0.811473
0.529838 0 0.470162
0.522198 0 0.477802
0.514772 0 0.485228
0.482504 0 0.517496
0.482134 0 0.517866
0.494211 0 0.505789
0.493075 0 0.506925
0.491953 0 0.508047
0.490849 0 0.509151
0.489437 0 0.510563
0.487566 0 0.512434
0.4852 0 0.5148
0.444394 0 0.555606
0.428173 0 0.571827
0.424372 0 0.575628
0.422466 0 0.577534
0.420931 0 0.579069
0.419389 0 0.580611
0.41788 0 0.58212
0.416379 0 0.583621
0.414922 0 0.585078
0.413746 0 0.586254
0.108675 0 0.891325
0.107562 0 0.892438
0.106477 0 0.893523
0.105418 0 0.894582
0.104385 0 0.895615
0.103377 0 0.896623
0.102393 0 0.897607
0.101432 0 0.898568
0.100494 0 0.899506
0.0995776 0 0.900422
0.098682 0 0.901318
0.0978075 0 0.902192
0.0969525 0 0.903048
0.0961174 0 0.903883
0.0953005 0 0.9047
0.0945016 0 0.905498
0.0937205 0 0.906279
0.0929563 0 0.907044
0.0922095 0 0.90779
0.0914785 0 0.908521
0.0907631 0 0.909237
0.0900631 0 0.909937
0.0893784 0 0.910622
0.088708 0 0.911292
0.0880518 0 0.911948
0.087409 0 0.912591
0.0867801 0 0.91322
0.0861635 0 0.913837
0.0855606 0 0.914439
0.084969 0 0.915031
0.0843901 0 0.91561
0.083823 0 0.916177
0.0832677 0 0.916732
0.0827232 0 0.917277
0.0821895 0 0.91781
0.0816673 0 0.918333
0.0811548 0 0.918845
0.0806529 0 0.919347
0.0801606 0 0.919839
0.0796779 0 0.920322
0.0792055 0 0.920795
0.0787417 0 0.921258
0.078288 0 0.921712
0.0778421 0 0.922158
0.0774054 0 0.922595
0.0769771 0 0.923023
0.0765579 0 0.923442
0.0761461 0 0.923854
0.0757418 0 0.924258
0.0753464 0 0.924654
0.0749584 0 0.925042
0.0745776 0 0.925422
0.0742049 0 0.925795
0.0738385 0 0.926162
0.07348 0 0.92652
0.0731279 0 0.926872
0.0727828 0 0.927217
0.0724447 0 0.927555
0.0721128 0 0.927887
0.0717871 0 0.928213
0.0714683 0 0.928532
0.0711555 0 0.928844
0.0708488 0 0.929151
0.0705482 0 0.929452
0.0702535 0 0.929747
0.0699648 0 0.930035
0.0696813 0 0.930319
0.0694036 0 0.930596
0.0691318 0 0.930868
0.0688651 0 0.931135
0.0686035 0 0.931396
0.0683477 0 0.931652
0.0680969 0 0.931903
0.0687674 0 0.931233
0.0695013 0 0.930499
0.190937 0 0.809063
0.190082 0 0.809918
0.188399 0 0.811601
0.184514 0 0.815486
0.183161 0 0.816839
0.181231 0 0.818769
0.178614 0 0.821386
0.0500842 0 0.949916
0.0501643 0 0.949836
0.0502465 0 0.949754
0.0503318 0 0.949668
0.0504194 0 0.949581
0.0505098 0 0.94949
0.0506032 0 0.949397
0.0506984 0 0.949302
0.0507968 0 0.949203
0.0508984 0 0.949102
0.0510023 0 0.948998
0.0511089 0 0.948891
0.051218 0 0.948782
0.0513306 0 0.948669
0.266395 0 0.733605
0.16941 0 0.83059
0.168686 0 0.831314
0.169603 0 0.830397
0.169931 0 0.830069
0.17151 0 0.82849
0.171472 0 0.828528
0.170795 0 0.829205
0.170132 0 0.829868
0.17144 0 0.82856
0.173675 0 0.826325
0.175871 0 0.824129
0.178244 0 0.821756
0.18069 0 0.81931
0.183213 0 0.816787
0.185817 0 0.814183
0.18862 0 0.81138
0.486718 0 0.513282
0.485561 0 0.514439
0.484408 0 0.515592
0.483099 0 0.516901
0.482052 0 0.517948
0.480858 0 0.519142
0.47906 0 0.52094
0.476847 0 0.523153
0.428987 0 0.571013
0.421998 0 0.578002
0.418621 0 0.581379
0.416747 0 0.583253
0.415182 0 0.584818
0.413639 0 0.586361
0.41212 0 0.58788
0.410647 0 0.589353
0.40916 0 0.59084
0.407846 0 0.592154
0.406877 0 0.593123
0.405968 0 0.594032
0.405163 0 0.594837
0.109519 0 0.890481
0.108384 0 0.891616
0.107277 0 0.892723
0.106198 0 0.893802
0.105145 0 0.894855
0.104118 0 0.895882
0.103115 0 0.896885
0.102136 0 0.897864
0.10118 0 0.89882
0.100247 0 0.899753
0.099335 0 0.900665
0.0984443 0 0.901556
0.0975733 0 0.902427
0.0967232 0 0.903277
0.0958915 0 0.904109
0.0950787 0 0.904921
0.0942839 0 0.905716
0.0935062 0 0.906494
0.0927461 0 0.907254
0.0920026 0 0.907997
0.0912749 0 0.908725
0.0905627 0 0.909437
0.0898659 0 0.910134
0.0891844 0 0.910816
0.0885172 0 0.911483
0.0878635 0 0.912137
0.0872238 0 0.912776
0.0865973 0 0.913403
0.0859838 0 0.914016
0.0853833 0 0.914617
0.0847948 0 0.915205
0.0842182 0 0.915782
0.0836535 0 0.916346
0.0830997 0 0.9169
0.0825583 0 0.917442
0.0820269 0 0.917973
0.0815062 0 0.918494
0.0809961 0 0.919004
0.0804964 0 0.919504
0.0800056 0 0.919994
0.0795252 0 0.920475
0.079055 0 0.920945
0.0785927 0 0.921407
0.0781405 0 0.92186
0.0776968 0 0.922303
0.0772616 0 0.922738
0.0768355 0 0.923164
0.0764169 0 0.923583
0.0760066 0 0.923993
0.0756046 0 0.924395
0.0752106 0 0.924789
0.074824 0 0.925176
0.0744446 0 0.925555
0.0740725 0 0.925928
0.0737083 0 0.926292
0.0733505 0 0.92665
0.0729998 0 0.927
0.0726561 0 0.927344
0.0723194 0 0.927681
0.0719889 0 0.928011
0.0716645 0 0.928335
0.0713463 0 0.928654
0.071035 0 0.928965
0.0707297 0 0.92927
0.0704296 0 0.92957
0.0701363 0 0.929864
0.0698482 0 0.930152
0.069566 0 0.930434
0.0692897 0 0.93071
0.0690185 0 0.930982
0.0687524 0 0.931248
0.0684922 0 0.931508
0.0682369 0 0.931763
0.0679867 0 0.932013
0.0682655 0 0.931735
0.0692069 0 0.930793
0.183985 0 0.816015
0.182369 0 0.817631
0.181167 0 0.818833
0.179192 0 0.820808
0.174632 0 0.825368
0.173083 0 0.826917
0.171447 0 0.828553
0.169738 0 0.830262
0.0499464 0 0.950054
0.0500279 0 0.949972
0.0501124 0 0.949888
0.0501995 0 0.949801
0.0502891 0 0.949711
0.0503811 0 0.949619
0.0504756 0 0.949524
0.0505734 0 0.949427
0.0506736 0 0.949326
0.0507768 0 0.949223
0.0508826 0 0.949117
0.0509908 0 0.949009
0.051102 0 0.948898
0.0512166 0 0.948783
0.16307 0 0.83693
0.16132 0 0.83868
0.159614 0 0.840386
0.157951 0 0.842049
0.15633 0 0.84367
0.154749 0 0.845251
0.153206 0 0.846794
0.1517 0 0.8483
0.150231 0 0.849769
0.148797 0 0.851203
0.147815 0 0.852185
0.146987 0 0.853013
0.146165 0 0.853835
0.145352 0 0.854648
0.591468 0 0.408532
0.16945 0 0.83055
0.168726 0 0.831274
0.169594 0 0.830406
0.171598 0 0.828402
0.171499 0 0.828501
0.171511 0 0.828489
0.170835 0 0.829165
0.163077 0 0.836923
0.171427 0 0.828573
0.173661 0 0.826339
0.175857 0 0.824143
0.178338 0 0.821662
0.180785 0 0.819215
0.183308 0 0.816692
0.185913 0 0.814087
0.188602 0 0.811398
0.473965 0 0.526035
0.472859 0 0.527141
0.47108 0 0.52892
0.468768 0 0.531232
0.421391 0 0.578609
0.416207 0 0.583793
0.413175 0 0.586825
0.411365 0 0.588635
0.409788 0 0.590212
0.408249 0 0.591751
0.406712 0 0.593288
0.405223 0 0.594777
0.403767 0 0.596233
0.402318 0 0.597682
0.401275 0 0.598725
0.400369 0 0.599631
0.39951 0 0.60049
0.398688 0 0.601312
0.39786 0 0.60214
0.397071 0 0.602929
0.396255 0 0.603745
0.109225 0 0.890775
0.108096 0 0.891904
0.106995 0 0.893005
0.105922 0 0.894078
0.104875 0 0.895125
0.103853 0 0.896147
0.102855 0 0.897145
0.101881 0 0.898119
0.100931 0 0.899069
0.100002 0 0.899998
0.0990942 0 0.900906
0.0982078 0 0.901792
0.0973418 0 0.902658
0.0964958 0 0.903504
0.0956683 0 0.904332
0.0948589 0 0.905141
0.0940682 0 0.905932
0.0932946 0 0.906705
0.0925377 0 0.907462
0.0917975 0 0.908203
0.091073 0 0.908927
0.0903649 0 0.909635
0.0896713 0 0.910329
0.0889922 0 0.911008
0.0883275 0 0.911673
0.0876769 0 0.912323
0.0870404 0 0.91296
0.0864162 0 0.913584
0.0858059 0 0.914194
0.0852078 0 0.914792
0.0846216 0 0.915378
0.0840474 0 0.915953
0.083485 0 0.916515
0.0829343 0 0.917066
0.0823944 0 0.917606
0.0818653 0 0.918135
0.0813469 0 0.918653
0.080839 0 0.919161
0.0803409 0 0.919659
0.0798531 0 0.920147
0.0793742 0 0.920626
0.0789055 0 0.921095
0.0784454 0 0.921555
0.0779947 0 0.922005
0.0775525 0 0.922448
0.0771194 0 0.922881
0.0766948 0 0.923305
0.0762777 0 0.923722
0.0758696 0 0.92413
0.0754689 0 0.924531
0.0750756 0 0.924924
0.0746904 0 0.92531
0.0743133 0 0.925687
0.0739426 0 0.926057
0.073579 0 0.926421
0.0732234 0 0.926777
0.072874 0 0.927126
0.0725309 0 0.927469
0.0721956 0 0.927804
0.0718658 0 0.928134
0.0715428 0 0.928457
0.071226 0 0.928774
0.070916 0 0.929084
0.0706113 0 0.929389
0.0703126 0 0.929687
0.0700199 0 0.92998
0.0697331 0 0.930267
0.0694523 0 0.930548
0.0691766 0 0.930823
0.068906 0 0.931094
0.0686413 0 0.931359
0.0683815 0 0.931618
0.0681277 0 0.931872
0.067878 0 0.932122
0.0682675 0 0.931733
0.0692091 0 0.930791
0.178249 0 0.821751
0.175057 0 0.824943
0.170784 0 0.829216
0.168762 0 0.831238
0.165139 0 0.834861
0.163931 0 0.836069
0.161913 0 0.838087
0.159448 0 0.840552
0.158 0 0.842
 ] }
}
