# Real Time: 839.974
# Simulation Time: 21.59
# Radar Position: 872.658 -230.48 3.23401
# Radar Quat: 0.00131764 0.00956742 0.868369 0.495825
PointSet {
 coord Coordinate { point [
855.671 -236.643 3.60441
855.656 -236.783 3.60815
855.642 -236.924 3.61194
818.102 -251.659 4.45628
818.046 -253.907 4.5155
853.842 -238.84 3.68401
854.201 -238.835 3.67958
854.535 -238.837 3.67564
854.821 -238.856 3.67276
853.863 -239.958 3.71408
854.195 -239.953 3.7101
854.507 -239.953 3.70654
854.758 -239.982 3.70447
821.034 -260.309 4.65696
821.666 -260.421 4.65322
822.046 -260.675 4.65639
821.951 -261.214 4.67301
821.855 -261.759 4.68989
842.779 -271.652 4.8342
843.218 -271.649 4.83186
843.652 -271.647 4.8296
844.082 -271.644 4.82741
844.508 -271.642 4.8253
844.93 -271.639 4.82326
845.347 -271.637 4.82128
845.761 -271.634 4.81938
846.171 -271.632 4.81754
846.578 -271.63 4.81577
846.98 -271.627 4.81407
847.38 -271.625 4.81242
847.766 -271.638 4.81146
847.769 -272.289 4.83494
847.773 -272.956 4.85901
847.777 -273.638 4.88372
856.3 -271.888 4.80188
856.542 -272.126 4.81072
866.377 -247.045 3.86206
866.506 -247.054 3.86236
866.635 -247.062 3.86267
866.763 -247.071 3.863
866.89 -247.079 3.86335
867.017 -247.088 3.86371
869.17 -240.985 3.63293
869.241 -241.019 3.63428
869.311 -241.054 3.63565
869.532 -240.602 3.61862
869.6 -240.633 3.61989
869.668 -240.665 3.62117
869.736 -240.698 3.62253
869.804 -240.731 3.62391
869.738 -241.263 3.64419
869.809 -241.299 3.64567
869.881 -241.334 3.64716
869.953 -241.37 3.64867
870.14 -240.93 3.63217
870.22 -240.919 3.6319
870.289 -240.953 3.63339
870.359 -240.987 3.63489
870.429 -241.022 3.63641
868.647 -250.121 3.98279
863.805 -280.99 5.16185
855.656 -236.784 3.54477
855.641 -236.925 3.54834
852.502 -238.283 3.61023
852.595 -238.409 3.61245
852.626 -238.559 3.61586
852.598 -238.734 3.62044
818.186 -253.401 4.29402
818.188 -253.85 4.30518
853.85 -238.839 3.6119
854.209 -238.833 3.6086
854.544 -238.834 3.60569
854.852 -238.843 3.60324
854.528 -239.151 3.61393
854.537 -239.303 3.61777
854.507 -239.475 3.62247
854.525 -239.625 3.62619
854.511 -239.792 3.63068
854.514 -239.951 3.6348
854.804 -239.959 3.63259
821.039 -260.31 4.44858
821.671 -260.422 4.44655
822.045 -260.679 4.45056
821.95 -261.218 4.46592
821.854 -261.764 4.48153
842.784 -271.649 4.6562
843.223 -271.647 4.65477
843.657 -271.644 4.6534
844.087 -271.642 4.65208
844.513 -271.639 4.65082
844.934 -271.637 4.64961
845.352 -271.634 4.64845
845.766 -271.632 4.64735
846.176 -271.629 4.6463
846.582 -271.627 4.6453
846.985 -271.625 4.64435
847.384 -271.622 4.64345
847.766 -271.643 4.64338
847.769 -272.294 4.66492
847.773 -272.96 4.687
847.777 -273.643 4.70965
856.303 -271.888 4.64612
856.544 -272.127 4.65454
866.379 -247.042 3.79991
866.508 -247.051 3.80033
866.636 -247.059 3.80077
866.764 -247.068 3.80122
866.892 -247.077 3.80169
869.074 -241.029 3.59547
869.185 -240.942 3.59265
869.311 -240.802 3.588
869.465 -240.569 3.58018
869.533 -240.6 3.5814
869.601 -240.632 3.58263
869.669 -240.663 3.58387
869.738 -240.695 3.58512
869.806 -240.726 3.58639
869.75 -241.219 3.60349
869.821 -241.255 3.60491
869.893 -241.29 3.60633
869.965 -241.325 3.60778
870.153 -240.879 3.5927
870.222 -240.911 3.59404
870.292 -240.943 3.5954
870.362 -240.976 3.59676
870.432 -241.008 3.59814
870.502 -241.04 3.59953
863.805 -281 4.98281
855.641 -236.927 3.48474
852.504 -238.284 3.53468
852.596 -238.41 3.53706
852.627 -238.56 3.54037
852.599 -238.735 3.54463
853.857 -238.837 3.53986
854.217 -238.831 3.53769
854.554 -238.831 3.53582
854.858 -238.841 3.53438
854.645 -239.096 3.54171
854.644 -239.252 3.54547
854.633 -239.414 3.54947
854.629 -239.574 3.55338
854.631 -239.732 3.55723
854.633 -239.89 3.56111
854.81 -239.957 3.56183
821.045 -260.311 4.24027
821.677 -260.423 4.23995
822.044 -260.684 4.24475
821.949 -261.223 4.25886
821.853 -261.769 4.27318
842.789 -271.647 4.47829
843.228 -271.644 4.47776
843.662 -271.642 4.47727
844.092 -271.639 4.47682
844.518 -271.637 4.47641
844.939 -271.634 4.47603
845.357 -271.632 4.47569
845.771 -271.629 4.47539
846.18 -271.627 4.47513
846.587 -271.624 4.4749
846.989 -271.622 4.4747
847.388 -271.62 4.47455
847.766 -271.647 4.47532
847.77 -272.299 4.49491
847.773 -272.965 4.515
847.777 -273.647 4.5356
856.305 -271.887 4.4904
856.545 -272.128 4.49839
866.381 -247.039 3.73779
866.51 -247.048 3.73835
866.638 -247.057 3.73891
866.766 -247.065 3.73949
866.893 -247.074 3.74007
869.076 -241.022 3.55621
869.257 -240.727 3.54743
869.325 -240.761 3.54868
869.466 -240.567 3.54301
869.534 -240.599 3.54419
869.602 -240.63 3.54539
869.67 -240.661 3.54659
869.739 -240.693 3.54781
869.807 -240.724 3.54903
869.876 -240.756 3.55026
869.88 -241.032 3.55902
869.95 -241.067 3.56036
870.075 -240.884 3.55503
870.153 -240.878 3.55513
870.223 -240.91 3.55642
870.293 -240.942 3.55771
870.363 -240.974 3.55902
870.433 -241.006 3.56034
870.503 -241.039 3.56167
870.519 -241.346 3.57153
863.805 -281.011 4.80378
865.193 -276.898 4.67933
852.505 -238.285 3.45914
852.596 -238.411 3.46167
852.628 -238.561 3.46489
852.6 -238.736 3.46882
853.864 -238.835 3.46787
854.224 -238.829 3.46685
854.563 -238.828 3.46602
854.864 -238.84 3.46557
854.716 -239.063 3.47097
854.706 -239.223 3.47462
854.695 -239.385 3.47832
854.709 -239.534 3.4817
854.702 -239.696 3.48541
854.695 -239.859 3.48916
854.816 -239.955 3.49112
854.933 -240.053 3.49311
821.051 -260.312 4.03201
821.683 -260.424 4.03339
822.044 -260.689 4.03893
821.948 -261.228 4.05178
821.852 -261.774 4.06483
842.794 -271.644 4.30044
843.233 -271.641 4.30081
843.667 -271.639 4.3012
844.097 -271.636 4.30162
844.523 -271.634 4.30206
844.944 -271.632 4.30251
845.362 -271.629 4.30299
845.775 -271.627 4.30349
846.185 -271.624 4.30401
846.591 -271.622 4.30456
846.994 -271.62 4.30512
847.393 -271.617 4.3057
847.766 -271.652 4.30726
847.77 -272.303 4.32491
847.774 -272.97 4.343
847.778 -273.652 4.36154
856.307 -271.887 4.33472
856.547 -272.129 4.34227
866.382 -247.037 3.67571
866.511 -247.045 3.6764
866.64 -247.054 3.67709
866.768 -247.062 3.67779
866.895 -247.071 3.67849
869.079 -241.017 3.51701
869.259 -240.72 3.50938
869.399 -240.534 3.50472
869.467 -240.566 3.50586
869.535 -240.597 3.50701
869.603 -240.628 3.50817
869.671 -240.66 3.50934
869.739 -240.691 3.51051
869.808 -240.723 3.51169
869.877 -240.754 3.51288
869.887 -241.009 3.52011
869.957 -241.041 3.52134
870.085 -240.844 3.51635
870.154 -240.876 3.51757
870.224 -240.908 3.51881
870.293 -240.94 3.52005
870.363 -240.972 3.5213
870.434 -241.004 3.52256
870.504 -241.037 3.52383
870.528 -241.304 3.53154
863.804 -281.023 4.62474
865.196 -276.89 4.51471
852.597 -238.412 3.3863
852.628 -238.562 3.38942
852.6 -238.737 3.39303
853.871 -238.833 3.39593
854.232 -238.827 3.39608
854.571 -238.826 3.39631
854.87 -238.839 3.39682
854.991 -238.933 3.3989
854.755 -239.201 3.40437
854.756 -239.356 3.40766
854.742 -239.519 3.41112
854.749 -239.674 3.41441
854.751 -239.832 3.41778
854.822 -239.954 3.42046
854.991 -240.023 3.4221
821.057 -260.313 3.8238
821.689 -260.425 3.82689
822.043 -260.694 3.83312
821.948 -261.233 3.84472
821.851 -261.779 3.85648
841.359 -271.779 4.12164
841.812 -271.776 4.12291
842.261 -271.774 4.12418
842.8 -271.641 4.12265
843.238 -271.639 4.12392
843.672 -271.636 4.1252
844.102 -271.634 4.12648
844.528 -271.631 4.12777
844.949 -271.629 4.12906
845.366 -271.627 4.13036
845.78 -271.624 4.13166
846.19 -271.622 4.13297
846.596 -271.619 4.13428
846.998 -271.617 4.13559
847.397 -271.615 4.13691
847.766 -271.657 4.13921
847.77 -272.308 4.15491
847.774 -272.975 4.17101
847.778 -273.657 4.1875
856.31 -271.886 4.17909
856.549 -272.13 4.18618
866.384 -247.034 3.61366
866.513 -247.043 3.61448
866.642 -247.051 3.6153
866.77 -247.06 3.61612
866.897 -247.068 3.61694
869.082 -241.01 3.47786
869.26 -240.718 3.47152
869.4 -240.533 3.46762
869.468 -240.564 3.46873
869.536 -240.595 3.46985
869.604 -240.627 3.47097
869.672 -240.658 3.4721
869.74 -240.689 3.47323
869.809 -240.721 3.47437
869.877 -240.753 3.47552
869.888 -241.007 3.4819
870.008 -240.845 3.47852
870.086 -240.842 3.47887
870.155 -240.874 3.48004
870.225 -240.906 3.48122
870.294 -240.938 3.48241
870.364 -240.97 3.4836
870.434 -241.003 3.4848
870.505 -241.035 3.48601
870.575 -241.067 3.48723
863.804 -281.037 4.4457
865.198 -276.884 4.35024
852.628 -238.564 3.31396
852.6 -238.739 3.31725
817.412 -253.744 3.47191
853.879 -238.832 3.32406
854.239 -238.826 3.32536
854.578 -238.824 3.32667
854.876 -238.837 3.32811
855.018 -238.921 3.33032
854.786 -239.187 3.33461
854.793 -239.339 3.33762
854.774 -239.505 3.34081
854.781 -239.659 3.34387
854.787 -239.814 3.34695
854.827 -239.952 3.34984
855.013 -240.012 3.35178
821.063 -260.314 3.61564
821.694 -260.426 3.62045
822.042 -260.699 3.62731
821.947 -261.238 3.63765
821.85 -261.784 3.64813
840.906 -271.779 3.9383
841.364 -271.776 3.94054
841.818 -271.774 3.94277
842.267 -271.771 3.94498
842.805 -271.639 3.94493
843.244 -271.636 3.9471
843.678 -271.634 3.94927
844.107 -271.631 3.95141
844.533 -271.629 3.95355
844.954 -271.626 3.95567
845.371 -271.624 3.95779
845.785 -271.622 3.95989
846.194 -271.619 3.96198
846.6 -271.617 3.96406
847.003 -271.615 3.96613
847.401 -271.612 3.96818
847.766 -271.661 3.97115
847.77 -272.313 3.98492
847.774 -272.979 3.99901
847.778 -273.662 4.01345
856.312 -271.885 4.02349
856.551 -272.131 4.03012
866.386 -247.031 3.55165
866.515 -247.04 3.5526
866.643 -247.048 3.55354
866.771 -247.057 3.55448
866.899 -247.065 3.55543
869.084 -241.004 3.43876
869.261 -240.717 3.43367
869.401 -240.531 3.43054
869.469 -240.562 3.43162
869.537 -240.594 3.4327
869.605 -240.625 3.43379
869.673 -240.656 3.43488
869.741 -240.688 3.43598
869.81 -240.719 3.43708
869.878 -240.751 3.43818
869.937 -240.822 3.44007
870.009 -240.843 3.44098
870.087 -240.84 3.44141
870.156 -240.872 3.44253
870.225 -240.904 3.44365
870.295 -240.936 3.44479
870.365 -240.969 3.44592
870.435 -241.001 3.44706
870.505 -241.033 3.44821
870.576 -241.066 3.44937
863.802 -281.053 4.26666
865.2 -276.88 4.18589
852.6 -238.74 3.24146
853.886 -238.83 3.25224
854.246 -238.824 3.25469
854.582 -238.824 3.25708
854.882 -238.836 3.25944
855.044 -238.91 3.26194
854.814 -239.175 3.26509
854.813 -239.33 3.2679
854.805 -239.49 3.27074
854.811 -239.645 3.27357
854.801 -239.808 3.27646
854.833 -239.951 3.27927
855.03 -240.004 3.28164
821.069 -260.315 3.40753
821.7 -260.427 3.41404
822.041 -260.704 3.42148
821.946 -261.243 3.43057
821.85 -261.789 3.43977
840.912 -271.776 3.75628
841.37 -271.774 3.75949
841.824 -271.771 3.76267
842.273 -271.769 3.76582
842.811 -271.636 3.76726
843.249 -271.634 3.77033
843.683 -271.631 3.77338
844.112 -271.629 3.77639
844.538 -271.626 3.77938
844.959 -271.624 3.78233
845.376 -271.621 3.78526
845.79 -271.619 3.78816
846.199 -271.617 3.79103
846.605 -271.614 3.79388
847.007 -271.612 3.79671
847.406 -271.61 3.7995
847.766 -271.666 3.80309
847.77 -272.318 3.81491
847.774 -272.985 3.82701
847.778 -273.667 3.8394
856.314 -271.885 3.86792
856.552 -272.132 3.87408
866.388 -247.028 3.48967
866.517 -247.037 3.49074
866.645 -247.046 3.49181
866.773 -247.054 3.49288
868.552 -242.301 3.4195
869.087 -240.997 3.39971
869.263 -240.715 3.39585
869.402 -240.53 3.39348
869.47 -240.561 3.39453
869.538 -240.592 3.39558
869.606 -240.623 3.39663
869.674 -240.655 3.39768
869.742 -240.686 3.39874
869.811 -240.718 3.3998
869.879 -240.749 3.40086
869.938 -240.821 3.40257
870.01 -240.841 3.40345
870.087 -240.839 3.40396
870.157 -240.871 3.40503
870.226 -240.903 3.40611
870.296 -240.935 3.40718
870.366 -240.967 3.40826
870.436 -240.999 3.40934
870.506 -241.032 3.41043
870.577 -241.064 3.41152
863.8 -281.079 4.08767
865.202 -276.879 4.02162
853.893 -238.828 3.18047
854.253 -238.822 3.18407
854.583 -238.825 3.18751
854.885 -238.836 3.1908
855.046 -238.911 3.1937
854.827 -239.17 3.19575
854.827 -239.325 3.19832
854.827 -239.481 3.20089
854.817 -239.643 3.20347
854.807 -239.806 3.20607
854.838 -239.95 3.20874
855.031 -240.005 3.21162
821.075 -260.316 3.19944
821.706 -260.428 3.20766
822.04 -260.709 3.21563
821.945 -261.249 3.22346
821.849 -261.795 3.23138
840.918 -271.774 3.5743
841.376 -271.771 3.57849
841.83 -271.768 3.58263
842.278 -271.766 3.58672
842.816 -271.633 3.58963
843.254 -271.631 3.59361
843.688 -271.628 3.59753
844.118 -271.626 3.60141
844.543 -271.624 3.60525
844.964 -271.621 3.60903
845.381 -271.619 3.61278
845.795 -271.616 3.61648
846.204 -271.614 3.62013
846.61 -271.612 3.62375
847.012 -271.61 3.62733
847.411 -271.607 3.63086
847.766 -271.671 3.635
847.77 -272.323 3.64488
847.774 -272.99 3.65498
847.778 -273.673 3.66532
856.317 -271.884 3.71236
856.554 -272.133 3.71805
866.39 -247.026 3.42771
866.519 -247.034 3.42892
866.647 -247.043 3.43011
866.775 -247.051 3.4313
868.556 -242.293 3.37557
869.09 -240.991 3.36071
869.264 -240.713 3.35803
869.403 -240.528 3.35644
869.471 -240.559 3.35745
869.55 -240.552 3.358
869.618 -240.585 3.35903
869.685 -240.617 3.36006
869.753 -240.65 3.36109
869.812 -240.716 3.36253
869.88 -240.748 3.36355
869.938 -240.819 3.36507
870.011 -240.839 3.36594
870.088 -240.837 3.36653
870.158 -240.869 3.36755
870.235 -240.867 3.36813
870.304 -240.9 3.36917
870.373 -240.934 3.37021
870.443 -240.968 3.37125
870.507 -241.03 3.37267
870.577 -241.062 3.37369
865.204 -276.879 3.85741
853.9 -238.827 3.10874
854.259 -238.821 3.11349
854.585 -238.825 3.11795
854.887 -238.837 3.12218
855.035 -238.918 3.12539
854.824 -239.173 3.1264
854.822 -239.329 3.12872
854.824 -239.484 3.13106
854.824 -239.641 3.13341
854.814 -239.805 3.13571
854.838 -239.951 3.13821
855.033 -240.006 3.1416
821.081 -260.317 2.99138
821.712 -260.429 3.0013
822.039 -260.714 3.00974
821.944 -261.254 3.01632
821.848 -261.8 3.02295
840.924 -271.771 3.39235
841.382 -271.768 3.39752
841.835 -271.766 3.40262
842.284 -271.763 3.40765
842.822 -271.631 3.41204
843.26 -271.628 3.41692
843.693 -271.626 3.42173
844.123 -271.623 3.42647
844.548 -271.621 3.43115
844.969 -271.619 3.43577
845.386 -271.616 3.44033
845.799 -271.614 3.44482
846.209 -271.612 3.44926
846.615 -271.609 3.45365
847.017 -271.607 3.45798
847.415 -271.605 3.46225
847.766 -271.676 3.46689
847.77 -272.328 3.47482
847.774 -272.995 3.48293
847.778 -273.678 3.49121
856.319 -271.883 3.55682
856.556 -272.134 3.56201
866.392 -247.023 3.36578
866.521 -247.032 3.36711
866.649 -247.04 3.36843
866.777 -247.049 3.36974
868.559 -242.285 3.33171
869.104 -240.949 3.32147
869.265 -240.712 3.32024
869.404 -240.526 3.31941
869.472 -240.558 3.32039
869.552 -240.549 3.32103
869.625 -240.564 3.32186
869.692 -240.595 3.32284
869.76 -240.626 3.32381
869.812 -240.714 3.32528
869.881 -240.746 3.32626
869.939 -240.818 3.32759
870.011 -240.837 3.32845
870.089 -240.835 3.32912
870.158 -240.867 3.33009
870.241 -240.841 3.33052
870.311 -240.873 3.33148
870.38 -240.905 3.33244
870.45 -240.937 3.3334
870.508 -241.028 3.33492
870.578 -241.06 3.33588
863.465 -285.265 3.77286
865.205 -276.881 3.69322
853.904 -238.826 3.03703
854.263 -238.821 3.04292
854.586 -238.826 3.04838
854.889 -238.837 3.05356
855.017 -238.928 3.05691
854.818 -239.177 3.057
854.816 -239.333 3.05906
854.82 -239.487 3.0612
854.82 -239.644 3.06329
854.82 -239.803 3.0654
854.839 -239.952 3.06767
855.034 -240.007 3.07158
821.087 -260.319 2.78334
821.718 -260.43 2.79497
822.038 -260.719 2.80382
821.943 -261.259 2.80914
821.847 -261.805 2.8145
840.929 -271.768 3.21045
841.388 -271.766 3.2166
841.841 -271.763 3.22265
842.289 -271.761 3.22862
842.827 -271.628 3.23449
843.265 -271.626 3.24027
843.699 -271.623 3.24596
844.128 -271.621 3.25156
844.553 -271.618 3.25709
844.974 -271.616 3.26254
845.391 -271.614 3.26791
845.804 -271.611 3.27321
846.214 -271.609 3.27843
846.619 -271.607 3.28359
847.021 -271.604 3.28867
847.42 -271.602 3.29368
847.766 -271.681 3.29875
847.77 -272.333 3.30474
847.774 -273 3.31085
847.778 -273.683 3.31707
856.322 -271.883 3.4013
856.558 -272.135 3.40598
866.394 -247.02 3.30387
866.523 -247.029 3.30534
866.651 -247.037 3.30678
866.779 -247.046 3.30821
868.73 -241.793 3.2857
869.107 -240.943 3.2827
869.266 -240.71 3.28245
869.405 -240.525 3.28239
869.473 -240.556 3.28334
869.553 -240.547 3.28409
869.625 -240.562 3.28495
869.693 -240.593 3.28589
869.761 -240.625 3.28682
869.813 -240.713 3.28805
869.882 -240.744 3.28898
869.94 -240.817 3.29012
870.012 -240.835 3.29098
870.09 -240.834 3.29172
870.159 -240.866 3.29263
870.242 -240.84 3.29322
870.311 -240.871 3.29413
870.381 -240.903 3.29503
870.45 -240.935 3.29593
870.508 -241.026 3.29718
870.579 -241.059 3.29808
863.47 -285.243 3.57865
865.206 -276.886 3.52904
853.906 -238.827 2.9653
854.266 -238.821 2.97237
854.588 -238.827 2.97882
854.891 -238.837 2.98495
854.999 -238.938 2.98829
854.811 -239.182 2.98752
854.809 -239.338 2.98935
854.811 -239.493 2.99122
854.812 -239.65 2.99308
854.813 -239.808 2.99494
854.839 -239.954 2.99713
855.026 -240.013 3.00144
821.093 -260.32 2.57532
821.724 -260.431 2.58866
822.037 -260.724 2.59787
821.942 -261.264 2.60193
821.846 -261.81 2.606
840.935 -271.765 3.02859
841.393 -271.763 3.03572
841.846 -271.76 3.04273
842.291 -271.763 3.04961
842.833 -271.626 3.05698
843.271 -271.623 3.06365
843.704 -271.621 3.07022
844.133 -271.618 3.0767
844.558 -271.616 3.08307
844.979 -271.613 3.08935
845.396 -271.611 3.09554
845.809 -271.609 3.10163
846.219 -271.607 3.10764
846.624 -271.604 3.11356
847.026 -271.602 3.11939
847.425 -271.6 3.12514
847.766 -271.686 3.13058
847.77 -272.338 3.13463
847.774 -273.005 3.13874
847.778 -273.688 3.14291
856.324 -271.882 3.24579
856.559 -272.136 3.24996
866.396 -247.017 3.24199
866.524 -247.026 3.24358
866.653 -247.035 3.24515
866.78 -247.043 3.24671
868.733 -241.786 3.24375
869.11 -240.937 3.24398
869.267 -240.709 3.24469
869.406 -240.523 3.24539
869.474 -240.554 3.24631
869.554 -240.545 3.24717
869.626 -240.561 3.24805
869.694 -240.592 3.24895
869.762 -240.623 3.24984
869.814 -240.711 3.25082
869.883 -240.743 3.25171
869.941 -240.816 3.25267
870.013 -240.833 3.25352
870.091 -240.832 3.25433
870.16 -240.864 3.2552
870.243 -240.838 3.25594
870.312 -240.87 3.25679
870.382 -240.902 3.25764
870.451 -240.934 3.25848
870.509 -241.024 3.25946
870.58 -241.057 3.2603
863.475 -285.227 3.38463
865.206 -276.894 3.36485
854.268 -238.821 2.9018
854.589 -238.828 2.90926
854.892 -238.838 2.91633
854.774 -239.048 2.91583
854.776 -239.201 2.91749
854.774 -239.357 2.91906
854.782 -239.51 2.92081
854.782 -239.667 2.92242
854.774 -239.83 2.92387
854.839 -239.955 2.92658
855.017 -240.019 2.93121
823.285 -257.689 2.39108
823.19 -258.194 2.39381
823.108 -258.696 2.39676
822.448 -259.539 2.38999
822.596 -259.923 2.39683
822.345 -260.545 2.39701
821.941 -261.269 2.39468
821.845 -261.816 2.39747
840.941 -271.763 2.84677
841.399 -271.76 2.85487
841.852 -271.758 2.86283
842.291 -271.768 2.87056
842.838 -271.623 2.87951
843.276 -271.62 2.88708
843.709 -271.618 2.89453
844.139 -271.616 2.90186
844.563 -271.613 2.90908
844.984 -271.611 2.91619
845.401 -271.609 2.92319
845.814 -271.606 2.93008
846.223 -271.604 2.93687
846.629 -271.602 2.94356
847.031 -271.599 2.95014
847.429 -271.597 2.95663
847.766 -271.691 2.96239
847.77 -272.343 2.96449
847.774 -273.01 2.9666
847.778 -273.693 2.96871
856.327 -271.882 3.0903
866.398 -247.015 3.18013
866.526 -247.023 3.18185
866.654 -247.032 3.18355
866.782 -247.04 3.18522
868.737 -241.778 3.20185
869.112 -240.93 3.20531
869.268 -240.707 3.20693
869.407 -240.522 3.2084
869.475 -240.553 3.20929
869.555 -240.543 3.21026
869.627 -240.559 3.21117
869.695 -240.59 3.21203
869.763 -240.621 3.21288
869.815 -240.709 3.21362
869.884 -240.741 3.21446
869.941 -240.814 3.21522
870.014 -240.831 3.21608
870.092 -240.83 3.21696
870.161 -240.862 3.21778
870.244 -240.836 3.21867
870.313 -240.868 3.21947
870.382 -240.9 3.22026
870.452 -240.932 3.22104
870.51 -241.023 3.22175
870.58 -241.055 3.22253
863.479 -285.215 3.19071
865.206 -276.906 3.20061
854.59 -238.829 2.83968
854.893 -238.84 2.84769
854.739 -239.066 2.84573
854.731 -239.224 2.84695
854.723 -239.384 2.84816
854.752 -239.527 2.85014
854.74 -239.69 2.85124
854.718 -239.861 2.85211
854.84 -239.956 2.85602
854.987 -240.037 2.86045
825.371 -256.542 2.23806
825.534 -256.883 2.24491
825.766 -257.185 2.25315
825.749 -257.631 2.25611
825.617 -258.148 2.2567
825.875 -258.437 2.26534
826.067 -258.766 2.27254
826.073 -259.21 2.27586
826.177 -259.596 2.28118
826.209 -260.029 2.28496
826.202 -260.492 2.28793
826.328 -260.871 2.29357
826.464 -261.245 2.29937
826.619 -261.609 2.30549
826.593 -262.097 2.30795
826.544 -262.607 2.3099
826.523 -263.103 2.3124
826.84 -263.361 2.32159
824.892 -265.268 2.28577
824.722 -265.907 2.28533
840.947 -271.76 2.66498
841.405 -271.758 2.67405
841.886 -271.718 2.68347
842.291 -271.773 2.69148
842.844 -271.62 2.70206
843.281 -271.618 2.71052
843.715 -271.615 2.71886
844.144 -271.613 2.72705
844.569 -271.611 2.73512
844.989 -271.608 2.74306
845.406 -271.606 2.75087
845.819 -271.604 2.75856
846.228 -271.601 2.76613
846.634 -271.599 2.77359
847.035 -271.597 2.78092
847.434 -271.595 2.78814
847.766 -271.696 2.79415
847.77 -272.348 2.79431
847.774 -273.015 2.79442
847.778 -273.698 2.79448
856.329 -271.881 2.93481
866.4 -247.012 3.1183
866.528 -247.02 3.12014
866.656 -247.029 3.12197
866.784 -247.038 3.12376
868.74 -241.77 3.16002
869.115 -240.924 3.16669
869.261 -240.729 3.16904
869.408 -240.52 3.17142
869.476 -240.551 3.17228
869.556 -240.541 3.17337
869.628 -240.557 3.17429
869.696 -240.589 3.17512
869.764 -240.62 3.17593
869.816 -240.708 3.17642
869.885 -240.739 3.17722
869.891 -241.007 3.17673
869.999 -240.892 3.17832
870.093 -240.829 3.1796
870.162 -240.86 3.18037
870.245 -240.834 3.18142
870.314 -240.866 3.18216
870.383 -240.898 3.18289
870.453 -240.93 3.18362
870.511 -241.021 3.18406
870.581 -241.053 3.18477
863.483 -285.205 2.99688
865.204 -276.926 3.03624
872.22 -235.426 3.21629
854.893 -238.841 2.77903
854.685 -239.093 2.77487
854.68 -239.251 2.7759
854.672 -239.411 2.77683
854.707 -239.551 2.77883
854.684 -239.721 2.77937
854.662 -239.892 2.77989
854.84 -239.958 2.78544
828.784 -254.265 2.13233
828.88 -254.61 2.13729
828.988 -254.95 2.14247
828.718 -255.506 2.13818
828.75 -255.896 2.14139
828.87 -256.236 2.14676
828.953 -256.6 2.15115
829.108 -256.922 2.15725
829.231 -257.264 2.16254
829.283 -257.652 2.16597
829.446 -257.972 2.17213
829.547 -258.333 2.17669
829.435 -258.835 2.17601
829.23 -259.405 2.17299
829.334 -259.775 2.17751
829.418 -260.16 2.18147
829.574 -260.498 2.18712
829.501 -260.999 2.18718
829.458 -261.484 2.18793
829.461 -261.941 2.18974
829.495 -262.38 2.19225
829.455 -262.88 2.19291
829.378 -263.412 2.19267
829.245 -263.995 2.19102
828.911 -264.744 2.18451
828.435 -265.617 2.17459
828.187 -266.325 2.17007
828.078 -266.929 2.16886
826.725 -268.575 2.13793
840.953 -271.757 2.48321
841.539 -271.586 2.49629
842.013 -271.552 2.50668
842.291 -271.778 2.51236
842.362 -272.29 2.51305
842.807 -272.288 2.52256
843.091 -272.507 2.5282
845.848 -271.565 2.58764
846.102 -271.803 2.59225
845.964 -273.323 2.58558
856.332 -271.88 2.77932
866.401 -247.009 3.05648
866.53 -247.018 3.05845
866.658 -247.026 3.0604
866.786 -247.035 3.06232
868.743 -241.763 3.11823
869.118 -240.917 3.12811
869.236 -240.805 3.13044
869.385 -240.591 3.13374
869.477 -240.549 3.13528
869.555 -240.546 3.13643
869.623 -240.576 3.13724
869.691 -240.606 3.13804
869.76 -240.636 3.13883
869.817 -240.706 3.13924
869.886 -240.738 3.13999
869.883 -241.041 3.13829
869.954 -241.072 3.13905
870.093 -240.827 3.14225
870.163 -240.859 3.14297
870.241 -240.852 3.144
870.311 -240.883 3.1447
870.38 -240.914 3.14539
870.45 -240.945 3.14607
870.511 -241.019 3.14638
870.528 -241.326 3.14477
863.486 -285.196 2.80311
872.221 -235.426 3.19881
854.595 -239.138 2.70253
854.604 -239.29 2.70371
854.593 -239.452 2.70429
854.605 -239.604 2.70551
854.611 -239.76 2.70654
854.605 -239.924 2.70719
854.839 -239.96 2.71482
844.598 -245.681 2.41781
844.483 -246 2.41565
844.367 -246.322 2.41345
844.251 -246.649 2.41122
844.134 -246.981 2.40895
844.016 -247.317 2.40663
843.899 -247.658 2.40428
843.78 -248.004 2.40188
843.662 -248.355 2.39944
843.543 -248.71 2.39695
843.423 -249.071 2.39442
843.303 -249.437 2.39184
843.182 -249.809 2.38922
843.061 -250.185 2.38655
842.939 -250.568 2.38383
842.817 -250.956 2.38105
842.694 -251.349 2.37823
842.571 -251.749 2.37535
842.447 -252.155 2.37242
842.323 -252.567 2.36943
842.198 -252.986 2.36639
842.072 -253.411 2.36329
832.893 -260.739 2.10259
832.832 -261.227 2.10134
832.804 -261.696 2.10095
832.942 -262.037 2.10525
832.91 -262.519 2.10463
832.732 -263.125 2.09982
832.598 -263.704 2.09616
832.717 -264.079 2.09963
832.489 -264.753 2.09317
832.274 -265.427 2.08702
831.279 -266.798 2.05862
828.429 -269.851 1.97749
841.642 -271.454 2.31914
842.052 -271.504 2.32872
842.291 -271.783 2.33319
842.706 -271.821 2.3428
843.146 -271.818 2.35312
843.533 -271.885 2.36181
843.689 -272.28 2.36351
844.12 -272.278 2.37343
844.548 -272.276 2.38318
844.971 -272.273 2.39278
845.891 -271.503 2.41749
846.152 -271.73 2.42209
846.218 -272.266 2.42063
847.03 -271.616 2.44208
847.144 -272.078 2.44195
847.148 -272.731 2.43827
847.152 -273.4 2.43444
846.484 -283.394 2.35625
847.021 -283.233 2.3678
847.552 -283.073 2.37914
847.913 -283.26 2.38469
848.066 -283.902 2.38293
856.334 -271.88 2.62383
866.403 -247.006 2.99468
866.532 -247.015 2.99678
866.66 -247.024 2.99886
866.788 -247.032 3.0009
868.746 -241.755 3.0765
869.108 -240.946 3.08909
869.237 -240.804 3.09235
869.307 -240.836 3.09318
869.478 -240.548 3.09829
869.545 -240.579 3.09908
869.614 -240.609 3.09986
869.682 -240.639 3.10063
869.751 -240.669 3.10138
869.818 -240.704 3.10206
869.798 -241.062 3.09862
869.869 -241.095 3.09934
869.94 -241.127 3.10006
870.074 -240.907 3.1039
870.163 -240.857 3.10558
870.233 -240.886 3.10626
870.303 -240.917 3.10692
870.373 -240.948 3.10755
870.443 -240.979 3.10818
870.512 -241.017 3.10871
870.515 -241.392 3.10527
863.489 -285.19 2.60936
872.117 -235.411 3.18045
872.221 -235.425 3.18134
854.462 -239.361 2.62869
854.483 -239.508 2.63006
854.478 -239.67 2.63053
854.448 -239.846 2.63014
854.549 -239.954 2.63408
854.794 -239.985 2.64274
847.731 -243.982 2.40977
847.651 -244.253 2.4078
847.57 -244.527 2.4058
847.49 -244.804 2.40376
847.41 -245.084 2.4017
847.33 -245.368 2.3996
847.251 -245.654 2.39746
847.171 -245.945 2.3953
847.091 -246.239 2.3931
847.012 -246.536 2.39086
846.933 -246.837 2.38859
846.854 -247.142 2.38628
846.775 -247.451 2.38393
846.696 -247.763 2.38154
846.617 -248.08 2.37912
846.539 -248.4 2.37666
846.461 -248.724 2.37415
846.383 -249.053 2.37161
846.305 -249.385 2.36902
846.228 -249.722 2.36639
846.151 -250.063 2.36372
846.074 -250.409 2.361
845.997 -250.759 2.35824
845.921 -251.114 2.35543
845.845 -251.473 2.35257
845.769 -251.837 2.34966
845.694 -252.207 2.34671
845.619 -252.581 2.34371
845.544 -252.96 2.34065
845.47 -253.344 2.33754
845.396 -253.733 2.33438
845.322 -254.128 2.33116
845.249 -254.529 2.32789
845.176 -254.934 2.32456
845.104 -255.346 2.32118
845.033 -255.763 2.31773
844.961 -256.187 2.31422
844.891 -256.616 2.31065
844.821 -257.051 2.30702
844.751 -257.493 2.30332
844.682 -257.941 2.29956
844.614 -258.396 2.29573
844.546 -258.857 2.29183
844.479 -259.326 2.28786
844.413 -259.801 2.28382
844.347 -260.283 2.2797
844.282 -260.773 2.27551
833.147 -273.267 1.89655
833.648 -273.321 1.91051
833.989 -273.547 1.91894
834.552 -273.52 1.93486
834.953 -273.671 1.94521
835.263 -273.924 1.95238
834.834 -275.049 1.93405
835.09 -275.38 1.9391
835.344 -275.715 1.94396
835.572 -276.083 1.94786
835.822 -276.427 1.95238
836.087 -276.755 1.95734
837.048 -276.191 1.98655
837.128 -276.752 1.98486
841.622 -271.486 2.13876
842.045 -271.52 2.14952
842.218 -271.888 2.15135
842.712 -271.818 2.16453
843.151 -271.815 2.17574
843.533 -271.889 2.18483
839.313 -280.069 2.01593
840.014 -279.766 2.03558
845.893 -271.506 2.24629
846.153 -271.733 2.25071
845.659 -273.156 2.2269
846.032 -273.223 2.23522
846.208 -273.61 2.23604
847.148 -272.736 2.26572
847.152 -273.405 2.25989
846.638 -283.091 2.15623
847.171 -282.932 2.16901
847.629 -282.917 2.17867
847.991 -283.1 2.18424
848.201 -283.616 2.18314
848.356 -284.263 2.17949
856.336 -271.879 2.46834
866.405 -247.004 2.9329
866.534 -247.012 2.93513
866.662 -247.021 2.93733
868.102 -243.326 3.00525
868.746 -241.759 3.03464
869.111 -240.94 3.05048
869.238 -240.802 3.05426
869.308 -240.834 3.05506
869.461 -240.603 3.06034
869.546 -240.577 3.06206
869.614 -240.609 3.06279
869.682 -240.64 3.06351
869.751 -240.671 3.06421
869.819 -240.703 3.0649
869.799 -241.06 3.06023
869.87 -241.093 3.06091
869.941 -241.125 3.06158
870.012 -241.158 3.06222
870.164 -240.855 3.0682
870.234 -240.887 3.0688
870.303 -240.919 3.06938
870.373 -240.951 3.06995
870.443 -240.983 3.0705
870.444 -241.357 3.06579
870.516 -241.39 3.06633
863.492 -285.184 2.41563
872.084 -235.392 3.16288
872.119 -235.396 3.1632
872.153 -235.4 3.16351
872.188 -235.405 3.1638
872.221 -235.425 3.16387
868.781 -287.202 2.44626
850.523 -241.485 2.41204
853.912 -239.959 2.53826
854.245 -239.952 2.55097
854.548 -239.956 2.56253
854.746 -240.012 2.57015
850.235 -242.624 2.40335
850.179 -242.859 2.40153
850.123 -243.096 2.39969
850.068 -243.335 2.39783
850.012 -243.577 2.39594
849.958 -243.822 2.39402
849.903 -244.068 2.39207
849.85 -244.318 2.3901
849.796 -244.57 2.38809
849.743 -244.825 2.38606
849.691 -245.082 2.384
849.639 -245.342 2.38191
849.588 -245.605 2.37979
849.537 -245.871 2.37763
849.486 -246.139 2.37545
849.437 -246.41 2.37323
849.388 -246.685 2.37099
849.339 -246.962 2.3687
849.291 -247.242 2.36639
849.243 -247.525 2.36404
849.197 -247.812 2.36166
849.151 -248.101 2.35924
849.105 -248.394 2.35679
849.06 -248.69 2.3543
849.016 -248.989 2.35177
848.973 -249.291 2.3492
848.93 -249.597 2.3466
848.888 -249.907 2.34396
848.847 -250.22 2.34127
848.807 -250.536 2.33855
848.768 -250.856 2.33579
848.729 -251.18 2.33298
848.691 -251.507 2.33014
848.655 -251.838 2.32725
848.619 -252.173 2.32431
848.584 -252.512 2.32133
848.55 -252.855 2.31831
848.517 -253.202 2.31524
848.485 -253.553 2.31212
848.454 -253.908 2.30896
848.424 -254.267 2.30574
848.395 -254.631 2.30248
848.368 -254.999 2.29916
848.341 -255.371 2.2958
848.316 -255.748 2.29238
848.292 -256.129 2.28891
848.269 -256.515 2.28538
848.248 -256.906 2.2818
848.227 -257.302 2.27816
848.209 -257.702 2.27447
848.191 -258.107 2.27071
848.176 -258.518 2.2669
848.161 -258.933 2.26303
848.148 -259.354 2.25909
848.137 -259.78 2.25509
848.127 -260.211 2.25103
848.119 -260.648 2.2469
848.113 -261.091 2.24271
839.693 -272.195 1.89729
839.848 -272.601 1.89793
840.236 -272.707 1.90797
840.924 -272.414 1.93027
841.981 -271.61 1.96785
840.492 -274.243 1.90009
840.607 -274.731 1.89835
841.948 -273.507 1.94778
839.565 -277.54 1.84081
839.858 -277.822 1.84579
839.909 -278.462 1.84032
840.206 -278.747 1.84516
840.549 -278.965 1.85188
845.85 -271.576 2.07315
846.102 -271.818 2.07701
845.606 -273.245 2.04797
846.003 -273.275 2.05784
842.975 -278.891 1.91554
843.622 -278.585 1.93549
844.055 -278.624 1.94589
844.559 -278.537 1.95946
844.965 -278.612 1.96855
845.276 -278.849 1.97324
845.422 -279.385 1.97017
846.588 -278.07 2.01455
847.032 -278.044 2.02543
847.415 -278.127 2.03342
847.708 -278.379 2.03704
847.97 -278.695 2.03902
848.222 -279.036 2.04036
846.705 -282.961 1.95433
849.88 -277.36 2.09993
847.637 -282.907 1.97591
847.999 -283.089 1.98145
848.334 -283.333 1.98545
848.49 -283.974 1.98006
853.302 -276.721 2.18231
854.043 -275.839 2.20997
854.452 -275.739 2.21969
856.339 -271.879 2.31284
866.407 -247.001 2.87113
866.536 -247.009 2.87349
867.974 -243.4 2.954
868.119 -243.277 2.95856
868.733 -241.795 2.99203
869.114 -240.933 3.01191
869.254 -240.756 3.01712
869.323 -240.789 3.01786
869.392 -240.822 3.01858
869.54 -240.599 3.02459
869.609 -240.629 3.02531
869.677 -240.659 3.02601
869.746 -240.689 3.0267
869.74 -240.989 3.02195
869.81 -241.023 3.02258
869.88 -241.056 3.02318
869.951 -241.09 3.02377
870.021 -241.124 3.02435
870.149 -240.923 3.02948
870.229 -240.907 3.03095
870.299 -240.938 3.0315
870.369 -240.97 3.03203
870.44 -241.001 3.03255
870.45 -241.328 3.02744
870.522 -241.362 3.0279
863.495 -285.18 2.2219
872.085 -235.389 3.14553
872.119 -235.392 3.14586
872.154 -235.395 3.14618
872.189 -235.399 3.14649
872.223 -235.402 3.1468
868.782 -287.216 2.24737
852.446 -240.705 2.40459
854.241 -239.956 2.4783
854.548 -239.958 2.49095
854.698 -240.04 2.49716
852.283 -241.514 2.39809
852.244 -241.72 2.39642
852.205 -241.929 2.39472
852.167 -242.139 2.393
852.129 -242.352 2.39125
852.092 -242.566 2.38949
852.056 -242.782 2.3877
852.02 -243 2.38588
851.984 -243.22 2.38405
851.95 -243.442 2.38219
851.916 -243.666 2.3803
851.883 -243.892 2.37839
851.85 -244.12 2.37645
851.818 -244.351 2.37449
851.787 -244.583 2.37251
851.756 -244.818 2.37049
851.727 -245.054 2.36845
851.698 -245.293 2.36639
851.67 -245.534 2.36429
851.642 -245.778 2.36217
851.616 -246.023 2.36002
851.59 -246.271 2.35784
851.565 -246.522 2.35564
851.541 -246.774 2.3534
851.518 -247.029 2.35114
851.495 -247.287 2.34884
851.474 -247.547 2.34651
851.454 -247.809 2.34415
851.434 -248.074 2.34176
851.416 -248.341 2.33934
851.398 -248.611 2.33689
851.382 -248.884 2.3344
851.366 -249.159 2.33188
851.352 -249.437 2.32933
851.339 -249.717 2.32674
851.327 -250 2.32412
851.316 -250.286 2.32146
851.306 -250.575 2.31877
851.298 -250.867 2.31604
851.29 -251.161 2.31327
851.284 -251.459 2.31046
851.279 -251.759 2.30762
851.276 -252.062 2.30474
851.273 -252.369 2.30182
851.272 -252.678 2.29886
851.273 -252.99 2.29586
851.275 -253.306 2.29282
851.278 -253.624 2.28974
851.283 -253.946 2.28661
851.29 -254.271 2.28345
851.297 -254.599 2.28024
851.307 -254.931 2.27698
851.318 -255.266 2.27368
851.331 -255.604 2.27034
851.345 -255.946 2.26695
851.361 -256.291 2.26352
851.379 -256.639 2.26003
851.399 -256.991 2.2565
851.421 -257.347 2.25292
851.444 -257.706 2.24929
851.47 -258.069 2.24561
851.497 -258.436 2.24188
851.527 -258.806 2.2381
851.558 -259.181 2.23427
851.592 -259.559 2.23038
851.627 -259.941 2.22644
851.665 -260.326 2.22245
851.705 -260.716 2.2184
851.748 -261.11 2.21429
851.793 -261.508 2.21013
845.129 -272.051 1.87459
845.716 -271.787 1.89485
846.157 -271.737 1.90791
846.409 -271.979 1.91146
845.891 -273.461 1.87581
846.144 -273.724 1.87889
846.514 -273.796 1.88785
846.878 -273.875 1.89645
846.806 -274.698 1.88219
846.742 -275.528 1.86795
845.831 -277.875 1.80832
846.317 -277.783 1.82232
846.773 -277.738 1.83475
847.2 -277.739 1.8456
847.662 -277.667 1.85839
848.171 -277.496 1.87384
848.638 -277.397 1.88697
848.991 -277.514 1.89374
849.661 -276.988 1.91855
850.148 -276.815 1.9331
850.671 -276.552 1.94989
851.101 -276.475 1.9613
851.509 -276.437 1.97144
851.918 -276.39 1.98166
852.345 -276.295 1.99302
852.766 -276.205 2.00405
853.396 -275.614 2.02827
853.831 -275.464 2.04046
854.265 -275.304 2.05271
854.707 -275.111 2.06562
856.341 -271.878 2.15733
855.262 -275.537 2.0699
866.409 -246.998 2.80938
866.538 -247.007 2.81187
868.051 -243.188 2.91124
868.137 -243.229 2.91222
868.721 -241.832 2.94914
869.116 -240.927 2.97338
869.256 -240.753 2.97926
869.325 -240.785 2.97999
869.394 -240.817 2.98071
869.464 -240.849 2.98141
869.534 -240.881 2.98208
869.603 -240.913 2.98274
869.673 -240.945 2.98338
869.744 -240.977 2.984
869.814 -241.01 2.98461
869.884 -241.042 2.98519
869.955 -241.074 2.98575
870.026 -241.107 2.9863
870.097 -241.14 2.98682
870.168 -241.172 2.98733
870.239 -241.205 2.98782
870.311 -241.238 2.98828
870.383 -241.271 2.98873
870.455 -241.304 2.98916
870.527 -241.338 2.98957
863.361 -279.646 2.13527
863.679 -279.851 2.13573
863.992 -280.098 2.1352
864.3 -280.383 2.13376
864.606 -280.709 2.13138
872.085 -235.388 3.12815
872.12 -235.391 3.12848
872.154 -235.394 3.1288
872.189 -235.398 3.12912
872.223 -235.401 3.12942
868.783 -287.231 2.04834
854.202 -239.977 2.40406
854.543 -239.962 2.41918
854.017 -240.406 2.39526
853.989 -240.589 2.39372
853.962 -240.773 2.39216
853.935 -240.959 2.39058
853.91 -241.146 2.38898
853.885 -241.335 2.38737
853.86 -241.525 2.38573
853.836 -241.717 2.38408
853.813 -241.911 2.3824
853.791 -242.105 2.38071
853.769 -242.302 2.37899
853.748 -242.5 2.37725
853.728 -242.699 2.3755
853.709 -242.901 2.37372
853.69 -243.103 2.37192
853.673 -243.308 2.37009
853.656 -243.514 2.36825
853.639 -243.721 2.36639
853.624 -243.931 2.3645
853.609 -244.142 2.36259
853.596 -244.354 2.36065
853.583 -244.569 2.35869
853.571 -244.785 2.35671
853.56 -245.003 2.35471
853.55 -245.222 2.35268
853.541 -245.444 2.35062
853.533 -245.667 2.34855
853.526 -245.892 2.34644
853.52 -246.119 2.34431
853.515 -246.348 2.34216
853.511 -246.578 2.33998
853.508 -246.811 2.33777
853.506 -247.045 2.33554
853.505 -247.281 2.33328
853.506 -247.52 2.33099
853.507 -247.76 2.32868
853.51 -248.002 2.32633
853.514 -248.246 2.32396
853.519 -248.492 2.32156
853.525 -248.74 2.31914
853.532 -248.99 2.31668
853.541 -249.242 2.31419
853.551 -249.497 2.31167
853.563 -249.753 2.30913
853.575 -250.011 2.30655
853.589 -250.272 2.30394
853.605 -250.535 2.3013
853.622 -250.799 2.29863
853.64 -251.066 2.29593
853.66 -251.336 2.29319
853.682 -251.607 2.29042
853.705 -251.88 2.28762
853.729 -252.156 2.28478
853.755 -252.434 2.28191
853.783 -252.715 2.27901
853.812 -252.997 2.27607
853.843 -253.282 2.2731
853.876 -253.569 2.27009
853.911 -253.859 2.26704
853.947 -254.151 2.26396
853.985 -254.445 2.26084
853.969 -254.815 2.25477
853.926 -255.227 2.24707
853.881 -255.65 2.23913
853.836 -256.083 2.23093
853.789 -256.526 2.22246
853.741 -256.98 2.21373
853.692 -257.445 2.2047
853.642 -257.922 2.19539
853.59 -258.412 2.18576
853.538 -258.914 2.1758
853.585 -259.276 2.17118
853.55 -259.772 2.16174
853.588 -260.164 2.15619
853.651 -260.527 2.1518
853.718 -260.889 2.14748
853.658 -261.466 2.13561
853.533 -262.165 2.1196
848.393 -271.33 1.80876
848.589 -271.652 1.80855
848.839 -271.885 1.81136
848.49 -273.179 1.77796
848.779 -273.364 1.78255
849.115 -273.465 1.78986
849.454 -273.556 1.79736
849.771 -273.688 1.80339
850.081 -273.832 1.8089
850.427 -273.905 1.81663
850.663 -274.194 1.81722
850.022 -276.262 1.76056
850.532 -276.029 1.77816
850.98 -275.912 1.79178
851.47 -275.694 1.80837
851.9 -275.593 1.82104
852.332 -275.48 1.83387
852.754 -275.378 1.84615
853.202 -275.208 1.86036
853.621 -275.093 1.87265
854.07 -274.898 1.88713
854.561 -274.586 1.90495
855.005 -274.375 1.91948
856.344 -271.877 2.0018
855.713 -274.376 1.93541
866.411 -246.995 2.74764
866.539 -247.004 2.75025
868.06 -243.166 2.86452
868.155 -243.181 2.86622
868.709 -241.87 2.90596
869.05 -241.126 2.92903
869.241 -240.797 2.94006
869.326 -240.783 2.94207
869.395 -240.815 2.94275
869.465 -240.847 2.94342
869.535 -240.879 2.94406
869.604 -240.911 2.94468
869.674 -240.943 2.94528
869.745 -240.975 2.94586
869.815 -241.008 2.94642
869.885 -241.04 2.94695
869.956 -241.073 2.94747
870.027 -241.105 2.94796
870.098 -241.138 2.94844
870.169 -241.171 2.94889
870.24 -241.203 2.94932
870.312 -241.236 2.94973
870.384 -241.269 2.95012
870.456 -241.303 2.95049
870.519 -241.385 2.94956
863.457 -279.149 1.97322
863.772 -279.349 1.97326
865.183 -273.288 2.13397
864.398 -279.812 1.97151
864.706 -280.096 1.9692
865.017 -280.381 1.96681
865.331 -280.669 1.96426
865.649 -280.96 1.96156
865.969 -281.253 1.95881
866.293 -281.548 1.95591
872.085 -235.387 3.11077
872.12 -235.39 3.1111
872.154 -235.393 3.11143
872.189 -235.397 3.11174
872.224 -235.4 3.11204
868.783 -287.246 1.84913
855.565 -239.427 2.39755
855.517 -239.605 2.39472
855.447 -239.798 2.39074
855.414 -239.972 2.38856
855.397 -240.14 2.38709
855.38 -240.308 2.3856
855.364 -240.478 2.38409
855.349 -240.649 2.38257
855.335 -240.821 2.38103
855.321 -240.995 2.37947
855.308 -241.169 2.3779
855.296 -241.345 2.37631
855.285 -241.522 2.3747
855.274 -241.701 2.37307
855.264 -241.88 2.37143
855.255 -242.061 2.36976
855.247 -242.243 2.36808
855.239 -242.426 2.36638
855.233 -242.611 2.36466
855.227 -242.797 2.36292
855.213 -242.991 2.3607
855.192 -243.192 2.35805
855.17 -243.395 2.35533
855.149 -243.602 2.35252
855.127 -243.811 2.34963
855.104 -244.023 2.34665
855.082 -244.237 2.34358
855.059 -244.455 2.34042
855.036 -244.675 2.33717
855.012 -244.899 2.33382
854.988 -245.126 2.33037
854.964 -245.356 2.32681
854.939 -245.59 2.32316
854.914 -245.827 2.3194
854.889 -246.067 2.31553
854.863 -246.311 2.31155
854.837 -246.559 2.30745
854.811 -246.811 2.30324
854.784 -247.067 2.29891
854.756 -247.327 2.29445
854.729 -247.591 2.28986
854.7 -247.86 2.28514
854.686 -248.119 2.28104
854.716 -248.338 2.2792
854.73 -248.575 2.27642
854.739 -248.821 2.27325
854.737 -249.082 2.2694
854.809 -249.268 2.26942
854.856 -249.482 2.26805
854.894 -249.71 2.26602
854.932 -249.94 2.26392
854.923 -250.225 2.25916
854.855 -250.582 2.25097
854.87 -250.85 2.24726
854.909 -251.095 2.24474
854.948 -251.343 2.2421
854.958 -251.629 2.23767
854.994 -251.888 2.23463
855.099 -252.067 2.23535
855.095 -252.383 2.22975
855.259 -252.491 2.2337
855.411 -252.615 2.23685
855.35 -253.017 2.22755
855.54 -253.095 2.23273
855.669 -253.254 2.23428
855.69 -253.56 2.22937
855.591 -254.038 2.21715
855.67 -254.278 2.21529
855.405 -255.011 2.19257
855.43 -255.342 2.18707
855.49 -255.629 2.1835
855.529 -255.952 2.17849
855.366 -256.588 2.1607
855.413 -256.917 2.15567
855.512 -257.17 2.15379
855.58 -257.478 2.14969
855.647 -257.792 2.14542
855.74 -258.071 2.14257
855.881 -258.275 2.14269
856.026 -258.475 2.14294
855.904 -259.135 2.12537
855.673 -260.003 2.10009
855.739 -260.369 2.09426
855.909 -260.556 2.09524
855.94 -261.001 2.08651
855.357 -262.597 2.03492
853.866 -265.957 1.9187
854.073 -266.168 1.91989
854.104 -266.725 1.90837
854.101 -267.362 1.89404
854.26 -267.691 1.89099
853.528 -269.864 1.82189
854.393 -268.76 1.87028
854.298 -269.661 1.84711
854.622 -269.679 1.85518
854.89 -269.818 1.85893
854.942 -270.445 1.84562
855.199 -270.619 1.84806
855.421 -270.88 1.84748
855.962 -270.38 1.87277
856.245 -270.486 1.87717
856.471 -270.734 1.87668
856.75 -270.853 1.8805
857.078 -270.843 1.8885
866.405 -247.012 2.68523
866.54 -247.006 2.68847
868.061 -243.163 2.81731
868.172 -243.133 2.82054
868.696 -241.907 2.86248
868.991 -241.299 2.88402
869.222 -240.858 2.89999
869.327 -240.781 2.90414
869.396 -240.813 2.90479
869.466 -240.845 2.90542
869.536 -240.877 2.90603
869.605 -240.909 2.90661
869.675 -240.942 2.90717
869.745 -240.974 2.90771
869.816 -241.006 2.90822
869.886 -241.038 2.90871
869.957 -241.071 2.90918
870.028 -241.103 2.90962
870.099 -241.136 2.91004
870.17 -241.169 2.91044
870.241 -241.202 2.91082
870.313 -241.235 2.91117
870.385 -241.268 2.9115
870.457 -241.301 2.9118
868.579 -251.27 2.61843
863.551 -278.662 1.81434
864.827 -273.557 1.96943
864.176 -279.062 1.81326
864.489 -279.277 1.81216
864.798 -279.531 1.80988
865.106 -279.811 1.80674
865.417 -280.092 1.80352
865.731 -280.377 1.80012
866.048 -280.664 1.79658
866.368 -280.954 1.79294
872.086 -235.386 3.09339
872.12 -235.389 3.09373
872.155 -235.393 3.09405
872.189 -235.396 3.09437
872.224 -235.399 3.09467
868.367 -282.642 1.77085
868.71 -282.948 1.76622
869.046 -283.421 1.75686
856.859 -238.89 2.39765
856.794 -239.067 2.39348
856.686 -239.271 2.38703
856.565 -239.485 2.37975
856.468 -239.689 2.37373
856.363 -239.9 2.36718
856.26 -240.114 2.36071
856.162 -240.327 2.35442
856.066 -240.543 2.34818
855.979 -240.756 2.34232
855.9 -240.967 2.33689
855.833 -241.174 2.33195
855.769 -241.382 2.32714
855.734 -241.573 2.32381
855.702 -241.764 2.3206
855.676 -241.954 2.31761
855.65 -242.145 2.31456
855.63 -242.335 2.3118
855.605 -242.531 2.30864
855.582 -242.726 2.30557
855.565 -242.921 2.3027
855.54 -243.123 2.29935
855.54 -243.309 2.29727
855.564 -243.479 2.29643
855.609 -243.634 2.29671
855.666 -243.781 2.29755
855.721 -243.93 2.29824
855.775 -244.08 2.29882
855.83 -244.231 2.29939
855.887 -244.381 2.29999
855.947 -244.53 2.3007
856.01 -244.676 2.30154
856.073 -244.824 2.30226
856.134 -244.975 2.30284
856.194 -245.127 2.30328
856.246 -245.288 2.3032
856.245 -245.498 2.30006
856.253 -245.703 2.29729
856.22 -245.949 2.29215
856.075 -246.306 2.2804
856.072 -246.532 2.27673
856.075 -246.756 2.27324
855.866 -247.193 2.25736
855.863 -247.431 2.25333
855.793 -247.742 2.24519
855.804 -247.974 2.24172
855.816 -248.208 2.23817
855.887 -248.383 2.23801
855.964 -248.551 2.23816
856.046 -248.717 2.23849
856.11 -248.904 2.23763
856.145 -249.125 2.23495
856.142 -249.394 2.22981
856.154 -249.65 2.22545
856.229 -249.833 2.22489
856.291 -250.037 2.22333
856.347 -250.249 2.22135
856.41 -250.455 2.2197
856.448 -250.696 2.21631
856.466 -250.965 2.2116
856.517 -251.196 2.20879
856.664 -251.307 2.21194
856.806 -251.423 2.21476
856.887 -251.621 2.21355
856.946 -251.852 2.21079
857.041 -252.038 2.21023
857.133 -252.229 2.20938
857.179 -252.489 2.20534
857.226 -252.75 2.20128
857.256 -253.042 2.19583
857.251 -253.392 2.18782
857.271 -253.712 2.18126
857.387 -253.891 2.18114
857.398 -254.234 2.17366
857.478 -254.477 2.17072
857.542 -254.751 2.16643
857.624 -254.998 2.16333
857.718 -255.232 2.16085
857.804 -255.483 2.15765
857.82 -255.857 2.14917
857.841 -256.233 2.14075
857.864 -256.614 2.13218
857.885 -257.009 2.12313
857.908 -257.408 2.11401
857.94 -257.801 2.10521
857.959 -258.228 2.0951
858 -258.626 2.0863
858.077 -258.962 2.08007
858.157 -259.3 2.07379
858.248 -259.625 2.06809
858.362 -259.909 2.06402
858.476 -260.201 2.0597
858.472 -260.753 2.04516
858.519 -261.209 2.03449
858.569 -261.673 2.02365
858.61 -262.17 2.01156
858.615 -262.766 1.99581
858.582 -263.472 1.976
858.358 -264.656 1.93828
858.174 -265.786 1.90294
858.313 -266.156 1.89642
858.483 -266.456 1.89252
858.712 -266.614 1.89388
866.415 -246.988 2.62423
866.547 -246.988 2.62743
868.063 -243.161 2.77013
868.175 -243.129 2.77366
868.637 -242.08 2.81382
868.994 -241.293 2.84419
869.114 -241.187 2.8499
869.298 -240.871 2.86297
869.397 -240.812 2.86685
869.467 -240.844 2.86744
869.537 -240.876 2.86801
869.606 -240.908 2.86856
869.676 -240.94 2.86908
869.746 -240.972 2.86957
869.817 -241.004 2.87004
869.887 -241.037 2.87049
869.958 -241.069 2.87091
870.028 -241.102 2.8713
870.099 -241.134 2.87167
870.171 -241.167 2.87201
870.242 -241.2 2.87233
870.314 -241.233 2.87263
870.385 -241.266 2.8729
868.639 -250.235 2.57613
868.579 -251.272 2.54418
863.649 -278.151 1.65975
863.954 -278.368 1.65813
865.275 -272.777 1.84676
864.574 -278.779 1.65544
871.881 -235.348 3.07431
871.915 -235.352 3.07468
871.95 -235.356 3.07504
871.984 -235.361 3.07539
872.018 -235.365 3.07573
872.053 -235.37 3.07606
872.087 -235.374 3.07638
872.122 -235.378 3.07668
872.156 -235.382 3.07698
872.19 -235.387 3.07726
872.225 -235.391 3.07753
868.422 -281.997 1.6082
868.766 -282.226 1.60496
869.111 -282.487 1.60062
869.459 -282.759 1.59586
869.808 -283.079 1.58953
870.156 -283.517 1.57942
870.505 -284.06 1.56596
870.861 -284.618 1.55198
857.408 -238.735 2.36522
857.362 -238.899 2.36161
857.317 -239.064 2.35803
857.283 -239.225 2.355
857.273 -239.373 2.35329
857.252 -239.53 2.35089
857.214 -239.698 2.34746
857.145 -239.888 2.34215
857.108 -240.06 2.33862
857.072 -240.233 2.33515
857.038 -240.407 2.33167
857.01 -240.579 2.32848
856.988 -240.75 2.32555
856.97 -240.919 2.32282
856.954 -241.089 2.32013
856.939 -241.26 2.3174
856.924 -241.433 2.31464
856.91 -241.607 2.31185
856.897 -241.783 2.30902
856.884 -241.96 2.30615
856.868 -242.141 2.30301
856.852 -242.325 2.2998
856.845 -242.504 2.29707
856.84 -242.683 2.29435
856.842 -242.859 2.29197
856.863 -243.022 2.2906
856.897 -243.176 2.28998
856.965 -243.303 2.29133
857.051 -243.416 2.29373
857.13 -243.535 2.29561
857.217 -243.647 2.29795
857.304 -243.759 2.30025
857.363 -243.896 2.30074
857.291 -244.151 2.29315
857.226 -244.403 2.28594
857.202 -244.622 2.28107
857.224 -244.801 2.27896
857.298 -244.934 2.27997
857.366 -245.073 2.28053
857.317 -245.327 2.27369
857.248 -245.604 2.26552
857.273 -245.792 2.26308
857.311 -245.969 2.26143
857.302 -246.197 2.25661
857.345 -246.373 2.25506
857.4 -246.54 2.25415
857.487 -246.673 2.25524
857.582 -246.799 2.25674
857.661 -246.943 2.25717
857.703 -247.129 2.25506
857.733 -247.331 2.25209
857.763 -247.537 2.24894
857.797 -247.74 2.246
857.832 -247.945 2.24299
857.87 -248.148 2.24009
857.892 -248.376 2.23592
857.92 -248.599 2.23203
857.963 -248.806 2.22905
857.889 -249.164 2.21794
857.942 -249.368 2.21531
857.996 -249.572 2.21266
858.031 -249.805 2.20851
858.09 -250.009 2.20595
858.191 -250.16 2.20619
858.285 -250.32 2.20593
858.365 -250.504 2.20441
858.426 -250.715 2.20153
858.489 -250.927 2.19857
858.485 -251.243 2.1905
858.543 -251.471 2.18688
858.631 -251.659 2.18525
858.728 -251.834 2.18425
858.816 -252.028 2.18237
858.776 -252.426 2.17057
858.835 -252.674 2.16613
858.909 -252.903 2.16262
858.98 -253.142 2.1587
859.049 -253.388 2.15443
859.12 -253.635 2.15017
859.198 -253.876 2.14621
859.308 -254.064 2.14468
859.425 -254.243 2.14361
859.563 -254.387 2.14409
859.667 -254.596 2.14159
859.705 -254.934 2.13329
859.69 -255.381 2.12019
859.74 -255.714 2.11228
859.785 -256.065 2.10362
859.833 -256.42 2.09485
859.88 -256.786 2.08571
859.933 -257.149 2.07673
859.987 -257.522 2.06739
860.041 -257.904 2.05774
860.097 -258.291 2.04792
860.158 -258.681 2.03807
860.217 -259.084 2.0277
860.285 -259.48 2.01772
860.353 -259.889 2.00725
860.463 -260.208 2.00056
860.496 -260.729 1.98559
860.536 -261.248 1.97082
860.581 -261.774 1.95583
866.401 -247.028 2.5608
866.534 -247.026 2.56425
868.065 -243.158 2.72296
868.176 -243.127 2.7267
868.602 -242.184 2.76664
868.923 -241.504 2.7958
869.115 -241.185 2.81043
869.209 -241.15 2.81374
869.398 -240.81 2.82891
869.468 -240.842 2.82947
869.538 -240.874 2.83
869.607 -240.906 2.83051
869.677 -240.938 2.83099
869.747 -240.97 2.83144
869.818 -241.003 2.83187
869.888 -241.035 2.83227
869.959 -241.067 2.83264
870.029 -241.1 2.83298
870.1 -241.133 2.8333
870.171 -241.165 2.83359
870.243 -241.198 2.83385
870.314 -241.231 2.83409
870.386 -241.264 2.8343
868.542 -250.715 2.48786
868.533 -251.509 2.4613
865.128 -270.335 1.77578
864.066 -277.759 1.51008
865.089 -273.853 1.65751
871.85 -235.325 3.05722
871.884 -235.329 3.0576
871.918 -235.334 3.05798
871.952 -235.338 3.05834
871.987 -235.342 3.05869
872.021 -235.347 3.05903
872.055 -235.351 3.05936
872.089 -235.355 3.05967
872.124 -235.36 3.05998
872.158 -235.364 3.06027
872.192 -235.368 3.06055
872.227 -235.372 3.06081
872.261 -235.377 3.06107
872.295 -235.381 3.06131
872.33 -235.385 3.06154
872.364 -235.389 3.06176
872.398 -235.393 3.06196
870.201 -282.601 1.42548
870.554 -282.876 1.4194
870.91 -283.192 1.4118
871.267 -283.627 1.4
857.819 -238.647 2.32829
857.828 -238.778 2.32758
857.812 -238.924 2.3253
857.82 -239.058 2.32445
857.835 -239.187 2.32401
857.852 -239.317 2.32358
857.871 -239.447 2.32322
857.89 -239.577 2.32283
857.91 -239.708 2.32242
857.93 -239.839 2.32199
857.951 -239.971 2.32153
857.973 -240.103 2.32104
857.982 -240.245 2.31975
857.988 -240.389 2.31819
857.981 -240.545 2.31571
857.957 -240.713 2.31215
857.94 -240.879 2.3089
857.929 -241.042 2.30597
857.922 -241.204 2.30328
857.917 -241.366 2.30055
857.908 -241.533 2.29755
857.899 -241.702 2.29445
857.917 -241.852 2.29297
857.928 -242.009 2.29097
857.865 -242.226 2.28418
857.891 -242.375 2.28298
857.944 -242.503 2.28346
857.985 -242.641 2.28312
858.009 -242.795 2.2816
858.034 -242.95 2.28004
858.07 -243.097 2.27913
858.105 -243.245 2.27813
858.138 -243.397 2.27683
858.177 -243.545 2.27589
858.128 -243.775 2.26905
858.108 -243.981 2.26403
858.13 -244.151 2.26166
858.107 -244.366 2.25617
858.085 -244.584 2.25062
858.082 -244.785 2.24628
858.166 -244.904 2.2477
858.1 -245.173 2.23885
858.145 -245.335 2.23739
858.185 -245.502 2.23555
858.233 -245.664 2.23413
858.267 -245.841 2.23171
858.308 -246.014 2.22963
858.396 -246.137 2.23072
858.49 -246.254 2.2322
858.54 -246.421 2.23043
858.588 -246.592 2.22848
858.672 -246.724 2.22895
858.753 -246.86 2.22916
858.771 -247.073 2.22468
858.805 -247.269 2.22127
858.832 -247.478 2.21716
858.86 -247.687 2.21308
858.897 -247.89 2.2094
858.946 -248.079 2.20652
859.006 -248.257 2.2044
859.07 -248.432 2.20241
859.138 -248.605 2.20056
859.213 -248.769 2.19922
859.317 -248.896 2.19992
859.423 -249.02 2.20077
859.555 -249.111 2.20347
859.66 -249.239 2.20401
859.751 -249.388 2.20339
859.813 -249.583 2.20028
859.866 -249.794 2.1963
859.935 -249.985 2.19344
860.011 -250.167 2.19107
859.936 -250.592 2.17598
859.946 -250.89 2.1676
860.04 -251.059 2.16607
860.141 -251.219 2.16498
860.243 -251.378 2.16388
860.229 -251.739 2.15253
860.274 -252.007 2.14601
860.331 -252.259 2.14033
860.394 -252.504 2.135
860.464 -252.744 2.12997
860.539 -252.979 2.12523
860.61 -253.226 2.11994
860.684 -253.474 2.11457
860.759 -253.724 2.10916
860.852 -253.946 2.10515
860.973 -254.115 2.10362
861.066 -254.344 2.09923
861.133 -254.635 2.09195
861.216 -254.898 2.086
861.311 -255.143 2.08092
861.408 -255.39 2.07577
861.507 -255.639 2.07054
861.598 -255.911 2.06424
861.676 -256.223 2.05616
861.754 -256.543 2.04775
861.831 -256.876 2.03879
861.912 -257.208 2.0299
861.997 -257.542 2.02093
862.085 -257.878 2.01194
866.397 -247.042 2.49819
866.532 -247.034 2.50205
868.066 -243.156 2.6758
868.177 -243.125 2.67974
868.604 -242.178 2.72345
868.899 -241.578 2.75175
869.185 -240.974 2.77995
869.255 -241.008 2.7805
869.376 -240.883 2.78779
869.469 -240.84 2.7915
869.539 -240.872 2.792
869.608 -240.904 2.79246
869.678 -240.936 2.7929
869.748 -240.969 2.79331
869.819 -241.001 2.7937
869.889 -241.033 2.79405
869.959 -241.066 2.79437
870.03 -241.098 2.79467
870.101 -241.131 2.79493
870.172 -241.164 2.79517
870.244 -241.196 2.79538
870.315 -241.229 2.79556
870.315 -241.604 2.78187
870.389 -241.639 2.78194
868.552 -251.417 2.38996
865.83 -266.629 1.7825
866.071 -266.74 1.7826
871.819 -235.302 3.04023
871.853 -235.307 3.04063
871.887 -235.311 3.04102
871.921 -235.315 3.0414
871.955 -235.32 3.04176
871.989 -235.324 3.04211
872.024 -235.328 3.04245
872.058 -235.333 3.04278
872.092 -235.337 3.04309
872.126 -235.341 3.04339
872.16 -235.345 3.04368
872.194 -235.35 3.04395
872.228 -235.354 3.04422
872.263 -235.358 3.04446
872.297 -235.362 3.0447
872.331 -235.366 3.04492
872.365 -235.371 3.04514
872.4 -235.375 3.04533
872.434 -235.379 3.04552
870.584 -282.177 1.26261
870.936 -282.444 1.25578
871.292 -282.713 1.24873
871.652 -282.987 1.24143
 ] }
 color Color { color [
0.180737 0 0.819263
0.181359 0 0.818641
0.181994 0 0.818006
0.585348 0 0.414652
0.594381 0 0.405619
0.205941 0 0.794059
0.202648 0 0.797352
0.199615 0 0.800385
0.1971 0 0.8029
0.210548 0 0.789452
0.207566 0 0.792434
0.204799 0 0.795201
0.202708 0 0.797292
0.596392 0 0.403608
0.591492 0 0.408508
0.589515 0 0.410485
0.593111 0 0.406889
0.59678 0 0.40322
0.508963 0 0.491037
0.506378 0 0.493622
0.503843 0 0.496157
0.501359 0 0.498641
0.498922 0 0.501078
0.496533 0 0.503467
0.494191 0 0.505809
0.491895 0 0.508105
0.489644 0 0.510356
0.487437 0 0.512563
0.485274 0 0.514726
0.483153 0 0.516847
0.48126 0 0.51874
0.486828 0 0.513172
0.49255 0 0.50745
0.498434 0 0.501566
0.445495 0 0.554505
0.446836 0 0.553164
0.177267 0 0.822733
0.176895 0 0.823105
0.176533 0 0.823467
0.176181 0 0.823819
0.175839 0 0.824161
0.175507 0 0.824493
0.110754 0 0.889246
0.110863 0 0.889136
0.110978 0 0.889022
0.106004 0 0.893996
0.106106 0 0.893894
0.106213 0 0.893787
0.106344 0 0.893656
0.106482 0 0.893518
0.111792 0 0.888208
0.111948 0 0.888052
0.112111 0 0.887889
0.11228 0 0.88772
0.107566 0 0.892434
0.107267 0 0.892734
0.107445 0 0.892555
0.10763 0 0.89237
0.10782 0 0.89218
0.2006 0 0.7994
0.513163 0 0.486837
0.181353 0 0.818647
0.181988 0 0.818012
0.216169 0 0.783831
0.21576 0 0.78424
0.21603 0 0.78397
0.21695 0 0.78305
0.591076 0 0.408924
0.592815 0 0.407185
0.205854 0 0.794146
0.202551 0 0.797449
0.199505 0 0.800495
0.19675 0 0.80325
0.200999 0 0.799001
0.201586 0 0.798414
0.20261 0 0.79739
0.203117 0 0.796883
0.204008 0 0.795992
0.204707 0 0.795293
0.202177 0 0.797823
0.596302 0 0.403698
0.591404 0 0.408596
0.5895 0 0.4105
0.593096 0 0.406904
0.596766 0 0.403234
0.508858 0 0.491142
0.506275 0 0.493725
0.503741 0 0.496259
0.501256 0 0.498744
0.49882 0 0.50118
0.496433 0 0.503567
0.494091 0 0.505909
0.491796 0 0.508204
0.489546 0 0.510454
0.48734 0 0.51266
0.485177 0 0.514823
0.483057 0 0.516943
0.481246 0 0.518754
0.486814 0 0.513186
0.492536 0 0.507464
0.498419 0 0.501581
0.445429 0 0.554571
0.446785 0 0.553215
0.177214 0 0.822786
0.176842 0 0.823158
0.17648 0 0.82352
0.176128 0 0.823872
0.175786 0 0.824214
0.111465 0 0.888535
0.110292 0 0.889708
0.108566 0 0.891434
0.105876 0 0.894124
0.105973 0 0.894027
0.106074 0 0.893926
0.106181 0 0.893819
0.106294 0 0.893706
0.106412 0 0.893588
0.111321 0 0.888679
0.111477 0 0.888523
0.111638 0 0.888362
0.111805 0 0.888195
0.107026 0 0.892974
0.107178 0 0.892822
0.107335 0 0.892665
0.107498 0 0.892502
0.107666 0 0.892334
0.107841 0 0.892159
0.513197 0 0.486803
0.181985 0 0.818015
0.216144 0 0.783856
0.215746 0 0.784254
0.216014 0 0.783986
0.216934 0 0.783066
0.205769 0 0.794231
0.202457 0 0.797543
0.199398 0 0.800602
0.196677 0 0.803323
0.199702 0 0.800298
0.200381 0 0.799619
0.201199 0 0.798801
0.201952 0 0.798048
0.202649 0 0.797351
0.20336 0 0.79664
0.202101 0 0.797899
0.596219 0 0.403781
0.591321 0 0.408679
0.589494 0 0.410506
0.59309 0 0.40691
0.596759 0 0.403241
0.508759 0 0.491241
0.506176 0 0.493824
0.503643 0 0.496357
0.501159 0 0.498841
0.498725 0 0.501275
0.496337 0 0.503663
0.493998 0 0.506002
0.491703 0 0.508297
0.489453 0 0.510547
0.487247 0 0.512753
0.485085 0 0.514915
0.482966 0 0.517034
0.481239 0 0.518761
0.486806 0 0.513194
0.492529 0 0.507471
0.498412 0 0.501588
0.445369 0 0.554631
0.446739 0 0.553261
0.177163 0 0.822837
0.176791 0 0.823209
0.176429 0 0.823571
0.176078 0 0.823922
0.175736 0 0.824264
0.111387 0 0.888613
0.10801 0 0.89199
0.108116 0 0.891884
0.105846 0 0.894154
0.105943 0 0.894057
0.106044 0 0.893956
0.106151 0 0.893849
0.106264 0 0.893736
0.106382 0 0.893618
0.106505 0 0.893495
0.109165 0 0.890835
0.109323 0 0.890677
0.107246 0 0.892754
0.106996 0 0.893004
0.107147 0 0.892853
0.107304 0 0.892696
0.107467 0 0.892533
0.107636 0 0.892364
0.10781 0 0.89219
0.110798 0 0.889202
0.513246 0 0.486754
0.470365 0 0.529635
0.216123 0 0.783877
0.215735 0 0.784265
0.216002 0 0.783998
0.216921 0 0.783079
0.205686 0 0.794314
0.202373 0 0.797627
0.199293 0 0.800707
0.196609 0 0.803391
0.198903 0 0.801097
0.199691 0 0.800309
0.200505 0 0.799495
0.201046 0 0.798954
0.201841 0 0.798159
0.202654 0 0.797346
0.202034 0 0.797966
0.201463 0 0.798537
0.596143 0 0.403857
0.591246 0 0.408754
0.589493 0 0.410507
0.59309 0 0.40691
0.59676 0 0.40324
0.508668 0 0.491332
0.506085 0 0.493915
0.503552 0 0.496448
0.50107 0 0.49893
0.498636 0 0.501364
0.496249 0 0.503751
0.493909 0 0.506091
0.491616 0 0.508384
0.489367 0 0.510633
0.487162 0 0.512838
0.485 0 0.515
0.482881 0 0.517119
0.481235 0 0.518765
0.486803 0 0.513197
0.492526 0 0.507474
0.49841 0 0.50159
0.445314 0 0.554686
0.446697 0 0.553303
0.177114 0 0.822886
0.176742 0 0.823258
0.176381 0 0.823619
0.176029 0 0.823971
0.175688 0 0.824312
0.111313 0 0.888687
0.107925 0 0.892075
0.105727 0 0.894273
0.105818 0 0.894182
0.105914 0 0.894086
0.106015 0 0.893985
0.106122 0 0.893878
0.106235 0 0.893765
0.106353 0 0.893647
0.106476 0 0.893524
0.108909 0 0.891091
0.109047 0 0.890953
0.106821 0 0.893179
0.106966 0 0.893034
0.107118 0 0.892882
0.107275 0 0.892725
0.107437 0 0.892563
0.107606 0 0.892394
0.10778 0 0.89222
0.110355 0 0.889645
0.513311 0 0.486689
0.470233 0 0.529767
0.215726 0 0.784274
0.215992 0 0.784008
0.216917 0 0.783083
0.205606 0 0.794394
0.202295 0 0.797705
0.199196 0 0.800804
0.196542 0 0.803458
0.195853 0 0.804147
0.199148 0 0.800852
0.199817 0 0.800183
0.200677 0 0.799323
0.201317 0 0.798683
0.202029 0 0.797971
0.20197 0 0.79803
0.200805 0 0.799195
0.596073 0 0.403927
0.591177 0 0.408823
0.589502 0 0.410498
0.593098 0 0.406902
0.596768 0 0.403232
0.518269 0 0.481731
0.51552 0 0.48448
0.512826 0 0.487174
0.50858 0 0.49142
0.505998 0 0.494002
0.503467 0 0.496533
0.500985 0 0.499015
0.498552 0 0.501448
0.496166 0 0.503834
0.493827 0 0.506173
0.491534 0 0.508466
0.489286 0 0.510714
0.487081 0 0.512919
0.484921 0 0.515079
0.482802 0 0.517198
0.481241 0 0.518759
0.48681 0 0.51319
0.492533 0 0.507467
0.498417 0 0.501583
0.445263 0 0.554736
0.446664 0 0.553336
0.177067 0 0.822933
0.176695 0 0.823305
0.176334 0 0.823666
0.175983 0 0.824017
0.175641 0 0.824359
0.111234 0 0.888766
0.107898 0 0.892102
0.1057 0 0.8943
0.10579 0 0.89421
0.105887 0 0.894113
0.105988 0 0.894012
0.106095 0 0.893905
0.106207 0 0.893793
0.106325 0 0.893675
0.106448 0 0.893552
0.108881 0 0.891119
0.107012 0 0.892988
0.106793 0 0.893207
0.106938 0 0.893062
0.10709 0 0.89291
0.107247 0 0.892753
0.107409 0 0.892591
0.107578 0 0.892422
0.107752 0 0.892248
0.107932 0 0.892068
0.513403 0 0.486597
0.47013 0 0.52987
0.215998 0 0.784002
0.216919 0 0.783081
0.599447 0 0.400553
0.205527 0 0.794473
0.202219 0 0.797781
0.19913 0 0.80087
0.196478 0 0.803522
0.19556 0 0.80444
0.1988 0 0.8012
0.199406 0 0.800594
0.200323 0 0.799677
0.200962 0 0.799039
0.201614 0 0.798386
0.201907 0 0.798093
0.200555 0 0.799444
0.59601 0 0.40399
0.591115 0 0.408885
0.589517 0 0.410483
0.593114 0 0.406886
0.596784 0 0.403216
0.520988 0 0.479012
0.518185 0 0.481815
0.515438 0 0.484562
0.512744 0 0.487256
0.508499 0 0.491501
0.505919 0 0.494081
0.503388 0 0.496612
0.500907 0 0.499093
0.498474 0 0.501526
0.496089 0 0.503911
0.493751 0 0.506249
0.491458 0 0.508542
0.48921 0 0.51079
0.487007 0 0.512993
0.484847 0 0.515153
0.482729 0 0.517271
0.481252 0 0.518748
0.486821 0 0.513179
0.492544 0 0.507456
0.498428 0 0.501572
0.445219 0 0.554781
0.446636 0 0.553364
0.177022 0 0.822978
0.176651 0 0.823349
0.17629 0 0.82371
0.175939 0 0.824061
0.175597 0 0.824403
0.111161 0 0.888839
0.107871 0 0.892129
0.105674 0 0.894326
0.105764 0 0.894236
0.10586 0 0.89414
0.105962 0 0.894038
0.106069 0 0.893931
0.106181 0 0.893819
0.106299 0 0.893701
0.106422 0 0.893578
0.106958 0 0.893042
0.106983 0 0.893017
0.106766 0 0.893234
0.106912 0 0.893088
0.107063 0 0.892937
0.10722 0 0.89278
0.107382 0 0.892618
0.107551 0 0.892449
0.107725 0 0.892275
0.107905 0 0.892095
0.51353 0 0.48647
0.470054 0 0.529946
0.216922 0 0.783078
0.205451 0 0.794549
0.202145 0 0.797855
0.199089 0 0.800911
0.196419 0 0.803581
0.19527 0 0.80473
0.198494 0 0.801506
0.199187 0 0.800813
0.199974 0 0.800026
0.200626 0 0.799374
0.201467 0 0.798533
0.201848 0 0.798152
0.20036 0 0.79964
0.595954 0 0.404046
0.591059 0 0.408941
0.589541 0 0.410459
0.593138 0 0.406862
0.596808 0 0.403192
0.520908 0 0.479092
0.518107 0 0.481893
0.515361 0 0.484639
0.512668 0 0.487332
0.508424 0 0.491576
0.505843 0 0.494157
0.503313 0 0.496687
0.500833 0 0.499167
0.498401 0 0.501599
0.496017 0 0.503983
0.493679 0 0.506321
0.491387 0 0.508613
0.48914 0 0.51086
0.486937 0 0.513063
0.484778 0 0.515222
0.48266 0 0.51734
0.481271 0 0.518728
0.486841 0 0.513159
0.492565 0 0.507435
0.49845 0 0.50155
0.445179 0 0.554821
0.446615 0 0.553385
0.17698 0 0.82302
0.176609 0 0.823391
0.176247 0 0.823753
0.175896 0 0.824104
0.125147 0 0.874853
0.111082 0 0.888918
0.107846 0 0.892154
0.105649 0 0.894351
0.10574 0 0.89426
0.105834 0 0.894166
0.105937 0 0.894063
0.106044 0 0.893956
0.106156 0 0.893844
0.106274 0 0.893726
0.106397 0 0.893603
0.106937 0 0.893063
0.106955 0 0.893045
0.106741 0 0.893259
0.106887 0 0.893113
0.107038 0 0.892962
0.107195 0 0.892805
0.107357 0 0.892643
0.107525 0 0.892475
0.1077 0 0.8923
0.107879 0 0.892121
0.51375 0 0.48625
0.470002 0 0.529998
0.205377 0 0.794623
0.202072 0 0.797928
0.199078 0 0.800922
0.196397 0 0.803603
0.195262 0 0.804738
0.198354 0 0.801646
0.199036 0 0.800964
0.199736 0 0.800264
0.20056 0 0.79944
0.2014 0 0.7986
0.201797 0 0.798203
0.200354 0 0.799646
0.595902 0 0.404098
0.591009 0 0.408991
0.589573 0 0.410427
0.593171 0 0.406829
0.596841 0 0.403159
0.520836 0 0.479164
0.518035 0 0.481965
0.515289 0 0.484711
0.512597 0 0.487403
0.508355 0 0.491645
0.505775 0 0.494225
0.503245 0 0.496755
0.500766 0 0.499234
0.498335 0 0.501665
0.495951 0 0.504049
0.493614 0 0.506386
0.491322 0 0.508678
0.489076 0 0.510924
0.486874 0 0.513126
0.484715 0 0.515285
0.482598 0 0.517402
0.481297 0 0.518703
0.486867 0 0.513133
0.492591 0 0.507409
0.498476 0 0.501524
0.445145 0 0.554855
0.446598 0 0.553402
0.176939 0 0.823061
0.176568 0 0.823432
0.176207 0 0.823793
0.175857 0 0.824143
0.125056 0 0.874944
0.111006 0 0.888994
0.107822 0 0.892178
0.105626 0 0.894374
0.105716 0 0.894284
0.10541 0 0.89459
0.105527 0 0.894473
0.105649 0 0.894351
0.105776 0 0.894224
0.10625 0 0.89375
0.106373 0 0.893627
0.106917 0 0.893083
0.106928 0 0.893072
0.106717 0 0.893283
0.106863 0 0.893137
0.106664 0 0.893336
0.106836 0 0.893164
0.107014 0 0.892986
0.107198 0 0.892802
0.107675 0 0.892325
0.107855 0 0.892145
0.469977 0 0.530023
0.205317 0 0.794683
0.20201 0 0.79799
0.199071 0 0.800929
0.196379 0 0.803621
0.195392 0 0.804608
0.198404 0 0.801596
0.199102 0 0.800898
0.199783 0 0.800217
0.200496 0 0.799504
0.201336 0 0.798664
0.201801 0 0.798199
0.20035 0 0.79965
0.595861 0 0.404139
0.590968 0 0.409032
0.589611 0 0.410389
0.593208 0 0.406792
0.59688 0 0.40312
0.52077 0 0.47923
0.51797 0 0.48203
0.515225 0 0.484775
0.512533 0 0.487467
0.508292 0 0.491708
0.505713 0 0.494287
0.503184 0 0.496816
0.500705 0 0.499295
0.498274 0 0.501726
0.495891 0 0.504109
0.493555 0 0.506445
0.491264 0 0.508736
0.489018 0 0.510982
0.486817 0 0.513183
0.484658 0 0.515342
0.482542 0 0.517458
0.481327 0 0.518673
0.486897 0 0.513103
0.492622 0 0.507378
0.498509 0 0.501491
0.445117 0 0.554883
0.446588 0 0.553412
0.176901 0 0.823099
0.17653 0 0.82347
0.176169 0 0.823831
0.175819 0 0.824181
0.124966 0 0.875034
0.110562 0 0.889438
0.1078 0 0.8922
0.105604 0 0.894396
0.105694 0 0.894306
0.105377 0 0.894623
0.105304 0 0.894696
0.105411 0 0.894589
0.105522 0 0.894478
0.106228 0 0.893772
0.106351 0 0.893649
0.106899 0 0.893101
0.106903 0 0.893097
0.106695 0 0.893305
0.10684 0 0.89316
0.106396 0 0.893604
0.106551 0 0.893449
0.106713 0 0.893287
0.10688 0 0.89312
0.107652 0 0.892348
0.107832 0 0.892168
0.55553 0 0.44447
0.469979 0 0.530021
0.205278 0 0.794722
0.201985 0 0.798015
0.199066 0 0.800934
0.196363 0 0.803637
0.1956 0 0.8044
0.198476 0 0.801524
0.199186 0 0.800814
0.199836 0 0.800164
0.200548 0 0.799452
0.201275 0 0.798725
0.201809 0 0.798191
0.200348 0 0.799652
0.595825 0 0.404175
0.590933 0 0.409067
0.589656 0 0.410344
0.593254 0 0.406746
0.596926 0 0.403074
0.520711 0 0.479289
0.517912 0 0.482088
0.515167 0 0.484833
0.512476 0 0.487524
0.508235 0 0.491765
0.505657 0 0.494343
0.503129 0 0.496871
0.50065 0 0.49935
0.49822 0 0.50178
0.495838 0 0.504162
0.493502 0 0.506498
0.491212 0 0.508788
0.488967 0 0.511033
0.486766 0 0.513234
0.484607 0 0.515393
0.482492 0 0.517508
0.481362 0 0.518638
0.486933 0 0.513067
0.492659 0 0.507341
0.498545 0 0.501454
0.445094 0 0.554906
0.446581 0 0.553419
0.176865 0 0.823135
0.176494 0 0.823506
0.176134 0 0.823866
0.175783 0 0.824217
0.119756 0 0.880244
0.110492 0 0.889508
0.107778 0 0.892222
0.105583 0 0.894417
0.105673 0 0.894327
0.105353 0 0.894647
0.105284 0 0.894716
0.10539 0 0.89461
0.105501 0 0.894499
0.106207 0 0.893793
0.10633 0 0.89367
0.106881 0 0.893119
0.106879 0 0.893121
0.106674 0 0.893326
0.106819 0 0.893181
0.106374 0 0.893626
0.10653 0 0.89347
0.106691 0 0.893309
0.106859 0 0.893141
0.107631 0 0.892369
0.10781 0 0.89219
0.555293 0 0.444707
0.470011 0 0.529989
0.205273 0 0.794727
0.201963 0 0.798037
0.199065 0 0.800935
0.196358 0 0.803642
0.19581 0 0.80419
0.19857 0 0.80143
0.199272 0 0.800728
0.19995 0 0.80005
0.200654 0 0.799346
0.201374 0 0.798626
0.201821 0 0.798179
0.200452 0 0.799548
0.595797 0 0.404203
0.590906 0 0.409094
0.589709 0 0.410291
0.593308 0 0.406692
0.59698 0 0.40302
0.520658 0 0.479342
0.517859 0 0.482141
0.515115 0 0.484885
0.512487 0 0.487513
0.508184 0 0.491816
0.505607 0 0.494393
0.50308 0 0.49692
0.500602 0 0.499398
0.498172 0 0.501828
0.495791 0 0.504209
0.493455 0 0.506545
0.491165 0 0.508835
0.488921 0 0.511079
0.48672 0 0.51328
0.484562 0 0.515437
0.482447 0 0.517553
0.481405 0 0.518595
0.486976 0 0.513024
0.492703 0 0.507297
0.498591 0 0.501409
0.445076 0 0.554924
0.446582 0 0.553418
0.176831 0 0.823169
0.17646 0 0.82354
0.1761 0 0.8239
0.17575 0 0.82425
0.119671 0 0.880329
0.11042 0 0.88958
0.107759 0 0.892241
0.105564 0 0.894436
0.105654 0 0.894346
0.105329 0 0.89467
0.105264 0 0.894736
0.10537 0 0.89463
0.105482 0 0.894518
0.106187 0 0.893813
0.10631 0 0.89369
0.106866 0 0.893134
0.106857 0 0.893143
0.106654 0 0.893346
0.106799 0 0.893201
0.106355 0 0.893645
0.10651 0 0.89349
0.106671 0 0.893329
0.106838 0 0.893162
0.10761 0 0.89239
0.10779 0 0.89221
0.555121 0 0.444879
0.47008 0 0.52992
0.201963 0 0.798037
0.199065 0 0.800935
0.196361 0 0.803639
0.198332 0 0.801668
0.198975 0 0.801025
0.199686 0 0.800314
0.200298 0 0.799702
0.201006 0 0.798994
0.201827 0 0.798173
0.201834 0 0.798166
0.20057 0 0.79943
0.563804 0 0.436196
0.56708 0 0.43292
0.570265 0 0.429735
0.580187 0 0.419813
0.580844 0 0.419156
0.58617 0 0.41383
0.593369 0 0.406631
0.597041 0 0.402959
0.52061 0 0.47939
0.517812 0 0.482188
0.515069 0 0.484931
0.512537 0 0.487463
0.50814 0 0.49186
0.505563 0 0.494437
0.503036 0 0.496964
0.500559 0 0.499441
0.49813 0 0.50187
0.495749 0 0.504251
0.493414 0 0.506586
0.491125 0 0.508875
0.48888 0 0.51112
0.48668 0 0.51332
0.484523 0 0.515477
0.482408 0 0.517592
0.481453 0 0.518547
0.487026 0 0.512974
0.492754 0 0.507246
0.498643 0 0.501357
0.445064 0 0.554936
0.176799 0 0.823201
0.176429 0 0.823571
0.176069 0 0.823931
0.175718 0 0.824282
0.11959 0 0.88041
0.110352 0 0.889648
0.107741 0 0.892259
0.105545 0 0.894455
0.105636 0 0.894364
0.105308 0 0.894692
0.105246 0 0.894754
0.105352 0 0.894648
0.105464 0 0.894536
0.106169 0 0.893831
0.106292 0 0.893708
0.106851 0 0.893149
0.106836 0 0.893164
0.106635 0 0.893365
0.10678 0 0.89322
0.106336 0 0.893664
0.106491 0 0.893509
0.106653 0 0.893347
0.10682 0 0.89318
0.107591 0 0.892409
0.107771 0 0.892229
0.55499 0 0.44501
0.470197 0 0.529803
0.199078 0 0.800922
0.196375 0 0.803625
0.198738 0 0.801262
0.199496 0 0.800504
0.200272 0 0.799728
0.200651 0 0.799349
0.201497 0 0.798503
0.20248 0 0.79752
0.20185 0 0.79815
0.200932 0 0.799068
0.540024 0 0.459976
0.540256 0 0.459744
0.539717 0 0.460283
0.54209 0 0.45791
0.545829 0 0.454171
0.545081 0 0.454919
0.545131 0 0.454869
0.547401 0 0.452599
0.54855 0 0.45145
0.550596 0 0.449404
0.553151 0 0.446849
0.554159 0 0.445841
0.555087 0 0.444913
0.555828 0 0.444172
0.558787 0 0.441213
0.562095 0 0.437905
0.565111 0 0.434889
0.564031 0 0.435969
0.590987 0 0.409013
0.59614 0 0.40386
0.520569 0 0.479431
0.517772 0 0.482228
0.514562 0 0.485438
0.512592 0 0.487408
0.508101 0 0.491899
0.505525 0 0.494475
0.502999 0 0.497001
0.500522 0 0.499478
0.498093 0 0.501907
0.495713 0 0.504287
0.493378 0 0.506622
0.49109 0 0.50891
0.488846 0 0.511154
0.486646 0 0.513354
0.48449 0 0.51551
0.482375 0 0.517625
0.481509 0 0.518491
0.487083 0 0.512917
0.492811 0 0.507189
0.4987 0 0.5013
0.445057 0 0.554943
0.17677 0 0.82323
0.1764 0 0.8236
0.176039 0 0.823961
0.175689 0 0.824311
0.119509 0 0.880491
0.110283 0 0.889717
0.107975 0 0.892025
0.105529 0 0.894471
0.105619 0 0.894381
0.105287 0 0.894713
0.10523 0 0.89477
0.105335 0 0.894665
0.105447 0 0.894553
0.106152 0 0.893848
0.106275 0 0.893725
0.108842 0 0.891158
0.107455 0 0.892545
0.106618 0 0.893382
0.106763 0 0.893237
0.106319 0 0.893681
0.106474 0 0.893526
0.106635 0 0.893364
0.106802 0 0.893198
0.107574 0 0.892426
0.107753 0 0.892247
0.554889 0 0.445111
0.470402 0 0.529598
0.0496551 0 0.950345
0.196392 0 0.803608
0.199356 0 0.800644
0.200084 0 0.799916
0.200865 0 0.799135
0.201181 0 0.798819
0.20215 0 0.79785
0.203139 0 0.796861
0.201872 0 0.798128
0.499187 0 0.500813
0.499993 0 0.500007
0.5007 0 0.4993
0.505791 0 0.494209
0.507452 0 0.492548
0.508124 0 0.491876
0.509263 0 0.490737
0.5096 0 0.4904
0.510328 0 0.489672
0.511945 0 0.488055
0.512269 0 0.487731
0.513368 0 0.486632
0.517039 0 0.482961
0.5219 0 0.4781
0.523087 0 0.476913
0.524567 0 0.475433
0.525209 0 0.474791
0.528678 0 0.471322
0.531841 0 0.468159
0.534493 0 0.465507
0.536815 0 0.463185
0.540122 0 0.459878
0.543938 0 0.456062
0.548544 0 0.451456
0.555778 0 0.444222
0.564921 0 0.435079
0.571286 0 0.428714
0.575939 0 0.424061
0.596841 0 0.403159
0.520535 0 0.479465
0.515619 0 0.484381
0.512494 0 0.487506
0.512653 0 0.487347
0.516375 0 0.483625
0.513757 0 0.486243
0.513905 0 0.486095
0.490627 0 0.509373
0.491244 0 0.508756
0.504827 0 0.495173
0.445055 0 0.554945
0.176742 0 0.823258
0.176372 0 0.823628
0.176012 0 0.823988
0.175662 0 0.824338
0.119431 0 0.880569
0.110215 0 0.889785
0.10878 0 0.89122
0.106277 0 0.893723
0.105604 0 0.894396
0.105338 0 0.894662
0.105426 0 0.894574
0.10552 0 0.89448
0.10562 0 0.89438
0.106136 0 0.893864
0.106259 0 0.893741
0.109198 0 0.890802
0.109323 0 0.890677
0.106602 0 0.893398
0.106747 0 0.893253
0.106502 0 0.893498
0.106646 0 0.893354
0.106796 0 0.893204
0.106952 0 0.893048
0.107558 0 0.892442
0.110538 0 0.889462
0.554814 0 0.445186
0.0496512 0 0.950349
0.200373 0 0.799627
0.200953 0 0.799047
0.201766 0 0.798234
0.202343 0 0.797657
0.202999 0 0.797001
0.203806 0 0.796194
0.201906 0 0.798094
0.31923 0 0.68077
0.32177 0 0.67823
0.32435 0 0.67565
0.326971 0 0.673029
0.329635 0 0.670365
0.332342 0 0.667658
0.335093 0 0.664907
0.337889 0 0.662111
0.340732 0 0.659268
0.34362 0 0.65638
0.346558 0 0.653442
0.349544 0 0.650456
0.352581 0 0.647419
0.355669 0 0.644331
0.358809 0 0.641191
0.362004 0 0.637996
0.365253 0 0.634747
0.368558 0 0.631442
0.37192 0 0.62808
0.375342 0 0.624658
0.378824 0 0.621176
0.382367 0 0.617633
0.499808 0 0.500192
0.503265 0 0.496735
0.506366 0 0.493634
0.507394 0 0.492606
0.510651 0 0.489349
0.515847 0 0.484153
0.520567 0 0.479433
0.522057 0 0.477943
0.528159 0 0.471841
0.53418 0 0.46582
0.550693 0 0.449307
0.592269 0 0.407731
0.513969 0 0.486031
0.511909 0 0.488091
0.512721 0 0.487279
0.510582 0 0.489418
0.507993 0 0.492007
0.506298 0 0.493702
0.508649 0 0.491351
0.506182 0 0.493818
0.503762 0 0.496238
0.501391 0 0.498609
0.489894 0 0.510106
0.490382 0 0.509618
0.494551 0 0.505449
0.484723 0 0.515277
0.488053 0 0.511947
0.493613 0 0.506387
0.499328 0 0.500672
0.590402 0 0.409598
0.586583 0 0.413417
0.58284 0 0.41716
0.582987 0 0.417013
0.588167 0 0.411833
0.445059 0 0.554941
0.176717 0 0.823283
0.176347 0 0.823653
0.175987 0 0.824013
0.175637 0 0.824363
0.119356 0 0.880644
0.110525 0 0.889475
0.108765 0 0.891235
0.108853 0 0.891147
0.105589 0 0.894411
0.105683 0 0.894317
0.105772 0 0.894228
0.105866 0 0.894134
0.105967 0 0.894033
0.106122 0 0.893878
0.109622 0 0.890378
0.109754 0 0.890246
0.109893 0 0.890107
0.107432 0 0.892568
0.106733 0 0.893267
0.106854 0 0.893146
0.106999 0 0.893001
0.10715 0 0.89285
0.107307 0 0.892693
0.107543 0 0.892457
0.111207 0 0.888793
0.554761 0 0.445239
0.0496081 0 0.950392
0.0496477 0 0.950352
0.202568 0 0.797432
0.203026 0 0.796974
0.203794 0 0.796206
0.204863 0 0.795137
0.204459 0 0.795541
0.202436 0 0.797564
0.283607 0 0.716393
0.285609 0 0.714391
0.28764 0 0.71236
0.289699 0 0.710301
0.291789 0 0.708211
0.293907 0 0.706093
0.296056 0 0.703944
0.298237 0 0.701763
0.300449 0 0.699551
0.302693 0 0.697307
0.304969 0 0.695031
0.307279 0 0.692721
0.309624 0 0.690376
0.312002 0 0.687998
0.314416 0 0.685584
0.316866 0 0.683134
0.319353 0 0.680647
0.321876 0 0.678124
0.324438 0 0.675562
0.327039 0 0.672961
0.329679 0 0.670321
0.332359 0 0.667641
0.335081 0 0.664919
0.337844 0 0.662156
0.34065 0 0.65935
0.3435 0 0.6565
0.346394 0 0.653606
0.349334 0 0.650666
0.35232 0 0.647681
0.355353 0 0.644647
0.358434 0 0.641566
0.361564 0 0.638436
0.364744 0 0.635256
0.367976 0 0.632024
0.371261 0 0.628739
0.374598 0 0.625402
0.37799 0 0.62201
0.381438 0 0.618562
0.384942 0 0.615058
0.388505 0 0.611495
0.392127 0 0.607873
0.39581 0 0.60419
0.399554 0 0.600446
0.403362 0 0.596638
0.407235 0 0.592765
0.411174 0 0.588826
0.41518 0 0.58482
0.582552 0 0.417448
0.579552 0 0.420448
0.578942 0 0.421058
0.574997 0 0.425003
0.573479 0 0.426521
0.573358 0 0.426642
0.5847 0 0.4153
0.585575 0 0.414425
0.586533 0 0.413467
0.58793 0 0.41207
0.58904 0 0.41096
0.589949 0 0.410051
0.579579 0 0.420421
0.583529 0 0.416471
0.514388 0 0.485612
0.512112 0 0.487888
0.514041 0 0.485959
0.510561 0 0.489439
0.507974 0 0.492026
0.506371 0 0.493629
0.597696 0 0.402304
0.59128 0 0.40872
0.489941 0 0.510059
0.490437 0 0.509563
0.505091 0 0.494909
0.503676 0 0.496324
0.50604 0 0.49396
0.493688 0 0.506312
0.499403 0 0.500597
0.587033 0 0.412967
0.583257 0 0.416743
0.581135 0 0.418865
0.581235 0 0.418765
0.585037 0 0.414963
0.590281 0 0.409719
0.445069 0 0.554931
0.176694 0 0.823306
0.176324 0 0.823676
0.175965 0 0.824036
0.136318 0 0.863682
0.119393 0 0.880607
0.110462 0 0.889538
0.108752 0 0.891248
0.10884 0 0.89116
0.106175 0 0.893825
0.105672 0 0.894328
0.105773 0 0.894227
0.105879 0 0.894121
0.105991 0 0.894009
0.106109 0 0.893891
0.109608 0 0.890392
0.109741 0 0.890259
0.109879 0 0.890121
0.110023 0 0.889978
0.106719 0 0.893281
0.10687 0 0.89313
0.107026 0 0.892974
0.107188 0 0.892812
0.107355 0 0.892645
0.111008 0 0.888992
0.111193 0 0.888807
0.554728 0 0.445272
0.0494581 0 0.950542
0.0494573 0 0.950543
0.0494636 0 0.950536
0.0494725 0 0.950527
0.049645 0 0.950355
0.5686 0 0.4314
0.247336 0 0.752664
0.210172 0 0.789828
0.207173 0 0.792827
0.204499 0 0.795501
0.203008 0 0.796992
0.255133 0 0.744867
0.256753 0 0.743247
0.258392 0 0.741608
0.260053 0 0.739947
0.261735 0 0.738265
0.263438 0 0.736562
0.265163 0 0.734837
0.266911 0 0.733089
0.268681 0 0.731319
0.270474 0 0.729526
0.27229 0 0.72771
0.27413 0 0.72587
0.275994 0 0.724006
0.277882 0 0.722118
0.279795 0 0.720205
0.281733 0 0.718267
0.283697 0 0.716303
0.285686 0 0.714314
0.287703 0 0.712297
0.289746 0 0.710254
0.291816 0 0.708184
0.293914 0 0.706086
0.29604 0 0.70396
0.298195 0 0.701805
0.300379 0 0.699621
0.302592 0 0.697407
0.304836 0 0.695164
0.30711 0 0.69289
0.309415 0 0.690585
0.311752 0 0.688248
0.314121 0 0.685879
0.316522 0 0.683478
0.318957 0 0.681043
0.321425 0 0.678575
0.323929 0 0.676071
0.326466 0 0.673534
0.32904 0 0.67096
0.331649 0 0.668351
0.334295 0 0.665705
0.336979 0 0.663021
0.339701 0 0.660299
0.342461 0 0.657539
0.345261 0 0.654739
0.348101 0 0.651899
0.350981 0 0.649019
0.353903 0 0.646097
0.356867 0 0.643133
0.359874 0 0.640126
0.362925 0 0.637075
0.366021 0 0.633979
0.369161 0 0.630839
0.372348 0 0.627652
0.375581 0 0.624419
0.378863 0 0.621137
0.382193 0 0.617807
0.385572 0 0.614428
0.389002 0 0.610998
0.392484 0 0.607516
0.531845 0 0.468155
0.53408 0 0.46592
0.532546 0 0.467454
0.526041 0 0.473959
0.513261 0 0.486739
0.543286 0 0.456714
0.546548 0 0.453452
0.52878 0 0.47122
0.575474 0 0.424526
0.576105 0 0.423895
0.581092 0 0.418908
0.581791 0 0.418209
0.581692 0 0.418308
0.490803 0 0.509197
0.491464 0 0.508536
0.506173 0 0.493827
0.50431 0 0.49569
0.56802 0 0.43198
0.562038 0 0.437962
0.560143 0 0.439857
0.556831 0 0.443169
0.55544 0 0.44456
0.555963 0 0.444037
0.559919 0 0.440081
0.542759 0 0.457241
0.540415 0 0.459585
0.539335 0 0.460665
0.540204 0 0.459796
0.541809 0 0.458191
0.543707 0 0.456293
0.585613 0 0.414387
0.521333 0 0.478667
0.58105 0 0.41895
0.58115 0 0.41885
0.581948 0 0.418052
0.587135 0 0.412865
0.501394 0 0.498606
0.490404 0 0.509596
0.487935 0 0.512065
0.445083 0 0.554917
0.176673 0 0.823327
0.176304 0 0.823696
0.137458 0 0.862542
0.135808 0 0.864192
0.119788 0 0.880212
0.110398 0 0.889602
0.108272 0 0.891728
0.108373 0 0.891627
0.108478 0 0.891522
0.105898 0 0.894102
0.105988 0 0.894012
0.106084 0 0.893916
0.106184 0 0.893816
0.109086 0 0.890914
0.109224 0 0.890776
0.109367 0 0.890633
0.109516 0 0.890484
0.10967 0 0.89033
0.10742 0 0.89258
0.107081 0 0.892919
0.107228 0 0.892772
0.10738 0 0.89262
0.107539 0 0.892461
0.110717 0 0.889283
0.110912 0 0.889088
0.554714 0 0.445286
0.0494277 0 0.950572
0.0494213 0 0.950579
0.0494174 0 0.950583
0.0494159 0 0.950584
0.0494169 0 0.950583
0.568765 0 0.431235
0.226659 0 0.773341
0.207258 0 0.792742
0.204541 0 0.795459
0.203586 0 0.796414
0.231853 0 0.768147
0.233189 0 0.766811
0.234541 0 0.765459
0.235908 0 0.764092
0.237291 0 0.762709
0.23869 0 0.76131
0.240105 0 0.759895
0.241537 0 0.758463
0.242985 0 0.757015
0.24445 0 0.75555
0.245933 0 0.754067
0.247433 0 0.752567
0.24895 0 0.75105
0.250485 0 0.749515
0.252038 0 0.747962
0.25361 0 0.74639
0.2552 0 0.7448
0.256809 0 0.743191
0.258436 0 0.741564
0.260083 0 0.739917
0.26175 0 0.73825
0.263437 0 0.736563
0.265143 0 0.734857
0.26687 0 0.73313
0.268618 0 0.731382
0.270386 0 0.729614
0.272176 0 0.727824
0.273987 0 0.726013
0.275821 0 0.724179
0.277676 0 0.722324
0.279554 0 0.720446
0.281454 0 0.718546
0.283378 0 0.716622
0.285324 0 0.714676
0.287295 0 0.712705
0.289289 0 0.710711
0.291308 0 0.708692
0.293351 0 0.706649
0.29542 0 0.70458
0.297514 0 0.702486
0.299633 0 0.700367
0.301778 0 0.698222
0.30395 0 0.69605
0.306149 0 0.693851
0.308375 0 0.691625
0.310628 0 0.689372
0.31291 0 0.68709
0.315219 0 0.684781
0.317557 0 0.682443
0.319925 0 0.680075
0.322322 0 0.677678
0.324748 0 0.675252
0.327205 0 0.672795
0.329693 0 0.670307
0.332212 0 0.667788
0.334763 0 0.665237
0.337346 0 0.662655
0.33996 0 0.66004
0.342609 0 0.657391
0.34529 0 0.65471
0.348005 0 0.651995
0.350755 0 0.649245
0.353539 0 0.646461
0.356359 0 0.643641
0.359215 0 0.640785
0.362107 0 0.637893
0.365035 0 0.634965
0.368001 0 0.631999
0.371005 0 0.628995
0.374046 0 0.625954
0.498779 0 0.501221
0.49335 0 0.50665
0.490528 0 0.509472
0.49121 0 0.50879
0.506518 0 0.493482
0.507428 0 0.492572
0.506121 0 0.493879
0.504928 0 0.495072
0.512385 0 0.487615
0.519885 0 0.480115
0.54479 0 0.45521
0.541614 0 0.458386
0.539006 0 0.460994
0.536976 0 0.463024
0.534165 0 0.465835
0.530276 0 0.469724
0.527256 0 0.472744
0.526699 0 0.473301
0.519001 0 0.480999
0.515297 0 0.484703
0.510655 0 0.489345
0.508117 0 0.491883
0.506053 0 0.493947
0.503928 0 0.496072
0.501308 0 0.498692
0.498796 0 0.501204
0.49087 0 0.50913
0.487791 0 0.512209
0.484649 0 0.515351
0.481198 0 0.518803
0.445104 0 0.554896
0.483122 0 0.516878
0.176654 0 0.823346
0.176285 0 0.823715
0.135205 0 0.864795
0.135304 0 0.864696
0.120187 0 0.879813
0.110339 0 0.889661
0.108243 0 0.891757
0.10833 0 0.89167
0.108423 0 0.891577
0.108521 0 0.891479
0.108625 0 0.891375
0.108734 0 0.891266
0.108849 0 0.891151
0.108969 0 0.891031
0.109095 0 0.890905
0.109227 0 0.890773
0.109364 0 0.890636
0.109507 0 0.890493
0.109656 0 0.890344
0.10981 0 0.89019
0.109971 0 0.890029
0.110137 0 0.889863
0.110309 0 0.889691
0.110487 0 0.889513
0.110672 0 0.889328
0.500487 0 0.499513
0.501924 0 0.498076
0.503806 0 0.496194
0.506098 0 0.493902
0.508823 0 0.491177
0.0494213 0 0.950579
0.049415 0 0.950585
0.049411 0 0.950589
0.0494095 0 0.95059
0.0494105 0 0.95059
0.56895 0 0.43105
0.207724 0 0.792276
0.204627 0 0.795373
0.211356 0 0.788644
0.212466 0 0.787534
0.213587 0 0.786413
0.214719 0 0.785281
0.215864 0 0.784136
0.217021 0 0.782979
0.218191 0 0.781809
0.219373 0 0.780627
0.220567 0 0.779433
0.221774 0 0.778226
0.222994 0 0.777006
0.224226 0 0.775774
0.225472 0 0.774528
0.226731 0 0.773269
0.228003 0 0.771997
0.229289 0 0.770711
0.230589 0 0.769411
0.231903 0 0.768098
0.23323 0 0.76677
0.234572 0 0.765428
0.235927 0 0.764073
0.237298 0 0.762702
0.238683 0 0.761317
0.240083 0 0.759917
0.241498 0 0.758502
0.242928 0 0.757072
0.244373 0 0.755627
0.245834 0 0.754166
0.247311 0 0.752689
0.248803 0 0.751197
0.250312 0 0.749688
0.251837 0 0.748163
0.253378 0 0.746622
0.254935 0 0.745065
0.25651 0 0.74349
0.258101 0 0.741899
0.259709 0 0.740291
0.261335 0 0.738665
0.262978 0 0.737022
0.264639 0 0.735361
0.266318 0 0.733682
0.268015 0 0.731985
0.26973 0 0.73027
0.271464 0 0.728536
0.273217 0 0.726783
0.274988 0 0.725012
0.276778 0 0.723222
0.278588 0 0.721412
0.280417 0 0.719583
0.282266 0 0.717734
0.284134 0 0.715866
0.286024 0 0.713976
0.287933 0 0.712067
0.289863 0 0.710137
0.291813 0 0.708187
0.293785 0 0.706215
0.295778 0 0.704222
0.297793 0 0.702207
0.299828 0 0.700172
0.301886 0 0.698114
0.303966 0 0.696034
0.306983 0 0.693017
0.310531 0 0.689469
0.314177 0 0.685822
0.317926 0 0.682074
0.321781 0 0.678219
0.325747 0 0.674253
0.329828 0 0.670172
0.334029 0 0.665971
0.338355 0 0.661645
0.342812 0 0.657188
0.345561 0 0.654439
0.349896 0 0.650104
0.352981 0 0.647019
0.355699 0 0.644301
0.358408 0 0.641592
0.363633 0 0.636367
0.370266 0 0.629734
0.475347 0 0.524653
0.477119 0 0.522881
0.477881 0 0.522119
0.490855 0 0.509145
0.49105 0 0.50895
0.49031 0 0.50969
0.489492 0 0.510508
0.48916 0 0.51084
0.488993 0 0.511006
0.488049 0 0.511951
0.48956 0 0.51044
0.510933 0 0.489067
0.506589 0 0.493411
0.503592 0 0.496408
0.499522 0 0.500478
0.496792 0 0.503208
0.493974 0 0.506026
0.49132 0 0.50868
0.48795 0 0.51205
0.485232 0 0.514768
0.481697 0 0.518303
0.47693 0 0.52307
0.473302 0 0.526698
0.44513 0 0.55487
0.470704 0 0.529296
0.176638 0 0.823362
0.176268 0 0.823732
0.134985 0 0.865015
0.134805 0 0.865195
0.12059 0 0.87941
0.112447 0 0.887553
0.10872 0 0.89128
0.108321 0 0.891679
0.108414 0 0.891586
0.108512 0 0.891488
0.108615 0 0.891385
0.108725 0 0.891275
0.108839 0 0.891161
0.10896 0 0.89104
0.109085 0 0.890915
0.109217 0 0.890783
0.109354 0 0.890646
0.109497 0 0.890503
0.109646 0 0.890354
0.109801 0 0.890199
0.109961 0 0.890039
0.110127 0 0.889873
0.110299 0 0.889701
0.110478 0 0.889522
0.111159 0 0.888841
0.495471 0 0.504529
0.496861 0 0.503139
0.434696 0 0.565304
0.500344 0 0.499656
0.50265 0 0.49735
0.504978 0 0.495022
0.50737 0 0.49263
0.509804 0 0.490196
0.51227 0 0.48773
0.514792 0 0.485208
0.0494155 0 0.950584
0.0494091 0 0.950591
0.0494053 0 0.950595
0.0494038 0 0.950596
0.0494047 0 0.950595
0.569146 0 0.430854
0.193104 0 0.806896
0.194362 0 0.805638
0.195896 0 0.804104
0.197018 0 0.802982
0.197981 0 0.802019
0.198954 0 0.801046
0.199936 0 0.800064
0.200928 0 0.799072
0.20193 0 0.79807
0.20294 0 0.79706
0.203961 0 0.796039
0.204992 0 0.795008
0.206034 0 0.793966
0.207085 0 0.792915
0.208146 0 0.791854
0.209217 0 0.790783
0.2103 0 0.7897
0.211392 0 0.788608
0.212495 0 0.787505
0.213609 0 0.786391
0.214849 0 0.785151
0.216198 0 0.783802
0.217576 0 0.782424
0.218982 0 0.781018
0.220417 0 0.779583
0.221882 0 0.778118
0.223378 0 0.776622
0.224905 0 0.775095
0.226463 0 0.773537
0.228056 0 0.771944
0.229682 0 0.770318
0.231343 0 0.768657
0.233039 0 0.766961
0.234772 0 0.765228
0.236543 0 0.763457
0.238353 0 0.761647
0.240202 0 0.759798
0.242092 0 0.757908
0.244025 0 0.755975
0.246 0 0.754
0.24802 0 0.75198
0.250086 0 0.749914
0.252 0 0.748
0.253322 0 0.746678
0.254902 0 0.745098
0.256594 0 0.743406
0.258478 0 0.741522
0.25933 0 0.74067
0.260558 0 0.739442
0.261971 0 0.738029
0.263411 0 0.736589
0.265583 0 0.734417
0.268705 0 0.731295
0.270613 0 0.729387
0.272203 0 0.727797
0.273834 0 0.726166
0.275967 0 0.724033
0.277728 0 0.722272
0.278444 0 0.721556
0.280931 0 0.719069
0.280751 0 0.719249
0.280787 0 0.719213
0.284343 0 0.715657
0.28381 0 0.71619
0.284302 0 0.715698
0.286638 0 0.713362
0.291083 0 0.708917
0.292571 0 0.707429
0.300086 0 0.699914
0.302658 0 0.697342
0.304682 0 0.695318
0.307137 0 0.692863
0.313336 0 0.686664
0.31583 0 0.68417
0.317407 0 0.682593
0.319648 0 0.680352
0.321944 0 0.678056
0.32383 0 0.67617
0.324839 0 0.675161
0.325807 0 0.674193
0.332122 0 0.667878
0.340789 0 0.659211
0.343638 0 0.656362
0.344434 0 0.655566
0.348182 0 0.651818
0.365003 0 0.634997
0.401683 0 0.598317
0.402586 0 0.597414
0.407392 0 0.592608
0.413089 0 0.586911
0.415322 0 0.584678
0.438072 0 0.561928
0.424357 0 0.575643
0.432909 0 0.567091
0.431714 0 0.568286
0.431859 0 0.568141
0.437375 0 0.562625
0.437936 0 0.562064
0.439449 0 0.560551
0.432731 0 0.567269
0.432628 0 0.567372
0.434081 0 0.565919
0.43415 0 0.56585
0.432864 0 0.567136
0.176835 0 0.823165
0.176306 0 0.823694
0.134969 0 0.865031
0.134311 0 0.865689
0.120998 0 0.879003
0.11429 0 0.88571
0.109369 0 0.890631
0.108313 0 0.891687
0.108406 0 0.891594
0.108504 0 0.891496
0.108607 0 0.891393
0.108716 0 0.891284
0.108831 0 0.891169
0.108951 0 0.891049
0.109078 0 0.890922
0.109209 0 0.890791
0.109346 0 0.890654
0.109489 0 0.890511
0.109638 0 0.890362
0.109792 0 0.890208
0.109953 0 0.890047
0.110119 0 0.889881
0.110291 0 0.889709
0.110469 0 0.889531
0.211953 0 0.788047
0.490557 0 0.509443
0.438014 0 0.561986
0.493373 0 0.506626
0.494964 0 0.505036
0.496965 0 0.503035
0.499259 0 0.500741
0.501579 0 0.498421
0.503957 0 0.496043
0.506381 0 0.493619
0.508841 0 0.491159
0.0494104 0 0.95059
0.049404 0 0.950596
0.0494001 0 0.9506
0.0493986 0 0.950601
0.0493994 0 0.950601
0.523584 0 0.476416
0.526366 0 0.473634
0.530843 0 0.469157
0.179173 0 0.820827
0.180587 0 0.819413
0.182504 0 0.817496
0.184607 0 0.815393
0.186452 0 0.813548
0.18842 0 0.81158
0.190382 0 0.809618
0.192317 0 0.807683
0.194251 0 0.805749
0.196111 0 0.803889
0.197887 0 0.802113
0.199565 0 0.800435
0.201223 0 0.798777
0.20256 0 0.79744
0.203876 0 0.796124
0.20515 0 0.79485
0.206446 0 0.793554
0.207682 0 0.792318
0.209015 0 0.790985
0.210334 0 0.789666
0.211613 0 0.788387
0.21301 0 0.78699
0.214125 0 0.785875
0.214958 0 0.785042
0.215538 0 0.784462
0.21599 0 0.78401
0.21648 0 0.78352
0.216997 0 0.783003
0.217515 0 0.782485
0.218031 0 0.781969
0.218522 0 0.781478
0.218983 0 0.781017
0.219474 0 0.780526
0.22 0 0.78
0.22056 0 0.77944
0.221246 0 0.778754
0.222665 0 0.777335
0.224 0 0.776
0.225913 0 0.774087
0.229429 0 0.770571
0.231011 0 0.768989
0.232556 0 0.767444
0.237121 0 0.762879
0.238822 0 0.761178
0.241536 0 0.758464
0.24312 0 0.75688
0.244728 0 0.755272
0.245511 0 0.754489
0.246216 0 0.753784
0.246879 0 0.753121
0.24784 0 0.75216
0.249258 0 0.750742
0.2513 0 0.7487
0.253156 0 0.746844
0.25406 0 0.74594
0.25522 0 0.74478
0.256493 0 0.743507
0.257683 0 0.742317
0.259324 0 0.740676
0.261309 0 0.738691
0.262815 0 0.737185
0.262792 0 0.737208
0.262852 0 0.737148
0.263952 0 0.736048
0.265458 0 0.734542
0.266395 0 0.733605
0.267411 0 0.732589
0.269266 0 0.730734
0.271132 0 0.728868
0.273374 0 0.726626
0.276301 0 0.723699
0.278855 0 0.721145
0.27971 0 0.72029
0.282529 0 0.717471
0.284147 0 0.715853
0.28613 0 0.71387
0.2878 0 0.7122
0.289309 0 0.710691
0.291018 0 0.708982
0.294165 0 0.705835
0.297308 0 0.702692
0.300509 0 0.699491
0.303853 0 0.696147
0.30723 0 0.69277
0.310534 0 0.689466
0.314213 0 0.685787
0.317543 0 0.682457
0.320176 0 0.679824
0.322829 0 0.677171
0.325331 0 0.674669
0.327385 0 0.672615
0.329515 0 0.670485
0.334528 0 0.665472
0.338473 0 0.661527
0.342479 0 0.657521
0.346856 0 0.653144
0.352294 0 0.647706
0.358913 0 0.641087
0.370691 0 0.629309
0.381845 0 0.618155
0.38475 0 0.61525
0.386909 0 0.613091
0.387548 0 0.612452
0.176592 0 0.823408
0.176128 0 0.823872
0.134954 0 0.865046
0.134276 0 0.865724
0.122846 0 0.877154
0.114232 0 0.885768
0.112844 0 0.887156
0.10927 0 0.89073
0.108399 0 0.891601
0.108497 0 0.891503
0.108601 0 0.891399
0.10871 0 0.89129
0.108824 0 0.891176
0.108945 0 0.891055
0.109071 0 0.890929
0.109202 0 0.890798
0.109339 0 0.890661
0.109482 0 0.890518
0.109631 0 0.890369
0.109785 0 0.890215
0.109945 0 0.890055
0.110112 0 0.889888
0.110284 0 0.889716
0.201703 0 0.798297
0.211999 0 0.788001
0.485399 0 0.514601
0.48698 0 0.51302
0.429588 0 0.570412
0.489958 0 0.510042
0.0493179 0 0.950682
0.049308 0 0.950692
0.0493005 0 0.950699
0.0492952 0 0.950705
0.0492923 0 0.950708
0.0492917 0 0.950708
0.0492933 0 0.950707
0.0492974 0 0.950703
0.0493036 0 0.950696
0.0493122 0 0.950688
0.0493233 0 0.950677
0.51716 0 0.48284
0.519174 0 0.480826
0.521535 0 0.478465
0.524026 0 0.475974
0.527012 0 0.472988
0.531211 0 0.468789
0.536488 0 0.463512
0.541936 0 0.458064
0.173625 0 0.826375
0.174815 0 0.825185
0.176008 0 0.823992
0.177095 0 0.822905
0.17792 0 0.82208
0.178888 0 0.821112
0.180074 0 0.819926
0.181645 0 0.818355
0.182863 0 0.817137
0.184072 0 0.815928
0.185293 0 0.814707
0.186457 0 0.813543
0.187573 0 0.812427
0.188654 0 0.811346
0.189732 0 0.810268
0.190823 0 0.809177
0.191925 0 0.808075
0.19304 0 0.80696
0.194167 0 0.805833
0.195308 0 0.804692
0.196512 0 0.803488
0.197736 0 0.802264
0.198866 0 0.801134
0.199997 0 0.800003
0.201061 0 0.798939
0.201913 0 0.798087
0.202608 0 0.797392
0.202881 0 0.797119
0.202926 0 0.797074
0.203085 0 0.796915
0.20314 0 0.79686
0.203206 0 0.796794
0.203665 0 0.796335
0.205896 0 0.794104
0.208056 0 0.791944
0.20971 0 0.79029
0.210761 0 0.789239
0.211125 0 0.788875
0.21159 0 0.78841
0.213706 0 0.786294
0.216128 0 0.783872
0.217279 0 0.782721
0.218256 0 0.781744
0.219952 0 0.780048
0.220914 0 0.779086
0.221738 0 0.778262
0.222107 0 0.777893
0.222383 0 0.777617
0.222903 0 0.777097
0.224008 0 0.775992
0.225313 0 0.774687
0.226666 0 0.773334
0.227975 0 0.772025
0.229304 0 0.770696
0.230613 0 0.769387
0.232222 0 0.767778
0.233774 0 0.766226
0.235118 0 0.764882
0.238376 0 0.761624
0.239652 0 0.760348
0.240939 0 0.759061
0.242582 0 0.757418
0.243856 0 0.756144
0.244467 0 0.755533
0.245199 0 0.754801
0.246232 0 0.753768
0.247595 0 0.752405
0.24898 0 0.75102
0.251604 0 0.748396
0.253164 0 0.746836
0.254243 0 0.745757
0.255172 0 0.744828
0.256318 0 0.743682
0.259894 0 0.740106
0.26168 0 0.73832
0.263242 0 0.736758
0.264911 0 0.735089
0.266673 0 0.733327
0.268435 0 0.731565
0.270129 0 0.729871
0.271223 0 0.728777
0.272203 0 0.727797
0.272795 0 0.727205
0.274136 0 0.725864
0.276941 0 0.723059
0.280969 0 0.719031
0.283699 0 0.716301
0.286628 0 0.713372
0.289597 0 0.710403
0.29267 0 0.70733
0.295712 0 0.704288
0.298858 0 0.701142
0.302096 0 0.697904
0.305387 0 0.694613
0.308699 0 0.691301
0.312154 0 0.687846
0.315522 0 0.684478
0.319027 0 0.680973
0.321559 0 0.678441
0.326263 0 0.673737
0.330932 0 0.669068
0.335677 0 0.664323
0.177038 0 0.822962
0.176551 0 0.823449
0.134941 0 0.865059
0.134269 0 0.865731
0.123959 0 0.876041
0.116474 0 0.883526
0.112835 0 0.887165
0.11221 0 0.88779
0.108394 0 0.891606
0.108492 0 0.891508
0.108595 0 0.891405
0.108704 0 0.891296
0.108819 0 0.891181
0.108939 0 0.891061
0.109065 0 0.890935
0.109197 0 0.890803
0.109334 0 0.890666
0.109477 0 0.890523
0.109625 0 0.890375
0.10978 0 0.89022
0.10994 0 0.89006
0.110106 0 0.889894
0.110278 0 0.889722
0.206631 0 0.793369
0.214438 0 0.785562
0.405856 0 0.594144
0.480844 0 0.519156
0.440563 0 0.559437
0.0491487 0 0.950851
0.0491365 0 0.950863
0.0491267 0 0.950873
0.0491193 0 0.950881
0.049114 0 0.950886
0.0491111 0 0.950889
0.0491105 0 0.95089
0.0491122 0 0.950888
0.0491163 0 0.950884
0.0491224 0 0.950878
0.049131 0 0.950869
0.049142 0 0.950858
0.0491551 0 0.950845
0.0491706 0 0.950829
0.0491884 0 0.950812
0.0492085 0 0.950792
0.0492308 0 0.950769
0.522099 0 0.477901
0.524695 0 0.475305
0.527723 0 0.472277
0.531967 0 0.468033
0.169619 0 0.830381
0.170179 0 0.829821
0.171038 0 0.828962
0.17163 0 0.82837
0.172148 0 0.827852
0.172665 0 0.827335
0.173174 0 0.826826
0.173688 0 0.826312
0.174208 0 0.825792
0.174736 0 0.825264
0.17527 0 0.82473
0.17581 0 0.82419
0.176511 0 0.823489
0.177264 0 0.822736
0.178201 0 0.821799
0.179351 0 0.820649
0.180447 0 0.819553
0.181485 0 0.818515
0.18248 0 0.81752
0.183487 0 0.816513
0.184552 0 0.815448
0.185642 0 0.814358
0.186414 0 0.813586
0.187293 0 0.812707
0.189131 0 0.810869
0.18986 0 0.81014
0.190254 0 0.809746
0.190815 0 0.809185
0.191617 0 0.808383
0.192427 0 0.807573
0.193109 0 0.806891
0.193811 0 0.806189
0.194578 0 0.805422
0.195275 0 0.804725
0.197181 0 0.802819
0.198722 0 0.801278
0.199723 0 0.800277
0.201373 0 0.798627
0.203042 0 0.796958
0.204468 0 0.795532
0.204702 0 0.795298
0.207077 0 0.792923
0.207915 0 0.792085
0.208839 0 0.791161
0.209675 0 0.790325
0.210728 0 0.789272
0.211711 0 0.788289
0.212025 0 0.787975
0.212257 0 0.787743
0.213179 0 0.786821
0.214144 0 0.785856
0.214593 0 0.785407
0.215098 0 0.784902
0.216611 0 0.783389
0.217901 0 0.782099
0.219345 0 0.780655
0.22079 0 0.77921
0.222152 0 0.777848
0.223342 0 0.776658
0.224374 0 0.775626
0.225379 0 0.774621
0.226356 0 0.773644
0.227221 0 0.772779
0.227641 0 0.772359
0.228027 0 0.771973
0.228002 0 0.771998
0.228452 0 0.771548
0.229163 0 0.770837
0.230429 0 0.769571
0.231895 0 0.768106
0.233113 0 0.766887
0.234223 0 0.765777
0.238206 0 0.761794
0.240686 0 0.759314
0.241626 0 0.758374
0.242466 0 0.757535
0.243309 0 0.756691
0.246495 0 0.753505
0.248587 0 0.751413
0.250491 0 0.749509
0.252323 0 0.747677
0.254089 0 0.745911
0.255794 0 0.744206
0.257631 0 0.742369
0.259492 0 0.740508
0.261367 0 0.738633
0.262921 0 0.737079
0.263899 0 0.736101
0.265547 0 0.734453
0.267877 0 0.732123
0.269902 0 0.730098
0.271726 0 0.728274
0.273572 0 0.726428
0.27544 0 0.72456
0.277569 0 0.722431
0.280125 0 0.719875
0.282765 0 0.717235
0.285547 0 0.714453
0.288319 0 0.711681
0.291118 0 0.708882
0.29393 0 0.70607
0.17721 0 0.82279
0.176666 0 0.823334
0.13493 0 0.86507
0.134264 0 0.865736
0.123912 0 0.876088
0.117274 0 0.882726
0.110628 0 0.889372
0.110729 0 0.889271
0.109173 0 0.890827
0.108488 0 0.891512
0.108591 0 0.891409
0.1087 0 0.8913
0.108815 0 0.891185
0.108935 0 0.891065
0.109061 0 0.890939
0.109192 0 0.890808
0.10933 0 0.89067
0.109472 0 0.890528
0.109621 0 0.890379
0.109775 0 0.890225
0.109936 0 0.890064
0.110101 0 0.889898
0.113767 0 0.886233
0.113964 0 0.886036
0.213524 0 0.786476
0.368167 0 0.631833
0.368815 0 0.631185
0.0489835 0 0.951016
0.0489693 0 0.951031
0.0489574 0 0.951043
0.0489475 0 0.951052
0.04894 0 0.95106
0.0489349 0 0.951065
0.048932 0 0.951068
0.0489314 0 0.951069
0.0489331 0 0.951067
0.0489369 0 0.951063
0.0489432 0 0.951057
0.0489517 0 0.951048
0.0489624 0 0.951038
0.0489755 0 0.951024
0.0489908 0 0.951009
0.0490086 0 0.950991
0.0490285 0 0.950971
0.0490507 0 0.950949
0.0490753 0 0.950925
0.517758 0 0.482242
0.520296 0 0.479704
0.522889 0 0.477111
0.525541 0 0.474459
 ] }
}
