# Real Time: 706.992
# Simulation Time: 12.1
# Radar Position: 877.321 -201.701 3.04033
# Radar Quat: 0.0276499 -0.00979352 0.177251 0.983728
PointSet {
 coord Coordinate { point [
905.498 -241.873 5.32012
880.705 -205.764 3.26241
913.836 -243.052 5.26633
919.951 -241.953 5.10461
921.922 -237.254 4.77192
926.465 -234.062 4.51333
918.207 -226.624 4.14039
918.182 -226.219 4.11543
890.462 -209.457 3.37822
890.485 -209.347 3.37115
919.701 -220.723 3.76309
919.786 -220.406 3.74325
924.547 -211.212 3.1688
906.234 -202.398 2.84314
906.194 -202.195 2.83295
906.274 -201.994 2.82192
905.491 -241.88 5.14874
880.704 -205.764 3.24381
913.831 -243.062 5.07382
919.957 -241.974 4.90056
921.895 -237.248 4.5722
926.463 -234.075 4.30819
918.226 -226.647 3.9739
918.177 -226.228 3.94921
890.462 -209.461 3.32494
890.479 -209.347 3.31786
919.753 -220.757 3.60181
919.769 -220.409 3.58124
924.547 -211.222 3.0008
906.237 -202.403 2.74219
906.193 -202.2 2.73219
906.27 -202 2.72093
936.535 -200.684 2.30335
905.486 -241.889 4.97744
880.703 -205.764 3.22523
913.827 -243.075 4.88142
921.869 -237.242 4.37275
926.461 -234.089 4.10304
918.255 -226.677 3.80743
918.173 -226.237 3.78301
918.478 -226.032 3.76575
890.49 -209.357 3.26491
892.075 -209.21 3.22976
919.756 -220.414 3.4194
924.548 -211.232 2.83279
906.24 -202.408 2.64122
906.193 -202.206 2.63143
906.266 -202.005 2.61996
930.168 -201.538 2.23592
929.733 -201.174 2.22376
929.527 -200.811 2.20828
929.346 -200.451 2.19258
905.481 -241.898 4.8062
880.702 -205.765 3.20664
921.845 -237.238 4.1735
926.459 -234.102 3.89786
918.168 -226.246 3.61681
918.461 -226.033 3.59884
890.484 -209.357 3.21164
892.052 -209.463 3.18646
892.023 -209.317 3.1788
919.747 -220.42 3.25764
924.55 -211.242 2.66474
906.243 -202.414 2.5402
906.193 -202.211 2.53065
906.262 -202.01 2.519
928.241 -201.908 2.10584
928.069 -201.553 2.09078
927.973 -201.2 2.07439
927.893 -200.847 2.0578
927.812 -200.496 2.04132
927.734 -200.146 2.02485
905.478 -241.909 4.63502
880.7 -205.765 3.18807
921.821 -237.234 3.97446
926.457 -234.115 3.69268
918.164 -226.255 3.45063
918.446 -226.035 3.43206
890.477 -209.357 3.15841
892.023 -209.452 3.12815
892.057 -209.339 3.12118
919.741 -220.428 3.09593
924.553 -211.253 2.49664
936.128 -204.829 1.90466
928.105 -204.044 2.04099
927.406 -203.661 2.03661
927.2 -203.305 2.02273
906.246 -202.419 2.43915
906.192 -202.216 2.42986
906.258 -202.015 2.41806
926.693 -201.91 1.96194
926.614 -201.565 1.94595
926.539 -201.222 1.92997
926.462 -200.88 1.91408
926.389 -200.538 1.89818
926.312 -200.198 1.88242
926.239 -199.859 1.86665
905.475 -241.921 4.46389
880.699 -205.765 3.1695
921.798 -237.23 3.77561
926.455 -234.129 3.48748
918.16 -226.264 3.28446
918.431 -226.038 3.26537
890.471 -209.357 3.10522
892.062 -209.476 3.0702
892.023 -209.325 3.06317
919.739 -220.438 2.93424
924.558 -211.263 2.32847
936.778 -207.377 1.81384
936.348 -206.921 1.8012
935.569 -206.443 1.79635
934.143 -205.927 1.80612
926.588 -205.017 1.95216
926.201 -204.648 1.94299
926.027 -204.297 1.92928
925.849 -203.948 1.9158
925.7 -203.603 1.90182
925.621 -203.262 1.88627
906.249 -202.425 2.33807
906.192 -202.221 2.32906
906.255 -202.021 2.31712
925.328 -201.912 1.82418
925.254 -201.577 1.80883
925.183 -201.243 1.79347
925.113 -200.91 1.77815
925.039 -200.578 1.76296
924.969 -200.247 1.74775
924.897 -199.917 1.73264
924.825 -199.587 1.71756
905.473 -241.935 4.29278
880.698 -205.766 3.15093
921.775 -237.227 3.57691
926.454 -234.142 3.28223
918.157 -226.273 3.11828
918.417 -226.041 3.09877
890.469 -209.359 3.05207
919.739 -220.448 2.7725
924.563 -211.274 2.16021
924.768 -210.972 2.13869
936.051 -210.648 1.79428
935.95 -210.214 1.77491
935.797 -209.776 1.75678
935.556 -209.329 1.74078
935.314 -208.886 1.72502
935.054 -208.445 1.70989
934.588 -207.986 1.69977
933.62 -207.482 1.70196
927.958 -206.542 1.81805
925.323 -205.951 1.86418
925.071 -205.593 1.85309
924.902 -205.245 1.8401
924.737 -204.9 1.82713
924.601 -204.56 1.81355
924.523 -204.225 1.79856
924.451 -203.891 1.78349
924.383 -203.559 1.76837
924.315 -203.228 1.75332
906.253 -202.43 2.23693
906.192 -202.227 2.22823
906.251 -202.026 2.21618
924.035 -201.914 1.69382
923.968 -201.588 1.67899
923.898 -201.263 1.66432
923.831 -200.939 1.64959
923.764 -200.616 1.6349
923.696 -200.293 1.62028
923.627 -199.972 1.60574
923.561 -199.651 1.59115
923.491 -199.331 1.5767
905.474 -241.951 4.12169
880.697 -205.766 3.13238
920.169 -241.71 3.64916
921.753 -237.224 3.37836
926.452 -234.156 3.07695
918.154 -226.283 2.95208
918.404 -226.045 2.93223
890.469 -209.363 2.99892
890.691 -209.368 2.99204
891.739 -209.442 2.9621
892.036 -209.47 2.95394
892.044 -209.343 2.94736
892.316 -209.09 2.92598
892.311 -208.958 2.91953
892.564 -208.949 2.91098
892.825 -208.941 2.90216
919.741 -220.46 2.6107
924.571 -211.285 1.99184
924.727 -210.973 1.97091
935.19 -212.188 1.69272
934.374 -211.629 1.69083
934.283 -211.204 1.67216
934.139 -210.773 1.6549
933.904 -210.331 1.64002
933.676 -209.894 1.62519
933.416 -209.457 1.61136
932.892 -208.99 1.60456
931.791 -208.459 1.61328
924.708 -207.242 1.7815
924.15 -206.846 1.7794
923.987 -206.498 1.76695
923.826 -206.154 1.7546
923.667 -205.812 1.74231
923.544 -205.477 1.72911
923.472 -205.147 1.71457
923.405 -204.818 1.69992
923.339 -204.491 1.68533
923.271 -204.166 1.67082
923.207 -203.841 1.65627
923.142 -203.518 1.64177
923.074 -203.195 1.62742
906.256 -202.435 2.13575
906.192 -202.232 2.12738
906.248 -202.031 2.11524
922.813 -201.916 1.57017
922.746 -201.598 1.55602
922.682 -201.282 1.5418
922.619 -200.966 1.52759
922.554 -200.651 1.51349
922.488 -200.337 1.49943
922.369 -200.026 1.48724
922.029 -199.726 1.48283
921.618 -199.434 1.48113
921.21 -199.147 1.47959
905.477 -241.971 3.95061
920.123 -241.683 3.44435
921.732 -237.222 3.17993
926.45 -234.169 2.87161
918.15 -226.293 2.78585
918.391 -226.049 2.76574
890.469 -209.367 2.94576
890.685 -209.368 2.93824
891.477 -209.692 2.92598
890.75 -209.158 2.92586
890.75 -209.036 2.91998
890.82 -208.952 2.91349
891.034 -208.944 2.90558
891.263 -208.941 2.89735
891.504 -208.941 2.88885
891.752 -208.941 2.8801
892.019 -208.947 2.87098
892.281 -208.947 2.86171
892.551 -208.947 2.85217
892.829 -208.947 2.84234
919.747 -220.473 2.44879
935.359 -214.335 1.5884
934.332 -213.696 1.59326
924.58 -211.297 1.82332
924.699 -210.977 1.80303
932.702 -212.147 1.5742
932.553 -211.72 1.55815
932.332 -211.284 1.54415
932.117 -210.853 1.53022
931.826 -210.414 1.51857
931.268 -209.939 1.51469
930.066 -209.379 1.5297
923.457 -208.086 1.70218
923.101 -207.711 1.69604
922.946 -207.367 1.68422
922.794 -207.026 1.67244
922.64 -206.688 1.66083
922.528 -206.356 1.64804
922.464 -206.032 1.63386
922.401 -205.708 1.61969
922.337 -205.386 1.60561
922.275 -205.065 1.5915
922.21 -204.745 1.57753
922.149 -204.427 1.56351
922.087 -204.11 1.54953
922.025 -203.794 1.53559
921.962 -203.478 1.52175
921.901 -203.164 1.50786
906.26 -202.441 2.0345
906.192 -202.237 2.0265
906.245 -202.036 2.01428
921.65 -201.918 1.45288
921.589 -201.608 1.43916
921.473 -201.3 1.42749
921.174 -200.997 1.4226
920.775 -200.699 1.42164
920.385 -200.407 1.4206
920.002 -200.12 1.41956
919.621 -199.838 1.41871
919.255 -199.561 1.41751
918.886 -199.288 1.41668
918.524 -199.02 1.41583
905.486 -242.001 3.7796
881.044 -206.661 3.12157
913.191 -239.181 3.38221
920.091 -241.669 3.23998
921.711 -237.22 2.98164
926.449 -234.183 2.66622
890.758 -209.793 2.90106
890.758 -209.665 2.89519
890.469 -209.37 2.89258
890.679 -209.368 2.88448
890.758 -209.289 2.87781
890.758 -209.166 2.8721
890.758 -209.044 2.86642
890.804 -208.947 2.86015
891.033 -208.947 2.8514
891.267 -208.947 2.8424
891.509 -208.947 2.83314
891.756 -208.947 2.82363
892.011 -208.947 2.81383
892.243 -208.933 2.80422
892.516 -208.935 2.7938
892.81 -208.942 2.78285
919.757 -220.487 2.28673
935.178 -216.439 1.49078
934.397 -215.816 1.49099
933.482 -215.175 1.49546
932.518 -214.537 1.50199
931.338 -213.865 1.51535
931.264 -213.454 1.49802
931.187 -213.044 1.48084
924.591 -211.309 1.65463
924.677 -210.983 1.63512
930.632 -211.766 1.43955
930.308 -211.323 1.43032
929.587 -210.815 1.4335
923.481 -209.417 1.60453
922.29 -208.895 1.62549
922.091 -208.543 1.61581
921.946 -208.202 1.60452
921.798 -207.864 1.59344
921.663 -207.53 1.58206
921.553 -207.202 1.56992
921.492 -206.882 1.55625
921.433 -206.563 1.54252
921.375 -206.245 1.52885
921.314 -205.929 1.5153
921.256 -205.614 1.50168
921.195 -205.3 1.4882
921.136 -204.988 1.47469
921.077 -204.676 1.46123
921.017 -204.366 1.44784
920.959 -204.057 1.43439
920.901 -203.748 1.421
920.842 -203.441 1.40766
920.783 -203.135 1.39434
906.264 -202.446 1.9332
906.193 -202.242 1.92559
906.242 -202.041 1.91332
919.965 -201.916 1.36419
919.589 -201.619 1.36378
919.218 -201.327 1.36338
918.859 -201.04 1.36277
918.499 -200.758 1.36244
918.15 -200.48 1.36186
917.804 -200.208 1.36141
917.46 -199.939 1.36108
917.129 -199.675 1.36042
916.797 -199.415 1.36004
916.47 -199.16 1.35962
916.153 -198.907 1.35899
881.042 -206.661 3.09981
913.176 -239.18 3.20124
920.066 -241.662 3.03584
921.69 -237.218 2.78346
926.448 -234.196 2.46078
890.788 -209.815 2.8458
890.758 -209.669 2.8406
890.469 -209.374 2.83938
890.672 -209.368 2.83075
890.758 -209.293 2.82388
890.758 -209.17 2.81837
890.758 -209.047 2.8129
890.797 -208.947 2.80677
891.026 -208.947 2.79731
891.26 -208.947 2.78759
891.492 -208.942 2.77778
891.739 -208.942 2.7675
891.993 -208.942 2.75693
892.255 -208.942 2.74604
892.524 -208.942 2.73482
892.801 -208.942 2.72326
919.77 -220.503 2.12446
919.98 -220.242 2.10365
934.154 -217.891 1.39484
933.395 -217.253 1.39664
932.636 -216.627 1.39906
931.699 -215.968 1.40737
930.795 -215.332 1.41538
929.878 -214.708 1.42449
929.809 -214.303 1.40792
929.736 -213.9 1.39154
929.593 -213.482 1.37748
929.401 -213.058 1.36511
929.191 -212.633 1.35348
924.604 -211.321 1.48573
924.659 -210.989 1.46718
921.769 -210.099 1.54742
921.259 -209.685 1.549
921.118 -209.344 1.53831
920.978 -209.006 1.52772
920.84 -208.671 1.51712
920.711 -208.34 1.50632
920.622 -208.017 1.49422
920.556 -207.7 1.48134
920.5 -207.385 1.4681
920.444 -207.072 1.45494
920.389 -206.76 1.44177
920.333 -206.449 1.42868
920.278 -206.14 1.41557
920.221 -205.832 1.40255
920.166 -205.525 1.38951
920.11 -205.219 1.37654
920.054 -204.914 1.36361
919.999 -204.61 1.35063
919.942 -204.308 1.33779
919.887 -204.006 1.32487
919.789 -203.703 1.31373
919.544 -203.396 1.30865
919.174 -203.089 1.30887
906.268 -202.451 1.83184
906.193 -202.248 1.82464
906.239 -202.047 1.81235
917.772 -201.911 1.30892
917.432 -201.629 1.30905
917.1 -201.352 1.30905
916.774 -201.079 1.30896
916.449 -200.811 1.30908
916.131 -200.546 1.30907
915.82 -200.286 1.30892
915.509 -200.03 1.309
915.206 -199.778 1.30887
914.563 -199.55 1.32462
911.168 -199.506 1.46838
910.595 -199.309 1.48273
910.044 -199.119 1.49642
881.042 -206.663 3.07808
893.043 -219.84 3.0964
893.039 -219.581 3.08667
893.257 -219.577 3.07761
893.483 -219.577 3.06843
893.711 -219.577 3.05911
893.942 -219.577 3.04966
913.165 -239.183 3.02033
920.046 -241.659 2.83183
889.996 -212.909 2.95205
889.993 -212.75 2.94581
889.99 -212.592 2.93964
890.056 -212.496 2.93294
921.67 -237.217 2.58539
926.446 -234.21 2.25528
890.786 -209.817 2.79089
890.758 -209.673 2.786
890.469 -209.377 2.78616
890.666 -209.368 2.77705
890.758 -209.297 2.76993
890.758 -209.173 2.76463
890.758 -209.051 2.75936
890.791 -208.947 2.75341
891.019 -208.947 2.74326
891.253 -208.947 2.73282
891.484 -208.942 2.72231
891.732 -208.942 2.71127
891.986 -208.942 2.69991
892.247 -208.942 2.6882
892.516 -208.942 2.67615
892.793 -208.942 2.66372
919.788 -220.522 1.96191
919.942 -220.235 1.94225
933.137 -219.311 1.30049
932.4 -218.657 1.3039
931.69 -218.024 1.30706
930.879 -217.374 1.31398
930.001 -216.718 1.32368
928.722 -215.966 1.34721
928.476 -215.514 1.33731
928.418 -215.117 1.32131
928.346 -214.718 1.30582
928.204 -214.304 1.29282
928.025 -213.885 1.2812
927.826 -213.465 1.27046
927.396 -212.997 1.26801
923.245 -211.723 1.39873
920.607 -210.83 1.47781
920.314 -210.455 1.47335
920.176 -210.116 1.46344
920.043 -209.781 1.45342
919.913 -209.449 1.44337
919.786 -209.12 1.43333
919.705 -208.801 1.42164
919.653 -208.489 1.40884
919.599 -208.178 1.39616
919.549 -207.869 1.38339
919.495 -207.56 1.37077
919.443 -207.254 1.3581
919.391 -206.948 1.34549
919.337 -206.644 1.33293
919.286 -206.341 1.32031
919.232 -206.039 1.30784
919.182 -205.739 1.29523
919.13 -205.439 1.28272
919.077 -205.141 1.27023
919.024 -204.844 1.25783
918.755 -204.533 1.25469
918.41 -204.221 1.25504
918.061 -203.914 1.25576
917.727 -203.613 1.25609
917.389 -203.316 1.25676
917.056 -203.025 1.25741
906.272 -202.457 1.73041
906.193 -202.253 1.72366
906.236 -202.052 1.71136
915.793 -201.907 1.25904
915.484 -201.638 1.25959
915.183 -201.374 1.25999
914.889 -201.114 1.26024
914.593 -200.858 1.26073
914.302 -200.606 1.2612
913.855 -200.364 1.26937
910.317 -200.26 1.42861
909.773 -200.056 1.44326
909.247 -199.859 1.45739
908.739 -199.667 1.47096
908.245 -199.482 1.48417
907.768 -199.302 1.49682
907.303 -199.127 1.50921
893.037 -220.627 3.0405
893.037 -220.36 3.03108
893.037 -220.098 3.02178
893.037 -219.84 3.01261
893.037 -219.587 3.00356
893.251 -219.577 2.99402
893.476 -219.577 2.98432
893.704 -219.577 2.97447
893.935 -219.577 2.96447
913.156 -239.188 2.83946
889.998 -214.6 2.95528
889.994 -214.418 2.94876
889.991 -214.238 2.94232
889.988 -214.061 2.93595
889.985 -213.887 2.92966
889.982 -213.715 2.92343
889.979 -213.545 2.91727
889.976 -213.377 2.91118
889.973 -213.212 2.90514
889.97 -213.049 2.89917
889.967 -212.888 2.89326
889.964 -212.729 2.88741
889.961 -212.572 2.88162
889.968 -212.425 2.87575
890.148 -212.425 2.86761
921.651 -237.216 2.38742
926.445 -234.223 2.04971
890.758 -209.804 2.73656
890.758 -209.676 2.73137
890.469 -209.381 2.73293
890.66 -209.368 2.72338
890.758 -209.3 2.71596
890.758 -209.177 2.71087
890.758 -209.054 2.70581
890.784 -208.947 2.7001
891.012 -208.947 2.68925
891.246 -208.947 2.67809
891.477 -208.942 2.66687
891.724 -208.942 2.65507
891.978 -208.942 2.64292
892.239 -208.942 2.63041
892.508 -208.942 2.61752
892.785 -208.942 2.60422
893.081 -208.947 2.5902
919.814 -220.544 1.79895
919.916 -220.234 1.78071
932.2 -220.727 1.20496
931.41 -220.031 1.21252
930.728 -219.385 1.21698
930.037 -218.749 1.22223
929.201 -218.08 1.23305
928.378 -217.429 1.244
927.184 -216.681 1.26868
927.132 -216.287 1.25333
927.078 -215.895 1.23808
927.019 -215.504 1.22307
926.87 -215.091 1.21141
926.701 -214.676 1.20063
926.498 -214.256 1.19126
925.946 -213.754 1.19526
920.15 -211.999 1.40024
919.539 -211.541 1.4091
919.389 -211.197 1.4004
919.262 -210.861 1.39093
919.139 -210.528 1.38139
919.014 -210.198 1.372
918.904 -209.874 1.36211
918.825 -209.558 1.35099
918.775 -209.249 1.33877
918.727 -208.942 1.32646
918.68 -208.637 1.31415
918.632 -208.333 1.30193
918.582 -208.03 1.28977
918.535 -207.728 1.27754
918.484 -207.427 1.26547
918.436 -207.128 1.25331
918.387 -206.83 1.24123
918.337 -206.534 1.22916
918.286 -206.238 1.21719
918.193 -205.939 1.20709
917.993 -205.631 1.20189
917.656 -205.315 1.20302
917.328 -205.004 1.20398
916.999 -204.697 1.20517
916.678 -204.397 1.20617
916.364 -204.101 1.20706
916.05 -203.81 1.20815
915.745 -203.525 1.20898
915.444 -203.243 1.20985
915.144 -202.967 1.21081
906.276 -202.462 1.62891
906.194 -202.258 1.62264
906.233 -202.057 1.61035
906.531 -201.857 1.5852
913.718 -201.647 1.21465
913.442 -201.395 1.21543
913.14 -201.147 1.21771
909.514 -200.975 1.3903
908.986 -200.766 1.40581
884.491 -201.42 2.6658
884.441 -201.372 2.6658
884.391 -201.324 2.6658
884.341 -201.277 2.6658
884.293 -201.231 2.6658
884.244 -201.185 2.6658
884.196 -201.14 2.6658
884.149 -201.096 2.6658
884.102 -201.052 2.6658
893.037 -220.634 2.95461
893.037 -220.368 2.94589
893.037 -220.105 2.93729
889.995 -216.337 2.95018
889.992 -216.128 2.94344
889.988 -215.923 2.93679
889.985 -215.721 2.93022
889.982 -215.522 2.92374
889.979 -215.326 2.91733
889.975 -215.134 2.911
889.972 -214.944 2.90475
889.969 -214.757 2.89856
889.966 -214.573 2.89245
889.963 -214.391 2.8864
889.96 -214.212 2.88042
889.957 -214.036 2.87451
889.954 -213.862 2.86865
889.951 -213.691 2.86286
889.949 -213.521 2.85712
889.946 -213.354 2.85144
889.943 -213.19 2.84582
889.94 -213.027 2.84025
889.937 -212.866 2.83473
889.935 -212.708 2.82926
889.932 -212.551 2.82384
889.962 -212.425 2.81788
890.143 -212.425 2.80926
921.631 -237.215 2.18954
897.999 -216.025 2.5597
926.444 -234.237 1.84407
890.758 -209.808 2.68169
890.758 -209.68 2.67673
890.469 -209.385 2.67967
890.653 -209.368 2.66975
890.758 -209.304 2.66197
890.758 -209.18 2.65709
890.758 -209.058 2.65224
890.778 -208.947 2.64681
891.006 -208.947 2.63526
891.24 -208.947 2.62339
891.47 -208.942 2.61147
891.717 -208.942 2.59891
891.971 -208.942 2.58598
892.232 -208.942 2.57266
892.5 -208.942 2.55892
892.777 -208.942 2.54477
893.072 -208.947 2.52981
919.855 -220.572 1.63523
919.897 -220.237 1.61907
933.09 -222.809 1.04505
930.421 -221.376 1.12231
929.76 -220.716 1.12827
929.116 -220.075 1.13411
928.39 -219.417 1.14344
927.59 -218.747 1.15606
926.817 -218.1 1.16821
925.883 -217.416 1.18702
925.835 -217.027 1.17242
925.788 -216.641 1.1578
925.719 -216.25 1.14414
925.584 -215.844 1.13307
925.43 -215.435 1.1229
925.171 -215 1.11705
924.457 -214.448 1.12979
919.017 -212.663 1.33596
918.624 -212.252 1.33804
918.495 -211.914 1.32942
918.376 -211.58 1.32051
886.317 -203.786 2.65882
886.248 -203.704 2.65869
886.181 -203.624 2.65856
886.115 -203.545 2.65842
886.049 -203.467 2.65826
885.985 -203.391 2.6581
885.923 -203.316 2.65794
885.861 -203.243 2.65776
885.8 -203.17 2.65758
885.74 -203.099 2.6574
885.681 -203.029 2.6572
885.623 -202.96 2.657
885.566 -202.893 2.65679
885.51 -202.826 2.65658
885.455 -202.76 2.65636
885.4 -202.695 2.65613
885.347 -202.632 2.6559
885.294 -202.569 2.65566
885.242 -202.507 2.65542
885.19 -202.446 2.65517
885.14 -202.386 2.65491
885.09 -202.326 2.65465
885.04 -202.268 2.65439
884.992 -202.21 2.65412
884.944 -202.153 2.65384
884.897 -202.097 2.65356
884.85 -202.042 2.65327
884.804 -201.987 2.65298
884.758 -201.933 2.65268
884.713 -201.879 2.65238
884.669 -201.827 2.65208
884.625 -201.775 2.65176
884.582 -201.723 2.65145
884.539 -201.672 2.65113
884.496 -201.622 2.6508
884.454 -201.572 2.65047
884.413 -201.523 2.65014
884.372 -201.475 2.6498
884.331 -201.427 2.64946
884.291 -201.379 2.64911
884.252 -201.332 2.64876
884.212 -201.286 2.6484
884.174 -201.24 2.64804
884.135 -201.194 2.64768
884.097 -201.149 2.64731
884.059 -201.105 2.64694
884.022 -201.06 2.64656
883.985 -201.017 2.64618
889.991 -218.344 2.94226
889.988 -218.1 2.9353
889.984 -217.861 2.92844
889.981 -217.627 2.92167
889.977 -217.397 2.915
889.974 -217.17 2.90842
889.971 -216.948 2.90193
889.968 -216.73 2.89552
889.965 -216.515 2.88919
889.961 -216.303 2.88295
889.958 -216.096 2.87678
889.955 -215.891 2.87068
889.952 -215.69 2.86466
889.949 -215.492 2.8587
889.946 -215.297 2.85282
889.943 -215.105 2.84699
889.941 -214.916 2.84124
889.938 -214.73 2.83554
889.935 -214.546 2.8299
889.932 -214.365 2.82432
889.929 -214.187 2.8188
889.927 -214.011 2.81333
889.924 -213.838 2.80792
889.921 -213.667 2.80255
889.919 -213.498 2.79723
889.916 -213.332 2.79197
889.913 -213.167 2.78674
889.911 -213.005 2.78157
889.908 -212.845 2.77644
889.906 -212.687 2.77134
889.903 -212.531 2.76629
889.957 -212.425 2.76003
890.138 -212.425 2.75093
921.612 -237.214 1.99173
897.737 -216.062 2.48651
897.916 -215.974 2.47409
926.443 -234.251 1.63835
890.758 -209.811 2.62679
890.758 -209.684 2.62206
890.469 -209.388 2.6264
890.647 -209.368 2.61614
890.758 -209.307 2.60796
890.758 -209.184 2.60329
890.758 -209.061 2.59864
890.771 -208.947 2.59356
890.999 -208.947 2.58132
891.233 -208.947 2.56873
891.463 -208.942 2.55611
891.71 -208.942 2.54279
891.963 -208.942 2.52907
892.224 -208.942 2.51494
892.492 -208.942 2.50037
892.769 -208.942 2.48535
893.064 -208.947 2.46946
919.883 -220.241 1.45734
923.727 -220.394 1.25258
923.975 -220.117 1.22751
928.172 -221.365 1.04772
927.549 -220.723 1.05542
926.786 -220.04 1.06915
926.039 -219.377 1.08274
924.733 -218.53 1.11944
924.625 -218.12 1.10814
924.584 -217.737 1.09419
924.544 -217.357 1.08023
924.486 -216.974 1.067
924.346 -216.567 1.0573
924.199 -216.161 1.04799
923.874 -215.706 1.04642
918.674 -213.826 1.25522
917.984 -213.315 1.27151
917.738 -212.94 1.26884
917.626 -212.607 1.2604
917.515 -212.276 1.25198
917.405 -211.949 1.24358
917.294 -211.624 1.23528
886.363 -203.865 2.62735
886.294 -203.782 2.62752
886.225 -203.701 2.62768
886.158 -203.621 2.62783
886.092 -203.542 2.62796
886.027 -203.465 2.62807
885.964 -203.389 2.62818
885.901 -203.314 2.62826
885.84 -203.241 2.62834
885.779 -203.168 2.62841
885.72 -203.097 2.62846
885.661 -203.028 2.6285
885.603 -202.959 2.62852
885.547 -202.891 2.62854
885.491 -202.825 2.62855
885.436 -202.759 2.62854
885.382 -202.695 2.62853
885.328 -202.631 2.6285
885.276 -202.568 2.62846
885.224 -202.507 2.62841
885.173 -202.446 2.62836
885.122 -202.386 2.62829
885.072 -202.326 2.62822
885.023 -202.268 2.62813
884.975 -202.21 2.62804
884.927 -202.154 2.62794
884.88 -202.098 2.62783
884.834 -202.042 2.62771
884.788 -201.988 2.62758
884.742 -201.934 2.62744
884.698 -201.88 2.6273
884.653 -201.828 2.62715
884.61 -201.776 2.62699
884.566 -201.724 2.62682
884.524 -201.674 2.62664
884.482 -201.624 2.62646
884.44 -201.574 2.62627
884.399 -201.525 2.62607
884.358 -201.476 2.62587
884.317 -201.429 2.62566
884.278 -201.381 2.62544
884.238 -201.334 2.62521
884.199 -201.288 2.62498
884.16 -201.242 2.62474
884.122 -201.196 2.6245
884.084 -201.151 2.62425
884.046 -201.107 2.62399
884.009 -201.063 2.62373
883.972 -201.019 2.62346
883.936 -200.976 2.62318
889.955 -218.302 2.86967
889.952 -218.06 2.8634
889.949 -217.822 2.85722
889.946 -217.589 2.85111
889.942 -217.36 2.84508
889.94 -217.134 2.83913
889.937 -216.913 2.83326
889.934 -216.695 2.82745
889.931 -216.481 2.82171
889.928 -216.271 2.81604
889.925 -216.064 2.81043
889.922 -215.86 2.80489
889.92 -215.659 2.7994
889.917 -215.462 2.79397
889.914 -215.268 2.7886
889.912 -215.077 2.78328
889.909 -214.888 2.77802
889.906 -214.702 2.7728
889.904 -214.52 2.76764
889.901 -214.339 2.76252
889.899 -214.162 2.75745
889.896 -213.986 2.75242
889.894 -213.813 2.74744
889.891 -213.643 2.7425
889.889 -213.475 2.7376
889.886 -213.309 2.73274
889.884 -213.145 2.72792
889.882 -212.984 2.72313
889.879 -212.824 2.71838
889.877 -212.666 2.71367
889.874 -212.511 2.70899
889.952 -212.425 2.70221
890.132 -212.425 2.69263
921.594 -237.214 1.794
897.718 -216.055 2.39984
897.893 -215.964 2.3872
926.442 -234.265 1.43255
890.758 -209.815 2.57188
890.758 -209.688 2.56737
890.469 -209.392 2.5731
890.641 -209.368 2.56257
890.758 -209.311 2.55393
890.758 -209.188 2.54947
890.758 -209.065 2.54502
890.764 -208.947 2.54033
890.992 -208.947 2.5274
891.226 -208.947 2.5141
891.456 -208.942 2.50078
891.702 -208.942 2.4867
891.956 -208.942 2.4722
892.216 -208.942 2.45726
892.484 -208.942 2.44186
892.76 -208.942 2.42598
893.055 -208.947 2.40916
919.873 -220.247 1.29548
927.813 -223.292 0.953954
927.214 -222.625 0.962566
926.642 -221.981 0.97048
923.477 -220.304 1.08827
923.696 -220.017 1.06406
924.554 -219.976 1.01232
923.466 -219.186 1.04415
923.408 -218.797 1.0318
923.375 -218.42 1.01838
923.34 -218.045 1.00513
923.274 -217.661 0.993245
923.145 -217.259 0.984194
922.977 -216.848 0.977005
922.541 -216.353 0.982141
917.458 -214.396 1.20028
917.015 -213.951 1.20775
916.884 -213.609 1.20102
916.779 -213.278 1.19314
916.676 -212.95 1.18523
916.572 -212.624 1.17742
916.469 -212.302 1.1696
916.394 -211.989 1.16049
916.335 -211.683 1.15066
916.299 -211.384 1.13971
886.339 -203.862 2.5959
886.27 -203.779 2.59637
886.202 -203.697 2.59681
886.136 -203.617 2.59724
886.07 -203.539 2.59764
886.006 -203.462 2.59802
885.942 -203.386 2.59838
885.88 -203.312 2.59873
885.819 -203.238 2.59905
885.759 -203.167 2.59936
885.699 -203.096 2.59965
885.641 -203.026 2.59992
885.584 -202.958 2.60017
885.527 -202.89 2.60041
885.472 -202.824 2.60063
885.417 -202.758 2.60084
885.363 -202.694 2.60103
885.31 -202.63 2.60121
885.258 -202.568 2.60137
885.206 -202.506 2.60152
885.155 -202.445 2.60166
885.105 -202.386 2.60178
885.055 -202.326 2.60189
885.006 -202.268 2.60198
884.958 -202.211 2.60206
884.911 -202.154 2.60213
884.864 -202.098 2.60219
884.818 -202.043 2.60224
884.772 -201.988 2.60227
884.727 -201.934 2.6023
884.682 -201.881 2.60231
884.638 -201.829 2.60231
884.595 -201.777 2.6023
884.551 -201.726 2.60228
884.509 -201.675 2.60225
884.467 -201.625 2.60221
884.425 -201.575 2.60216
884.384 -201.527 2.60209
884.344 -201.478 2.60202
884.303 -201.43 2.60194
884.264 -201.383 2.60185
884.224 -201.336 2.60175
884.185 -201.29 2.60165
884.147 -201.244 2.60153
884.109 -201.198 2.6014
884.071 -201.154 2.60127
884.033 -201.109 2.60112
883.996 -201.065 2.60097
883.96 -201.021 2.60081
883.923 -200.978 2.60064
883.887 -200.935 2.60046
893.126 -222.778 2.74315
889.919 -218.261 2.79745
889.916 -218.02 2.79187
889.913 -217.783 2.78635
889.91 -217.551 2.7809
889.908 -217.322 2.77551
889.905 -217.098 2.77019
889.902 -216.877 2.76492
889.9 -216.661 2.75971
889.897 -216.447 2.75455
889.895 -216.238 2.74945
889.892 -216.032 2.7444
889.89 -215.829 2.7394
889.887 -215.629 2.73444
889.885 -215.432 2.72954
889.882 -215.239 2.72467
889.88 -215.048 2.71986
889.878 -214.86 2.71508
889.875 -214.675 2.71034
889.873 -214.493 2.70565
889.87 -214.313 2.70099
889.868 -214.136 2.69636
889.866 -213.962 2.69178
889.864 -213.789 2.68723
889.861 -213.619 2.68271
889.859 -213.452 2.67822
889.857 -213.286 2.67376
889.855 -213.123 2.66934
889.852 -212.962 2.66494
889.85 -212.803 2.66057
889.848 -212.646 2.65623
889.846 -212.491 2.65191
889.947 -212.425 2.6444
890.127 -212.425 2.63435
921.576 -237.215 1.59633
897.7 -216.048 2.31329
926.441 -234.278 1.22667
890.758 -209.819 2.51693
890.758 -209.691 2.51265
890.459 -209.39 2.52015
890.634 -209.368 2.50902
890.758 -209.315 2.49987
890.758 -209.191 2.49562
890.758 -209.069 2.49138
890.758 -208.947 2.48714
890.985 -208.947 2.47351
891.219 -208.947 2.45949
891.449 -208.942 2.44548
891.695 -208.942 2.43064
891.948 -208.942 2.41536
892.208 -208.942 2.39961
892.476 -208.942 2.38338
892.752 -208.942 2.36664
893.047 -208.947 2.34889
926.256 -223.86 0.877952
925.699 -223.202 0.887431
919.866 -220.254 1.13349
924.45 -221.864 0.913593
923.772 -221.192 0.929645
923.117 -220.542 0.945132
922.259 -219.823 0.970318
922.233 -219.449 0.957509
922.202 -219.076 0.944924
922.171 -218.705 0.932358
922.098 -218.321 0.921797
921.981 -217.924 0.9134
921.789 -217.504 0.90858
917.523 -215.671 1.1003
916.419 -214.982 1.14128
916.149 -214.589 1.14217
916.047 -214.256 1.13498
915.952 -213.928 1.12749
915.857 -213.602 1.12009
915.759 -213.278 1.11284
915.663 -212.958 1.10552
915.588 -212.647 1.09723
915.548 -212.347 1.08711
915.515 -212.051 1.0767
915.483 -211.757 1.06623
915.45 -211.464 1.05577
915.416 -211.173 1.04538
886.316 -203.858 2.56461
886.247 -203.775 2.56537
886.179 -203.694 2.56609
886.113 -203.614 2.56679
886.048 -203.536 2.56746
885.984 -203.459 2.56811
885.921 -203.384 2.56873
885.859 -203.309 2.56932
885.798 -203.236 2.56989
885.738 -203.165 2.57044
885.679 -203.094 2.57096
885.621 -203.025 2.57146
885.564 -202.956 2.57194
885.508 -202.889 2.5724
885.453 -202.823 2.57284
885.398 -202.757 2.57326
885.345 -202.693 2.57366
885.292 -202.63 2.57404
885.24 -202.567 2.5744
885.188 -202.506 2.57474
885.138 -202.445 2.57506
885.087 -202.385 2.57537
885.038 -202.327 2.57566
884.99 -202.268 2.57593
884.942 -202.211 2.57619
884.894 -202.154 2.57643
884.848 -202.099 2.57666
884.802 -202.043 2.57687
884.756 -201.989 2.57707
884.711 -201.935 2.57725
884.667 -201.882 2.57741
884.623 -201.83 2.57757
884.579 -201.778 2.57771
884.536 -201.727 2.57783
884.494 -201.676 2.57794
884.452 -201.626 2.57804
884.411 -201.577 2.57813
884.37 -201.528 2.5782
884.329 -201.48 2.57826
884.289 -201.432 2.57831
884.25 -201.385 2.57835
884.211 -201.338 2.57837
884.172 -201.292 2.57839
884.133 -201.246 2.57839
884.095 -201.201 2.57838
884.058 -201.156 2.57836
884.02 -201.111 2.57833
883.983 -201.067 2.57829
883.947 -201.024 2.57824
883.911 -200.981 2.57818
883.875 -200.938 2.5781
883.839 -200.896 2.57802
889.883 -218.221 2.7256
889.88 -217.981 2.7207
889.878 -217.745 2.71584
880.562 -205.791 2.95411
880.598 -205.777 2.95191
889.871 -217.062 2.70158
889.868 -216.842 2.69691
889.866 -216.626 2.69229
889.864 -216.414 2.68771
889.862 -216.205 2.68317
889.859 -216 2.67867
889.857 -215.798 2.67421
889.855 -215.599 2.66979
889.853 -215.403 2.66539
889.85 -215.21 2.66104
889.848 -215.02 2.65671
889.846 -214.833 2.65242
889.844 -214.648 2.64816
889.842 -214.467 2.64393
889.84 -214.288 2.63972
889.838 -214.111 2.63554
889.836 -213.937 2.63139
889.834 -213.765 2.62727
889.832 -213.596 2.62316
889.83 -213.429 2.61909
889.827 -213.264 2.61503
889.825 -213.101 2.611
889.823 -212.94 2.60699
889.821 -212.782 2.60299
889.82 -212.625 2.59902
889.842 -212.492 2.59419
889.942 -212.425 2.58662
890.122 -212.425 2.57608
921.558 -237.215 1.39869
897.683 -216.043 2.22676
926.44 -234.292 1.02069
890.758 -209.823 2.46196
890.758 -209.695 2.45791
890.493 -209.413 2.46537
890.628 -209.368 2.45549
890.758 -209.318 2.44579
890.758 -209.195 2.44175
890.758 -209.072 2.43771
890.758 -208.951 2.43368
890.978 -208.947 2.41965
891.212 -208.947 2.40492
891.441 -208.942 2.39021
891.688 -208.942 2.37461
891.94 -208.942 2.35855
892.201 -208.942 2.342
892.468 -208.942 2.32493
892.744 -208.942 2.30733
893.039 -208.947 2.28865
922.967 -222.381 0.847874
922.337 -221.718 0.864614
919.862 -220.263 0.971319
921.109 -220.445 0.897586
921.088 -220.076 0.885449
921.067 -219.709 0.873323
921.035 -219.34 0.861742
920.968 -218.959 0.851936
920.857 -218.565 0.844355
920.573 -218.109 0.84558
915.901 -216.028 1.07075
915.478 -215.569 1.08072
915.328 -215.215 1.07686
915.233 -214.883 1.07026
915.145 -214.557 1.06331
915.056 -214.234 1.05642
914.964 -213.913 1.04972
914.882 -213.597 1.04257
914.816 -213.288 1.03457
914.78 -212.991 1.02495
914.75 -212.698 1.01499
914.722 -212.407 1.00498
914.691 -212.116 0.995096
914.662 -211.828 0.985058
914.631 -211.54 0.975169
914.602 -211.255 0.965128
886.362 -203.938 2.53239
886.292 -203.854 2.53347
886.224 -203.772 2.53451
886.157 -203.691 2.53551
886.091 -203.611 2.53648
886.026 -203.533 2.53742
885.962 -203.457 2.53833
885.899 -203.381 2.5392
885.838 -203.307 2.54005
885.777 -203.234 2.54086
885.718 -203.163 2.54164
885.659 -203.092 2.5424
885.601 -203.023 2.54313
885.545 -202.955 2.54383
885.489 -202.888 2.54451
885.434 -202.821 2.54516
885.379 -202.756 2.54579
885.326 -202.692 2.54639
885.273 -202.629 2.54697
885.222 -202.567 2.54753
885.17 -202.505 2.54806
885.12 -202.445 2.54858
885.07 -202.385 2.54907
885.021 -202.327 2.54954
884.973 -202.269 2.54999
884.925 -202.211 2.55042
884.878 -202.155 2.55083
884.831 -202.099 2.55122
884.786 -202.044 2.5516
884.74 -201.99 2.55195
884.695 -201.936 2.55229
884.651 -201.883 2.55261
884.608 -201.831 2.55292
884.564 -201.779 2.5532
884.522 -201.728 2.55347
884.479 -201.678 2.55373
884.438 -201.628 2.55396
884.396 -201.578 2.55419
884.356 -201.53 2.5544
884.315 -201.481 2.55459
884.275 -201.434 2.55477
884.236 -201.387 2.55493
884.197 -201.34 2.55508
884.158 -201.294 2.55521
884.12 -201.248 2.55533
884.082 -201.203 2.55544
884.045 -201.158 2.55554
884.007 -201.114 2.55562
883.971 -201.07 2.55569
883.934 -201.026 2.55574
883.898 -200.983 2.55579
883.862 -200.94 2.55582
883.827 -200.898 2.55584
883.792 -200.856 2.55585
889.845 -217.941 2.64988
889.843 -217.706 2.64569
880.571 -205.804 2.93549
889.839 -217.249 2.63739
889.837 -217.026 2.6333
880.712 -205.802 2.92759
889.833 -216.592 2.62519
889.831 -216.381 2.62119
889.829 -216.173 2.61721
889.827 -215.968 2.61325
889.825 -215.767 2.60932
889.823 -215.568 2.60542
889.821 -215.373 2.60154
889.819 -215.181 2.59769
889.817 -214.992 2.59385
889.815 -214.805 2.59004
889.813 -214.621 2.58625
889.811 -214.44 2.58247
889.809 -214.262 2.57872
889.808 -214.086 2.57498
889.806 -213.912 2.57126
889.804 -213.741 2.56756
889.802 -213.572 2.56387
889.8 -213.406 2.5602
889.798 -213.241 2.55654
889.796 -213.079 2.5529
889.795 -212.919 2.54927
889.793 -212.761 2.54565
889.802 -212.614 2.54162
889.841 -212.495 2.53637
889.937 -212.425 2.52884
890.117 -212.425 2.51784
921.541 -237.216 1.20109
897.674 -216.042 2.14001
926.439 -234.306 0.814607
890.277 -209.66 2.43322
890.277 -209.536 2.42954
890.385 -209.477 2.42076
890.48 -209.409 2.41252
890.625 -209.37 2.40183
890.758 -209.322 2.39168
890.758 -209.199 2.38785
890.758 -209.076 2.38402
890.758 -208.954 2.38019
890.972 -208.947 2.36582
891.205 -208.947 2.35038
891.434 -208.942 2.33497
891.68 -208.942 2.31862
891.933 -208.942 2.30177
892.183 -208.937 2.28493
892.46 -208.942 2.26652
892.736 -208.942 2.24806
893.03 -208.947 2.22846
919.994 -221.044 0.826614
919.976 -220.678 0.815252
919.861 -220.273 0.808956
919.936 -219.953 0.792726
919.862 -219.571 0.784317
919.739 -219.172 0.778528
915.831 -217.248 0.975476
914.893 -216.564 1.01482
914.615 -216.154 1.01889
914.521 -215.82 1.01308
914.435 -215.492 1.00689
914.354 -215.168 1.00047
914.272 -214.847 0.9941
914.187 -214.527 0.987921
914.107 -214.213 0.981443
914.052 -213.908 0.973639
914.028 -213.617 0.964046
914.002 -213.326 0.954595
913.978 -213.037 0.944991
913.953 -212.75 0.935458
913.926 -212.464 0.925942
913.899 -212.179 0.916473
913.82 -211.881 0.910054
913.602 -211.547 0.911734
913.346 -211.208 0.915735
913.101 -210.877 0.919246
886.338 -203.934 2.50111
886.269 -203.85 2.50247
886.201 -203.768 2.5038
886.134 -203.687 2.50508
886.068 -203.608 2.50632
886.004 -203.53 2.50752
885.94 -203.454 2.50868
885.878 -203.379 2.50981
885.817 -203.305 2.5109
885.757 -203.232 2.51195
885.697 -203.161 2.51298
885.639 -203.091 2.51396
885.582 -203.021 2.51492
885.525 -202.953 2.51584
885.47 -202.886 2.51674
885.415 -202.82 2.5176
885.361 -202.755 2.51843
885.308 -202.691 2.51924
885.255 -202.628 2.52002
885.204 -202.566 2.52077
885.153 -202.505 2.5215
885.103 -202.445 2.52219
885.053 -202.385 2.52287
885.004 -202.327 2.52352
884.956 -202.269 2.52415
884.909 -202.212 2.52475
884.862 -202.155 2.52533
884.815 -202.1 2.52589
884.77 -202.045 2.52642
884.724 -201.99 2.52694
884.68 -201.937 2.52743
884.636 -201.884 2.5279
884.592 -201.832 2.52836
884.549 -201.78 2.52879
884.507 -201.729 2.5292
884.465 -201.679 2.5296
884.423 -201.629 2.52997
884.382 -201.58 2.53033
884.341 -201.531 2.53067
884.301 -201.483 2.53099
884.262 -201.435 2.5313
884.222 -201.388 2.53159
884.183 -201.342 2.53186
884.145 -201.296 2.53212
884.107 -201.25 2.53236
884.069 -201.205 2.53258
884.031 -201.16 2.53279
883.994 -201.116 2.53298
883.958 -201.072 2.53316
883.921 -201.028 2.53332
883.885 -200.985 2.53347
883.85 -200.943 2.5336
883.814 -200.901 2.53372
883.779 -200.859 2.53383
883.745 -200.817 2.53392
880.574 -205.869 2.9179
880.545 -205.773 2.91804
880.58 -205.758 2.9158
880.615 -205.743 2.91354
880.65 -205.728 2.91126
880.685 -205.713 2.90896
889.797 -216.348 2.55495
889.796 -216.14 2.55152
889.794 -215.936 2.54811
889.792 -215.736 2.54471
889.791 -215.538 2.54133
889.789 -215.344 2.53796
889.787 -215.152 2.5346
889.786 -214.964 2.53125
889.784 -214.778 2.52791
889.782 -214.595 2.52458
889.781 -214.414 2.52127
889.779 -214.236 2.51796
889.777 -214.061 2.51466
889.776 -213.888 2.51137
889.774 -213.717 2.50808
889.772 -213.549 2.50481
889.771 -213.383 2.50154
889.769 -213.219 2.49827
889.768 -213.057 2.49502
889.766 -212.898 2.49176
889.764 -212.74 2.48852
889.8 -212.618 2.4836
889.84 -212.499 2.47851
889.931 -212.425 2.47107
890.111 -212.425 2.45958
921.524 -237.218 1.00346
897.724 -216.084 2.0504
926.439 -234.32 0.608352
890.277 -209.664 2.37992
890.277 -209.539 2.37646
890.379 -209.477 2.36778
890.588 -209.477 2.35346
890.625 -209.374 2.34799
890.758 -209.326 2.33752
890.758 -209.202 2.3339
890.758 -209.079 2.33028
890.758 -208.958 2.32666
890.965 -208.947 2.31199
891.198 -208.947 2.29584
891.427 -208.942 2.27974
891.673 -208.942 2.26263
891.925 -208.942 2.24501
892.185 -208.942 2.22685
892.463 -208.947 2.20755
892.738 -208.947 2.18822
893.022 -208.947 2.16827
918.852 -220.537 0.726111
918.785 -220.158 0.718394
918.615 -219.738 0.716486
914.352 -217.569 0.945824
913.955 -217.097 0.958062
913.812 -216.738 0.955985
913.732 -216.408 0.950379
913.653 -216.082 0.944725
913.577 -215.76 0.938859
913.499 -215.44 0.933188
913.424 -215.124 0.927304
913.36 -214.815 0.920802
913.313 -214.514 0.913293
913.292 -214.224 0.904252
913.27 -213.936 0.8952
913.249 -213.649 0.886106
913.226 -213.364 0.877105
913.205 -213.081 0.867952
913.112 -212.777 0.863151
912.885 -212.435 0.866589
912.642 -212.093 0.871022
912.405 -211.758 0.875254
912.174 -211.429 0.879169
911.941 -211.103 0.883339
911.714 -210.784 0.887214
911.491 -210.47 0.890959
886.315 -203.93 2.46996
886.246 -203.846 2.47161
886.178 -203.764 2.47322
886.111 -203.684 2.47477
886.046 -203.605 2.47628
885.982 -203.527 2.47774
885.919 -203.451 2.47916
885.857 -203.376 2.48054
885.796 -203.303 2.48187
885.736 -203.23 2.48317
885.677 -203.159 2.48442
885.619 -203.089 2.48564
885.562 -203.02 2.48682
885.506 -202.952 2.48796
885.45 -202.885 2.48907
885.396 -202.819 2.49014
885.342 -202.755 2.49118
885.289 -202.691 2.49219
885.237 -202.628 2.49317
885.186 -202.566 2.49411
885.135 -202.505 2.49503
885.085 -202.445 2.49591
885.036 -202.385 2.49677
884.987 -202.327 2.49759
884.939 -202.269 2.49839
884.892 -202.212 2.49917
884.845 -202.156 2.49991
884.799 -202.1 2.50064
884.754 -202.045 2.50133
884.709 -201.991 2.502
884.664 -201.938 2.50265
884.621 -201.885 2.50328
884.577 -201.833 2.50388
884.534 -201.781 2.50446
884.492 -201.73 2.50501
884.45 -201.68 2.50555
884.409 -201.63 2.50606
884.368 -201.581 2.50655
884.327 -201.533 2.50703
884.287 -201.485 2.50748
884.248 -201.437 2.50791
884.209 -201.39 2.50832
884.17 -201.344 2.50872
884.131 -201.298 2.50909
884.093 -201.252 2.50945
884.056 -201.207 2.50979
884.019 -201.162 2.51011
883.982 -201.118 2.51042
883.945 -201.074 2.5107
883.909 -201.031 2.51097
883.873 -200.988 2.51123
883.837 -200.945 2.51146
883.802 -200.903 2.51168
883.767 -200.861 2.51189
883.733 -200.82 2.51208
883.698 -200.779 2.51225
880.544 -205.773 2.89982
880.579 -205.758 2.89755
880.614 -205.743 2.89525
880.649 -205.728 2.89293
880.684 -205.713 2.89059
889.765 -216.315 2.48904
889.763 -216.108 2.48617
889.762 -215.905 2.48329
889.76 -215.705 2.48042
889.759 -215.508 2.47754
889.757 -215.315 2.47467
889.756 -215.124 2.47181
889.755 -214.937 2.46889
889.755 -214.753 2.46596
889.755 -214.572 2.46303
889.755 -214.394 2.46009
889.755 -214.218 2.45716
889.755 -214.044 2.45422
889.755 -213.873 2.45129
889.755 -213.704 2.44835
889.755 -213.538 2.44541
889.755 -213.373 2.44247
889.755 -213.211 2.43952
889.755 -213.051 2.43658
889.755 -212.893 2.43363
889.76 -212.74 2.43047
889.799 -212.621 2.42556
889.839 -212.502 2.42064
889.926 -212.425 2.41333
890.106 -212.425 2.40137
921.508 -237.22 0.80587
897.66 -216.045 1.96635
926.438 -234.335 0.402052
926.965 -234.188 0.361564
926.507 -233.401 0.374092
926.053 -232.629 0.386635
925.613 -231.88 0.398574
890.277 -209.667 2.3266
890.277 -209.543 2.32337
890.372 -209.477 2.31484
890.582 -209.477 2.29989
890.625 -209.378 2.29414
890.758 -209.329 2.28335
890.758 -209.206 2.27995
890.758 -209.083 2.27653
890.758 -208.961 2.27311
890.958 -208.947 2.25821
891.191 -208.947 2.24134
891.42 -208.942 2.22455
891.675 -208.947 2.20612
891.928 -208.947 2.1877
892.187 -208.947 2.16873
892.455 -208.947 2.14916
892.73 -208.947 2.12898
893.013 -208.947 2.10814
913.36 -218.053 0.893252
893.076 -208.711 2.09608
913.026 -217.304 0.894209
912.957 -216.979 0.888859
912.885 -216.655 0.8837
912.815 -216.335 0.878379
912.744 -216.017 0.873193
912.676 -215.703 0.867809
912.618 -215.396 0.861771
912.586 -215.101 0.854133
912.57 -214.814 0.845459
912.554 -214.529 0.836785
912.529 -214.242 0.828649
912.5 -213.956 0.820699
912.392 -213.645 0.817717
912.162 -213.295 0.82257
911.938 -212.953 0.827048
911.712 -212.614 0.831799
911.493 -212.283 0.836198
911.275 -211.956 0.840536
911.057 -211.634 0.845
910.847 -211.318 0.849063
910.636 -211.006 0.853186
910.426 -210.698 0.857384
910.218 -210.395 0.861497
910.017 -210.098 0.8652
886.291 -203.926 2.43897
886.222 -203.843 2.44091
886.155 -203.761 2.44279
886.089 -203.681 2.44461
886.024 -203.602 2.44639
885.96 -203.525 2.44811
885.898 -203.449 2.44978
885.836 -203.374 2.45141
885.775 -203.3 2.45298
885.716 -203.228 2.45451
885.657 -203.157 2.456
885.599 -203.087 2.45744
885.543 -203.018 2.45884
885.487 -202.951 2.4602
885.431 -202.884 2.46153
885.377 -202.818 2.46281
885.324 -202.754 2.46405
885.271 -202.69 2.46526
885.219 -202.627 2.46643
885.168 -202.565 2.46756
885.118 -202.504 2.46867
885.068 -202.444 2.46973
885.019 -202.385 2.47077
884.971 -202.327 2.47177
884.923 -202.269 2.47275
884.876 -202.212 2.47369
884.829 -202.156 2.4746
884.783 -202.101 2.47549
884.738 -202.046 2.47634
884.693 -201.992 2.47717
884.649 -201.939 2.47797
884.605 -201.886 2.47875
884.562 -201.834 2.4795
884.519 -201.782 2.48022
884.477 -201.732 2.48092
884.436 -201.681 2.48159
884.394 -201.632 2.48224
884.354 -201.583 2.48287
884.313 -201.534 2.48347
884.273 -201.486 2.48405
884.234 -201.439 2.48461
884.195 -201.392 2.48514
884.156 -201.345 2.48566
884.118 -201.299 2.48615
884.08 -201.254 2.48663
884.043 -201.209 2.48708
884.006 -201.164 2.48752
883.969 -201.12 2.48793
883.932 -201.077 2.48832
883.896 -201.033 2.4887
883.861 -200.99 2.48906
883.825 -200.948 2.4894
883.79 -200.906 2.48972
883.755 -200.864 2.49002
883.721 -200.823 2.49031
883.686 -200.782 2.49058
883.653 -200.741 2.49083
880.577 -205.758 2.87929
880.612 -205.743 2.87696
880.648 -205.728 2.8746
880.683 -205.713 2.87223
889.755 -216.31 2.42227
889.755 -216.105 2.41987
889.755 -215.904 2.41746
889.755 -215.705 2.41504
889.755 -215.51 2.41261
889.755 -215.318 2.41018
889.755 -215.128 2.40773
889.755 -214.942 2.40527
889.755 -214.758 2.4028
889.755 -214.577 2.40033
889.755 -214.399 2.39784
889.755 -214.223 2.39534
889.755 -214.049 2.39283
889.755 -213.878 2.39031
889.755 -213.709 2.38779
889.755 -213.542 2.38525
889.755 -213.378 2.3827
889.755 -213.216 2.38014
889.755 -213.056 2.37757
889.755 -212.897 2.37499
889.758 -212.744 2.37224
889.798 -212.624 2.3675
889.838 -212.506 2.36275
889.921 -212.425 2.3556
890.101 -212.425 2.34316
888.996 -211.36 2.40074
888.926 -211.166 2.40206
888.858 -210.977 2.40332
888.792 -210.793 2.40452
888.726 -210.612 2.40565
888.663 -210.435 2.40672
888.6 -210.262 2.40773
888.539 -210.093 2.40869
888.479 -209.927 2.4096
888.421 -209.765 2.41045
888.363 -209.606 2.41125
888.307 -209.45 2.412
888.252 -209.297 2.4127
888.197 -209.147 2.41336
888.144 -209 2.41397
888.092 -208.856 2.41454
888.041 -208.715 2.41507
887.991 -208.576 2.41555
887.945 -208.441 2.4158
887.903 -208.312 2.4158
887.861 -208.184 2.4158
887.82 -208.058 2.4158
887.779 -207.933 2.4158
887.738 -207.81 2.4158
887.697 -207.689 2.4158
887.656 -207.57 2.4158
887.615 -207.452 2.4158
887.575 -207.335 2.4158
887.534 -207.22 2.4158
887.494 -207.107 2.4158
887.454 -206.995 2.4158
887.414 -206.885 2.4158
887.374 -206.775 2.4158
887.334 -206.668 2.4158
887.295 -206.561 2.4158
887.255 -206.456 2.4158
887.216 -206.353 2.4158
887.177 -206.25 2.4158
887.137 -206.149 2.4158
887.098 -206.049 2.4158
887.06 -205.951 2.4158
887.078 -205.878 2.41212
911.94 -216.266 0.809327
911.896 -215.964 0.803224
911.874 -215.673 0.795725
911.86 -215.388 0.78768
911.836 -215.101 0.780192
911.787 -214.805 0.774368
911.659 -214.483 0.773664
911.441 -214.131 0.77902
911.228 -213.786 0.784069
911.019 -213.447 0.788922
910.808 -213.112 0.793954
910.603 -212.783 0.798668
910.401 -212.46 0.803242
910.198 -212.141 0.807979
905.186 -210.333 1.14021
905.069 -210.085 1.14048
904.804 -209.796 1.15091
904.519 -209.506 1.16287
903.929 -209.135 1.19604
903.827 -208.907 1.19564
903.849 -208.715 1.18657
904.036 -208.565 1.16585
886.268 -203.922 2.40812
886.199 -203.839 2.41034
886.132 -203.757 2.4125
886.067 -203.677 2.41459
886.002 -203.599 2.41663
885.939 -203.522 2.41861
885.876 -203.446 2.42053
885.815 -203.371 2.4224
885.755 -203.298 2.42422
885.695 -203.226 2.42598
885.637 -203.155 2.4277
885.58 -203.085 2.42937
885.523 -203.017 2.43099
885.467 -202.949 2.43256
885.413 -202.883 2.4341
885.359 -202.817 2.43558
885.305 -202.753 2.43703
885.253 -202.689 2.43843
885.201 -202.627 2.4398
885.15 -202.565 2.44112
885.1 -202.504 2.44241
885.051 -202.444 2.44366
885.002 -202.385 2.44488
884.954 -202.327 2.44605
884.906 -202.269 2.4472
884.859 -202.212 2.44831
884.813 -202.156 2.44939
884.767 -202.101 2.45043
884.722 -202.046 2.45145
884.678 -201.993 2.45243
884.634 -201.939 2.45338
884.59 -201.887 2.45431
884.547 -201.835 2.4552
884.505 -201.784 2.45607
884.463 -201.733 2.45691
884.421 -201.683 2.45772
884.38 -201.633 2.4585
884.339 -201.584 2.45926
884.299 -201.536 2.45999
884.26 -201.488 2.4607
884.22 -201.441 2.46138
884.181 -201.394 2.46204
884.143 -201.347 2.46268
884.105 -201.301 2.46329
884.067 -201.256 2.46388
884.03 -201.211 2.46445
883.993 -201.167 2.46499
883.956 -201.122 2.46552
883.92 -201.079 2.46602
883.884 -201.036 2.4665
883.848 -200.993 2.46696
883.813 -200.95 2.4674
883.778 -200.908 2.46782
883.743 -200.867 2.46822
883.709 -200.825 2.4686
883.675 -200.784 2.46897
883.641 -200.744 2.46931
883.607 -200.704 2.46963
880.611 -205.743 2.85867
880.646 -205.728 2.85628
880.681 -205.713 2.85386
889.755 -216.316 2.35504
889.755 -216.111 2.35319
889.755 -215.909 2.35131
889.755 -215.711 2.34941
889.755 -215.515 2.34749
889.755 -215.323 2.34555
889.755 -215.134 2.34359
889.755 -214.947 2.34161
889.755 -214.763 2.33961
889.755 -214.582 2.33758
889.755 -214.404 2.33554
889.755 -214.228 2.33348
889.755 -214.054 2.3314
889.755 -213.883 2.3293
889.755 -213.714 2.32719
889.755 -213.547 2.32505
889.755 -213.383 2.3229
889.755 -213.22 2.32072
889.755 -213.06 2.31853
889.755 -212.902 2.31632
889.757 -212.747 2.31399
889.797 -212.628 2.30942
889.837 -212.509 2.30483
889.916 -212.425 2.29788
890.095 -212.425 2.28497
888.959 -211.333 2.34976
888.89 -211.141 2.35167
888.823 -210.953 2.3535
888.757 -210.769 2.35525
888.692 -210.589 2.35692
888.629 -210.413 2.35852
888.567 -210.241 2.36005
888.507 -210.072 2.36151
888.447 -209.907 2.3629
888.389 -209.746 2.36423
888.332 -209.587 2.3655
888.276 -209.432 2.3667
888.221 -209.28 2.36785
888.168 -209.13 2.36894
888.115 -208.984 2.36997
888.063 -208.84 2.37095
888.012 -208.699 2.37188
887.962 -208.561 2.37276
887.913 -208.425 2.37359
887.865 -208.291 2.37438
887.818 -208.16 2.37511
887.771 -208.031 2.3758
887.725 -207.904 2.37645
887.68 -207.779 2.37706
887.636 -207.657 2.37762
887.592 -207.536 2.37815
887.549 -207.418 2.37863
887.507 -207.301 2.37908
887.466 -207.186 2.37949
887.425 -207.073 2.37986
887.384 -206.961 2.3802
887.344 -206.851 2.38051
887.305 -206.743 2.38077
887.266 -206.637 2.38101
887.228 -206.532 2.38121
887.191 -206.428 2.38139
887.154 -206.326 2.38153
887.117 -206.225 2.38164
887.081 -206.126 2.38172
887.045 -206.028 2.38177
887.01 -205.931 2.38179
887.009 -205.851 2.37948
887.095 -205.806 2.3713
911.089 -215.639 0.727274
910.921 -215.296 0.730478
910.718 -214.943 0.736048
910.516 -214.595 0.741675
910.318 -214.254 0.746998
910.125 -213.919 0.752102
909.929 -213.587 0.757402
909.737 -213.262 0.762437
909.55 -212.942 0.767198
909.361 -212.626 0.772191
905.18 -210.982 1.06048
904.765 -210.63 1.08271
904.592 -210.364 1.08773
904.4 -210.095 1.09423
904.209 -209.831 1.10069
903.694 -209.474 1.13067
903.49 -209.215 1.13829
903.355 -208.98 1.14091
903.316 -208.774 1.13659
903.367 -208.592 1.12563
903.418 -208.411 1.1146
886.244 -203.918 2.37742
886.176 -203.835 2.37992
886.11 -203.754 2.38234
886.045 -203.674 2.3847
885.98 -203.596 2.387
885.917 -203.519 2.38923
885.855 -203.443 2.39141
885.794 -203.369 2.39352
885.734 -203.296 2.39557
885.675 -203.224 2.39757
885.617 -203.153 2.39952
885.56 -203.084 2.40141
885.504 -203.015 2.40325
885.448 -202.948 2.40503
885.394 -202.882 2.40677
885.34 -202.816 2.40847
885.287 -202.752 2.41011
885.235 -202.688 2.41171
885.184 -202.626 2.41327
885.133 -202.564 2.41479
885.083 -202.504 2.41626
885.034 -202.444 2.41769
884.985 -202.385 2.41908
884.937 -202.327 2.42043
884.89 -202.269 2.42175
884.843 -202.213 2.42302
884.797 -202.157 2.42426
884.751 -202.102 2.42547
884.706 -202.047 2.42664
884.662 -201.993 2.42778
884.618 -201.94 2.42888
884.575 -201.888 2.42995
884.532 -201.836 2.43099
884.49 -201.785 2.432
884.448 -201.734 2.43298
884.407 -201.684 2.43393
884.366 -201.635 2.43485
884.325 -201.586 2.43574
884.285 -201.537 2.4366
884.246 -201.489 2.43743
884.207 -201.442 2.43824
884.168 -201.395 2.43902
884.129 -201.349 2.43978
884.091 -201.303 2.44051
884.054 -201.258 2.44121
884.017 -201.213 2.44189
883.98 -201.169 2.44255
883.943 -201.125 2.44318
883.907 -201.081 2.44379
883.871 -201.038 2.44437
883.836 -200.995 2.44494
883.801 -200.953 2.44548
883.766 -200.911 2.446
883.731 -200.869 2.44649
883.697 -200.828 2.44697
883.663 -200.787 2.44742
883.629 -200.747 2.44786
883.596 -200.707 2.44827
883.563 -200.667 2.44867
 ] }
 color Color { color [
0.491217 0 0.508783
0.0529228 0 0.947077
0.552113 0 0.447887
0.58667 0 0.41333
0.570642 0 0.429358
0.588611 0 0.411389
0.478968 0 0.521032
0.47665 0 0.52335
0.152633 0 0.847367
0.152278 0 0.847722
0.464595 0 0.535405
0.464079 0 0.535921
0.481744 0 0.518256
0.289222 0 0.710778
0.288779 0 0.711221
0.289555 0 0.710445
0.491166 0 0.508834
0.0529112 0 0.947089
0.552079 0 0.447921
0.586796 0 0.413204
0.570333 0 0.429667
0.588617 0 0.411383
0.479217 0 0.520783
0.47662 0 0.52338
0.152641 0 0.847359
0.152212 0 0.847788
0.465182 0 0.534818
0.463912 0 0.536088
0.481762 0 0.518238
0.289261 0 0.710739
0.288785 0 0.711215
0.289523 0 0.710477
0.592277 0 0.407723
0.491134 0 0.508866
0.0529001 0 0.9471
0.552079 0 0.447921
0.570048 0 0.429952
0.588634 0 0.411366
0.479587 0 0.520413
0.476597 0 0.523403
0.478168 0 0.521832
0.152348 0 0.847652
0.165561 0 0.834439
0.4638 0 0.5362
0.481796 0 0.518204
0.289304 0 0.710696
0.288794 0 0.711206
0.289497 0 0.710503
0.528539 0 0.471461
0.52421 0 0.47579
0.522206 0 0.477794
0.520471 0 0.479529
0.49112 0 0.50888
0.05289 0 0.94711
0.569784 0 0.430216
0.588655 0 0.411345
0.476583 0 0.523417
0.47801 0 0.52199
0.152288 0 0.847712
0.166521 0 0.833479
0.165585 0 0.834415
0.463733 0 0.536267
0.481846 0 0.518154
0.289351 0 0.710649
0.288808 0 0.711192
0.289475 0 0.710525
0.509288 0 0.490712
0.507569 0 0.492431
0.506643 0 0.493357
0.505893 0 0.494107
0.505155 0 0.494845
0.504475 0 0.495525
0.491127 0 0.508873
0.05288 0 0.94712
0.569537 0 0.430463
0.588687 0 0.411313
0.476578 0 0.523422
0.477868 0 0.522132
0.152229 0 0.847771
0.166206 0 0.833794
0.165982 0 0.834018
0.463708 0 0.536292
0.481915 0 0.518085
0.589011 0 0.410989
0.508485 0 0.491515
0.501337 0 0.498663
0.49915 0 0.50085
0.289405 0 0.710595
0.288828 0 0.711172
0.289458 0 0.710542
0.493843 0 0.506157
0.493058 0 0.506942
0.492327 0 0.507673
0.49161 0 0.50839
0.49095 0 0.50905
0.49028 0 0.50972
0.489666 0 0.510334
0.491158 0 0.508842
0.0528704 0 0.94713
0.569305 0 0.430695
0.588726 0 0.411274
0.476581 0 0.523419
0.477744 0 0.522256
0.152172 0 0.847828
0.166668 0 0.833332
0.165617 0 0.834383
0.46372 0 0.53628
0.482002 0 0.517998
0.5974 0 0.4026
0.592702 0 0.407298
0.584539 0 0.415461
0.56993 0 0.43007
0.493907 0 0.506093
0.489817 0 0.510183
0.487883 0 0.512117
0.485937 0 0.514063
0.484296 0 0.515704
0.483388 0 0.516612
0.289462 0 0.710538
0.28885 0 0.71115
0.289447 0 0.710553
0.480227 0 0.519773
0.479493 0 0.520507
0.478806 0 0.521194
0.47815 0 0.52185
0.477489 0 0.522511
0.476877 0 0.523123
0.476275 0 0.523725
0.475701 0 0.524299
0.491215 0 0.508785
0.0528616 0 0.947138
0.569088 0 0.430912
0.588775 0 0.411225
0.476593 0 0.523407
0.477635 0 0.522365
0.152158 0 0.847842
0.463768 0 0.536232
0.482109 0 0.517891
0.483529 0 0.516471
0.594206 0 0.405794
0.592572 0 0.407428
0.590451 0 0.409549
0.587472 0 0.412528
0.58451 0 0.41549
0.581406 0 0.418594
0.576271 0 0.423729
0.566113 0 0.433887
0.508827 0 0.491173
0.482045 0 0.517955
0.479229 0 0.520771
0.477278 0 0.522722
0.475395 0 0.524605
0.473828 0 0.526172
0.472863 0 0.527137
0.47198 0 0.52802
0.471162 0 0.528838
0.470362 0 0.529638
0.289524 0 0.710476
0.288877 0 0.711123
0.289441 0 0.710559
0.467344 0 0.532656
0.466675 0 0.533325
0.465992 0 0.534008
0.465368 0 0.534632
0.464769 0 0.535231
0.464181 0 0.535819
0.463605 0 0.536395
0.46308 0 0.53692
0.462542 0 0.537458
0.491309 0 0.508691
0.0528533 0 0.947147
0.586261 0 0.413739
0.568885 0 0.431115
0.58883 0 0.41117
0.476614 0 0.523386
0.47754 0 0.52246
0.152177 0 0.847823
0.154133 0 0.845867
0.163652 0 0.836348
0.16641 0 0.83359
0.165886 0 0.834114
0.167171 0 0.832829
0.16655 0 0.83345
0.16879 0 0.83121
0.171119 0 0.828881
0.463854 0 0.536147
0.482236 0 0.517764
0.483162 0 0.516838
0.588272 0 0.411728
0.579259 0 0.420741
0.577659 0 0.422341
0.57555 0 0.42445
0.572551 0 0.427449
0.569654 0 0.430346
0.566471 0 0.433529
0.560658 0 0.439342
0.549061 0 0.450939
0.477268 0 0.522732
0.471279 0 0.528721
0.469297 0 0.530703
0.467352 0 0.532648
0.46546 0 0.53454
0.463957 0 0.536043
0.462985 0 0.537014
0.462095 0 0.537905
0.461223 0 0.538777
0.46037 0 0.53963
0.459567 0 0.540433
0.458789 0 0.541211
0.457999 0 0.542001
0.289591 0 0.710409
0.288909 0 0.711091
0.289439 0 0.710561
0.455164 0 0.544836
0.454494 0 0.545506
0.453881 0 0.546119
0.453293 0 0.546707
0.452708 0 0.547292
0.452142 0 0.547858
0.451065 0 0.548935
0.447787 0 0.552213
0.443822 0 0.556178
0.439911 0 0.560089
0.491456 0 0.508543
0.585723 0 0.414277
0.568695 0 0.431305
0.588893 0 0.411107
0.476643 0 0.523357
0.477456 0 0.522544
0.152197 0 0.847803
0.15408 0 0.84592
0.162562 0 0.837438
0.153619 0 0.846381
0.153029 0 0.846971
0.153237 0 0.846763
0.155089 0 0.844911
0.157113 0 0.842887
0.159257 0 0.840743
0.161469 0 0.838531
0.163881 0 0.836119
0.166237 0 0.833763
0.168671 0 0.831329
0.171186 0 0.828814
0.463977 0 0.536023
0.594154 0 0.405846
0.582775 0 0.417225
0.482387 0 0.517613
0.482937 0 0.517063
0.563771 0 0.436229
0.561529 0 0.438471
0.558603 0 0.441397
0.555758 0 0.444242
0.552183 0 0.447817
0.545942 0 0.454058
0.533221 0 0.466779
0.465949 0 0.534051
0.461928 0 0.538072
0.459958 0 0.540042
0.458043 0 0.541957
0.456134 0 0.543866
0.454677 0 0.545323
0.453722 0 0.546278
0.452801 0 0.547199
0.451892 0 0.548108
0.451032 0 0.548968
0.450163 0 0.549837
0.449349 0 0.550651
0.448554 0 0.551446
0.447785 0 0.552215
0.44702 0 0.55298
0.446302 0 0.553698
0.289662 0 0.710338
0.288945 0 0.711055
0.289443 0 0.710557
0.443584 0 0.556416
0.442975 0 0.557025
0.441832 0 0.558168
0.438888 0 0.561112
0.43496 0 0.56504
0.431145 0 0.568855
0.427416 0 0.572584
0.423725 0 0.576275
0.420204 0 0.579796
0.416672 0 0.583328
0.413222 0 0.586779
0.491727 0 0.508273
0.0620297 0 0.93797
0.5188 0 0.4812
0.585391 0 0.414609
0.568516 0 0.431484
0.588965 0 0.411035
0.156858 0 0.843142
0.156205 0 0.843795
0.15222 0 0.84778
0.15403 0 0.84597
0.154324 0 0.845676
0.153722 0 0.846278
0.153132 0 0.846868
0.153083 0 0.846917
0.155102 0 0.844898
0.157181 0 0.842819
0.159326 0 0.840674
0.161537 0 0.838463
0.163819 0 0.836181
0.165843 0 0.834157
0.168313 0 0.831687
0.171 0 0.829
0.464144 0 0.535856
0.597253 0 0.402747
0.58816 0 0.41184
0.577754 0 0.422246
0.56691 0 0.43309
0.553912 0 0.446088
0.5523 0 0.4477
0.550699 0 0.449301
0.482565 0 0.517435
0.48278 0 0.51722
0.542764 0 0.457236
0.538775 0 0.461225
0.530798 0 0.469202
0.46823 0 0.53177
0.455634 0 0.544366
0.453122 0 0.546878
0.451191 0 0.548809
0.449253 0 0.550747
0.44747 0 0.55253
0.445973 0 0.554027
0.444983 0 0.555017
0.444049 0 0.555951
0.443137 0 0.556863
0.442219 0 0.557781
0.441359 0 0.558641
0.440491 0 0.559509
0.439666 0 0.560334
0.438857 0 0.561143
0.438063 0 0.561937
0.437315 0 0.562685
0.43658 0 0.56342
0.435862 0 0.564138
0.435169 0 0.564831
0.289739 0 0.710261
0.288984 0 0.711016
0.28945 0 0.71055
0.426776 0 0.573224
0.423011 0 0.576989
0.419324 0 0.580676
0.415772 0 0.584228
0.412227 0 0.587773
0.408819 0 0.591181
0.40545 0 0.59455
0.402128 0 0.597872
0.398952 0 0.601048
0.395776 0 0.604224
0.392677 0 0.607323
0.38969 0 0.61031
0.0620163 0 0.937984
0.518686 0 0.481314
0.585157 0 0.414843
0.568351 0 0.431649
0.589045 0 0.410955
0.157243 0 0.842757
0.15623 0 0.84377
0.152244 0 0.847756
0.153981 0 0.846019
0.154348 0 0.845652
0.153746 0 0.846254
0.153156 0 0.846844
0.153031 0 0.846969
0.155049 0 0.844951
0.157127 0 0.842873
0.15916 0 0.84084
0.161369 0 0.838631
0.163646 0 0.836354
0.165998 0 0.834002
0.168426 0 0.831574
0.170935 0 0.829065
0.464359 0 0.535641
0.465241 0 0.534759
0.591171 0 0.408829
0.582143 0 0.417857
0.573172 0 0.426828
0.562424 0 0.437576
0.552085 0 0.447915
0.541671 0 0.458329
0.540046 0 0.459954
0.538413 0 0.461587
0.536091 0 0.463909
0.533303 0 0.466697
0.530362 0 0.469638
0.482775 0 0.517225
0.482668 0 0.517332
0.452589 0 0.547411
0.446828 0 0.553172
0.444848 0 0.555152
0.442897 0 0.557103
0.441004 0 0.558996
0.439225 0 0.560775
0.437866 0 0.562134
0.436769 0 0.563231
0.435805 0 0.564195
0.434854 0 0.565146
0.433938 0 0.566062
0.433033 0 0.566967
0.432164 0 0.567836
0.431302 0 0.568698
0.430476 0 0.569524
0.429662 0 0.570338
0.428864 0 0.571136
0.428109 0 0.571891
0.427344 0 0.572656
0.42663 0 0.57337
0.425501 0 0.574499
0.422924 0 0.577076
0.419121 0 0.580879
0.28982 0 0.71018
0.289029 0 0.710971
0.289463 0 0.710537
0.404888 0 0.595112
0.401483 0 0.598517
0.398179 0 0.601821
0.394963 0 0.605037
0.391763 0 0.608237
0.388657 0 0.611343
0.385643 0 0.614357
0.382637 0 0.617363
0.379738 0 0.620262
0.373434 0 0.626566
0.339548 0 0.660452
0.333961 0 0.666039
0.328608 0 0.671392
0.0620313 0 0.937969
0.240044 0 0.759956
0.23807 0 0.76193
0.239485 0 0.760515
0.240991 0 0.759009
0.242527 0 0.757473
0.244095 0 0.755905
0.518628 0 0.481372
0.584991 0 0.415009
0.169205 0 0.830795
0.168129 0 0.831871
0.167075 0 0.832925
0.166957 0 0.833043
0.568197 0 0.431803
0.589132 0 0.410868
0.157243 0 0.842757
0.156257 0 0.843743
0.15227 0 0.84773
0.153934 0 0.846066
0.154375 0 0.845625
0.153772 0 0.846228
0.153182 0 0.846818
0.152983 0 0.847017
0.154998 0 0.845002
0.157075 0 0.842925
0.159107 0 0.840893
0.161313 0 0.838687
0.16359 0 0.83641
0.16594 0 0.83406
0.168366 0 0.831634
0.170873 0 0.829127
0.464636 0 0.535364
0.464897 0 0.535103
0.585539 0 0.414461
0.576568 0 0.423432
0.567928 0 0.432072
0.558306 0 0.441694
0.548054 0 0.451946
0.533708 0 0.466292
0.530149 0 0.469851
0.528568 0 0.471432
0.526884 0 0.473116
0.524502 0 0.475498
0.521778 0 0.478222
0.518872 0 0.481128
0.513639 0 0.486361
0.470334 0 0.529666
0.442658 0 0.557342
0.439037 0 0.560963
0.43702 0 0.56298
0.435086 0 0.564914
0.433211 0 0.566789
0.431387 0 0.568613
0.430048 0 0.569952
0.429039 0 0.570961
0.428032 0 0.571968
0.42708 0 0.57292
0.426118 0 0.573882
0.4252 0 0.5748
0.424297 0 0.575703
0.423409 0 0.576591
0.422564 0 0.577436
0.42171 0 0.57829
0.420917 0 0.579083
0.420125 0 0.579875
0.419355 0 0.580645
0.41859 0 0.58141
0.415691 0 0.584309
0.412049 0 0.587951
0.408395 0 0.591605
0.404903 0 0.595097
0.401404 0 0.598596
0.397977 0 0.602023
0.289908 0 0.710092
0.289077 0 0.710923
0.28948 0 0.71052
0.385139 0 0.614861
0.382052 0 0.617948
0.379056 0 0.620944
0.376148 0 0.623852
0.373245 0 0.626755
0.370401 0 0.629599
0.366015 0 0.633985
0.330669 0 0.669331
0.325328 0 0.674672
0.32018 0 0.67982
0.315227 0 0.684773
0.310424 0 0.689576
0.305806 0 0.694194
0.301311 0 0.698689
0.246009 0 0.753991
0.243965 0 0.756035
0.241966 0 0.758034
0.240012 0 0.759988
0.2381 0 0.7619
0.239444 0 0.760556
0.240949 0 0.759051
0.242485 0 0.757515
0.244053 0 0.755947
0.518603 0 0.481397
0.180858 0 0.819142
0.179541 0 0.820459
0.178252 0 0.821748
0.176989 0 0.823011
0.175752 0 0.824248
0.174541 0 0.825459
0.173355 0 0.826645
0.172193 0 0.827807
0.171055 0 0.828945
0.16994 0 0.83006
0.168847 0 0.831153
0.167775 0 0.832225
0.166726 0 0.833274
0.165826 0 0.834174
0.167207 0 0.832793
0.568056 0 0.431944
0.589229 0 0.410771
0.15694 0 0.84306
0.156286 0 0.843714
0.152298 0 0.847702
0.15389 0 0.84611
0.154403 0 0.845597
0.1538 0 0.8462
0.15321 0 0.84679
0.152935 0 0.847065
0.15495 0 0.84505
0.157025 0 0.842975
0.159055 0 0.840945
0.16126 0 0.83874
0.163535 0 0.836465
0.165883 0 0.834117
0.168308 0 0.831692
0.170813 0 0.829187
0.173521 0 0.826479
0.465001 0 0.534999
0.464697 0 0.535303
0.581133 0 0.418867
0.571402 0 0.428598
0.562882 0 0.437118
0.55434 0 0.44566
0.544339 0 0.455661
0.534546 0 0.465454
0.520953 0 0.479047
0.519335 0 0.480665
0.517736 0 0.482264
0.516115 0 0.483885
0.513596 0 0.486404
0.510901 0 0.489099
0.507888 0 0.492112
0.501313 0 0.498687
0.440804 0 0.559196
0.433801 0 0.566199
0.431579 0 0.568421
0.429615 0 0.570385
0.427717 0 0.572283
0.425832 0 0.574168
0.424117 0 0.575883
0.422752 0 0.577248
0.421701 0 0.578299
0.4207 0 0.5793
0.419725 0 0.580275
0.418761 0 0.581239
0.417806 0 0.582194
0.416897 0 0.583103
0.415978 0 0.584022
0.415108 0 0.584893
0.414243 0 0.585757
0.413399 0 0.586601
0.412562 0 0.587438
0.411327 0 0.588673
0.409032 0 0.590968
0.405387 0 0.594613
0.401851 0 0.598149
0.398333 0 0.601667
0.394923 0 0.605077
0.3916 0 0.6084
0.388298 0 0.611702
0.385112 0 0.614888
0.381978 0 0.618022
0.378883 0 0.621117
0.29 0 0.71
0.28913 0 0.71087
0.289502 0 0.710498
0.292464 0 0.707536
0.364426 0 0.635574
0.361685 0 0.638315
0.3587 0 0.6413
0.322439 0 0.677561
0.317212 0 0.682788
0.0718558 0 0.928144
0.0713735 0 0.928626
0.0708999 0 0.9291
0.0704342 0 0.929566
0.0699771 0 0.930023
0.0695276 0 0.930472
0.0690866 0 0.930913
0.0686524 0 0.931348
0.0682266 0 0.931773
0.246067 0 0.753933
0.244022 0 0.755978
0.242023 0 0.757977
0.193612 0 0.806388
0.192018 0 0.807982
0.190459 0 0.809541
0.188934 0 0.811066
0.187443 0 0.812557
0.185983 0 0.814017
0.184555 0 0.815445
0.183157 0 0.816843
0.18179 0 0.81821
0.18045 0 0.81955
0.179139 0 0.820861
0.177855 0 0.822145
0.176598 0 0.823402
0.175367 0 0.824633
0.174162 0 0.825838
0.17298 0 0.82702
0.171824 0 0.828176
0.17069 0 0.82931
0.16958 0 0.83042
0.168492 0 0.831508
0.167425 0 0.832575
0.16638 0 0.83362
0.165793 0 0.834207
0.167174 0 0.832826
0.567925 0 0.432075
0.251603 0 0.748397
0.589333 0 0.410667
0.15697 0 0.843029
0.156317 0 0.843683
0.152328 0 0.847672
0.153847 0 0.846153
0.154433 0 0.845567
0.15383 0 0.84617
0.15324 0 0.84676
0.15289 0 0.84711
0.154903 0 0.845097
0.156977 0 0.843023
0.159006 0 0.840994
0.161209 0 0.838791
0.163482 0 0.836518
0.165829 0 0.834171
0.168252 0 0.831748
0.170754 0 0.829246
0.173461 0 0.826539
0.465538 0 0.534462
0.46458 0 0.53542
0.596633 0 0.403367
0.566607 0 0.433393
0.558137 0 0.441863
0.549908 0 0.450092
0.540881 0 0.459119
0.531138 0 0.468862
0.521756 0 0.478244
0.510753 0 0.489247
0.509117 0 0.490883
0.507531 0 0.492469
0.50573 0 0.49427
0.503292 0 0.496708
0.500677 0 0.499323
0.497009 0 0.502991
0.488664 0 0.511336
0.431468 0 0.568532
0.426637 0 0.573363
0.424569 0 0.575431
0.422622 0 0.577378
0.0924262 0 0.907574
0.0915755 0 0.908424
0.090744 0 0.909256
0.0899315 0 0.910069
0.0891377 0 0.910862
0.0883625 0 0.911637
0.0876048 0 0.912395
0.0868638 0 0.913136
0.08614 0 0.91386
0.0854317 0 0.914568
0.0847388 0 0.915261
0.0840618 0 0.915938
0.0833991 0 0.916601
0.0827505 0 0.917249
0.0821167 0 0.917883
0.0814959 0 0.918504
0.0808881 0 0.919112
0.0802931 0 0.919707
0.0797108 0 0.920289
0.0791411 0 0.920859
0.0785832 0 0.921417
0.0780368 0 0.921963
0.0775012 0 0.922499
0.0769769 0 0.923023
0.0764632 0 0.923537
0.07596 0 0.92404
0.0754671 0 0.924533
0.0749845 0 0.925015
0.0745114 0 0.925489
0.0740475 0 0.925952
0.0735938 0 0.926406
0.0731484 0 0.926852
0.0727122 0 0.927288
0.0722843 0 0.927716
0.0718646 0 0.928135
0.0714539 0 0.928546
0.0710512 0 0.928949
0.0706567 0 0.929343
0.0702693 0 0.929731
0.0698899 0 0.93011
0.0695176 0 0.930482
0.0691531 0 0.930847
0.0687956 0 0.931204
0.0684444 0 0.931556
0.0681008 0 0.931899
0.0677642 0 0.932236
0.0674336 0 0.932566
0.0671098 0 0.93289
0.209173 0 0.790827
0.207222 0 0.792778
0.205316 0 0.794684
0.203455 0 0.796545
0.201637 0 0.798363
0.19986 0 0.80014
0.198124 0 0.801876
0.196427 0 0.803573
0.194768 0 0.805232
0.193146 0 0.806854
0.19156 0 0.80844
0.190009 0 0.809991
0.188491 0 0.811509
0.187006 0 0.812994
0.185554 0 0.814446
0.184132 0 0.815868
0.182741 0 0.817259
0.181379 0 0.818621
0.180046 0 0.819954
0.178741 0 0.821259
0.177463 0 0.822537
0.176212 0 0.823788
0.174986 0 0.825014
0.173786 0 0.826214
0.17261 0 0.82739
0.171458 0 0.828542
0.17033 0 0.82967
0.169224 0 0.830776
0.16814 0 0.83186
0.167078 0 0.832922
0.166038 0 0.833962
0.165762 0 0.834238
0.167143 0 0.832857
0.567808 0 0.432192
0.249673 0 0.750327
0.250638 0 0.749362
0.589446 0 0.410554
0.157003 0 0.842997
0.15635 0 0.84365
0.15236 0 0.84764
0.153806 0 0.846194
0.154465 0 0.845535
0.153862 0 0.846138
0.153272 0 0.846729
0.152846 0 0.847154
0.154858 0 0.845142
0.156931 0 0.843069
0.158958 0 0.841042
0.161159 0 0.838841
0.163431 0 0.836569
0.165776 0 0.834224
0.168197 0 0.831803
0.170698 0 0.829302
0.173403 0 0.826597
0.464522 0 0.535478
0.500619 0 0.499381
0.501905 0 0.498095
0.545575 0 0.454425
0.537464 0 0.462536
0.527921 0 0.472079
0.518627 0 0.481373
0.503473 0 0.496527
0.501106 0 0.498894
0.499477 0 0.500523
0.497892 0 0.502108
0.496161 0 0.503839
0.493593 0 0.506407
0.490987 0 0.509013
0.486551 0 0.513449
0.431313 0 0.568687
0.423267 0 0.576733
0.419883 0 0.580117
0.417926 0 0.582074
0.416007 0 0.583993
0.414125 0 0.585875
0.412263 0 0.587737
0.0930708 0 0.906929
0.0922034 0 0.907797
0.0913562 0 0.908644
0.0905289 0 0.909471
0.0897205 0 0.91028
0.0889309 0 0.911069
0.088159 0 0.911841
0.0874047 0 0.912595
0.0866677 0 0.913332
0.0859464 0 0.914054
0.0852414 0 0.914759
0.0845525 0 0.915447
0.083878 0 0.916122
0.0832185 0 0.916781
0.0825724 0 0.917428
0.0819409 0 0.918059
0.0813234 0 0.918677
0.080718 0 0.919282
0.0801261 0 0.919874
0.0795462 0 0.920454
0.0789789 0 0.921021
0.0784225 0 0.921578
0.0778785 0 0.922122
0.0773452 0 0.922655
0.0768233 0 0.923177
0.0763119 0 0.923688
0.075811 0 0.924189
0.0753196 0 0.92468
0.0748393 0 0.925161
0.0743677 0 0.925632
0.0739062 0 0.926094
0.0734531 0 0.926547
0.07301 0 0.92699
0.0725753 0 0.927425
0.0721489 0 0.927851
0.0717315 0 0.928269
0.0713222 0 0.928678
0.070921 0 0.929079
0.0705271 0 0.929473
0.070142 0 0.929858
0.069764 0 0.930236
0.0693932 0 0.930607
0.0690294 0 0.930971
0.0686733 0 0.931327
0.0683235 0 0.931676
0.0679814 0 0.932019
0.0676454 0 0.932355
0.0673162 0 0.932684
0.0669938 0 0.933006
0.0666767 0 0.933323
0.20863 0 0.79137
0.206689 0 0.793311
0.204794 0 0.795206
0.202942 0 0.797058
0.201133 0 0.798867
0.199366 0 0.800635
0.197638 0 0.802362
0.19595 0 0.80405
0.194299 0 0.805701
0.192685 0 0.807315
0.191106 0 0.808894
0.189562 0 0.810438
0.188052 0 0.811948
0.186575 0 0.813425
0.185129 0 0.814871
0.183714 0 0.816286
0.182329 0 0.817671
0.180974 0 0.819026
0.179647 0 0.820353
0.178348 0 0.821652
0.177075 0 0.822925
0.175829 0 0.824171
0.174609 0 0.825391
0.173414 0 0.826586
0.172243 0 0.827757
0.171096 0 0.828904
0.169973 0 0.830027
0.168872 0 0.831128
0.167793 0 0.832207
0.166736 0 0.833264
0.165699 0 0.834301
0.165734 0 0.834266
0.167114 0 0.832886
0.567703 0 0.432297
0.249501 0 0.750499
0.250421 0 0.749579
0.589566 0 0.410434
0.157038 0 0.842962
0.156384 0 0.843616
0.152394 0 0.847606
0.153767 0 0.846233
0.1545 0 0.8455
0.153896 0 0.846104
0.153305 0 0.846695
0.152804 0 0.847196
0.154815 0 0.845185
0.156886 0 0.843114
0.158911 0 0.841089
0.161112 0 0.838888
0.163382 0 0.836618
0.165725 0 0.834275
0.168145 0 0.831855
0.170644 0 0.829356
0.173347 0 0.826653
0.46451 0 0.53549
0.549548 0 0.450452
0.541436 0 0.458564
0.533681 0 0.466319
0.498028 0 0.501972
0.499008 0 0.500992
0.506864 0 0.493136
0.493868 0 0.506132
0.491971 0 0.508029
0.490374 0 0.509626
0.488776 0 0.511224
0.486887 0 0.513113
0.484373 0 0.515627
0.481478 0 0.518522
0.47579 0 0.52421
0.421375 0 0.578625
0.415823 0 0.584177
0.413576 0 0.586424
0.41163 0 0.58837
0.409733 0 0.590267
0.407852 0 0.592148
0.406012 0 0.593988
0.404487 0 0.595513
0.403152 0 0.596848
0.402079 0 0.597921
0.0928457 0 0.907154
0.0919825 0 0.908018
0.0911394 0 0.908861
0.0903163 0 0.909684
0.0895121 0 0.910488
0.0887258 0 0.911274
0.087958 0 0.912042
0.087207 0 0.912793
0.0864726 0 0.913527
0.0857554 0 0.914245
0.0850536 0 0.914946
0.0843672 0 0.915633
0.0836959 0 0.916304
0.0830389 0 0.916961
0.0823967 0 0.917603
0.0817677 0 0.918232
0.0811525 0 0.918847
0.0805495 0 0.919451
0.0799601 0 0.92004
0.0793825 0 0.920617
0.0788176 0 0.921182
0.0782643 0 0.921736
0.0777218 0 0.922278
0.0771909 0 0.922809
0.0766713 0 0.923329
0.0761622 0 0.923838
0.0756628 0 0.924337
0.0751738 0 0.924826
0.074695 0 0.925305
0.0742256 0 0.925774
0.0737656 0 0.926234
0.0733148 0 0.926685
0.0728733 0 0.927127
0.07244 0 0.92756
0.0720151 0 0.927985
0.0715991 0 0.928401
0.0711913 0 0.928809
0.0707916 0 0.929208
0.0704 0 0.9296
0.0700155 0 0.929985
0.069639 0 0.930361
0.0692696 0 0.93073
0.0689072 0 0.931093
0.0685526 0 0.931447
0.0682042 0 0.931796
0.0678628 0 0.932137
0.0675282 0 0.932472
0.0672004 0 0.9328
0.0668787 0 0.933121
0.0665637 0 0.933436
0.0662539 0 0.933746
0.263461 0 0.736539
0.208093 0 0.791907
0.206163 0 0.793837
0.204277 0 0.795723
0.202434 0 0.797566
0.200635 0 0.799365
0.198876 0 0.801124
0.197157 0 0.802843
0.195477 0 0.804523
0.193835 0 0.806165
0.192228 0 0.807772
0.190657 0 0.809343
0.189121 0 0.810879
0.187618 0 0.812382
0.186147 0 0.813853
0.184708 0 0.815292
0.1833 0 0.8167
0.181921 0 0.818079
0.180572 0 0.819428
0.179251 0 0.820749
0.177958 0 0.822042
0.176691 0 0.823309
0.175451 0 0.824549
0.174236 0 0.825764
0.173046 0 0.826954
0.17188 0 0.82812
0.170739 0 0.829261
0.16962 0 0.83038
0.168523 0 0.831477
0.167449 0 0.832551
0.166396 0 0.833604
0.165364 0 0.834636
0.165707 0 0.834293
0.167086 0 0.832914
0.56761 0 0.43239
0.249332 0 0.750668
0.589694 0 0.410306
0.157075 0 0.842925
0.156421 0 0.843579
0.15232 0 0.84768
0.153729 0 0.846271
0.154536 0 0.845464
0.153932 0 0.846068
0.153341 0 0.846659
0.152764 0 0.847236
0.154773 0 0.845227
0.156843 0 0.843157
0.158867 0 0.841133
0.161067 0 0.838933
0.163335 0 0.836665
0.165677 0 0.834323
0.168094 0 0.831906
0.170591 0 0.829409
0.173292 0 0.826708
0.537619 0 0.462381
0.529853 0 0.470147
0.464541 0 0.535459
0.513053 0 0.486947
0.504194 0 0.495806
0.495646 0 0.504354
0.48499 0 0.51501
0.483368 0 0.516632
0.48173 0 0.51827
0.480123 0 0.519877
0.478096 0 0.521904
0.475628 0 0.524372
0.472415 0 0.527585
0.426048 0 0.573952
0.413358 0 0.586642
0.409556 0 0.590444
0.407555 0 0.592445
0.405655 0 0.594345
0.403776 0 0.596224
0.401901 0 0.598099
0.400079 0 0.599921
0.398489 0 0.601511
0.397305 0 0.602695
0.396203 0 0.603797
0.395138 0 0.604862
0.394093 0 0.605907
0.393055 0 0.606946
0.0926232 0 0.907377
0.0917642 0 0.908236
0.0909253 0 0.909075
0.0901056 0 0.909894
0.0893048 0 0.910695
0.0885226 0 0.911477
0.0877581 0 0.912242
0.0870112 0 0.912989
0.0862801 0 0.91372
0.0855662 0 0.914434
0.0848676 0 0.915132
0.0841844 0 0.915816
0.0835156 0 0.916484
0.0828618 0 0.917138
0.082222 0 0.917778
0.0815962 0 0.918404
0.0809834 0 0.919017
0.0803835 0 0.919616
0.0797965 0 0.920204
0.0792213 0 0.920779
0.0786587 0 0.921341
0.078107 0 0.921893
0.0775676 0 0.922432
0.0770382 0 0.922962
0.076521 0 0.923479
0.0760134 0 0.923987
0.0755163 0 0.924484
0.0750296 0 0.92497
0.0745523 0 0.925448
0.0740845 0 0.925916
0.0736267 0 0.926373
0.0731774 0 0.926823
0.0727373 0 0.927263
0.0723056 0 0.927694
0.0718829 0 0.928117
0.0714684 0 0.928532
0.0710621 0 0.928938
0.0706638 0 0.929336
0.0702736 0 0.929726
0.0698906 0 0.930109
0.0695155 0 0.930484
0.0691475 0 0.930852
0.0687866 0 0.931213
0.0684327 0 0.931567
0.0680865 0 0.931913
0.0677465 0 0.932254
0.0674125 0 0.932587
0.0670854 0 0.932915
0.0667651 0 0.933235
0.0664508 0 0.933549
0.0661432 0 0.933857
0.0658407 0 0.934159
0.207562 0 0.792438
0.205641 0 0.794359
0.203765 0 0.796235
0.052195 0 0.947805
0.0523097 0 0.94769
0.198392 0 0.801608
0.196681 0 0.803319
0.195009 0 0.804991
0.193375 0 0.806625
0.191776 0 0.808224
0.190213 0 0.809787
0.188684 0 0.811316
0.187187 0 0.812813
0.185724 0 0.814276
0.184291 0 0.815709
0.18289 0 0.81711
0.181517 0 0.818483
0.180174 0 0.819826
0.178859 0 0.821141
0.177572 0 0.822428
0.17631 0 0.82369
0.175076 0 0.824924
0.173866 0 0.826134
0.172682 0 0.827318
0.171521 0 0.828479
0.170384 0 0.829616
0.16927 0 0.83073
0.168178 0 0.831822
0.167108 0 0.832892
0.16606 0 0.83394
0.16536 0 0.83464
0.165682 0 0.834318
0.167061 0 0.832939
0.56753 0 0.43247
0.249196 0 0.750804
0.589831 0 0.410169
0.157114 0 0.842886
0.15646 0 0.84354
0.152749 0 0.847251
0.153694 0 0.846306
0.154573 0 0.845427
0.15397 0 0.84603
0.153378 0 0.846622
0.152799 0 0.847201
0.154734 0 0.845266
0.156803 0 0.843197
0.158826 0 0.841174
0.161023 0 0.838977
0.16329 0 0.83671
0.16563 0 0.83437
0.168046 0 0.831954
0.170542 0 0.829458
0.173241 0 0.826759
0.501607 0 0.498393
0.493142 0 0.506858
0.46461 0 0.53539
0.476799 0 0.523201
0.475172 0 0.524828
0.473576 0 0.526424
0.471895 0 0.528105
0.469864 0 0.530136
0.467399 0 0.532601
0.46312 0 0.53688
0.412013 0 0.587987
0.406464 0 0.593536
0.403863 0 0.596137
0.401868 0 0.598132
0.39998 0 0.60002
0.398116 0 0.601884
0.396248 0 0.603752
0.394504 0 0.605496
0.392958 0 0.607042
0.391758 0 0.608242
0.390644 0 0.609356
0.389565 0 0.610435
0.388482 0 0.611518
0.38745 0 0.61255
0.38641 0 0.61359
0.385419 0 0.614581
0.0932776 0 0.906722
0.0924025 0 0.907597
0.0915477 0 0.908452
0.0907123 0 0.909288
0.0898974 0 0.910103
0.0891 0 0.9109
0.0883219 0 0.911678
0.0875608 0 0.912439
0.0868164 0 0.913184
0.0860893 0 0.913911
0.0853786 0 0.914621
0.0846826 0 0.915317
0.0840026 0 0.915997
0.083337 0 0.916663
0.0826864 0 0.917314
0.082049 0 0.917951
0.0814256 0 0.918574
0.0808152 0 0.919185
0.0802185 0 0.919781
0.0796338 0 0.920366
0.079061 0 0.920939
0.0785007 0 0.921499
0.0779513 0 0.922049
0.0774143 0 0.922586
0.0768872 0 0.923113
0.0763715 0 0.923629
0.0758663 0 0.924134
0.0753715 0 0.924628
0.0748863 0 0.925114
0.0744113 0 0.925589
0.0739449 0 0.926055
0.0734886 0 0.926511
0.0730416 0 0.926958
0.072603 0 0.927397
0.0721735 0 0.927827
0.0717523 0 0.928248
0.0713393 0 0.928661
0.0709344 0 0.929066
0.0705376 0 0.929462
0.0701488 0 0.929851
0.0697673 0 0.930233
0.0693936 0 0.930606
0.0690263 0 0.930974
0.0686668 0 0.931333
0.0683144 0 0.931686
0.0679688 0 0.932031
0.0676302 0 0.93237
0.0672977 0 0.932702
0.066972 0 0.933028
0.0666531 0 0.933347
0.0663394 0 0.933661
0.0660324 0 0.933968
0.0657313 0 0.934269
0.0654361 0 0.934564
0.205124 0 0.794876
0.203258 0 0.796742
0.0523541 0 0.947646
0.199653 0 0.800347
0.197912 0 0.802088
0.0532325 0 0.946767
0.194546 0 0.805454
0.192919 0 0.807081
0.191328 0 0.808672
0.189773 0 0.810227
0.18825 0 0.81175
0.186761 0 0.813239
0.185305 0 0.814695
0.183879 0 0.816121
0.182483 0 0.817517
0.181118 0 0.818882
0.179781 0 0.820219
0.178472 0 0.821528
0.17719 0 0.82281
0.175934 0 0.824066
0.174705 0 0.825295
0.1735 0 0.8265
0.172321 0 0.827679
0.171165 0 0.828835
0.170033 0 0.829967
0.168923 0 0.831077
0.167836 0 0.832164
0.166771 0 0.833229
0.165868 0 0.834132
0.16539 0 0.83461
0.16566 0 0.83434
0.167038 0 0.832962
0.567463 0 0.432537
0.24915 0 0.75085
0.589976 0 0.410024
0.152178 0 0.847822
0.151533 0 0.848467
0.152156 0 0.847844
0.152637 0 0.847363
0.153699 0 0.846301
0.154613 0 0.845387
0.154009 0 0.845991
0.153418 0 0.846582
0.152838 0 0.847162
0.154697 0 0.845303
0.156764 0 0.843236
0.158785 0 0.841215
0.160982 0 0.839018
0.163247 0 0.836753
0.165473 0 0.834527
0.168 0 0.832
0.170494 0 0.829506
0.173191 0 0.826809
0.46905 0 0.53095
0.467396 0 0.532604
0.464716 0 0.535284
0.46414 0 0.53586
0.461971 0 0.538029
0.45931 0 0.54069
0.415818 0 0.584183
0.404558 0 0.595442
0.400479 0 0.599521
0.398414 0 0.601586
0.396459 0 0.603541
0.394583 0 0.605417
0.392731 0 0.607269
0.390875 0 0.609125
0.389107 0 0.610893
0.387619 0 0.612381
0.386491 0 0.613509
0.385358 0 0.614642
0.384275 0 0.615726
0.383197 0 0.616803
0.382137 0 0.617863
0.381089 0 0.618911
0.379517 0 0.620483
0.376535 0 0.623465
0.373193 0 0.626807
0.369988 0 0.630012
0.0930554 0 0.906945
0.0921837 0 0.907816
0.0913331 0 0.908667
0.0905026 0 0.909497
0.0896904 0 0.91031
0.0888978 0 0.911102
0.0881223 0 0.911878
0.0873652 0 0.912635
0.0866249 0 0.913375
0.0859003 0 0.9141
0.0851929 0 0.914807
0.0845001 0 0.9155
0.0838233 0 0.916177
0.0831609 0 0.916839
0.0825127 0 0.917487
0.0818778 0 0.918122
0.0812575 0 0.918742
0.0806495 0 0.919351
0.0800552 0 0.919945
0.0794728 0 0.920527
0.0789024 0 0.921098
0.0783444 0 0.921656
0.0777974 0 0.922203
0.0772627 0 0.922737
0.0767379 0 0.923262
0.0762245 0 0.923775
0.0757208 0 0.924279
0.0752275 0 0.924773
0.0747445 0 0.925255
0.0742711 0 0.925729
0.073807 0 0.926193
0.073353 0 0.926647
0.0729074 0 0.927093
0.0724703 0 0.92753
0.0720423 0 0.927958
0.0716225 0 0.928378
0.0712109 0 0.928789
0.0708083 0 0.929192
0.0704122 0 0.929588
0.0700249 0 0.929975
0.0696447 0 0.930355
0.0692726 0 0.930727
0.0689067 0 0.931093
0.0685486 0 0.931451
0.0681976 0 0.931802
0.0678535 0 0.932147
0.0675155 0 0.932485
0.0671844 0 0.932816
0.0668601 0 0.93314
0.0665418 0 0.933458
0.0662295 0 0.93377
0.0659239 0 0.934076
0.0656235 0 0.934376
0.0653297 0 0.93467
0.0650409 0 0.934959
0.052891 0 0.947109
0.0519543 0 0.948046
0.0520558 0 0.947944
0.0521609 0 0.947839
0.052269 0 0.947731
0.0523799 0 0.94762
0.192468 0 0.807532
0.190885 0 0.809115
0.189337 0 0.810663
0.187822 0 0.812178
0.186339 0 0.813661
0.18489 0 0.81511
0.18347 0 0.81653
0.182081 0 0.817919
0.180721 0 0.819279
0.17939 0 0.82061
0.178087 0 0.821913
0.176811 0 0.823189
0.175561 0 0.824439
0.174337 0 0.825663
0.173138 0 0.826862
0.171964 0 0.828036
0.170813 0 0.829187
0.169685 0 0.830315
0.168581 0 0.831419
0.167498 0 0.832502
0.166437 0 0.833563
0.165901 0 0.834099
0.165423 0 0.834577
0.165639 0 0.834361
0.167017 0 0.832983
0.567411 0 0.432589
0.249833 0 0.750167
0.590128 0 0.409872
0.152219 0 0.847781
0.151575 0 0.848425
0.152126 0 0.847874
0.153937 0 0.846063
0.153741 0 0.846259
0.154655 0 0.845345
0.154051 0 0.845949
0.153459 0 0.846541
0.152879 0 0.847121
0.154661 0 0.845339
0.156727 0 0.843273
0.158747 0 0.841253
0.160942 0 0.839058
0.163206 0 0.836794
0.165543 0 0.834457
0.168072 0 0.831928
0.170566 0 0.829434
0.173143 0 0.826857
0.456619 0 0.543381
0.454465 0 0.545535
0.451217 0 0.548783
0.403426 0 0.596574
0.397927 0 0.602073
0.395234 0 0.604766
0.39325 0 0.60675
0.391309 0 0.608691
0.389438 0 0.610562
0.387564 0 0.612436
0.385758 0 0.614242
0.384095 0 0.615905
0.382641 0 0.617359
0.381485 0 0.618515
0.380352 0 0.619648
0.379246 0 0.620754
0.378142 0 0.621858
0.377085 0 0.622915
0.375294 0 0.624706
0.372121 0 0.627879
0.368825 0 0.631175
0.365612 0 0.634388
0.3625 0 0.6375
0.359391 0 0.640609
0.356376 0 0.643624
0.353427 0 0.646573
0.0928349 0 0.907165
0.0919675 0 0.908032
0.0911211 0 0.908879
0.090294 0 0.909706
0.0894859 0 0.910514
0.0886966 0 0.911303
0.0879252 0 0.912075
0.0871714 0 0.912829
0.0864344 0 0.913566
0.0857138 0 0.914286
0.0850089 0 0.914991
0.0843193 0 0.915681
0.083645 0 0.916355
0.0829858 0 0.917014
0.08234 0 0.91766
0.081709 0 0.918291
0.0810903 0 0.91891
0.0804855 0 0.919514
0.0798935 0 0.920106
0.0793135 0 0.920686
0.0787454 0 0.921255
0.0781898 0 0.92181
0.0776451 0 0.922355
0.077112 0 0.922888
0.0765895 0 0.923411
0.0760783 0 0.923922
0.0755769 0 0.924423
0.0750859 0 0.924914
0.0746045 0 0.925395
0.0741325 0 0.925867
0.0736707 0 0.926329
0.0732182 0 0.926782
0.0727741 0 0.927226
0.0723384 0 0.927662
0.0719126 0 0.928087
0.0714943 0 0.928506
0.0710842 0 0.928916
0.070683 0 0.929317
0.0702884 0 0.929712
0.0699025 0 0.930098
0.0695238 0 0.930476
0.0691531 0 0.930847
0.0687886 0 0.931211
0.068432 0 0.931568
0.0680816 0 0.931918
0.0677389 0 0.932261
0.0674023 0 0.932598
0.0670726 0 0.932927
0.066749 0 0.933251
0.0664321 0 0.933568
0.0661204 0 0.93388
0.0658155 0 0.934184
0.0655164 0 0.934484
0.065224 0 0.934776
0.0649359 0 0.935064
0.0646543 0 0.935346
0.0519519 0 0.948048
0.0520539 0 0.947946
0.0521589 0 0.947841
0.0522666 0 0.947733
0.0523775 0 0.947622
0.192022 0 0.807978
0.190446 0 0.809554
0.188905 0 0.811095
0.187397 0 0.812603
0.185922 0 0.814078
0.184479 0 0.815521
0.183066 0 0.816934
0.181697 0 0.818303
0.180364 0 0.819636
0.179059 0 0.820941
0.177782 0 0.822218
0.176531 0 0.823469
0.175307 0 0.824693
0.174107 0 0.825893
0.172932 0 0.827068
0.171781 0 0.828219
0.170654 0 0.829346
0.16955 0 0.83045
0.168468 0 0.831532
0.167408 0 0.832592
0.166424 0 0.833576
0.165935 0 0.834065
0.165457 0 0.834543
0.16562 0 0.834379
0.166997 0 0.833003
0.567375 0 0.432625
0.249122 0 0.750878
0.590289 0 0.409711
0.593894 0 0.406106
0.585772 0 0.414228
0.577792 0 0.422208
0.57008 0 0.42992
0.152262 0 0.847738
0.151618 0 0.848382
0.152098 0 0.847902
0.153908 0 0.846092
0.153784 0 0.846215
0.154699 0 0.845301
0.154094 0 0.845906
0.153502 0 0.846498
0.152922 0 0.847078
0.154627 0 0.845373
0.156692 0 0.843308
0.158711 0 0.841289
0.161016 0 0.838984
0.16328 0 0.83672
0.165616 0 0.834383
0.168029 0 0.831971
0.170522 0 0.829478
0.173098 0 0.826902
0.396333 0 0.603667
0.172704 0 0.827296
0.390247 0 0.609753
0.388327 0 0.611673
0.386404 0 0.613596
0.38454 0 0.61546
0.382682 0 0.617318
0.380887 0 0.619113
0.379236 0 0.620764
0.377885 0 0.622115
0.376736 0 0.623264
0.375605 0 0.624395
0.374402 0 0.625598
0.373188 0 0.626812
0.371162 0 0.628838
0.367865 0 0.632135
0.364677 0 0.635323
0.361491 0 0.638509
0.358406 0 0.641594
0.355376 0 0.644624
0.352368 0 0.647632
0.349466 0 0.650534
0.346596 0 0.653404
0.343753 0 0.656247
0.340963 0 0.659037
0.338276 0 0.661724
0.0926164 0 0.907384
0.0917531 0 0.908247
0.0909109 0 0.909089
0.0900879 0 0.909912
0.0892839 0 0.910716
0.088498 0 0.911502
0.0877299 0 0.91227
0.0869794 0 0.913021
0.0862456 0 0.913754
0.0855283 0 0.914472
0.0848266 0 0.915173
0.0841402 0 0.91586
0.0834692 0 0.916531
0.0828124 0 0.917188
0.0821697 0 0.91783
0.0815412 0 0.918459
0.0809257 0 0.919074
0.0803232 0 0.919677
0.0797336 0 0.920266
0.0791559 0 0.920844
0.0785909 0 0.921409
0.0780369 0 0.921963
0.0774945 0 0.922506
0.0769636 0 0.923036
0.0764434 0 0.923557
0.0759338 0 0.924066
0.0754339 0 0.924566
0.0749452 0 0.925055
0.074466 0 0.925534
0.0739963 0 0.926004
0.073536 0 0.926464
0.0730842 0 0.926916
0.0726423 0 0.927358
0.0722089 0 0.927791
0.0717838 0 0.928216
0.071367 0 0.928633
0.0709591 0 0.929041
0.0705586 0 0.929441
0.0701661 0 0.929834
0.0697817 0 0.930218
0.0694044 0 0.930596
0.0690343 0 0.930966
0.0686713 0 0.931329
0.0683161 0 0.931684
0.0679671 0 0.932033
0.0676251 0 0.932375
0.0672899 0 0.93271
0.0669616 0 0.933038
0.0666394 0 0.933361
0.0663231 0 0.933677
0.0660129 0 0.933987
0.0657093 0 0.934291
0.0654109 0 0.934589
0.0651191 0 0.934881
0.0648323 0 0.935168
0.0645514 0 0.935449
0.0642762 0 0.935724
0.052052 0 0.947948
0.0521572 0 0.947843
0.0522649 0 0.947735
0.0523756 0 0.947624
0.191946 0 0.808055
0.190392 0 0.809608
0.188873 0 0.811127
0.187387 0 0.812613
0.185933 0 0.814067
0.184511 0 0.815489
0.183119 0 0.816881
0.181756 0 0.818244
0.180423 0 0.819577
0.179118 0 0.820882
0.177839 0 0.822161
0.176588 0 0.823412
0.175363 0 0.824637
0.174163 0 0.825837
0.172987 0 0.827013
0.171836 0 0.828164
0.170708 0 0.829292
0.169603 0 0.830397
0.168521 0 0.831479
0.16746 0 0.83254
0.166461 0 0.833539
0.165972 0 0.834028
0.165493 0 0.834507
0.165604 0 0.834396
0.166981 0 0.833019
0.151663 0 0.848337
0.149898 0 0.850102
0.148181 0 0.851819
0.146509 0 0.853491
0.144881 0 0.855119
0.143295 0 0.856705
0.14175 0 0.85825
0.140245 0 0.859755
0.138777 0 0.861223
0.137347 0 0.862653
0.135951 0 0.864049
0.13459 0 0.86541
0.133262 0 0.866738
0.131966 0 0.868034
0.130702 0 0.869298
0.129466 0 0.870534
0.128261 0 0.871739
0.127083 0 0.872917
0.125974 0 0.874026
0.124931 0 0.875069
0.123906 0 0.876094
0.122897 0 0.877103
0.121904 0 0.878096
0.120926 0 0.879074
0.119964 0 0.880036
0.119017 0 0.880983
0.118086 0 0.881914
0.117168 0 0.882832
0.116265 0 0.883735
0.115376 0 0.884624
0.1145 0 0.8855
0.113638 0 0.886362
0.112789 0 0.887211
0.111953 0 0.888047
0.111129 0 0.888871
0.110318 0 0.889682
0.109519 0 0.890481
0.108732 0 0.891268
0.107956 0 0.892044
0.107193 0 0.892807
0.10644 0 0.89356
0.106323 0 0.893677
0.376242 0 0.623758
0.374688 0 0.625312
0.37339 0 0.62661
0.372202 0 0.627798
0.370941 0 0.629059
0.369428 0 0.630572
0.367107 0 0.632893
0.363842 0 0.636158
0.360673 0 0.639327
0.357578 0 0.642422
0.354497 0 0.645503
0.351509 0 0.648492
0.348582 0 0.651417
0.345671 0 0.654329
0.292332 0 0.707668
0.290493 0 0.709507
0.287133 0 0.712867
0.283584 0 0.716416
0.276892 0 0.723108
0.275299 0 0.724701
0.275019 0 0.724981
0.276464 0 0.723536
0.0924005 0 0.9076
0.0915414 0 0.908459
0.0907025 0 0.909297
0.0898837 0 0.910116
0.0890838 0 0.910916
0.0883012 0 0.911699
0.0875371 0 0.912463
0.08679 0 0.91321
0.0860594 0 0.913941
0.0853454 0 0.914655
0.0846468 0 0.915353
0.0839637 0 0.916036
0.0832951 0 0.916705
0.0826414 0 0.917359
0.0820012 0 0.917999
0.081375 0 0.918625
0.0807619 0 0.919238
0.0801625 0 0.919837
0.0795753 0 0.920425
0.079 0 0.921
0.0784365 0 0.921564
0.0778856 0 0.922114
0.0773455 0 0.922655
0.0768162 0 0.923184
0.0762983 0 0.923702
0.075791 0 0.924209
0.0752934 0 0.924707
0.0748061 0 0.925194
0.0743284 0 0.925672
0.0738602 0 0.92614
0.0734021 0 0.926598
0.0729525 0 0.927047
0.0725122 0 0.927488
0.0720802 0 0.92792
0.0716566 0 0.928343
0.071242 0 0.928758
0.0708348 0 0.929165
0.0704365 0 0.929564
0.0700455 0 0.929955
0.0696617 0 0.930338
0.0692859 0 0.930714
0.0689172 0 0.931083
0.0685556 0 0.931444
0.0682018 0 0.931798
0.0678542 0 0.932146
0.0675136 0 0.932486
0.0671791 0 0.932821
0.0668514 0 0.933149
0.0665306 0 0.933469
0.0662149 0 0.933785
0.0659061 0 0.934094
0.0656039 0 0.934396
0.0653068 0 0.934693
0.0650157 0 0.934984
0.0647303 0 0.93527
0.06445 0 0.93555
0.0641754 0 0.935825
0.0639066 0 0.936093
0.0521561 0 0.947844
0.0522639 0 0.947736
0.0523747 0 0.947625
0.192012 0 0.807988
0.190458 0 0.809542
0.188938 0 0.811062
0.187452 0 0.812548
0.185997 0 0.814003
0.184574 0 0.815426
0.183181 0 0.816819
0.181818 0 0.818182
0.180484 0 0.819516
0.179178 0 0.820822
0.177899 0 0.822101
0.176647 0 0.823353
0.175421 0 0.824579
0.174221 0 0.825779
0.173045 0 0.826955
0.171893 0 0.828107
0.170765 0 0.829235
0.169659 0 0.830341
0.168576 0 0.831424
0.167515 0 0.832485
0.1665 0 0.833501
0.166011 0 0.833989
0.165532 0 0.834468
0.165589 0 0.834411
0.166965 0 0.833035
0.151235 0 0.848765
0.14948 0 0.85052
0.147773 0 0.852227
0.14611 0 0.85389
0.144491 0 0.855509
0.142914 0 0.857086
0.141378 0 0.858622
0.139881 0 0.860119
0.138421 0 0.861579
0.136998 0 0.863002
0.135609 0 0.864391
0.134255 0 0.865745
0.132934 0 0.867066
0.131645 0 0.868355
0.130387 0 0.869613
0.129158 0 0.870842
0.127958 0 0.872042
0.126786 0 0.873214
0.125641 0 0.874359
0.124523 0 0.875477
0.123429 0 0.876571
0.122361 0 0.877639
0.121316 0 0.878684
0.120295 0 0.879705
0.119297 0 0.880703
0.11832 0 0.88168
0.117364 0 0.882636
0.11643 0 0.88357
0.115516 0 0.884484
0.114621 0 0.885379
0.113745 0 0.886255
0.112888 0 0.887112
0.112048 0 0.887952
0.111228 0 0.888772
0.110423 0 0.889577
0.109635 0 0.890365
0.108864 0 0.891136
0.108108 0 0.891892
0.107368 0 0.892632
0.106642 0 0.893358
0.105932 0 0.894068
0.105606 0 0.894394
0.106223 0 0.893777
0.366053 0 0.633947
0.363197 0 0.636803
0.36001 0 0.63999
0.356856 0 0.643144
0.353791 0 0.646209
0.3508 0 0.6492
0.347819 0 0.652181
0.344917 0 0.655083
0.342095 0 0.657905
0.339275 0 0.660725
0.294312 0 0.705688
0.289264 0 0.710736
0.286811 0 0.713189
0.284174 0 0.715826
0.281576 0 0.718424
0.27561 0 0.72439
0.272928 0 0.727072
0.270996 0 0.729004
0.270074 0 0.729926
0.270103 0 0.729897
0.270144 0 0.729856
0.0921864 0 0.907814
0.0913315 0 0.908668
0.0904976 0 0.909502
0.0896821 0 0.910318
0.0888855 0 0.911114
0.088107 0 0.911893
0.0873462 0 0.912654
0.0866023 0 0.913398
0.085875 0 0.914125
0.0851642 0 0.914836
0.0844681 0 0.915532
0.0837882 0 0.916212
0.0831227 0 0.916877
0.0824715 0 0.917529
0.0818344 0 0.918166
0.0812113 0 0.918789
0.0806006 0 0.919399
0.0800036 0 0.919996
0.0794187 0 0.920581
0.0788457 0 0.921154
0.0782846 0 0.921715
0.0777359 0 0.922264
0.0771982 0 0.922802
0.0766711 0 0.923329
0.0761548 0 0.923845
0.075649 0 0.924351
0.0751536 0 0.924846
0.0746687 0 0.925331
0.0741925 0 0.925808
0.0737265 0 0.926274
0.0732699 0 0.92673
0.0728218 0 0.927178
0.0723829 0 0.927617
0.0719524 0 0.928048
0.071531 0 0.928469
0.0711178 0 0.928882
0.070712 0 0.929288
0.0703152 0 0.929685
0.0699256 0 0.930074
0.0695432 0 0.930457
0.0691689 0 0.930831
0.0688016 0 0.931198
0.0684414 0 0.931559
0.0680882 0 0.931912
0.0677421 0 0.932258
0.0674021 0 0.932598
0.0670697 0 0.93293
0.0667427 0 0.933257
0.0664225 0 0.933578
0.066109 0 0.933891
0.0658008 0 0.934199
0.0654992 0 0.934501
0.0652036 0 0.934796
0.064913 0 0.935087
0.064629 0 0.935371
0.0643493 0 0.935651
0.0640761 0 0.935924
0.0638079 0 0.936192
0.0635453 0 0.936455
 ] }
}
