# Real Time: 925.003
# Simulation Time: 27.65
# Radar Position: 866.801 -253.279 3.05805
# Radar Quat: -0.00251387 0.00622945 0.74852 0.663079
PointSet {
 coord Coordinate { point [
847.586 -271.604 3.49678
847.766 -271.688 3.49797
847.768 -271.946 3.50332
847.769 -272.208 3.50877
847.771 -272.473 3.51432
847.772 -272.742 3.51998
847.774 -273.014 3.52575
847.776 -273.291 3.53163
847.777 -273.572 3.53762
847.779 -273.857 3.54374
838.451 -302.563 4.21109
856.253 -271.883 3.4949
856.424 -271.883 3.49521
856.518 -272.021 3.49876
854.51 -284.453 3.80482
856.122 -280.922 3.72146
858.261 -276.834 3.62632
855.048 -287.976 3.89833
853.337 -295.966 4.09684
853.606 -296.156 4.10335
856.317 -292.119 4.01433
855.021 -300.879 4.23677
859.857 -287.394 3.91466
860.893 -283.371 3.81563
859.411 -292.383 4.04416
860.512 -290.858 4.01261
860.854 -296.158 4.15784
863.741 -280.987 3.77694
863.499 -285.238 3.88913
863.184 -293.855 4.11836
865.191 -276.885 3.68105
864.119 -297.226 4.21924
864.137 -310.004 4.56492
865.032 -306.907 4.49119
866.349 -290.828 4.07129
866.653 -282.367 3.8459
867.175 -295.112 4.19719
868.371 -305.723 4.49927
868.458 -298.166 4.29592
869.092 -305.427 4.5005
868.517 -286.988 3.99436
872.19 -307.096 4.58762
872.153 -290.786 4.14803
874.587 -302.879 4.50946
872.899 -288.868 4.10801
872.545 -281.952 3.91762
880.251 -308.348 4.74694
847.766 -271.689 3.40543
847.768 -271.948 3.41015
847.769 -272.209 3.41497
847.771 -272.474 3.41987
847.772 -272.743 3.42486
847.774 -273.016 3.42995
847.776 -273.293 3.43514
847.777 -273.573 3.44042
847.779 -273.858 3.44581
838.455 -302.561 4.01237
856.254 -271.883 3.42008
856.425 -271.883 3.42068
856.519 -272.022 3.42398
854.508 -284.46 3.6878
856.123 -280.924 3.61786
858.264 -276.83 3.53861
855.047 -287.985 3.77043
853.342 -295.956 3.94015
853.605 -296.165 3.94672
856.319 -292.118 3.87366
855.023 -300.878 4.06536
859.859 -287.394 3.79291
860.894 -283.371 3.70839
859.413 -292.383 3.90503
860.514 -290.858 3.87939
860.856 -296.154 4.00641
863.742 -280.99 3.67951
863.501 -285.231 3.7766
863.187 -293.837 3.97552
865.192 -276.889 3.59832
864.12 -297.242 4.06567
864.139 -310.008 4.36649
865.034 -306.915 4.3038
866.35 -290.828 3.93997
866.654 -282.362 3.74403
867.176 -295.111 4.05088
868.372 -305.693 4.31513
868.46 -298.178 4.13917
869.093 -305.417 4.31778
868.519 -287.002 3.87665
872.192 -307.097 4.39855
872.154 -290.782 4.01544
874.591 -302.897 4.33437
872.901 -288.871 3.98182
872.546 -281.952 3.8153
880.254 -308.351 4.54886
873.166 -278.551 3.74643
847.768 -271.949 3.31699
847.769 -272.211 3.32117
847.771 -272.476 3.32542
847.772 -272.745 3.32975
847.774 -273.018 3.33416
847.776 -273.294 3.33865
847.777 -273.575 3.34322
847.779 -273.86 3.34789
838.459 -302.559 3.81371
856.255 -271.883 3.34527
856.426 -271.883 3.34617
856.52 -272.022 3.34922
854.506 -284.471 3.57081
856.123 -280.927 3.51431
858.266 -276.827 3.45094
855.045 -287.997 3.64254
853.347 -295.945 3.78358
853.603 -296.177 3.79012
856.321 -292.117 3.73303
855.025 -300.878 3.89398
859.86 -287.393 3.67119
860.896 -283.372 3.60117
859.415 -292.384 3.76592
860.515 -290.859 3.74621
860.858 -296.151 3.85505
863.743 -280.995 3.58208
863.503 -285.224 3.66415
863.19 -293.819 3.83285
865.193 -276.893 3.5156
865.354 -276.964 3.51883
864.141 -310.012 4.1681
865.036 -306.927 4.11648
866.352 -290.829 3.8087
866.655 -282.358 3.64223
867.178 -295.11 3.90462
868.373 -305.664 4.13126
868.462 -298.192 3.98238
869.095 -305.407 4.13517
868.521 -287.017 3.75887
872.194 -307.097 4.20953
872.155 -290.778 3.8829
874.596 -302.914 4.15921
872.903 -288.875 3.85564
872.547 -281.951 3.71301
880.256 -308.354 4.35079
873.166 -278.55 3.65524
873.341 -278.497 3.65691
847.769 -272.212 3.22737
847.771 -272.477 3.23097
847.772 -272.746 3.23463
847.774 -273.019 3.23836
847.776 -273.296 3.24215
847.777 -273.577 3.24602
847.779 -273.862 3.24996
838.463 -302.556 3.61508
856.256 -271.882 3.27048
856.427 -271.882 3.27167
856.52 -272.023 3.27446
854.5 -284.49 3.45384
856.122 -280.933 3.41076
856.308 -281.028 3.41381
858.268 -276.825 3.36331
853.353 -295.936 3.62711
853.599 -296.197 3.63353
856.323 -292.116 3.59242
855.027 -300.877 3.72262
859.862 -287.393 3.54948
860.897 -283.373 3.49395
859.416 -292.384 3.62683
860.516 -290.861 3.61305
860.86 -296.149 3.70375
863.743 -280.999 3.48463
863.505 -285.218 3.55177
863.193 -293.802 3.69031
865.193 -276.897 3.43288
865.356 -276.944 3.43552
864.143 -310.016 3.9697
865.037 -306.953 3.92932
866.353 -290.83 3.67744
866.656 -282.355 3.54047
866.86 -282.394 3.54357
867.18 -295.109 3.75838
868.374 -305.636 3.94763
868.465 -298.205 3.82553
869.096 -305.397 3.95265
868.523 -287.031 3.641
868.766 -287.136 3.6458
872.196 -307.098 4.02051
872.156 -290.775 3.7504
874.601 -302.933 3.98395
872.905 -288.879 3.72944
872.548 -281.951 3.61074
876.373 -299.381 3.9503
880.259 -308.358 4.15272
873.167 -278.549 3.56406
873.342 -278.498 3.56578
847.771 -272.479 3.13651
847.772 -272.748 3.13951
847.774 -273.021 3.14256
847.776 -273.298 3.14566
847.777 -273.578 3.14882
847.779 -273.863 3.15203
838.467 -302.554 3.41651
856.258 -271.882 3.1957
856.429 -271.882 3.19718
856.521 -272.023 3.19971
856.119 -280.943 3.30722
856.317 -281.005 3.3099
858.27 -276.822 3.27572
853.357 -295.926 3.47074
856.325 -292.116 3.45183
855.03 -300.876 3.55129
859.863 -287.393 3.4278
860.898 -283.373 3.38674
859.418 -292.384 3.48775
860.517 -290.863 3.47989
860.862 -296.148 3.55249
863.744 -281.003 3.38717
863.507 -285.213 3.43946
863.196 -293.786 3.54793
865.194 -276.903 3.35015
865.358 -276.932 3.35243
864.145 -310.021 3.77131
866.354 -290.832 3.5462
866.658 -282.353 3.43878
866.861 -282.368 3.44143
867.181 -295.11 3.61218
868.375 -305.609 3.76423
868.467 -298.22 3.66862
869.097 -305.387 3.77022
868.525 -287.045 3.52305
868.767 -287.131 3.52717
872.198 -307.099 3.83153
872.156 -290.771 3.61795
874.605 -302.952 3.80859
872.907 -288.883 3.60324
872.549 -281.951 3.50848
876.374 -299.373 3.78564
880.262 -308.361 3.95466
873.168 -278.548 3.4729
873.343 -278.498 3.47467
875.331 -284.375 3.57779
847.772 -272.749 3.04439
847.774 -273.022 3.04676
847.776 -273.299 3.04916
847.777 -273.58 3.05161
847.779 -273.865 3.0541
838.471 -302.553 3.21798
856.259 -271.882 3.12093
856.43 -271.882 3.1227
856.522 -272.024 3.12496
856.11 -280.97 3.20371
856.325 -280.988 3.2062
858.272 -276.82 3.18816
853.362 -295.917 3.31446
856.327 -292.115 3.31127
855.032 -300.876 3.37999
859.865 -287.393 3.30613
860.899 -283.374 3.27955
859.419 -292.385 3.34869
860.519 -290.865 3.34675
860.864 -296.149 3.40127
863.744 -281.008 3.28969
863.509 -285.208 3.3272
863.199 -293.77 3.40568
865.194 -276.91 3.26739
865.36 -276.922 3.26946
864.147 -310.026 3.57292
866.356 -290.834 3.41497
866.659 -282.352 3.33713
866.862 -282.347 3.33952
867.183 -295.111 3.46601
868.376 -305.583 3.58106
868.469 -298.236 3.51163
869.099 -305.377 3.58789
868.527 -287.059 3.40501
868.768 -287.136 3.40869
872.2 -307.099 3.64256
872.157 -290.767 3.48554
874.61 -302.971 3.63313
872.909 -288.887 3.47702
872.55 -281.951 3.40624
876.386 -299.425 3.62176
880.265 -308.365 3.7566
873.168 -278.547 3.38176
873.344 -278.498 3.38356
875.332 -284.373 3.46505
847.774 -273.024 2.95094
847.776 -273.301 2.95265
847.777 -273.582 2.95439
847.779 -273.867 2.95615
838.475 -302.551 3.01947
856.26 -271.882 3.04617
856.431 -271.882 3.04823
856.523 -272.024 3.05021
854.736 -284.54 3.10522
856.332 -280.974 3.10264
858.274 -276.818 3.10062
853.367 -295.909 3.15825
856.329 -292.114 3.17072
855.034 -300.875 3.2087
859.866 -287.392 3.18446
860.9 -283.375 3.17235
859.421 -292.385 3.20963
860.52 -290.868 3.21359
860.865 -296.151 3.25005
863.745 -281.013 3.19218
863.51 -285.204 3.21498
863.202 -293.754 3.26355
865.195 -276.919 3.18461
865.361 -276.914 3.18658
864.149 -310.033 3.3745
866.357 -290.837 3.28373
866.66 -282.355 3.2355
866.863 -282.328 3.23778
867.184 -295.112 3.31983
868.377 -305.557 3.39808
868.471 -298.253 3.35455
869.101 -305.372 3.40566
868.529 -287.074 3.28688
868.77 -287.142 3.29019
872.202 -307.1 3.45359
872.158 -290.764 3.35316
874.615 -302.991 3.45754
872.911 -288.891 3.35078
872.55 -281.95 3.304
876.398 -299.476 3.45753
880.267 -308.368 3.55852
873.169 -278.546 3.29063
873.345 -278.498 3.29246
875.333 -284.372 3.35233
847.776 -273.302 2.85613
847.777 -273.583 2.85716
847.779 -273.869 2.8582
838.479 -302.549 2.82098
856.261 -271.881 2.97141
856.432 -271.881 2.97376
856.523 -272.025 2.97546
854.744 -284.525 2.98816
856.338 -280.961 2.99918
858.276 -276.816 3.01309
853.372 -295.901 3.0021
856.331 -292.114 3.03018
855.037 -300.874 3.03742
859.868 -287.392 3.0628
860.902 -283.375 3.06515
859.423 -292.386 3.07057
860.521 -290.871 3.08041
860.866 -296.155 3.09883
863.543 -281.074 3.09226
863.746 -281.018 3.09464
863.512 -285.2 3.10279
863.205 -293.739 3.12154
865.195 -276.93 3.10176
865.363 -276.907 3.10376
864.15 -310.041 3.17604
866.359 -290.841 3.15247
866.661 -282.365 3.13387
866.864 -282.311 3.13618
867.186 -295.114 3.17366
868.379 -305.532 3.21528
868.474 -298.273 3.19735
869.102 -305.366 3.22347
868.531 -287.088 3.16865
868.772 -287.149 3.17166
872.204 -307.101 3.26462
872.159 -290.76 3.22082
874.62 -303.011 3.28181
872.913 -288.895 3.22452
872.551 -281.95 3.20176
876.412 -299.533 3.29296
880.27 -308.371 3.36042
873.169 -278.545 3.19951
873.346 -278.499 3.20135
875.333 -284.371 3.23962
847.777 -273.585 2.75991
847.779 -273.87 2.76022
838.483 -302.547 2.6225
856.263 -271.881 2.89665
856.434 -271.881 2.8993
856.524 -272.026 2.90069
845.951 -292.008 2.73768
846.097 -292.389 2.7399
846.245 -292.776 2.74213
846.394 -293.167 2.74438
854.75 -284.512 2.87119
856.344 -280.95 2.8958
858.278 -276.815 2.92557
853.376 -295.893 2.84601
849.245 -310.415 2.77966
849.918 -309.624 2.78957
850.308 -309.755 2.79497
850.653 -310.045 2.79962
851 -310.336 2.80428
856.333 -292.114 2.88963
855.039 -300.874 2.86613
859.87 -287.392 2.94114
860.903 -283.376 2.95794
859.424 -292.387 2.9315
860.522 -290.874 2.94721
860.867 -296.162 2.94757
863.546 -281.056 2.99446
863.746 -281.023 2.99706
863.514 -285.197 2.99063
863.208 -293.725 2.97962
865.195 -276.946 3.01883
865.364 -276.901 3.02098
864.152 -310.05 2.97752
866.36 -290.844 3.02118
866.865 -282.295 3.0347
867.188 -295.118 3.02745
868.38 -305.508 3.03265
868.477 -298.295 3.04002
869.104 -305.361 3.04132
868.533 -287.103 3.05031
868.773 -287.158 3.05307
872.206 -307.102 3.07565
872.16 -290.756 3.08849
874.625 -303.032 3.10594
872.915 -288.9 3.09822
872.553 -281.95 3.09953
876.43 -299.612 3.12801
873.019 -278.695 3.10673
873.17 -278.544 3.10839
873.347 -278.499 3.11024
875.334 -284.37 3.12691
847.779 -273.872 2.66223
827.258 -296.749 2.23304
827.335 -297.278 2.23363
827.406 -297.821 2.23406
827.479 -298.369 2.23448
844.43 -292.194 2.55734
856.264 -271.881 2.8219
856.435 -271.881 2.82483
856.525 -272.026 2.82593
846.045 -291.838 2.58611
846.191 -292.216 2.5874
846.339 -292.6 2.58868
846.488 -292.988 2.58996
846.64 -293.381 2.59123
854.756 -284.502 2.75428
856.349 -280.94 2.7925
858.279 -276.813 2.83807
853.381 -295.885 2.68997
849.414 -309.874 2.5755
850.026 -309.272 2.58708
850.368 -309.558 2.59109
850.712 -309.846 2.59509
851.058 -310.136 2.59909
856.335 -292.113 2.74909
851.757 -310.721 2.60707
855.042 -300.873 2.69486
859.871 -287.392 2.81948
860.904 -283.377 2.85073
859.426 -292.387 2.79242
860.523 -290.878 2.81398
860.867 -296.177 2.79621
863.548 -281.047 2.89673
863.747 -281.029 2.89944
863.516 -285.194 2.87848
863.211 -293.712 2.8378
865.365 -276.896 2.93824
864.154 -310.064 2.77891
866.362 -290.848 2.88987
866.866 -282.279 2.93332
867.19 -295.122 2.88122
868.382 -305.485 2.85019
868.48 -298.326 2.88249
869.106 -305.356 2.8592
868.535 -287.117 2.93187
868.775 -287.167 2.93442
872.209 -307.103 2.88666
872.161 -290.753 2.95618
874.631 -303.054 2.92992
872.917 -288.904 2.97189
872.554 -281.95 2.99729
876.448 -299.691 2.96249
873.02 -278.694 3.01524
873.171 -278.543 3.01728
873.348 -278.499 3.01913
875.335 -284.368 3.01421
829.858 -293.891 2.09554
829.978 -294.331 2.09624
830.089 -294.788 2.09663
830.176 -295.277 2.09633
830.264 -295.772 2.09599
830.352 -296.274 2.09559
830.439 -296.784 2.0951
830.528 -297.299 2.09456
830.618 -297.82 2.094
830.715 -298.342 2.09352
830.811 -298.871 2.09297
830.906 -299.409 2.09231
831.005 -299.951 2.09167
831.108 -300.497 2.09106
831.21 -301.052 2.09033
846.822 -283.462 2.49728
847.197 -283.349 2.50531
847.567 -283.237 2.51318
847.798 -283.338 2.51713
844.098 -292.144 2.39446
844.566 -291.961 2.40446
856.265 -271.88 2.74714
856.436 -271.88 2.75037
856.526 -272.027 2.75115
846.139 -291.669 2.43585
846.284 -292.045 2.43623
846.432 -292.426 2.43658
846.581 -292.811 2.43691
846.732 -293.201 2.43721
854.761 -284.494 2.63743
856.354 -280.931 2.68926
858.281 -276.812 2.75056
853.385 -295.878 2.53398
849.58 -309.343 2.37515
850.087 -309.078 2.38523
850.428 -309.362 2.38862
850.771 -309.649 2.39198
851.116 -309.937 2.39533
856.337 -292.113 2.60854
851.813 -310.518 2.40197
855.044 -300.872 2.52358
859.873 -287.392 2.69782
860.905 -283.377 2.7435
859.428 -292.388 2.65334
860.524 -290.882 2.68072
863.55 -281.041 2.79904
863.748 -281.035 2.80177
863.517 -285.192 2.76635
863.214 -293.699 2.69606
865.367 -276.892 2.85552
866.364 -290.852 2.75853
866.868 -282.265 2.83204
867.192 -295.128 2.73495
868.383 -305.462 2.66788
869.108 -305.351 2.67711
868.538 -287.132 2.81333
868.777 -287.176 2.81569
872.211 -307.104 2.69766
871.907 -290.837 2.82064
872.162 -290.749 2.82391
874.636 -303.076 2.75373
872.919 -288.908 2.84553
872.555 -281.95 2.89506
873.021 -278.693 2.92375
873.172 -278.542 2.92618
873.349 -278.5 2.92802
875.336 -284.367 2.90152
877.776 -287.559 2.898
832.255 -291.794 1.97495
832.377 -292.201 1.97501
832.504 -292.608 1.97516
832.618 -293.035 1.97479
832.717 -293.485 1.97389
832.81 -293.948 1.97272
832.906 -294.414 1.97153
833.006 -294.881 1.97038
833.108 -295.353 1.96919
833.209 -295.834 1.96787
833.317 -296.313 1.96667
833.422 -296.801 1.9653
833.53 -297.294 1.9639
833.642 -297.789 1.96255
833.752 -298.295 1.961
833.864 -298.806 1.95941
833.978 -299.322 1.9578
834.099 -299.838 1.95627
834.218 -300.364 1.95456
834.339 -300.897 1.95281
846.577 -283.377 2.36614
846.955 -283.264 2.3753
847.327 -283.153 2.38428
847.692 -283.044 2.39309
847.887 -283.198 2.39593
847.968 -283.537 2.39471
848.05 -283.88 2.39345
848.133 -284.228 2.39214
844.21 -291.956 2.24116
844.688 -291.754 2.25291
856.267 -271.88 2.67239
856.438 -271.88 2.67591
856.526 -272.028 2.67637
846.144 -291.662 2.28365
846.37 -291.887 2.28614
846.524 -292.253 2.28582
846.673 -292.635 2.28521
846.824 -293.023 2.28456
842.947 -307.167 2.07208
854.765 -284.486 2.52062
856.359 -280.923 2.58606
858.283 -276.811 2.66306
854.814 -287.927 2.4861
853.39 -295.872 2.37803
849.743 -308.821 2.17852
850.148 -308.885 2.18477
850.488 -309.168 2.18754
850.83 -309.453 2.19027
851.174 -309.739 2.19298
856.339 -292.113 2.46799
851.868 -310.317 2.19829
852.219 -310.609 2.20089
855.047 -300.872 2.3523
859.875 -287.391 2.57615
860.907 -283.378 2.63627
859.43 -292.388 2.51424
860.525 -290.887 2.54742
863.552 -281.037 2.70136
863.748 -281.041 2.70405
863.519 -285.19 2.65423
863.217 -293.688 2.55438
865.368 -276.888 2.77282
866.365 -290.857 2.62714
866.869 -282.251 2.73085
867.193 -295.137 2.58859
868.385 -305.44 2.48571
869.11 -305.345 2.49505
868.54 -287.146 2.69468
868.779 -287.185 2.6969
872.213 -307.104 2.50865
871.907 -290.83 2.68823
872.163 -290.745 2.69164
874.642 -303.099 2.57737
872.921 -288.913 2.71913
872.556 -281.949 2.79281
873.022 -278.692 2.83226
873.172 -278.541 2.83508
873.35 -278.5 2.83689
875.337 -284.366 2.78883
877.772 -287.542 2.77233
834.393 -289.923 1.8675
834.514 -290.303 1.86697
834.642 -290.681 1.86658
834.769 -291.065 1.86607
834.891 -291.459 1.86527
834.996 -291.878 1.86376
835.098 -292.306 1.86201
835.207 -292.734 1.86038
835.313 -293.169 1.85858
835.424 -293.605 1.85681
835.535 -294.047 1.85494
835.645 -294.496 1.85293
835.76 -294.947 1.85094
835.878 -295.399 1.84899
835.995 -295.861 1.84685
836.119 -296.32 1.84485
836.239 -296.792 1.84257
836.366 -297.261 1.84041
846.33 -283.291 2.23447
846.711 -283.179 2.24479
847.086 -283.068 2.2549
847.454 -282.96 2.26482
847.737 -282.978 2.27123
847.958 -283.089 2.27509
848.057 -283.397 2.27381
848.14 -283.737 2.27171
848.223 -284.083 2.26955
848.307 -284.433 2.26732
844.218 -291.948 2.08487
844.695 -291.745 2.09806
856.268 -271.88 2.59763
856.439 -271.88 2.60144
856.527 -272.029 2.60158
846.148 -291.661 2.13137
846.371 -291.89 2.13342
846.526 -292.254 2.13226
846.682 -292.622 2.13105
846.841 -292.995 2.12978
842.153 -303.201 1.90054
846.59 -294.936 2.09983
846.635 -295.596 2.09235
846.959 -295.674 2.09816
842.682 -306.761 1.86595
843.118 -306.789 1.87455
854.769 -284.48 2.40383
856.363 -280.915 2.48291
858.284 -276.811 2.57555
854.819 -287.916 2.35817
853.394 -295.865 2.2221
849.871 -308.414 1.98346
850.208 -308.693 1.98567
850.547 -308.975 1.98783
850.888 -309.258 1.98994
851.231 -309.543 1.99201
856.341 -292.113 2.32742
851.923 -310.118 1.99602
852.273 -310.408 1.99795
855.049 -300.871 2.181
859.876 -287.391 2.45447
860.908 -283.379 2.52902
859.431 -292.389 2.37513
860.526 -290.891 2.41407
863.554 -281.033 2.60369
863.749 -281.048 2.60628
863.52 -285.188 2.5421
863.22 -293.678 2.41275
865.369 -276.885 2.69013
866.367 -290.861 2.49571
866.87 -282.237 2.62975
867.195 -295.148 2.44212
868.386 -305.419 2.30366
869.112 -305.34 2.31301
868.542 -287.161 2.57592
868.781 -287.195 2.57803
872.215 -307.105 2.31961
871.908 -290.823 2.55586
872.164 -290.742 2.5594
874.647 -303.122 2.40083
872.924 -288.917 2.59268
872.557 -281.949 2.69057
873.022 -278.691 2.74078
873.173 -278.54 2.74398
873.351 -278.5 2.74576
875.338 -284.365 2.67614
877.768 -287.526 2.64677
885.29 -308.372 2.40085
836.183 -288.391 1.76568
844.128 -279.636 2.09679
844.304 -279.804 2.0996
836.643 -289.363 1.7664
836.813 -289.673 1.76717
836.95 -290.028 1.76638
837.056 -290.425 1.76416
837.168 -290.82 1.76206
837.278 -291.222 1.75977
837.393 -291.625 1.75755
837.509 -292.032 1.75522
837.628 -292.44 1.75291
837.747 -292.855 1.75046
837.87 -293.27 1.74805
837.992 -293.693 1.74546
838.115 -294.121 1.74275
838.245 -294.547 1.74017
846.467 -283.093 2.11376
846.844 -282.983 2.12502
847.216 -282.875 2.13606
847.521 -282.86 2.14405
847.743 -282.972 2.14805
847.964 -283.083 2.152
848.146 -283.257 2.15401
848.228 -283.596 2.15109
848.312 -283.938 2.14809
848.397 -284.286 2.14501
848.483 -284.639 2.14184
844.702 -291.736 1.94326
856.269 -271.879 2.52286
856.44 -271.88 2.52697
856.528 -272.029 2.52677
846.151 -291.659 1.97909
846.371 -291.894 1.98065
846.526 -292.258 1.97862
846.683 -292.626 1.97651
846.841 -292.998 1.97433
842.253 -303.006 1.71129
846.851 -294.402 1.95237
846.618 -295.636 1.92745
846.9 -295.805 1.9311
842.214 -306.805 1.6498
842.71 -306.706 1.66239
843.134 -306.759 1.67086
854.773 -284.475 2.28704
856.367 -280.908 2.37979
858.285 -276.81 2.48803
854.823 -287.909 2.23022
848.74 -309.307 1.74459
853.398 -295.859 2.0662
849.932 -308.225 1.7863
850.268 -308.503 1.78791
850.605 -308.783 1.78948
850.945 -309.065 1.79098
851.287 -309.348 1.79242
856.342 -292.113 2.18684
851.978 -309.92 1.79513
852.327 -310.208 1.7964
855.052 -300.87 2.0097
859.878 -287.391 2.33278
860.909 -283.379 2.42176
859.433 -292.39 2.23601
860.527 -290.896 2.28066
863.555 -281.03 2.50603
863.749 -281.055 2.50844
863.522 -285.187 2.42997
863.222 -293.669 2.27116
865.37 -276.883 2.60744
866.368 -290.866 2.36422
866.871 -282.224 2.52872
867.197 -295.168 2.29541
868.388 -305.399 2.12173
869.114 -305.335 2.13099
868.544 -287.176 2.45704
868.783 -287.205 2.45907
872.217 -307.106 2.13055
871.909 -290.817 2.42352
872.165 -290.738 2.42716
874.653 -303.147 2.22409
872.926 -288.921 2.4662
872.558 -281.949 2.58831
873.023 -278.69 2.64929
873.174 -278.539 2.65288
873.352 -278.501 2.65461
875.339 -284.364 2.56344
877.765 -287.511 2.52128
885.291 -308.37 2.19783
878.372 -286.959 2.53337
844.658 -279.021 2.00048
844.776 -279.25 2.00058
844.934 -279.431 2.00258
845.115 -279.586 2.0056
846.504 -278.252 2.06757
846.875 -278.149 2.08016
847.126 -278.189 2.08692
847.357 -278.254 2.09266
847.501 -278.43 2.09403
847.633 -278.623 2.09474
847.778 -278.8 2.09604
847.857 -279.069 2.0939
844.594 -283.967 1.92027
840.088 -290.753 1.68005
842.626 -287.694 1.80264
841.807 -289.396 1.75109
846.513 -283.029 1.98991
846.902 -282.9 2.00288
847.284 -282.774 2.01556
847.527 -282.855 2.02081
847.748 -282.966 2.0249
847.969 -283.078 2.02893
848.19 -283.189 2.03291
848.316 -283.455 2.03158
848.4 -283.795 2.02776
848.485 -284.14 2.02384
848.571 -284.49 2.01981
844.71 -291.728 1.78851
856.271 -271.879 2.44809
856.441 -271.879 2.45248
856.529 -272.03 2.45195
846.154 -291.657 1.82681
846.371 -291.898 1.82783
846.526 -292.262 1.82493
846.683 -292.63 1.82193
846.842 -293.002 1.81883
843.13 -301.232 1.57241
846.826 -294.46 1.79083
846.556 -295.771 1.75932
846.84 -295.94 1.76291
843.878 -303.184 1.55314
844.072 -303.689 1.54794
844.272 -304.191 1.5429
844.472 -304.707 1.53749
844.675 -305.23 1.53196
844.886 -305.75 1.52658
845.097 -306.284 1.52085
845.314 -306.817 1.5152
845.533 -307.362 1.50929
854.776 -284.471 2.17024
856.371 -280.901 2.27669
846.214 -309.034 1.49087
858.287 -276.81 2.4005
854.827 -287.903 2.10227
848.902 -308.81 1.55232
853.402 -295.854 1.91031
849.992 -308.037 1.59045
850.327 -308.314 1.59149
850.664 -308.593 1.59246
851.003 -308.873 1.59336
851.344 -309.154 1.59418
856.344 -292.114 2.04623
852.032 -309.723 1.59562
852.38 -310.01 1.59623
855.054 -300.87 1.83838
859.879 -287.391 2.21108
860.91 -283.38 2.31448
859.435 -292.39 2.09686
860.528 -290.902 2.1472
863.557 -281.028 2.40835
863.749 -281.063 2.41051
863.523 -285.186 2.31781
863.225 -293.663 2.12955
865.371 -276.881 2.52475
866.37 -290.872 2.23268
866.872 -282.211 2.42776
867.359 -311.913 1.78554
868.389 -305.38 1.9399
869.116 -305.33 1.94898
868.546 -287.19 2.33804
868.785 -287.215 2.34002
872.22 -307.107 1.94145
871.909 -290.81 2.29121
872.166 -290.734 2.29494
874.659 -303.172 2.04713
872.928 -288.926 2.33966
872.559 -281.949 2.48604
873.024 -278.688 2.5578
873.174 -278.537 2.56177
873.353 -278.501 2.56346
875.339 -284.363 2.45074
877.762 -287.498 2.39586
885.292 -308.368 1.9948
878.371 -286.953 2.40897
878.566 -286.759 2.41348
845.462 -278.442 1.9181
845.774 -278.428 1.92842
846.422 -278 1.95697
846.766 -277.932 1.96919
847.03 -277.956 1.97716
847.307 -277.962 1.98581
847.607 -277.934 1.99573
847.801 -278.039 1.99984
847.952 -278.202 2.00147
848.093 -278.378 2.00244
848.235 -278.554 2.00345
848.352 -278.767 2.0029
848.468 -278.984 2.00221
849.933 -277.278 2.07981
850.161 -277.309 2.08604
849.992 -277.921 2.06889
846.915 -282.884 1.87876
847.297 -282.758 1.89254
847.533 -282.849 1.8976
847.754 -282.96 1.90178
847.975 -283.072 1.9059
848.196 -283.183 1.90996
848.403 -283.316 1.91314
848.487 -283.653 1.90852
848.572 -283.996 1.90378
853.169 -276.607 2.18739
853.302 -276.755 2.18798
856.272 -271.879 2.37331
856.442 -271.88 2.37797
856.53 -272.031 2.37711
854.707 -275.74 2.24804
854.971 -275.622 2.25767
846.527 -292.265 1.67118
846.683 -292.633 1.66729
846.842 -293.006 1.66329
844.593 -298.269 1.4888
846.783 -294.553 1.6276
844.958 -299.135 1.47898
846.717 -296.209 1.58905
845.332 -300.022 1.46864
845.523 -300.473 1.46327
845.717 -300.929 1.45782
845.915 -301.386 1.45235
846.117 -301.847 1.44679
846.321 -302.317 1.44101
846.527 -302.794 1.43501
846.74 -303.267 1.42922
846.953 -303.753 1.42304
854.779 -284.468 2.05343
856.375 -280.896 2.1736
847.618 -305.234 1.40405
858.288 -276.81 2.31296
848.08 -306.25 1.39074
854.83 -287.898 1.97431
848.558 -307.289 1.37689
848.805 -307.811 1.36995
849.054 -308.349 1.36257
853.405 -295.849 1.75442
850.052 -307.851 1.3959
850.386 -308.127 1.39637
850.721 -308.403 1.39676
851.059 -308.682 1.39706
851.399 -308.962 1.39728
856.346 -292.114 1.9056
852.086 -309.527 1.39746
852.433 -309.812 1.39742
855.056 -300.869 1.66703
859.881 -287.391 2.08935
860.912 -283.381 2.20718
859.436 -292.391 1.95768
860.529 -290.908 2.01366
863.558 -281.025 2.31068
863.75 -281.072 2.3125
863.525 -285.185 2.20564
863.226 -293.661 1.98783
865.372 -276.88 2.44204
866.371 -290.877 2.10108
866.874 -282.198 2.32687
867.362 -311.938 1.57997
868.391 -305.361 1.75815
869.118 -305.324 1.76698
868.548 -287.205 2.21892
868.787 -287.225 2.22088
872.222 -307.109 1.75232
871.91 -290.803 2.15893
872.166 -290.731 2.16272
874.665 -303.199 1.86994
872.93 -288.93 2.21307
872.56 -281.949 2.38375
873.024 -278.687 2.4663
873.175 -278.536 2.47066
873.354 -278.501 2.47228
875.34 -284.361 2.33803
877.759 -287.487 2.27049
885.294 -308.365 1.79176
878.37 -286.947 2.2846
878.568 -286.76 2.28935
846.287 -277.815 1.84407
846.591 -277.796 1.8549
846.885 -277.787 1.86511
847.153 -277.806 1.87383
847.481 -277.743 1.88625
847.877 -277.589 1.90286
848.164 -277.569 1.91284
848.435 -277.564 1.92198
848.719 -277.539 1.93187
848.932 -277.606 1.93741
849.422 -277.288 1.96041
849.856 -277.035 1.98011
850.17 -276.943 1.9923
850.448 -276.897 2.00222
850.802 -276.733 2.0172
851.054 -276.714 2.02558
851.301 -276.698 2.03373
851.545 -276.683 2.04169
851.788 -276.666 2.0496
852.027 -276.651 2.05733
852.264 -276.635 2.06497
852.512 -276.598 2.07335
852.761 -276.555 2.08189
853.258 -276.089 2.10792
853.654 -275.778 2.12717
853.913 -275.693 2.13683
856.273 -271.879 2.29852
856.443 -271.88 2.30343
856.53 -272.031 2.30226
854.932 -275.323 2.17546
855.053 -275.469 2.17529
855.129 -275.703 2.17165
846.684 -292.637 1.51259
846.842 -293.01 1.50768
846.445 -294.518 1.45876
846.428 -295.291 1.4388
846.402 -296.106 1.4174
846.467 -296.749 1.40278
846.611 -297.239 1.39411
846.799 -297.644 1.38869
846.988 -298.058 1.383
847.183 -298.468 1.37747
847.38 -298.885 1.37172
847.579 -299.306 1.36584
856.935 -277.348 2.17782
857.132 -277.346 2.18282
857.292 -277.436 2.18446
857.398 -277.666 2.181
857.64 -277.541 2.19022
857.837 -277.532 2.19525
858.289 -276.81 2.22539
858.218 -277.538 2.20421
858.398 -277.568 2.20763
858.578 -277.597 2.21105
858.757 -277.627 2.21438
858.935 -277.658 2.21763
859.111 -277.695 2.2206
859.291 -277.72 2.22393
859.466 -277.759 2.22676
859.645 -277.784 2.23
859.807 -277.865 2.2313
859.982 -277.904 2.234
860.155 -277.946 2.23651
860.319 -278.027 2.2377
860.479 -278.122 2.2384
860.648 -278.187 2.24006
860.81 -278.281 2.24076
860.969 -278.389 2.24093
861.132 -278.489 2.24135
861.297 -278.578 2.24212
861.462 -278.673 2.24266
861.627 -278.775 2.24291
861.79 -278.886 2.24287
861.945 -279.051 2.24112
862.113 -279.155 2.24125
862.267 -279.339 2.23887
862.452 -279.357 2.24165
862.619 -279.479 2.24116
862.778 -279.669 2.23854
863.56 -281.024 2.21298
863.75 -281.082 2.21437
863.526 -285.185 2.09344
865.374 -276.879 2.35931
866.373 -290.883 1.96941
866.875 -282.186 2.22603
867.365 -311.962 1.3742
868.392 -305.344 1.57646
869.12 -305.319 1.58499
868.55 -287.22 2.09968
868.789 -287.236 2.10164
872.224 -307.11 1.56314
871.91 -290.796 2.02667
872.168 -290.727 2.0305
874.672 -303.228 1.69247
872.932 -288.935 2.08643
872.561 -281.949 2.28145
873.025 -278.686 2.3748
873.176 -278.535 2.37954
873.355 -278.502 2.38109
875.341 -284.36 2.22531
877.757 -287.476 2.14515
885.295 -308.363 1.58869
878.369 -286.941 2.16026
878.57 -286.762 2.16519
870.609 -263.622 2.78214
846.799 -277.547 1.75713
847.145 -277.469 1.77156
847.391 -277.51 1.7795
847.645 -277.537 1.78797
847.994 -277.441 1.80278
848.37 -277.301 1.81951
848.655 -277.275 1.83022
848.922 -277.269 1.83972
849.399 -276.972 1.86375
849.721 -276.877 1.87725
850.055 -276.758 1.89179
850.439 -276.562 1.90986
850.767 -276.438 1.92417
851.037 -276.39 1.93451
851.281 -276.377 1.94304
851.524 -276.363 1.95151
851.764 -276.349 1.95982
852.014 -276.315 1.96893
852.279 -276.254 1.97921
852.558 -276.165 1.9906
852.771 -276.178 1.99713
853.31 -275.645 2.02863
853.565 -275.573 2.03863
853.823 -275.49 2.04901
854.077 -275.409 2.05918
856.274 -271.878 2.22372
856.444 -271.881 2.22887
856.531 -272.032 2.22738
855.033 -275.138 2.09595
855.142 -275.303 2.09465
855.222 -275.526 2.09084
855.31 -275.741 2.08741
853.531 -279.68 1.92419
853.731 -279.741 1.92829
853.926 -279.811 1.93195
854.124 -279.876 1.93575
854.322 -279.937 1.93966
856.174 -276.394 2.09373
854.716 -280.065 1.94703
849.296 -292.841 1.42675
856.59 -276.777 2.09415
856.75 -276.859 2.09613
856.929 -276.893 2.09997
857.117 -276.908 2.10454
857.301 -276.927 2.10886
857.485 -276.947 2.11307
857.666 -276.97 2.11711
857.847 -276.995 2.12102
858.026 -277.022 2.12479
858.29 -276.81 2.1378
858.378 -277.088 2.13163
858.543 -277.151 2.1338
858.715 -277.195 2.13668
858.881 -277.254 2.13892
859.049 -277.307 2.14136
859.22 -277.353 2.14398
859.38 -277.435 2.14523
859.539 -277.517 2.1464
859.705 -277.579 2.14831
859.87 -277.648 2.14994
860.037 -277.709 2.15177
860.203 -277.774 2.15346
860.372 -277.83 2.15541
860.536 -277.903 2.1567
860.697 -277.995 2.15728
860.857 -278.091 2.15766
861.018 -278.184 2.1581
861.179 -278.285 2.15824
861.341 -278.382 2.15852
861.504 -278.478 2.15876
861.668 -278.575 2.15896
861.831 -278.687 2.15861
861.994 -278.799 2.15819
862.158 -278.913 2.15773
862.323 -279.026 2.15722
862.489 -279.141 2.15665
862.656 -279.254 2.15611
862.826 -279.363 2.15569
862.996 -279.473 2.15521
863.168 -279.583 2.15469
863.341 -279.693 2.15412
863.515 -279.804 2.15354
863.689 -279.921 2.15268
863.864 -280.048 2.15147
864.038 -280.199 2.14943
864.213 -280.356 2.14717
864.385 -280.571 2.14291
864.559 -280.8 2.13821
865.317 -273.177 2.39495
865.375 -276.879 2.27656
866.374 -290.889 1.83766
866.876 -282.175 2.12526
867.368 -311.987 1.16821
868.394 -305.328 1.39482
869.122 -305.314 1.403
868.553 -287.235 1.9803
868.791 -287.247 1.9823
872.227 -307.111 1.37392
871.911 -290.792 1.89436
872.168 -290.723 1.89829
874.679 -303.258 1.5147
872.934 -288.939 1.95973
872.562 -281.949 2.17913
873.026 -278.685 2.28328
873.176 -278.534 2.28841
873.356 -278.502 2.28987
875.342 -284.359 2.11258
877.755 -287.466 2.01983
885.296 -308.361 1.3856
878.369 -286.935 2.03593
878.572 -286.764 2.04099
870.608 -263.619 2.74358
870.673 -263.572 2.74488
849.291 -274.824 1.81489
848.099 -276.626 1.7214
848.195 -276.842 1.71927
848.285 -277.068 1.71662
848.692 -276.883 1.73695
848.98 -276.846 1.74874
849.283 -276.785 1.76169
849.655 -276.624 1.77987
850.054 -276.418 1.80022
850.376 -276.309 1.81506
850.71 -276.178 1.83084
851.017 -276.078 1.84471
851.263 -276.06 1.85405
851.514 -276.032 1.86374
851.803 -275.942 1.87654
852.08 -275.864 1.88849
852.354 -275.786 1.90031
852.594 -275.757 1.90945
852.95 -275.535 1.92821
853.229 -275.43 1.94079
853.477 -275.37 1.95096
853.734 -275.29 1.96197
853.988 -275.209 1.97286
854.251 -275.108 1.98459
856.276 -271.878 2.1489
856.445 -271.882 2.15429
856.532 -272.033 2.15249
855.166 -274.893 2.02081
855.301 -275.005 2.02164
855.418 -275.152 2.02075
855.548 -275.277 2.02093
855.675 -275.409 2.02077
855.799 -275.549 2.02017
855.922 -275.693 2.01936
856.05 -275.829 2.01894
856.137 -276.057 2.01429
856.266 -276.196 2.01371
857.277 -274.381 2.10155
857.472 -274.338 2.10863
857.617 -274.409 2.11052
857.763 -274.479 2.11242
857.909 -274.547 2.11437
858.056 -274.613 2.11635
857.452 -276.554 2.03601
857.634 -276.571 2.04045
857.812 -276.595 2.04454
857.981 -276.644 2.04746
858.144 -276.705 2.04978
858.307 -276.768 2.05201
858.464 -276.847 2.0535
858.62 -276.93 2.05474
858.784 -276.992 2.05687
858.947 -277.057 2.05879
859.107 -277.132 2.06029
859.268 -277.206 2.06176
859.429 -277.279 2.06321
859.589 -277.357 2.06445
859.749 -277.434 2.06564
859.912 -277.503 2.06716
860.083 -277.547 2.06965
860.254 -277.59 2.07211
860.422 -277.642 2.07414
860.587 -277.708 2.07557
860.75 -277.783 2.07662
860.908 -277.882 2.07668
861.066 -277.981 2.07665
861.226 -278.079 2.07667
861.386 -278.179 2.07658
861.546 -278.287 2.07611
861.708 -278.385 2.07604
861.87 -278.492 2.07555
862.033 -278.595 2.07523
862.197 -278.699 2.07478
862.362 -278.805 2.07427
862.528 -278.911 2.07369
862.695 -279.017 2.07308
862.864 -279.121 2.07254
863.034 -279.225 2.07196
863.204 -279.329 2.07133
863.376 -279.433 2.07067
863.549 -279.539 2.06994
863.723 -279.647 2.06907
863.897 -279.761 2.06794
864.071 -279.892 2.06613
864.244 -280.043 2.06357
864.419 -280.198 2.06083
864.596 -280.354 2.05804
865.316 -273.204 2.32408
864.955 -280.671 2.05215
865.376 -276.879 2.19378
865.323 -280.996 2.04592
865.509 -281.16 2.04268
865.698 -281.326 2.03937
865.888 -281.515 2.03519
866.08 -281.75 2.02931
866.376 -290.895 1.70584
866.877 -282.163 2.02453
867.37 -312.011 0.961995
868.396 -305.313 1.2132
869.124 -305.309 1.221
868.555 -287.25 1.86079
868.793 -287.257 1.86285
872.229 -307.112 1.18464
871.912 -290.788 1.76203
872.169 -290.719 1.76607
874.686 -303.294 1.33651
872.937 -288.944 1.83297
872.563 -281.949 2.07679
873.027 -278.684 2.19176
873.177 -278.533 2.19727
873.357 -278.502 2.19864
875.343 -284.358 1.99983
877.754 -287.458 1.8945
885.298 -308.359 1.18242
878.368 -286.929 1.91159
878.574 -286.766 1.91671
870.607 -263.615 2.70503
870.672 -263.569 2.70641
870.715 -263.467 2.70967
850.676 -273.404 1.81533
850.541 -273.867 1.79625
850.665 -274.006 1.79712
850.781 -274.157 1.79719
850.896 -274.31 1.79715
850.951 -274.544 1.79224
851.148 -274.589 1.79855
851.383 -274.58 1.80796
851.054 -275.359 1.77129
851.187 -275.5 1.77203
851.384 -275.549 1.77797
851.615 -275.546 1.78682
851.943 -275.395 1.80384
852.177 -275.379 1.81308
852.376 -275.411 1.81942
852.596 -275.41 1.82752
852.893 -275.284 1.8424
853.156 -275.206 1.85442
853.401 -275.151 1.86504
853.648 -275.089 1.87584
853.909 -274.998 1.88805
854.187 -274.87 1.90205
854.479 -274.713 1.91743
856.277 -271.878 2.07405
856.446 -271.882 2.07966
856.533 -272.033 2.07754
855.375 -274.506 1.95491
855.557 -274.522 1.96048
855.738 -274.538 1.96589
855.935 -274.52 1.97302
856.117 -274.53 1.9786
856.328 -274.478 1.98721
856.611 -274.274 2.00333
856.883 -274.082 2.01865
857.087 -274.025 2.02705
857.243 -274.068 2.03038
857.395 -274.121 2.03322
857.543 -274.181 2.03563
857.693 -274.237 2.0382
857.848 -274.281 2.04124
858.002 -274.326 2.04421
858.168 -274.342 2.04852
858.335 -274.355 2.05293
858.469 -274.448 2.05344
858.602 -274.543 2.05379
858.069 -276.411 1.97089
858.215 -276.517 1.97108
858.367 -276.606 1.97204
858.523 -276.685 1.9734
858.679 -276.765 1.97471
858.837 -276.839 1.97621
858.996 -276.913 1.97767
859.155 -276.986 1.9791
859.312 -277.068 1.98014
859.47 -277.149 1.98114
859.629 -277.226 1.98228
859.789 -277.3 1.9835
859.961 -277.337 1.98631
860.136 -277.357 1.98983
860.305 -277.405 1.99208
860.471 -277.458 1.99402
860.637 -277.517 1.99567
860.801 -277.58 1.99707
860.961 -277.664 1.9975
861.119 -277.76 1.99738
861.277 -277.856 1.99726
861.436 -277.953 1.99702
861.595 -278.056 1.9965
861.755 -278.159 1.99595
861.916 -278.261 1.99538
862.078 -278.362 1.99483
862.241 -278.463 1.99425
862.405 -278.564 1.99362
862.57 -278.665 1.99297
862.736 -278.766 1.99228
862.904 -278.868 1.99152
863.072 -278.97 1.99072
863.241 -279.072 1.98986
863.411 -279.175 1.98895
863.582 -279.279 1.98794
863.754 -279.384 1.98683
863.927 -279.493 1.98558
864.101 -279.607 1.98405
864.274 -279.743 1.98158
864.448 -279.889 1.9787
864.623 -280.042 1.97548
864.799 -280.196 1.97219
864.978 -280.352 1.96884
865.377 -276.879 2.11092
865.341 -280.668 1.9618
865.526 -280.829 1.95813
865.712 -280.991 1.95437
865.901 -281.155 1.95055
866.092 -281.319 1.94664
866.285 -281.486 1.94259
866.48 -281.655 1.93844
866.678 -281.826 1.93418
866.878 -282.008 1.92946
867.08 -282.175 1.92529
867.285 -282.349 1.92079
867.493 -282.527 1.91611
867.705 -282.786 1.90824
869.126 -305.303 1.03894
868.557 -287.265 1.74111
868.795 -287.268 1.74326
872.231 -307.113 0.995252
871.913 -290.784 1.62964
872.17 -290.716 1.6338
874.696 -303.346 1.15733
872.939 -288.949 1.7061
872.564 -281.948 1.97438
878.386 -302.045 1.21947
873.027 -278.683 2.10018
873.178 -278.532 2.10608
873.358 -278.503 2.10735
879.687 -301.49 1.24176
875.344 -284.357 1.88702
877.753 -287.451 1.76916
885.299 -308.357 0.97927
878.367 -286.923 1.78729
878.576 -286.767 1.79243
870.606 -263.612 2.66651
870.671 -263.565 2.66796
870.714 -263.463 2.6715
870.779 -263.418 2.67287
852.059 -271.941 1.83081
852.216 -272.011 1.83514
852.354 -272.104 1.8379
852.476 -272.218 1.83924
852.025 -273.102 1.79137
851.884 -273.586 1.7695
851.964 -273.777 1.76636
852.116 -273.868 1.76949
852.26 -273.971 1.77183
852.383 -274.105 1.77218
852.504 -274.24 1.77237
852.781 -274.146 1.78655
852.966 -274.184 1.79246
853.125 -274.262 1.79594
853.341 -274.249 1.80472
853.55 -274.244 1.81292
853.756 -274.241 1.82083
853.865 -274.394 1.81953
853.991 -274.52 1.81975
854.232 -274.454 1.83105
854.578 -274.203 1.85286
854.804 -274.148 1.86311
856.279 -271.877 1.9992
856.446 -271.883 2.00503
856.534 -272.034 2.0026
855.571 -274.143 1.89074
855.811 -274.043 1.9029
856.048 -273.943 1.91486
856.283 -273.842 1.9267
856.51 -273.748 1.938
856.737 -273.651 1.94934
856.93 -273.617 1.95708
857.089 -273.65 1.96114
857.216 -273.75 1.96149
857.342 -273.855 1.96157
857.476 -273.942 1.96257
857.619 -274.013 1.96441
857.782 -274.034 1.96878
858.024 -273.869 1.98276
858.319 -273.57 2.00357
858.59 -273.313 2.02195
858.814 -273.16 2.03474
858.999 -273.1 2.0427
859.16 -273.097 2.0476
859.31 -273.119 2.05113
859.45 -273.167 2.05332
859.587 -273.226 2.05494
859.718 -273.3 2.05568
859.962 -273.049 2.07265
860.168 -272.895 2.08455
860.275 -273.034 2.08191
859.205 -276.835 1.8993
859.359 -276.923 1.89986
859.516 -277.003 1.90079
859.669 -277.096 1.901
859.828 -277.17 1.90213
860.002 -277.197 1.90547
860.651 -275.499 1.99142
860.825 -275.47 1.99699
860.976 -275.528 1.99828
861.079 -275.777 1.99051
860.849 -277.389 1.91842
861.01 -277.465 1.91904
861.17 -277.545 1.91944
861.33 -277.628 1.91967
861.489 -277.717 1.91957
861.647 -277.815 1.91899
861.806 -277.914 1.91836
861.966 -278.013 1.91766
862.126 -278.114 1.91682
862.287 -278.216 1.91591
862.449 -278.318 1.91496
862.613 -278.418 1.91405
862.777 -278.519 1.91307
862.942 -278.62 1.91207
863.109 -278.719 1.91107
863.277 -278.82 1.90999
863.445 -278.921 1.90882
863.615 -279.024 1.90757
863.785 -279.127 1.90624
863.957 -279.233 1.90474
864.129 -279.341 1.9031
864.302 -279.455 1.90118
864.475 -279.586 1.89846
865.174 -273.259 2.17939
864.823 -279.887 1.8912
865 -280.039 1.88747
865.378 -276.88 2.02805
865.359 -280.349 1.87964
865.542 -280.506 1.87557
865.726 -280.664 1.8714
865.913 -280.825 1.86712
866.101 -280.986 1.86274
866.292 -281.149 1.85829
866.485 -281.313 1.85375
866.681 -281.48 1.84905
866.878 -281.648 1.84423
867.078 -281.819 1.8393
867.281 -281.992 1.83419
867.486 -282.167 1.82897
867.693 -282.353 1.82323
867.902 -282.501 1.8191
868.113 -282.641 1.81524
868.327 -282.791 1.81087
868.547 -283.012 1.8035
868.778 -283.352 1.7911
872.234 -307.115 0.805856
871.914 -290.781 1.4973
872.171 -290.712 1.50157
867.709 -259.016 2.81913
872.941 -288.953 1.57921
872.566 -281.948 1.87199
878.076 -302.25 1.03525
878.323 -301.77 1.0554
873.028 -278.682 2.00863
873.178 -278.531 2.01491
873.359 -278.503 2.01606
879.634 -301.283 1.07567
875.345 -284.356 1.77423
877.752 -287.444 1.6438
885.3 -308.354 0.776079
878.366 -286.917 1.66301
878.578 -286.769 1.66809
870.605 -263.608 2.62801
870.67 -263.562 2.62952
870.713 -263.46 2.63334
870.778 -263.414 2.63479
870.842 -263.369 2.6362
852.45 -271.711 1.77287
852.556 -271.841 1.77291
852.684 -271.944 1.77486
852.814 -272.043 1.77695
852.945 -272.14 1.77913
853.083 -272.23 1.78178
853.23 -272.305 1.78529
853.395 -272.354 1.79049
853.533 -272.441 1.79307
853.606 -272.623 1.78938
853.533 -273.027 1.77128
854.104 -272.464 1.81586
854.373 -272.345 1.83134
854.533 -272.39 1.83611
854.752 -272.34 1.84682
854.87 -272.448 1.84738
855.03 -272.49 1.85207
855.27 -272.397 1.86513
854.617 -273.806 1.78491
854.791 -273.838 1.7904
854.972 -273.858 1.79653
856.28 -271.877 1.92433
856.447 -271.884 1.93037
856.534 -272.035 1.92762
855.915 -273.504 1.84597
856.146 -273.411 1.85819
856.352 -273.359 1.8678
856.555 -273.311 1.87703
856.752 -273.268 1.88584
856.905 -273.311 1.88951
857.048 -273.375 1.89187
857.186 -273.448 1.89367
857.319 -273.533 1.89475
857.464 -273.593 1.89719
857.628 -273.608 1.9021
857.854 -273.483 1.91485
858.168 -273.147 1.93936
858.406 -272.975 1.95436
858.568 -272.974 1.95966
858.732 -272.968 1.96517
858.899 -272.951 1.97123
859.06 -272.947 1.97643
859.213 -272.96 1.98063
859.361 -272.986 1.98403
859.514 -272.996 1.98826
859.685 -272.957 1.99507
859.867 -272.88 2.00382
860.104 -272.639 2.02125
860.265 -272.611 2.02711
860.428 -272.571 2.03352
860.556 -272.639 2.03416
860.678 -272.724 2.03386
860.622 -273.394 2.0029
860.455 -274.468 1.95104
860.576 -274.604 1.94826
860.684 -274.795 1.94271
860.799 -274.965 1.93818
860.933 -275.072 1.93687
861.068 -275.181 1.93544
861.202 -275.298 1.93358
861.338 -275.408 1.93209
861.426 -275.728 1.91985
861.214 -277.358 1.84157
861.373 -277.441 1.84161
861.533 -277.517 1.84195
861.695 -277.59 1.84239
861.856 -277.671 1.84234
862.014 -277.769 1.84146
862.173 -277.868 1.84041
862.333 -277.969 1.83931
862.493 -278.07 1.83811
862.655 -278.171 1.83685
862.817 -278.273 1.83553
862.981 -278.373 1.83428
863.146 -278.473 1.83298
863.312 -278.572 1.83164
863.479 -278.672 1.83026
863.647 -278.773 1.82875
863.816 -278.875 1.82715
863.986 -278.98 1.82539
864.157 -279.085 1.82357
864.329 -279.19 1.82167
864.501 -279.311 1.819
865.171 -273.306 2.10687
864.847 -279.585 1.812
865.022 -279.735 1.80786
865.379 -276.882 1.94512
865.377 -280.037 1.79933
865.557 -280.19 1.79489
865.74 -280.345 1.79033
865.924 -280.502 1.78566
866.111 -280.66 1.78088
866.299 -280.819 1.776
866.49 -280.979 1.77105
866.683 -281.141 1.76593
866.878 -281.306 1.76065
867.076 -281.474 1.75521
867.276 -281.649 1.74938
867.479 -281.825 1.74346
867.684 -282.008 1.73721
867.89 -282.154 1.73257
868.098 -282.275 1.72901
868.308 -282.401 1.7252
868.52 -282.541 1.72067
868.736 -282.697 1.71539
868.954 -282.856 1.70989
869.18 -283.078 1.70149
869.414 -283.36 1.69027
869.656 -283.688 1.67697
869.905 -284.024 1.66323
872.655 -307.482 0.602343
873.108 -308.086 0.577427
873.571 -308.695 0.55216
874.044 -309.311 0.52654
871.915 -290.777 1.36493
872.172 -290.708 1.36931
867.667 -259.014 2.79857
867.706 -258.997 2.7995
867.744 -258.981 2.80041
867.783 -258.964 2.80131
867.832 -259.01 2.79938
875.952 -300.502 0.935722
872.567 -281.948 1.76956
878.014 -301.974 0.871747
878.26 -301.499 0.893113
873.029 -278.681 1.91705
873.179 -278.53 1.92371
873.36 -278.503 1.92474
879.581 -301.078 0.910938
875.345 -284.354 1.66141
880.406 -301.459 0.892534
877.752 -287.439 1.51839
885.302 -308.352 0.572842
878.365 -286.911 1.53873
878.579 -286.771 1.54372
870.604 -263.605 2.58952
870.669 -263.559 2.5911
870.716 -263.466 2.59477
870.78 -263.42 2.59629
870.844 -263.375 2.59777
870.927 -263.375 2.59712
854.161 -269.745 1.84503
854.287 -269.82 1.84789
854.391 -269.924 1.84864
854.471 -270.059 1.84703
854.562 -270.182 1.84633
854.654 -270.304 1.84562
854.761 -270.406 1.84634
854.882 -270.489 1.84837
855.002 -270.573 1.85021
855.118 -270.662 1.85169
855.252 -270.725 1.8549
855.35 -270.844 1.85426
855.442 -270.972 1.85294
855.505 -271.148 1.84833
855.844 -270.882 1.87349
856.192 -270.59 1.90003
856.291 -270.701 1.89944
856.258 -271.036 1.88403
856.387 -271.101 1.88652
856.511 -271.176 1.88832
856.608 -271.298 1.887
856.448 -271.884 1.85569
856.535 -272.035 1.85262
856.591 -272.248 1.84563
856.604 -272.545 1.83328
856.718 -272.657 1.83277
856.852 -272.73 1.83465
857.024 -272.729 1.84109
857.221 -272.672 1.8509
857.448 -272.551 1.86454
857.605 -272.569 1.86945
857.752 -272.608 1.87294
857.882 -272.683 1.87425
858.037 -272.702 1.87882
858.27 -272.542 1.89417
858.398 -272.619 1.89508
858.502 -272.75 1.89275
858.635 -272.817 1.89415
858.799 -272.806 1.90014
858.96 -272.802 1.90567
859.112 -272.817 1.90994
859.263 -272.835 1.91399
859.421 -272.829 1.91933
859.586 -272.805 1.92563
859.789 -272.672 1.93816
860.019 -272.454 1.95539
860.186 -272.405 1.96278
860.343 -272.382 1.96858
860.504 -272.345 1.97508
860.654 -272.337 1.97988
860.814 -272.293 1.9866
860.978 -272.234 1.99413
861.141 -272.175 2.00152
861.294 -272.14 2.00742
861.432 -272.158 2.01038
861.2 -273.516 1.93928
861.187 -274.129 1.90961
861.335 -274.163 1.91188
861.475 -274.224 1.91258
861.614 -274.293 1.91284
861.725 -274.479 1.90668
861.677 -275.361 1.86288
861.415 -277.257 1.76471
861.577 -277.32 1.76557
861.739 -277.386 1.7662
861.9 -277.461 1.76629
862.059 -277.543 1.76598
862.219 -277.631 1.7653
862.378 -277.725 1.76424
862.537 -277.824 1.76285
862.697 -277.924 1.76139
862.858 -278.024 1.75986
863.02 -278.126 1.75822
863.183 -278.227 1.75655
863.347 -278.327 1.75486
863.512 -278.426 1.75324
863.678 -278.527 1.75143
863.846 -278.629 1.74954
864.014 -278.731 1.74757
864.718 -273.595 2.01431
864.354 -278.937 1.7434
864.525 -279.044 1.74104
864.698 -279.153 1.73856
864.87 -279.29 1.73458
865.043 -279.436 1.73008
865.379 -276.884 1.86212
865.394 -279.732 1.72079
865.573 -279.881 1.71602
865.753 -280.033 1.71111
865.935 -280.186 1.70606
866.12 -280.34 1.70089
866.306 -280.496 1.69561
866.495 -280.654 1.6902
866.686 -280.813 1.68465
866.879 -280.975 1.67892
867.074 -281.146 1.67269
867.272 -281.321 1.66624
867.472 -281.499 1.65955
867.675 -281.668 1.6533
867.879 -281.81 1.64829
868.084 -281.926 1.64454
868.29 -282.041 1.64075
868.499 -282.164 1.6365
868.711 -282.299 1.63161
868.925 -282.448 1.62599
869.143 -282.602 1.62006
869.363 -282.76 1.61385
869.587 -282.94 1.60652
869.817 -283.142 1.59806
870.057 -283.412 1.58618
870.307 -283.731 1.57187
870.564 -284.067 1.5567
870.827 -284.415 1.54085
871.097 -284.766 1.52483
872.173 -290.705 1.23705
867.667 -259.01 2.77835
867.705 -258.993 2.77932
867.744 -258.976 2.78026
867.782 -258.959 2.78119
867.831 -258.999 2.77936
875.977 -302.458 0.671856
875.962 -300.546 0.765133
872.568 -281.948 1.6671
877.307 -303.703 0.612873
877.764 -304.118 0.592918
878.229 -304.533 0.572858
877.953 -301.701 0.71002
878.198 -301.231 0.732574
873.029 -278.68 1.82544
873.18 -278.529 1.83249
873.361 -278.503 1.83339
879.528 -300.875 0.747558
875.346 -284.353 1.54856
880.35 -301.251 0.727312
882.746 -308.271 0.385061
883.285 -308.682 0.36357
883.836 -309.104 0.341335
884.391 -309.514 0.319511
877.752 -287.436 1.39292
885.303 -308.35 0.36955
878.365 -286.905 1.41444
878.581 -286.772 1.41929
870.603 -263.601 2.55104
870.668 -263.555 2.5527
870.729 -263.498 2.55487
870.793 -263.452 2.55646
870.857 -263.406 2.55802
870.926 -263.372 2.55898
870.99 -263.326 2.56046
 ] }
 color Color { color [
0.265554 0 0.734446
0.264835 0 0.735165
0.266625 0 0.733375
0.268452 0 0.731548
0.270319 0 0.729681
0.272225 0 0.727775
0.274171 0 0.725829
0.276159 0 0.723841
0.27819 0 0.72181
0.280265 0 0.719735
0.568674 0 0.431326
0.213904 0 0.786096
0.213066 0 0.786934
0.213813 0 0.786187
0.335174 0 0.664826
0.296405 0 0.703595
0.250608 0 0.749392
0.366425 0 0.633574
0.447717 0 0.552283
0.448725 0 0.551275
0.402409 0 0.597591
0.490496 0 0.509504
0.348246 0 0.651754
0.306749 0 0.693251
0.398073 0 0.601927
0.381128 0 0.618872
0.433027 0 0.566973
0.278847 0 0.721153
0.321394 0 0.678606
0.407497 0 0.592503
0.236689 0 0.763311
0.440435 0 0.559565
0.568073 0 0.431927
0.53676 0 0.46324
0.375647 0 0.624353
0.290987 0 0.709013
0.418498 0 0.581502
0.524869 0 0.475131
0.449341 0 0.550659
0.522175 0 0.477825
0.337652 0 0.662348
0.541075 0 0.458925
0.379019 0 0.620981
0.502282 0 0.497718
0.361221 0 0.638779
0.292548 0 0.707452
0.567123 0 0.432877
0.264831 0 0.735169
0.266621 0 0.733379
0.268449 0 0.731551
0.270315 0 0.729685
0.272221 0 0.727779
0.274168 0 0.725832
0.276156 0 0.723844
0.278187 0 0.721813
0.280262 0 0.719738
0.568596 0 0.431404
0.213881 0 0.786119
0.213043 0 0.786957
0.213801 0 0.786199
0.335223 0 0.664777
0.2964 0 0.7036
0.25055 0 0.74945
0.366489 0 0.633511
0.447567 0 0.552433
0.448781 0 0.551219
0.402364 0 0.597636
0.490446 0 0.509554
0.348212 0 0.651788
0.306728 0 0.693272
0.398043 0 0.601957
0.381099 0 0.618901
0.432951 0 0.567049
0.278862 0 0.721138
0.321292 0 0.678708
0.407281 0 0.592719
0.2367 0 0.7633
0.440557 0 0.559443
0.568057 0 0.431943
0.536791 0 0.463209
0.375614 0 0.624386
0.290912 0 0.709087
0.418447 0 0.581553
0.524522 0 0.475478
0.449425 0 0.550575
0.52203 0 0.47797
0.337764 0 0.662236
0.541032 0 0.458968
0.378948 0 0.621052
0.502412 0 0.497588
0.361228 0 0.638772
0.292519 0 0.707481
0.567106 0 0.432894
0.260697 0 0.739303
0.26662 0 0.733379
0.268449 0 0.731551
0.270315 0 0.729685
0.272221 0 0.727779
0.274167 0 0.725833
0.276156 0 0.723844
0.278187 0 0.721813
0.280262 0 0.719738
0.568527 0 0.431473
0.213861 0 0.786139
0.213023 0 0.786977
0.213791 0 0.786209
0.335314 0 0.664686
0.296417 0 0.703583
0.250498 0 0.749502
0.366586 0 0.633414
0.447425 0 0.552575
0.448881 0 0.551119
0.402324 0 0.597676
0.490402 0 0.509598
0.348182 0 0.651818
0.306711 0 0.693289
0.398018 0 0.601982
0.381081 0 0.618919
0.432889 0 0.567111
0.278883 0 0.721117
0.321202 0 0.678798
0.407074 0 0.592926
0.236721 0 0.763279
0.237326 0 0.762674
0.568053 0 0.431947
0.536868 0 0.463132
0.375592 0 0.624408
0.290848 0 0.709152
0.418407 0 0.581593
0.524192 0 0.475808
0.449523 0 0.550477
0.52189 0 0.47811
0.337881 0 0.662119
0.540997 0 0.459003
0.378882 0 0.621118
0.502555 0 0.497445
0.361239 0 0.638761
0.292494 0 0.707506
0.567097 0 0.432903
0.260667 0 0.739333
0.260591 0 0.739409
0.268451 0 0.731549
0.270318 0 0.729682
0.272224 0 0.727776
0.274171 0 0.725829
0.276159 0 0.723841
0.27819 0 0.72181
0.280266 0 0.719734
0.568466 0 0.431534
0.213844 0 0.786156
0.213006 0 0.786994
0.213784 0 0.786216
0.335493 0 0.664507
0.296461 0 0.703539
0.29668 0 0.70332
0.250452 0 0.749548
0.447294 0 0.552706
0.449061 0 0.550939
0.402291 0 0.597709
0.490364 0 0.509636
0.348157 0 0.651843
0.306698 0 0.693302
0.397997 0 0.602003
0.381072 0 0.618928
0.432843 0 0.567158
0.278907 0 0.721093
0.321123 0 0.678877
0.406878 0 0.593122
0.236753 0 0.763247
0.23712 0 0.76288
0.568059 0 0.431941
0.537095 0 0.462905
0.375582 0 0.624418
0.290796 0 0.709204
0.291185 0 0.708815
0.418376 0 0.581624
0.523878 0 0.476122
0.449633 0 0.550367
0.521758 0 0.478242
0.338003 0 0.661997
0.339183 0 0.660817
0.540969 0 0.459031
0.37882 0 0.62118
0.502708 0 0.497292
0.361255 0 0.638745
0.292472 0 0.707528
0.47093 0 0.52907
0.567094 0 0.432906
0.26064 0 0.73936
0.260576 0 0.739424
0.270324 0 0.729676
0.272231 0 0.727769
0.274178 0 0.725822
0.276166 0 0.723834
0.278197 0 0.721803
0.280273 0 0.719727
0.568414 0 0.431586
0.21383 0 0.78617
0.212992 0 0.787008
0.213779 0 0.786221
0.296555 0 0.703445
0.296424 0 0.703576
0.250413 0 0.749587
0.447173 0 0.552827
0.402262 0 0.597738
0.490332 0 0.509668
0.348136 0 0.651864
0.306689 0 0.693311
0.397981 0 0.602019
0.381071 0 0.618929
0.432812 0 0.567188
0.278937 0 0.721063
0.321054 0 0.678946
0.406691 0 0.593309
0.236799 0 0.763201
0.23698 0 0.76302
0.568079 0 0.431921
0.375584 0 0.624416
0.290759 0 0.709241
0.290909 0 0.70909
0.418356 0 0.581644
0.523579 0 0.476421
0.449758 0 0.550242
0.521633 0 0.478367
0.338129 0 0.661871
0.339119 0 0.660881
0.540947 0 0.459053
0.378763 0 0.621237
0.502872 0 0.497128
0.361276 0 0.638724
0.292454 0 0.707546
0.47083 0 0.52917
0.567098 0 0.432902
0.260616 0 0.739384
0.260564 0 0.739436
0.322482 0 0.677518
0.27224 0 0.72776
0.274187 0 0.725813
0.276176 0 0.723824
0.278208 0 0.721792
0.280283 0 0.719717
0.568368 0 0.431632
0.213817 0 0.786183
0.21298 0 0.78702
0.213777 0 0.786223
0.296824 0 0.703176
0.296229 0 0.703771
0.25038 0 0.74962
0.447061 0 0.552939
0.40224 0 0.59776
0.490306 0 0.509694
0.348119 0 0.651881
0.306683 0 0.693317
0.397971 0 0.602029
0.38108 0 0.61892
0.4328 0 0.5672
0.278974 0 0.721026
0.320994 0 0.679006
0.406514 0 0.593486
0.236859 0 0.763141
0.23687 0 0.76313
0.568112 0 0.431888
0.375593 0 0.624407
0.290743 0 0.709257
0.290688 0 0.709312
0.418348 0 0.581652
0.523294 0 0.476706
0.449899 0 0.550101
0.521513 0 0.478487
0.338259 0 0.661741
0.33915 0 0.66085
0.540933 0 0.459067
0.378711 0 0.621289
0.503048 0 0.496952
0.361303 0 0.638697
0.29244 0 0.70756
0.471335 0 0.528665
0.567109 0 0.432891
0.260595 0 0.739405
0.260556 0 0.739444
0.322456 0 0.677544
0.274201 0 0.725799
0.27619 0 0.72381
0.278222 0 0.721778
0.280298 0 0.719702
0.56833 0 0.43167
0.213808 0 0.786192
0.21297 0 0.78703
0.213778 0 0.786222
0.33508 0 0.66492
0.296067 0 0.703933
0.250352 0 0.749648
0.446959 0 0.553041
0.402222 0 0.597778
0.490286 0 0.509714
0.348106 0 0.651894
0.306682 0 0.693318
0.397965 0 0.602035
0.381097 0 0.618903
0.432809 0 0.567191
0.279014 0 0.720986
0.320942 0 0.679058
0.406348 0 0.593652
0.23694 0 0.76306
0.236783 0 0.763217
0.56816 0 0.43184
0.375612 0 0.624388
0.29076 0 0.70924
0.290492 0 0.709508
0.418351 0 0.581649
0.523024 0 0.476976
0.45006 0 0.54994
0.52144 0 0.47856
0.338394 0 0.661606
0.339201 0 0.660799
0.540925 0 0.459075
0.378663 0 0.621337
0.503235 0 0.496765
0.361334 0 0.638666
0.292429 0 0.707571
0.471846 0 0.528154
0.567127 0 0.432873
0.260577 0 0.739423
0.260551 0 0.739449
0.322434 0 0.677566
0.276207 0 0.723793
0.278239 0 0.721761
0.280315 0 0.719685
0.568299 0 0.431701
0.213801 0 0.786199
0.212963 0 0.787037
0.213781 0 0.786219
0.334908 0 0.665092
0.295929 0 0.704071
0.250329 0 0.749671
0.446866 0 0.553134
0.402211 0 0.597789
0.490271 0 0.509729
0.348099 0 0.651901
0.306684 0 0.693316
0.397964 0 0.602036
0.381123 0 0.618877
0.432843 0 0.567157
0.279851 0 0.720149
0.279062 0 0.720938
0.320899 0 0.679101
0.406194 0 0.593806
0.237048 0 0.762952
0.23671 0 0.76329
0.56823 0 0.43177
0.375638 0 0.624362
0.290855 0 0.709145
0.290315 0 0.709685
0.418368 0 0.581632
0.522767 0 0.477233
0.450246 0 0.549754
0.52138 0 0.47862
0.338533 0 0.661467
0.339271 0 0.660729
0.540924 0 0.459076
0.37862 0 0.62138
0.503433 0 0.496567
0.361371 0 0.638629
0.292422 0 0.707578
0.472426 0 0.527574
0.567152 0 0.432848
0.260562 0 0.739438
0.26055 0 0.73945
0.322416 0 0.677585
0.278261 0 0.721739
0.280337 0 0.719663
0.568275 0 0.431725
0.213796 0 0.786204
0.212959 0 0.787041
0.213788 0 0.786212
0.43985 0 0.56015
0.442529 0 0.557471
0.445263 0 0.554737
0.448052 0 0.551948
0.334773 0 0.665227
0.295809 0 0.704191
0.250312 0 0.749688
0.446782 0 0.553218
0.597724 0 0.402276
0.588205 0 0.411795
0.588353 0 0.411647
0.590179 0 0.409821
0.592046 0 0.407954
0.402205 0 0.597795
0.490263 0 0.509737
0.348095 0 0.651905
0.30669 0 0.69331
0.397969 0 0.602031
0.381157 0 0.618843
0.432916 0 0.567084
0.279667 0 0.720333
0.279114 0 0.720886
0.320865 0 0.679135
0.406051 0 0.593949
0.237209 0 0.762791
0.236652 0 0.763348
0.568325 0 0.431675
0.375673 0 0.624327
0.290152 0 0.709848
0.4184 0 0.5816
0.522525 0 0.477475
0.450471 0 0.549529
0.521326 0 0.478674
0.338676 0 0.661324
0.339355 0 0.660645
0.540931 0 0.459069
0.378581 0 0.621419
0.503644 0 0.496356
0.361412 0 0.638588
0.292419 0 0.707581
0.473226 0 0.526774
0.261653 0 0.738347
0.26055 0 0.73945
0.260552 0 0.739448
0.322402 0 0.677598
0.280363 0 0.719637
0.5877 0 0.4123
0.591107 0 0.408893
0.594685 0 0.405315
0.598327 0 0.401673
0.448895 0 0.551105
0.213794 0 0.786206
0.212957 0 0.787043
0.213797 0 0.786203
0.437918 0 0.562082
0.440574 0 0.559426
0.443283 0 0.556717
0.446048 0 0.553952
0.448869 0 0.551131
0.334667 0 0.665333
0.295705 0 0.704295
0.2503 0 0.7497
0.446708 0 0.553292
0.592066 0 0.407934
0.58453 0 0.41547
0.586304 0 0.413696
0.588118 0 0.411882
0.589972 0 0.410028
0.402207 0 0.597793
0.5938 0 0.4062
0.49026 0 0.50974
0.348097 0 0.651903
0.3067 0 0.6933
0.397978 0 0.602022
0.381199 0 0.618801
0.433065 0 0.566935
0.27958 0 0.72042
0.279174 0 0.720826
0.320838 0 0.679162
0.40592 0 0.59408
0.236605 0 0.763395
0.568471 0 0.431529
0.375715 0 0.624285
0.290002 0 0.709998
0.418449 0 0.581551
0.522295 0 0.477705
0.450778 0 0.549222
0.521278 0 0.478722
0.338824 0 0.661176
0.339448 0 0.660552
0.540944 0 0.459056
0.378547 0 0.621453
0.503866 0 0.496134
0.361458 0 0.638542
0.292419 0 0.707581
0.474037 0 0.525963
0.261644 0 0.738356
0.260541 0 0.739459
0.260558 0 0.739442
0.322392 0 0.677608
0.549082 0 0.450918
0.551546 0 0.448454
0.554218 0 0.445782
0.557324 0 0.442676
0.560487 0 0.439513
0.56373 0 0.43627
0.567069 0 0.432931
0.570472 0 0.429528
0.573932 0 0.426068
0.577385 0 0.422615
0.580927 0 0.419073
0.584577 0 0.415423
0.588257 0 0.411743
0.591974 0 0.408026
0.595806 0 0.404194
0.362003 0 0.637997
0.358994 0 0.641006
0.35605 0 0.64395
0.355654 0 0.644346
0.450143 0 0.549857
0.446209 0 0.553791
0.213795 0 0.786205
0.212957 0 0.787043
0.213809 0 0.786191
0.436009 0 0.563991
0.438641 0 0.561359
0.441327 0 0.558673
0.444067 0 0.555933
0.446862 0 0.553138
0.334583 0 0.665417
0.295613 0 0.704387
0.250294 0 0.749706
0.446643 0 0.553357
0.586521 0 0.413479
0.582515 0 0.417485
0.584277 0 0.415723
0.586079 0 0.413921
0.587919 0 0.412081
0.402214 0 0.597786
0.591722 0 0.408278
0.490263 0 0.509737
0.348103 0 0.651897
0.306713 0 0.693287
0.397992 0 0.602008
0.381248 0 0.618752
0.279524 0 0.720476
0.27924 0 0.72076
0.32082 0 0.67918
0.405804 0 0.594196
0.236569 0 0.763431
0.375764 0 0.624236
0.289862 0 0.710138
0.41852 0 0.58148
0.52208 0 0.47792
0.521236 0 0.478764
0.338976 0 0.661024
0.33955 0 0.66045
0.540965 0 0.459035
0.379039 0 0.620961
0.378518 0 0.621482
0.504102 0 0.495898
0.36151 0 0.63849
0.292424 0 0.707576
0.261638 0 0.738362
0.260535 0 0.739465
0.260567 0 0.739433
0.322386 0 0.677614
0.359944 0 0.640056
0.517488 0 0.482512
0.519719 0 0.480281
0.521935 0 0.478065
0.524421 0 0.475579
0.527198 0 0.472802
0.530133 0 0.469867
0.533107 0 0.466893
0.536091 0 0.463909
0.539127 0 0.460873
0.542258 0 0.457742
0.545363 0 0.454637
0.548588 0 0.451412
0.551854 0 0.448146
0.555134 0 0.444866
0.558549 0 0.441451
0.562022 0 0.437978
0.565543 0 0.434457
0.569056 0 0.430944
0.572696 0 0.427304
0.576402 0 0.423598
0.362675 0 0.637325
0.359638 0 0.640362
0.356668 0 0.643332
0.353763 0 0.646237
0.354018 0 0.645982
0.356458 0 0.643542
0.358948 0 0.641052
0.361491 0 0.638509
0.447983 0 0.552017
0.443835 0 0.556165
0.213798 0 0.786202
0.21296 0 0.78704
0.213823 0 0.786177
0.435948 0 0.564052
0.436864 0 0.563136
0.439392 0 0.560608
0.442108 0 0.557892
0.444879 0 0.555121
0.589394 0 0.410606
0.334516 0 0.665484
0.295533 0 0.704467
0.250292 0 0.749708
0.366669 0 0.633331
0.446587 0 0.553413
0.581087 0 0.418913
0.580521 0 0.419479
0.582271 0 0.417729
0.58406 0 0.41594
0.585888 0 0.414112
0.402226 0 0.597774
0.589663 0 0.410337
0.591612 0 0.408388
0.490272 0 0.509728
0.348113 0 0.651887
0.306731 0 0.693269
0.398011 0 0.601989
0.381306 0 0.618694
0.279487 0 0.720513
0.279313 0 0.720687
0.32081 0 0.67919
0.405702 0 0.594298
0.236541 0 0.763459
0.375822 0 0.624178
0.289731 0 0.710269
0.418617 0 0.581383
0.521879 0 0.478121
0.521201 0 0.478799
0.339134 0 0.660866
0.339655 0 0.660345
0.540992 0 0.459008
0.378983 0 0.621017
0.378493 0 0.621507
0.504349 0 0.495651
0.361566 0 0.638434
0.292432 0 0.707569
0.261636 0 0.738364
0.260533 0 0.739467
0.260579 0 0.739421
0.322384 0 0.677616
0.35977 0 0.64023
0.489326 0 0.510674
0.491384 0 0.508616
0.493406 0 0.506594
0.495497 0 0.504503
0.497729 0 0.502271
0.500278 0 0.499722
0.502947 0 0.497053
0.505592 0 0.494408
0.508336 0 0.491664
0.511085 0 0.488915
0.513905 0 0.486095
0.516812 0 0.483188
0.51973 0 0.48027
0.522661 0 0.477339
0.525703 0 0.474297
0.528709 0 0.471291
0.531862 0 0.468138
0.534989 0 0.465011
0.363371 0 0.636629
0.360306 0 0.639694
0.357308 0 0.642692
0.354376 0 0.645624
0.352991 0 0.647009
0.352742 0 0.647258
0.354818 0 0.645182
0.357286 0 0.642714
0.359805 0 0.640195
0.362377 0 0.637623
0.4479 0 0.5521
0.443754 0 0.556246
0.213803 0 0.786197
0.212966 0 0.787034
0.21384 0 0.78616
0.435948 0 0.564052
0.436924 0 0.563076
0.439426 0 0.560574
0.441979 0 0.558021
0.444584 0 0.555416
0.556864 0 0.443136
0.463106 0 0.536893
0.468855 0 0.531145
0.468179 0 0.531821
0.586804 0 0.413196
0.585285 0 0.414715
0.334465 0 0.665535
0.295464 0 0.704536
0.250296 0 0.749704
0.366573 0 0.633427
0.446541 0 0.553459
0.576848 0 0.423152
0.578548 0 0.421452
0.580286 0 0.419714
0.582063 0 0.417937
0.583878 0 0.416122
0.402245 0 0.597755
0.587627 0 0.412373
0.589562 0 0.410438
0.490287 0 0.509713
0.348128 0 0.651873
0.306752 0 0.693248
0.398035 0 0.601965
0.381371 0 0.618629
0.279463 0 0.720537
0.279392 0 0.720608
0.320808 0 0.679192
0.405617 0 0.594383
0.236522 0 0.763478
0.375887 0 0.624113
0.289607 0 0.710393
0.418751 0 0.581249
0.521692 0 0.478308
0.521173 0 0.478827
0.339295 0 0.660705
0.339768 0 0.660232
0.541026 0 0.458974
0.378931 0 0.621069
0.378473 0 0.621527
0.504611 0 0.495389
0.361626 0 0.638374
0.292443 0 0.707557
0.261637 0 0.738363
0.260534 0 0.739466
0.260594 0 0.739406
0.322386 0 0.677614
0.359619 0 0.640381
0.581157 0 0.418843
0.466041 0 0.533959
0.347796 0 0.652204
0.347931 0 0.652069
0.470443 0 0.529557
0.471741 0 0.528259
0.473623 0 0.526377
0.476046 0 0.523954
0.478439 0 0.521561
0.480926 0 0.519074
0.483408 0 0.516592
0.485945 0 0.514055
0.488498 0 0.511502
0.491126 0 0.508874
0.493753 0 0.506247
0.496473 0 0.503527
0.499259 0 0.500741
0.502017 0 0.497983
0.360997 0 0.639003
0.357972 0 0.642028
0.355012 0 0.644988
0.353207 0 0.646793
0.352941 0 0.647059
0.352693 0 0.647307
0.353198 0 0.646802
0.355643 0 0.644357
0.358138 0 0.641862
0.360687 0 0.639313
0.363289 0 0.636711
0.44368 0 0.55632
0.213812 0 0.786188
0.212974 0 0.787026
0.213859 0 0.786141
0.435953 0 0.564047
0.43699 0 0.56301
0.439493 0 0.560507
0.442046 0 0.557954
0.444652 0 0.555348
0.55472 0 0.44528
0.457196 0 0.542804
0.469332 0 0.530668
0.469653 0 0.530347
0.589192 0 0.410808
0.586235 0 0.413765
0.58499 0 0.41501
0.334431 0 0.665569
0.295405 0 0.704595
0.250305 0 0.749695
0.366515 0 0.633485
0.588808 0 0.411192
0.446504 0 0.553496
0.574906 0 0.425094
0.576595 0 0.423405
0.578321 0 0.421679
0.580085 0 0.419915
0.581887 0 0.418113
0.402268 0 0.597732
0.585611 0 0.414389
0.587533 0 0.412467
0.490309 0 0.509691
0.348146 0 0.651854
0.306777 0 0.693223
0.398064 0 0.601936
0.381444 0 0.618556
0.279449 0 0.720551
0.279481 0 0.720519
0.320814 0 0.679186
0.405553 0 0.594447
0.236512 0 0.763488
0.375959 0 0.624041
0.289492 0 0.710508
0.418972 0 0.581028
0.52152 0 0.47848
0.52115 0 0.47885
0.339463 0 0.660537
0.339887 0 0.660113
0.541068 0 0.458932
0.378884 0 0.621116
0.378458 0 0.621542
0.504888 0 0.495112
0.361692 0 0.638308
0.292458 0 0.707542
0.261641 0 0.738359
0.260538 0 0.739462
0.260612 0 0.739388
0.322392 0 0.677608
0.359489 0 0.640511
0.581168 0 0.418832
0.35616 0 0.64384
0.339715 0 0.660285
0.340687 0 0.659313
0.341048 0 0.658952
0.341084 0 0.658916
0.32196 0 0.67804
0.318822 0 0.681178
0.317572 0 0.682428
0.316654 0 0.683346
0.317165 0 0.682835
0.317901 0 0.682099
0.318447 0 0.681553
0.320138 0 0.679862
0.378965 0 0.621035
0.460406 0 0.539594
0.420756 0 0.579244
0.439407 0 0.560593
0.360241 0 0.639759
0.356995 0 0.643005
0.353823 0 0.646177
0.353162 0 0.646837
0.352896 0 0.647104
0.352648 0 0.647352
0.352416 0 0.647584
0.354019 0 0.645981
0.356491 0 0.643509
0.359016 0 0.640984
0.361594 0 0.638406
0.443611 0 0.556389
0.213823 0 0.786177
0.212985 0 0.787015
0.213881 0 0.786119
0.435965 0 0.564035
0.437061 0 0.562939
0.439564 0 0.560436
0.442118 0 0.557882
0.444723 0 0.555277
0.534974 0 0.465026
0.45787 0 0.54213
0.470861 0 0.529139
0.471169 0 0.528831
0.549373 0 0.450627
0.553173 0 0.446827
0.55694 0 0.44306
0.560866 0 0.439134
0.564867 0 0.435133
0.568838 0 0.431162
0.572966 0 0.427034
0.577095 0 0.422905
0.581348 0 0.418652
0.334411 0 0.665589
0.295356 0 0.704644
0.594541 0 0.405459
0.250319 0 0.749681
0.366479 0 0.633521
0.583633 0 0.416367
0.446477 0 0.553523
0.572985 0 0.427015
0.574662 0 0.425338
0.576376 0 0.423624
0.578128 0 0.421872
0.579919 0 0.420081
0.402299 0 0.597701
0.583616 0 0.416384
0.585525 0 0.414475
0.490336 0 0.509664
0.348169 0 0.651831
0.306806 0 0.693194
0.398097 0 0.601903
0.381525 0 0.618475
0.279445 0 0.720555
0.27958 0 0.72042
0.320828 0 0.679172
0.405518 0 0.594482
0.23651 0 0.76349
0.376038 0 0.623962
0.289384 0 0.710616
0.586503 0 0.413497
0.521362 0 0.478638
0.521134 0 0.478866
0.339635 0 0.660365
0.340012 0 0.659988
0.541116 0 0.458884
0.378841 0 0.621159
0.378447 0 0.621553
0.505181 0 0.494819
0.361762 0 0.638238
0.292477 0 0.707523
0.261648 0 0.738352
0.260545 0 0.739455
0.260633 0 0.739367
0.322402 0 0.677598
0.359377 0 0.640623
0.581185 0 0.418815
0.356121 0 0.643879
0.354923 0 0.645077
0.330118 0 0.669882
0.328 0 0.672
0.320562 0 0.679438
0.317856 0 0.682144
0.316379 0 0.683621
0.314696 0 0.685304
0.312632 0 0.687368
0.312272 0 0.687728
0.312646 0 0.687354
0.313216 0 0.686784
0.313781 0 0.686219
0.314815 0 0.685185
0.315898 0 0.684102
0.293495 0 0.706505
0.292444 0 0.707556
0.298442 0 0.701558
0.356825 0 0.643175
0.353657 0 0.646343
0.353122 0 0.646878
0.352855 0 0.647145
0.352607 0 0.647393
0.352376 0 0.647624
0.352414 0 0.647586
0.354863 0 0.645136
0.357365 0 0.642635
0.270328 0 0.729672
0.270937 0 0.729063
0.213837 0 0.786163
0.213006 0 0.786994
0.213906 0 0.786094
0.255219 0 0.744781
0.252936 0 0.747064
0.439641 0 0.560359
0.442195 0 0.557805
0.444801 0 0.555199
0.501965 0 0.498035
0.458941 0 0.541059
0.50817 0 0.49183
0.474178 0 0.525822
0.514619 0 0.485381
0.517934 0 0.482066
0.521298 0 0.478702
0.524689 0 0.475311
0.528131 0 0.471869
0.531665 0 0.468335
0.535292 0 0.464708
0.538871 0 0.461129
0.542601 0 0.457399
0.334406 0 0.665594
0.295317 0 0.704683
0.554073 0 0.445927
0.250338 0 0.749662
0.562059 0 0.437941
0.366459 0 0.633541
0.570318 0 0.429682
0.574492 0 0.425508
0.578837 0 0.421163
0.446459 0 0.553541
0.571082 0 0.428918
0.572749 0 0.427251
0.574451 0 0.425549
0.576192 0 0.423808
0.57797 0 0.42203
0.402334 0 0.597666
0.581643 0 0.418357
0.583538 0 0.416462
0.490369 0 0.509631
0.348197 0 0.651803
0.306838 0 0.693162
0.398136 0 0.601864
0.381615 0 0.618385
0.279447 0 0.720553
0.27969 0 0.72031
0.32085 0 0.67915
0.405535 0 0.594465
0.236515 0 0.763485
0.376124 0 0.623876
0.289283 0 0.710717
0.586794 0 0.413206
0.521221 0 0.478779
0.521125 0 0.478875
0.339811 0 0.660189
0.340143 0 0.659857
0.541171 0 0.458829
0.378803 0 0.621197
0.378441 0 0.621559
0.505493 0 0.494507
0.361837 0 0.638163
0.2925 0 0.7075
0.261658 0 0.738342
0.260555 0 0.739445
0.260657 0 0.739343
0.322416 0 0.677584
0.359282 0 0.640718
0.58121 0 0.41879
0.356087 0 0.643913
0.35497 0 0.64503
0.32004 0 0.67996
0.317953 0 0.682047
0.316022 0 0.683978
0.314479 0 0.685521
0.311943 0 0.688057
0.308279 0 0.691721
0.30637 0 0.69363
0.30468 0 0.69532
0.30278 0 0.69722
0.302043 0 0.697957
0.296585 0 0.703415
0.291995 0 0.708005
0.289422 0 0.710578
0.287456 0 0.712544
0.284096 0 0.715904
0.282528 0 0.717472
0.281017 0 0.718983
0.279549 0 0.720451
0.278089 0 0.721911
0.276672 0 0.723328
0.275271 0 0.724729
0.27366 0 0.72634
0.271996 0 0.728004
0.265436 0 0.734564
0.26074 0 0.73926
0.258714 0 0.741286
0.213853 0 0.786147
0.213033 0 0.786967
0.213933 0 0.786067
0.250511 0 0.749489
0.25123 0 0.74877
0.252942 0 0.747058
0.442279 0 0.557721
0.444886 0 0.555114
0.460169 0 0.539831
0.467182 0 0.532818
0.474647 0 0.525353
0.480185 0 0.519815
0.484023 0 0.515977
0.486935 0 0.513065
0.48994 0 0.51006
0.492914 0 0.507086
0.49597 0 0.50403
0.499079 0 0.500921
0.260271 0 0.739729
0.259512 0 0.740488
0.259749 0 0.740251
0.261508 0 0.738492
0.259482 0 0.740518
0.258703 0 0.741297
0.250363 0 0.749637
0.25746 0 0.74254
0.257151 0 0.742849
0.256842 0 0.743158
0.256559 0 0.743441
0.256294 0 0.743706
0.256116 0 0.743884
0.255823 0 0.744177
0.255683 0 0.744317
0.255416 0 0.744584
0.255744 0 0.744256
0.255642 0 0.744358
0.255596 0 0.744404
0.255958 0 0.744042
0.256476 0 0.743524
0.256695 0 0.743305
0.257217 0 0.742783
0.257907 0 0.742092
0.258522 0 0.741478
0.259027 0 0.740973
0.259608 0 0.740392
0.260283 0 0.739717
0.261052 0 0.738948
0.262374 0 0.737626
0.263098 0 0.736902
0.264635 0 0.735365
0.264505 0 0.735495
0.265439 0 0.734561
0.267069 0 0.732931
0.279457 0 0.720543
0.279819 0 0.720181
0.32088 0 0.67912
0.236529 0 0.763471
0.376216 0 0.623784
0.28919 0 0.71081
0.587094 0 0.412906
0.521097 0 0.478903
0.521121 0 0.478879
0.339992 0 0.660008
0.340281 0 0.659719
0.541234 0 0.458766
0.37877 0 0.62123
0.378439 0 0.621561
0.50583 0 0.49417
0.361918 0 0.638082
0.292526 0 0.707474
0.261671 0 0.738329
0.260569 0 0.739431
0.260686 0 0.739314
0.322435 0 0.677565
0.359203 0 0.640797
0.581241 0 0.418759
0.356056 0 0.643944
0.355022 0 0.644978
0.110249 0 0.889751
0.31475 0 0.685251
0.31195 0 0.68805
0.310718 0 0.689282
0.309351 0 0.690649
0.306433 0 0.693567
0.30303 0 0.69697
0.301092 0 0.698908
0.299441 0 0.700559
0.294204 0 0.705796
0.291543 0 0.708457
0.288616 0 0.711384
0.284798 0 0.715202
0.281899 0 0.718101
0.279977 0 0.720023
0.278497 0 0.721503
0.277027 0 0.722973
0.275593 0 0.724407
0.273948 0 0.726052
0.272003 0 0.727997
0.269766 0 0.730234
0.268753 0 0.731247
0.261392 0 0.738608
0.259469 0 0.740531
0.257441 0 0.742559
0.255458 0 0.744542
0.213872 0 0.786128
0.213063 0 0.786937
0.213963 0 0.786037
0.248441 0 0.751559
0.249382 0 0.750618
0.25098 0 0.74902
0.252488 0 0.747512
0.295692 0 0.704308
0.295349 0 0.704651
0.295117 0 0.704883
0.294849 0 0.705151
0.294551 0 0.705449
0.254586 0 0.745414
0.294066 0 0.705934
0.432918 0 0.567082
0.256385 0 0.743615
0.256499 0 0.743501
0.256117 0 0.743883
0.255535 0 0.744465
0.255019 0 0.744981
0.254529 0 0.745471
0.254082 0 0.745918
0.253668 0 0.746332
0.253288 0 0.746712
0.250392 0 0.749608
0.252714 0 0.747286
0.252767 0 0.747233
0.252623 0 0.747377
0.252656 0 0.747344
0.252632 0 0.747368
0.252557 0 0.747443
0.252859 0 0.747141
0.253187 0 0.746813
0.253309 0 0.746691
0.253507 0 0.746493
0.253652 0 0.746348
0.253834 0 0.746166
0.253943 0 0.746057
0.254239 0 0.745761
0.254737 0 0.745263
0.255293 0 0.744707
0.255831 0 0.744169
0.256459 0 0.743541
0.257048 0 0.742952
0.257651 0 0.742349
0.258267 0 0.741733
0.259044 0 0.740956
0.259843 0 0.740157
0.260658 0 0.739342
0.26149 0 0.73851
0.262339 0 0.737661
0.263188 0 0.736812
0.263999 0 0.736001
0.264833 0 0.735167
0.265683 0 0.734317
0.266549 0 0.733451
0.26742 0 0.73258
0.268378 0 0.731622
0.269443 0 0.730557
0.270759 0 0.729241
0.272146 0 0.727854
0.274139 0 0.725861
0.276272 0 0.723728
0.199641 0 0.800359
0.23655 0 0.76345
0.376316 0 0.623684
0.289103 0 0.710897
0.587402 0 0.412598
0.520993 0 0.479007
0.521124 0 0.478876
0.340178 0 0.659822
0.340424 0 0.659576
0.541304 0 0.458696
0.378767 0 0.621233
0.378442 0 0.621558
0.506196 0 0.493804
0.362002 0 0.637998
0.292556 0 0.707444
0.261688 0 0.738312
0.260585 0 0.739415
0.260717 0 0.739283
0.322457 0 0.677543
0.359141 0 0.640859
0.58128 0 0.41872
0.35603 0 0.64397
0.355078 0 0.644922
0.110224 0 0.889776
0.110017 0 0.889983
0.277905 0 0.722095
0.299428 0 0.700572
0.300526 0 0.699474
0.301746 0 0.698254
0.297789 0 0.702211
0.295747 0 0.704253
0.293434 0 0.706566
0.289927 0 0.710073
0.28591 0 0.71409
0.283136 0 0.716864
0.280132 0 0.719868
0.277555 0 0.722445
0.276007 0 0.723993
0.274371 0 0.725629
0.272012 0 0.727988
0.26984 0 0.73016
0.267691 0 0.732309
0.266152 0 0.733848
0.262371 0 0.737629
0.260015 0 0.739985
0.258211 0 0.741789
0.256204 0 0.743796
0.254214 0 0.745786
0.252019 0 0.747981
0.213893 0 0.786107
0.213095 0 0.786905
0.213996 0 0.786004
0.24568 0 0.75432
0.246031 0 0.753968
0.246794 0 0.753206
0.247307 0 0.752693
0.247902 0 0.752098
0.248603 0 0.751397
0.249359 0 0.750641
0.250026 0 0.749974
0.251716 0 0.748284
0.252429 0 0.747571
0.231711 0 0.768289
0.23052 0 0.76948
0.230587 0 0.769413
0.230651 0 0.769349
0.230704 0 0.769296
0.230751 0 0.769249
0.251026 0 0.748974
0.250513 0 0.749487
0.250082 0 0.749918
0.249939 0 0.750061
0.249945 0 0.750055
0.249971 0 0.750029
0.250181 0 0.749819
0.250455 0 0.749545
0.250506 0 0.749494
0.25061 0 0.74939
0.250819 0 0.749181
0.251037 0 0.748963
0.251259 0 0.748741
0.251537 0 0.748463
0.251824 0 0.748176
0.252033 0 0.747967
0.25199 0 0.74801
0.251957 0 0.748043
0.252032 0 0.747968
0.252259 0 0.747741
0.252585 0 0.747415
0.25317 0 0.74683
0.253776 0 0.746224
0.254373 0 0.745627
0.255 0 0.745
0.255728 0 0.744272
0.256353 0 0.743647
0.257091 0 0.742909
0.257787 0 0.742213
0.258518 0 0.741482
0.259268 0 0.740732
0.260038 0 0.739962
0.260819 0 0.739181
0.261582 0 0.738418
0.26236 0 0.73764
0.263154 0 0.736846
0.263956 0 0.736044
0.264782 0 0.735218
0.265645 0 0.734355
0.266583 0 0.733418
0.267705 0 0.732295
0.269037 0 0.730963
0.270418 0 0.729582
0.271822 0 0.728178
0.199932 0 0.800068
0.274724 0 0.725276
0.236578 0 0.763422
0.27774 0 0.72226
0.279291 0 0.720709
0.280866 0 0.719134
0.282685 0 0.717315
0.284984 0 0.715016
0.376422 0 0.623578
0.289022 0 0.710978
0.58772 0 0.41228
0.520911 0 0.479089
0.521134 0 0.478866
0.340369 0 0.659631
0.340573 0 0.659427
0.541381 0 0.458619
0.378775 0 0.621225
0.37845 0 0.62155
0.506615 0 0.493385
0.362092 0 0.637908
0.29259 0 0.70741
0.261707 0 0.738293
0.260605 0 0.739395
0.260752 0 0.739248
0.322483 0 0.677517
0.359094 0 0.640906
0.581325 0 0.418675
0.356007 0 0.643993
0.355138 0 0.644862
0.1102 0 0.8898
0.109992 0 0.890008
0.10919 0 0.89081
0.258173 0 0.741827
0.262642 0 0.737358
0.262964 0 0.737036
0.263457 0 0.736543
0.263976 0 0.736024
0.265518 0 0.734482
0.264708 0 0.735292
0.263243 0 0.736758
0.271501 0 0.728499
0.271879 0 0.728121
0.271155 0 0.728845
0.269813 0 0.730187
0.266726 0 0.733274
0.265287 0 0.734713
0.264461 0 0.735539
0.263256 0 0.736744
0.260593 0 0.739407
0.258534 0 0.741466
0.256769 0 0.743231
0.254958 0 0.745042
0.252834 0 0.747166
0.250315 0 0.749685
0.247485 0 0.752515
0.213917 0 0.786083
0.213131 0 0.786869
0.214031 0 0.785969
0.241316 0 0.758684
0.240592 0 0.759408
0.2399 0 0.7601
0.238826 0 0.761174
0.238091 0 0.761909
0.236682 0 0.763318
0.233602 0 0.766398
0.230688 0 0.769312
0.2293 0 0.7707
0.229038 0 0.770962
0.228884 0 0.771116
0.228827 0 0.771173
0.228732 0 0.771268
0.228531 0 0.771469
0.228345 0 0.771655
0.227857 0 0.772143
0.227341 0 0.772659
0.227709 0 0.772291
0.228113 0 0.771887
0.247486 0 0.752514
0.24797 0 0.75203
0.248283 0 0.751717
0.248501 0 0.751499
0.248733 0 0.751267
0.248921 0 0.751078
0.249119 0 0.750881
0.249325 0 0.750675
0.249622 0 0.750378
0.249926 0 0.750074
0.250201 0 0.749799
0.250458 0 0.749542
0.250343 0 0.749657
0.250059 0 0.749941
0.250072 0 0.749928
0.250157 0 0.749843
0.250312 0 0.749688
0.250525 0 0.749475
0.250966 0 0.749034
0.25154 0 0.74846
0.252116 0 0.747884
0.252722 0 0.747278
0.253395 0 0.746605
0.254078 0 0.745922
0.254767 0 0.745233
0.255456 0 0.744544
0.256151 0 0.743849
0.256862 0 0.743138
0.257578 0 0.742422
0.258308 0 0.741692
0.259054 0 0.740946
0.259813 0 0.740188
0.260588 0 0.739412
0.26138 0 0.73862
0.262197 0 0.737803
0.263039 0 0.736961
0.26392 0 0.73608
0.264871 0 0.735129
0.266057 0 0.733943
0.267349 0 0.732651
0.26873 0 0.73127
0.270131 0 0.729869
0.271553 0 0.728447
0.236615 0 0.763385
0.274496 0 0.725504
0.27601 0 0.72399
0.277553 0 0.722447
0.279116 0 0.720884
0.280706 0 0.719294
0.282337 0 0.717664
0.283998 0 0.716002
0.285692 0 0.714308
0.287507 0 0.712493
0.289188 0 0.710812
0.290959 0 0.709041
0.292783 0 0.707217
0.29543 0 0.70457
0.52115 0 0.47885
0.340564 0 0.659436
0.340726 0 0.659274
0.541464 0 0.458536
0.378787 0 0.621213
0.378462 0 0.621538
0.507211 0 0.492789
0.362186 0 0.637814
0.292628 0 0.707372
0.501564 0 0.498436
0.261731 0 0.738269
0.260628 0 0.739372
0.260789 0 0.739211
0.499358 0 0.500642
0.322513 0 0.677487
0.359064 0 0.640936
0.581378 0 0.418622
0.355991 0 0.644009
0.355202 0 0.644798
0.110177 0 0.889823
0.10997 0 0.89003
0.109168 0 0.890832
0.108974 0 0.891026
0.238131 0 0.761869
0.237715 0 0.762285
0.237604 0 0.762396
0.237771 0 0.762229
0.247563 0 0.752437
0.252295 0 0.747705
0.253371 0 0.746629
0.253218 0 0.746782
0.253221 0 0.746779
0.253617 0 0.746383
0.254046 0 0.745954
0.251706 0 0.748294
0.250999 0 0.749001
0.250773 0 0.749227
0.249489 0 0.750511
0.248319 0 0.751681
0.247202 0 0.752798
0.247926 0 0.752074
0.248347 0 0.751653
0.246544 0 0.753456
0.242617 0 0.757383
0.241006 0 0.758994
0.213943 0 0.786057
0.213168 0 0.786832
0.214069 0 0.785931
0.237229 0 0.762771
0.235203 0 0.764797
0.233213 0 0.766787
0.231239 0 0.768761
0.229369 0 0.770631
0.227483 0 0.772517
0.226331 0 0.773669
0.225933 0 0.774067
0.226298 0 0.773702
0.226723 0 0.773278
0.226957 0 0.773043
0.227018 0 0.772982
0.226551 0 0.773449
0.224079 0 0.775921
0.220168 0 0.779832
0.216753 0 0.783247
0.214495 0 0.785505
0.213245 0 0.786755
0.212633 0 0.787367
0.212306 0 0.787694
0.212263 0 0.787737
0.212341 0 0.787659
0.212605 0 0.787395
0.209417 0 0.790583
0.207295 0 0.792705
0.208271 0 0.791729
0.247765 0 0.752235
0.248139 0 0.751861
0.248434 0 0.751566
0.248883 0 0.751117
0.249138 0 0.750862
0.248914 0 0.751086
0.230796 0 0.769204
0.23005 0 0.76995
0.230228 0 0.769772
0.232383 0 0.767617
0.248588 0 0.751412
0.248952 0 0.751048
0.249364 0 0.750636
0.249812 0 0.750188
0.250337 0 0.749663
0.250967 0 0.749033
0.251611 0 0.748389
0.25227 0 0.74773
0.252964 0 0.747036
0.253674 0 0.746326
0.254395 0 0.745605
0.25511 0 0.74489
0.255839 0 0.744161
0.256578 0 0.743422
0.257318 0 0.742682
0.258078 0 0.741922
0.258857 0 0.741143
0.25966 0 0.74034
0.26048 0 0.73952
0.261344 0 0.738656
0.262239 0 0.737761
0.2632 0 0.7368
0.264347 0 0.735653
0.200649 0 0.799351
0.267067 0 0.732933
0.268457 0 0.731543
0.236659 0 0.763341
0.271331 0 0.728669
0.27281 0 0.72719
0.274317 0 0.725683
0.275852 0 0.724148
0.277416 0 0.722584
0.279 0 0.721
0.280612 0 0.719388
0.282264 0 0.717736
0.283948 0 0.716052
0.285664 0 0.714336
0.287424 0 0.712576
0.289218 0 0.710782
0.291139 0 0.708861
0.292683 0 0.707317
0.294167 0 0.705833
0.295776 0 0.704224
0.298104 0 0.701896
0.301637 0 0.698363
0.541555 0 0.458445
0.378804 0 0.621196
0.378479 0 0.621521
0.0581313 0 0.941869
0.362286 0 0.637714
0.292669 0 0.707331
0.502927 0 0.497073
0.498812 0 0.501188
0.261757 0 0.738243
0.260654 0 0.739346
0.26083 0 0.73917
0.49729 0 0.50271
0.322548 0 0.677452
0.359051 0 0.640949
0.581438 0 0.418562
0.355976 0 0.644024
0.355272 0 0.644728
0.110155 0 0.889845
0.109948 0 0.890051
0.109147 0 0.890853
0.108953 0 0.891047
0.108765 0 0.891235
0.233942 0 0.766058
0.234329 0 0.765671
0.234368 0 0.765632
0.234382 0 0.765618
0.23438 0 0.76562
0.234291 0 0.765709
0.234044 0 0.765956
0.233488 0 0.766512
0.233411 0 0.766589
0.234496 0 0.765504
0.238254 0 0.761746
0.230391 0 0.769609
0.227913 0 0.772087
0.22742 0 0.77258
0.225819 0 0.774181
0.226107 0 0.773893
0.225626 0 0.774374
0.223571 0 0.776429
0.239039 0 0.760961
0.238429 0 0.761571
0.237693 0 0.762307
0.213973 0 0.786027
0.213209 0 0.786791
0.21411 0 0.78589
0.229999 0 0.770001
0.228084 0 0.771916
0.226662 0 0.773338
0.225306 0 0.774694
0.224024 0 0.775976
0.223725 0 0.776275
0.223675 0 0.776325
0.223734 0 0.776266
0.22393 0 0.77607
0.223866 0 0.776134
0.223321 0 0.776679
0.221257 0 0.778743
0.216904 0 0.783096
0.214383 0 0.785617
0.213742 0 0.786258
0.213057 0 0.786943
0.212264 0 0.787736
0.211635 0 0.788365
0.211198 0 0.788802
0.210918 0 0.789082
0.210473 0 0.789527
0.209518 0 0.790482
0.208175 0 0.791825
0.205106 0 0.794894
0.204323 0 0.795677
0.203427 0 0.796573
0.203676 0 0.796324
0.204114 0 0.795886
0.210681 0 0.789319
0.221455 0 0.778545
0.222424 0 0.777576
0.223954 0 0.776046
0.225282 0 0.774718
0.225966 0 0.774034
0.226675 0 0.773325
0.227473 0 0.772527
0.2282 0 0.7718
0.231113 0 0.768887
0.247483 0 0.752517
0.247937 0 0.752063
0.248328 0 0.751672
0.248703 0 0.751297
0.249176 0 0.750824
0.249821 0 0.750179
0.250502 0 0.749498
0.251197 0 0.748803
0.251913 0 0.748087
0.252643 0 0.747357
0.253388 0 0.746612
0.254118 0 0.745882
0.254863 0 0.745137
0.255617 0 0.744383
0.256379 0 0.743621
0.257172 0 0.742828
0.257985 0 0.742015
0.258833 0 0.741167
0.259698 0 0.740302
0.26058 0 0.73942
0.261626 0 0.738374
0.201157 0 0.798843
0.264078 0 0.735922
0.265447 0 0.734553
0.236712 0 0.763288
0.268246 0 0.731754
0.269687 0 0.730313
0.271159 0 0.728841
0.272658 0 0.727342
0.274186 0 0.725814
0.275737 0 0.724263
0.277309 0 0.722691
0.278919 0 0.721081
0.280571 0 0.719429
0.28226 0 0.71774
0.28404 0 0.71596
0.285841 0 0.714159
0.287722 0 0.712278
0.289255 0 0.710745
0.290554 0 0.709446
0.291912 0 0.708088
0.293429 0 0.706571
0.295115 0 0.704885
0.296855 0 0.703145
0.299236 0 0.700764
0.30225 0 0.69775
0.305733 0 0.694267
0.309323 0 0.690677
0.545731 0 0.454269
0.552238 0 0.447762
0.558842 0 0.441158
0.565544 0 0.434456
0.378826 0 0.621174
0.3785 0 0.6215
0.0580582 0 0.941942
0.0579501 0 0.94205
0.0578448 0 0.942155
0.0577431 0 0.942257
0.0582794 0 0.941721
0.481477 0 0.518523
0.292714 0 0.707286
0.500168 0 0.499832
0.496098 0 0.503902
0.261787 0 0.738213
0.260684 0 0.739316
0.260873 0 0.739127
0.495243 0 0.504758
0.322586 0 0.677414
0.501105 0 0.498895
0.359056 0 0.640944
0.581505 0 0.418495
0.355968 0 0.644032
0.355345 0 0.644655
0.110135 0 0.889865
0.109929 0 0.890072
0.109228 0 0.890772
0.109034 0 0.890966
0.108846 0 0.891154
0.109162 0 0.890838
0.207926 0 0.792074
0.207765 0 0.792235
0.207965 0 0.792035
0.208574 0 0.791426
0.209028 0 0.790972
0.209485 0 0.790515
0.209696 0 0.790304
0.209682 0 0.790318
0.209701 0 0.790299
0.209784 0 0.790216
0.209564 0 0.790436
0.210018 0 0.789982
0.210591 0 0.789409
0.211743 0 0.788257
0.207674 0 0.792326
0.203351 0 0.796649
0.20379 0 0.79621
0.206843 0 0.793157
0.206745 0 0.793255
0.20677 0 0.79323
0.207347 0 0.792653
0.213251 0 0.786749
0.214153 0 0.785847
0.215755 0 0.784245
0.21832 0 0.78168
0.218778 0 0.781222
0.218809 0 0.781191
0.218022 0 0.781978
0.216628 0 0.783373
0.214539 0 0.785461
0.214017 0 0.785983
0.213751 0 0.786249
0.213877 0 0.786123
0.213411 0 0.786589
0.21099 0 0.78901
0.211184 0 0.788816
0.211969 0 0.788031
0.212076 0 0.787924
0.211345 0 0.788655
0.210694 0 0.789306
0.210272 0 0.789728
0.209891 0 0.790109
0.209269 0 0.790731
0.208468 0 0.791532
0.206514 0 0.793486
0.203683 0 0.796317
0.202666 0 0.797334
0.20194 0 0.79806
0.201081 0 0.798919
0.200535 0 0.799465
0.199629 0 0.800371
0.198567 0 0.801433
0.197528 0 0.802472
0.196763 0 0.803237
0.19655 0 0.80345
0.21027 0 0.78973
0.216228 0 0.783772
0.216174 0 0.783826
0.216417 0 0.783583
0.216744 0 0.783256
0.218291 0 0.781709
0.226998 0 0.773002
0.246091 0 0.753909
0.246356 0 0.753644
0.246663 0 0.753337
0.247074 0 0.752926
0.247564 0 0.752436
0.248125 0 0.751875
0.248759 0 0.75124
0.249461 0 0.750539
0.250177 0 0.749823
0.250907 0 0.749093
0.251659 0 0.748341
0.25242 0 0.74758
0.253185 0 0.746814
0.25394 0 0.74606
0.254734 0 0.745266
0.255543 0 0.744457
0.256371 0 0.743629
0.204489 0 0.795511
0.258077 0 0.741923
0.258985 0 0.741015
0.259921 0 0.740079
0.261154 0 0.738846
0.262492 0 0.737508
0.236773 0 0.763227
0.265239 0 0.734761
0.26664 0 0.73336
0.268075 0 0.731925
0.269541 0 0.730459
0.271033 0 0.728967
0.272553 0 0.727447
0.2741 0 0.7259
0.275679 0 0.724321
0.277301 0 0.7227
0.279024 0 0.720976
0.280797 0 0.719203
0.282622 0 0.717378
0.284365 0 0.715635
0.285858 0 0.714142
0.287099 0 0.712901
0.288349 0 0.71165
0.289697 0 0.710303
0.291175 0 0.708825
0.29281 0 0.70719
0.294507 0 0.705493
0.296269 0 0.703731
0.298263 0 0.701737
0.300495 0 0.699505
0.303438 0 0.696563
0.306889 0 0.693111
0.31053 0 0.68947
0.314318 0 0.685682
0.318153 0 0.681847
0.378527 0 0.621473
0.05802 0 0.94198
0.0579118 0 0.942088
0.0578069 0 0.942193
0.0577051 0 0.942295
0.0581825 0 0.941817
0.500843 0 0.499157
0.482011 0 0.517989
0.292762 0 0.707238
0.515642 0 0.484358
0.520658 0 0.479342
0.525709 0 0.474291
0.497445 0 0.502555
0.493419 0 0.506581
0.261819 0 0.738181
0.260717 0 0.739283
0.26092 0 0.73908
0.493218 0 0.506782
0.322628 0 0.677372
0.499031 0 0.500969
0.573194 0 0.426806
0.578658 0 0.421342
0.584291 0 0.415709
0.589848 0 0.410152
0.359079 0 0.640921
0.58158 0 0.41842
0.355967 0 0.644032
0.355421 0 0.644579
0.110117 0 0.889883
0.10991 0 0.89009
0.109589 0 0.890411
0.109394 0 0.890606
0.109204 0 0.890796
0.109143 0 0.890857
0.108967 0 0.891033
 ] }
}
