# Real Time: 1235.09
# Simulation Time: 49.71
# Radar Position: 915.535 -407.451 0.513758
# Radar Quat: 0.00786559 -0.00548833 0.86108 0.50838
PointSet {
 coord Coordinate { point [
905.11 -418.08 0.992927
906.183 -417.119 0.945461
907.068 -416.325 0.906325
907.194 -416.317 0.902193
911.022 -412.305 0.725035
911.211 -412.168 0.717151
911.245 -412.197 0.716464
911.28 -412.227 0.715783
911.315 -412.256 0.71511
911.349 -412.285 0.714443
911.384 -412.314 0.713782
911.418 -412.343 0.713129
911.453 -412.373 0.712482
911.487 -412.402 0.711841
911.522 -412.431 0.711207
911.556 -412.46 0.710579
911.591 -412.489 0.709958
911.626 -412.519 0.709343
911.648 -412.564 0.709333
911.559 -412.759 0.714981
911.673 -412.684 0.710413
911.767 -412.631 0.70678
911.802 -412.661 0.706196
911.837 -412.69 0.705618
911.872 -412.72 0.705046
911.906 -412.749 0.70448
911.941 -412.778 0.70392
911.976 -412.808 0.703365
912.011 -412.838 0.702817
912.046 -412.867 0.702274
912.081 -412.897 0.701737
912.117 -412.927 0.701205
912.152 -412.956 0.700679
912.187 -412.986 0.700159
912.102 -413.218 0.706361
913.976 -410.729 0.612794
905.099 -418.091 0.941068
906.174 -417.127 0.898547
907.06 -416.333 0.86349
907.193 -416.317 0.859379
911.022 -412.305 0.701589
911.211 -412.168 0.694504
911.245 -412.197 0.693822
911.28 -412.226 0.693145
911.315 -412.255 0.692475
911.349 -412.285 0.69181
911.384 -412.314 0.691151
911.418 -412.343 0.690497
911.453 -412.372 0.689849
911.487 -412.401 0.689207
911.522 -412.431 0.688569
911.556 -412.46 0.687937
911.591 -412.489 0.68731
911.625 -412.518 0.686689
911.648 -412.564 0.686614
911.559 -412.758 0.691518
911.711 -412.631 0.685696
911.767 -412.631 0.684107
911.802 -412.66 0.683511
911.837 -412.69 0.68292
911.872 -412.719 0.682334
911.906 -412.748 0.681752
911.941 -412.778 0.681175
911.976 -412.807 0.680603
912.011 -412.837 0.680035
912.046 -412.867 0.679473
912.081 -412.896 0.678914
912.117 -412.926 0.67836
912.152 -412.956 0.677811
912.187 -412.986 0.677265
912.206 -413.044 0.677556
913.976 -410.728 0.599802
905.087 -418.101 0.88911
906.165 -417.135 0.85155
907.053 -416.34 0.820589
907.193 -416.316 0.816577
911.022 -412.304 0.67815
911.211 -412.167 0.671863
911.245 -412.196 0.671187
911.28 -412.226 0.670515
911.315 -412.255 0.669848
911.349 -412.284 0.669186
911.384 -412.313 0.668527
911.418 -412.342 0.667874
911.453 -412.372 0.667225
911.487 -412.401 0.66658
911.522 -412.43 0.665939
911.556 -412.459 0.665303
911.591 -412.488 0.664671
911.625 -412.518 0.664042
911.648 -412.563 0.663901
911.559 -412.758 0.668063
911.711 -412.631 0.662903
911.767 -412.63 0.661442
911.802 -412.66 0.660834
911.837 -412.689 0.66023
911.871 -412.718 0.659629
911.906 -412.748 0.659032
911.941 -412.777 0.658439
911.976 -412.807 0.657849
912.011 -412.836 0.657262
912.046 -412.866 0.656679
912.081 -412.896 0.656099
912.116 -412.926 0.655523
912.152 -412.955 0.65495
912.187 -412.985 0.65438
912.205 -413.044 0.654539
913.977 -410.727 0.586821
905.076 -418.111 0.837064
906.155 -417.144 0.804477
907.052 -416.34 0.777415
907.192 -416.316 0.773782
911.022 -412.304 0.654717
911.211 -412.167 0.649229
911.245 -412.196 0.648558
911.28 -412.225 0.64789
911.315 -412.254 0.647227
911.349 -412.284 0.646567
911.384 -412.313 0.64591
911.418 -412.342 0.645256
911.453 -412.371 0.644606
911.487 -412.4 0.643959
911.522 -412.429 0.643315
911.556 -412.459 0.642674
911.591 -412.488 0.642036
911.625 -412.517 0.641402
911.647 -412.563 0.641189
911.559 -412.757 0.644613
911.711 -412.63 0.640119
911.767 -412.63 0.638783
911.802 -412.659 0.638163
911.837 -412.688 0.637546
911.871 -412.718 0.63693
911.906 -412.747 0.636318
911.941 -412.777 0.635708
911.976 -412.806 0.6351
912.011 -412.836 0.634494
912.046 -412.866 0.633891
912.081 -412.895 0.633291
912.116 -412.925 0.632692
912.152 -412.955 0.632095
912.187 -412.985 0.631501
912.205 -413.044 0.631525
913.977 -410.726 0.57385
905.065 -418.121 0.784912
906.146 -417.152 0.757327
907.037 -416.354 0.734592
907.192 -416.315 0.730995
911.149 -412.166 0.627979
911.211 -412.166 0.626601
911.245 -412.195 0.625935
911.28 -412.225 0.625272
911.314 -412.254 0.624612
911.36 -412.27 0.623658
911.394 -412.3 0.623022
911.428 -412.33 0.622387
911.462 -412.36 0.621755
911.495 -412.39 0.621125
911.529 -412.42 0.620496
911.556 -412.458 0.620052
911.591 -412.487 0.619409
911.625 -412.517 0.618767
911.647 -412.563 0.618481
911.559 -412.757 0.621171
911.711 -412.629 0.617344
911.767 -412.629 0.616131
911.802 -412.659 0.615499
911.837 -412.688 0.614868
911.871 -412.717 0.614238
911.912 -412.739 0.613459
911.946 -412.769 0.61285
911.98 -412.8 0.612242
912.014 -412.83 0.611636
912.049 -412.861 0.61103
912.083 -412.891 0.610425
912.116 -412.924 0.609867
912.151 -412.954 0.609247
912.187 -412.984 0.608628
912.205 -413.044 0.608514
913.382 -411.514 0.576891
913.977 -410.725 0.560893
905.054 -418.132 0.732663
906.137 -417.161 0.710093
907.03 -416.361 0.691496
907.192 -416.315 0.688216
911.149 -412.165 0.605203
911.211 -412.166 0.603979
911.245 -412.195 0.603319
911.28 -412.224 0.60266
911.314 -412.253 0.602003
911.375 -412.252 0.600791
911.409 -412.282 0.600155
911.443 -412.311 0.599519
911.476 -412.341 0.598884
911.51 -412.371 0.59825
911.544 -412.401 0.597617
911.556 -412.458 0.597436
911.591 -412.487 0.596787
911.625 -412.516 0.596139
911.647 -412.563 0.595776
911.559 -412.756 0.597735
911.711 -412.628 0.594578
911.767 -412.629 0.593485
911.802 -412.658 0.59284
911.836 -412.687 0.592196
911.871 -412.717 0.591552
911.925 -412.719 0.590506
911.959 -412.749 0.589879
911.993 -412.779 0.589251
912.027 -412.81 0.588624
912.062 -412.84 0.587996
912.096 -412.87 0.587368
912.116 -412.924 0.587049
912.151 -412.954 0.586405
912.187 -412.983 0.585761
912.204 -413.043 0.585507
913.383 -411.512 0.560542
913.977 -410.724 0.547943
905.043 -418.141 0.68031
906.128 -417.169 0.662775
907.023 -416.368 0.648327
907.191 -416.314 0.645441
911.15 -412.165 0.582435
911.211 -412.165 0.58136
911.245 -412.194 0.580706
911.28 -412.224 0.580052
911.314 -412.253 0.579398
911.387 -412.238 0.578143
911.421 -412.267 0.577495
911.456 -412.296 0.576848
911.49 -412.324 0.5762
911.524 -412.353 0.575553
911.558 -412.382 0.574906
911.556 -412.457 0.574824
911.591 -412.486 0.574169
911.625 -412.516 0.573515
911.646 -412.563 0.573071
911.559 -412.756 0.574303
911.712 -412.627 0.571819
911.767 -412.628 0.570842
911.802 -412.658 0.570186
911.836 -412.687 0.569528
911.871 -412.716 0.56887
911.938 -412.699 0.567723
911.972 -412.729 0.567077
912.006 -412.759 0.566431
912.04 -412.789 0.565783
912.074 -412.82 0.565134
912.109 -412.85 0.564483
912.116 -412.923 0.564234
912.151 -412.953 0.563567
912.187 -412.983 0.562899
912.204 -413.043 0.5625
913.382 -411.513 0.544221
913.978 -410.723 0.535001
903.685 -419.359 0.643321
905.033 -418.151 0.627853
906.12 -417.177 0.615372
907.015 -416.374 0.605087
907.191 -416.314 0.602668
911.15 -412.164 0.559673
911.211 -412.165 0.558745
911.245 -412.194 0.558097
911.28 -412.223 0.557447
911.314 -412.252 0.556797
911.387 -412.237 0.555748
911.421 -412.266 0.555102
911.456 -412.295 0.554454
911.49 -412.324 0.553806
911.524 -412.353 0.553156
911.558 -412.382 0.552505
911.556 -412.457 0.552215
911.591 -412.486 0.551555
911.625 -412.515 0.550894
911.646 -412.563 0.550367
911.559 -412.755 0.550874
911.712 -412.626 0.549066
911.767 -412.628 0.548203
911.802 -412.657 0.547534
911.836 -412.686 0.546864
911.871 -412.716 0.546191
911.939 -412.697 0.545216
911.974 -412.726 0.544545
912.008 -412.755 0.543873
912.043 -412.784 0.543198
912.078 -412.814 0.542521
912.112 -412.843 0.541841
912.116 -412.923 0.541423
912.151 -412.952 0.540733
912.187 -412.982 0.54004
912.204 -413.043 0.539493
913.381 -411.515 0.527892
913.978 -410.722 0.522064
903.672 -419.371 0.584476
905.022 -418.161 0.575295
906.111 -417.185 0.567886
907.008 -416.381 0.561779
907.191 -416.313 0.559895
911.151 -412.163 0.536918
911.211 -412.164 0.536133
911.245 -412.193 0.53549
911.28 -412.223 0.534845
911.314 -412.252 0.534198
911.387 -412.237 0.533355
911.421 -412.266 0.53271
911.456 -412.295 0.532063
911.49 -412.323 0.531413
911.524 -412.352 0.530761
911.558 -412.381 0.530107
911.556 -412.456 0.529608
911.591 -412.485 0.528943
911.625 -412.515 0.528275
911.646 -412.563 0.527661
911.559 -412.754 0.527448
911.712 -412.625 0.526319
911.767 -412.627 0.525566
911.802 -412.656 0.524885
911.836 -412.686 0.524202
911.871 -412.715 0.523515
911.939 -412.696 0.522728
911.974 -412.725 0.522041
912.008 -412.755 0.521351
912.043 -412.784 0.520658
912.078 -412.813 0.519961
912.112 -412.843 0.51926
912.116 -412.922 0.518615
912.151 -412.952 0.517901
912.186 -412.982 0.517183
912.203 -413.043 0.516485
913.379 -411.517 0.511551
913.978 -410.721 0.509134
903.659 -419.383 0.525508
905.012 -418.171 0.52264
906.103 -417.193 0.520321
907.001 -416.388 0.518404
907.19 -416.313 0.517125
911.151 -412.162 0.514169
911.211 -412.164 0.513523
911.245 -412.193 0.512886
911.28 -412.222 0.512245
911.314 -412.251 0.511602
911.387 -412.236 0.510966
911.421 -412.265 0.510322
911.456 -412.294 0.509674
911.49 -412.323 0.509024
911.524 -412.352 0.50837
911.558 -412.381 0.507712
911.556 -412.456 0.507005
911.591 -412.485 0.506334
911.625 -412.514 0.50566
911.645 -412.562 0.504955
911.559 -412.754 0.504025
911.712 -412.624 0.503577
911.767 -412.627 0.502933
911.802 -412.656 0.50224
911.836 -412.685 0.501543
911.871 -412.715 0.500841
911.939 -412.696 0.500244
911.974 -412.725 0.499541
912.008 -412.754 0.498833
912.043 -412.783 0.498121
912.077 -412.813 0.497404
912.112 -412.842 0.496683
912.116 -412.922 0.495809
912.151 -412.951 0.495072
912.186 -412.981 0.494329
912.203 -413.043 0.493477
913.978 -410.72 0.496209
903.646 -419.395 0.466417
905.001 -418.181 0.469885
906.094 -417.201 0.472673
906.994 -416.394 0.474961
907.19 -416.312 0.474356
911.151 -412.161 0.491427
911.211 -412.163 0.490916
911.245 -412.192 0.490284
911.28 -412.222 0.489648
911.314 -412.251 0.489008
911.387 -412.236 0.488579
911.421 -412.265 0.487936
911.456 -412.294 0.487289
911.49 -412.322 0.486637
911.524 -412.351 0.485981
911.558 -412.38 0.48532
911.556 -412.455 0.484404
911.591 -412.484 0.483728
911.625 -412.513 0.483047
911.645 -412.562 0.482248
911.559 -412.753 0.480605
911.712 -412.624 0.480842
911.767 -412.626 0.480302
911.802 -412.655 0.479596
911.836 -412.685 0.478886
911.871 -412.714 0.478171
911.939 -412.695 0.477763
911.973 -412.724 0.477043
912.008 -412.754 0.476317
912.043 -412.783 0.475587
912.077 -412.812 0.47485
912.112 -412.842 0.474108
912.116 -412.921 0.473006
912.151 -412.951 0.472245
912.186 -412.981 0.471478
912.202 -413.043 0.470468
913.978 -410.72 0.48329
903.632 -419.408 0.407196
904.99 -418.19 0.417027
906.085 -417.209 0.424942
906.986 -416.401 0.431447
907.19 -416.312 0.431587
911.152 -412.16 0.468691
911.211 -412.163 0.468312
911.245 -412.192 0.467685
911.28 -412.221 0.467053
911.314 -412.25 0.466417
911.387 -412.235 0.466194
911.421 -412.264 0.465552
911.456 -412.293 0.464905
911.49 -412.322 0.464252
911.524 -412.351 0.463594
911.558 -412.38 0.46293
911.556 -412.455 0.461805
911.591 -412.484 0.461123
911.625 -412.513 0.460436
911.645 -412.562 0.45954
911.559 -412.753 0.457187
911.713 -412.623 0.458111
911.767 -412.626 0.457673
911.801 -412.655 0.456955
911.836 -412.684 0.456232
911.871 -412.714 0.455502
911.939 -412.695 0.455283
911.973 -412.724 0.454547
912.008 -412.753 0.453804
912.043 -412.782 0.453054
912.077 -412.812 0.452298
912.112 -412.841 0.451535
912.116 -412.92 0.450205
912.151 -412.95 0.449421
912.186 -412.98 0.44863
912.202 -413.043 0.447458
913.979 -410.719 0.470377
911.818 -466.881 -0.557244
903.619 -419.42 0.347847
904.98 -418.2 0.364067
906.076 -417.217 0.377126
906.979 -416.408 0.387863
907.189 -416.311 0.388817
911.152 -412.159 0.445961
911.211 -412.162 0.445708
911.245 -412.192 0.445087
911.28 -412.221 0.44446
911.314 -412.25 0.443826
911.387 -412.235 0.44381
911.421 -412.264 0.443169
911.456 -412.293 0.442522
911.49 -412.321 0.441868
911.524 -412.35 0.441208
911.558 -412.379 0.440541
911.556 -412.454 0.439207
911.59 -412.483 0.43852
911.625 -412.512 0.437826
911.644 -412.562 0.43683
911.558 -412.752 0.43377
911.713 -412.622 0.435385
911.767 -412.625 0.435045
911.801 -412.654 0.434316
911.836 -412.684 0.433579
911.871 -412.713 0.432835
911.939 -412.694 0.432805
911.973 -412.723 0.432052
912.008 -412.753 0.431292
912.043 -412.782 0.430524
912.077 -412.811 0.429747
912.112 -412.841 0.428963
912.116 -412.92 0.427406
912.151 -412.95 0.426598
912.186 -412.979 0.425782
912.202 -413.042 0.424446
913.979 -410.718 0.457469
903.115 -465.921 -0.615754
903.625 -465.52 -0.613648
904.122 -465.142 -0.611971
904.619 -464.732 -0.609644
905.101 -464.359 -0.608004
905.578 -463.989 -0.606376
906.053 -463.587 -0.60411
906.515 -463.222 -0.602522
906.974 -462.842 -0.600626
907.425 -462.465 -0.598736
907.868 -462.106 -0.597194
908.31 -461.718 -0.59502
908.74 -461.364 -0.593509
909.165 -461.012 -0.592023
909.587 -460.633 -0.58993
910 -460.284 -0.588432
910.407 -459.939 -0.586988
910.811 -459.565 -0.584914
911.207 -459.225 -0.583501
911.597 -458.886 -0.582098
911.984 -458.528 -0.580252
912.373 -458.047 -0.575727
912.741 -457.824 -0.576722
903.606 -419.432 0.288372
904.969 -418.21 0.311007
906.068 -417.225 0.329226
906.972 -416.415 0.344208
907.189 -416.311 0.346044
910.999 -412.324 0.420159
911.211 -412.162 0.423105
911.245 -412.191 0.42249
911.28 -412.22 0.421867
911.314 -412.249 0.421237
911.387 -412.234 0.421427
911.421 -412.263 0.420788
911.456 -412.292 0.420141
911.49 -412.321 0.419486
911.524 -412.35 0.418823
911.558 -412.379 0.418153
911.556 -412.454 0.416611
911.59 -412.483 0.415918
911.625 -412.512 0.415218
911.644 -412.562 0.414116
911.547 -412.767 0.410073
911.635 -412.727 0.410646
911.767 -412.625 0.412418
911.801 -412.654 0.411677
911.836 -412.683 0.410927
911.871 -412.713 0.410168
911.939 -412.694 0.410328
911.973 -412.723 0.409558
912.008 -412.752 0.40878
912.043 -412.781 0.407994
912.077 -412.811 0.407197
912.112 -412.84 0.406392
912.116 -412.919 0.404608
912.151 -412.949 0.403776
912.186 -412.979 0.402936
912.201 -413.042 0.401431
913.979 -410.717 0.444565
892.371 -462.539 -0.630125
892.917 -462.311 -0.629081
893.476 -462.033 -0.627022
894.019 -461.78 -0.6255
894.556 -461.526 -0.62398
895.098 -461.241 -0.621806
895.621 -460.988 -0.620317
896.138 -460.735 -0.61884
896.66 -460.451 -0.616702
897.165 -460.198 -0.615251
897.663 -459.946 -0.613809
898.165 -459.665 -0.611774
898.653 -459.41 -0.610297
899.134 -459.158 -0.608886
899.613 -458.892 -0.607195
900.087 -458.624 -0.605446
900.551 -458.372 -0.604074
901.009 -458.12 -0.602683
901.47 -457.841 -0.600704
901.972 -457.389 -0.594917
902.424 -457.093 -0.59255
902.868 -456.809 -0.590441
903.312 -456.502 -0.587818
903.747 -456.206 -0.585435
904.173 -455.927 -0.583441
904.599 -455.624 -0.580881
905.019 -455.321 -0.578326
905.432 -455.025 -0.575911
905.835 -454.755 -0.574083
906.239 -454.455 -0.571581
906.676 -453.951 -0.564326
907.067 -453.656 -0.561882
907.448 -453.386 -0.560007
907.827 -453.102 -0.557818
908.202 -452.812 -0.555462
908.567 -452.553 -0.553819
908.933 -452.263 -0.551447
909.289 -452.008 -0.549875
909.644 -451.721 -0.547544
909.995 -451.435 -0.545222
910.338 -451.183 -0.543699
910.68 -450.899 -0.541407
911.012 -450.662 -0.540251
911.339 -450.436 -0.539342
911.66 -450.251 -0.539421
911.968 -450.173 -0.542183
912.272 -450.123 -0.545623
912.579 -450.021 -0.547843
912.891 -449.814 -0.547427
913.203 -449.56 -0.545858
913.51 -449.331 -0.544915
903.593 -419.444 0.228767
904.959 -418.219 0.257839
906.059 -417.233 0.281241
906.965 -416.421 0.300482
907.189 -416.31 0.303268
910.95 -412.376 0.395396
911.211 -412.161 0.400503
911.245 -412.191 0.399893
911.28 -412.22 0.399275
911.314 -412.249 0.398648
911.385 -412.236 0.398997
911.42 -412.264 0.398376
911.455 -412.292 0.397747
911.49 -412.321 0.397103
911.524 -412.349 0.396439
911.558 -412.378 0.395765
911.556 -412.453 0.394014
911.59 -412.482 0.393316
911.625 -412.511 0.392609
911.497 -412.755 0.386892
911.533 -412.785 0.386154
911.57 -412.815 0.385406
911.767 -412.624 0.389791
911.801 -412.653 0.389038
911.836 -412.683 0.388275
911.871 -412.712 0.387502
911.939 -412.693 0.387851
911.973 -412.722 0.387065
912.008 -412.751 0.386269
912.042 -412.781 0.385464
912.077 -412.81 0.384648
912.112 -412.839 0.383822
912.115 -412.919 0.381809
912.151 -412.949 0.380955
912.186 -412.978 0.380089
912.086 -413.235 0.373865
887.551 -455.113 -0.617114
888.122 -454.898 -0.613589
888.685 -454.682 -0.610097
889.241 -454.466 -0.606647
889.791 -454.248 -0.603201
890.319 -454.058 -0.600446
890.821 -453.903 -0.598591
913.871 -410.644 0.434126
913.896 -410.652 0.433793
892.298 -453.427 -0.593015
892.78 -453.265 -0.59115
893.252 -453.114 -0.589613
913.979 -410.716 0.431666
894.184 -452.801 -0.586368
894.649 -452.632 -0.584503
895.108 -452.462 -0.582643
895.562 -452.293 -0.580855
896.005 -452.136 -0.579403
896.447 -451.971 -0.577778
896.89 -451.79 -0.575792
897.324 -451.621 -0.57413
897.756 -451.443 -0.572274
898.184 -451.263 -0.570416
898.607 -451.085 -0.568615
899.019 -450.92 -0.567193
899.445 -450.711 -0.564668
899.991 -450.155 -0.553547
900.393 -449.973 -0.551756
900.78 -449.82 -0.550688
901.175 -449.635 -0.548868
901.562 -449.459 -0.547265
901.941 -449.295 -0.54602
902.323 -449.108 -0.544209
902.691 -448.953 -0.543228
903.051 -448.81 -0.542571
903.409 -448.664 -0.541875
903.77 -448.497 -0.540648
904.122 -448.348 -0.539911
904.469 -448.2 -0.539229
904.816 -448.043 -0.538345
905.16 -447.886 -0.537457
905.5 -447.73 -0.536652
905.834 -447.581 -0.536018
906.165 -447.435 -0.535494
906.474 -447.372 -0.537165
906.773 -447.346 -0.539857
907.07 -447.322 -0.542642
907.371 -447.276 -0.544871
907.683 -447.165 -0.545415
908.005 -446.987 -0.544205
908.324 -446.809 -0.542998
908.636 -446.649 -0.542275
908.95 -446.466 -0.540975
909.259 -446.286 -0.539767
909.562 -446.125 -0.539073
909.866 -445.941 -0.537782
910.165 -445.773 -0.536913
910.461 -445.599 -0.535913
910.756 -445.415 -0.534639
911.048 -445.231 -0.533372
911.336 -445.05 -0.532207
911.625 -444.834 -0.530073
911.91 -444.622 -0.528054
912.19 -444.422 -0.526361
912.468 -444.222 -0.524678
912.743 -444.015 -0.522805
913.015 -443.796 -0.520606
913.283 -443.596 -0.518925
913.548 -443.397 -0.517267
913.81 -443.198 -0.515619
914.07 -442.982 -0.513499
871.995 -448.283 -0.664688
872.531 -448.349 -0.663392
873.082 -448.394 -0.66164
873.62 -448.444 -0.660161
874.174 -448.471 -0.658153
903.58 -419.456 0.169037
904.948 -418.229 0.204569
906.051 -417.241 0.233168
906.958 -416.427 0.256694
907.188 -416.31 0.260488
910.95 -412.376 0.371624
910.986 -412.407 0.370999
911.245 -412.19 0.377296
911.28 -412.219 0.376682
911.314 -412.248 0.376059
911.371 -412.252 0.37613
911.406 -412.281 0.375511
911.441 -412.309 0.374883
911.476 -412.337 0.374245
911.51 -412.365 0.373596
911.545 -412.394 0.372938
911.556 -412.453 0.371417
911.59 -412.482 0.370714
911.625 -412.511 0.370001
911.458 -412.805 0.361932
911.495 -412.836 0.36116
911.531 -412.867 0.360377
911.687 -412.733 0.364131
911.801 -412.653 0.366399
911.836 -412.682 0.365623
911.871 -412.711 0.364835
911.928 -412.708 0.364933
911.963 -412.737 0.364148
911.998 -412.766 0.363352
912.033 -412.794 0.362545
912.068 -412.823 0.361726
912.104 -412.852 0.360896
912.115 -412.918 0.359011
912.151 -412.948 0.358133
912.186 -412.978 0.357243
912.074 -413.255 0.349498
892.798 -446.174 -0.562752
893.239 -446.038 -0.559625
893.675 -445.901 -0.55654
894.106 -445.764 -0.553491
894.532 -445.626 -0.550486
894.951 -445.492 -0.547636
895.352 -445.382 -0.545512
895.723 -445.321 -0.544805
913.892 -410.659 0.420745
896.466 -445.177 -0.542933
896.851 -445.067 -0.541018
897.25 -444.919 -0.538093
913.979 -410.715 0.418771
897.992 -444.712 -0.534876
898.338 -444.649 -0.534475
898.683 -444.584 -0.534042
899.03 -444.505 -0.533309
899.37 -444.435 -0.532837
899.707 -444.366 -0.532457
900.045 -444.288 -0.531878
900.358 -444.262 -0.53281
900.664 -444.248 -0.534127
900.958 -444.26 -0.536216
901.251 -444.271 -0.53834
901.547 -444.269 -0.540152
901.844 -444.26 -0.541826
902.15 -444.222 -0.54271
902.473 -444.131 -0.542098
902.799 -444.023 -0.541059
903.118 -443.927 -0.540391
903.435 -443.827 -0.539674
903.758 -443.702 -0.538238
904.08 -443.568 -0.536591
904.398 -443.438 -0.535068
904.711 -443.313 -0.533751
905.021 -443.187 -0.532425
905.332 -443.049 -0.530791
905.64 -442.91 -0.529125
905.948 -442.758 -0.527151
906.254 -442.603 -0.52507
906.557 -442.446 -0.522985
906.849 -442.319 -0.521786
907.133 -442.217 -0.521367
907.406 -442.149 -0.521984
907.677 -442.078 -0.522555
907.948 -442.006 -0.523135
908.217 -441.928 -0.523568
908.487 -441.84 -0.523728
908.755 -441.751 -0.523895
909.021 -441.662 -0.524081
909.285 -441.574 -0.524363
909.547 -441.487 -0.524663
909.806 -441.403 -0.525094
910.065 -441.309 -0.525276
910.323 -441.211 -0.525345
910.58 -441.113 -0.525424
910.834 -441.015 -0.525555
911.086 -440.92 -0.525802
911.336 -440.824 -0.526056
911.585 -440.727 -0.526298
911.832 -440.625 -0.526408
912.078 -440.523 -0.526527
912.321 -440.42 -0.52668
912.563 -440.322 -0.526972
912.803 -440.223 -0.527272
913.042 -440.122 -0.527568
913.279 -440.017 -0.527721
913.515 -439.911 -0.527878
913.749 -439.806 -0.528076
913.98 -439.713 -0.528708
914.211 -439.605 -0.528888
914.44 -439.497 -0.529072
865.503 -434.441 -0.637559
865.885 -434.685 -0.637027
866.236 -434.942 -0.637235
866.416 -435.293 -0.641501
866.639 -435.62 -0.644872
866.942 -435.9 -0.646413
867.361 -436.108 -0.645204
867.772 -436.317 -0.644244
868.163 -436.534 -0.643751
868.544 -436.754 -0.643539
868.95 -436.955 -0.642755
869.335 -437.166 -0.642497
869.891 -437.26 -0.637939
870.417 -437.368 -0.6341
870.816 -437.555 -0.633474
871.232 -437.727 -0.63243
871.641 -437.9 -0.631554
872.041 -438.075 -0.630939
872.468 -438.226 -0.629588
872.875 -438.388 -0.628787
873.293 -438.537 -0.627684
873.697 -438.692 -0.626936
874.104 -438.842 -0.62611
874.522 -438.979 -0.625
874.936 -439.114 -0.623961
875.352 -439.243 -0.622861
875.769 -439.368 -0.621742
876.185 -439.489 -0.620607
876.601 -439.605 -0.619453
877.017 -439.716 -0.618287
877.433 -439.824 -0.617103
877.848 -439.927 -0.615905
878.255 -440.033 -0.614937
878.659 -440.137 -0.614016
879.072 -440.229 -0.612814
879.48 -440.32 -0.611734
879.893 -440.403 -0.610464
880.305 -440.482 -0.609184
880.694 -440.578 -0.608616
881.103 -440.65 -0.607352
881.511 -440.719 -0.606107
881.898 -440.802 -0.605467
882.306 -440.862 -0.604131
904.938 -418.239 0.151183
906.042 -417.249 0.185003
907.015 -416.367 0.215053
907.188 -416.309 0.217703
910.95 -412.375 0.347852
910.986 -412.406 0.347234
911.245 -412.19 0.354698
911.28 -412.219 0.354089
911.314 -412.248 0.353469
911.356 -412.269 0.3531
911.391 -412.297 0.352484
911.426 -412.326 0.351857
911.461 -412.354 0.351219
911.496 -412.382 0.35057
911.531 -412.411 0.34991
911.556 -412.452 0.34882
911.59 -412.481 0.348111
911.422 -412.774 0.338922
911.458 -412.805 0.338153
911.494 -412.836 0.337371
911.531 -412.866 0.336577
911.567 -412.897 0.335772
911.801 -412.652 0.34376
911.836 -412.682 0.34297
911.871 -412.711 0.342168
911.915 -412.727 0.341788
911.95 -412.755 0.340986
911.985 -412.784 0.340173
912.021 -412.813 0.339346
912.056 -412.842 0.338507
912.091 -412.871 0.337656
912.115 -412.918 0.336212
912.151 -412.947 0.335311
912.008 -413.27 0.3251
912.046 -413.301 0.324124
895.903 -440.881 -0.551807
896.263 -440.801 -0.54927
896.618 -440.721 -0.546811
896.979 -440.624 -0.543863
897.323 -440.55 -0.54172
897.648 -440.505 -0.540529
913.806 -410.712 0.406288
913.88 -410.625 0.408989
913.902 -410.64 0.408485
913.923 -410.654 0.407973
913.944 -410.669 0.407453
913.966 -410.684 0.406927
913.987 -410.698 0.406393
900.08 -440.276 -0.537486
900.363 -440.268 -0.538017
900.653 -440.241 -0.537995
900.935 -440.227 -0.538451
901.221 -440.198 -0.538498
901.502 -440.178 -0.538857
901.785 -440.149 -0.538988
902.064 -440.122 -0.539245
902.343 -440.092 -0.539465
902.621 -440.059 -0.539608
902.896 -440.029 -0.539931
903.173 -439.989 -0.539947
903.443 -439.959 -0.540377
903.719 -439.913 -0.540287
903.987 -439.88 -0.540715
904.258 -439.833 -0.540723
904.525 -439.793 -0.540999
904.792 -439.748 -0.541146
905.058 -439.7 -0.541259
905.321 -439.657 -0.541554
905.586 -439.599 -0.541445
905.845 -439.556 -0.541843
906.107 -439.499 -0.541837
906.364 -439.45 -0.542112
906.622 -439.393 -0.542217
906.881 -439.323 -0.541891
907.134 -439.273 -0.542266
907.386 -439.215 -0.542462
907.636 -439.162 -0.542831
907.89 -439.086 -0.542466
908.14 -439.015 -0.542337
908.385 -438.961 -0.54277
908.63 -438.898 -0.542982
908.878 -438.816 -0.54258
909.122 -438.743 -0.542527
909.363 -438.679 -0.542779
909.6 -438.624 -0.543393
909.842 -438.538 -0.543024
910.08 -438.46 -0.542927
910.315 -438.39 -0.543134
910.55 -438.318 -0.543328
910.784 -438.235 -0.543178
911.015 -438.16 -0.543326
911.245 -438.085 -0.543513
911.473 -438.015 -0.543889
911.702 -437.922 -0.543547
911.928 -437.84 -0.543592
912.153 -437.763 -0.543819
912.375 -437.689 -0.544215
912.597 -437.602 -0.544171
912.819 -437.51 -0.543986
913.037 -437.431 -0.544286
913.255 -437.351 -0.544591
913.472 -437.251 -0.544218
913.687 -437.163 -0.544301
913.9 -437.086 -0.54479
914.113 -436.989 -0.544626
914.324 -436.898 -0.544658
914.534 -436.807 -0.544748
914.742 -436.713 -0.54475
874.717 -429.831 -0.595594
875.003 -430.043 -0.595317
875.291 -430.252 -0.595008
875.589 -430.454 -0.594494
875.898 -430.646 -0.593673
876.193 -430.844 -0.593303
876.493 -431.036 -0.592819
876.791 -431.227 -0.592409
877.091 -431.414 -0.591974
877.393 -431.598 -0.591518
877.697 -431.778 -0.591046
878.002 -431.954 -0.590549
878.308 -432.126 -0.590034
878.616 -432.295 -0.589503
878.925 -432.461 -0.588951
879.236 -432.623 -0.58838
879.547 -432.781 -0.587794
879.86 -432.935 -0.587186
880.174 -433.086 -0.586559
880.488 -433.233 -0.585918
880.804 -433.377 -0.585257
881.12 -433.517 -0.584581
881.437 -433.654 -0.583889
881.755 -433.787 -0.583179
882.074 -433.917 -0.582454
882.393 -434.043 -0.581713
882.712 -434.166 -0.580957
883.032 -434.285 -0.580188
883.352 -434.401 -0.579402
883.673 -434.514 -0.578605
883.994 -434.623 -0.577791
884.315 -434.729 -0.576963
884.636 -434.831 -0.576127
884.956 -434.932 -0.575317
885.279 -435.026 -0.574406
885.6 -435.119 -0.573528
885.919 -435.211 -0.572742
886.234 -435.303 -0.572055
886.552 -435.388 -0.571235
886.866 -435.476 -0.570587
887.185 -435.554 -0.569697
887.505 -435.627 -0.568751
904.927 -418.249 0.0976859
906.033 -417.257 0.136745
906.943 -416.441 0.16885
907.188 -416.309 0.174912
910.95 -412.375 0.324079
910.986 -412.406 0.323468
911.023 -412.436 0.322844
911.28 -412.218 0.331495
911.314 -412.248 0.330878
911.349 -412.277 0.330249
911.383 -412.306 0.329608
911.418 -412.335 0.328955
911.452 -412.364 0.32829
911.487 -412.393 0.327613
911.521 -412.422 0.326923
911.556 -412.452 0.326222
911.59 -412.481 0.325507
911.422 -412.774 0.315149
911.458 -412.804 0.314372
911.494 -412.835 0.313581
911.531 -412.866 0.312777
911.567 -412.897 0.311959
911.738 -412.74 0.31793
911.836 -412.681 0.320316
911.871 -412.71 0.3195
911.905 -412.74 0.318671
911.94 -412.769 0.317828
911.975 -412.799 0.316973
912.01 -412.828 0.316103
912.045 -412.858 0.31522
912.08 -412.887 0.314323
912.115 -412.917 0.313412
912.15 -412.947 0.312487
912.008 -413.269 0.301057
912.046 -413.301 0.300053
898.267 -436.853 -0.543327
898.571 -436.804 -0.54109
898.872 -436.755 -0.538904
899.161 -436.72 -0.537308
899.434 -436.711 -0.536734
899.712 -436.687 -0.535661
913.815 -410.693 0.393766
913.882 -410.622 0.396309
913.903 -410.637 0.395794
913.924 -410.651 0.395271
913.946 -410.666 0.39474
913.967 -410.68 0.394202
913.989 -410.695 0.393655
901.853 -436.507 -0.529755
902.105 -436.499 -0.529787
902.352 -436.495 -0.530031
902.596 -436.496 -0.530506
902.84 -436.493 -0.530911
903.09 -436.473 -0.530753
903.333 -436.465 -0.531105
903.579 -436.448 -0.531151
903.823 -436.428 -0.531175
904.063 -436.417 -0.531546
904.303 -436.402 -0.531826
904.548 -436.368 -0.53152
904.785 -436.351 -0.531845
905.024 -436.328 -0.53198
905.265 -436.292 -0.531722
905.5 -436.269 -0.532
905.734 -436.245 -0.532262
905.969 -436.212 -0.53226
906.205 -436.17 -0.532012
906.437 -436.141 -0.532225
906.671 -436.096 -0.531961
906.902 -436.056 -0.531886
907.13 -436.021 -0.532055
907.358 -435.985 -0.532214
907.588 -435.934 -0.531879
907.815 -435.887 -0.531752
908.04 -435.843 -0.531768
908.267 -435.785 -0.531327
908.49 -435.738 -0.531325
908.711 -435.692 -0.531395
908.935 -435.628 -0.530841
909.154 -435.576 -0.53077
909.372 -435.526 -0.5308
909.59 -435.469 -0.530656
909.808 -435.402 -0.530138
910.023 -435.346 -0.530081
910.237 -435.285 -0.529882
910.452 -435.213 -0.529298
910.663 -435.154 -0.529249
910.873 -435.093 -0.529188
911.082 -435.029 -0.529035
911.292 -434.953 -0.528449
911.499 -434.889 -0.528352
911.703 -434.827 -0.528392
911.906 -434.772 -0.528697
912.107 -434.719 -0.529123
912.307 -434.67 -0.529774
912.504 -434.635 -0.530975
912.701 -434.59 -0.531844
912.898 -434.542 -0.532599
913.093 -434.495 -0.533469
913.288 -434.451 -0.534469
913.482 -434.401 -0.535309
913.673 -434.374 -0.537051
913.864 -434.353 -0.539089
914.054 -434.339 -0.541414
914.244 -434.299 -0.542817
914.435 -434.254 -0.543997
914.624 -434.207 -0.54518
914.813 -434.159 -0.546361
915.001 -434.099 -0.547114
881.254 -426.55 -0.561996
881.481 -426.737 -0.561843
881.71 -426.921 -0.56167
881.94 -427.102 -0.561478
882.173 -427.28 -0.561272
882.407 -427.456 -0.561045
882.642 -427.628 -0.560804
882.88 -427.798 -0.560544
883.121 -427.964 -0.56021
883.368 -428.123 -0.559676
883.605 -428.288 -0.559537
883.858 -428.44 -0.558876
884.101 -428.597 -0.558591
884.349 -428.748 -0.558168
884.601 -428.894 -0.557617
884.844 -429.045 -0.557425
885.101 -429.184 -0.55675
885.351 -429.325 -0.556336
885.603 -429.464 -0.555898
885.855 -429.599 -0.555449
886.108 -429.732 -0.554989
886.363 -429.862 -0.554511
886.618 -429.989 -0.554019
886.874 -430.114 -0.553514
887.13 -430.235 -0.552996
887.388 -430.354 -0.552464
887.645 -430.47 -0.55192
887.904 -430.583 -0.551363
888.163 -430.694 -0.550794
888.422 -430.802 -0.55021
888.682 -430.907 -0.549615
888.943 -431.009 -0.549007
889.203 -431.109 -0.548389
889.464 -431.206 -0.547762
889.726 -431.3 -0.547117
889.987 -431.391 -0.546467
890.247 -431.482 -0.545898
890.509 -431.568 -0.545197
890.768 -431.655 -0.544643
891.026 -431.74 -0.544127
891.292 -431.815 -0.543247
904.617 -418.564 0.0309433
906.025 -417.265 0.0883957
906.936 -416.448 0.124818
907.187 -416.308 0.132113
910.95 -412.374 0.300303
911.001 -412.389 0.30039
911.037 -412.42 0.29974
911.28 -412.218 0.308898
911.314 -412.247 0.308285
911.349 -412.276 0.307658
911.383 -412.305 0.307018
911.418 -412.334 0.306366
911.452 -412.364 0.305699
911.487 -412.393 0.30502
911.521 -412.422 0.304327
911.556 -412.451 0.303621
911.385 -412.742 0.292145
911.422 -412.773 0.291374
911.458 -412.804 0.290589
911.494 -412.834 0.289789
911.531 -412.865 0.288975
911.567 -412.896 0.288146
911.604 -412.927 0.287302
911.836 -412.681 0.29766
911.871 -412.71 0.29683
911.905 -412.739 0.295985
911.94 -412.769 0.295126
911.975 -412.798 0.294253
912.01 -412.828 0.293364
912.045 -412.857 0.292461
912.08 -412.887 0.291543
912.115 -412.917 0.29061
911.971 -413.237 0.278026
912.008 -413.269 0.277012
912.045 -413.3 0.275981
900.558 -432.95 -0.507189
900.796 -432.952 -0.506424
901.052 -432.917 -0.504273
901.222 -433.033 -0.508196
901.41 -433.119 -0.510945
901.618 -433.164 -0.512152
913.815 -410.694 0.380623
913.882 -410.621 0.383556
913.903 -410.636 0.38303
913.925 -410.65 0.382496
913.946 -410.665 0.381953
913.967 -410.679 0.381402
913.989 -410.694 0.380843
903.499 -433.011 -0.503725
903.71 -433.025 -0.504238
903.922 -433.037 -0.504733
904.137 -433.036 -0.504781
904.351 -433.037 -0.504973
904.561 -433.043 -0.505426
904.773 -433.04 -0.505569
904.987 -433.033 -0.505578
905.195 -433.034 -0.505985
905.403 -433.033 -0.506378
905.61 -433.033 -0.506851
905.82 -433.021 -0.506882
906.026 -433.016 -0.507261
906.232 -433.009 -0.507627
906.437 -433.001 -0.507993
906.639 -433 -0.508689
906.842 -432.99 -0.509061
907.044 -432.982 -0.50959
907.246 -432.97 -0.510024
907.445 -432.963 -0.510668
907.643 -432.958 -0.511466
907.839 -432.954 -0.512329
908.036 -432.947 -0.513162
908.231 -432.942 -0.514095
908.426 -432.932 -0.514862
908.619 -432.928 -0.515956
908.814 -432.915 -0.51673
909.008 -432.901 -0.5175
909.201 -432.886 -0.518272
909.393 -432.872 -0.519145
909.585 -432.855 -0.519926
909.775 -432.845 -0.521037
909.966 -432.827 -0.521904
910.156 -432.806 -0.522658
910.346 -432.783 -0.523387
910.535 -432.761 -0.524219
910.723 -432.737 -0.524988
910.91 -432.719 -0.526061
911.095 -432.704 -0.527282
911.281 -432.685 -0.528409
911.462 -432.685 -0.530364
911.645 -432.672 -0.531831
911.828 -432.655 -0.533176
912.013 -432.622 -0.533884
912.196 -432.594 -0.534878
912.379 -432.568 -0.535978
912.56 -432.541 -0.537079
912.742 -432.513 -0.538174
912.923 -432.481 -0.539131
913.103 -432.441 -0.539827
913.283 -432.409 -0.540906
913.462 -432.377 -0.542
913.64 -432.344 -0.543091
913.818 -432.308 -0.54413
913.995 -432.265 -0.544892
914.172 -432.224 -0.545797
914.348 -432.187 -0.54688
914.523 -432.149 -0.547962
914.697 -432.109 -0.549043
914.871 -432.062 -0.549819
915.045 -432.015 -0.550644
915.217 -431.973 -0.551718
886.007 -424.167 -0.538105
886.197 -424.331 -0.537909
886.394 -424.489 -0.537526
886.583 -424.652 -0.537474
886.78 -424.808 -0.537173
886.979 -424.961 -0.536838
887.174 -425.115 -0.53668
887.37 -425.268 -0.536512
887.568 -425.417 -0.536327
887.767 -425.565 -0.536128
887.968 -425.71 -0.535916
888.169 -425.853 -0.53569
888.372 -425.994 -0.535453
888.576 -426.132 -0.535198
888.782 -426.268 -0.534934
888.988 -426.401 -0.534654
889.197 -426.532 -0.534312
889.404 -426.662 -0.534059
889.617 -426.786 -0.533589
889.827 -426.91 -0.533242
890.035 -427.035 -0.533045
890.253 -427.149 -0.532427
890.472 -427.262 -0.531804
890.689 -427.375 -0.53131
890.898 -427.492 -0.531132
891.117 -427.599 -0.530561
891.333 -427.706 -0.530126
891.544 -427.817 -0.529924
891.766 -427.916 -0.529263
891.982 -428.019 -0.528894
892.196 -428.121 -0.52859
892.419 -428.214 -0.527911
892.634 -428.312 -0.52762
892.852 -428.406 -0.527204
893.075 -428.492 -0.526534
893.289 -428.586 -0.526303
893.51 -428.671 -0.525771
893.734 -428.751 -0.525063
893.959 -428.828 -0.52435
894.175 -428.913 -0.524062
904.621 -418.559 -0.0235626
905.591 -417.713 0.0189621
906.929 -416.455 0.0806926
907.187 -416.308 0.089293
910.95 -412.374 0.276518
911.017 -412.371 0.277497
911.052 -412.402 0.276851
911.088 -412.434 0.27619
911.308 -412.254 0.285355
911.344 -412.282 0.284766
911.379 -412.31 0.284163
911.414 -412.339 0.283546
911.449 -412.367 0.282913
911.484 -412.396 0.282266
911.519 -412.424 0.281604
911.554 -412.452 0.280928
911.406 -412.715 0.269591
911.442 -412.746 0.268783
911.477 -412.777 0.26796
911.513 -412.809 0.267122
911.549 -412.84 0.266268
911.585 -412.871 0.2654
911.62 -412.903 0.264515
911.789 -412.747 0.272012
911.869 -412.712 0.274026
911.904 -412.741 0.273195
911.939 -412.77 0.272349
911.974 -412.798 0.271487
912.01 -412.827 0.270609
912.045 -412.857 0.269693
912.08 -412.886 0.268754
912.115 -412.916 0.267798
911.982 -413.219 0.254786
912.008 -413.268 0.252957
912.045 -413.3 0.251899
902.21 -430.134 -0.487223
902.412 -430.154 -0.486948
902.613 -430.171 -0.486665
902.809 -430.196 -0.486761
903.005 -430.217 -0.486756
903.205 -430.229 -0.486446
913.814 -410.694 0.367466
913.882 -410.62 0.370801
913.904 -410.635 0.370265
913.925 -410.649 0.36972
913.946 -410.664 0.369166
913.967 -410.679 0.368602
913.989 -410.693 0.368029
914.009 -410.71 0.367336
904.741 -430.794 -0.506061
904.977 -430.711 -0.502185
905.163 -430.732 -0.502901
905.349 -430.753 -0.503658
905.532 -430.778 -0.504662
905.717 -430.796 -0.505397
905.902 -430.812 -0.506145
906.085 -430.831 -0.50703
906.27 -430.844 -0.507737
906.453 -430.86 -0.508641
906.637 -430.871 -0.509368
906.821 -430.88 -0.510056
907.004 -430.888 -0.510745
907.186 -430.899 -0.511616
907.367 -430.909 -0.512531
907.549 -430.913 -0.513232
907.73 -430.919 -0.514057
907.911 -430.921 -0.514753
908.091 -430.925 -0.51561
908.27 -430.931 -0.516587
908.45 -430.929 -0.517279
908.628 -430.935 -0.518337
908.803 -430.944 -0.519631
908.98 -430.947 -0.520689
909.157 -430.948 -0.521706
909.333 -430.948 -0.522721
909.51 -430.946 -0.523739
909.685 -430.944 -0.524754
909.861 -430.937 -0.525623
910.038 -430.924 -0.526302
910.213 -430.917 -0.52726
910.387 -430.91 -0.528275
910.561 -430.902 -0.529293
910.734 -430.893 -0.530309
910.907 -430.883 -0.531323
911.08 -430.865 -0.532059
911.253 -430.847 -0.532804
911.425 -430.833 -0.533818
911.596 -430.819 -0.534832
911.767 -430.803 -0.535841
911.937 -430.786 -0.536854
912.108 -430.763 -0.537602
912.278 -430.738 -0.538328
912.446 -430.718 -0.539337
912.615 -430.697 -0.540346
912.783 -430.676 -0.541354
912.951 -430.649 -0.542165
913.118 -430.617 -0.542814
913.285 -430.592 -0.543821
913.45 -430.567 -0.544825
913.616 -430.54 -0.545827
913.781 -430.512 -0.54683
913.945 -430.482 -0.547739
914.11 -430.444 -0.548369
914.273 -430.411 -0.549276
914.436 -430.38 -0.550272
914.598 -430.348 -0.551268
914.76 -430.314 -0.552266
914.921 -430.279 -0.553241
915.082 -430.236 -0.553859
915.242 -430.197 -0.554682
915.544 -411.794 0.305296
889.431 -422.464 -0.527815
889.603 -422.607 -0.527321
889.775 -422.749 -0.526836
889.949 -422.889 -0.526364
890.119 -423.03 -0.526076
890.291 -423.168 -0.525737
890.465 -423.304 -0.525359
890.637 -423.44 -0.525095
890.814 -423.572 -0.524676
890.992 -423.701 -0.524211
891.172 -423.828 -0.523723
891.352 -423.953 -0.523242
891.534 -424.077 -0.522768
891.708 -424.204 -0.522604
891.885 -424.328 -0.522378
892.076 -424.44 -0.521539
892.264 -424.553 -0.520896
892.452 -424.665 -0.520235
892.643 -424.773 -0.5195
892.838 -424.876 -0.518571
893.034 -424.977 -0.517637
893.223 -425.082 -0.517059
893.412 -425.185 -0.516444
893.61 -425.28 -0.51549
893.801 -425.378 -0.514819
893.991 -425.476 -0.514254
894.19 -425.565 -0.513281
894.389 -425.652 -0.512302
894.588 -425.738 -0.511319
894.779 -425.828 -0.510761
894.973 -425.914 -0.510024
895.174 -425.994 -0.509023
895.366 -426.078 -0.508399
895.561 -426.159 -0.507697
895.761 -426.232 -0.506682
895.956 -426.31 -0.505996
896.15 -426.386 -0.505324
896.351 -426.454 -0.504299
896.555 -426.517 -0.503107
904.625 -418.553 -0.0780185
905.617 -417.685 -0.0298063
906.878 -416.507 0.0341202
907.188 -416.306 0.0465599
910.978 -412.343 0.254308
911.019 -412.369 0.253988
911.055 -412.399 0.253386
911.091 -412.429 0.252768
911.293 -412.27 0.261833
911.328 -412.299 0.261248
911.364 -412.327 0.260648
911.399 -412.356 0.260032
911.434 -412.384 0.2594
911.47 -412.413 0.258752
911.505 -412.441 0.258088
911.379 -412.673 0.247251
911.415 -412.703 0.246488
911.451 -412.734 0.245709
911.487 -412.764 0.244913
911.523 -412.795 0.244101
911.559 -412.825 0.243271
911.595 -412.856 0.242425
911.632 -412.886 0.241562
911.668 -412.917 0.240682
911.855 -412.731 0.250405
911.891 -412.76 0.249558
911.926 -412.788 0.248694
911.961 -412.817 0.247814
911.997 -412.846 0.246915
912.033 -412.875 0.245999
912.068 -412.904 0.245066
911.958 -413.166 0.232878
911.994 -413.198 0.231809
912.031 -413.23 0.230721
912.067 -413.262 0.229615
903.248 -428.364 -0.494598
903.422 -428.403 -0.495082
903.596 -428.441 -0.495561
903.77 -428.475 -0.495952
903.948 -428.502 -0.496056
904.128 -428.523 -0.495964
913.813 -410.695 0.354303
913.883 -410.62 0.358054
913.904 -410.634 0.357507
913.925 -410.649 0.35695
913.946 -410.663 0.356384
913.968 -410.678 0.355808
913.989 -410.692 0.355222
914.009 -410.709 0.354516
905.482 -429.191 -0.520388
905.666 -429.19 -0.519825
905.895 -429.087 -0.514509
906.081 -429.076 -0.513593
906.278 -429.036 -0.511376
906.462 -429.023 -0.510497
906.63 -429.045 -0.511325
906.806 -429.046 -0.511215
906.973 -429.068 -0.512151
907.138 -429.095 -0.513363
907.301 -429.121 -0.514609
907.467 -429.142 -0.515652
907.634 -429.156 -0.516463
907.801 -429.171 -0.517331
907.966 -429.186 -0.518283
908.134 -429.195 -0.518988
908.301 -429.202 -0.519631
908.467 -429.209 -0.520368
908.634 -429.214 -0.521063
908.8 -429.219 -0.521779
908.966 -429.221 -0.522426
909.13 -429.228 -0.523364
909.294 -429.235 -0.524316
909.459 -429.233 -0.52495
909.623 -429.234 -0.525724
909.787 -429.229 -0.526333
909.95 -429.23 -0.527193
910.112 -429.23 -0.52813
910.276 -429.223 -0.528759
910.439 -429.214 -0.529337
910.601 -429.206 -0.530002
910.764 -429.194 -0.530532
910.925 -429.188 -0.531396
911.085 -429.18 -0.5322
911.247 -429.165 -0.532732
911.408 -429.148 -0.533236
911.569 -429.13 -0.533714
911.728 -429.116 -0.534434
911.886 -429.103 -0.535274
912.045 -429.082 -0.535766
912.204 -429.059 -0.536198
912.363 -429.035 -0.536623
912.52 -429.014 -0.537241
912.677 -428.991 -0.537812
912.834 -428.965 -0.538263
912.989 -428.942 -0.538894
913.145 -428.912 -0.539263
913.3 -428.885 -0.539822
913.454 -428.861 -0.540574
913.609 -428.83 -0.540996
913.762 -428.796 -0.541325
913.916 -428.76 -0.541645
914.068 -428.729 -0.542172
914.219 -428.699 -0.542876
914.371 -428.662 -0.543222
914.522 -428.623 -0.543497
914.672 -428.582 -0.543764
914.822 -428.546 -0.544293
914.971 -428.512 -0.544953
915.119 -428.468 -0.545192
915.267 -428.424 -0.545419
915.544 -411.794 0.289843
915.575 -411.763 0.290864
892.42 -420.955 -0.50839
892.581 -421.077 -0.507388
892.744 -421.197 -0.506385
892.909 -421.314 -0.505281
893.076 -421.428 -0.504106
893.238 -421.544 -0.503211
893.401 -421.659 -0.502328
893.563 -421.773 -0.501456
893.729 -421.883 -0.500475
893.902 -421.987 -0.49921
894.071 -422.093 -0.498132
894.228 -422.205 -0.49762
894.396 -422.308 -0.496626
894.572 -422.405 -0.495313
894.863 -422.416 -0.488423
895.196 -422.392 -0.479418
895.301 -422.535 -0.481531
895.345 -422.723 -0.486689
895.463 -422.855 -0.488284
895.624 -422.955 -0.487805
895.793 -423.046 -0.48692
895.914 -423.175 -0.488519
896.031 -423.306 -0.490346
896.156 -423.431 -0.491801
896.286 -423.552 -0.493121
896.416 -423.672 -0.494461
896.614 -423.732 -0.492203
896.799 -423.802 -0.490671
896.967 -423.886 -0.490088
897.136 -423.967 -0.489395
897.313 -424.04 -0.488331
897.669 -423.946 -0.477345
897.911 -423.953 -0.472604
898.103 -424.003 -0.470565
898.275 -424.071 -0.469631
898.448 -424.136 -0.468683
898.621 -424.2 -0.467719
898.794 -424.262 -0.466748
904.622 -418.556 -0.132873
905.614 -417.687 -0.0800875
906.871 -416.514 -0.0103672
907.187 -416.306 0.00369816
910.979 -412.342 0.230691
911.019 -412.368 0.230378
911.055 -412.399 0.229782
911.091 -412.429 0.229169
911.127 -412.459 0.228539
911.163 -412.49 0.227892
911.199 -412.52 0.227228
911.235 -412.551 0.226547
911.271 -412.581 0.225848
911.307 -412.611 0.225132
911.343 -412.642 0.224399
911.379 -412.672 0.223648
911.415 -412.703 0.222879
911.451 -412.733 0.222093
911.487 -412.764 0.221289
911.523 -412.794 0.220468
911.559 -412.825 0.219628
911.595 -412.855 0.218771
911.632 -412.886 0.217895
911.668 -412.917 0.217001
911.704 -412.947 0.216089
911.74 -412.978 0.215158
911.777 -413.009 0.214208
911.813 -413.039 0.21324
911.85 -413.07 0.212253
912.02 -412.895 0.22211
911.923 -413.132 0.210221
911.96 -413.163 0.209176
911.996 -413.194 0.208112
912.033 -413.225 0.207028
912.069 -413.258 0.205845
904.325 -426.53 -0.48429
904.475 -426.581 -0.485348
904.626 -426.627 -0.486262
904.779 -426.671 -0.4871
904.931 -426.714 -0.487931
905.084 -426.756 -0.488759
913.813 -410.696 0.341128
913.883 -410.619 0.345308
913.904 -410.633 0.344751
913.925 -410.648 0.344183
913.947 -410.662 0.343605
913.968 -410.677 0.343017
913.989 -410.691 0.342418
914.01 -410.708 0.341698
906.459 -427.078 -0.496275
906.614 -427.102 -0.496799
906.771 -427.122 -0.497176
906.92 -427.156 -0.498352
907.076 -427.176 -0.49884
907.226 -427.207 -0.499971
907.378 -427.231 -0.500738
907.528 -427.262 -0.501974
907.677 -427.291 -0.503141
907.826 -427.321 -0.504457
907.973 -427.354 -0.505909
908.119 -427.388 -0.507535
908.265 -427.424 -0.509266
908.413 -427.452 -0.510684
908.562 -427.477 -0.511967
908.713 -427.494 -0.512937
908.863 -427.512 -0.513957
909.018 -427.514 -0.514288
909.171 -427.522 -0.514903
909.326 -427.518 -0.515032
909.481 -427.517 -0.515301
909.637 -427.505 -0.51511
909.792 -427.496 -0.515104
909.948 -427.481 -0.514801
910.101 -427.474 -0.514997
910.259 -427.446 -0.514215
910.413 -427.428 -0.513936
910.567 -427.407 -0.51356
910.72 -427.388 -0.51334
910.872 -427.369 -0.513188
911.024 -427.349 -0.512966
911.177 -427.319 -0.512335
911.329 -427.286 -0.511615
911.481 -427.255 -0.511015
911.631 -427.227 -0.510595
911.779 -427.207 -0.510646
911.926 -427.184 -0.510595
912.073 -427.162 -0.51063
912.219 -427.136 -0.510514
912.365 -427.109 -0.510435
912.514 -427.063 -0.509365
912.66 -427.025 -0.508766
912.804 -426.997 -0.508698
912.947 -426.97 -0.508753
913.089 -426.944 -0.508921
913.232 -426.915 -0.508944
913.373 -426.885 -0.508975
913.515 -426.844 -0.50845
913.656 -426.81 -0.508352
913.796 -426.772 -0.508112
913.936 -426.738 -0.508105
914.074 -426.706 -0.508199
914.212 -426.673 -0.508345
914.35 -426.64 -0.508474
914.487 -426.601 -0.50839
914.623 -426.557 -0.508057
914.759 -426.512 -0.507676
914.895 -426.474 -0.507709
915.029 -426.435 -0.507753
915.163 -426.397 -0.50789
915.296 -426.359 -0.508069
915.544 -411.794 0.274382
915.575 -411.764 0.275511
915.605 -411.733 0.276614
894.663 -419.836 -0.500208
894.774 -419.967 -0.500803
894.882 -420.1 -0.501628
895.016 -420.216 -0.501213
895.154 -420.329 -0.500658
895.326 -420.418 -0.498423
895.517 -420.494 -0.495276
895.708 -420.569 -0.492145
895.894 -420.644 -0.489233
896.075 -420.72 -0.486556
896.263 -420.791 -0.483562
896.452 -420.858 -0.480505
896.641 -420.924 -0.477464
896.799 -421.01 -0.476036
896.948 -421.101 -0.475047
897.078 -421.205 -0.47515
897.125 -421.372 -0.479755
897.144 -421.561 -0.485947
897.228 -421.701 -0.488748
897.314 -421.84 -0.491524
897.461 -421.93 -0.490969
897.61 -422.018 -0.490346
897.946 -421.95 -0.47924
898.127 -422.007 -0.476765
898.318 -422.053 -0.473731
898.519 -422.088 -0.470036
898.848 -422.009 -0.458921
899.037 -422.049 -0.455854
899.232 -422.081 -0.452426
899.406 -422.13 -0.450192
899.574 -422.183 -0.448307
899.739 -422.237 -0.446622
899.903 -422.29 -0.444944
900.067 -422.341 -0.443268
900.237 -422.385 -0.441241
900.406 -422.428 -0.439263
900.566 -422.479 -0.437831
904.611 -418.566 -0.188263
905.755 -417.54 -0.121072
906.863 -416.521 -0.0549503
907.167 -416.327 -0.0404401
910.95 -412.372 0.205164
911.019 -412.368 0.206765
911.055 -412.398 0.206175
911.091 -412.428 0.205566
911.127 -412.459 0.20494
911.163 -412.489 0.204295
911.199 -412.52 0.203632
911.235 -412.55 0.202951
911.271 -412.581 0.202251
911.307 -412.611 0.201533
911.343 -412.641 0.200796
911.379 -412.672 0.200041
911.415 -412.702 0.199266
911.451 -412.733 0.198474
911.487 -412.763 0.197662
911.523 -412.794 0.196831
911.559 -412.824 0.195981
911.595 -412.855 0.195112
911.632 -412.885 0.194224
911.668 -412.916 0.193316
911.704 -412.947 0.192388
911.74 -412.977 0.191441
911.777 -413.008 0.190475
911.813 -413.039 0.189488
911.85 -413.07 0.188481
911.886 -413.101 0.187454
911.923 -413.132 0.186406
911.96 -413.163 0.185338
911.996 -413.194 0.184249
912.033 -413.225 0.18314
912.045 -413.298 0.179655
905.089 -425.227 -0.488899
905.229 -425.274 -0.489792
905.373 -425.312 -0.490246
905.518 -425.348 -0.490594
905.663 -425.382 -0.490939
905.809 -425.415 -0.49128
913.812 -410.697 0.327944
913.881 -410.622 0.332328
913.902 -410.637 0.331742
913.923 -410.652 0.331145
913.944 -410.667 0.330536
913.965 -410.682 0.329915
913.987 -410.696 0.329283
906.963 -425.649 -0.494531
907.108 -425.672 -0.494854
907.253 -425.694 -0.495173
907.397 -425.715 -0.495492
907.542 -425.734 -0.495806
914.122 -410.772 0.326057
914.144 -410.786 0.32539
907.97 -425.796 -0.497275
908.113 -425.813 -0.497638
908.257 -425.827 -0.497941
908.4 -425.84 -0.498241
908.544 -425.852 -0.49854
908.687 -425.863 -0.498835
908.83 -425.873 -0.49913
908.971 -425.884 -0.499534
909.112 -425.897 -0.500101
909.253 -425.908 -0.500593
909.395 -425.913 -0.500879
909.537 -425.918 -0.501161
909.679 -425.922 -0.50144
909.82 -425.925 -0.501716
909.961 -425.927 -0.501992
910.102 -425.928 -0.502262
910.242 -425.927 -0.50253
910.382 -425.926 -0.502799
910.521 -425.927 -0.503227
910.66 -425.929 -0.503762
910.798 -425.928 -0.504184
910.937 -425.923 -0.504442
911.076 -425.917 -0.504697
911.215 -425.91 -0.504951
911.352 -425.902 -0.505203
911.489 -425.9 -0.505821
911.626 -425.89 -0.506024
911.761 -425.889 -0.506797
911.897 -425.881 -0.507244
912.033 -425.875 -0.507831
912.169 -425.858 -0.507865
912.305 -425.843 -0.508069
912.442 -425.821 -0.507963
912.577 -425.801 -0.507965
912.71 -425.794 -0.508719
912.843 -425.785 -0.509467
912.975 -425.778 -0.510296
913.107 -425.772 -0.511273
913.239 -425.757 -0.511813
913.371 -425.743 -0.512407
913.503 -425.724 -0.512791
913.635 -425.706 -0.513314
913.767 -425.678 -0.513305
913.898 -425.655 -0.513559
914.028 -425.632 -0.513919
914.159 -425.599 -0.51373
914.289 -425.578 -0.514257
914.418 -425.557 -0.514846
914.546 -425.531 -0.515218
914.674 -425.511 -0.515955
914.802 -425.483 -0.516272
914.93 -425.45 -0.516309
915.058 -425.407 -0.515856
915.185 -425.359 -0.515199
915.311 -425.331 -0.515648
915.543 -411.795 0.258914
915.574 -411.764 0.260152
915.605 -411.733 0.26136
915.635 -411.703 0.262541
 ] }
 color Color { color [
0.148964 0 0.851036
0.13458 0 0.86542
0.122722 0 0.877278
0.121798 0 0.878202
0.0663136 0 0.933686
0.0640269 0 0.935973
0.0640098 0 0.93599
0.0639964 0 0.936004
0.0639857 0 0.936014
0.0639784 0 0.936022
0.0639743 0 0.936026
0.0639737 0 0.936026
0.063976 0 0.936024
0.0639816 0 0.936018
0.0639906 0 0.936009
0.0640023 0 0.935998
0.0640177 0 0.935982
0.0640361 0 0.935964
0.0642555 0 0.935744
0.066351 0 0.933649
0.0650672 0 0.934933
0.0640869 0 0.935913
0.0641215 0 0.935879
0.0641592 0 0.935841
0.0642004 0 0.9358
0.0642444 0 0.935756
0.0642922 0 0.935708
0.0643427 0 0.935657
0.0643971 0 0.935603
0.0644546 0 0.935545
0.0645153 0 0.935485
0.0645798 0 0.93542
0.0646474 0 0.935353
0.0647181 0 0.935282
0.0671434 0 0.932857
0.0363161 0 0.963684
0.1491 0 0.8509
0.134691 0 0.865309
0.122814 0 0.877186
0.121784 0 0.878216
0.0663029 0 0.933697
0.0640164 0 0.935984
0.0639992 0 0.936001
0.0639859 0 0.936014
0.0639757 0 0.936024
0.0639684 0 0.936032
0.0639643 0 0.936036
0.0639637 0 0.936036
0.063966 0 0.936034
0.0639715 0 0.936028
0.06398 0 0.93602
0.0639919 0 0.936008
0.0640076 0 0.935992
0.0640258 0 0.935974
0.0642494 0 0.935751
0.0663401 0 0.93366
0.0644165 0 0.935584
0.0640765 0 0.935924
0.0641111 0 0.935889
0.0641488 0 0.935851
0.0641897 0 0.93581
0.064234 0 0.935766
0.0642818 0 0.935718
0.0643323 0 0.935668
0.0643867 0 0.935613
0.0644442 0 0.935556
0.0645048 0 0.935495
0.064569 0 0.935431
0.0646366 0 0.935363
0.0647077 0 0.935292
0.0651135 0 0.934886
0.0363009 0 0.963699
0.149237 0 0.850763
0.134802 0 0.865198
0.122905 0 0.877095
0.121771 0 0.878229
0.0662926 0 0.933707
0.0640069 0 0.935993
0.0639898 0 0.93601
0.0639761 0 0.936024
0.0639659 0 0.936034
0.0639586 0 0.936041
0.0639546 0 0.936045
0.0639537 0 0.936046
0.0639563 0 0.936044
0.0639618 0 0.936038
0.0639705 0 0.936029
0.0639827 0 0.936017
0.0639976 0 0.936002
0.064016 0 0.935984
0.0642448 0 0.935755
0.0663303 0 0.93367
0.0644025 0 0.935597
0.0640669 0 0.935933
0.0641015 0 0.935898
0.0641392 0 0.935861
0.0641801 0 0.93582
0.0642244 0 0.935776
0.0642722 0 0.935728
0.0643231 0 0.935677
0.0643771 0 0.935623
0.0644342 0 0.935566
0.0644953 0 0.935505
0.0645593 0 0.935441
0.0646266 0 0.935373
0.0646977 0 0.935302
0.0651081 0 0.934892
0.0362861 0 0.963714
0.149379 0 0.850621
0.134915 0 0.865085
0.122902 0 0.877098
0.12176 0 0.87824
0.0662835 0 0.933716
0.063998 0 0.936002
0.0639814 0 0.936019
0.0639672 0 0.936033
0.063957 0 0.936043
0.0639497 0 0.93605
0.0639456 0 0.936054
0.0639452 0 0.936055
0.0639475 0 0.936052
0.063953 0 0.936047
0.063962 0 0.936038
0.0639737 0 0.936026
0.0639892 0 0.936011
0.0640073 0 0.935993
0.0642405 0 0.935759
0.0663214 0 0.933679
0.0643898 0 0.93561
0.0640581 0 0.935942
0.0640927 0 0.935907
0.0641301 0 0.93587
0.0641713 0 0.935829
0.0642155 0 0.935784
0.064263 0 0.935737
0.0643139 0 0.935686
0.064368 0 0.935632
0.0644254 0 0.935575
0.0644864 0 0.935514
0.0645506 0 0.935449
0.0646179 0 0.935382
0.0646886 0 0.935311
0.0651034 0 0.934897
0.0362718 0 0.963728
0.149518 0 0.850482
0.135031 0 0.864969
0.123094 0 0.876906
0.12175 0 0.87825
0.0644105 0 0.93559
0.0639898 0 0.93601
0.0639733 0 0.936027
0.0639599 0 0.93604
0.0639494 0 0.936051
0.0637704 0 0.93623
0.0637767 0 0.936223
0.0637862 0 0.936214
0.0637987 0 0.936201
0.0638149 0 0.936185
0.0638338 0 0.936166
0.0639658 0 0.936034
0.0639807 0 0.936019
0.0639993 0 0.936001
0.064237 0 0.935763
0.0663128 0 0.933687
0.0643779 0 0.935622
0.0640501 0 0.93595
0.0640847 0 0.935915
0.0641224 0 0.935878
0.0641633 0 0.935837
0.0641106 0 0.935889
0.064169 0 0.935831
0.0642309 0 0.935769
0.0642959 0 0.935704
0.0643644 0 0.935636
0.0644359 0 0.935564
0.0645422 0 0.935458
0.0646098 0 0.93539
0.0646806 0 0.935319
0.0651 0 0.9349
0.0459838 0 0.954016
0.0362608 0 0.963739
0.14966 0 0.85034
0.135145 0 0.864855
0.123191 0 0.876809
0.121742 0 0.878258
0.0643976 0 0.935602
0.0639825 0 0.936018
0.0639659 0 0.936034
0.0639525 0 0.936047
0.063942 0 0.936058
0.0635306 0 0.936469
0.0635366 0 0.936463
0.0635465 0 0.936453
0.0635591 0 0.936441
0.0635749 0 0.936425
0.0635934 0 0.936407
0.0639585 0 0.936042
0.0639739 0 0.936026
0.063992 0 0.936008
0.0642344 0 0.935766
0.0663055 0 0.933695
0.064366 0 0.935634
0.0640425 0 0.935957
0.0640771 0 0.935923
0.0641152 0 0.935885
0.0641561 0 0.935844
0.0638681 0 0.936132
0.0639257 0 0.936074
0.0639871 0 0.936013
0.0640516 0 0.935948
0.0641196 0 0.93588
0.0641906 0 0.935809
0.064535 0 0.935465
0.0646023 0 0.935398
0.0646731 0 0.935327
0.0650973 0 0.934903
0.0459687 0 0.954031
0.0362502 0 0.96375
0.1498 0 0.8502
0.135261 0 0.864739
0.123285 0 0.876715
0.121735 0 0.878265
0.0643864 0 0.935614
0.0639763 0 0.936024
0.0639597 0 0.93604
0.063946 0 0.936054
0.0639355 0 0.936064
0.0633432 0 0.936657
0.0633391 0 0.936661
0.0633381 0 0.936662
0.0633403 0 0.93666
0.063346 0 0.936654
0.0633559 0 0.936644
0.0639524 0 0.936048
0.0639673 0 0.936033
0.0639859 0 0.936014
0.0642333 0 0.935767
0.066299 0 0.933701
0.0643557 0 0.935644
0.0640364 0 0.935964
0.0640707 0 0.935929
0.0641088 0 0.935891
0.0641492 0 0.935851
0.0636279 0 0.936372
0.0636854 0 0.936315
0.0637459 0 0.936254
0.0638099 0 0.93619
0.0638774 0 0.936123
0.0639478 0 0.936052
0.0645283 0 0.935472
0.0645959 0 0.935404
0.0646667 0 0.935333
0.0650958 0 0.934904
0.0459799 0 0.95402
0.0362404 0 0.96376
0.168 0 0.832
0.149938 0 0.850062
0.135373 0 0.864627
0.123379 0 0.876621
0.12173 0 0.87827
0.0643751 0 0.935625
0.0639708 0 0.936029
0.063954 0 0.936046
0.0639406 0 0.936059
0.0639301 0 0.93607
0.0633378 0 0.936662
0.0633337 0 0.936666
0.0633327 0 0.936667
0.0633349 0 0.936665
0.0633403 0 0.93666
0.0633493 0 0.936651
0.0639467 0 0.936053
0.0639618 0 0.936038
0.0639802 0 0.93602
0.0642323 0 0.935768
0.0662929 0 0.933707
0.0643458 0 0.935654
0.0640309 0 0.935969
0.0640654 0 0.935935
0.0641028 0 0.935897
0.064144 0 0.935856
0.0636014 0 0.936399
0.0636487 0 0.936351
0.0636991 0 0.936301
0.0637526 0 0.936247
0.0638095 0 0.93619
0.0638696 0 0.93613
0.0645227 0 0.935477
0.0645899 0 0.93541
0.0646607 0 0.935339
0.0650948 0 0.934905
0.0459977 0 0.954002
0.0362311 0 0.963769
0.168175 0 0.831825
0.150075 0 0.849925
0.135486 0 0.864514
0.123474 0 0.876526
0.121727 0 0.878273
0.0643641 0 0.935636
0.0639662 0 0.936034
0.0639493 0 0.936051
0.0639356 0 0.936064
0.0639254 0 0.936075
0.0633329 0 0.936667
0.0633288 0 0.936671
0.0633278 0 0.936672
0.06333 0 0.93667
0.0633359 0 0.936664
0.0633447 0 0.936655
0.0639417 0 0.936058
0.0639571 0 0.936043
0.0639757 0 0.936024
0.0642327 0 0.935767
0.066288 0 0.933712
0.0643363 0 0.935664
0.0640259 0 0.935974
0.0640602 0 0.93594
0.0640983 0 0.935902
0.0641392 0 0.935861
0.063597 0 0.936403
0.0636439 0 0.936356
0.0636943 0 0.936306
0.0637482 0 0.936252
0.0638047 0 0.936195
0.0638648 0 0.936135
0.0645179 0 0.935482
0.0645851 0 0.935415
0.0646559 0 0.935344
0.0650945 0 0.934905
0.0460283 0 0.953972
0.0362223 0 0.963778
0.16835 0 0.83165
0.150218 0 0.849782
0.135601 0 0.864399
0.123571 0 0.876429
0.121724 0 0.878276
0.0643544 0 0.935646
0.063962 0 0.936038
0.0639455 0 0.936055
0.0639318 0 0.936068
0.0639213 0 0.936079
0.063329 0 0.936671
0.0633249 0 0.936675
0.063324 0 0.936676
0.0633266 0 0.936673
0.063332 0 0.936668
0.0633406 0 0.936659
0.0639381 0 0.936062
0.0639527 0 0.936047
0.0639713 0 0.936029
0.064234 0 0.935766
0.066284 0 0.933716
0.0643279 0 0.935672
0.0640223 0 0.935978
0.0640565 0 0.935943
0.0640939 0 0.935906
0.0641351 0 0.935865
0.063593 0 0.936407
0.0636403 0 0.93636
0.0636903 0 0.93631
0.0637437 0 0.936256
0.0638007 0 0.936199
0.0638608 0 0.936139
0.0645139 0 0.935486
0.0645811 0 0.935419
0.0646519 0 0.935348
0.0650958 0 0.934904
0.0362139 0 0.963786
0.168531 0 0.831469
0.150365 0 0.849635
0.135722 0 0.864278
0.12367 0 0.87633
0.121724 0 0.878276
0.0643459 0 0.935654
0.063959 0 0.936041
0.0639421 0 0.936058
0.0639287 0 0.936071
0.0639182 0 0.936082
0.0633257 0 0.936674
0.0633216 0 0.936678
0.0633206 0 0.936679
0.0633233 0 0.936677
0.0633287 0 0.936671
0.0633372 0 0.936663
0.0639348 0 0.936065
0.0639498 0 0.93605
0.063968 0 0.936032
0.0642354 0 0.935765
0.0662804 0 0.93372
0.0643201 0 0.93568
0.0640186 0 0.935981
0.0640532 0 0.935947
0.064091 0 0.935909
0.0641319 0 0.935868
0.0635898 0 0.93641
0.0636371 0 0.936363
0.0636871 0 0.936313
0.0637406 0 0.936259
0.0637975 0 0.936202
0.0638576 0 0.936142
0.0645104 0 0.93549
0.064578 0 0.935422
0.0646484 0 0.935352
0.0650972 0 0.934903
0.0362056 0 0.963794
0.168718 0 0.831282
0.150514 0 0.849486
0.135844 0 0.864156
0.123773 0 0.876227
0.121725 0 0.878275
0.0643384 0 0.935662
0.0639568 0 0.936043
0.0639399 0 0.93606
0.0639262 0 0.936074
0.0639157 0 0.936084
0.0633235 0 0.936677
0.0633193 0 0.936681
0.0633186 0 0.936681
0.0633208 0 0.936679
0.0633261 0 0.936674
0.0633352 0 0.936665
0.0639322 0 0.936068
0.0639473 0 0.936053
0.0639659 0 0.936034
0.0642378 0 0.935762
0.066278 0 0.933722
0.0643138 0 0.935686
0.0640166 0 0.935983
0.0640508 0 0.935949
0.0640886 0 0.935911
0.0641295 0 0.935871
0.0635873 0 0.936413
0.0636342 0 0.936366
0.063685 0 0.936315
0.0637382 0 0.936262
0.0637951 0 0.936205
0.0638552 0 0.936145
0.064508 0 0.935492
0.0645753 0 0.935425
0.064646 0 0.935354
0.0650994 0 0.934901
0.0361985 0 0.963802
0.595559 0 0.404441
0.168904 0 0.831096
0.150662 0 0.849338
0.135966 0 0.864034
0.123875 0 0.876125
0.121727 0 0.878273
0.0643311 0 0.935669
0.063955 0 0.936045
0.0639384 0 0.936062
0.0639247 0 0.936075
0.0639143 0 0.936086
0.0633217 0 0.936678
0.0633176 0 0.936682
0.0633171 0 0.936683
0.0633193 0 0.936681
0.0633249 0 0.936675
0.0633334 0 0.936667
0.063931 0 0.936069
0.063946 0 0.936054
0.0639642 0 0.936036
0.0642411 0 0.935759
0.0662769 0 0.933723
0.0643079 0 0.935692
0.0640145 0 0.935985
0.0640496 0 0.93595
0.0640869 0 0.935913
0.0641279 0 0.935872
0.0635857 0 0.936414
0.0636326 0 0.936367
0.063683 0 0.936317
0.0637365 0 0.936263
0.0637935 0 0.936206
0.0638536 0 0.936146
0.0645064 0 0.935494
0.0645737 0 0.935426
0.0646445 0 0.935355
0.0651028 0 0.934897
0.0361912 0 0.963809
0.597855 0 0.402145
0.592883 0 0.407117
0.588197 0 0.411803
0.583229 0 0.416771
0.578678 0 0.421322
0.574187 0 0.425813
0.569425 0 0.430575
0.565064 0 0.434936
0.560601 0 0.439399
0.556194 0 0.443806
0.552014 0 0.447986
0.54757 0 0.45243
0.543506 0 0.456494
0.539502 0 0.460498
0.535249 0 0.464751
0.531335 0 0.468665
0.527494 0 0.472506
0.523396 0 0.476604
0.51966 0 0.48034
0.515972 0 0.484028
0.51212 0 0.48788
0.507062 0 0.492938
0.504624 0 0.495376
0.169087 0 0.830913
0.150808 0 0.849192
0.136088 0 0.863912
0.123977 0 0.876023
0.121731 0 0.878269
0.0665771 0 0.933423
0.0639538 0 0.936046
0.0639373 0 0.936063
0.0639241 0 0.936076
0.0639133 0 0.936087
0.063321 0 0.936679
0.0633169 0 0.936683
0.0633161 0 0.936684
0.0633183 0 0.936682
0.0633242 0 0.936676
0.0633327 0 0.936667
0.06393 0 0.93607
0.0639451 0 0.936055
0.0639632 0 0.936037
0.0642457 0 0.935754
0.0664607 0 0.933539
0.0656225 0 0.934378
0.0640141 0 0.935986
0.0640483 0 0.935952
0.0640861 0 0.935914
0.064127 0 0.935873
0.0635852 0 0.936415
0.0636321 0 0.936368
0.0636822 0 0.936318
0.0637361 0 0.936264
0.0637927 0 0.936207
0.0638528 0 0.936147
0.0645056 0 0.935494
0.0645729 0 0.935427
0.0646438 0 0.935356
0.065107 0 0.934893
0.0361846 0 0.963815
0.597712 0 0.402288
0.593505 0 0.406495
0.588816 0 0.411184
0.584454 0 0.415546
0.580137 0 0.419863
0.575533 0 0.424467
0.571324 0 0.428676
0.567165 0 0.432835
0.562719 0 0.437281
0.55866 0 0.44134
0.554648 0 0.445352
0.550387 0 0.449613
0.546443 0 0.453557
0.542572 0 0.457428
0.538605 0 0.461395
0.534653 0 0.465347
0.530921 0 0.469079
0.527218 0 0.472782
0.523277 0 0.476723
0.517594 0 0.482406
0.513563 0 0.486437
0.509694 0 0.490306
0.505629 0 0.494371
0.501716 0 0.498284
0.49802 0 0.50198
0.494107 0 0.505893
0.490237 0 0.509763
0.486468 0 0.513532
0.483001 0 0.516999
0.47927 0 0.52073
0.473484 0 0.526516
0.469866 0 0.530134
0.466534 0 0.533466
0.463099 0 0.536901
0.459627 0 0.540373
0.456497 0 0.543503
0.453088 0 0.546912
0.450053 0 0.549947
0.446728 0 0.553272
0.44344 0 0.55656
0.44052 0 0.55948
0.43731 0 0.56269
0.434602 0 0.565398
0.432023 0 0.567977
0.429875 0 0.570125
0.428841 0 0.571159
0.428093 0 0.571907
0.42686 0 0.57314
0.424582 0 0.575418
0.421866 0 0.578134
0.419426 0 0.580574
0.169275 0 0.830725
0.15096 0 0.84904
0.136211 0 0.863789
0.124081 0 0.875919
0.121736 0 0.878264
0.0673039 0 0.932696
0.063954 0 0.936046
0.0639371 0 0.936063
0.0639234 0 0.936077
0.0639135 0 0.936087
0.0633477 0 0.936652
0.0633336 0 0.936666
0.0633235 0 0.936677
0.0633184 0 0.936682
0.063324 0 0.936676
0.0633326 0 0.936667
0.0639299 0 0.93607
0.063945 0 0.936055
0.0639636 0 0.936036
0.0666798 0 0.93332
0.0666955 0 0.933304
0.0667156 0 0.933284
0.064014 0 0.935986
0.0640487 0 0.935951
0.064086 0 0.935914
0.0641274 0 0.935873
0.0635847 0 0.936415
0.0636317 0 0.936368
0.0636825 0 0.936318
0.0637361 0 0.936264
0.0637926 0 0.936207
0.0638528 0 0.936147
0.0645057 0 0.935494
0.064573 0 0.935427
0.0646434 0 0.935357
0.067354 0 0.932646
0.552819 0 0.447181
0.548087 0 0.451913
0.543412 0 0.456588
0.538799 0 0.461201
0.534229 0 0.465771
0.530029 0 0.469971
0.526293 0 0.473707
0.0360163 0 0.963984
0.0359756 0 0.964024
0.515269 0 0.484731
0.511653 0 0.488347
0.508221 0 0.491779
0.0361786 0 0.963821
0.501367 0 0.498633
0.497872 0 0.502128
0.494411 0 0.505589
0.491012 0 0.508988
0.487792 0 0.512208
0.484523 0 0.515477
0.481123 0 0.518877
0.477895 0 0.522105
0.47461 0 0.52539
0.471353 0 0.528647
0.46815 0 0.53185
0.465137 0 0.534863
0.461678 0 0.538322
0.454575 0 0.545425
0.451507 0 0.548493
0.448772 0 0.551228
0.445744 0 0.554256
0.442833 0 0.557167
0.440097 0 0.559903
0.437151 0 0.562849
0.434573 0 0.565427
0.43215 0 0.56785
0.429731 0 0.570269
0.427119 0 0.572881
0.424727 0 0.575273
0.422377 0 0.577623
0.419968 0 0.580032
0.417577 0 0.582423
0.415241 0 0.584759
0.412992 0 0.587008
0.410806 0 0.589194
0.409497 0 0.590503
0.408597 0 0.591403
0.407739 0 0.592261
0.406673 0 0.593327
0.404969 0 0.595031
0.402611 0 0.597389
0.400274 0 0.599726
0.398141 0 0.601859
0.395809 0 0.604191
0.393532 0 0.606468
0.391467 0 0.608533
0.389198 0 0.610802
0.387106 0 0.612894
0.384983 0 0.615017
0.382779 0 0.617221
0.380597 0 0.619403
0.378471 0 0.621529
0.376014 0 0.623986
0.373619 0 0.626381
0.371363 0 0.628637
0.36913 0 0.63087
0.366849 0 0.633151
0.364473 0 0.635527
0.3623 0 0.6377
0.360155 0 0.639845
0.358031 0 0.641969
0.355763 0 0.644237
0.597028 0 0.402972
0.593579 0 0.406421
0.589916 0 0.410084
0.586407 0 0.413593
0.582651 0 0.417349
0.169461 0 0.830539
0.151111 0 0.848889
0.136337 0 0.863663
0.124181 0 0.87582
0.121743 0 0.878257
0.0673046 0 0.932695
0.0672841 0 0.932716
0.0639381 0 0.936062
0.0639244 0 0.936076
0.0639144 0 0.936086
0.0635741 0 0.936426
0.0635596 0 0.93644
0.063549 0 0.936451
0.0635416 0 0.936458
0.0635374 0 0.936463
0.0635363 0 0.936464
0.0639309 0 0.936069
0.0639459 0 0.936054
0.0639642 0 0.936036
0.0673169 0 0.932683
0.0673428 0 0.932657
0.0673725 0 0.932628
0.0653709 0 0.934629
0.0640494 0 0.935951
0.0640869 0 0.935913
0.0641277 0 0.935872
0.0637792 0 0.936221
0.0638179 0 0.936182
0.0638597 0 0.93614
0.0639049 0 0.936095
0.0639534 0 0.936047
0.0640057 0 0.935994
0.0645065 0 0.935493
0.0645735 0 0.935427
0.0646443 0 0.935356
0.0675965 0 0.932403
0.449181 0 0.550819
0.445785 0 0.554215
0.442431 0 0.557569
0.439118 0 0.560882
0.435845 0 0.564155
0.432661 0 0.567339
0.429796 0 0.570204
0.427526 0 0.572474
0.0360595 0 0.963941
0.422847 0 0.577153
0.42014 0 0.57986
0.417051 0 0.582949
0.0361729 0 0.963827
0.41198 0 0.58802
0.409946 0 0.590054
0.407913 0 0.592087
0.405777 0 0.594223
0.403758 0 0.596242
0.401788 0 0.598212
0.399756 0 0.600245
0.398314 0 0.601686
0.397029 0 0.602971
0.396043 0 0.603957
0.395075 0 0.604925
0.393996 0 0.606004
0.392871 0 0.607129
0.391459 0 0.608541
0.389503 0 0.610497
0.387403 0 0.612597
0.385456 0 0.614544
0.383504 0 0.616496
0.381306 0 0.618694
0.379047 0 0.620953
0.37685 0 0.62315
0.374744 0 0.625256
0.37265 0 0.62735
0.370463 0 0.629537
0.368281 0 0.631719
0.366007 0 0.633993
0.363714 0 0.636286
0.361436 0 0.638564
0.359484 0 0.640516
0.357818 0 0.642182
0.356523 0 0.643477
0.355221 0 0.644779
0.353931 0 0.646069
0.352602 0 0.647398
0.351189 0 0.648811
0.34979 0 0.65021
0.348407 0 0.651593
0.347067 0 0.652933
0.345743 0 0.654257
0.344472 0 0.655528
0.343129 0 0.656871
0.341759 0 0.658241
0.340402 0 0.659598
0.339073 0 0.660927
0.337792 0 0.662208
0.336523 0 0.663477
0.33526 0 0.66474
0.333965 0 0.666035
0.332682 0 0.667318
0.33142 0 0.66858
0.330213 0 0.669787
0.329017 0 0.670983
0.32783 0 0.67217
0.326607 0 0.673393
0.325394 0 0.674606
0.324205 0 0.675795
0.32316 0 0.67684
0.321983 0 0.678017
0.320817 0 0.679183
0.568599 0 0.431401
0.566409 0 0.433591
0.564578 0 0.435422
0.56473 0 0.43527
0.564423 0 0.435577
0.563208 0 0.436792
0.560649 0 0.439351
0.558209 0 0.441791
0.555993 0 0.444007
0.55391 0 0.44609
0.551548 0 0.448452
0.549437 0 0.450563
0.545282 0 0.454718
0.54148 0 0.45852
0.539202 0 0.460798
0.536728 0 0.463272
0.534334 0 0.465666
0.532063 0 0.467937
0.529451 0 0.470549
0.527097 0 0.472903
0.524606 0 0.475394
0.52228 0 0.47772
0.519921 0 0.480079
0.517436 0 0.482564
0.514987 0 0.485013
0.512515 0 0.487485
0.510038 0 0.489962
0.507559 0 0.492441
0.505077 0 0.494923
0.502594 0 0.497406
0.50011 0 0.49989
0.497625 0 0.502375
0.495249 0 0.504751
0.492898 0 0.507102
0.49043 0 0.50957
0.488023 0 0.511977
0.485539 0 0.514461
0.483059 0 0.516941
0.480892 0 0.519108
0.478434 0 0.521566
0.475991 0 0.524009
0.473814 0 0.526186
0.471348 0 0.528652
0.151268 0 0.848732
0.136466 0 0.863534
0.123356 0 0.876644
0.121752 0 0.878248
0.0673063 0 0.932694
0.0672858 0 0.932714
0.0639398 0 0.93606
0.0639261 0 0.936074
0.0639159 0 0.936084
0.0638019 0 0.936198
0.0637877 0 0.936212
0.063777 0 0.936223
0.0637697 0 0.93623
0.0637651 0 0.936235
0.0637645 0 0.936235
0.0639328 0 0.936067
0.0639479 0 0.936052
0.0672961 0 0.932704
0.0673183 0 0.932682
0.0673447 0 0.932655
0.0673739 0 0.932626
0.0674071 0 0.932593
0.064051 0 0.935949
0.0640888 0 0.935911
0.0641294 0 0.935871
0.064009 0 0.935991
0.0640478 0 0.935952
0.0640898 0 0.93591
0.0641357 0 0.935864
0.0641842 0 0.935816
0.0642366 0 0.935763
0.0645082 0 0.935492
0.0645751 0 0.935425
0.0680692 0 0.931931
0.0681473 0 0.931853
0.387828 0 0.612172
0.385326 0 0.614674
0.38287 0 0.61713
0.38025 0 0.61975
0.377938 0 0.622062
0.375979 0 0.624021
0.036925 0 0.963075
0.0358143 0 0.964186
0.0358453 0 0.964155
0.0358784 0 0.964122
0.0359134 0 0.964087
0.0359502 0 0.96405
0.0359891 0 0.964011
0.362968 0 0.637032
0.361696 0 0.638304
0.360242 0 0.639758
0.358959 0 0.641041
0.357543 0 0.642457
0.356242 0 0.643758
0.354871 0 0.645129
0.35355 0 0.64645
0.352223 0 0.647777
0.350879 0 0.649121
0.349602 0 0.650398
0.348231 0 0.651769
0.347005 0 0.652995
0.345615 0 0.654385
0.344402 0 0.655598
0.34306 0 0.65694
0.341813 0 0.658187
0.340532 0 0.659468
0.339248 0 0.660752
0.33803 0 0.66197
0.33669 0 0.66331
0.335521 0 0.664479
0.33423 0 0.66577
0.333036 0 0.666964
0.331796 0 0.668204
0.330428 0 0.669572
0.329289 0 0.670711
0.328101 0 0.671898
0.326975 0 0.673025
0.325629 0 0.674371
0.324364 0 0.675636
0.32328 0 0.67672
0.322135 0 0.677865
0.320811 0 0.679189
0.319602 0 0.680398
0.318493 0 0.681507
0.317501 0 0.682499
0.31622 0 0.68378
0.315029 0 0.684971
0.313937 0 0.686063
0.312848 0 0.687152
0.311665 0 0.688335
0.310578 0 0.689422
0.30951 0 0.69049
0.308505 0 0.691495
0.307297 0 0.692703
0.306209 0 0.693791
0.305183 0 0.694817
0.304212 0 0.695788
0.303121 0 0.696879
0.301998 0 0.698002
0.301021 0 0.698979
0.300053 0 0.699947
0.298899 0 0.701101
0.297883 0 0.702117
0.296988 0 0.703012
0.295915 0 0.704085
0.294906 0 0.705094
0.293921 0 0.706079
0.292918 0 0.707082
0.465645 0 0.534355
0.464171 0 0.535829
0.462679 0 0.537321
0.461095 0 0.538905
0.459382 0 0.540618
0.45785 0 0.54215
0.456269 0 0.543731
0.454714 0 0.545286
0.453146 0 0.546854
0.451566 0 0.548434
0.449976 0 0.550024
0.448373 0 0.551627
0.446761 0 0.553239
0.445141 0 0.554859
0.44351 0 0.55649
0.44187 0 0.55813
0.440223 0 0.559777
0.438566 0 0.561434
0.4369 0 0.5631
0.43523 0 0.56477
0.43355 0 0.56645
0.431865 0 0.568135
0.430173 0 0.569827
0.428475 0 0.571525
0.426772 0 0.573228
0.425063 0 0.574937
0.42335 0 0.57665
0.421633 0 0.578367
0.419911 0 0.580089
0.418186 0 0.581814
0.416458 0 0.583542
0.414726 0 0.585274
0.412993 0 0.587008
0.411272 0 0.588728
0.409516 0 0.590484
0.407776 0 0.592224
0.406074 0 0.593926
0.404411 0 0.595589
0.402702 0 0.597298
0.40106 0 0.59894
0.399332 0 0.600668
0.397587 0 0.602413
0.151428 0 0.848572
0.136598 0 0.863402
0.124406 0 0.875594
0.121761 0 0.878239
0.0673089 0 0.932691
0.0672878 0 0.932712
0.0672704 0 0.93273
0.0639284 0 0.936072
0.0639184 0 0.936082
0.0639108 0 0.936089
0.063907 0 0.936093
0.0639063 0 0.936094
0.0639083 0 0.936092
0.0639143 0 0.936086
0.0639227 0 0.936077
0.0639351 0 0.936065
0.0639502 0 0.93605
0.0672984 0 0.932702
0.0673211 0 0.932679
0.0673469 0 0.932653
0.0673767 0 0.932623
0.0674094 0 0.932591
0.0651357 0 0.934864
0.0640908 0 0.935909
0.0641321 0 0.935868
0.0641757 0 0.935824
0.0642237 0 0.935776
0.0642743 0 0.935726
0.0643284 0 0.935672
0.0643857 0 0.935614
0.064446 0 0.935554
0.0645103 0 0.93549
0.0645776 0 0.935422
0.0680717 0 0.931928
0.0681498 0 0.93185
0.341148 0 0.658852
0.339194 0 0.660806
0.337266 0 0.662734
0.335538 0 0.664462
0.334145 0 0.665855
0.3326 0 0.6674
0.0367204 0 0.96328
0.0357827 0 0.964217
0.035814 0 0.964186
0.0358468 0 0.964153
0.0358817 0 0.964118
0.0359189 0 0.964081
0.0359575 0 0.964042
0.321337 0 0.678663
0.320197 0 0.679803
0.319128 0 0.680872
0.318135 0 0.681865
0.317124 0 0.682876
0.315947 0 0.684053
0.314931 0 0.685069
0.313827 0 0.686173
0.312722 0 0.687278
0.311726 0 0.688274
0.310708 0 0.689292
0.309521 0 0.69048
0.308526 0 0.691474
0.307481 0 0.692519
0.306325 0 0.693675
0.305333 0 0.694667
0.304341 0 0.695659
0.303278 0 0.696722
0.302149 0 0.697851
0.301159 0 0.698841
0.300037 0 0.699963
0.298976 0 0.701024
0.297991 0 0.702009
0.297008 0 0.702992
0.29589 0 0.70411
0.294837 0 0.705163
0.293831 0 0.706169
0.292702 0 0.707298
0.291703 0 0.708297
0.290729 0 0.709271
0.289588 0 0.710412
0.288587 0 0.711413
0.28762 0 0.71238
0.286611 0 0.713389
0.285506 0 0.714494
0.284532 0 0.715468
0.283527 0 0.716473
0.282422 0 0.717578
0.28147 0 0.71853
0.28052 0 0.719481
0.27955 0 0.72045
0.278471 0 0.721529
0.27753 0 0.72247
0.27663 0 0.72337
0.275806 0 0.724194
0.275021 0 0.724979
0.274299 0 0.725701
0.273727 0 0.726273
0.273071 0 0.726929
0.272389 0 0.727611
0.271741 0 0.728259
0.271132 0 0.728868
0.270486 0 0.729514
0.270076 0 0.729924
0.269745 0 0.730255
0.26949 0 0.73051
0.269001 0 0.730999
0.268459 0 0.731541
0.267921 0 0.732079
0.267387 0 0.732613
0.266748 0 0.733252
0.392575 0 0.607425
0.391511 0 0.608489
0.390438 0 0.609562
0.389351 0 0.610649
0.388256 0 0.611744
0.38715 0 0.61285
0.386034 0 0.613966
0.384908 0 0.615092
0.383752 0 0.616248
0.382521 0 0.617479
0.381429 0 0.618571
0.380148 0 0.619852
0.378998 0 0.621002
0.377796 0 0.622204
0.376548 0 0.623452
0.375424 0 0.624576
0.374129 0 0.625871
0.372923 0 0.627077
0.371707 0 0.628293
0.370486 0 0.629514
0.36926 0 0.63074
0.368027 0 0.631973
0.366788 0 0.633212
0.365543 0 0.634457
0.364295 0 0.635705
0.36304 0 0.63696
0.361782 0 0.638218
0.360518 0 0.639482
0.359251 0 0.640749
0.35798 0 0.64202
0.356705 0 0.643295
0.355426 0 0.644574
0.354143 0 0.645857
0.35286 0 0.64714
0.351571 0 0.648429
0.350282 0 0.649718
0.34902 0 0.65098
0.347716 0 0.652284
0.346462 0 0.653538
0.345222 0 0.654778
0.343865 0 0.656135
0.155865 0 0.844135
0.136731 0 0.863269
0.124518 0 0.875482
0.121773 0 0.878227
0.0673123 0 0.932688
0.0670699 0 0.93293
0.067063 0 0.932937
0.0639317 0 0.936068
0.0639215 0 0.936079
0.0639139 0 0.936086
0.0639103 0 0.93609
0.0639096 0 0.93609
0.0639116 0 0.936088
0.0639173 0 0.936083
0.0639262 0 0.936074
0.0639381 0 0.936062
0.0672822 0 0.932718
0.0673015 0 0.932698
0.0673242 0 0.932676
0.0673505 0 0.932649
0.0673798 0 0.93262
0.0674127 0 0.932587
0.0674488 0 0.932551
0.0640943 0 0.935906
0.0641349 0 0.935865
0.0641793 0 0.935821
0.0642265 0 0.935773
0.0642775 0 0.935722
0.0643317 0 0.935668
0.0643889 0 0.935611
0.0644493 0 0.935551
0.0645136 0 0.935486
0.068001 0 0.931999
0.0680755 0 0.931925
0.0681532 0 0.931847
0.295902 0 0.704098
0.29472 0 0.70528
0.293141 0 0.706859
0.29332 0 0.70668
0.293158 0 0.706842
0.292553 0 0.707447
0.036734 0 0.963266
0.0357784 0 0.964222
0.0358097 0 0.96419
0.0358428 0 0.964157
0.0358778 0 0.964122
0.0359146 0 0.964085
0.0359532 0 0.964047
0.282708 0 0.717292
0.281938 0 0.718062
0.281165 0 0.718835
0.280272 0 0.719728
0.279422 0 0.720578
0.278647 0 0.721353
0.27779 0 0.72221
0.276901 0 0.723099
0.276123 0 0.723877
0.275345 0 0.724655
0.274591 0 0.725409
0.273722 0 0.726278
0.272949 0 0.727051
0.272177 0 0.727823
0.271408 0 0.728592
0.27073 0 0.72927
0.269969 0 0.730031
0.269253 0 0.730747
0.268515 0 0.731485
0.267836 0 0.732164
0.2672 0 0.7328
0.266584 0 0.733416
0.265963 0 0.734037
0.26537 0 0.73463
0.264737 0 0.735263
0.264191 0 0.735809
0.263566 0 0.736434
0.262942 0 0.737058
0.262322 0 0.737678
0.261731 0 0.738269
0.261119 0 0.738881
0.260594 0 0.739406
0.26001 0 0.73999
0.2594 0 0.7406
0.258787 0 0.741213
0.258203 0 0.741797
0.257606 0 0.742394
0.257088 0 0.742912
0.25661 0 0.74339
0.25611 0 0.74389
0.255817 0 0.744183
0.255406 0 0.744594
0.254967 0 0.745033
0.254375 0 0.745625
0.253856 0 0.746144
0.253365 0 0.746635
0.252878 0 0.747122
0.252392 0 0.747608
0.251876 0 0.748124
0.2513 0 0.7487
0.250819 0 0.749181
0.250344 0 0.749656
0.249872 0 0.750128
0.24939 0 0.75061
0.248842 0 0.751158
0.248335 0 0.751665
0.247873 0 0.752127
0.247413 0 0.752587
0.246956 0 0.753044
0.246428 0 0.753572
0.245917 0 0.754083
0.245468 0 0.754532
0.339478 0 0.660522
0.338637 0 0.661363
0.33773 0 0.66227
0.336927 0 0.663073
0.33604 0 0.66396
0.335139 0 0.664861
0.334292 0 0.665708
0.333437 0 0.666563
0.332575 0 0.667425
0.331705 0 0.668295
0.330828 0 0.669172
0.329943 0 0.670057
0.329053 0 0.670947
0.328155 0 0.671845
0.327251 0 0.672749
0.326341 0 0.673659
0.325409 0 0.674591
0.324503 0 0.675497
0.323528 0 0.676472
0.322589 0 0.677411
0.321695 0 0.678305
0.32067 0 0.67933
0.319643 0 0.680357
0.318654 0 0.681346
0.317761 0 0.682239
0.316747 0 0.683253
0.315774 0 0.684227
0.314871 0 0.685129
0.313828 0 0.686172
0.312873 0 0.687127
0.311937 0 0.688063
0.310888 0 0.689112
0.309956 0 0.690044
0.308986 0 0.691014
0.30794 0 0.69206
0.307025 0 0.692975
0.306022 0 0.693978
0.304966 0 0.695034
0.30391 0 0.69609
0.302979 0 0.697021
0.155816 0 0.844184
0.142981 0 0.857019
0.124632 0 0.875368
0.121786 0 0.878214
0.0673165 0 0.932683
0.0668412 0 0.933159
0.0668347 0 0.933165
0.0668315 0 0.933168
0.0640192 0 0.935981
0.0640014 0 0.935999
0.0639873 0 0.936013
0.0639759 0 0.936024
0.0639684 0 0.936032
0.0639642 0 0.936036
0.0639629 0 0.936037
0.0639656 0 0.936034
0.0669448 0 0.933055
0.0669735 0 0.933026
0.0670056 0 0.932994
0.0670404 0 0.93296
0.067079 0 0.932921
0.06712 0 0.93288
0.067165 0 0.932835
0.0649149 0 0.935085
0.0641732 0 0.935827
0.064209 0 0.935791
0.0642485 0 0.935751
0.0642914 0 0.935709
0.0643375 0 0.935663
0.064393 0 0.935607
0.0644534 0 0.935547
0.0645172 0 0.935483
0.0677949 0 0.932205
0.0680796 0 0.93192
0.0681578 0 0.931842
0.263268 0 0.736732
0.262419 0 0.737581
0.261571 0 0.738429
0.260825 0 0.739175
0.260054 0 0.739946
0.259206 0 0.740794
0.0367482 0 0.963252
0.0357746 0 0.964225
0.0358055 0 0.964194
0.035839 0 0.964161
0.035874 0 0.964126
0.0359108 0 0.964089
0.0359494 0 0.964051
0.0360183 0 0.963982
0.257384 0 0.742616
0.255647 0 0.744353
0.255076 0 0.744924
0.254516 0 0.745484
0.254021 0 0.745979
0.253459 0 0.746541
0.252902 0 0.747098
0.252381 0 0.747619
0.251817 0 0.748183
0.251304 0 0.748696
0.250748 0 0.749252
0.250186 0 0.749814
0.249625 0 0.750375
0.24911 0 0.75089
0.248608 0 0.751392
0.248056 0 0.751944
0.247536 0 0.752464
0.246986 0 0.753013
0.246478 0 0.753522
0.246 0 0.754
0.245456 0 0.754544
0.245001 0 0.754999
0.244603 0 0.755397
0.244152 0 0.755848
0.243692 0 0.756308
0.243234 0 0.756766
0.242778 0 0.757222
0.242323 0 0.757677
0.241837 0 0.758163
0.241308 0 0.758692
0.240846 0 0.759154
0.240399 0 0.759601
0.239955 0 0.760045
0.239513 0 0.760487
0.239072 0 0.760928
0.238569 0 0.761431
0.238071 0 0.761929
0.237637 0 0.762363
0.237205 0 0.762795
0.236773 0 0.763227
0.236345 0 0.763655
0.235859 0 0.764141
0.235371 0 0.764629
0.234948 0 0.765052
0.234528 0 0.765472
0.23411 0 0.76589
0.23365 0 0.76635
0.233157 0 0.766843
0.232745 0 0.767255
0.232336 0 0.767664
0.231927 0 0.768073
0.231522 0 0.768478
0.231098 0 0.768902
0.230616 0 0.769384
0.230196 0 0.769804
0.229799 0 0.770201
0.229404 0 0.770596
0.229011 0 0.770989
0.228616 0 0.771384
0.228147 0 0.771853
0.227724 0 0.772276
0.0434786 0 0.956521
0.30132 0 0.69868
0.300549 0 0.69945
0.29978 0 0.70022
0.29901 0 0.70099
0.298291 0 0.701709
0.297555 0 0.702445
0.296805 0 0.703195
0.296085 0 0.703915
0.295318 0 0.704682
0.294535 0 0.705465
0.293744 0 0.706256
0.292953 0 0.707047
0.292162 0 0.707838
0.291456 0 0.708544
0.290731 0 0.709269
0.289831 0 0.710169
0.288986 0 0.711014
0.288133 0 0.711867
0.287259 0 0.712741
0.28633 0 0.71367
0.285399 0 0.714601
0.284566 0 0.715434
0.283722 0 0.716278
0.282783 0 0.717217
0.281923 0 0.718077
0.28109 0 0.71891
0.280145 0 0.719855
0.279198 0 0.720802
0.278251 0 0.721749
0.277419 0 0.722581
0.276538 0 0.723462
0.275586 0 0.724414
0.274736 0 0.725264
0.273864 0 0.726136
0.272909 0 0.727091
0.272042 0 0.727958
0.27118 0 0.72882
0.270223 0 0.729777
0.269224 0 0.730776
0.155769 0 0.844231
0.142614 0 0.857386
0.125376 0 0.874624
0.121778 0 0.878222
0.0669092 0 0.933091
0.0668186 0 0.933181
0.066801 0 0.933199
0.066787 0 0.933213
0.0642555 0 0.935745
0.0642378 0 0.935762
0.0642235 0 0.935776
0.0642122 0 0.935788
0.0642046 0 0.935795
0.0642 0 0.9358
0.0641991 0 0.935801
0.0667936 0 0.933206
0.0668094 0 0.933191
0.0668288 0 0.933171
0.0668513 0 0.933149
0.0668772 0 0.933123
0.0669063 0 0.933094
0.0669392 0 0.933061
0.0669748 0 0.933025
0.0670141 0 0.932986
0.0644109 0 0.935589
0.0644469 0 0.935553
0.0644868 0 0.935513
0.0645295 0 0.93547
0.0645761 0 0.935424
0.0646261 0 0.935374
0.0646797 0 0.93532
0.0674845 0 0.932516
0.0675619 0 0.932438
0.067643 0 0.932357
0.0677277 0 0.932272
0.242767 0 0.757233
0.242229 0 0.757771
0.241689 0 0.758311
0.24113 0 0.75887
0.240503 0 0.759497
0.239831 0 0.760169
0.0367631 0 0.963237
0.0357715 0 0.964228
0.0358025 0 0.964197
0.0358353 0 0.964165
0.0358706 0 0.964129
0.0359075 0 0.964093
0.0359461 0 0.964054
0.0360128 0 0.963987
0.239744 0 0.760256
0.238965 0 0.761035
0.237087 0 0.762913
0.236235 0 0.763765
0.235087 0 0.764913
0.23425 0 0.76575
0.233808 0 0.766192
0.233152 0 0.766848
0.232738 0 0.767262
0.232386 0 0.767614
0.232044 0 0.767956
0.231656 0 0.768344
0.231217 0 0.768783
0.230791 0 0.769209
0.230386 0 0.769614
0.229926 0 0.770074
0.229455 0 0.770545
0.229006 0 0.770994
0.228549 0 0.771451
0.228098 0 0.771902
0.227633 0 0.772367
0.227235 0 0.772765
0.22684 0 0.77316
0.226377 0 0.773623
0.225947 0 0.774053
0.225482 0 0.774518
0.225074 0 0.774926
0.224683 0 0.775317
0.224228 0 0.775772
0.223763 0 0.776237
0.22332 0 0.77668
0.222848 0 0.777152
0.222451 0 0.777549
0.222042 0 0.777958
0.221577 0 0.778423
0.221108 0 0.778892
0.220636 0 0.779364
0.220217 0 0.779783
0.219825 0 0.780175
0.219361 0 0.780639
0.218888 0 0.781112
0.218415 0 0.781585
0.217985 0 0.782015
0.217546 0 0.782454
0.217086 0 0.782914
0.216664 0 0.783336
0.21619 0 0.78381
0.215759 0 0.784241
0.215368 0 0.784632
0.214913 0 0.785087
0.21444 0 0.78556
0.213969 0 0.786031
0.213541 0 0.786459
0.213152 0 0.786848
0.212693 0 0.787307
0.212221 0 0.787779
0.211751 0 0.788249
0.211336 0 0.788664
0.210949 0 0.789051
0.210481 0 0.789519
0.210012 0 0.789988
0.043489 0 0.956511
0.043182 0 0.956818
0.267904 0 0.732096
0.267129 0 0.732871
0.266354 0 0.733646
0.26555 0 0.73445
0.264725 0 0.735275
0.263972 0 0.736028
0.263221 0 0.736779
0.262471 0 0.73753
0.26169 0 0.73831
0.260835 0 0.739165
0.260027 0 0.739973
0.259364 0 0.740636
0.258575 0 0.741425
0.257703 0 0.742297
0.255403 0 0.744597
0.252568 0 0.747432
0.252575 0 0.747425
0.253353 0 0.746647
0.253218 0 0.746782
0.252555 0 0.747445
0.251788 0 0.748212
0.251646 0 0.748354
0.25156 0 0.74844
0.251376 0 0.748624
0.251155 0 0.748845
0.250936 0 0.749064
0.249817 0 0.750183
0.24888 0 0.75112
0.248179 0 0.751821
0.247451 0 0.752549
0.24663 0 0.75337
0.243361 0 0.756639
0.241641 0 0.758359
0.240589 0 0.759411
0.239809 0 0.760191
0.239027 0 0.760973
0.238241 0 0.761759
0.237453 0 0.762547
0.155829 0 0.844171
0.142678 0 0.857322
0.125492 0 0.874508
0.121805 0 0.878195
0.0669092 0 0.933091
0.0668244 0 0.933176
0.0668071 0 0.933193
0.0667929 0 0.933207
0.0667819 0 0.933218
0.0667743 0 0.933226
0.0667703 0 0.93323
0.0667694 0 0.933231
0.066772 0 0.933228
0.0667777 0 0.933222
0.0667868 0 0.933213
0.0667992 0 0.933201
0.0668152 0 0.933185
0.0668346 0 0.933165
0.0668569 0 0.933143
0.0668828 0 0.933117
0.0669123 0 0.933088
0.0669448 0 0.933055
0.0669808 0 0.933019
0.0670201 0 0.93298
0.0670631 0 0.932937
0.0671092 0 0.932891
0.0671586 0 0.932841
0.0672117 0 0.932788
0.0672684 0 0.932732
0.0648679 0 0.935132
0.0673915 0 0.932609
0.0674583 0 0.932542
0.0675287 0 0.932471
0.0676024 0 0.932398
0.0676974 0 0.932303
0.221514 0 0.778486
0.221198 0 0.778802
0.22085 0 0.77915
0.220484 0 0.779516
0.220118 0 0.779882
0.219751 0 0.780249
0.0367782 0 0.963222
0.0357686 0 0.964231
0.0357996 0 0.9642
0.0358328 0 0.964167
0.0358677 0 0.964132
0.0359046 0 0.964095
0.0359432 0 0.964057
0.0360075 0 0.963993
0.216475 0 0.783525
0.216046 0 0.783954
0.215586 0 0.784414
0.215299 0 0.784701
0.214865 0 0.785135
0.214569 0 0.785431
0.214196 0 0.785804
0.213923 0 0.786077
0.213635 0 0.786365
0.21338 0 0.78662
0.213153 0 0.786847
0.212963 0 0.787037
0.212794 0 0.787206
0.212561 0 0.787439
0.212299 0 0.787701
0.211974 0 0.788026
0.211659 0 0.788341
0.211202 0 0.788798
0.210806 0 0.789194
0.210311 0 0.789689
0.209846 0 0.790154
0.209289 0 0.790711
0.208771 0 0.791229
0.208195 0 0.791805
0.207723 0 0.792277
0.207054 0 0.792946
0.20649 0 0.79351
0.205909 0 0.794091
0.20536 0 0.79464
0.204828 0 0.795172
0.204284 0 0.795716
0.203661 0 0.796339
0.203023 0 0.796977
0.202411 0 0.797589
0.201837 0 0.798163
0.201359 0 0.798641
0.200863 0 0.799137
0.200385 0 0.799614
0.199881 0 0.800119
0.199385 0 0.800615
0.198699 0 0.801301
0.198107 0 0.801893
0.197621 0 0.802379
0.197161 0 0.802839
0.196726 0 0.803275
0.196264 0 0.803736
0.195806 0 0.804194
0.195243 0 0.804757
0.194765 0 0.805236
0.194261 0 0.805739
0.193805 0 0.806195
0.19337 0 0.80663
0.192947 0 0.807053
0.192523 0 0.807477
0.192061 0 0.807939
0.191554 0 0.808446
0.191041 0 0.808959
0.190608 0 0.809392
0.190179 0 0.809821
0.18977 0 0.81023
0.18937 0 0.81063
0.0435 0 0.9565
0.0431929 0 0.956807
0.0428927 0 0.957107
0.242918 0 0.757082
0.242632 0 0.757367
0.2424 0 0.7576
0.241867 0 0.758133
0.241299 0 0.758701
0.240328 0 0.759672
0.239139 0 0.760861
0.237955 0 0.762045
0.236824 0 0.763176
0.235748 0 0.764252
0.234598 0 0.765402
0.233434 0 0.766566
0.232274 0 0.767726
0.231494 0 0.768506
0.230817 0 0.769183
0.230394 0 0.769606
0.231022 0 0.768978
0.232014 0 0.767986
0.23221 0 0.76779
0.232395 0 0.767605
0.231804 0 0.768196
0.231197 0 0.768803
0.228168 0 0.771832
0.227136 0 0.772864
0.225977 0 0.774023
0.224669 0 0.775331
0.221662 0 0.778338
0.220505 0 0.779495
0.219267 0 0.780733
0.218303 0 0.781697
0.21742 0 0.78258
0.216583 0 0.783417
0.215748 0 0.784252
0.214914 0 0.785086
0.214002 0 0.785998
0.213102 0 0.786898
0.212326 0 0.787674
0.156002 0 0.843998
0.140656 0 0.859344
0.125612 0 0.874388
0.122112 0 0.877888
0.0673346 0 0.932665
0.0668311 0 0.933169
0.0668138 0 0.933186
0.0667995 0 0.9332
0.0667886 0 0.933211
0.0667812 0 0.933219
0.066777 0 0.933223
0.0667762 0 0.933224
0.0667787 0 0.933221
0.0667844 0 0.933216
0.066794 0 0.933206
0.0668064 0 0.933194
0.0668221 0 0.933178
0.066841 0 0.933159
0.0668638 0 0.933136
0.0668897 0 0.93311
0.0669192 0 0.933081
0.0669516 0 0.933048
0.0669877 0 0.933012
0.067027 0 0.932973
0.06707 0 0.93293
0.0671158 0 0.932884
0.0671652 0 0.932835
0.0672183 0 0.932782
0.067275 0 0.932725
0.0673349 0 0.932665
0.0673981 0 0.932602
0.067465 0 0.932535
0.0675354 0 0.932465
0.0676095 0 0.932391
0.0681751 0 0.931825
0.206421 0 0.793579
0.206128 0 0.793872
0.205745 0 0.794255
0.20534 0 0.79466
0.204935 0 0.795065
0.204529 0 0.795471
0.0367941 0 0.963206
0.0358144 0 0.964186
0.0358493 0 0.964151
0.0358856 0 0.964114
0.0359244 0 0.964076
0.0359651 0 0.964035
0.0360076 0 0.963992
0.201412 0 0.798588
0.201009 0 0.798992
0.200604 0 0.799396
0.200201 0 0.799799
0.199798 0 0.800202
0.0361429 0 0.963857
0.03619 0 0.96381
0.198697 0 0.801303
0.198307 0 0.801693
0.197906 0 0.802094
0.197505 0 0.802495
0.197105 0 0.802895
0.196705 0 0.803295
0.196306 0 0.803694
0.195929 0 0.804071
0.195585 0 0.804415
0.195228 0 0.804772
0.194831 0 0.805169
0.194435 0 0.805565
0.194039 0 0.805961
0.193644 0 0.806356
0.193251 0 0.806749
0.192857 0 0.807143
0.192464 0 0.807536
0.192073 0 0.807927
0.191713 0 0.808287
0.191374 0 0.808626
0.191015 0 0.808985
0.190627 0 0.809373
0.190239 0 0.809761
0.189852 0 0.810148
0.189467 0 0.810533
0.189151 0 0.810849
0.188759 0 0.811241
0.188474 0 0.811526
0.18813 0 0.81187
0.187813 0 0.812187
0.187395 0 0.812605
0.187011 0 0.812989
0.18657 0 0.81343
0.186152 0 0.813848
0.185872 0 0.814128
0.185593 0 0.814407
0.185329 0 0.814671
0.185094 0 0.814906
0.18478 0 0.81522
0.184477 0 0.815523
0.184138 0 0.815862
0.183825 0 0.816175
0.183418 0 0.816582
0.18306 0 0.81694
0.182723 0 0.817277
0.182289 0 0.817711
0.181985 0 0.818015
0.181693 0 0.818307
0.181364 0 0.818636
0.181101 0 0.818899
0.180765 0 0.819235
0.180382 0 0.819618
0.179914 0 0.820086
0.179413 0 0.820587
0.179108 0 0.820892
0.0435115 0 0.956488
0.0432044 0 0.956796
0.0429037 0 0.957096
0.0426099 0 0.95739
 ] }
}
