# Real Time: 715.541
# Simulation Time: 12.73
# Radar Position: 878.984 -203.587 3.0296
# Radar Quat: 0.0364491 -0.0146207 0.292622 0.955421
PointSet {
 coord Coordinate { point [
881.701 -208.31 3.30302
905.511 -241.862 5.0589
909.139 -241.743 4.91536
920.081 -241.774 4.53255
921.88 -237.233 4.13004
918.145 -226.311 3.44691
918.35 -226.064 3.42274
890.524 -209.433 3.09291
890.622 -209.381 3.08621
892.027 -209.306 3.03815
919.718 -220.495 2.98575
881.699 -208.309 3.28382
905.502 -241.87 4.89647
909.127 -241.749 4.74563
920.051 -241.767 4.33646
921.847 -237.226 3.93964
918.142 -226.323 3.28924
918.337 -226.071 3.26482
890.506 -209.428 3.04774
890.567 -209.357 3.04079
892.023 -209.527 3.00351
892.023 -209.308 2.98847
919.724 -220.51 2.83208
881.697 -208.309 3.26463
905.494 -241.88 4.73414
909.117 -241.757 4.57607
913.201 -239.171 4.2247
920.026 -241.766 4.14075
921.817 -237.222 3.74953
918.14 -226.336 3.13156
918.324 -226.078 3.10697
890.503 -209.43 3.00267
890.559 -209.357 2.99565
891.733 -209.398 2.9552
892.023 -209.313 2.93878
892.758 -209.523 2.92598
891.812 -209.007 2.92598
891.942 -208.956 2.91779
892.179 -208.947 2.90854
892.432 -208.941 2.89892
892.709 -208.941 2.88884
892.996 -208.941 2.8784
881.696 -208.309 3.24545
905.487 -241.892 4.57189
909.108 -241.767 4.4066
913.168 -239.157 4.05201
920.007 -241.77 3.94531
921.789 -237.219 3.55965
918.138 -226.35 2.97385
918.311 -226.085 2.94917
890.469 -209.416 2.9578
890.551 -209.357 2.95056
891.968 -209.842 2.92598
891.105 -209.321 2.92598
890.75 -209.052 2.92237
890.754 -208.954 2.91576
890.955 -208.946 2.90717
891.172 -208.941 2.89823
891.406 -208.941 2.88892
891.648 -208.941 2.87931
891.911 -208.947 2.86922
892.169 -208.947 2.85895
892.436 -208.947 2.84834
892.713 -208.947 2.83736
893 -208.947 2.82599
936.926 -216.133 1.56168
936.03 -215.523 1.55784
881.694 -208.309 3.22628
905.481 -241.906 4.40971
909.1 -241.779 4.2372
913.15 -239.157 3.87994
919.993 -241.777 3.75006
921.763 -237.218 3.36995
918.136 -226.363 2.8161
918.299 -226.093 2.79141
890.75 -209.772 2.92349
890.75 -209.668 2.9167
890.469 -209.42 2.91283
890.543 -209.357 2.90551
890.758 -209.362 2.89659
890.758 -209.261 2.89
890.758 -209.16 2.88347
890.758 -209.059 2.87698
890.758 -208.96 2.87055
890.95 -208.947 2.86145
891.176 -208.947 2.8517
891.41 -208.947 2.84163
891.652 -208.947 2.83125
891.901 -208.947 2.82052
892.135 -208.937 2.80984
892.388 -208.932 2.79862
892.689 -208.942 2.78633
892.988 -208.947 2.77382
935.512 -217.085 1.4744
934.66 -216.471 1.47192
933.822 -215.875 1.46994
932.822 -215.257 1.47351
931.84 -214.658 1.47757
930.848 -214.073 1.48292
881.692 -208.309 3.20713
905.477 -241.922 4.24759
909.093 -241.791 4.06783
913.136 -239.162 3.70806
919.983 -241.789 3.55492
921.738 -237.218 3.18042
918.135 -226.377 2.65831
918.288 -226.101 2.6337
890.758 -209.78 2.87699
890.758 -209.676 2.87037
890.469 -209.424 2.86786
890.536 -209.357 2.86051
890.758 -209.366 2.8508
890.758 -209.265 2.84437
890.758 -209.163 2.83799
890.758 -209.063 2.83165
890.758 -208.963 2.82535
890.941 -208.947 2.81582
891.168 -208.947 2.80535
891.37 -208.934 2.79513
891.63 -208.942 2.78363
891.879 -208.942 2.77212
892.137 -208.942 2.76023
892.403 -208.942 2.74792
892.679 -208.942 2.73518
892.977 -208.947 2.7217
934.16 -218.002 1.39036
933.346 -217.385 1.38927
932.53 -216.781 1.38908
931.566 -216.154 1.39438
930.625 -215.549 1.39989
929.598 -214.939 1.4091
929.492 -214.546 1.38946
929.378 -214.154 1.37022
929.198 -213.751 1.35339
928.963 -213.341 1.33865
881.69 -208.308 3.18799
905.475 -241.941 4.08548
909.087 -241.805 3.89846
913.124 -239.169 3.53625
919.979 -241.807 3.35983
921.714 -237.218 2.99102
918.134 -226.391 2.50044
918.277 -226.109 2.47599
890.808 -209.811 2.82968
890.758 -209.68 2.82407
890.419 -209.403 2.82375
890.528 -209.357 2.81555
890.758 -209.37 2.80499
890.758 -209.268 2.79871
890.758 -209.167 2.79248
890.758 -209.067 2.78629
890.758 -208.967 2.78014
890.933 -208.947 2.77023
891.159 -208.947 2.75905
891.381 -208.942 2.74777
891.621 -208.942 2.73587
891.87 -208.942 2.72358
892.127 -208.942 2.71086
892.393 -208.942 2.69771
892.668 -208.942 2.68409
892.953 -208.942 2.66998
934.382 -219.738 1.28655
932.859 -218.886 1.30938
932.081 -218.266 1.30961
931.288 -217.654 1.31112
930.354 -217.019 1.31815
929.453 -216.408 1.32503
928.398 -215.773 1.33808
928.293 -215.383 1.31919
928.191 -214.997 1.3004
928.041 -214.602 1.28347
927.823 -214.196 1.26921
927.607 -213.794 1.25514
927.228 -213.363 1.24734
926.361 -212.844 1.25817
920.885 -211.467 1.44416
881.689 -208.308 3.16886
905.476 -241.964 3.9234
909.082 -241.82 3.72907
913.114 -239.178 3.36449
919.985 -241.834 3.1647
921.691 -237.219 2.80173
918.134 -226.405 2.34251
918.267 -226.117 2.31829
890.808 -209.815 2.78301
890.758 -209.684 2.77776
890.419 -209.407 2.77892
890.52 -209.357 2.77064
890.758 -209.374 2.75916
890.758 -209.272 2.75304
890.758 -209.171 2.74696
890.758 -209.071 2.74091
890.758 -208.971 2.73491
890.924 -208.947 2.72468
891.15 -208.947 2.7128
891.372 -208.942 2.70083
891.612 -208.942 2.68817
891.86 -208.942 2.67509
892.117 -208.942 2.66155
892.383 -208.942 2.64755
892.658 -208.942 2.63306
892.942 -208.942 2.61803
932.379 -220.387 1.22942
931.604 -219.74 1.23117
930.859 -219.116 1.23269
930.09 -218.499 1.23578
929.196 -217.858 1.24414
928.332 -217.241 1.25232
927.251 -216.579 1.26928
927.142 -216.191 1.25138
927.046 -215.808 1.23321
926.93 -215.423 1.21594
926.723 -215.019 1.20232
926.514 -214.619 1.18901
926.17 -214.193 1.18124
925.382 -213.676 1.19143
920.076 -212.219 1.38327
919.408 -211.784 1.39211
919.177 -211.446 1.38366
919.028 -211.127 1.3721
918.878 -210.811 1.36072
881.687 -208.308 3.14974
905.486 -242.001 3.76144
909.078 -241.836 3.55965
913.105 -239.188 3.19273
889.996 -212.76 2.95105
889.992 -212.627 2.94367
889.994 -212.501 2.93632
921.67 -237.221 2.61253
918.134 -226.419 2.18449
918.257 -226.126 2.16059
890.758 -209.793 2.73755
890.758 -209.688 2.73143
890.419 -209.411 2.73408
890.513 -209.357 2.72576
890.758 -209.378 2.71331
890.758 -209.276 2.70734
890.758 -209.175 2.70141
890.758 -209.075 2.69552
890.758 -208.975 2.68966
890.916 -208.947 2.67918
891.141 -208.947 2.66659
891.363 -208.942 2.65393
891.603 -208.942 2.64051
891.851 -208.942 2.62664
892.107 -208.942 2.6123
892.372 -208.942 2.59745
892.647 -208.942 2.58208
892.932 -208.942 2.56615
934.95 -222.944 1.04098
931.124 -221.213 1.15274
930.389 -220.566 1.1555
929.668 -219.936 1.15854
928.923 -219.312 1.16319
928.062 -218.665 1.17299
927.233 -218.043 1.1824
926.143 -217.358 1.20278
926.028 -216.969 1.18599
925.941 -216.591 1.1683
925.832 -216.209 1.15162
925.66 -215.814 1.13765
925.463 -215.417 1.12492
925.161 -214.998 1.11674
924.418 -214.478 1.12735
919.255 -212.94 1.32563
918.645 -212.507 1.33392
918.446 -212.173 1.32505
918.3 -211.855 1.31406
918.155 -211.539 1.30321
918.016 -211.228 1.29227
917.874 -210.918 1.28161
917.768 -210.618 1.26945
917.698 -210.327 1.25578
881.685 -208.308 3.13062
909.075 -241.853 3.39018
893.076 -219.581 3.09558
893.272 -219.577 3.08432
893.474 -219.577 3.07293
893.678 -219.577 3.06138
893.885 -219.577 3.04967
894.094 -219.577 3.03779
913.097 -239.2 3.02097
889.997 -213.718 2.9531
889.993 -213.573 2.94543
889.989 -213.431 2.93785
889.985 -213.29 2.93036
889.981 -213.151 2.92297
889.978 -213.014 2.91566
889.974 -212.878 2.90844
889.971 -212.744 2.90129
889.967 -212.612 2.89423
889.964 -212.481 2.88724
890.051 -212.425 2.8791
921.649 -237.224 2.42342
918.135 -226.434 2.02637
918.248 -226.135 2.00289
890.758 -209.797 2.69103
890.758 -209.692 2.68508
890.469 -209.44 2.68775
890.505 -209.358 2.68092
890.758 -209.382 2.66744
890.758 -209.28 2.66163
890.758 -209.179 2.65585
890.758 -209.079 2.6501
890.758 -208.979 2.64439
890.907 -208.947 2.63373
891.133 -208.947 2.62043
891.354 -208.942 2.60708
891.593 -208.942 2.59291
891.841 -208.942 2.57825
892.097 -208.942 2.5631
892.362 -208.942 2.54741
892.636 -208.942 2.53116
892.921 -208.942 2.51431
923.948 -220.564 1.34808
924.102 -220.264 1.32153
924.09 -219.903 1.30127
929.205 -221.362 1.0824
928.521 -220.732 1.08635
927.784 -220.096 1.0931
926.96 -219.445 1.10409
926.177 -218.822 1.11422
925.036 -218.099 1.13981
924.955 -217.721 1.12255
924.87 -217.346 1.10559
924.784 -216.973 1.08877
924.631 -216.583 1.075
924.442 -216.187 1.06296
924.179 -215.775 1.05438
923.495 -215.258 1.06467
918.506 -213.652 1.26739
917.968 -213.226 1.27427
917.728 -212.88 1.26815
917.59 -212.562 1.25756
917.452 -212.248 1.24711
917.317 -211.937 1.23669
917.182 -211.628 1.22644
917.074 -211.329 1.21501
916.999 -211.037 1.20216
916.936 -210.75 1.1888
916.872 -210.465 1.17552
916.809 -210.181 1.16233
916.747 -209.899 1.14913
881.741 -209.302 3.15731
881.684 -208.308 3.11153
909.073 -241.872 3.22065
893.037 -220.473 3.06859
893.037 -220.235 3.05649
893.037 -220.002 3.04457
893.037 -219.772 3.03284
893.065 -219.577 3.02125
893.264 -219.577 3.00956
893.466 -219.577 2.99769
893.67 -219.577 2.98567
893.877 -219.577 2.97347
894.086 -219.577 2.9611
913.09 -239.212 2.84919
889.997 -214.766 2.95495
889.993 -214.607 2.94696
889.99 -214.45 2.93908
889.986 -214.296 2.9313
889.982 -214.144 2.92362
889.978 -213.994 2.91603
889.974 -213.845 2.90855
889.971 -213.699 2.90115
889.967 -213.555 2.89384
889.963 -213.413 2.88662
889.96 -213.273 2.87949
889.956 -213.134 2.87243
889.953 -212.997 2.86546
889.949 -212.862 2.85856
889.946 -212.729 2.85174
889.942 -212.597 2.84499
889.939 -212.467 2.83831
890.045 -212.425 2.82974
921.629 -237.227 2.23439
897.834 -216.042 2.5493
918.137 -226.45 1.86816
918.238 -226.144 1.84518
890.758 -209.801 2.64449
890.758 -209.696 2.6387
890.469 -209.444 2.64267
890.497 -209.358 2.63612
890.722 -209.368 2.62279
890.758 -209.284 2.61589
890.758 -209.183 2.61027
890.758 -209.082 2.60467
890.758 -208.983 2.59909
890.899 -208.947 2.58832
891.124 -208.947 2.57431
891.344 -208.942 2.56028
891.584 -208.942 2.54535
891.831 -208.942 2.52992
892.087 -208.942 2.51395
892.352 -208.942 2.49742
892.626 -208.942 2.4803
892.91 -208.942 2.46255
923.577 -220.438 1.1955
923.675 -220.12 1.17129
923.782 -219.805 1.1467
925.896 -220.203 1.03684
925.136 -219.572 1.04852
923.989 -218.823 1.0777
923.909 -218.448 1.0612
923.834 -218.077 1.04463
923.757 -217.708 1.0283
923.631 -217.326 1.01425
923.454 -216.933 1.00272
923.219 -216.527 0.99408
922.589 -216.012 1.00399
917.788 -214.349 1.21
917.237 -213.909 1.21917
917.027 -213.568 1.21262
916.897 -213.251 1.20241
916.766 -212.938 1.19236
916.636 -212.627 1.18245
916.507 -212.32 1.17258
916.403 -212.02 1.16167
916.317 -211.728 1.1499
916.257 -211.443 1.13695
916.197 -211.159 1.12402
916.136 -210.877 1.11127
916.077 -210.597 1.09847
916.017 -210.318 1.08575
915.96 -210.041 1.07299
915.9 -209.766 1.06044
915.832 -209.49 1.04837
881.732 -209.288 3.1348
881.682 -208.308 3.09244
892.41 -226.321 3.30554
892.497 -226.108 3.29053
892.71 -226.106 3.27796
892.925 -226.104 3.26526
893.142 -226.102 3.25243
909.072 -241.892 3.05103
893.037 -220.482 2.99197
893.037 -220.244 2.9805
893.037 -220.011 2.9692
893.037 -219.781 2.95807
893.057 -219.577 2.94698
890.094 -216.032 2.9558
889.994 -215.748 2.9481
889.99 -215.574 2.93988
889.986 -215.403 2.93178
889.982 -215.235 2.92379
889.978 -215.069 2.91591
889.974 -214.906 2.90814
889.97 -214.745 2.90047
889.966 -214.586 2.8929
889.963 -214.43 2.88543
889.959 -214.276 2.87805
889.955 -214.124 2.87076
889.952 -213.974 2.86356
889.948 -213.827 2.85645
889.945 -213.681 2.84942
889.941 -213.537 2.84247
889.938 -213.396 2.8356
889.934 -213.256 2.82881
889.931 -213.117 2.82209
889.928 -212.981 2.81545
889.924 -212.846 2.80888
889.921 -212.713 2.80237
889.918 -212.582 2.79594
889.915 -212.452 2.78957
890.038 -212.425 2.78041
890.198 -212.425 2.77034
897.818 -216.039 2.47088
918.139 -226.465 1.70983
918.23 -226.153 1.68745
890.758 -209.805 2.59792
890.758 -209.7 2.59231
890.469 -209.448 2.59757
890.489 -209.358 2.59136
890.714 -209.368 2.57732
890.758 -209.288 2.57013
890.758 -209.187 2.56466
890.758 -209.086 2.55921
890.758 -208.986 2.55378
890.89 -208.947 2.54295
891.115 -208.947 2.52824
891.335 -208.942 2.51353
891.575 -208.942 2.49784
891.822 -208.942 2.48162
892.077 -208.942 2.46485
892.342 -208.942 2.44748
892.615 -208.942 2.42948
892.899 -208.942 2.41083
923.427 -220.394 1.03568
923.542 -220.084 1.01084
923.065 -219.558 1.01302
922.899 -219.152 1.00135
922.826 -218.783 0.98554
922.755 -218.417 0.96971
922.652 -218.043 0.955561
922.492 -217.655 0.94424
922.289 -217.256 0.935219
921.698 -216.742 0.945299
917.052 -215.018 1.15546
916.52 -214.573 1.16547
916.343 -214.239 1.15823
916.219 -213.923 1.14847
916.095 -213.61 1.13883
915.969 -213.3 1.12942
915.848 -212.993 1.11994
915.733 -212.691 1.11023
915.653 -212.4 1.09881
915.594 -212.116 1.08635
915.539 -211.835 1.07374
915.482 -211.555 1.06128
915.426 -211.276 1.04885
915.369 -210.999 1.03659
915.313 -210.724 1.02425
915.256 -210.45 1.01209
915.148 -210.168 1.00279
914.978 -209.878 0.997111
914.681 -209.569 0.998832
914.384 -209.266 1.00076
914.095 -208.968 1.00246
881.732 -209.292 3.11265
892.08 -227.26 3.27346
892.08 -226.876 3.25681
881.681 -208.309 3.07336
892.086 -226.145 3.2247
892.278 -226.111 3.21174
892.489 -226.109 3.19892
892.702 -226.107 3.18598
892.917 -226.105 3.1729
893.135 -226.105 3.15969
905.714 -241.844 3.08636
909.073 -241.914 2.8813
889.994 -217.019 2.94864
889.99 -216.824 2.94005
889.986 -216.633 2.9316
889.982 -216.445 2.92328
889.977 -216.26 2.91508
889.974 -216.078 2.90699
889.97 -215.899 2.89903
889.966 -215.723 2.89117
889.962 -215.55 2.88343
889.958 -215.379 2.87579
889.954 -215.212 2.86825
889.95 -215.046 2.86082
889.947 -214.884 2.85348
889.943 -214.723 2.84623
889.94 -214.565 2.83907
889.936 -214.409 2.832
889.933 -214.256 2.82502
889.929 -214.105 2.81812
889.926 -213.955 2.8113
889.922 -213.808 2.80456
889.919 -213.663 2.7979
889.916 -213.52 2.79131
889.912 -213.378 2.78479
889.909 -213.239 2.77834
889.906 -213.101 2.77196
889.903 -212.965 2.76564
889.9 -212.83 2.75939
889.897 -212.698 2.75321
889.894 -212.567 2.74708
889.89 -212.437 2.74101
890.032 -212.425 2.7311
890.191 -212.425 2.7206
897.805 -216.037 2.39244
918.143 -226.481 1.55137
918.222 -226.162 1.52969
890.758 -209.809 2.55133
890.758 -209.704 2.54589
890.469 -209.452 2.55244
890.482 -209.358 2.54663
890.706 -209.368 2.53188
890.758 -209.292 2.52435
890.758 -209.191 2.51903
890.758 -209.09 2.51372
890.758 -208.99 2.50844
890.882 -208.947 2.49763
891.106 -208.947 2.48221
891.327 -208.942 2.46681
891.565 -208.942 2.45037
891.812 -208.942 2.43338
892.068 -208.942 2.41579
892.332 -208.942 2.39759
892.605 -208.942 2.37872
892.888 -208.942 2.35917
921.912 -219.833 0.94325
921.849 -219.468 0.927789
921.781 -219.105 0.912629
921.701 -218.739 0.898244
921.554 -218.354 0.887338
921.371 -217.96 0.878393
920.833 -217.452 0.887809
916.348 -215.675 1.1013
915.857 -215.232 1.11093
915.675 -214.893 1.10483
915.555 -214.578 1.09562
915.438 -214.265 1.0864
915.317 -213.955 1.07747
915.201 -213.649 1.0684
915.084 -213.346 1.05954
915.001 -213.054 1.0489
914.949 -212.773 1.03665
914.895 -212.492 1.02456
914.841 -212.214 1.01252
914.789 -211.937 1.00043
914.735 -211.662 0.988531
914.682 -211.388 0.976593
914.6 -211.11 0.96638
914.482 -210.827 0.958368
914.224 -210.518 0.95869
913.941 -210.209 0.960717
913.657 -209.904 0.962993
913.381 -209.606 0.965076
913.111 -209.313 0.966947
912.842 -209.025 0.969074
912.578 -208.742 0.971088
912.323 -208.465 0.972749
881.733 -209.296 3.09049
892.082 -227.278 3.17921
892.082 -226.893 3.16371
881.679 -208.309 3.05428
892.089 -226.162 3.13379
892.27 -226.111 3.12052
892.481 -226.109 3.10734
892.694 -226.107 3.09402
892.909 -226.105 3.08056
893.13 -226.11 3.06696
905.683 -241.821 2.92384
889.99 -218.23 2.93933
889.985 -218.014 2.93049
889.981 -217.801 2.9218
889.977 -217.593 2.91324
889.972 -217.388 2.90483
889.968 -217.187 2.89654
889.964 -216.99 2.88838
889.96 -216.796 2.88035
889.956 -216.605 2.87243
889.952 -216.417 2.86463
889.948 -216.233 2.85694
889.945 -216.052 2.84936
889.941 -215.874 2.84188
889.937 -215.698 2.83451
889.934 -215.526 2.82723
889.93 -215.356 2.82005
889.926 -215.189 2.81296
889.923 -215.024 2.80596
889.92 -214.862 2.79905
889.916 -214.702 2.79222
889.913 -214.544 2.78547
889.909 -214.389 2.77881
889.906 -214.236 2.77222
889.903 -214.085 2.7657
889.9 -213.936 2.75926
889.896 -213.79 2.75289
889.893 -213.645 2.74659
889.89 -213.502 2.74035
889.887 -213.361 2.73418
889.884 -213.222 2.72807
889.881 -213.084 2.72202
889.878 -212.949 2.71603
889.875 -212.815 2.7101
889.872 -212.682 2.70423
889.869 -212.552 2.69841
889.87 -212.425 2.69254
890.026 -212.425 2.68182
890.185 -212.425 2.67089
897.787 -216.033 2.31425
918.146 -226.498 1.39276
918.214 -226.172 1.37189
890.758 -209.813 2.50472
890.758 -209.708 2.49944
890.459 -209.451 2.50773
890.459 -209.35 2.50263
890.698 -209.368 2.48649
890.758 -209.296 2.47855
890.758 -209.195 2.47337
890.758 -209.094 2.46822
890.758 -208.994 2.46308
890.874 -208.947 2.45234
891.098 -208.947 2.43622
891.318 -208.942 2.42014
891.556 -208.942 2.40295
891.803 -208.942 2.38518
892.058 -208.942 2.36679
892.321 -208.942 2.34774
892.594 -208.942 2.32801
892.877 -208.942 2.30756
920.765 -219.411 0.842749
920.641 -219.032 0.831639
920.464 -218.638 0.823492
919.978 -218.139 0.832086
915.648 -216.312 1.04864
915.204 -215.875 1.05747
915.018 -215.532 1.05248
914.903 -215.216 1.04375
914.788 -214.904 1.0352
914.677 -214.595 1.02651
914.567 -214.29 1.01786
914.454 -213.986 1.0095
914.367 -213.693 0.999772
914.314 -213.412 0.988103
914.265 -213.133 0.976352
914.216 -212.857 0.964609
914.166 -212.581 0.952973
914.116 -212.308 0.941362
914.059 -212.034 0.930215
913.961 -211.753 0.92162
913.769 -211.452 0.918837
913.489 -211.135 0.921564
913.22 -210.826 0.923837
912.95 -210.522 0.926386
912.683 -210.222 0.928936
912.425 -209.929 0.931214
912.171 -209.641 0.93342
911.918 -209.357 0.935747
911.674 -209.079 0.937721
911.428 -208.805 0.939982
911.186 -208.535 0.94222
910.952 -208.271 0.944101
910.719 -208.01 0.946112
892.084 -227.296 3.08485
892.084 -226.911 3.07051
881.678 -208.309 3.0352
892.094 -226.184 3.04278
892.263 -226.112 3.02933
892.474 -226.109 3.01579
889.284 -220.516 3.00892
892.904 -226.11 2.98824
893.126 -226.116 2.97422
905.661 -241.812 2.76148
889.962 -218.416 2.88415
889.958 -218.196 2.87581
889.954 -217.981 2.8676
889.95 -217.769 2.85952
889.946 -217.561 2.85156
889.942 -217.357 2.84373
889.938 -217.157 2.83601
889.934 -216.96 2.82841
889.93 -216.767 2.82092
889.927 -216.577 2.81353
889.923 -216.39 2.80625
889.92 -216.207 2.79907
889.916 -216.026 2.79199
889.913 -215.849 2.78499
889.909 -215.674 2.77809
889.906 -215.502 2.77128
889.902 -215.332 2.76455
889.899 -215.166 2.75791
889.896 -215.002 2.75134
889.892 -214.84 2.74485
889.889 -214.68 2.73844
889.886 -214.523 2.7321
889.883 -214.369 2.72583
889.88 -214.216 2.71963
889.877 -214.066 2.7135
889.874 -213.917 2.70743
889.871 -213.771 2.70143
889.868 -213.627 2.69548
889.865 -213.484 2.6896
889.862 -213.344 2.68377
889.859 -213.205 2.678
889.856 -213.068 2.67228
889.853 -212.933 2.66662
889.85 -212.799 2.661
889.848 -212.667 2.65544
889.845 -212.537 2.64992
889.864 -212.426 2.64367
890.02 -212.425 2.63256
890.179 -212.425 2.6212
897.768 -216.028 2.23622
918.152 -226.515 1.23398
918.206 -226.182 1.21405
918.601 -226.043 1.17827
931.054 -232.157 0.550904
930.464 -231.368 0.556518
890.758 -209.817 2.45808
890.642 -209.652 2.45863
890.539 -209.496 2.45863
890.633 -209.442 2.44898
890.69 -209.368 2.44113
890.758 -209.3 2.43272
890.758 -209.198 2.42769
890.758 -209.098 2.42269
890.758 -208.998 2.4177
890.865 -208.947 2.40709
891.089 -208.947 2.39028
891.309 -208.942 2.37351
891.547 -208.942 2.35557
891.793 -208.942 2.33703
892.048 -208.942 2.31783
892.311 -208.942 2.29795
892.584 -208.942 2.27736
892.866 -208.942 2.256
919.13 -218.803 0.778104
914.97 -216.937 0.996443
914.549 -216.499 1.00553
914.371 -216.155 1.00113
914.263 -215.84 0.992774
914.154 -215.528 0.984662
914.048 -215.22 0.976417
913.944 -214.915 0.968201
913.836 -214.612 0.960268
913.747 -214.317 0.95136
913.694 -214.036 0.940302
913.647 -213.759 0.928983
913.602 -213.484 0.917596
913.554 -213.209 0.906405
913.508 -212.937 0.895163
913.441 -212.661 0.885267
913.308 -212.37 0.879552
913.041 -212.049 0.882336
912.774 -211.733 0.885395
912.514 -211.422 0.888223
912.26 -211.118 0.890855
912.006 -210.818 0.893717
911.76 -210.525 0.896215
911.516 -210.236 0.898801
911.274 -209.952 0.901485
911.036 -209.672 0.904065
910.807 -209.399 0.906228
910.575 -209.128 0.908744
910.348 -208.863 0.911076
910.128 -208.602 0.913172
909.906 -208.345 0.915537
909.689 -208.092 0.917726
909.478 -207.843 0.919674
909.265 -207.598 0.921899
889.285 -222.553 3.00935
889.279 -222.232 2.99877
889.274 -221.919 2.98844
881.677 -208.31 3.01613
889.264 -221.318 2.96845
889.259 -221.028 2.95879
889.255 -220.745 2.94932
889.25 -220.469 2.94005
889.378 -220.415 2.9297
893.121 -226.121 2.88146
895.455 -227.2 2.76356
893.142 -223.584 2.79017
893.183 -223.349 2.7789
893.147 -223.012 2.76915
889.93 -218.381 2.82032
889.926 -218.162 2.81261
889.923 -217.947 2.80502
889.919 -217.737 2.79754
889.915 -217.53 2.79018
889.911 -217.327 2.78292
889.908 -217.127 2.77577
889.904 -216.931 2.76872
889.901 -216.739 2.76177
889.897 -216.549 2.75491
889.894 -216.363 2.74814
889.891 -216.18 2.74146
889.887 -216 2.73487
889.884 -215.823 2.72836
889.881 -215.649 2.72193
889.878 -215.478 2.71557
889.875 -215.309 2.7093
889.872 -215.143 2.70309
889.868 -214.979 2.69695
889.865 -214.818 2.69089
889.862 -214.659 2.68489
889.859 -214.503 2.67895
889.857 -214.349 2.67308
889.854 -214.196 2.66727
889.851 -214.046 2.66151
889.848 -213.899 2.65581
889.845 -213.753 2.65017
889.842 -213.609 2.64458
889.84 -213.467 2.63905
889.837 -213.327 2.63356
889.834 -213.188 2.62812
889.831 -213.052 2.62273
889.829 -212.917 2.61739
889.826 -212.783 2.61209
889.823 -212.652 2.60684
889.83 -212.529 2.60126
889.863 -212.43 2.59466
890.014 -212.425 2.58333
890.172 -212.425 2.57154
897.749 -216.022 2.1583
918.158 -226.533 1.075
918.199 -226.192 1.05616
918.561 -226.035 1.02107
928.367 -231.149 0.502752
927.796 -230.385 0.511309
890.277 -209.667 2.44135
890.277 -209.566 2.43659
890.299 -209.477 2.43067
890.494 -209.477 2.41555
890.626 -209.442 2.40371
890.682 -209.368 2.39581
890.758 -209.304 2.38686
890.758 -209.202 2.38199
890.758 -209.102 2.37713
890.758 -209.002 2.37228
890.857 -208.947 2.36188
891.08 -208.947 2.34437
891.3 -208.942 2.32693
891.538 -208.942 2.30824
891.784 -208.942 2.28892
892.038 -208.942 2.26892
892.301 -208.942 2.24821
892.574 -208.942 2.22675
892.868 -208.947 2.20374
913.735 -216.765 0.950485
913.633 -216.45 0.942584
913.529 -216.138 0.934922
913.429 -215.83 0.927115
913.326 -215.524 0.919563
913.228 -215.223 0.911858
913.136 -214.926 0.903796
913.084 -214.646 0.893326
913.04 -214.369 0.882438
912.998 -214.095 0.871428
912.954 -213.822 0.860619
912.911 -213.552 0.849746
912.821 -213.269 0.841996
912.585 -212.948 0.843722
912.331 -212.627 0.846873
912.077 -212.31 0.850249
911.829 -212 0.85335
911.587 -211.695 0.856319
911.344 -211.395 0.859482
911.108 -211.101 0.862387
910.877 -210.812 0.865145
910.645 -210.527 0.868111
910.419 -210.248 0.870918
910.199 -209.973 0.873399
909.977 -209.703 0.876186
909.759 -209.436 0.878914
909.548 -209.175 0.881253
909.337 -208.918 0.883749
909.128 -208.664 0.886318
908.923 -208.414 0.88873
908.724 -208.169 0.890844
908.522 -207.927 0.893262
908.324 -207.688 0.895634
908.13 -207.453 0.897786
907.94 -207.222 0.899784
889.284 -224.991 3.00807
889.278 -224.603 2.99673
889.273 -224.227 2.98569
889.267 -223.861 2.97492
889.262 -223.505 2.96441
889.257 -223.159 2.95416
889.252 -222.823 2.94415
889.247 -222.495 2.93436
889.242 -222.176 2.9248
889.238 -221.865 2.91545
881.675 -208.31 2.99706
889.229 -221.267 2.89735
889.224 -220.979 2.88859
889.22 -220.698 2.88
889.216 -220.423 2.87158
889.372 -220.415 2.86072
893.116 -226.126 2.78869
895.412 -228.234 2.69947
895.56 -228.084 2.68438
895.451 -227.207 2.66314
893.136 -223.587 2.70474
893.161 -223.329 2.69444
893.144 -223.018 2.68527
889.898 -218.346 2.7568
889.895 -218.128 2.74972
889.891 -217.914 2.74274
889.888 -217.705 2.73587
889.885 -217.498 2.72909
889.881 -217.296 2.72241
889.878 -217.097 2.71582
889.875 -216.902 2.70931
889.871 -216.71 2.70289
889.868 -216.522 2.69656
889.865 -216.336 2.6903
889.862 -216.154 2.68412
889.859 -215.975 2.67801
889.856 -215.798 2.67197
889.853 -215.625 2.66601
889.85 -215.454 2.66011
889.847 -215.286 2.65428
889.844 -215.12 2.64851
889.841 -214.957 2.6428
889.839 -214.796 2.63715
889.836 -214.638 2.63156
889.833 -214.482 2.62602
889.83 -214.328 2.62054
889.827 -214.177 2.61511
889.825 -214.027 2.60973
889.822 -213.88 2.60441
889.82 -213.734 2.59912
889.817 -213.591 2.59389
889.814 -213.449 2.5887
889.812 -213.309 2.58355
889.809 -213.171 2.57844
889.807 -213.035 2.57338
889.804 -212.901 2.56836
889.802 -212.768 2.56337
889.799 -212.637 2.55842
889.829 -212.533 2.55211
889.862 -212.434 2.54563
890.007 -212.425 2.53412
890.166 -212.425 2.52191
929.084 -234.866 0.410299
928.574 -234.069 0.416241
928.058 -233.282 0.423046
927.49 -232.479 0.433084
918.166 -226.552 0.9158
918.192 -226.202 0.898217
918.53 -226.031 0.863624
923.228 -228.294 0.588347
922.688 -227.594 0.600288
890.277 -209.671 2.39639
890.277 -209.57 2.3918
890.292 -209.477 2.38637
890.487 -209.477 2.37067
890.503 -209.384 2.3651
890.674 -209.368 2.35052
890.758 -209.308 2.34097
890.758 -209.206 2.33626
890.758 -209.105 2.33155
890.758 -209.005 2.32685
890.848 -208.947 2.31671
891.072 -208.947 2.2985
891.291 -208.942 2.28038
891.529 -208.942 2.26095
891.774 -208.942 2.24085
892.076 -208.962 2.21712
892.303 -208.947 2.19774
892.576 -208.947 2.1754
892.858 -208.947 2.15223
912.819 -216.427 0.878515
912.722 -216.121 0.87141
893.08 -208.696 2.12153
912.54 -215.523 0.856637
912.485 -215.241 0.846981
912.445 -214.966 0.836472
912.405 -214.693 0.825934
912.367 -214.422 0.815338
912.302 -214.144 0.806525
912.126 -213.834 0.805238
911.877 -213.506 0.808954
911.636 -213.185 0.812375
911.394 -212.868 0.816058
911.155 -212.557 0.81966
910.925 -212.253 0.822888
910.696 -211.953 0.826164
910.469 -211.658 0.829544
910.248 -211.369 0.832561
910.03 -211.085 0.835623
909.812 -210.805 0.838772
909.602 -210.53 0.841557
904.581 -209.199 1.18998
904.495 -208.993 1.18598
904.425 -208.793 1.1809
904.341 -208.591 1.17686
904.322 -208.404 1.16814
904.505 -208.254 1.14448
904.407 -208.053 1.14152
903.995 -207.8 1.16203
904.416 -207.689 1.1204
907.624 -208.005 0.868277
907.441 -207.773 0.870499
907.259 -207.545 0.872874
907.078 -207.319 0.875278
906.902 -207.097 0.877385
904.936 -206.664 1.0182
889.259 -226.148 2.95745
889.253 -225.726 2.94654
889.248 -225.316 2.93592
889.243 -224.919 2.92558
889.238 -224.534 2.91549
889.233 -224.159 2.90566
889.228 -223.796 2.89606
889.223 -223.442 2.88669
889.219 -223.098 2.87754
889.214 -222.764 2.8686
881.547 -208.316 2.98681
881.584 -208.306 2.98398
889.201 -221.812 2.84291
881.674 -208.311 2.97799
889.193 -221.216 2.82667
889.189 -220.93 2.8188
889.186 -220.65 2.81107
889.205 -220.415 2.80298
889.366 -220.415 2.79176
889.529 -220.415 2.7804
895.405 -228.238 2.5962
895.55 -228.084 2.58134
895.877 -228.196 2.56142
895.447 -227.215 2.56269
893.133 -223.594 2.61923
893.155 -223.332 2.60969
893.14 -223.025 2.60135
889.867 -218.312 2.69359
889.864 -218.095 2.68714
889.86 -217.882 2.68077
889.857 -217.673 2.67449
889.854 -217.467 2.6683
889.851 -217.266 2.66218
889.848 -217.068 2.65614
889.845 -216.873 2.65018
889.842 -216.682 2.64429
889.839 -216.494 2.63847
889.836 -216.31 2.63271
889.834 -216.128 2.62703
889.831 -215.949 2.6214
889.828 -215.774 2.61584
889.825 -215.601 2.61033
889.822 -215.43 2.60489
889.82 -215.263 2.5995
889.817 -215.098 2.59416
889.814 -214.935 2.58887
889.812 -214.775 2.58364
889.809 -214.617 2.57845
889.807 -214.462 2.57331
889.804 -214.308 2.56822
889.802 -214.157 2.56317
889.799 -214.008 2.55817
889.797 -213.861 2.5532
889.794 -213.716 2.54828
889.792 -213.573 2.54339
889.789 -213.432 2.53854
889.787 -213.292 2.53373
889.784 -213.155 2.52896
889.782 -213.019 2.52421
889.78 -212.885 2.51951
889.777 -212.752 2.51483
889.794 -212.637 2.50928
889.827 -212.537 2.50293
889.86 -212.438 2.49658
890.001 -212.425 2.48494
890.16 -212.425 2.47229
928.569 -237.019 0.332907
897.71 -216.011 2.00283
927.584 -235.379 0.346976
927.111 -234.593 0.353629
926.586 -233.787 0.363629
926.051 -232.989 0.374729
925.535 -232.218 0.385163
925.03 -231.466 0.395481
923.345 -230.025 0.474179
918.175 -226.572 0.756323
918.186 -226.213 0.740205
918.504 -226.031 0.706054
920.654 -226.87 0.563304
920.134 -226.205 0.577886
890.277 -209.675 2.3514
890.277 -209.574 2.34698
890.284 -209.477 2.34211
890.479 -209.477 2.32581
890.625 -209.449 2.31235
890.666 -209.368 2.30527
890.758 -209.312 2.29506
890.758 -209.21 2.29049
890.758 -209.109 2.28593
890.758 -209.009 2.28138
890.84 -208.947 2.27158
891.063 -208.947 2.25267
891.282 -208.942 2.23387
891.531 -208.947 2.21294
891.777 -208.947 2.19205
892.031 -208.947 2.17043
892.293 -208.947 2.14805
892.565 -208.947 2.12484
892.847 -208.947 2.10078
911.948 -216.105 0.810348
911.895 -215.823 0.801229
893.082 -208.701 2.0688
911.821 -215.277 0.78103
911.761 -214.998 0.772516
911.658 -214.707 0.767059
911.42 -214.374 0.771049
911.182 -214.045 0.775201
910.954 -213.725 0.778874
910.725 -213.409 0.782755
910.498 -213.098 0.786646
910.28 -212.794 0.790042
910.061 -212.494 0.793704
909.844 -212.199 0.797355
909.635 -211.91 0.800571
905.097 -210.478 1.12023
904.813 -210.21 1.13097
904.632 -209.973 1.13429
904.497 -209.75 1.13427
903.985 -209.441 1.16251
903.674 -209.186 1.17611
903.566 -208.982 1.17454
903.52 -208.792 1.16838
903.582 -208.626 1.15405
903.784 -208.487 1.12884
903.735 -208.298 1.12286
903.558 -208.086 1.12676
903.274 -207.858 1.13909
903.23 -207.676 1.13285
903.442 -207.537 1.10653
903.585 -207.384 1.08544
904.16 -207.293 1.03
906.266 -207.411 0.851885
904.945 -207.04 0.946752
904.635 -206.816 0.961277
904.016 -206.559 1.001
902.967 -206.264 1.07612
889.216 -226.068 2.87155
889.211 -225.649 2.86202
889.206 -225.242 2.85272
889.202 -224.848 2.84365
889.197 -224.465 2.83481
889.193 -224.093 2.82617
889.189 -223.731 2.81773
889.185 -223.38 2.80948
889.181 -223.038 2.80142
889.177 -222.705 2.79353
889.173 -222.381 2.7858
889.169 -222.066 2.77823
889.165 -221.758 2.77082
881.673 -208.311 2.95892
889.158 -221.166 2.75641
889.155 -220.881 2.74942
889.151 -220.603 2.74255
889.199 -220.415 2.73433
889.36 -220.415 2.72281
889.523 -220.415 2.71116
895.399 -228.242 2.49292
895.54 -228.083 2.47834
895.845 -228.163 2.4582
895.442 -227.222 2.4622
893.132 -223.605 2.53359
893.149 -223.335 2.52494
893.137 -223.031 2.51741
889.835 -218.278 2.6307
889.832 -218.061 2.62486
889.83 -217.849 2.6191
889.827 -217.641 2.61341
889.824 -217.436 2.60779
889.821 -217.236 2.60223
889.818 -217.038 2.59674
889.816 -216.845 2.59132
889.813 -216.654 2.58595
889.81 -216.467 2.58064
889.808 -216.283 2.57539
889.805 -216.102 2.57019
889.803 -215.924 2.56504
889.8 -215.749 2.55995
889.797 -215.576 2.5549
889.795 -215.407 2.5499
889.792 -215.24 2.54495
889.79 -215.075 2.54004
889.788 -214.913 2.53517
889.785 -214.754 2.53035
889.783 -214.596 2.52557
889.78 -214.441 2.52082
889.778 -214.288 2.51611
889.776 -214.138 2.51144
889.773 -213.989 2.5068
889.771 -213.843 2.5022
889.769 -213.698 2.49763
889.767 -213.555 2.49309
889.764 -213.414 2.48858
889.762 -213.275 2.48411
889.76 -213.138 2.47966
889.758 -213.003 2.47524
889.755 -212.869 2.47084
889.759 -212.742 2.46617
889.793 -212.641 2.45994
889.826 -212.541 2.45372
889.859 -212.441 2.44751
889.995 -212.425 2.43577
890.153 -212.425 2.4227
927.507 -238.328 0.261669
927.031 -237.484 0.269934
926.569 -236.663 0.277883
926.118 -235.865 0.285573
925.658 -235.074 0.294161
897.691 -216.006 1.92521
924.648 -233.475 0.317997
924.169 -232.713 0.329049
923.694 -231.968 0.340256
921.584 -230.213 0.450776
921.069 -229.484 0.465847
920.585 -228.788 0.479451
920.114 -228.113 0.492627
918.187 -226.594 0.596523
918.18 -226.223 0.582113
918.48 -226.031 0.548402
918.039 -225.422 0.561317
917.513 -224.776 0.579991
890.277 -209.679 2.30638
890.277 -209.578 2.30212
890.281 -209.479 2.2976
890.471 -209.477 2.28098
890.671 -209.477 2.26359
890.658 -209.368 2.26004
890.758 -209.315 2.24911
890.758 -209.214 2.2447
890.758 -209.113 2.24029
890.758 -209.013 2.23588
890.831 -208.947 2.22648
891.054 -208.947 2.20687
891.284 -208.947 2.18662
891.522 -208.947 2.16568
891.767 -208.947 2.14402
892.021 -208.947 2.12161
892.283 -208.947 2.09839
892.428 -208.897 2.08325
892.355 -208.76 2.08337
892.315 -208.638 2.08121
911.135 -215.55 0.732424
893.075 -208.703 2.01666
910.727 -214.896 0.73773
910.502 -214.568 0.742171
910.283 -214.247 0.746271
910.067 -213.932 0.750287
909.852 -213.621 0.754452
887.253 -206.191 2.4158
887.211 -206.114 2.4158
887.17 -206.039 2.4158
887.128 -205.964 2.4158
887.087 -205.89 2.4158
904.841 -210.805 1.06483
904.607 -210.547 1.07286
904.523 -210.333 1.06948
904.33 -210.093 1.07461
904.099 -209.846 1.08276
903.669 -209.556 1.10663
903.492 -209.332 1.11096
903.329 -209.114 1.11431
903.218 -208.911 1.11369
903.174 -208.724 1.10781
903.184 -208.55 1.0976
903.143 -208.366 1.09148
903.034 -208.17 1.09085
902.892 -207.969 1.09289
902.829 -207.786 1.08866
902.835 -207.615 1.07875
902.858 -207.448 1.06745
902.092 -207.157 1.12124
901.499 -206.904 1.16123
901.403 -206.729 1.16025
901.307 -206.557 1.15932
901.2 -206.384 1.1593
901.136 -206.219 1.15582
901.714 -206.127 1.09779
901.561 -205.95 1.10159
889.173 -225.989 2.78625
889.169 -225.573 2.77806
889.165 -225.169 2.77007
889.161 -224.777 2.76227
889.157 -224.396 2.75464
889.154 -224.026 2.74719
889.15 -223.667 2.73989
889.146 -223.317 2.73275
889.143 -222.978 2.72576
881.537 -208.384 2.95101
881.53 -208.291 2.9495
881.57 -208.286 2.94654
881.611 -208.282 2.94352
881.652 -208.278 2.94047
881.694 -208.275 2.93739
889.12 -220.833 2.68042
889.117 -220.556 2.6744
889.193 -220.415 2.66567
889.354 -220.415 2.65386
889.517 -220.415 2.64191
895.393 -228.248 2.38955
895.533 -228.086 2.37525
895.813 -228.131 2.35525
895.438 -227.229 2.36164
893.132 -223.615 2.44785
893.144 -223.34 2.4401
893.137 -223.042 2.43325
889.804 -218.243 2.56809
889.801 -218.028 2.56287
889.799 -217.817 2.5577
889.796 -217.609 2.5526
889.794 -217.405 2.54755
889.791 -217.206 2.54255
889.789 -217.009 2.5376
889.786 -216.816 2.53271
889.784 -216.626 2.52786
889.781 -216.44 2.52306
889.779 -216.256 2.5183
889.777 -216.076 2.51358
889.774 -215.899 2.50891
889.772 -215.724 2.50428
889.77 -215.552 2.49969
889.768 -215.383 2.49513
889.765 -215.217 2.49061
889.763 -215.053 2.48613
889.761 -214.891 2.48168
889.759 -214.732 2.47726
889.756 -214.575 2.47288
889.755 -214.422 2.46846
889.755 -214.272 2.46402
889.755 -214.124 2.45961
889.755 -213.977 2.45522
889.755 -213.833 2.45086
889.755 -213.691 2.44653
889.755 -213.55 2.44221
889.755 -213.412 2.43792
889.755 -213.275 2.43366
889.755 -213.14 2.42941
889.755 -213.006 2.42518
889.755 -212.874 2.42098
889.758 -212.746 2.41666
889.791 -212.645 2.41057
889.825 -212.545 2.40448
889.858 -212.445 2.39839
889.989 -212.425 2.38661
890.147 -212.425 2.37311
926.426 -239.615 0.189959
925.975 -238.759 0.199306
925.535 -237.926 0.208348
907.048 -223.981 1.31775
907.153 -223.759 1.30088
907.257 -223.537 1.28398
907.361 -223.315 1.26706
907.465 -223.095 1.25009
922.83 -233.183 0.274594
897.673 -216.001 1.84766
920.474 -230.757 0.392087
920.004 -230.042 0.406929
919.547 -229.349 0.421243
919.108 -228.68 0.434797
888.406 -209.372 2.4158
888.353 -209.249 2.4158
888.301 -209.129 2.4158
888.25 -209.011 2.4158
888.199 -208.895 2.4158
888.149 -208.781 2.4158
888.099 -208.669 2.4158
888.05 -208.559 2.4158
888.002 -208.45 2.4158
887.954 -208.344 2.4158
887.907 -208.239 2.4158
887.86 -208.135 2.4158
887.814 -208.034 2.4158
887.768 -207.934 2.4158
887.722 -207.835 2.4158
887.687 -207.743 2.4151
887.654 -207.653 2.4143
887.621 -207.564 2.4135
887.589 -207.476 2.41268
887.557 -207.389 2.41186
887.525 -207.304 2.41103
887.494 -207.22 2.41019
887.463 -207.136 2.40934
887.433 -207.054 2.40848
887.403 -206.973 2.40762
887.373 -206.893 2.40674
887.344 -206.814 2.40586
887.315 -206.736 2.40497
887.287 -206.659 2.40407
887.258 -206.583 2.40316
887.231 -206.507 2.40225
887.203 -206.433 2.40133
887.176 -206.359 2.40039
887.149 -206.286 2.39946
887.122 -206.214 2.39851
887.095 -206.143 2.39755
887.069 -206.072 2.39659
887.043 -206.003 2.39562
887.018 -205.934 2.39464
887.01 -205.871 2.39223
887.083 -205.83 2.38346
903.911 -210.364 1.03519
903.81 -210.15 1.03399
903.645 -209.923 1.03794
903.401 -209.678 1.04849
903.293 -209.471 1.04807
903.186 -209.266 1.04754
903.087 -209.065 1.04648
902.977 -208.864 1.04641
902.855 -208.662 1.04741
902.725 -208.461 1.0491
902.688 -208.281 1.04306
902.639 -208.1 1.038
902.551 -207.912 1.03632
902.542 -207.741 1.0279
902.553 -207.573 1.01778
901.755 -207.273 1.07699
901.275 -207.035 1.10929
901.132 -206.854 1.11294
901.021 -206.681 1.11381
900.892 -206.506 1.11635
900.754 -206.333 1.11966
900.553 -206.154 1.12869
900.366 -205.98 1.13658
900.284 -205.82 1.13523
900.316 -205.672 1.1238
889.127 -225.497 2.69473
889.124 -225.095 2.68802
889.121 -224.706 2.68146
889.118 -224.328 2.67504
889.114 -223.96 2.66875
889.111 -223.603 2.66258
889.108 -223.256 2.65653
889.105 -222.918 2.6506
881.536 -208.384 2.93194
881.528 -208.291 2.93075
881.568 -208.285 2.92774
881.609 -208.282 2.92467
881.65 -208.278 2.92156
881.692 -208.274 2.91842
889.086 -220.784 2.61184
889.109 -220.552 2.60558
889.187 -220.415 2.59704
889.348 -220.415 2.58495
889.511 -220.415 2.5727
893.317 -226.149 2.4007
895.391 -228.258 2.28606
895.527 -228.091 2.2721
895.781 -228.099 2.25262
895.434 -227.237 2.26108
893.131 -223.626 2.36207
893.144 -223.35 2.35507
893.138 -223.054 2.34903
889.773 -218.209 2.50581
889.771 -217.995 2.50119
889.768 -217.784 2.49662
889.766 -217.578 2.49209
889.764 -217.375 2.4876
889.762 -217.176 2.48315
889.759 -216.98 2.47875
889.757 -216.788 2.47438
889.755 -216.599 2.47002
889.755 -216.416 2.46561
889.755 -216.236 2.46123
889.755 -216.058 2.45688
889.755 -215.884 2.45257
889.755 -215.712 2.44828
889.755 -215.543 2.44402
889.755 -215.376 2.43979
889.755 -215.212 2.43558
889.755 -215.051 2.4314
889.755 -214.892 2.42724
889.755 -214.735 2.4231
889.755 -214.58 2.41899
889.755 -214.428 2.4149
889.755 -214.278 2.41083
889.755 -214.129 2.40678
889.755 -213.983 2.40275
889.755 -213.839 2.39873
889.755 -213.697 2.39474
889.755 -213.556 2.39076
889.755 -213.417 2.3868
889.755 -213.28 2.38285
889.755 -213.145 2.37891
889.755 -213.011 2.37499
889.755 -212.879 2.37109
889.756 -212.75 2.36714
889.79 -212.649 2.36118
889.823 -212.549 2.35523
889.857 -212.449 2.34927
889.982 -212.425 2.33748
890.141 -212.425 2.32356
889.011 -211.415 2.39135
888.954 -211.259 2.39141
888.899 -211.106 2.39145
888.844 -210.957 2.39145
888.791 -210.811 2.39143
888.739 -210.668 2.39138
888.688 -210.528 2.3913
888.638 -210.39 2.3912
888.589 -210.256 2.39108
888.541 -210.123 2.39093
888.494 -209.994 2.39075
888.447 -209.867 2.39056
888.402 -209.742 2.39034
888.357 -209.62 2.3901
888.313 -209.499 2.38984
888.27 -209.381 2.38956
888.228 -209.265 2.38926
888.186 -209.151 2.38894
888.145 -209.039 2.3886
888.105 -208.929 2.38824
888.065 -208.821 2.38786
888.026 -208.715 2.38747
887.988 -208.61 2.38706
887.95 -208.507 2.38663
887.913 -208.405 2.38618
887.876 -208.305 2.38572
887.84 -208.207 2.38525
887.805 -208.11 2.38476
887.77 -208.015 2.38425
887.735 -207.921 2.38373
887.701 -207.828 2.38319
887.668 -207.737 2.38264
887.635 -207.646 2.38208
887.602 -207.558 2.3815
887.57 -207.47 2.3809
887.538 -207.384 2.3803
887.507 -207.299 2.37968
887.476 -207.214 2.37905
887.445 -207.131 2.3784
887.415 -207.049 2.37775
887.385 -206.969 2.37708
887.356 -206.889 2.37639
887.327 -206.81 2.3757
887.298 -206.732 2.37499
887.269 -206.655 2.37428
887.241 -206.579 2.37355
887.214 -206.503 2.37281
887.186 -206.429 2.37205
887.159 -206.356 2.37129
887.132 -206.283 2.37052
887.105 -206.211 2.36973
887.079 -206.14 2.36893
887.053 -206.07 2.36813
887.027 -206 2.36731
887.002 -205.931 2.36648
886.977 -205.863 2.36564
887.019 -205.815 2.35916
887.092 -205.774 2.35015
903.086 -209.965 1.00454
903.036 -209.772 0.999832
902.954 -209.572 0.99791
902.85 -209.369 0.997824
902.806 -209.183 0.992657
902.693 -208.981 0.993424
902.537 -208.773 0.99803
902.486 -208.589 0.993537
902.404 -208.401 0.991825
902.275 -208.205 0.994116
902.255 -208.032 0.986998
902.222 -207.858 0.981013
901.913 -207.635 0.999447
901.336 -207.371 1.04187
901.082 -207.169 1.05592
900.923 -206.986 1.06154
900.544 -206.772 1.08713
900.283 -206.581 1.10226
900.13 -206.409 1.10775
900.056 -206.249 1.1062
900.015 -206.094 1.10157
898.652 -205.79 1.21857
898.597 -205.645 1.21576
897.872 -205.434 1.27508
899.8 -205.479 1.08779
889.083 -225.023 2.60654
889.081 -224.636 2.6012
889.078 -224.26 2.59597
889.075 -223.895 2.59082
889.073 -223.54 2.58577
889.07 -223.194 2.5808
889.068 -222.858 2.57591
881.534 -208.385 2.91288
881.527 -208.291 2.912
881.566 -208.285 2.90895
881.607 -208.281 2.90582
881.649 -208.277 2.90265
881.69 -208.274 2.89945
889.052 -220.736 2.54365
889.107 -220.558 2.53651
889.181 -220.415 2.52843
889.342 -220.415 2.51604
889.504 -220.415 2.5035
893.3 -226.136 2.30799
895.388 -228.268 2.18251
895.521 -228.096 2.16893
895.764 -228.087 2.14952
895.43 -227.244 2.16047
893.131 -223.637 2.27621
893.145 -223.363 2.26987
893.138 -223.066 2.26472
889.755 -218.194 2.44309
889.755 -217.983 2.43896
889.755 -217.775 2.43486
889.755 -217.572 2.43078
889.755 -217.372 2.42674
889.755 -217.175 2.42272
889.755 -216.982 2.41872
889.755 -216.793 2.41476
889.755 -216.606 2.41081
889.755 -216.423 2.40689
889.755 -216.243 2.40299
889.755 -216.065 2.39911
889.755 -215.89 2.39525
889.755 -215.719 2.39141
889.755 -215.549 2.38759
889.755 -215.383 2.38379
889.755 -215.219 2.38
889.755 -215.057 2.37623
889.755 -214.898 2.37248
889.755 -214.741 2.36874
889.755 -214.586 2.36501
889.755 -214.434 2.3613
889.755 -214.284 2.3576
889.755 -214.135 2.35391
889.755 -213.989 2.35023
889.755 -213.845 2.34656
889.755 -213.702 2.34291
889.755 -213.562 2.33926
889.755 -213.423 2.33562
889.755 -213.286 2.332
889.755 -213.15 2.32838
889.755 -213.017 2.32476
889.755 -212.885 2.32116
889.755 -212.754 2.31756
889.789 -212.653 2.31177
889.822 -212.553 2.30594
889.855 -212.453 2.30012
889.976 -212.425 2.28837
890.134 -212.425 2.27402
888.982 -211.396 2.34868
888.925 -211.241 2.34921
888.87 -211.089 2.3497
888.816 -210.94 2.35015
888.764 -210.795 2.35056
888.712 -210.652 2.35093
888.661 -210.512 2.35127
888.612 -210.376 2.35157
888.563 -210.241 2.35183
888.515 -210.11 2.35206
888.468 -209.981 2.35226
888.422 -209.854 2.35243
888.377 -209.73 2.35257
888.333 -209.608 2.35268
888.289 -209.488 2.35275
888.246 -209.37 2.3528
888.204 -209.255 2.35283
888.163 -209.141 2.35282
888.122 -209.029 2.35279
888.082 -208.919 2.35274
888.043 -208.811 2.35266
888.004 -208.705 2.35255
887.966 -208.601 2.35243
887.929 -208.498 2.35228
887.892 -208.397 2.3521
887.855 -208.297 2.35191
887.819 -208.199 2.35169
887.784 -208.102 2.35145
887.749 -208.007 2.3512
887.715 -207.914 2.35092
887.681 -207.821 2.35062
887.648 -207.73 2.3503
887.615 -207.64 2.34997
887.583 -207.552 2.34961
887.551 -207.464 2.34924
887.519 -207.378 2.34885
887.488 -207.293 2.34844
887.457 -207.209 2.34802
887.427 -207.126 2.34758
887.397 -207.045 2.34712
887.367 -206.964 2.34664
887.338 -206.884 2.34615
887.309 -206.805 2.34564
887.28 -206.728 2.34512
887.252 -206.651 2.34458
887.224 -206.575 2.34403
887.197 -206.5 2.34346
887.169 -206.426 2.34288
887.142 -206.352 2.34228
887.116 -206.28 2.34167
887.089 -206.208 2.34105
887.063 -206.137 2.34041
887.037 -206.067 2.33975
887.011 -205.997 2.33909
886.986 -205.929 2.33841
886.961 -205.861 2.33771
886.983 -205.806 2.33297
887.077 -205.772 2.32184
902.516 -209.82 0.966767
902.429 -209.621 0.965871
902.374 -209.433 0.962209
902.368 -209.258 0.954212
902.375 -209.087 0.945041
902.229 -208.881 0.949422
902.109 -208.684 0.951595
902.002 -208.492 0.952641
901.865 -208.295 0.956445
901.727 -208.101 0.960443
901.489 -207.89 0.973588
901.182 -207.671 0.993241
900.944 -207.468 1.00672
900.723 -207.272 1.01874
900.451 -207.071 1.03572
900.321 -206.897 1.03951
900.231 -206.731 1.0397
900.108 -206.561 1.04301
899.916 -206.385 1.05284
898.346 -206.035 1.19336
898.152 -205.874 1.20421
897.891 -205.708 1.22157
897.64 -205.547 1.23805
897.548 -205.406 1.23949
897.511 -205.272 1.23558
897.487 -205.139 1.23044
889.045 -224.576 2.52125
889.045 -224.206 2.51708
889.045 -223.847 2.51296
889.045 -223.498 2.5089
889.045 -223.158 2.50489
889.045 -222.827 2.50092
881.533 -208.385 2.89381
881.525 -208.29 2.89325
881.564 -208.284 2.89016
881.605 -208.281 2.88698
881.647 -208.277 2.88375
881.688 -208.273 2.88049
889.047 -220.738 2.47425
889.105 -220.565 2.46739
889.175 -220.415 2.45982
889.336 -220.415 2.44715
889.498 -220.415 2.43431
893.286 -226.126 2.21527
895.385 -228.278 2.07889
895.515 -228.102 2.06572
895.755 -228.088 2.04605
895.426 -227.251 2.05981
893.13 -223.647 2.19028
893.148 -223.378 2.18451
893.139 -223.077 2.18033
889.755 -218.202 2.37947
889.755 -217.991 2.37593
889.755 -217.783 2.3724
889.755 -217.579 2.36889
889.755 -217.379 2.3654
889.755 -217.183 2.36191
889.755 -216.99 2.35845
889.755 -216.8 2.35499
889.755 -216.613 2.35155
889.755 -216.43 2.34812
889.755 -216.249 2.3447
889.755 -216.072 2.34129
889.755 -215.897 2.33789
889.755 -215.725 2.3345
889.755 -215.556 2.33112
889.755 -215.389 2.32774
889.755 -215.225 2.32438
889.755 -215.064 2.32102
889.755 -214.904 2.31767
889.755 -214.747 2.31432
889.755 -214.592 2.31098
889.755 -214.44 2.30765
889.755 -214.289 2.30431
889.755 -214.141 2.30099
889.755 -213.995 2.29767
889.755 -213.85 2.29435
889.755 -213.708 2.29103
889.755 -213.567 2.28772
889.755 -213.428 2.28441
889.755 -213.291 2.2811
889.755 -213.156 2.2778
889.755 -213.022 2.27449
889.755 -212.89 2.27119
889.755 -212.759 2.26789
889.787 -212.657 2.26232
889.821 -212.557 2.25664
889.854 -212.457 2.25094
889.97 -212.425 2.23927
890.128 -212.425 2.2245
888.952 -211.378 2.30623
888.896 -211.223 2.30722
888.842 -211.072 2.30816
888.788 -210.924 2.30905
888.736 -210.779 2.30989
888.685 -210.637 2.31067
888.635 -210.497 2.31142
888.585 -210.361 2.31211
888.537 -210.227 2.31277
888.49 -210.096 2.31338
888.443 -209.967 2.31395
888.397 -209.841 2.31447
888.352 -209.717 2.31496
888.308 -209.596 2.31542
888.265 -209.476 2.31583
888.223 -209.359 2.31621
888.181 -209.244 2.31655
888.14 -209.13 2.31686
888.1 -209.019 2.31714
888.06 -208.91 2.31738
888.021 -208.802 2.3176
887.982 -208.696 2.31778
887.944 -208.592 2.31794
887.907 -208.489 2.31806
887.871 -208.389 2.31816
887.834 -208.289 2.31822
887.799 -208.191 2.31827
887.764 -208.095 2.31828
887.729 -208 2.31827
887.695 -207.907 2.31823
887.662 -207.814 2.31817
887.629 -207.723 2.31809
887.596 -207.634 2.31798
887.564 -207.546 2.31785
887.532 -207.458 2.3177
887.5 -207.372 2.31752
887.469 -207.288 2.31732
887.439 -207.204 2.3171
887.409 -207.121 2.31686
887.379 -207.04 2.3166
887.349 -206.959 2.31632
887.32 -206.88 2.31602
887.291 -206.801 2.31569
887.263 -206.724 2.31535
887.235 -206.647 2.315
887.207 -206.571 2.31462
887.18 -206.496 2.31422
887.153 -206.422 2.31381
887.126 -206.349 2.31338
887.099 -206.277 2.31293
887.073 -206.205 2.31246
887.047 -206.134 2.31198
887.021 -206.064 2.31148
886.996 -205.995 2.31096
886.97 -205.926 2.31042
886.945 -205.858 2.30988
886.979 -205.808 2.30401
887.074 -205.773 2.29259
902.125 -209.722 0.9168
902.065 -209.533 0.914031
901.995 -209.344 0.912262
901.902 -209.151 0.912553
901.745 -208.944 0.918854
901.615 -208.747 0.922669
901.62 -208.581 0.913959
901.571 -208.405 0.910209
901.41 -208.207 0.917062
901.059 -207.973 0.941962
900.77 -207.757 0.961167
900.341 -207.52 0.993887
900.298 -207.358 0.989956
900.259 -207.198 0.985668
900.203 -207.036 0.982994
900.129 -206.872 0.98211
900.021 -206.704 0.984443
898.748 -206.373 1.10044
898.115 -206.146 1.15474
897.856 -205.977 1.17276
897.634 -205.816 1.18729
897.536 -205.672 1.18973
897.447 -205.531 1.19116
897.366 -205.392 1.19199
897.309 -205.257 1.19033
897.207 -205.119 1.1932
897.215 -204.991 1.18503
 ] }
 color Color { color [
0.0545476 0 0.945452
0.466122 0 0.533878
0.486695 0 0.513305
0.561196 0 0.438804
0.54528 0 0.45472
0.452779 0 0.547221
0.453326 0 0.546674
0.129356 0 0.870644
0.130001 0 0.869999
0.142415 0 0.857585
0.44103 0 0.55897
0.0545277 0 0.945472
0.466073 0 0.533927
0.486603 0 0.513397
0.560879 0 0.439121
0.54494 0 0.45506
0.452805 0 0.547195
0.453229 0 0.546771
0.129176 0 0.870824
0.129401 0 0.870599
0.143277 0 0.856723
0.142387 0 0.857613
0.441145 0 0.558855
0.0545083 0 0.945492
0.466049 0 0.533951
0.486547 0 0.513453
0.493795 0 0.506205
0.560652 0 0.439348
0.54465 0 0.45535
0.452842 0 0.547158
0.453145 0 0.546855
0.129158 0 0.870842
0.129332 0 0.870668
0.140108 0 0.859892
0.142406 0 0.857594
0.149984 0 0.850016
0.139256 0 0.860744
0.140266 0 0.859734
0.142418 0 0.857582
0.14475 0 0.85525
0.147326 0 0.852674
0.150001 0 0.849999
0.0544901 0 0.94551
0.466049 0 0.533951
0.486519 0 0.513481
0.49343 0 0.50657
0.560499 0 0.439501
0.544393 0 0.455607
0.452889 0 0.547111
0.453073 0 0.546927
0.12879 0 0.87121
0.129263 0 0.870737
0.144121 0 0.855879
0.134084 0 0.865916
0.129736 0 0.870264
0.12936 0 0.87064
0.131158 0 0.868842
0.133128 0 0.866872
0.135272 0 0.864728
0.137493 0 0.862507
0.139945 0 0.860055
0.142334 0 0.857666
0.144814 0 0.855186
0.147389 0 0.852611
0.150064 0 0.849936
0.593029 0 0.406971
0.582995 0 0.417005
0.0544721 0 0.945528
0.466078 0 0.533922
0.486514 0 0.513486
0.493278 0 0.506722
0.560415 0 0.439585
0.544163 0 0.455837
0.452948 0 0.547052
0.453013 0 0.546987
0.132931 0 0.867069
0.132448 0 0.867552
0.128811 0 0.871189
0.129197 0 0.870803
0.131138 0 0.868862
0.130694 0 0.869306
0.13026 0 0.86974
0.129834 0 0.870166
0.129418 0 0.870582
0.131122 0 0.868878
0.133193 0 0.866807
0.135338 0 0.864662
0.137559 0 0.862441
0.139861 0 0.860139
0.141986 0 0.858014
0.144316 0 0.855684
0.147159 0 0.852841
0.149967 0 0.850033
0.581375 0 0.418625
0.571682 0 0.428318
0.562191 0 0.437809
0.551098 0 0.448902
0.540252 0 0.459748
0.529355 0 0.470645
0.0544551 0 0.945545
0.466141 0 0.533859
0.486533 0 0.513467
0.493188 0 0.506811
0.560404 0 0.439596
0.543956 0 0.456044
0.453017 0 0.546983
0.452965 0 0.547035
0.133034 0 0.866966
0.132551 0 0.867449
0.128834 0 0.871166
0.129132 0 0.870868
0.131161 0 0.868839
0.130717 0 0.869283
0.130282 0 0.869718
0.129857 0 0.870143
0.129441 0 0.870559
0.13105 0 0.86895
0.13312 0 0.86688
0.134926 0 0.865074
0.137352 0 0.862648
0.139649 0 0.860351
0.142031 0 0.857969
0.144503 0 0.855497
0.147069 0 0.852931
0.149874 0 0.850126
0.57051 0 0.42949
0.561091 0 0.438909
0.551718 0 0.448282
0.540867 0 0.459133
0.530327 0 0.469673
0.518963 0 0.481037
0.517083 0 0.482917
0.515163 0 0.484837
0.512592 0 0.487408
0.509493 0 0.490507
0.0544384 0 0.945562
0.466246 0 0.533754
0.486571 0 0.513429
0.493137 0 0.506863
0.560482 0 0.439518
0.54377 0 0.45623
0.453096 0 0.546904
0.452929 0 0.547071
0.133625 0 0.866375
0.132576 0 0.867424
0.128303 0 0.871697
0.129071 0 0.870929
0.131185 0 0.868815
0.130741 0 0.869259
0.130306 0 0.869694
0.129881 0 0.870119
0.129464 0 0.870536
0.130981 0 0.869019
0.133048 0 0.866952
0.135062 0 0.864938
0.137276 0 0.862724
0.139571 0 0.860429
0.14195 0 0.85805
0.144419 0 0.855581
0.146982 0 0.853018
0.149645 0 0.850355
0.577304 0 0.422696
0.560313 0 0.439687
0.551147 0 0.448853
0.541893 0 0.458107
0.531245 0 0.468755
0.520992 0 0.479008
0.509215 0 0.490785
0.507291 0 0.492709
0.505418 0 0.494582
0.503087 0 0.496913
0.500086 0 0.499914
0.497138 0 0.502862
0.492563 0 0.507437
0.483047 0 0.516953
0.426641 0 0.573359
0.0544227 0 0.945577
0.466414 0 0.533586
0.48663 0 0.51337
0.493116 0 0.506884
0.560701 0 0.439299
0.543603 0 0.456397
0.453187 0 0.546813
0.452903 0 0.547097
0.133652 0 0.866348
0.132602 0 0.867397
0.128329 0 0.871671
0.12901 0 0.87099
0.131211 0 0.868788
0.130767 0 0.869233
0.130332 0 0.869668
0.129906 0 0.870094
0.12949 0 0.87051
0.130913 0 0.869087
0.132978 0 0.867022
0.13499 0 0.86501
0.137201 0 0.862799
0.139493 0 0.860507
0.14187 0 0.85813
0.144336 0 0.855664
0.146896 0 0.853104
0.149556 0 0.850444
0.560045 0 0.439955
0.550724 0 0.449276
0.541785 0 0.458215
0.532671 0 0.467329
0.522309 0 0.477691
0.512324 0 0.487676
0.500151 0 0.499849
0.498116 0 0.501884
0.496233 0 0.503767
0.494178 0 0.505822
0.491218 0 0.508782
0.488278 0 0.511722
0.483981 0 0.516019
0.47517 0 0.52483
0.420204 0 0.579796
0.412783 0 0.587217
0.409868 0 0.590132
0.407807 0 0.592193
0.405768 0 0.594232
0.0544078 0 0.945592
0.46674 0 0.53326
0.486709 0 0.513291
0.493119 0 0.506881
0.143313 0 0.856687
0.142439 0 0.857561
0.141658 0 0.858342
0.543455 0 0.456545
0.453291 0 0.546709
0.452887 0 0.547113
0.133114 0 0.866886
0.132631 0 0.867369
0.128356 0 0.871644
0.128951 0 0.871049
0.131239 0 0.868761
0.130795 0 0.869205
0.130359 0 0.869641
0.129933 0 0.870067
0.129517 0 0.870483
0.130847 0 0.869153
0.132909 0 0.867091
0.134919 0 0.865081
0.137129 0 0.862871
0.139418 0 0.860582
0.141792 0 0.858208
0.144255 0 0.855745
0.146812 0 0.853188
0.149469 0 0.850531
0.592519 0 0.407481
0.550706 0 0.449294
0.541687 0 0.458313
0.532874 0 0.467126
0.523887 0 0.476113
0.513747 0 0.486253
0.504016 0 0.495984
0.49162 0 0.50838
0.489449 0 0.510551
0.487593 0 0.512407
0.485542 0 0.514458
0.482873 0 0.517127
0.479977 0 0.520023
0.476039 0 0.523961
0.467595 0 0.532405
0.41377 0 0.58623
0.406864 0 0.593136
0.404204 0 0.595796
0.402123 0 0.597877
0.40007 0 0.59993
0.398102 0 0.601898
0.396129 0 0.603871
0.394551 0 0.605449
0.393359 0 0.606641
0.0543929 0 0.945607
0.486809 0 0.513191
0.213156 0 0.786844
0.21443 0 0.78557
0.215779 0 0.784221
0.217156 0 0.782844
0.218561 0 0.781439
0.219996 0 0.780005
0.493144 0 0.506856
0.149632 0 0.850368
0.148629 0 0.851371
0.147646 0 0.852354
0.146684 0 0.853316
0.145741 0 0.854259
0.144817 0 0.855183
0.143912 0 0.856088
0.143025 0 0.856975
0.142155 0 0.857845
0.141303 0 0.858697
0.141631 0 0.858369
0.543325 0 0.456675
0.453407 0 0.546593
0.452882 0 0.547118
0.133144 0 0.866856
0.132661 0 0.867339
0.12894 0 0.87106
0.128894 0 0.871106
0.131269 0 0.868731
0.130824 0 0.869176
0.130388 0 0.869612
0.129962 0 0.870038
0.129545 0 0.870455
0.130782 0 0.869218
0.132843 0 0.867157
0.13485 0 0.86515
0.137057 0 0.862943
0.139344 0 0.860656
0.141716 0 0.858284
0.144176 0 0.855824
0.14673 0 0.85327
0.149384 0 0.850616
0.480909 0 0.519091
0.48131 0 0.51869
0.479969 0 0.520031
0.533089 0 0.466911
0.524554 0 0.475446
0.515526 0 0.484474
0.505646 0 0.494354
0.496273 0 0.503727
0.483206 0 0.516794
0.481317 0 0.518683
0.479421 0 0.520579
0.477551 0 0.522449
0.475006 0 0.524994
0.472123 0 0.527877
0.468506 0 0.531494
0.460566 0 0.539434
0.408216 0 0.591784
0.401962 0 0.598038
0.39881 0 0.60119
0.396747 0 0.603253
0.394711 0 0.605289
0.392727 0 0.607273
0.390765 0 0.609235
0.389109 0 0.610891
0.387804 0 0.612196
0.386651 0 0.613349
0.385516 0 0.614484
0.384401 0 0.615599
0.383323 0 0.616677
0.0634616 0 0.936538
0.0543814 0 0.945619
0.486932 0 0.513068
0.219681 0 0.780319
0.21786 0 0.78214
0.21608 0 0.78392
0.214338 0 0.785662
0.213055 0 0.786945
0.214377 0 0.785623
0.215725 0 0.784275
0.217102 0 0.782898
0.218506 0 0.781494
0.21994 0 0.78006
0.49319 0 0.50681
0.156926 0 0.843074
0.15577 0 0.84423
0.154638 0 0.845362
0.153529 0 0.846471
0.152444 0 0.847556
0.15138 0 0.84862
0.15034 0 0.84966
0.14932 0 0.85068
0.148321 0 0.851679
0.147343 0 0.852657
0.146385 0 0.853615
0.145445 0 0.854555
0.144526 0 0.855474
0.143624 0 0.856376
0.14274 0 0.85726
0.141874 0 0.858126
0.141026 0 0.858974
0.141588 0 0.858412
0.543214 0 0.456786
0.225978 0 0.774022
0.453535 0 0.546465
0.452886 0 0.547114
0.133176 0 0.866824
0.132692 0 0.867308
0.128971 0 0.871029
0.128837 0 0.871163
0.130901 0 0.869099
0.130854 0 0.869146
0.130419 0 0.869581
0.129992 0 0.870008
0.129575 0 0.870425
0.130719 0 0.869281
0.132778 0 0.867222
0.134783 0 0.865217
0.136988 0 0.863012
0.139272 0 0.860728
0.141642 0 0.858358
0.144099 0 0.855901
0.14665 0 0.85335
0.149301 0 0.850699
0.47705 0 0.52295
0.476867 0 0.523133
0.4768 0 0.5232
0.498074 0 0.501926
0.488812 0 0.511188
0.475532 0 0.524468
0.473598 0 0.526402
0.47174 0 0.52826
0.469888 0 0.530112
0.467565 0 0.532435
0.464735 0 0.535265
0.461329 0 0.538671
0.453857 0 0.546143
0.403094 0 0.596906
0.396622 0 0.603378
0.393718 0 0.606282
0.391673 0 0.608328
0.38965 0 0.61035
0.387654 0 0.612346
0.385703 0 0.614297
0.38402 0 0.61598
0.382562 0 0.617438
0.38138 0 0.61862
0.380233 0 0.619767
0.379085 0 0.620915
0.377982 0 0.622018
0.376897 0 0.623103
0.375853 0 0.624147
0.374803 0 0.625197
0.373695 0 0.626305
0.0632953 0 0.936705
0.0543762 0 0.945624
0.264038 0 0.735962
0.262651 0 0.737349
0.263734 0 0.736266
0.26484 0 0.73516
0.265968 0 0.734032
0.487081 0 0.512919
0.219752 0 0.780248
0.21793 0 0.78207
0.216149 0 0.783851
0.214406 0 0.785594
0.213006 0 0.786994
0.166827 0 0.833173
0.164042 0 0.835958
0.16273 0 0.83727
0.161447 0 0.838553
0.160192 0 0.839808
0.158964 0 0.841036
0.157762 0 0.842238
0.156585 0 0.843415
0.155434 0 0.844566
0.154307 0 0.845693
0.153202 0 0.846798
0.152122 0 0.847878
0.151064 0 0.848936
0.150027 0 0.849973
0.149011 0 0.850989
0.148017 0 0.851983
0.147043 0 0.852957
0.146088 0 0.853912
0.145153 0 0.854847
0.144237 0 0.855763
0.143339 0 0.856661
0.142458 0 0.857542
0.141596 0 0.858404
0.140751 0 0.859249
0.141547 0 0.858453
0.142797 0 0.857203
0.225842 0 0.774158
0.453678 0 0.546322
0.452902 0 0.547098
0.133209 0 0.866791
0.132725 0 0.867275
0.129003 0 0.870997
0.128784 0 0.871216
0.130844 0 0.869156
0.130887 0 0.869113
0.130451 0 0.869549
0.130024 0 0.869976
0.129607 0 0.870393
0.130658 0 0.869342
0.132714 0 0.867286
0.134717 0 0.865283
0.13692 0 0.86308
0.139203 0 0.860797
0.141569 0 0.858431
0.144024 0 0.855976
0.146572 0 0.853428
0.14922 0 0.85078
0.475562 0 0.524438
0.475563 0 0.524437
0.469283 0 0.530717
0.466353 0 0.533647
0.464448 0 0.535552
0.462606 0 0.537394
0.460447 0 0.539553
0.457728 0 0.542272
0.454584 0 0.545416
0.447421 0 0.552579
0.397911 0 0.602089
0.39155 0 0.60845
0.388922 0 0.611078
0.386881 0 0.613119
0.384867 0 0.615133
0.382862 0 0.617139
0.38092 0 0.619079
0.379077 0 0.620923
0.377617 0 0.622383
0.376397 0 0.623603
0.375242 0 0.624758
0.374093 0 0.625907
0.372969 0 0.627031
0.371848 0 0.628152
0.370775 0 0.629225
0.369699 0 0.630301
0.368135 0 0.631866
0.365957 0 0.634043
0.362508 0 0.637492
0.359093 0 0.640908
0.355786 0 0.644214
0.06332 0 0.93668
0.270542 0 0.729458
0.267188 0 0.732812
0.0543718 0 0.945628
0.26087 0 0.73913
0.261545 0 0.738455
0.262607 0 0.737393
0.263689 0 0.736311
0.264794 0 0.735206
0.265949 0 0.734051
0.466695 0 0.533305
0.487259 0 0.512741
0.173675 0 0.826325
0.172147 0 0.827853
0.170653 0 0.829347
0.169193 0 0.830807
0.167765 0 0.832235
0.16637 0 0.83363
0.165006 0 0.834994
0.16367 0 0.83633
0.162365 0 0.837635
0.161088 0 0.838912
0.159838 0 0.840162
0.158615 0 0.841385
0.157419 0 0.842581
0.156248 0 0.843752
0.155101 0 0.844899
0.153978 0 0.846022
0.152879 0 0.847121
0.151803 0 0.848197
0.150749 0 0.849251
0.149717 0 0.850283
0.148706 0 0.851294
0.147715 0 0.852285
0.146745 0 0.853255
0.145794 0 0.854206
0.144863 0 0.855137
0.14395 0 0.85605
0.143056 0 0.856944
0.142179 0 0.857821
0.14132 0 0.85868
0.140478 0 0.859522
0.141508 0 0.858492
0.142757 0 0.857243
0.225747 0 0.774253
0.453836 0 0.546164
0.452927 0 0.547073
0.133244 0 0.866756
0.13276 0 0.86724
0.129037 0 0.870963
0.128731 0 0.871269
0.13079 0 0.86921
0.130921 0 0.869079
0.130485 0 0.869515
0.130058 0 0.869942
0.12964 0 0.87036
0.130599 0 0.869401
0.132653 0 0.867347
0.134654 0 0.865345
0.136854 0 0.863146
0.139135 0 0.860865
0.141499 0 0.858501
0.143951 0 0.856049
0.146497 0 0.853503
0.149141 0 0.850859
0.459457 0 0.540543
0.457598 0 0.542402
0.455726 0 0.544274
0.453743 0 0.546257
0.451083 0 0.548917
0.448084 0 0.551916
0.441373 0 0.558627
0.393174 0 0.606826
0.387153 0 0.612847
0.384411 0 0.615589
0.382351 0 0.617649
0.380345 0 0.619655
0.378333 0 0.621667
0.376398 0 0.623602
0.374472 0 0.625528
0.372928 0 0.627072
0.371723 0 0.628277
0.370525 0 0.629475
0.369347 0 0.630653
0.368212 0 0.631788
0.367075 0 0.632925
0.365976 0 0.634024
0.364601 0 0.635399
0.362876 0 0.637124
0.359742 0 0.640258
0.356378 0 0.643622
0.353038 0 0.646962
0.349797 0 0.650203
0.346654 0 0.653346
0.343531 0 0.656469
0.340487 0 0.659513
0.337559 0 0.662441
0.0633608 0 0.936639
0.270702 0 0.729298
0.267346 0 0.732654
0.0543672 0 0.945633
0.261025 0 0.738975
0.261504 0 0.738496
0.262565 0 0.737435
0.263648 0 0.736352
0.264752 0 0.735248
0.265967 0 0.734033
0.466333 0 0.533667
0.183177 0 0.816823
0.181425 0 0.818575
0.179714 0 0.820286
0.178043 0 0.821957
0.176412 0 0.823588
0.174818 0 0.825182
0.173261 0 0.826739
0.17174 0 0.82826
0.170253 0 0.829747
0.168799 0 0.831201
0.167379 0 0.832621
0.16599 0 0.83401
0.164632 0 0.835368
0.163303 0 0.836697
0.162003 0 0.837997
0.160732 0 0.839268
0.159488 0 0.840512
0.15827 0 0.84173
0.157079 0 0.842921
0.155913 0 0.844087
0.154771 0 0.845229
0.153653 0 0.846347
0.152559 0 0.847441
0.151487 0 0.848513
0.150438 0 0.849562
0.14941 0 0.85059
0.148403 0 0.851597
0.147417 0 0.852583
0.146451 0 0.853549
0.145503 0 0.854497
0.144576 0 0.855424
0.143667 0 0.856333
0.142776 0 0.857224
0.141903 0 0.858097
0.141048 0 0.858952
0.140251 0 0.859749
0.14147 0 0.85853
0.142719 0 0.857281
0.225599 0 0.774401
0.454009 0 0.545991
0.452962 0 0.547038
0.133281 0 0.866719
0.132796 0 0.867204
0.128966 0 0.871034
0.128513 0 0.871487
0.130737 0 0.869263
0.130956 0 0.869044
0.13052 0 0.86948
0.130093 0 0.869907
0.129675 0 0.870325
0.130541 0 0.869459
0.132594 0 0.867406
0.134592 0 0.865408
0.136791 0 0.863209
0.139069 0 0.860931
0.14143 0 0.85857
0.14388 0 0.85612
0.146423 0 0.853577
0.149065 0 0.850935
0.447302 0 0.552698
0.44482 0 0.55518
0.441808 0 0.558192
0.435548 0 0.564452
0.388598 0 0.611402
0.382975 0 0.617025
0.380133 0 0.619867
0.378068 0 0.621932
0.37602 0 0.62398
0.37405 0 0.62595
0.372116 0 0.627884
0.370175 0 0.629825
0.368529 0 0.631471
0.367273 0 0.632727
0.366064 0 0.633936
0.364885 0 0.635115
0.363719 0 0.636281
0.362578 0 0.637422
0.361387 0 0.638613
0.35979 0 0.64021
0.357247 0 0.642753
0.35383 0 0.64617
0.350554 0 0.649446
0.347297 0 0.652703
0.344101 0 0.655899
0.341011 0 0.658989
0.337989 0 0.662011
0.335006 0 0.664994
0.332135 0 0.667865
0.329271 0 0.670729
0.326464 0 0.673536
0.323763 0 0.676237
0.321092 0 0.678908
0.270867 0 0.729133
0.267506 0 0.732494
0.054364 0 0.945636
0.261239 0 0.738761
0.261466 0 0.738533
0.262527 0 0.737473
0.19816 0 0.80184
0.264766 0 0.735234
0.265988 0 0.734012
0.466133 0 0.533867
0.184504 0 0.815496
0.182718 0 0.817282
0.180974 0 0.819026
0.179272 0 0.820728
0.177609 0 0.822391
0.175986 0 0.824014
0.1744 0 0.8256
0.172851 0 0.827149
0.171337 0 0.828663
0.169857 0 0.830144
0.16841 0 0.83159
0.166996 0 0.833004
0.165613 0 0.834387
0.164261 0 0.835739
0.162939 0 0.837061
0.161645 0 0.838355
0.160379 0 0.839621
0.159141 0 0.840859
0.157929 0 0.842071
0.156743 0 0.843257
0.155582 0 0.844418
0.154445 0 0.845555
0.153332 0 0.846668
0.152242 0 0.847758
0.151175 0 0.848825
0.15013 0 0.84987
0.149106 0 0.850894
0.148104 0 0.851896
0.147121 0 0.852879
0.146159 0 0.853841
0.145216 0 0.854784
0.144292 0 0.855708
0.143387 0 0.856613
0.142499 0 0.857501
0.14163 0 0.85837
0.140777 0 0.859223
0.140228 0 0.859772
0.141435 0 0.858565
0.142682 0 0.857318
0.225436 0 0.774564
0.4542 0 0.5458
0.453007 0 0.546993
0.455757 0 0.544243
0.594442 0 0.405558
0.585489 0 0.414511
0.133319 0 0.866681
0.131526 0 0.868474
0.129906 0 0.870094
0.130503 0 0.869497
0.130686 0 0.869314
0.130993 0 0.869007
0.130557 0 0.869443
0.13013 0 0.86987
0.129712 0 0.870288
0.130485 0 0.869515
0.132536 0 0.867464
0.134533 0 0.865467
0.136729 0 0.863271
0.139004 0 0.860996
0.141363 0 0.858637
0.143811 0 0.856189
0.146351 0 0.853649
0.14899 0 0.85101
0.429915 0 0.570085
0.384357 0 0.615643
0.378902 0 0.621098
0.376064 0 0.623936
0.374016 0 0.625984
0.371971 0 0.628029
0.369997 0 0.630003
0.368062 0 0.631938
0.366123 0 0.633877
0.364398 0 0.635602
0.363087 0 0.636913
0.361853 0 0.638147
0.360661 0 0.639339
0.359465 0 0.640535
0.358308 0 0.641692
0.356956 0 0.643044
0.354943 0 0.645057
0.351581 0 0.648419
0.348238 0 0.651762
0.344995 0 0.655005
0.341843 0 0.658157
0.338714 0 0.661286
0.3357 0 0.6643
0.332727 0 0.667273
0.329794 0 0.670206
0.32693 0 0.67307
0.32418 0 0.67582
0.321427 0 0.678573
0.31875 0 0.68125
0.316157 0 0.683843
0.313568 0 0.686432
0.311051 0 0.688949
0.308613 0 0.691387
0.306177 0 0.693823
0.21582 0 0.78418
0.212981 0 0.787019
0.210225 0 0.789775
0.054361 0 0.945639
0.20495 0 0.79505
0.202425 0 0.797575
0.19997 0 0.80003
0.197584 0 0.802416
0.197791 0 0.802209
0.266013 0 0.733987
0.28791 0 0.71209
0.245024 0 0.754976
0.243348 0 0.756652
0.240408 0 0.759592
0.184041 0 0.815959
0.182263 0 0.817737
0.180528 0 0.819472
0.178834 0 0.821166
0.17718 0 0.82282
0.175564 0 0.824436
0.173986 0 0.826014
0.172444 0 0.827556
0.170937 0 0.829063
0.169464 0 0.830536
0.168025 0 0.831975
0.166617 0 0.833383
0.165241 0 0.834759
0.163895 0 0.836105
0.162579 0 0.837421
0.161291 0 0.838709
0.160031 0 0.839969
0.158798 0 0.841202
0.157591 0 0.842409
0.156409 0 0.843591
0.155254 0 0.844746
0.154122 0 0.845878
0.153014 0 0.846986
0.151928 0 0.848072
0.150866 0 0.849134
0.149825 0 0.850175
0.148806 0 0.851194
0.147807 0 0.852193
0.146829 0 0.853171
0.145871 0 0.854129
0.144931 0 0.855069
0.144011 0 0.855989
0.143109 0 0.856891
0.142225 0 0.857775
0.14136 0 0.85864
0.140629 0 0.859371
0.140257 0 0.859743
0.141401 0 0.858599
0.142648 0 0.857352
0.225276 0 0.774724
0.454411 0 0.545589
0.453061 0 0.546939
0.455438 0 0.544562
0.566093 0 0.433907
0.557404 0 0.442596
0.128386 0 0.871614
0.127911 0 0.872089
0.127699 0 0.872301
0.129437 0 0.870563
0.130455 0 0.869545
0.130636 0 0.869364
0.131032 0 0.868968
0.130595 0 0.869405
0.130168 0 0.869832
0.12975 0 0.87025
0.130431 0 0.869569
0.132479 0 0.867521
0.134475 0 0.865525
0.136668 0 0.863332
0.138941 0 0.861059
0.141298 0 0.858702
0.143743 0 0.856257
0.146281 0 0.853719
0.149054 0 0.850946
0.372228 0 0.627772
0.370179 0 0.629821
0.368135 0 0.631865
0.366161 0 0.633839
0.364186 0 0.635814
0.36228 0 0.63772
0.360476 0 0.639524
0.359118 0 0.640882
0.357861 0 0.642139
0.356653 0 0.643347
0.355441 0 0.644559
0.354268 0 0.645732
0.352618 0 0.647382
0.349488 0 0.650512
0.34619 0 0.65381
0.342917 0 0.657083
0.339747 0 0.660253
0.336655 0 0.663345
0.33359 0 0.66641
0.330618 0 0.669382
0.327722 0 0.672278
0.324845 0 0.675155
0.322044 0 0.677956
0.319339 0 0.680661
0.316638 0 0.683362
0.31399 0 0.68601
0.311445 0 0.688555
0.308921 0 0.691079
0.30643 0 0.69357
0.304004 0 0.695997
0.30166 0 0.69834
0.299313 0 0.700687
0.297012 0 0.702988
0.294779 0 0.705221
0.292605 0 0.707395
0.237531 0 0.762469
0.234017 0 0.765983
0.230616 0 0.769384
0.227323 0 0.772677
0.224133 0 0.775867
0.221042 0 0.778958
0.218044 0 0.781956
0.215137 0 0.784863
0.212316 0 0.787684
0.209578 0 0.790422
0.0543593 0 0.945641
0.204336 0 0.795664
0.201826 0 0.798174
0.199386 0 0.800614
0.197013 0 0.802987
0.197763 0 0.802237
0.266041 0 0.733959
0.296213 0 0.703787
0.295795 0 0.704205
0.287957 0 0.712043
0.245022 0 0.754978
0.243067 0 0.756933
0.24045 0 0.75955
0.183581 0 0.816419
0.181812 0 0.818188
0.180086 0 0.819914
0.1784 0 0.8216
0.176754 0 0.823246
0.175147 0 0.824853
0.173576 0 0.826424
0.172041 0 0.827959
0.170542 0 0.829458
0.169076 0 0.830924
0.167643 0 0.832357
0.166242 0 0.833758
0.164872 0 0.835128
0.163532 0 0.836468
0.162222 0 0.837778
0.160939 0 0.839061
0.159685 0 0.840315
0.158457 0 0.841543
0.157256 0 0.842744
0.15608 0 0.84392
0.154929 0 0.845071
0.153802 0 0.846198
0.152698 0 0.847302
0.151618 0 0.848382
0.15056 0 0.84944
0.149523 0 0.850477
0.148508 0 0.851492
0.147514 0 0.852486
0.146539 0 0.853461
0.145585 0 0.854415
0.14465 0 0.85535
0.143733 0 0.856267
0.142834 0 0.857166
0.141954 0 0.858046
0.141092 0 0.858908
0.140659 0 0.859341
0.140288 0 0.859712
0.141369 0 0.858631
0.142615 0 0.857385
0.591203 0 0.408797
0.582678 0 0.417322
0.574174 0 0.425826
0.565174 0 0.434826
0.454644 0 0.545356
0.453125 0 0.546875
0.455224 0 0.544776
0.507337 0 0.492663
0.499227 0 0.500773
0.128427 0 0.871573
0.127951 0 0.872049
0.127655 0 0.872345
0.129391 0 0.870609
0.129118 0 0.870882
0.130588 0 0.869412
0.131072 0 0.868928
0.130636 0 0.869364
0.130208 0 0.869792
0.12979 0 0.87021
0.130378 0 0.869622
0.132424 0 0.867576
0.134418 0 0.865582
0.13661 0 0.86339
0.138881 0 0.861119
0.141747 0 0.858253
0.143811 0 0.856189
0.146348 0 0.853652
0.148984 0 0.851017
0.362526 0 0.637474
0.360549 0 0.639451
0.150202 0 0.849798
0.356812 0 0.643188
0.35537 0 0.64463
0.3541 0 0.6459
0.352862 0 0.647138
0.35166 0 0.64834
0.350205 0 0.649795
0.347604 0 0.652396
0.344275 0 0.655725
0.341052 0 0.658948
0.337847 0 0.662153
0.334711 0 0.665289
0.331686 0 0.668314
0.328707 0 0.671293
0.325765 0 0.674235
0.322927 0 0.677073
0.320132 0 0.679868
0.317372 0 0.682628
0.314711 0 0.685289
0.262686 0 0.737314
0.261422 0 0.738578
0.260334 0 0.739666
0.259123 0 0.740877
0.258585 0 0.741415
0.260125 0 0.739875
0.25881 0 0.74119
0.254319 0 0.745681
0.25831 0 0.74169
0.290583 0 0.709417
0.288441 0 0.711559
0.286315 0 0.713685
0.284218 0 0.715782
0.282194 0 0.717806
0.262109 0 0.737891
0.2479 0 0.7521
0.24404 0 0.75596
0.240311 0 0.759689
0.236705 0 0.763295
0.233216 0 0.766784
0.229838 0 0.770162
0.226568 0 0.773432
0.223398 0 0.776602
0.220328 0 0.779672
0.21735 0 0.78265
0.0537865 0 0.946214
0.0538747 0 0.946125
0.208937 0 0.791063
0.054358 0 0.945642
0.203727 0 0.796273
0.201232 0 0.798768
0.198807 0 0.801193
0.196895 0 0.803105
0.197739 0 0.802261
0.198599 0 0.801401
0.296225 0 0.703775
0.295749 0 0.704251
0.298524 0 0.701476
0.288006 0 0.711994
0.245074 0 0.754926
0.243068 0 0.756932
0.240495 0 0.759505
0.183126 0 0.816874
0.181366 0 0.818634
0.179649 0 0.820351
0.177971 0 0.822029
0.176333 0 0.823667
0.174734 0 0.825266
0.17317 0 0.82683
0.171643 0 0.828357
0.170151 0 0.829849
0.168692 0 0.831308
0.167265 0 0.832735
0.165871 0 0.834129
0.164507 0 0.835493
0.163173 0 0.836827
0.161869 0 0.838131
0.160592 0 0.839408
0.159343 0 0.840657
0.158121 0 0.841879
0.156925 0 0.843075
0.155754 0 0.844246
0.154608 0 0.845392
0.153485 0 0.846515
0.152386 0 0.847614
0.151311 0 0.848689
0.150257 0 0.849743
0.149224 0 0.850776
0.148214 0 0.851786
0.147223 0 0.852777
0.146252 0 0.853748
0.145302 0 0.854698
0.14437 0 0.85563
0.143458 0 0.856542
0.142563 0 0.857437
0.141686 0 0.858314
0.141072 0 0.858928
0.140692 0 0.859308
0.14032 0 0.85968
0.141338 0 0.858662
0.142584 0 0.857416
0.598632 0 0.401368
0.224955 0 0.775045
0.581362 0 0.418638
0.57312 0 0.42688
0.564365 0 0.435635
0.555585 0 0.444415
0.547146 0 0.452854
0.538925 0 0.461075
0.517046 0 0.482954
0.454905 0 0.545095
0.453198 0 0.546802
0.455068 0 0.544932
0.477966 0 0.522034
0.470197 0 0.529803
0.128468 0 0.871532
0.127993 0 0.872007
0.127612 0 0.872388
0.129347 0 0.870653
0.130531 0 0.869469
0.130541 0 0.869459
0.131115 0 0.868885
0.130677 0 0.869323
0.13025 0 0.86975
0.129831 0 0.870169
0.130327 0 0.869673
0.132371 0 0.867629
0.134363 0 0.865637
0.136679 0 0.863321
0.13895 0 0.86105
0.141304 0 0.858696
0.143746 0 0.856254
0.146281 0 0.853719
0.148914 0 0.851086
0.353299 0 0.646701
0.351824 0 0.648176
0.150268 0 0.849732
0.349274 0 0.650726
0.347795 0 0.652205
0.345879 0 0.654121
0.342566 0 0.657434
0.339286 0 0.660714
0.336135 0 0.663865
0.333008 0 0.666992
0.329935 0 0.670065
0.326985 0 0.673015
0.324049 0 0.675951
0.321163 0 0.678837
0.318389 0 0.681611
0.270739 0 0.729261
0.267314 0 0.732686
0.26498 0 0.73502
0.26315 0 0.73685
0.25745 0 0.74255
0.253839 0 0.746161
0.252349 0 0.747651
0.251506 0 0.748494
0.251778 0 0.748222
0.253505 0 0.746495
0.252665 0 0.747335
0.250539 0 0.749461
0.247342 0 0.752658
0.246609 0 0.753391
0.248487 0 0.751513
0.249677 0 0.750323
0.255248 0 0.744752
0.27634 0 0.72366
0.26272 0 0.73728
0.259352 0 0.740648
0.252886 0 0.747114
0.242108 0 0.757892
0.247002 0 0.752998
0.243171 0 0.756829
0.239468 0 0.760532
0.235887 0 0.764113
0.232422 0 0.767578
0.229068 0 0.770932
0.22582 0 0.77418
0.222672 0 0.777328
0.219621 0 0.780379
0.216662 0 0.783338
0.213792 0 0.786208
0.211007 0 0.788993
0.208303 0 0.791697
0.0543571 0 0.945643
0.203125 0 0.796875
0.200645 0 0.799355
0.198233 0 0.801767
0.196874 0 0.803126
0.197717 0 0.802283
0.198577 0 0.801423
0.296242 0 0.703758
0.295707 0 0.704293
0.298093 0 0.701907
0.28806 0 0.71194
0.245173 0 0.754827
0.243072 0 0.756928
0.240543 0 0.759457
0.182675 0 0.817325
0.180925 0 0.819075
0.179215 0 0.820785
0.177546 0 0.822453
0.175917 0 0.824083
0.174324 0 0.825676
0.172769 0 0.827231
0.171248 0 0.828752
0.169763 0 0.830237
0.168311 0 0.831689
0.166891 0 0.833109
0.165503 0 0.834497
0.164146 0 0.835854
0.162818 0 0.837182
0.161519 0 0.838481
0.160248 0 0.839752
0.159004 0 0.840996
0.157788 0 0.842212
0.156597 0 0.843403
0.155431 0 0.844569
0.154289 0 0.845711
0.153172 0 0.846828
0.152078 0 0.847922
0.151006 0 0.848994
0.149957 0 0.850043
0.148929 0 0.851071
0.147922 0 0.852078
0.146936 0 0.853064
0.145969 0 0.854031
0.145022 0 0.854978
0.144094 0 0.855906
0.143185 0 0.856815
0.142294 0 0.857706
0.141497 0 0.858503
0.141107 0 0.858893
0.140726 0 0.859274
0.140354 0 0.859646
0.14131 0 0.85869
0.142555 0 0.857445
0.59741 0 0.40259
0.588646 0 0.411354
0.580156 0 0.419844
0.571917 0 0.428083
0.563682 0 0.436318
0.22481 0 0.77519
0.546427 0 0.453573
0.538261 0 0.461739
0.530244 0 0.469756
0.503017 0 0.496983
0.494804 0 0.505196
0.487048 0 0.512952
0.479537 0 0.520463
0.455198 0 0.544802
0.453282 0 0.546718
0.454951 0 0.545049
0.448121 0 0.551879
0.440392 0 0.559608
0.128512 0 0.871488
0.128036 0 0.871964
0.127618 0 0.872382
0.129304 0 0.870696
0.131092 0 0.868908
0.130497 0 0.869503
0.131158 0 0.868842
0.130721 0 0.869279
0.130293 0 0.869707
0.129874 0 0.870126
0.130277 0 0.869723
0.13232 0 0.86768
0.134434 0 0.865566
0.136624 0 0.863376
0.138893 0 0.861107
0.141244 0 0.858756
0.143684 0 0.856316
0.144848 0 0.855152
0.143672 0 0.856328
0.142863 0 0.857137
0.343806 0 0.656194
0.150244 0 0.849756
0.337748 0 0.662252
0.334535 0 0.665465
0.331427 0 0.668573
0.328384 0 0.671616
0.32537 0 0.67463
0.0869077 0 0.913092
0.0862804 0 0.91372
0.0856641 0 0.914336
0.085058 0 0.914942
0.0844617 0 0.915538
0.269165 0 0.730834
0.266225 0 0.733775
0.26487 0 0.73513
0.2624 0 0.7376
0.259562 0 0.740438
0.254684 0 0.745316
0.25245 0 0.74755
0.250377 0 0.749623
0.248855 0 0.751145
0.248034 0 0.751966
0.247787 0 0.752213
0.247028 0 0.752972
0.245586 0 0.754414
0.243832 0 0.756168
0.242888 0 0.757112
0.24267 0 0.75733
0.242631 0 0.757369
0.23459 0 0.76541
0.228335 0 0.771665
0.227143 0 0.772857
0.225963 0 0.774037
0.224691 0 0.775309
0.223854 0 0.776146
0.229521 0 0.770479
0.227816 0 0.772184
0.246113 0 0.753887
0.24231 0 0.75769
0.238634 0 0.761366
0.235078 0 0.764922
0.231637 0 0.768363
0.228306 0 0.771694
0.225079 0 0.774921
0.221952 0 0.778048
0.218921 0 0.781079
0.0543392 0 0.945661
0.0534892 0 0.946511
0.053636 0 0.946364
0.053803 0 0.946197
0.0539737 0 0.946026
0.0541482 0 0.945852
0.200063 0 0.799937
0.197666 0 0.802334
0.196854 0 0.803146
0.197697 0 0.802303
0.198557 0 0.801443
0.296283 0 0.703717
0.295708 0 0.704292
0.297666 0 0.702334
0.288117 0 0.711883
0.245276 0 0.754724
0.243109 0 0.756891
0.240658 0 0.759342
0.18223 0 0.81777
0.180487 0 0.819513
0.178786 0 0.821214
0.177125 0 0.822875
0.175503 0 0.824497
0.173919 0 0.826081
0.172371 0 0.827629
0.170858 0 0.829142
0.169379 0 0.830621
0.167934 0 0.832066
0.166521 0 0.833479
0.165139 0 0.834861
0.163788 0 0.836212
0.162466 0 0.837534
0.161173 0 0.838827
0.159908 0 0.840092
0.15867 0 0.84133
0.157458 0 0.842542
0.156272 0 0.843728
0.155111 0 0.844889
0.153975 0 0.846025
0.152878 0 0.847122
0.151819 0 0.848181
0.150782 0 0.849218
0.149766 0 0.850234
0.148771 0 0.851229
0.147796 0 0.852204
0.146841 0 0.853159
0.145905 0 0.854095
0.144989 0 0.855011
0.144091 0 0.855909
0.14321 0 0.85679
0.142348 0 0.857652
0.141533 0 0.858467
0.141143 0 0.858857
0.140762 0 0.859238
0.14039 0 0.85961
0.141283 0 0.858717
0.142527 0 0.857473
0.596385 0 0.403615
0.587634 0 0.412366
0.579143 0 0.420857
0.347334 0 0.652666
0.34689 0 0.65311
0.346464 0 0.653536
0.346054 0 0.653946
0.345662 0 0.654338
0.529712 0 0.470288
0.224668 0 0.775332
0.496641 0 0.503359
0.488807 0 0.511194
0.481231 0 0.518769
0.473949 0 0.526051
0.110721 0 0.889279
0.109638 0 0.890362
0.108576 0 0.891424
0.107536 0 0.892464
0.106516 0 0.893484
0.105517 0 0.894483
0.104537 0 0.895463
0.103577 0 0.896423
0.102635 0 0.897365
0.101712 0 0.898288
0.100806 0 0.899194
0.0999172 0 0.900083
0.0990455 0 0.900954
0.09819 0 0.90181
0.0973505 0 0.90265
0.0966368 0 0.903363
0.0959518 0 0.904048
0.0952802 0 0.90472
0.0946235 0 0.905376
0.09398 0 0.90602
0.0933493 0 0.906651
0.092732 0 0.907268
0.0921265 0 0.907874
0.0915339 0 0.908466
0.0909527 0 0.909047
0.0903833 0 0.909617
0.0898257 0 0.910174
0.0892788 0 0.910721
0.0887426 0 0.911257
0.0882169 0 0.911783
0.0877021 0 0.912298
0.0871976 0 0.912802
0.0867023 0 0.913298
0.086217 0 0.913783
0.0857412 0 0.914259
0.0852752 0 0.914725
0.0848178 0 0.915182
0.084369 0 0.915631
0.0839296 0 0.91607
0.0836876 0 0.916312
0.0842807 0 0.915719
0.259084 0 0.740916
0.257558 0 0.742442
0.255393 0 0.744607
0.252421 0 0.747579
0.250883 0 0.749117
0.249382 0 0.750618
0.247971 0 0.752029
0.24646 0 0.75354
0.24484 0 0.75516
0.243161 0 0.756839
0.242451 0 0.757549
0.241636 0 0.758364
0.240427 0 0.759573
0.240047 0 0.759953
0.23988 0 0.76012
0.23149 0 0.76851
0.226377 0 0.773623
0.224689 0 0.775311
0.223349 0 0.776651
0.221835 0 0.778165
0.220253 0 0.779747
0.218037 0 0.781963
0.21598 0 0.78402
0.215 0 0.785
0.215174 0 0.784826
0.241458 0 0.758542
0.237808 0 0.762192
0.234277 0 0.765723
0.23086 0 0.76914
0.227551 0 0.772449
0.224346 0 0.775654
0.22124 0 0.77876
0.218229 0 0.781771
0.0543429 0 0.945657
0.0534819 0 0.946518
0.0536256 0 0.946374
0.0537926 0 0.946207
0.0539633 0 0.946037
0.0541376 0 0.945862
0.199487 0 0.800513
0.197606 0 0.802394
0.196837 0 0.803163
0.19768 0 0.80232
0.198539 0 0.801461
0.267366 0 0.732634
0.296375 0 0.703625
0.295745 0 0.704255
0.297244 0 0.702756
0.288178 0 0.711822
0.245381 0 0.754619
0.243213 0 0.756787
0.240778 0 0.759222
0.181788 0 0.818212
0.180054 0 0.819946
0.178362 0 0.821638
0.176709 0 0.823291
0.175094 0 0.824906
0.173518 0 0.826482
0.171977 0 0.828023
0.170471 0 0.829529
0.169006 0 0.830994
0.167601 0 0.832399
0.166226 0 0.833774
0.164883 0 0.835117
0.163569 0 0.836431
0.162283 0 0.837717
0.161025 0 0.838975
0.159795 0 0.840205
0.15859 0 0.84141
0.157412 0 0.842588
0.156258 0 0.843742
0.155129 0 0.844871
0.154024 0 0.845976
0.152941 0 0.847059
0.151881 0 0.848119
0.150843 0 0.849157
0.149826 0 0.850174
0.148831 0 0.851169
0.147855 0 0.852145
0.1469 0 0.8531
0.145964 0 0.854036
0.145046 0 0.854954
0.144148 0 0.855852
0.143267 0 0.856733
0.142404 0 0.857596
0.141571 0 0.858429
0.141181 0 0.858819
0.1408 0 0.8592
0.140428 0 0.859572
0.141257 0 0.858743
0.142501 0 0.857499
0.127362 0 0.872638
0.12596 0 0.87404
0.124595 0 0.875405
0.123264 0 0.876736
0.121968 0 0.878032
0.120704 0 0.879296
0.119472 0 0.880528
0.11827 0 0.88173
0.117097 0 0.882903
0.115953 0 0.884047
0.114837 0 0.885163
0.113747 0 0.886253
0.112682 0 0.887318
0.111643 0 0.888357
0.110628 0 0.889372
0.109636 0 0.890364
0.108667 0 0.891333
0.10772 0 0.89228
0.106795 0 0.893205
0.10589 0 0.89411
0.105005 0 0.894995
0.10414 0 0.89586
0.103294 0 0.896706
0.102467 0 0.897533
0.101657 0 0.898343
0.100865 0 0.899135
0.100089 0 0.899911
0.0993305 0 0.90067
0.0985879 0 0.901412
0.0978614 0 0.902139
0.0971492 0 0.902851
0.0964525 0 0.903547
0.0957704 0 0.90423
0.0951019 0 0.904898
0.0944474 0 0.905553
0.093806 0 0.906194
0.0931781 0 0.906822
0.0925629 0 0.907437
0.0919601 0 0.90804
0.0913695 0 0.90863
0.0907903 0 0.90921
0.090223 0 0.909777
0.0896674 0 0.910333
0.0891224 0 0.910878
0.0885881 0 0.911412
0.0880651 0 0.911935
0.0875515 0 0.912448
0.0870488 0 0.912951
0.0865554 0 0.913445
0.0860718 0 0.913928
0.085598 0 0.914402
0.0851329 0 0.914867
0.0846774 0 0.915323
0.0842305 0 0.91577
0.0837927 0 0.916207
0.0833633 0 0.916637
0.0836472 0 0.916353
0.0842437 0 0.915756
0.25013 0 0.74987
0.249169 0 0.750831
0.247885 0 0.752115
0.246398 0 0.753602
0.245547 0 0.754453
0.244 0 0.756
0.242017 0 0.757983
0.241141 0 0.758859
0.239953 0 0.760047
0.238314 0 0.761686
0.237796 0 0.762204
0.237156 0 0.762844
0.233715 0 0.766285
0.227567 0 0.772433
0.224725 0 0.775275
0.222875 0 0.777125
0.218797 0 0.781203
0.215941 0 0.784059
0.214195 0 0.785805
0.213254 0 0.786746
0.212668 0 0.787332
0.198728 0 0.801272
0.198032 0 0.801968
0.19059 0 0.80941
0.209917 0 0.790084
0.236991 0 0.763009
0.233485 0 0.766515
0.230091 0 0.769909
0.226805 0 0.773195
0.223621 0 0.776379
0.220536 0 0.779464
0.217544 0 0.782456
0.0543435 0 0.945657
0.0534759 0 0.946524
0.053616 0 0.946384
0.053783 0 0.946217
0.0539532 0 0.946047
0.0541279 0 0.945872
0.198917 0 0.801083
0.197666 0 0.802334
0.196822 0 0.803178
0.197665 0 0.802335
0.198524 0 0.801476
0.267187 0 0.732813
0.296471 0 0.703529
0.295786 0 0.704214
0.297082 0 0.702918
0.288241 0 0.711759
0.24549 0 0.75451
0.243351 0 0.756649
0.2409 0 0.7591
0.181578 0 0.818422
0.179885 0 0.820115
0.178231 0 0.821769
0.176616 0 0.823384
0.175039 0 0.824961
0.173498 0 0.826502
0.171992 0 0.828008
0.17052 0 0.82948
0.169082 0 0.830918
0.167675 0 0.832325
0.166301 0 0.833699
0.164956 0 0.835044
0.163641 0 0.836359
0.162354 0 0.837646
0.161096 0 0.838904
0.159864 0 0.840136
0.158659 0 0.841341
0.15748 0 0.84252
0.156325 0 0.843675
0.155195 0 0.844805
0.154089 0 0.845911
0.153006 0 0.846994
0.151945 0 0.848055
0.150906 0 0.849094
0.149889 0 0.850111
0.148893 0 0.851107
0.147917 0 0.852083
0.146961 0 0.853039
0.146024 0 0.853976
0.145106 0 0.854894
0.144207 0 0.855793
0.143325 0 0.856675
0.142462 0 0.857538
0.141616 0 0.858384
0.141221 0 0.858779
0.14084 0 0.85916
0.140467 0 0.859533
0.141234 0 0.858766
0.142477 0 0.857523
0.127038 0 0.872962
0.125643 0 0.874357
0.124285 0 0.875715
0.122962 0 0.877038
0.121672 0 0.878328
0.120414 0 0.879586
0.119188 0 0.880812
0.117992 0 0.882008
0.116825 0 0.883175
0.115686 0 0.884314
0.114575 0 0.885425
0.11349 0 0.88651
0.112431 0 0.887569
0.111396 0 0.888604
0.110385 0 0.889615
0.109398 0 0.890602
0.108434 0 0.891566
0.107491 0 0.892509
0.106569 0 0.893431
0.105668 0 0.894332
0.104788 0 0.895212
0.103926 0 0.896074
0.103084 0 0.896916
0.10226 0 0.89774
0.101453 0 0.898547
0.100665 0 0.899335
0.0998925 0 0.900108
0.0991374 0 0.900863
0.0983972 0 0.901603
0.0976737 0 0.902326
0.0969646 0 0.903035
0.0962702 0 0.90373
0.095591 0 0.904409
0.0949253 0 0.905075
0.094273 0 0.905727
0.0936344 0 0.906366
0.0930087 0 0.906991
0.0923955 0 0.907604
0.0917955 0 0.908204
0.0912063 0 0.908794
0.0906299 0 0.90937
0.0900652 0 0.909935
0.0895108 0 0.910489
0.0889678 0 0.911032
0.0884362 0 0.911564
0.0879143 0 0.912086
0.0874033 0 0.912597
0.0869018 0 0.913098
0.0864102 0 0.91359
0.0859285 0 0.914072
0.0854564 0 0.914544
0.0849932 0 0.915007
0.0845387 0 0.915461
0.0840936 0 0.915906
0.0836568 0 0.916343
0.0832292 0 0.916771
0.0832936 0 0.916706
0.084121 0 0.915879
0.244305 0 0.755695
0.242968 0 0.757032
0.241977 0 0.758023
0.241507 0 0.758493
0.241182 0 0.758818
0.239305 0 0.760695
0.237707 0 0.762293
0.236259 0 0.763741
0.23452 0 0.76548
0.232784 0 0.767216
0.230045 0 0.769955
0.226616 0 0.773384
0.223912 0 0.776088
0.221404 0 0.778596
0.218381 0 0.781619
0.216834 0 0.783166
0.215698 0 0.784302
0.214241 0 0.785759
0.212103 0 0.787897
0.196021 0 0.803979
0.193896 0 0.806104
0.191106 0 0.808894
0.188441 0 0.811559
0.187382 0 0.812618
0.186896 0 0.813104
0.186546 0 0.813454
0.232809 0 0.767191
0.229483 0 0.770517
0.226262 0 0.773738
0.22314 0 0.77686
0.220115 0 0.779885
0.21718 0 0.78282
0.0543451 0 0.945655
0.0534699 0 0.94653
0.0536069 0 0.946393
0.053774 0 0.946226
0.0539443 0 0.946056
0.0541185 0 0.945882
0.198925 0 0.801075
0.197729 0 0.802271
0.19681 0 0.80319
0.197652 0 0.802348
0.198511 0 0.801489
0.267056 0 0.732944
0.296571 0 0.703429
0.29583 0 0.70417
0.29707 0 0.70293
0.288309 0 0.711691
0.245602 0 0.754398
0.243512 0 0.756488
0.241025 0 0.758975
0.181666 0 0.818334
0.179971 0 0.820029
0.178316 0 0.821684
0.1767 0 0.8233
0.175121 0 0.824879
0.173579 0 0.826421
0.172072 0 0.827928
0.1706 0 0.8294
0.16916 0 0.83084
0.167753 0 0.832247
0.166376 0 0.833624
0.165031 0 0.834969
0.163715 0 0.836285
0.162427 0 0.837573
0.161168 0 0.838832
0.159935 0 0.840065
0.158729 0 0.841271
0.157549 0 0.842451
0.156394 0 0.843606
0.155263 0 0.844737
0.154156 0 0.845844
0.153072 0 0.846928
0.152011 0 0.847989
0.150972 0 0.849028
0.149954 0 0.850046
0.148957 0 0.851043
0.14798 0 0.85202
0.147023 0 0.852977
0.146086 0 0.853914
0.145167 0 0.854833
0.144267 0 0.855733
0.143386 0 0.856614
0.142522 0 0.857478
0.141675 0 0.858325
0.141262 0 0.858738
0.140881 0 0.859119
0.140508 0 0.859492
0.141212 0 0.858788
0.142455 0 0.857545
0.126716 0 0.873284
0.12533 0 0.87467
0.123978 0 0.876022
0.122662 0 0.877338
0.121378 0 0.878622
0.120127 0 0.879873
0.118907 0 0.881094
0.117716 0 0.882284
0.116555 0 0.883445
0.115422 0 0.884578
0.114316 0 0.885684
0.113236 0 0.886764
0.112181 0 0.887819
0.111151 0 0.888849
0.110146 0 0.889854
0.109163 0 0.890837
0.108202 0 0.891798
0.107264 0 0.892736
0.106347 0 0.893653
0.10545 0 0.89455
0.104573 0 0.895427
0.103715 0 0.896285
0.102876 0 0.897124
0.102056 0 0.897944
0.101252 0 0.898748
0.100467 0 0.899533
0.0996976 0 0.900302
0.0989455 0 0.901055
0.0982084 0 0.901792
0.0974873 0 0.902513
0.0967819 0 0.903218
0.0960905 0 0.90391
0.0954128 0 0.904587
0.09475 0 0.90525
0.0941005 0 0.905899
0.0934641 0 0.906536
0.0928411 0 0.907159
0.0922301 0 0.90777
0.0916321 0 0.908368
0.0910457 0 0.908954
0.0904712 0 0.909529
0.0899078 0 0.910092
0.089356 0 0.910644
0.0888157 0 0.911184
0.0882853 0 0.911715
0.0877653 0 0.912235
0.0872562 0 0.912744
0.0867565 0 0.913243
0.0862668 0 0.913733
0.0857869 0 0.914213
0.0853159 0 0.914684
0.0848545 0 0.915145
0.0844018 0 0.915598
0.0839584 0 0.916042
0.0835227 0 0.916477
0.0830961 0 0.916904
0.0832886 0 0.916711
0.0841155 0 0.915884
0.240331 0 0.759669
0.239283 0 0.760717
0.238138 0 0.761862
0.236779 0 0.763221
0.23477 0 0.76523
0.233064 0 0.766936
0.23276 0 0.76724
0.231919 0 0.768081
0.229937 0 0.770063
0.226024 0 0.773976
0.222771 0 0.777229
0.218105 0 0.781895
0.217404 0 0.782596
0.216752 0 0.783248
0.215941 0 0.784059
0.214954 0 0.785046
0.213644 0 0.786356
0.200521 0 0.799479
0.193922 0 0.806078
0.191129 0 0.808871
0.188725 0 0.811275
0.187583 0 0.812417
0.186557 0 0.813443
0.185607 0 0.814393
0.184919 0 0.815081
0.183787 0 0.816213
0.183773 0 0.816227
 ] }
}
