# Real Time: 718.597
# Simulation Time: 12.95
# Radar Position: 879.457 -204.411 3.03688
# Radar Quat: 0.0268851 -0.0141395 0.336137 0.941323
PointSet {
 coord Coordinate { point [
881.761 -209.262 3.25483
905.7 -241.862 4.4144
913.739 -252.619 4.79297
917.286 -250.442 4.55175
913.613 -243.135 4.23953
920.057 -241.737 3.96702
921.774 -237.235 3.6666
926.503 -234.046 3.36399
918.189 -226.597 3.18918
918.175 -226.232 3.17031
918.457 -226.034 3.15252
890.505 -209.451 3.01522
890.505 -209.357 3.01048
890.647 -209.328 3.00536
892.023 -209.521 2.98044
919.723 -220.526 2.83755
919.996 -220.309 2.81983
881.76 -209.263 3.23597
905.671 -241.839 4.25384
913.724 -252.62 4.58637
917.275 -250.449 4.34387
913.602 -243.139 4.05933
920.036 -241.733 3.77445
921.754 -237.233 3.47971
926.503 -234.06 3.17014
918.201 -226.614 3.03352
918.171 -226.24 3.01532
918.442 -226.036 2.99701
890.5 -209.451 2.97281
890.499 -209.357 2.9682
891.746 -209.411 2.93535
892.023 -209.422 2.92805
891.708 -209.197 2.92598
891.356 -208.963 2.92453
891.59 -208.956 2.9176
891.832 -208.949 2.91044
892.083 -208.941 2.90304
892.364 -208.941 2.89515
892.657 -208.941 2.88695
892.961 -208.941 2.87843
881.76 -209.265 3.21712
905.652 -241.828 4.09393
913.71 -252.621 4.37987
914.272 -252.696 4.36341
917.264 -250.455 4.13605
913.591 -243.144 3.87919
920.019 -241.734 3.58209
921.733 -237.232 3.29296
926.504 -234.074 2.97625
918.215 -226.633 2.87772
918.167 -226.249 2.86033
918.428 -226.039 2.8416
890.469 -209.439 2.93068
890.493 -209.357 2.92597
890.75 -209.379 2.91882
890.75 -209.285 2.91432
890.758 -209.194 2.90978
890.758 -209.101 2.90534
890.758 -209.009 2.90094
890.818 -208.941 2.89582
891.052 -208.941 2.88845
891.294 -208.941 2.88083
891.544 -208.941 2.87294
891.82 -208.947 2.86454
892.091 -208.947 2.85605
892.372 -208.947 2.84723
892.665 -208.947 2.83806
892.97 -208.947 2.82852
881.759 -209.266 3.19826
905.636 -241.822 3.9343
913.695 -252.623 4.17344
917.253 -250.462 3.92825
913.58 -243.149 3.69909
920.005 -241.737 3.38985
921.713 -237.231 3.10633
926.505 -234.089 2.78229
918.233 -226.654 2.72173
918.163 -226.257 2.70532
918.414 -226.042 2.68624
890.758 -209.864 2.89798
890.758 -209.767 2.89343
890.758 -209.67 2.88891
890.469 -209.442 2.88835
890.487 -209.357 2.88376
890.721 -209.368 2.87611
890.758 -209.29 2.87122
890.758 -209.197 2.86687
890.758 -209.104 2.86256
890.758 -209.012 2.85829
890.826 -208.947 2.85293
891.06 -208.947 2.8448
891.302 -208.947 2.83639
891.553 -208.947 2.82767
891.813 -208.947 2.81864
892.056 -208.937 2.80976
892.32 -208.932 2.80034
892.642 -208.942 2.78967
892.946 -208.942 2.77915
881.759 -209.267 3.1794
905.621 -241.818 3.77483
913.68 -252.624 3.96709
917.242 -250.469 3.72049
913.569 -243.153 3.51903
919.995 -241.744 3.19769
921.694 -237.231 2.91981
926.506 -234.103 2.58826
918.259 -226.68 2.56544
918.16 -226.266 2.5503
918.402 -226.045 2.53094
890.758 -209.867 2.8541
890.808 -209.794 2.84886
890.758 -209.673 2.84533
890.422 -209.423 2.84684
890.482 -209.357 2.84159
890.715 -209.368 2.83319
890.758 -209.293 2.82817
890.758 -209.2 2.82396
890.758 -209.107 2.81978
890.758 -209.014 2.81562
890.82 -208.947 2.81025
891.053 -208.947 2.80137
891.282 -208.942 2.79245
891.532 -208.942 2.78293
891.792 -208.942 2.77307
892.062 -208.942 2.76282
892.342 -208.942 2.75218
892.634 -208.942 2.74111
892.938 -208.942 2.7296
892.277 -255.189 4.79831
881.758 -209.269 3.16053
905.608 -241.817 3.6155
913.666 -252.625 3.76083
917.231 -250.476 3.51276
913.558 -243.158 3.33902
919.988 -241.755 3.00555
921.675 -237.231 2.7334
890.097 -212.547 2.9558
926.507 -234.117 2.39418
918.156 -226.274 2.39526
918.389 -226.049 2.37569
890.758 -209.87 2.81022
890.808 -209.796 2.80494
890.758 -209.676 2.80174
890.419 -209.424 2.80473
890.476 -209.357 2.79946
890.709 -209.368 2.7903
890.758 -209.296 2.78512
890.758 -209.202 2.78103
890.758 -209.109 2.77698
890.758 -209.017 2.77294
890.813 -208.947 2.76761
891.046 -208.947 2.75799
891.278 -208.944 2.74825
891.525 -208.942 2.73801
891.785 -208.942 2.7273
892.054 -208.942 2.71618
892.334 -208.942 2.70462
892.626 -208.942 2.69261
892.929 -208.942 2.6801
892.264 -255.178 4.61503
881.758 -209.27 3.14166
905.596 -241.817 3.45626
913.656 -252.633 3.5547
917.22 -250.483 3.30505
893.042 -220.063 3.09549
893.037 -219.838 3.08621
893.037 -219.623 3.07709
893.188 -219.577 3.06845
893.382 -219.577 3.05982
893.578 -219.577 3.05107
893.777 -219.577 3.04222
893.978 -219.577 3.03324
913.215 -239.202 3.00637
919.987 -241.77 2.81336
889.996 -213.451 2.95154
889.993 -213.321 2.94619
889.99 -213.193 2.9409
889.988 -213.067 2.93567
889.985 -212.942 2.93051
889.983 -212.819 2.9254
889.98 -212.697 2.92036
889.978 -212.576 2.91537
889.982 -212.462 2.91036
890.122 -212.452 2.90369
926.508 -234.132 2.2
918.153 -226.283 2.24018
918.378 -226.053 2.22046
890.758 -209.872 2.76632
890.808 -209.799 2.76099
890.758 -209.679 2.75813
890.419 -209.427 2.76255
890.47 -209.357 2.75735
890.703 -209.368 2.74745
890.758 -209.298 2.74205
890.758 -209.205 2.73809
890.758 -209.112 2.73416
890.758 -209.019 2.73025
890.807 -208.947 2.72501
891.04 -208.947 2.71463
891.278 -208.946 2.70396
891.518 -208.942 2.69312
891.777 -208.942 2.68156
892.047 -208.942 2.66957
892.327 -208.942 2.6571
892.618 -208.942 2.64414
892.921 -208.942 2.63064
933.593 -219.824 1.27947
881.83 -210.251 3.15773
881.757 -209.271 3.12278
892.416 -226.731 3.31491
892.329 -226.228 3.29921
892.463 -226.109 3.28829
892.669 -226.107 3.27868
892.876 -226.105 3.269
893.085 -226.103 3.25922
893.309 -226.121 3.24956
905.586 -241.818 3.29706
913.646 -252.641 3.34856
917.209 -250.49 3.09734
893.037 -220.513 3.04093
893.037 -220.287 3.03197
893.037 -220.064 3.02314
893.037 -219.845 3.01445
893.037 -219.629 3.00589
893.182 -219.577 2.99703
893.376 -219.577 2.98795
893.572 -219.577 2.97874
893.771 -219.577 2.96941
893.972 -219.577 2.95995
913.193 -239.194 2.83741
889.996 -214.674 2.95169
889.993 -214.529 2.94602
889.99 -214.385 2.94044
889.987 -214.244 2.93493
889.985 -214.104 2.92949
889.982 -213.967 2.92412
889.979 -213.831 2.91882
889.977 -213.697 2.91359
889.974 -213.564 2.90842
889.972 -213.434 2.90331
889.969 -213.305 2.89826
889.967 -213.177 2.89327
889.964 -213.051 2.88834
889.962 -212.927 2.88347
889.959 -212.804 2.87865
889.957 -212.682 2.87388
889.955 -212.562 2.86917
889.952 -212.443 2.86451
890.082 -212.425 2.85766
926.509 -234.146 2.00574
918.151 -226.292 2.08506
918.367 -226.057 2.06525
890.758 -209.778 2.71844
890.758 -209.681 2.7145
890.419 -209.43 2.72037
890.469 -209.359 2.71514
890.697 -209.368 2.70462
890.758 -209.301 2.69897
890.758 -209.208 2.69514
890.758 -209.114 2.69133
890.758 -209.022 2.68754
890.8 -208.947 2.68244
891.033 -208.947 2.67131
891.274 -208.947 2.65979
891.511 -208.942 2.64826
891.77 -208.942 2.63587
892.039 -208.942 2.623
892.319 -208.942 2.60963
892.61 -208.942 2.59571
892.912 -208.942 2.58123
933.731 -221.526 1.14606
931.653 -220.47 1.20196
931.061 -219.894 1.20653
930.48 -219.332 1.21116
929.894 -218.778 1.21635
929.184 -218.201 1.22653
881.756 -209.273 3.1039
892.08 -227.252 3.25946
892.081 -226.88 3.24601
892.081 -226.518 3.23288
892.083 -226.168 3.22009
892.254 -226.111 3.20984
892.457 -226.109 3.19996
892.663 -226.107 3.19
892.87 -226.105 3.17994
893.079 -226.103 3.16979
893.294 -226.108 3.15958
905.575 -241.821 3.13791
913.637 -252.65 3.14242
917.198 -250.497 2.88965
893.037 -220.52 2.96738
893.037 -220.294 2.95901
893.037 -220.071 2.95076
893.037 -219.852 2.94265
893.037 -219.636 2.93465
889.996 -216.058 2.95163
889.993 -215.892 2.94562
889.99 -215.729 2.93971
889.987 -215.568 2.93388
889.984 -215.41 2.92814
889.981 -215.254 2.92247
889.978 -215.101 2.91689
889.976 -214.95 2.91138
889.973 -214.8 2.90595
889.97 -214.653 2.90059
889.968 -214.509 2.8953
889.965 -214.366 2.89007
889.962 -214.225 2.88492
889.96 -214.086 2.87982
889.957 -213.948 2.87479
889.955 -213.813 2.86982
889.952 -213.679 2.86492
889.95 -213.547 2.86006
889.948 -213.417 2.85527
889.945 -213.288 2.85053
889.943 -213.161 2.84584
889.941 -213.035 2.8412
889.938 -212.911 2.83662
889.936 -212.789 2.83208
889.934 -212.667 2.82759
889.932 -212.547 2.82315
889.929 -212.429 2.81875
890.077 -212.425 2.8112
897.875 -216.04 2.5575
918.148 -226.301 1.92989
918.356 -226.062 1.91006
890.758 -209.781 2.67465
890.758 -209.684 2.67086
890.469 -209.455 2.67654
890.469 -209.362 2.67288
890.691 -209.368 2.66182
890.758 -209.304 2.65586
890.758 -209.21 2.65216
890.758 -209.117 2.64848
890.758 -209.025 2.64481
890.794 -208.947 2.63989
891.026 -208.947 2.62802
891.267 -208.947 2.61572
891.504 -208.942 2.60344
891.763 -208.942 2.59021
892.032 -208.942 2.57647
892.311 -208.942 2.56219
892.602 -208.942 2.54733
892.904 -208.942 2.53185
930.064 -221.158 1.11974
929.509 -220.587 1.12526
928.958 -220.028 1.13098
928.336 -219.457 1.13988
927.665 -218.883 1.15112
927.015 -218.326 1.16202
925.896 -217.646 1.19197
925.842 -217.281 1.17998
925.807 -216.924 1.16729
881.756 -209.274 3.08501
892.082 -227.267 3.16843
892.083 -226.895 3.15611
892.083 -226.532 3.14407
892.088 -226.187 3.13235
892.248 -226.111 3.12189
892.451 -226.109 3.11166
892.657 -226.107 3.10133
892.864 -226.105 3.0909
893.076 -226.108 3.08038
893.291 -226.114 3.06976
905.566 -241.824 2.97879
913.628 -252.658 2.93626
889.996 -217.649 2.95109
889.992 -217.456 2.9447
889.989 -217.268 2.93842
889.986 -217.082 2.93223
889.983 -216.9 2.92614
889.98 -216.72 2.92015
889.977 -216.544 2.91425
889.974 -216.371 2.90844
889.971 -216.2 2.90272
889.969 -216.033 2.89708
889.966 -215.867 2.89152
889.963 -215.705 2.88604
889.96 -215.545 2.88064
889.958 -215.387 2.87531
889.955 -215.232 2.87006
889.952 -215.079 2.86487
889.95 -214.928 2.85975
889.947 -214.78 2.8547
889.945 -214.633 2.84971
889.942 -214.489 2.84479
889.94 -214.346 2.83992
889.938 -214.206 2.83511
889.935 -214.067 2.83037
889.933 -213.93 2.82567
889.93 -213.795 2.82103
889.928 -213.662 2.81645
889.926 -213.53 2.81191
889.924 -213.4 2.80742
889.921 -213.272 2.80299
889.919 -213.145 2.7986
889.917 -213.02 2.79425
889.915 -212.896 2.78995
889.913 -212.774 2.7857
889.911 -212.653 2.78148
889.909 -212.533 2.77731
889.92 -212.425 2.77284
890.072 -212.425 2.76477
897.84 -216.024 2.48238
918.145 -226.31 1.77467
918.346 -226.067 1.75487
890.758 -209.784 2.63085
890.758 -209.687 2.62719
890.469 -209.458 2.63413
890.469 -209.365 2.6306
890.685 -209.368 2.61905
890.758 -209.306 2.61275
890.758 -209.213 2.60917
890.758 -209.12 2.60562
890.758 -209.027 2.60207
890.787 -208.947 2.59738
891.02 -208.947 2.58477
891.26 -208.947 2.57169
891.497 -208.942 2.55865
891.755 -208.942 2.54459
892.024 -208.942 2.52998
892.303 -208.942 2.51479
892.593 -208.942 2.49899
892.896 -208.942 2.48252
926.838 -220.099 1.06753
926.208 -219.528 1.07958
925.598 -218.976 1.09125
924.688 -218.341 1.11604
924.635 -217.98 1.1048
924.605 -217.628 1.0926
924.573 -217.277 1.0805
924.52 -216.923 1.06941
924.406 -216.553 1.06106
924.283 -216.185 1.05319
881.755 -209.276 3.06612
892.084 -227.282 3.07732
892.085 -226.91 3.06611
892.087 -226.55 3.05517
892.093 -226.207 3.04448
892.242 -226.112 3.03397
892.445 -226.11 3.02338
892.651 -226.108 3.01269
889.404 -220.513 3.01116
893.073 -226.113 2.99097
893.288 -226.119 2.97992
905.557 -241.828 2.81968
913.618 -252.667 2.7301
889.978 -218.419 2.91674
889.975 -218.213 2.91049
889.972 -218.011 2.90434
889.969 -217.812 2.8983
889.966 -217.617 2.89235
889.963 -217.426 2.8865
889.96 -217.238 2.88075
889.957 -217.053 2.87508
889.955 -216.871 2.86949
889.952 -216.693 2.864
889.949 -216.517 2.85858
889.947 -216.345 2.85324
889.944 -216.175 2.84798
889.941 -216.008 2.84279
889.939 -215.843 2.83767
889.936 -215.681 2.83262
889.934 -215.521 2.82764
889.931 -215.364 2.82272
889.929 -215.21 2.81787
889.926 -215.057 2.81308
889.924 -214.907 2.80835
889.922 -214.759 2.80367
889.92 -214.613 2.79906
889.917 -214.469 2.79449
889.915 -214.327 2.78998
889.913 -214.187 2.78552
889.911 -214.048 2.78112
889.908 -213.912 2.77676
889.906 -213.777 2.77244
889.904 -213.644 2.76818
889.902 -213.513 2.76395
889.9 -213.384 2.75978
889.898 -213.256 2.75564
889.896 -213.129 2.75154
889.894 -213.004 2.74749
889.892 -212.881 2.74347
889.89 -212.759 2.73949
889.888 -212.638 2.73555
889.886 -212.519 2.73165
889.915 -212.425 2.72684
890.068 -212.425 2.71835
890.223 -212.425 2.70969
897.826 -216.02 2.40685
918.143 -226.319 1.6194
918.336 -226.071 1.59969
890.758 -209.786 2.58702
890.758 -209.69 2.58351
890.469 -209.46 2.5917
890.469 -209.367 2.58831
890.66 -209.36 2.57708
890.758 -209.309 2.56961
890.758 -209.215 2.56617
890.758 -209.122 2.56273
890.758 -209.03 2.55931
890.781 -208.947 2.5549
891.013 -208.947 2.54154
891.254 -208.947 2.52769
891.49 -208.942 2.5139
891.748 -208.942 2.499
892.016 -208.942 2.48352
892.295 -208.942 2.46743
892.585 -208.942 2.45068
892.887 -208.942 2.43324
923.496 -218.999 1.04423
923.47 -218.65 1.03247
923.447 -218.304 1.02066
923.419 -217.959 1.00907
923.372 -217.609 0.998466
923.257 -217.241 0.991024
923.121 -216.871 0.984709
922.881 -216.475 0.983378
922.235 -215.974 1.00151
917.784 -214.48 1.20222
917.308 -214.073 1.21404
896.529 -245.632 3.24048
881.755 -209.277 3.04722
889.287 -222.827 3.01381
889.283 -222.513 3.0056
889.279 -222.209 2.9976
889.275 -221.911 2.98978
889.271 -221.622 2.98215
889.267 -221.339 2.97468
889.264 -221.064 2.96739
889.26 -220.795 2.96025
889.257 -220.533 2.95327
889.339 -220.415 2.94564
893.07 -226.119 2.90152
893.285 -226.124 2.89006
905.549 -241.834 2.66056
913.609 -252.675 2.52391
895.78 -227.136 2.78261
893.62 -223.558 2.80029
889.948 -218.385 2.85601
889.945 -218.18 2.85035
889.942 -217.978 2.84478
889.94 -217.781 2.8393
889.937 -217.586 2.8339
889.934 -217.396 2.82859
889.932 -217.208 2.82335
889.929 -217.024 2.8182
889.927 -216.843 2.81311
889.924 -216.665 2.8081
889.922 -216.491 2.80316
889.919 -216.318 2.79829
889.917 -216.149 2.79348
889.914 -215.983 2.78874
889.912 -215.819 2.78406
889.91 -215.657 2.77944
889.907 -215.498 2.77487
889.905 -215.342 2.77037
889.903 -215.187 2.76591
889.901 -215.035 2.76151
889.899 -214.886 2.75716
889.896 -214.738 2.75286
889.894 -214.592 2.74861
889.892 -214.449 2.74441
889.89 -214.307 2.74025
889.888 -214.168 2.73614
889.886 -214.03 2.73207
889.884 -213.894 2.72804
889.882 -213.76 2.72405
889.88 -213.627 2.7201
889.878 -213.496 2.71619
889.876 -213.367 2.71232
889.874 -213.239 2.70848
889.872 -213.113 2.70468
889.87 -212.989 2.70091
889.869 -212.866 2.69718
889.867 -212.744 2.69347
889.865 -212.624 2.6898
889.863 -212.505 2.68616
889.911 -212.425 2.68086
890.063 -212.425 2.67195
890.218 -212.425 2.66286
897.811 -216.016 2.33139
918.141 -226.329 1.46406
918.326 -226.077 1.44449
890.758 -209.789 2.54318
890.758 -209.692 2.53981
890.758 -209.596 2.53646
890.469 -209.37 2.54599
890.673 -209.368 2.53359
890.758 -209.312 2.52645
890.758 -209.218 2.52314
890.758 -209.125 2.51983
890.758 -209.032 2.51653
890.775 -208.947 2.51245
891.007 -208.947 2.49835
891.247 -208.947 2.48373
891.483 -208.942 2.46918
891.741 -208.942 2.45345
892.009 -208.942 2.4371
892.288 -208.942 2.4201
892.577 -208.942 2.40241
892.879 -208.942 2.38399
922.309 -218.614 0.940047
922.254 -218.265 0.930539
922.148 -217.902 0.923577
922.023 -217.536 0.917653
921.677 -217.107 0.922914
918.269 -215.784 1.08255
916.791 -215.067 1.14639
916.426 -214.684 1.15438
916.274 -214.365 1.15168
916.186 -214.066 1.14584
916.106 -213.772 1.13957
916.024 -213.479 1.13348
896.583 -245.787 3.085
889.288 -226.001 3.01511
889.283 -225.598 3.00599
881.754 -209.278 3.02831
889.274 -224.827 2.98849
889.27 -224.459 2.9801
889.266 -224.101 2.97192
889.262 -223.754 2.96396
889.258 -223.416 2.95619
889.254 -223.087 2.94862
889.251 -222.768 2.94123
889.247 -222.456 2.93401
889.243 -222.153 2.92697
889.24 -221.858 2.92008
889.237 -221.57 2.91335
889.233 -221.289 2.90676
889.23 -221.015 2.90031
889.227 -220.747 2.894
889.224 -220.486 2.88782
889.334 -220.415 2.87996
893.067 -226.124 2.81206
893.282 -226.13 2.80018
895.373 -228.296 2.73662
895.49 -228.112 2.72545
895.7 -228.065 2.71245
895.41 -227.299 2.70964
893.126 -223.731 2.74932
893.149 -223.479 2.74169
893.165 -223.223 2.73429
893.136 -222.91 2.72802
889.918 -218.351 2.7956
889.915 -218.147 2.79052
889.913 -217.946 2.78552
889.91 -217.749 2.78059
889.908 -217.556 2.77574
889.905 -217.366 2.77096
889.903 -217.179 2.76624
889.901 -216.996 2.76159
889.899 -216.815 2.757
889.896 -216.638 2.75247
889.894 -216.464 2.74801
889.892 -216.292 2.7436
889.89 -216.124 2.73924
889.887 -215.958 2.73494
889.885 -215.794 2.73069
889.883 -215.633 2.72649
889.881 -215.475 2.72234
889.879 -215.319 2.71824
889.877 -215.165 2.71418
889.875 -215.014 2.71017
889.873 -214.865 2.7062
889.871 -214.717 2.70227
889.869 -214.572 2.69839
889.867 -214.429 2.69454
889.865 -214.288 2.69073
889.863 -214.149 2.68696
889.862 -214.011 2.68323
889.86 -213.876 2.67952
889.858 -213.742 2.67586
889.856 -213.61 2.67222
889.854 -213.479 2.66862
889.852 -213.351 2.66505
889.851 -213.223 2.66151
889.849 -213.098 2.658
889.847 -212.973 2.65451
889.846 -212.851 2.65106
889.844 -212.729 2.64763
889.842 -212.609 2.64423
889.842 -212.492 2.64077
889.906 -212.425 2.6349
890.058 -212.425 2.62557
890.214 -212.425 2.61605
897.851 -216.047 2.25369
918.139 -226.338 1.30865
918.317 -226.082 1.28928
932.34 -232.005 0.596945
931.895 -231.309 0.602312
931.419 -230.608 0.609454
930.92 -229.907 0.61796
930.428 -229.222 0.626487
890.758 -209.792 2.49932
890.758 -209.695 2.49609
890.459 -209.461 2.50724
890.459 -209.368 2.50412
890.667 -209.368 2.49089
890.758 -209.314 2.48328
890.758 -209.221 2.48009
890.758 -209.128 2.47691
890.758 -209.035 2.47373
890.768 -208.947 2.47003
891 -208.947 2.45518
891.24 -208.947 2.43979
891.476 -208.942 2.42449
891.734 -208.942 2.40793
892.001 -208.942 2.39072
892.28 -208.942 2.37282
892.569 -208.942 2.35419
892.87 -208.942 2.33478
920.928 -218.164 0.85473
920.473 -217.695 0.867321
916.36 -216.076 1.07463
915.868 -215.641 1.09077
915.591 -215.279 1.09558
915.495 -214.976 1.09075
915.419 -214.682 1.08493
915.345 -214.39 1.07906
915.268 -214.099 1.07335
915.192 -213.811 1.06764
915.116 -213.525 1.06195
915.052 -213.244 1.05567
915.013 -212.971 1.04801
889.25 -226.335 2.94072
889.246 -225.922 2.93268
889.242 -225.521 2.92486
881.754 -209.28 3.0094
889.235 -224.756 2.90985
889.231 -224.39 2.90264
889.228 -224.035 2.8956
889.224 -223.689 2.88874
889.221 -223.354 2.88205
889.218 -223.027 2.87551
889.215 -222.709 2.86913
889.211 -222.4 2.86289
889.208 -222.098 2.85678
889.205 -221.804 2.85081
889.202 -221.518 2.84497
889.2 -221.239 2.83925
889.197 -220.966 2.83364
889.194 -220.7 2.82815
889.191 -220.44 2.82276
889.33 -220.415 2.8143
889.485 -220.415 2.80539
893.279 -226.135 2.71027
895.371 -228.304 2.63637
895.485 -228.115 2.62558
895.693 -228.065 2.61235
895.407 -227.304 2.61221
893.126 -223.74 2.66658
893.143 -223.48 2.65977
893.162 -223.227 2.653
893.132 -222.914 2.64767
889.888 -218.317 2.73549
889.885 -218.113 2.73099
889.883 -217.914 2.72655
889.881 -217.718 2.72218
889.879 -217.525 2.71786
889.877 -217.336 2.7136
889.875 -217.15 2.7094
889.873 -216.967 2.70525
889.871 -216.788 2.70115
889.869 -216.611 2.6971
889.867 -216.437 2.6931
889.865 -216.267 2.68915
889.863 -216.098 2.68525
889.861 -215.933 2.68138
889.859 -215.77 2.67756
889.857 -215.61 2.67378
889.855 -215.452 2.67004
889.853 -215.297 2.66634
889.851 -215.143 2.66268
889.85 -214.992 2.65905
889.848 -214.844 2.65546
889.846 -214.697 2.6519
889.844 -214.552 2.64837
889.842 -214.41 2.64488
889.841 -214.269 2.64142
889.839 -214.13 2.63799
889.837 -213.993 2.63458
889.836 -213.858 2.63121
889.834 -213.724 2.62786
889.832 -213.593 2.62454
889.831 -213.463 2.62124
889.829 -213.334 2.61797
889.827 -213.207 2.61472
889.826 -213.082 2.6115
889.824 -212.958 2.6083
889.823 -212.835 2.60512
889.821 -212.714 2.60196
889.819 -212.595 2.59882
889.841 -212.495 2.5947
889.901 -212.425 2.58895
890.054 -212.425 2.5792
890.209 -212.425 2.56925
897.666 -216.113 2.19138
897.802 -216.021 2.17979
918.138 -226.348 1.15317
918.308 -226.087 1.13406
930.465 -232.413 0.524482
930.026 -231.715 0.53206
929.549 -231.007 0.541883
929.088 -230.319 0.551161
928.637 -229.648 0.560229
928.131 -228.961 0.57235
925.398 -227.18 0.698121
924.778 -226.48 0.717322
890.758 -209.795 2.45543
890.636 -209.641 2.45863
890.577 -209.519 2.45863
890.513 -209.396 2.45897
890.661 -209.368 2.44823
890.758 -209.317 2.44008
890.758 -209.223 2.43702
890.758 -209.13 2.43397
890.758 -209.037 2.43092
890.762 -208.947 2.42763
890.993 -208.947 2.41204
891.233 -208.947 2.39588
891.469 -208.942 2.37983
891.726 -208.942 2.36244
891.994 -208.942 2.34436
892.272 -208.942 2.32556
892.561 -208.942 2.30599
892.862 -208.942 2.2856
914.983 -216.195 1.03647
914.832 -215.872 1.03547
914.744 -215.571 1.03102
914.673 -215.278 1.02559
914.602 -214.988 1.02019
914.53 -214.699 1.01491
914.461 -214.414 1.00947
914.39 -214.13 1.00415
914.336 -213.853 0.997896
914.298 -213.582 0.990707
914.281 -213.318 0.98236
914.261 -213.054 0.974124
914.243 -212.792 0.965773
914.222 -212.53 0.957581
886.176 -226.04 3.01919
886.341 -226.035 3.01041
886.506 -226.031 3.00157
886.672 -226.026 2.99265
886.839 -226.022 2.98367
887.006 -226.017 2.97462
889.209 -226.254 2.85756
889.205 -225.844 2.85086
889.202 -225.446 2.84433
889.199 -225.06 2.83797
889.196 -224.685 2.83177
889.193 -224.322 2.82572
889.19 -223.969 2.81981
889.187 -223.625 2.81404
889.184 -223.292 2.8084
889.181 -222.967 2.80289
889.179 -222.651 2.79749
889.176 -222.343 2.79222
889.174 -222.044 2.78705
889.171 -221.751 2.78198
889.169 -221.467 2.77702
889.166 -221.189 2.77215
889.164 -220.918 2.76737
889.161 -220.653 2.76269
889.171 -220.415 2.75773
889.325 -220.415 2.74865
889.48 -220.415 2.73946
893.274 -226.137 2.62039
895.369 -228.312 2.53607
895.48 -228.118 2.52571
895.687 -228.066 2.51225
895.406 -227.314 2.51467
893.125 -223.748 2.5838
893.138 -223.481 2.57785
893.158 -223.231 2.57169
889.86 -218.49 2.67966
889.858 -218.283 2.67568
889.856 -218.081 2.67175
889.854 -217.882 2.66788
889.852 -217.686 2.66405
889.85 -217.494 2.66026
889.848 -217.306 2.65652
889.846 -217.121 2.65283
889.845 -216.939 2.64918
889.843 -216.76 2.64556
889.841 -216.584 2.64199
889.839 -216.411 2.63846
889.837 -216.241 2.63496
889.836 -216.073 2.63149
889.834 -215.908 2.62806
889.832 -215.746 2.62467
889.831 -215.586 2.6213
889.829 -215.429 2.61797
889.827 -215.274 2.61467
889.826 -215.121 2.61139
889.824 -214.971 2.60815
889.822 -214.823 2.60493
889.821 -214.676 2.60174
889.819 -214.532 2.59857
889.818 -214.39 2.59543
889.816 -214.25 2.59231
889.815 -214.111 2.58921
889.813 -213.975 2.58614
889.812 -213.84 2.58308
889.81 -213.707 2.58005
889.809 -213.576 2.57704
889.807 -213.446 2.57405
889.806 -213.318 2.57107
889.804 -213.191 2.56812
889.803 -213.066 2.56518
889.801 -212.943 2.56226
889.8 -212.82 2.55936
889.798 -212.7 2.55647
889.809 -212.59 2.553
889.84 -212.498 2.54862
889.897 -212.425 2.54302
890.049 -212.425 2.53285
890.204 -212.425 2.52247
926.52 -234.249 0.642977
930.243 -235.626 0.426508
929.835 -234.893 0.434075
929.438 -234.178 0.441332
929.053 -233.482 0.448231
928.64 -232.78 0.456794
918.137 -226.357 0.997603
918.299 -226.093 0.978805
927.335 -230.706 0.487481
926.92 -230.049 0.497141
925.098 -228.653 0.582725
923.838 -227.587 0.638851
923.409 -226.974 0.650585
922.987 -226.375 0.66214
922.576 -225.79 0.673383
890.277 -209.661 2.44092
890.277 -209.567 2.43811
890.283 -209.477 2.43497
890.481 -209.477 2.4211
890.502 -209.393 2.41704
890.655 -209.368 2.40558
890.758 -209.32 2.39686
890.758 -209.226 2.39393
890.758 -209.133 2.391
890.758 -209.04 2.38807
890.758 -208.948 2.38515
890.987 -208.947 2.36893
891.227 -208.947 2.352
891.462 -208.942 2.3352
891.719 -208.942 2.31698
891.987 -208.942 2.29804
892.264 -208.942 2.27834
892.553 -208.942 2.25783
892.854 -208.942 2.23647
913.944 -215.857 0.967679
913.877 -215.568 0.96279
913.811 -215.282 0.957785
913.747 -214.999 0.952731
913.682 -214.717 0.947739
913.639 -214.444 0.941431
913.605 -214.176 0.93459
913.588 -213.913 0.926674
913.572 -213.652 0.918759
913.556 -213.392 0.910773
913.537 -213.133 0.902941
913.521 -212.876 0.894961
913.502 -212.619 0.887167
913.425 -212.349 0.883069
913.225 -212.054 0.88676
886.324 -225.996 2.93137
886.488 -225.991 2.92238
886.654 -225.987 2.91331
886.82 -225.982 2.90418
886.987 -225.977 2.89497
881.624 -209.273 2.97882
881.66 -209.263 2.97659
889.162 -225.371 2.76439
889.16 -224.987 2.75925
889.157 -224.615 2.75423
889.155 -224.254 2.74933
889.152 -223.903 2.74453
889.15 -223.562 2.73984
889.148 -223.23 2.73524
889.145 -222.907 2.73074
889.143 -222.593 2.72632
889.141 -222.287 2.72199
889.139 -221.989 2.71775
889.137 -221.699 2.71358
889.135 -221.416 2.70948
889.133 -221.139 2.70546
889.131 -220.87 2.7015
889.129 -220.606 2.69761
889.167 -220.415 2.69237
889.32 -220.415 2.683
889.475 -220.415 2.67353
893.264 -226.131 2.53071
895.371 -228.326 2.43556
895.474 -228.121 2.42583
895.68 -228.068 2.41216
895.406 -227.323 2.41706
893.125 -223.756 2.50095
893.138 -223.489 2.49573
893.155 -223.234 2.49037
889.83 -218.455 2.61957
889.828 -218.25 2.61618
889.826 -218.048 2.61281
889.825 -217.85 2.60949
889.823 -217.655 2.6062
889.821 -217.464 2.60294
889.82 -217.276 2.59972
889.818 -217.092 2.59653
889.817 -216.91 2.59337
889.815 -216.732 2.59024
889.814 -216.557 2.58713
889.812 -216.385 2.58406
889.81 -216.215 2.58101
889.809 -216.048 2.57798
889.808 -215.884 2.57498
889.806 -215.722 2.57201
889.805 -215.563 2.56906
889.803 -215.406 2.56613
889.802 -215.252 2.56322
889.8 -215.1 2.56033
889.799 -214.95 2.55746
889.797 -214.802 2.55461
889.796 -214.656 2.55178
889.794 -214.512 2.54897
889.793 -214.37 2.54617
889.792 -214.231 2.5434
889.79 -214.093 2.54063
889.789 -213.957 2.53789
889.788 -213.822 2.53515
889.786 -213.69 2.53243
889.785 -213.559 2.52973
889.784 -213.429 2.52704
889.782 -213.301 2.52436
889.781 -213.175 2.5217
889.78 -213.051 2.51904
889.778 -212.927 2.5164
889.777 -212.806 2.51377
889.777 -212.687 2.51105
889.809 -212.593 2.50678
889.84 -212.5 2.50251
889.892 -212.425 2.4971
890.045 -212.425 2.48651
890.2 -212.425 2.4757
929.142 -237.406 0.340982
928.757 -236.657 0.349486
928.382 -235.926 0.357705
926.523 -234.264 0.4478
927.655 -234.514 0.373476
927.275 -233.814 0.382617
926.852 -233.1 0.394278
926.447 -232.409 0.405194
926.043 -231.729 0.416286
925.655 -231.069 0.42667
918.136 -226.367 0.841947
918.291 -226.099 0.823518
922.478 -228.047 0.574283
922.082 -227.443 0.586399
921.691 -226.852 0.598477
921.306 -226.274 0.610337
920.889 -225.689 0.62429
920.407 -225.081 0.642263
919.943 -224.493 0.659409
890.277 -209.663 2.39872
890.277 -209.57 2.39604
890.281 -209.479 2.39313
890.475 -209.477 2.37886
890.5 -209.395 2.37464
890.649 -209.368 2.36296
890.758 -209.322 2.35362
890.758 -209.229 2.35082
890.758 -209.135 2.34801
890.758 -209.043 2.34521
890.758 -208.95 2.3424
890.98 -208.947 2.32584
891.22 -208.947 2.30814
891.455 -208.942 2.2906
891.712 -208.942 2.27154
891.979 -208.942 2.25174
892.257 -208.942 2.23114
892.56 -208.947 2.20879
892.86 -208.947 2.18643
913.049 -215.566 0.897371
912.987 -215.286 0.892878
912.951 -215.016 0.886731
912.926 -214.751 0.879874
912.912 -214.491 0.872308
912.897 -214.233 0.864756
912.885 -213.975 0.857075
912.868 -213.719 0.849607
912.842 -213.46 0.842783
912.731 -213.181 0.841599
912.555 -212.887 0.844698
912.366 -212.594 0.84873
912.176 -212.304 0.852897
911.988 -212.018 0.856991
911.806 -211.737 0.860782
911.626 -211.46 0.86451
886.471 -225.952 2.84348
886.636 -225.947 2.83427
886.802 -225.942 2.82498
886.969 -225.938 2.81561
896.976 -246.006 2.43746
881.613 -209.251 2.96047
881.652 -209.246 2.95815
881.69 -209.241 2.9558
881.729 -209.236 2.95344
881.768 -209.231 2.95106
889.117 -224.187 2.67347
889.115 -223.838 2.66977
889.113 -223.499 2.66613
889.111 -223.169 2.66256
889.11 -222.848 2.65906
889.108 -222.536 2.65561
889.106 -222.232 2.65222
889.104 -221.935 2.64888
889.103 -221.646 2.64559
889.101 -221.365 2.64235
889.1 -221.09 2.63916
889.098 -220.822 2.63602
889.103 -220.57 2.63265
889.162 -220.415 2.62701
889.316 -220.415 2.61737
889.471 -220.415 2.60761
893.253 -226.124 2.44109
895.374 -228.341 2.33491
895.469 -228.123 2.32594
895.673 -228.069 2.31206
895.405 -227.333 2.31938
893.125 -223.764 2.41805
893.137 -223.497 2.41356
893.151 -223.238 2.40902
889.814 -218.441 2.55912
889.798 -218.216 2.55696
889.797 -218.015 2.55416
889.796 -217.818 2.55138
889.794 -217.624 2.54863
889.793 -217.434 2.5459
889.792 -217.247 2.54318
889.79 -217.063 2.54049
889.789 -216.882 2.53782
889.788 -216.705 2.53516
889.786 -216.53 2.53252
889.785 -216.358 2.5299
889.784 -216.189 2.5273
889.782 -216.023 2.52471
889.781 -215.859 2.52214
889.78 -215.698 2.51958
889.779 -215.54 2.51704
889.777 -215.383 2.51451
889.776 -215.229 2.51199
889.775 -215.078 2.50948
889.774 -214.928 2.50699
889.772 -214.781 2.50451
889.771 -214.636 2.50204
889.77 -214.492 2.49957
889.769 -214.351 2.49712
889.767 -214.212 2.49468
889.766 -214.074 2.49225
889.765 -213.938 2.48983
889.764 -213.804 2.48741
889.763 -213.672 2.48501
889.761 -213.542 2.48261
889.76 -213.413 2.48022
889.759 -213.285 2.47783
889.758 -213.159 2.47545
889.757 -213.035 2.47308
889.755 -212.912 2.47071
889.755 -212.792 2.46828
889.776 -212.689 2.46469
889.808 -212.596 2.46054
889.839 -212.503 2.45638
889.888 -212.425 2.45119
890.04 -212.425 2.44018
890.195 -212.425 2.42894
927.647 -238.403 0.264137
927.292 -237.655 0.273502
926.944 -236.923 0.282613
926.603 -236.209 0.291483
926.263 -235.507 0.300423
925.911 -234.807 0.310281
925.52 -234.094 0.322564
897.751 -216.005 1.95454
924.767 -232.721 0.346004
924.396 -232.055 0.357651
923.793 -231.259 0.383332
921.94 -229.732 0.484408
921.548 -229.102 0.498228
921.165 -228.487 0.511691
918.135 -226.377 0.686193
918.283 -226.104 0.668189
920.066 -226.731 0.550016
919.616 -226.12 0.568257
919.166 -225.519 0.586722
918.727 -224.935 0.604663
918.301 -224.368 0.622035
917.856 -223.801 0.640755
917.251 -223.166 0.66964
890.277 -209.666 2.35648
890.277 -209.573 2.35395
890.279 -209.481 2.35127
890.469 -209.477 2.33664
890.675 -209.477 2.32097
890.643 -209.368 2.32036
890.758 -209.325 2.31035
890.758 -209.231 2.30768
890.758 -209.138 2.305
890.758 -209.045 2.30232
890.758 -208.953 2.29963
890.974 -208.947 2.28278
891.213 -208.947 2.26431
891.448 -208.942 2.24602
891.705 -208.942 2.22614
891.985 -208.947 2.20456
892.263 -208.947 2.18304
892.552 -208.947 2.16064
892.852 -208.947 2.1373
912.262 -215.311 0.826265
912.251 -215.053 0.819006
893.083 -208.709 2.11182
912.216 -214.538 0.805387
912.197 -214.282 0.798636
912.068 -213.995 0.799394
911.89 -213.696 0.803584
911.714 -213.402 0.807741
911.535 -213.111 0.812115
911.357 -212.823 0.8165
911.181 -212.54 0.820812
911.011 -212.262 0.824766
910.841 -211.987 0.828747
910.67 -211.715 0.832843
910.503 -211.447 0.836742
910.341 -211.183 0.840367
910.176 -210.922 0.844264
886.618 -225.908 2.75552
886.784 -225.903 2.74608
886.95 -225.898 2.73656
881.62 -209.362 2.94218
881.611 -209.248 2.94191
881.649 -209.243 2.93955
881.688 -209.238 2.93717
881.727 -209.233 2.93477
881.766 -209.228 2.93234
889.079 -224.12 2.59813
889.078 -223.773 2.5955
889.076 -223.436 2.59292
889.075 -223.108 2.59036
889.074 -222.789 2.58784
889.073 -222.479 2.58534
889.071 -222.176 2.58288
889.07 -221.882 2.58044
889.069 -221.594 2.57802
889.068 -221.314 2.57563
889.067 -221.041 2.57327
889.065 -220.774 2.57092
889.101 -220.575 2.5668
889.158 -220.415 2.56166
889.311 -220.415 2.55174
889.466 -220.415 2.5417
893.243 -226.118 2.35153
895.377 -228.356 2.23415
895.465 -228.128 2.22598
895.667 -228.07 2.21198
895.405 -227.342 2.22163
893.128 -223.777 2.33489
893.137 -223.505 2.33133
893.148 -223.242 2.32766
889.818 -218.452 2.49781
889.769 -218.183 2.49804
889.768 -217.983 2.4958
889.767 -217.786 2.49356
889.766 -217.593 2.49134
889.765 -217.404 2.48912
889.763 -217.217 2.48691
889.762 -217.034 2.48471
889.761 -216.854 2.48252
889.76 -216.677 2.48034
889.759 -216.503 2.47816
889.758 -216.332 2.47599
889.757 -216.164 2.47383
889.756 -215.998 2.47167
889.755 -215.836 2.46949
889.755 -215.677 2.46728
889.755 -215.52 2.46508
889.755 -215.365 2.46289
889.755 -215.212 2.4607
889.755 -215.062 2.45851
889.755 -214.914 2.45633
889.755 -214.768 2.45415
889.755 -214.625 2.45197
889.755 -214.483 2.4498
889.755 -214.343 2.44763
889.755 -214.204 2.44546
889.755 -214.068 2.44329
889.755 -213.934 2.44113
889.755 -213.801 2.43896
889.755 -213.67 2.4368
889.755 -213.54 2.43464
889.755 -213.412 2.43248
889.755 -213.286 2.43032
889.755 -213.161 2.42816
889.755 -213.038 2.426
889.755 -212.916 2.42384
889.755 -212.795 2.42168
889.776 -212.692 2.41831
889.807 -212.599 2.41428
889.838 -212.506 2.41023
889.883 -212.425 2.40529
890.035 -212.425 2.39386
890.19 -212.425 2.3822
925.835 -238.615 0.198894
925.514 -237.884 0.208867
907 -224.127 1.33979
907.107 -223.913 1.32735
907.214 -223.7 1.31487
907.321 -223.487 1.30236
907.428 -223.274 1.28981
923.488 -233.675 0.27747
923.146 -233.01 0.289644
897.651 -216.125 1.88882
897.736 -216 1.87958
920.607 -230.131 0.423059
920.245 -229.51 0.437354
919.89 -228.905 0.45128
919.543 -228.313 0.464919
919.202 -227.735 0.47822
918.808 -227.136 0.495138
918.134 -226.387 0.530338
917.958 -225.933 0.533466
917.555 -225.36 0.5514
917.156 -224.798 0.569277
916.296 -224.001 0.617553
916.292 -223.67 0.60977
916.298 -223.347 0.601363
916.305 -223.027 0.592769
916.312 -222.708 0.584269
890.277 -209.669 2.31423
890.277 -209.575 2.31183
890.277 -209.483 2.3094
890.464 -209.477 2.29444
890.669 -209.477 2.27813
890.637 -209.368 2.27777
890.758 -209.328 2.26706
890.758 -209.234 2.26452
890.758 -209.141 2.26197
890.758 -209.048 2.25941
890.758 -208.956 2.25684
890.967 -208.947 2.23974
891.206 -208.947 2.22051
891.454 -208.947 2.20055
891.711 -208.947 2.17982
891.978 -208.947 2.15828
892.255 -208.947 2.13586
892.544 -208.947 2.11253
892.819 -208.939 2.08996
911.518 -215.07 0.75788
911.408 -214.785 0.758196
893.07 -208.708 2.06253
911.062 -214.187 0.767864
910.895 -213.895 0.772378
910.73 -213.606 0.776809
910.563 -213.321 0.781401
910.399 -213.041 0.785856
910.241 -212.765 0.789901
910.08 -212.491 0.794243
909.92 -212.221 0.798536
909.765 -211.956 0.802471
909.61 -211.694 0.806438
905.163 -210.425 1.12897
904.984 -210.195 1.13591
904.883 -209.985 1.13713
904.612 -209.741 1.15106
904.466 -209.527 1.15571
886.766 -225.864 2.66747
886.932 -225.859 2.6578
897.297 -246.003 2.10182
881.619 -209.363 2.92317
881.609 -209.248 2.92332
881.648 -209.243 2.92092
881.687 -209.238 2.91849
881.725 -209.233 2.91605
881.765 -209.228 2.91359
889.045 -224.061 2.52309
889.045 -223.718 2.52149
889.045 -223.384 2.5199
889.045 -223.06 2.5183
889.045 -222.744 2.5167
889.045 -222.437 2.51511
889.045 -222.137 2.51351
889.045 -221.845 2.51191
889.045 -221.561 2.51031
889.045 -221.283 2.50872
889.045 -221.012 2.50712
889.045 -220.748 2.50552
889.1 -220.58 2.50091
889.154 -220.417 2.49626
889.307 -220.415 2.48612
889.461 -220.415 2.4758
893.233 -226.112 2.262
895.38 -228.372 2.13326
895.46 -228.132 2.12599
895.66 -228.071 2.11189
895.404 -227.352 2.12381
893.137 -223.799 2.2513
893.136 -223.513 2.24904
893.147 -223.248 2.24613
889.822 -218.463 2.4364
889.755 -218.171 2.4385
889.755 -217.972 2.43675
889.755 -217.777 2.435
889.755 -217.586 2.43324
889.755 -217.398 2.43148
889.755 -217.213 2.42973
889.755 -217.031 2.42796
889.755 -216.853 2.42619
889.755 -216.677 2.42442
889.755 -216.504 2.42265
889.755 -216.335 2.42087
889.755 -216.167 2.41909
889.755 -216.003 2.41731
889.755 -215.841 2.41552
889.755 -215.681 2.41373
889.755 -215.524 2.41193
889.755 -215.37 2.41013
889.755 -215.217 2.40833
889.755 -215.067 2.40652
889.755 -214.919 2.4047
889.755 -214.773 2.40289
889.755 -214.629 2.40106
889.755 -214.487 2.39924
889.755 -214.347 2.39741
889.755 -214.209 2.39557
889.755 -214.072 2.39373
889.755 -213.938 2.39189
889.755 -213.805 2.39004
889.755 -213.674 2.38818
889.755 -213.544 2.38632
889.755 -213.416 2.38445
889.755 -213.29 2.38258
889.755 -213.165 2.38071
889.755 -213.042 2.37883
889.755 -212.92 2.37694
889.755 -212.799 2.37505
889.775 -212.695 2.37191
889.806 -212.602 2.36799
889.837 -212.509 2.36406
889.879 -212.425 2.3594
890.031 -212.425 2.34756
890.185 -212.425 2.33546
923.207 -236.689 0.169224
888.987 -211.321 2.41019
888.938 -211.185 2.41161
888.89 -211.051 2.41298
888.843 -210.92 2.4143
888.797 -210.792 2.41557
888.767 -210.676 2.4158
888.74 -210.564 2.4158
888.713 -210.453 2.4158
888.687 -210.344 2.4158
888.66 -210.236 2.4158
888.633 -210.129 2.4158
888.607 -210.024 2.4158
888.58 -209.92 2.4158
888.554 -209.817 2.4158
888.528 -209.716 2.4158
916.406 -225.757 0.500682
916.02 -225.194 0.519877
915.357 -224.487 0.558336
915.363 -224.162 0.550696
890.138 -210.17 2.29491
915.385 -223.525 0.53466
915.397 -223.211 0.52653
915.405 -222.897 0.518583
915.381 -222.568 0.512897
915.304 -222.216 0.51095
890.277 -209.671 2.27194
890.277 -209.578 2.26969
890.277 -209.485 2.26743
890.458 -209.477 2.25226
890.517 -209.411 2.24572
890.58 -209.345 2.2389
890.758 -209.33 2.22374
890.758 -209.236 2.22133
890.758 -209.143 2.2189
890.758 -209.05 2.21647
890.758 -208.958 2.21403
890.961 -208.947 2.19672
891.2 -208.947 2.17673
891.447 -208.947 2.15598
891.704 -208.947 2.13442
891.971 -208.947 2.11202
892.224 -208.939 2.09045
892.276 -208.856 2.08374
892.236 -208.743 2.08383
892.224 -208.639 2.08187
892.493 -208.628 2.05875
893.069 -208.71 2.01249
909.793 -213.799 0.747507
909.642 -213.521 0.751985
909.492 -213.247 0.756359
909.341 -212.976 0.760912
909.191 -212.708 0.765347
909.045 -212.445 0.769523
908.9 -212.185 0.773647
905.139 -210.996 1.05658
904.833 -210.728 1.07417
904.624 -210.489 1.08429
904.539 -210.283 1.08481
904.361 -210.057 1.09261
904.196 -209.838 1.0994
903.893 -209.592 1.11715
903.602 -209.354 1.13401
903.436 -209.145 1.14121
886.923 -225.849 2.57868
893.825 -239.262 2.15664
893.946 -238.873 2.14897
894.17 -238.732 2.13499
881.619 -209.365 2.90414
881.608 -209.248 2.90472
881.647 -209.243 2.90228
881.685 -209.238 2.89982
881.724 -209.233 2.89733
881.763 -209.227 2.89483
889.045 -224.071 2.44643
889.045 -223.728 2.4459
889.045 -223.394 2.44535
889.045 -223.069 2.44476
889.045 -222.753 2.44415
889.045 -222.446 2.4435
889.045 -222.146 2.44283
889.045 -221.854 2.44212
889.045 -221.569 2.4414
889.045 -221.291 2.44065
889.045 -221.02 2.43987
889.045 -220.755 2.43907
889.098 -220.585 2.43497
889.153 -220.421 2.43071
889.302 -220.415 2.42048
889.457 -220.415 2.40988
893.226 -226.112 2.17227
895.383 -228.387 2.03221
895.456 -228.137 2.02594
895.654 -228.072 2.01177
895.404 -227.362 2.02588
893.146 -223.821 2.1675
893.136 -223.521 2.16666
893.154 -223.267 2.16401
889.826 -218.475 2.37487
889.755 -218.177 2.37818
889.755 -217.978 2.37698
889.755 -217.783 2.37577
889.755 -217.592 2.37454
889.755 -217.403 2.3733
889.755 -217.219 2.37205
889.755 -217.037 2.37078
889.755 -216.858 2.36949
889.755 -216.682 2.36819
889.755 -216.51 2.36688
889.755 -216.34 2.36555
889.755 -216.172 2.36421
889.755 -216.008 2.36286
889.755 -215.846 2.36149
889.755 -215.686 2.36011
889.755 -215.529 2.35872
889.755 -215.374 2.35732
889.755 -215.222 2.3559
889.755 -215.071 2.35447
889.755 -214.923 2.35302
889.755 -214.777 2.35157
889.755 -214.633 2.3501
889.755 -214.491 2.34863
889.755 -214.351 2.34714
889.755 -214.213 2.34564
889.755 -214.076 2.34412
889.755 -213.942 2.3426
889.755 -213.809 2.34106
889.755 -213.678 2.33951
889.755 -213.548 2.33795
889.755 -213.42 2.33638
889.755 -213.294 2.3348
889.755 -213.169 2.33321
889.755 -213.045 2.33161
889.755 -212.923 2.32999
889.755 -212.803 2.32836
889.774 -212.698 2.32547
889.805 -212.605 2.32167
889.836 -212.512 2.31786
889.874 -212.425 2.31351
890.026 -212.425 2.30124
890.181 -212.425 2.28872
889.009 -211.443 2.36882
888.96 -211.305 2.37069
888.911 -211.169 2.37251
888.864 -211.036 2.37426
888.817 -210.905 2.37595
888.772 -210.777 2.37759
888.727 -210.652 2.37917
888.683 -210.528 2.3807
888.639 -210.407 2.38218
888.597 -210.288 2.38361
888.555 -210.172 2.38499
888.514 -210.057 2.38632
888.474 -209.945 2.38761
888.434 -209.834 2.38885
888.395 -209.725 2.39005
888.357 -209.618 2.3912
888.319 -209.513 2.39232
888.282 -209.409 2.39339
888.246 -209.308 2.39443
888.21 -209.207 2.39543
888.174 -209.109 2.39639
888.139 -209.011 2.39732
888.105 -208.916 2.39821
888.071 -208.822 2.39907
888.038 -208.729 2.39989
888.005 -208.637 2.40069
887.973 -208.547 2.40145
887.941 -208.458 2.40218
887.909 -208.37 2.40288
887.878 -208.284 2.40355
887.847 -208.199 2.40419
887.817 -208.114 2.4048
887.787 -208.031 2.40539
887.758 -207.949 2.40595
887.728 -207.869 2.40648
887.7 -207.789 2.40699
887.671 -207.71 2.40747
887.643 -207.632 2.40793
887.615 -207.555 2.40836
887.588 -207.479 2.40877
887.561 -207.404 2.40916
887.534 -207.33 2.40952
887.507 -207.256 2.40986
887.481 -207.184 2.41018
887.455 -207.112 2.41048
887.429 -207.041 2.41076
887.404 -206.971 2.41101
887.379 -206.901 2.41125
887.354 -206.833 2.41146
887.329 -206.765 2.41165
887.305 -206.697 2.41183
887.281 -206.631 2.41199
887.257 -206.565 2.41212
887.233 -206.5 2.41224
887.21 -206.435 2.41234
887.186 -206.371 2.41243
887.163 -206.308 2.41249
887.14 -206.245 2.41254
887.118 -206.182 2.41257
887.095 -206.121 2.41258
887.073 -206.06 2.41258
887.051 -205.999 2.41256
887.029 -205.939 2.41252
887.043 -205.886 2.40957
887.119 -205.846 2.40142
894.536 -244.113 1.9645
894.505 -243.216 1.96946
893.978 -241.097 2.00931
893.47 -239.104 2.04751
893.612 -238.764 2.03956
893.753 -238.431 2.03158
893.839 -237.979 2.02733
881.618 -209.366 2.88511
881.607 -209.248 2.88611
881.646 -209.244 2.8836
881.685 -209.24 2.88107
881.724 -209.236 2.87851
881.764 -209.231 2.87593
889.045 -224.081 2.3697
889.045 -223.738 2.37026
889.045 -223.404 2.37075
889.045 -223.079 2.37117
889.045 -222.763 2.37154
889.045 -222.455 2.37184
889.045 -222.155 2.37209
889.045 -221.862 2.37229
889.045 -221.577 2.37243
889.045 -221.299 2.37253
889.045 -221.028 2.37258
889.045 -220.763 2.37257
889.096 -220.59 2.36901
889.151 -220.426 2.36514
889.297 -220.415 2.35486
889.452 -220.415 2.34398
893.22 -226.112 2.08258
895.98 -229.678 1.8904
895.386 -228.403 1.93108
895.452 -228.141 1.92589
895.647 -228.073 1.91167
895.403 -227.372 1.92791
893.156 -223.843 2.08354
893.137 -223.532 2.08412
893.161 -223.286 2.08171
889.83 -218.486 2.31327
889.755 -218.183 2.31782
889.755 -217.984 2.31718
889.755 -217.789 2.31651
889.755 -217.597 2.31582
889.755 -217.409 2.31509
889.755 -217.224 2.31434
889.755 -217.042 2.31356
889.755 -216.864 2.31276
889.755 -216.688 2.31193
889.755 -216.515 2.31108
889.755 -216.345 2.31021
889.755 -216.178 2.30931
889.755 -216.013 2.30839
889.755 -215.851 2.30744
889.755 -215.691 2.30647
889.755 -215.534 2.30549
889.755 -215.379 2.30448
889.755 -215.226 2.30345
889.755 -215.076 2.3024
889.755 -214.928 2.30132
889.755 -214.782 2.30023
889.755 -214.638 2.29912
889.755 -214.496 2.29799
889.755 -214.355 2.29684
889.755 -214.217 2.29568
889.755 -214.081 2.29449
889.755 -213.946 2.29329
889.755 -213.813 2.29206
889.755 -213.682 2.29082
889.755 -213.552 2.28957
889.755 -213.424 2.28829
889.755 -213.298 2.287
889.755 -213.173 2.28569
889.755 -213.049 2.28437
889.755 -212.927 2.28302
889.755 -212.806 2.28166
889.773 -212.701 2.27902
889.804 -212.607 2.27534
889.835 -212.514 2.27164
889.87 -212.425 2.26764
890.021 -212.425 2.25496
890.176 -212.425 2.24201
888.982 -211.426 2.32913
888.933 -211.288 2.3314
888.885 -211.153 2.3336
888.838 -211.02 2.33574
888.792 -210.89 2.3378
888.746 -210.763 2.3398
888.702 -210.637 2.34174
888.658 -210.515 2.34362
888.615 -210.394 2.34543
888.573 -210.276 2.34719
888.531 -210.159 2.34889
888.491 -210.045 2.35054
888.451 -209.933 2.35213
888.411 -209.823 2.35368
888.373 -209.714 2.35517
888.335 -209.608 2.35661
888.297 -209.503 2.35801
888.26 -209.399 2.35936
888.224 -209.298 2.36067
888.188 -209.198 2.36193
888.153 -209.1 2.36315
888.119 -209.003 2.36433
888.085 -208.907 2.36547
888.051 -208.813 2.36658
888.018 -208.721 2.36764
887.985 -208.629 2.36866
887.953 -208.539 2.36965
887.921 -208.451 2.37061
887.89 -208.363 2.37152
887.859 -208.277 2.37241
887.828 -208.192 2.37326
887.798 -208.108 2.37408
887.769 -208.025 2.37487
887.739 -207.944 2.37562
887.71 -207.863 2.37635
887.682 -207.783 2.37705
887.653 -207.704 2.37772
887.625 -207.627 2.37836
887.598 -207.55 2.37897
887.57 -207.474 2.37955
887.543 -207.399 2.38011
887.517 -207.325 2.38064
887.49 -207.252 2.38115
887.464 -207.179 2.38163
887.439 -207.108 2.38209
887.413 -207.037 2.38252
887.388 -206.967 2.38293
887.363 -206.898 2.38331
887.338 -206.829 2.38367
887.313 -206.761 2.38401
887.289 -206.694 2.38433
887.265 -206.628 2.38463
887.241 -206.562 2.3849
887.218 -206.497 2.38515
887.194 -206.432 2.38538
887.171 -206.369 2.3856
887.148 -206.305 2.38579
887.126 -206.243 2.38596
887.103 -206.18 2.38611
887.081 -206.119 2.38624
887.059 -206.058 2.38636
887.037 -205.997 2.38645
887.015 -205.937 2.38653
886.993 -205.878 2.38659
887.053 -205.835 2.37957
887.129 -205.794 2.37115
892.062 -239.071 2.00591
892.179 -238.646 2.00154
881.437 -209.641 2.87596
881.414 -209.471 2.8786
881.391 -209.311 2.88108
881.411 -209.261 2.88015
881.448 -209.255 2.87778
881.485 -209.249 2.87539
881.523 -209.243 2.87298
881.561 -209.237 2.87055
881.598 -209.231 2.8681
881.636 -209.225 2.86562
881.674 -209.219 2.86312
881.713 -209.213 2.8606
881.751 -209.207 2.85806
881.79 -209.201 2.85549
881.828 -209.195 2.8529
881.867 -209.189 2.85028
881.906 -209.182 2.84764
881.945 -209.176 2.84497
889.045 -222.464 2.30012
889.045 -222.164 2.30129
889.045 -221.871 2.30239
889.045 -221.586 2.3034
889.045 -221.308 2.30435
889.045 -221.036 2.30522
889.045 -220.771 2.30602
889.095 -220.595 2.30301
889.149 -220.431 2.29953
889.293 -220.415 2.28925
889.447 -220.415 2.27808
893.214 -226.112 1.99289
894.625 -227.974 1.88654
894.587 -227.558 1.89002
894.568 -227.181 1.89195
894.55 -226.814 1.89371
894.588 -226.534 1.89126
894.658 -226.308 1.88623
893.165 -223.864 1.9994
893.14 -223.544 2.0014
893.164 -223.298 1.99964
893.138 -222.987 2.00163
889.755 -218.189 2.25742
889.755 -217.99 2.25733
889.755 -217.795 2.2572
889.755 -217.603 2.25704
889.755 -217.415 2.25683
889.755 -217.23 2.25659
889.755 -217.048 2.2563
889.755 -216.869 2.25598
889.755 -216.693 2.25563
889.755 -216.52 2.25524
889.755 -216.35 2.25481
889.755 -216.183 2.25436
889.755 -216.018 2.25387
889.755 -215.856 2.25335
889.755 -215.696 2.25279
889.755 -215.539 2.25221
889.755 -215.384 2.2516
889.755 -215.231 2.25095
889.755 -215.081 2.25028
889.755 -214.932 2.24958
889.755 -214.786 2.24885
889.755 -214.642 2.2481
889.755 -214.5 2.24732
889.755 -214.36 2.24651
889.755 -214.221 2.24568
889.755 -214.085 2.24482
889.755 -213.95 2.24394
889.755 -213.817 2.24303
889.755 -213.686 2.2421
889.755 -213.556 2.24114
889.755 -213.428 2.24016
889.755 -213.301 2.23916
889.755 -213.176 2.23814
889.755 -213.053 2.23709
889.755 -212.931 2.23602
889.755 -212.81 2.23493
889.772 -212.704 2.23255
889.803 -212.61 2.22898
889.834 -212.517 2.2254
889.865 -212.425 2.22177
890.017 -212.425 2.20868
890.171 -212.425 2.1953
888.955 -211.409 2.28963
888.906 -211.272 2.29231
888.859 -211.137 2.29489
888.812 -211.005 2.2974
888.766 -210.875 2.29984
888.721 -210.748 2.3022
888.677 -210.623 2.30448
888.633 -210.501 2.3067
888.591 -210.381 2.30885
888.549 -210.263 2.31094
888.508 -210.147 2.31296
888.467 -210.033 2.31492
888.428 -209.921 2.31682
888.389 -209.811 2.31866
888.35 -209.703 2.32044
888.312 -209.597 2.32217
888.275 -209.492 2.32385
888.239 -209.389 2.32548
888.203 -209.288 2.32705
888.167 -209.189 2.32858
888.132 -209.091 2.33005
888.098 -208.994 2.33148
888.064 -208.899 2.33287
888.031 -208.805 2.33421
887.998 -208.713 2.33551
887.965 -208.622 2.33676
887.933 -208.532 2.33798
887.902 -208.444 2.33915
887.871 -208.356 2.34029
887.84 -208.27 2.34139
887.81 -208.186 2.34245
887.78 -208.102 2.34347
887.75 -208.019 2.34446
887.721 -207.938 2.34541
887.692 -207.857 2.34633
887.664 -207.778 2.34722
887.636 -207.699 2.34807
887.608 -207.622 2.34889
887.58 -207.545 2.34968
887.553 -207.469 2.35044
887.526 -207.395 2.35117
887.5 -207.321 2.35187
887.474 -207.248 2.35254
887.448 -207.175 2.35318
887.422 -207.104 2.35379
887.397 -207.033 2.35438
887.371 -206.963 2.35494
887.347 -206.894 2.35547
887.322 -206.826 2.35598
887.298 -206.758 2.35647
887.273 -206.691 2.35692
887.25 -206.625 2.35736
887.226 -206.559 2.35777
887.202 -206.494 2.35815
887.179 -206.43 2.35851
887.156 -206.366 2.35885
887.133 -206.303 2.35917
887.111 -206.24 2.35946
887.088 -206.178 2.35973
887.066 -206.117 2.35999
887.044 -206.056 2.36022
887.022 -205.996 2.36042
887 -205.936 2.36061
886.979 -205.876 2.36078
886.989 -205.824 2.35808
887.064 -205.783 2.34954
902.175 -208.413 0.980286
881.43 -209.738 2.85571
881.406 -209.563 2.85901
881.384 -209.398 2.8621
881.365 -209.249 2.86478
881.402 -209.243 2.86241
881.439 -209.237 2.86003
881.477 -209.231 2.85762
881.514 -209.225 2.85519
881.552 -209.219 2.85273
881.589 -209.213 2.85025
881.627 -209.207 2.84776
881.665 -209.201 2.84523
881.703 -209.195 2.84269
881.741 -209.189 2.84011
881.78 -209.183 2.83752
881.818 -209.177 2.8349
881.857 -209.171 2.83225
881.896 -209.164 2.82958
881.935 -209.158 2.82688
881.974 -209.152 2.82416
889.045 -222.172 2.23042
889.045 -221.88 2.23241
889.045 -221.594 2.23431
889.045 -221.316 2.2361
889.045 -221.044 2.23779
889.045 -220.779 2.2394
889.093 -220.6 2.23697
889.148 -220.436 2.23388
889.291 -220.42 2.22337
889.457 -220.439 2.21095
893.207 -226.112 1.90319
893.439 -226.142 1.8857
893.436 -225.808 1.88746
893.402 -225.433 1.89173
893.379 -225.084 1.89487
893.393 -224.795 1.89502
893.424 -224.539 1.89354
893.174 -223.886 1.91507
893.143 -223.556 1.91857
893.167 -223.31 1.91746
893.145 -223.005 1.92003
889.755 -218.195 2.19695
889.755 -217.996 2.19743
889.755 -217.801 2.19784
889.755 -217.609 2.19821
889.755 -217.421 2.19852
889.755 -217.235 2.19878
889.755 -217.053 2.19899
889.755 -216.874 2.19916
889.755 -216.698 2.19928
889.755 -216.525 2.19935
889.755 -216.355 2.19938
889.755 -216.188 2.19936
889.755 -216.023 2.1993
889.755 -215.861 2.1992
889.755 -215.701 2.19907
889.755 -215.543 2.19889
889.755 -215.388 2.19867
889.755 -215.236 2.19842
889.755 -215.085 2.19813
889.755 -214.937 2.1978
889.755 -214.791 2.19743
889.755 -214.646 2.19704
889.755 -214.504 2.1966
889.755 -214.364 2.19614
889.755 -214.226 2.19564
889.755 -214.089 2.19511
889.755 -213.954 2.19455
889.755 -213.821 2.19396
889.755 -213.69 2.19333
889.755 -213.56 2.19268
889.755 -213.432 2.192
889.755 -213.305 2.19129
889.755 -213.18 2.19055
889.755 -213.057 2.18978
889.755 -212.934 2.18898
889.755 -212.814 2.18816
889.771 -212.707 2.18604
889.802 -212.613 2.18259
889.833 -212.52 2.17913
889.864 -212.428 2.17564
890.023 -212.433 2.16153
888.977 -211.532 2.24718
888.928 -211.392 2.25034
888.88 -211.255 2.2534
888.832 -211.121 2.25637
888.786 -210.989 2.25925
888.74 -210.86 2.26205
888.696 -210.734 2.26476
888.652 -210.609 2.2674
888.609 -210.487 2.26995
888.567 -210.368 2.27244
888.525 -210.25 2.27485
888.484 -210.135 2.27718
888.444 -210.021 2.27945
888.405 -209.91 2.28165
888.366 -209.8 2.28379
888.328 -209.692 2.28587
888.29 -209.586 2.28788
888.254 -209.482 2.28983
888.217 -209.38 2.29173
888.181 -209.279 2.29357
888.146 -209.179 2.29535
888.112 -209.082 2.29709
888.077 -208.985 2.29877
888.044 -208.89 2.3004
888.011 -208.797 2.30198
887.978 -208.705 2.30351
887.946 -208.614 2.30499
887.914 -208.525 2.30643
887.883 -208.436 2.30782
887.852 -208.349 2.30918
887.821 -208.264 2.31048
887.791 -208.179 2.31175
887.761 -208.095 2.31298
887.732 -208.013 2.31416
887.703 -207.932 2.31531
887.674 -207.851 2.31642
887.646 -207.772 2.31749
887.618 -207.694 2.31853
887.59 -207.617 2.31953
887.563 -207.54 2.32049
887.536 -207.465 2.32143
887.509 -207.39 2.32232
887.483 -207.316 2.32319
887.457 -207.243 2.32402
887.431 -207.171 2.32482
887.406 -207.1 2.3256
887.38 -207.03 2.32634
887.355 -206.96 2.32705
887.331 -206.891 2.32773
887.306 -206.823 2.32838
887.282 -206.755 2.32901
887.258 -206.688 2.3296
887.234 -206.622 2.33018
887.21 -206.556 2.33072
887.187 -206.492 2.33124
887.164 -206.427 2.33173
887.141 -206.364 2.33219
887.118 -206.301 2.33263
887.096 -206.238 2.33305
887.074 -206.176 2.33344
887.051 -206.115 2.33381
887.029 -206.054 2.33416
887.008 -205.994 2.33448
886.986 -205.934 2.33478
886.965 -205.875 2.33505
886.951 -205.818 2.33459
887.05 -205.782 2.32355
901.781 -208.347 0.936071
901.68 -208.169 0.940298
 ] }
 color Color { color [
0.0537459 0 0.946254
0.457512 0 0.542488
0.591803 0 0.408197
0.595999 0 0.404001
0.516489 0 0.483511
0.55158 0 0.44842
0.535589 0 0.464411
0.556022 0 0.443978
0.446365 0 0.553635
0.444436 0 0.555564
0.445927 0 0.554073
0.121432 0 0.878568
0.121045 0 0.878955
0.122223 0 0.877777
0.135651 0 0.864349
0.43371 0 0.56629
0.43545 0 0.56455
0.0537488 0 0.946251
0.457109 0 0.542891
0.591671 0 0.408329
0.595932 0 0.404068
0.516411 0 0.483589
0.551374 0 0.448626
0.535396 0 0.464604
0.556095 0 0.443905
0.446545 0 0.553455
0.444439 0 0.555561
0.445806 0 0.554194
0.12138 0 0.87862
0.120992 0 0.879008
0.132671 0 0.867329
0.135285 0 0.864715
0.131528 0 0.868472
0.127405 0 0.872595
0.12957 0 0.87043
0.131814 0 0.868186
0.134145 0 0.865855
0.136794 0 0.863206
0.139559 0 0.860441
0.142444 0 0.857556
0.0537526 0 0.946247
0.45687 0 0.54313
0.591546 0 0.408454
0.595422 0 0.404578
0.595873 0 0.404127
0.51634 0 0.48366
0.551228 0 0.448772
0.535216 0 0.464784
0.556175 0 0.443825
0.446763 0 0.553237
0.444449 0 0.555551
0.445699 0 0.554301
0.121054 0 0.878946
0.120942 0 0.879058
0.12338 0 0.87662
0.123005 0 0.876995
0.122715 0 0.877285
0.122356 0 0.877644
0.122005 0 0.877995
0.122315 0 0.877685
0.124488 0 0.875512
0.126746 0 0.873254
0.129092 0 0.870908
0.1317 0 0.8683
0.134245 0 0.865755
0.136897 0 0.863103
0.139663 0 0.860337
0.142549 0 0.857451
0.053757 0 0.946243
0.456693 0 0.543307
0.591428 0 0.408572
0.595822 0 0.404178
0.516276 0 0.483724
0.551135 0 0.448865
0.535048 0 0.464952
0.556263 0 0.443737
0.447035 0 0.552965
0.444468 0 0.555532
0.445607 0 0.554393
0.125478 0 0.874522
0.125059 0 0.874941
0.12465 0 0.87535
0.121069 0 0.878931
0.120893 0 0.879107
0.123072 0 0.876928
0.123097 0 0.876903
0.12273 0 0.87727
0.122371 0 0.877629
0.12202 0 0.87798
0.122415 0 0.877585
0.124589 0 0.875411
0.126847 0 0.873153
0.129194 0 0.870806
0.131637 0 0.868363
0.133885 0 0.866115
0.13636 0 0.86364
0.139439 0 0.860561
0.14232 0 0.85768
0.0537615 0 0.946238
0.456555 0 0.543445
0.591318 0 0.408682
0.595778 0 0.404222
0.516218 0 0.483782
0.551097 0 0.448903
0.534893 0 0.465107
0.556359 0 0.443641
0.447407 0 0.552593
0.444493 0 0.555507
0.445529 0 0.554471
0.125496 0 0.874504
0.125636 0 0.874364
0.124667 0 0.875333
0.120569 0 0.879431
0.120846 0 0.879154
0.123023 0 0.876977
0.123114 0 0.876886
0.122747 0 0.877253
0.122388 0 0.877612
0.122037 0 0.877963
0.122363 0 0.877637
0.124534 0 0.875466
0.126651 0 0.873349
0.128995 0 0.871005
0.131432 0 0.868568
0.13397 0 0.86603
0.136615 0 0.863385
0.139372 0 0.860628
0.14225 0 0.85775
0.524006 0 0.475994
0.0537669 0 0.946233
0.456445 0 0.543555
0.591216 0 0.408784
0.595741 0 0.404259
0.516166 0 0.483834
0.551118 0 0.448882
0.53475 0 0.46525
0.13394 0 0.86606
0.556462 0 0.443538
0.444527 0 0.555473
0.44546 0 0.55454
0.125515 0 0.874485
0.125651 0 0.874349
0.124687 0 0.875313
0.12056 0 0.87944
0.1208 0 0.8792
0.122975 0 0.877025
0.123133 0 0.876867
0.122766 0 0.877234
0.122407 0 0.877593
0.122055 0 0.877945
0.122311 0 0.877689
0.124481 0 0.875519
0.126634 0 0.873366
0.128938 0 0.871062
0.131373 0 0.868627
0.133909 0 0.866091
0.13655 0 0.86345
0.139305 0 0.860695
0.14218 0 0.85782
0.52381 0 0.47619
0.0537731 0 0.946227
0.45636 0 0.54364
0.591199 0 0.408801
0.595712 0 0.404288
0.207249 0 0.792751
0.205528 0 0.794472
0.203915 0 0.796085
0.204582 0 0.795418
0.205887 0 0.794113
0.20722 0 0.79278
0.20858 0 0.79142
0.209969 0 0.790031
0.484766 0 0.515234
0.551217 0 0.448783
0.138846 0 0.861154
0.137986 0 0.862014
0.137144 0 0.862856
0.136318 0 0.863682
0.135509 0 0.864491
0.134716 0 0.865284
0.133939 0 0.866061
0.133177 0 0.866823
0.132516 0 0.867484
0.133573 0 0.866427
0.556574 0 0.443426
0.444568 0 0.555431
0.445404 0 0.554596
0.125536 0 0.874464
0.125671 0 0.874328
0.124707 0 0.875293
0.12058 0 0.87942
0.120757 0 0.879243
0.12293 0 0.87707
0.123153 0 0.876847
0.122786 0 0.877214
0.122426 0 0.877574
0.122075 0 0.877925
0.122262 0 0.877738
0.12443 0 0.87557
0.126655 0 0.873345
0.128883 0 0.871117
0.131317 0 0.868683
0.13385 0 0.86615
0.136489 0 0.863511
0.139242 0 0.860758
0.142114 0 0.857886
0.563139 0 0.436861
0.0630489 0 0.936951
0.0537789 0 0.946221
0.258112 0 0.741888
0.253324 0 0.746676
0.252987 0 0.747013
0.254031 0 0.745969
0.255096 0 0.744904
0.256183 0 0.743817
0.25754 0 0.74246
0.456296 0 0.543704
0.5912 0 0.4088
0.59569 0 0.40431
0.210641 0 0.789359
0.208916 0 0.791084
0.207228 0 0.792772
0.205578 0 0.794422
0.203963 0 0.796037
0.204542 0 0.795458
0.205848 0 0.794152
0.20718 0 0.79282
0.208539 0 0.791461
0.209928 0 0.790072
0.484566 0 0.515434
0.147105 0 0.852895
0.146074 0 0.853926
0.145066 0 0.854934
0.144077 0 0.855923
0.143109 0 0.856891
0.142161 0 0.857839
0.141232 0 0.858768
0.140322 0 0.859678
0.13943 0 0.86057
0.138557 0 0.861443
0.137701 0 0.862299
0.136862 0 0.863138
0.136039 0 0.863961
0.135234 0 0.864766
0.134444 0 0.865556
0.13367 0 0.86633
0.132912 0 0.867088
0.132168 0 0.867832
0.133093 0 0.866907
0.556694 0 0.443306
0.444617 0 0.555383
0.445359 0 0.554641
0.12514 0 0.87486
0.124729 0 0.875271
0.120601 0 0.879399
0.120763 0 0.879237
0.122885 0 0.877115
0.123175 0 0.876825
0.122807 0 0.877193
0.122448 0 0.877552
0.122096 0 0.877904
0.122213 0 0.877787
0.12438 0 0.87562
0.12663 0 0.87337
0.128829 0 0.871171
0.131261 0 0.868739
0.133792 0 0.866208
0.136429 0 0.863571
0.139179 0 0.860821
0.142048 0 0.857952
0.569392 0 0.430608
0.546411 0 0.453589
0.539078 0 0.460922
0.531907 0 0.468093
0.524751 0 0.475249
0.516346 0 0.483654
0.0537866 0 0.946213
0.260978 0 0.739022
0.257735 0 0.742265
0.254583 0 0.745417
0.251565 0 0.748435
0.251928 0 0.748072
0.252951 0 0.747049
0.253995 0 0.746005
0.25506 0 0.74494
0.256146 0 0.743854
0.257344 0 0.742656
0.456252 0 0.543748
0.591208 0 0.408792
0.595675 0 0.404325
0.210697 0 0.789303
0.20897 0 0.79103
0.207282 0 0.792718
0.205631 0 0.794369
0.204015 0 0.795985
0.157072 0 0.842928
0.155827 0 0.844173
0.154609 0 0.845391
0.153418 0 0.846582
0.152252 0 0.847748
0.151111 0 0.848889
0.149994 0 0.850006
0.148901 0 0.851099
0.147831 0 0.852169
0.146783 0 0.853217
0.145757 0 0.854243
0.144752 0 0.855248
0.143768 0 0.856232
0.142804 0 0.857196
0.141859 0 0.858141
0.140935 0 0.859065
0.140028 0 0.859972
0.139141 0 0.860859
0.138271 0 0.861729
0.137418 0 0.862582
0.136583 0 0.863417
0.135764 0 0.864236
0.134961 0 0.865039
0.134175 0 0.865825
0.133404 0 0.866596
0.132649 0 0.867351
0.131908 0 0.868092
0.133063 0 0.866937
0.217869 0 0.782131
0.444674 0 0.555326
0.445324 0 0.554676
0.125164 0 0.874836
0.124753 0 0.875247
0.121169 0 0.878831
0.120786 0 0.879214
0.122842 0 0.877158
0.123198 0 0.876802
0.12283 0 0.87717
0.122471 0 0.877529
0.122119 0 0.877881
0.122168 0 0.877832
0.124333 0 0.875667
0.126581 0 0.873419
0.128777 0 0.871223
0.131208 0 0.868792
0.133736 0 0.866264
0.136371 0 0.863629
0.139119 0 0.860881
0.141986 0 0.858014
0.533401 0 0.466599
0.526352 0 0.473648
0.519412 0 0.480588
0.511775 0 0.488225
0.503686 0 0.496314
0.495866 0 0.504134
0.483226 0 0.516774
0.481727 0 0.518273
0.480457 0 0.519543
0.053794 0 0.946206
0.261113 0 0.738887
0.257865 0 0.742135
0.25471 0 0.74529
0.251749 0 0.748251
0.251896 0 0.748104
0.252919 0 0.747081
0.253962 0 0.746038
0.255026 0 0.744974
0.25617 0 0.74383
0.257369 0 0.742631
0.456226 0 0.543774
0.591224 0 0.408776
0.169203 0 0.830797
0.167684 0 0.832316
0.1662 0 0.8338
0.164749 0 0.835251
0.163332 0 0.836668
0.161947 0 0.838053
0.160592 0 0.839408
0.159268 0 0.840732
0.157973 0 0.842027
0.156706 0 0.843294
0.155468 0 0.844532
0.154255 0 0.845745
0.153069 0 0.846931
0.151909 0 0.848091
0.150773 0 0.849227
0.149661 0 0.850339
0.148572 0 0.851428
0.147507 0 0.852493
0.146464 0 0.853536
0.145442 0 0.854558
0.144442 0 0.855559
0.143462 0 0.856538
0.142502 0 0.857498
0.141562 0 0.858438
0.14064 0 0.85936
0.139738 0 0.860262
0.138854 0 0.861146
0.137987 0 0.862013
0.137139 0 0.862861
0.136307 0 0.863693
0.135491 0 0.864509
0.134692 0 0.865308
0.133909 0 0.866091
0.133141 0 0.866859
0.132388 0 0.867612
0.131818 0 0.868182
0.133034 0 0.866966
0.217509 0 0.78249
0.44474 0 0.55526
0.445299 0 0.554701
0.125189 0 0.874811
0.124778 0 0.875222
0.121194 0 0.878806
0.120811 0 0.879189
0.122801 0 0.877199
0.123223 0 0.876777
0.122855 0 0.877145
0.122495 0 0.877505
0.122144 0 0.877856
0.122123 0 0.877877
0.124285 0 0.875715
0.126533 0 0.873467
0.128727 0 0.871273
0.131155 0 0.868845
0.133682 0 0.866318
0.136315 0 0.863685
0.13906 0 0.86094
0.141924 0 0.858076
0.499487 0 0.500513
0.491734 0 0.508266
0.484239 0 0.515761
0.473665 0 0.526335
0.472104 0 0.527896
0.470822 0 0.529179
0.469554 0 0.530446
0.468087 0 0.531913
0.466015 0 0.533985
0.463884 0 0.536116
0.0538027 0 0.946197
0.261251 0 0.738749
0.258001 0 0.741999
0.254877 0 0.745123
0.251937 0 0.748063
0.251867 0 0.748133
0.252889 0 0.747111
0.253932 0 0.746068
0.189269 0 0.810731
0.256199 0 0.743801
0.257398 0 0.742602
0.456216 0 0.543784
0.591246 0 0.408754
0.175198 0 0.824802
0.173536 0 0.826464
0.171913 0 0.828087
0.170329 0 0.829671
0.168781 0 0.831219
0.167269 0 0.832731
0.165793 0 0.834207
0.164349 0 0.835651
0.162939 0 0.837061
0.16156 0 0.83844
0.160212 0 0.839788
0.158894 0 0.841106
0.157605 0 0.842395
0.156345 0 0.843655
0.155111 0 0.844889
0.153905 0 0.846095
0.152724 0 0.847276
0.151569 0 0.848431
0.150438 0 0.849562
0.149331 0 0.850669
0.148247 0 0.851753
0.147187 0 0.852813
0.146148 0 0.853852
0.145131 0 0.854869
0.144135 0 0.855865
0.143159 0 0.856841
0.142203 0 0.857797
0.141267 0 0.858733
0.140349 0 0.859651
0.139451 0 0.860549
0.13857 0 0.86143
0.137707 0 0.862293
0.136862 0 0.863138
0.136034 0 0.863966
0.135221 0 0.864779
0.134425 0 0.865575
0.133645 0 0.866355
0.13288 0 0.86712
0.13213 0 0.86787
0.131791 0 0.868209
0.133007 0 0.866993
0.134251 0 0.865749
0.217385 0 0.782615
0.444812 0 0.555188
0.445284 0 0.554716
0.125216 0 0.874784
0.124805 0 0.875195
0.12122 0 0.87878
0.120837 0 0.879164
0.122553 0 0.877447
0.123249 0 0.876751
0.122881 0 0.877119
0.122521 0 0.877479
0.122169 0 0.877831
0.122079 0 0.877921
0.124241 0 0.875759
0.126486 0 0.873514
0.128679 0 0.871321
0.131104 0 0.868896
0.133629 0 0.866371
0.13626 0 0.86374
0.139003 0 0.860997
0.141864 0 0.858136
0.464346 0 0.535654
0.463025 0 0.536975
0.461754 0 0.538246
0.460468 0 0.539532
0.458998 0 0.541002
0.456861 0 0.543139
0.454525 0 0.545475
0.451147 0 0.548853
0.443596 0 0.556404
0.396694 0 0.603306
0.391068 0 0.608932
0.446167 0 0.553833
0.053812 0 0.946188
0.208749 0 0.791251
0.205973 0 0.794027
0.203278 0 0.796722
0.200663 0 0.799337
0.198124 0 0.801876
0.195658 0 0.804342
0.193261 0 0.806739
0.19093 0 0.80907
0.188665 0 0.811335
0.188092 0 0.811908
0.256231 0 0.743769
0.25743 0 0.74257
0.456224 0 0.543776
0.591276 0 0.408724
0.279805 0 0.720195
0.238169 0 0.761831
0.174747 0 0.825253
0.173093 0 0.826907
0.171479 0 0.828521
0.169902 0 0.830098
0.168363 0 0.831637
0.166859 0 0.833141
0.165389 0 0.834611
0.163953 0 0.836047
0.162549 0 0.837451
0.161177 0 0.838823
0.159835 0 0.840165
0.158524 0 0.841476
0.157241 0 0.842759
0.155986 0 0.844014
0.154758 0 0.845242
0.153557 0 0.846443
0.152382 0 0.847618
0.151232 0 0.848768
0.150106 0 0.849894
0.149004 0 0.850996
0.147926 0 0.852074
0.146869 0 0.853131
0.145835 0 0.854165
0.144822 0 0.855178
0.14383 0 0.85617
0.142859 0 0.857141
0.141907 0 0.858093
0.140974 0 0.859026
0.140061 0 0.859939
0.139166 0 0.860834
0.138289 0 0.861711
0.13743 0 0.86257
0.136588 0 0.863412
0.135763 0 0.864237
0.134954 0 0.865046
0.134161 0 0.865839
0.133384 0 0.866616
0.132622 0 0.867378
0.131875 0 0.868125
0.131767 0 0.868233
0.132982 0 0.867018
0.134226 0 0.865774
0.217264 0 0.782736
0.444893 0 0.555107
0.445278 0 0.554722
0.125244 0 0.874756
0.124834 0 0.875166
0.124431 0 0.875569
0.120864 0 0.879136
0.122723 0 0.877277
0.123277 0 0.876723
0.122908 0 0.877092
0.122548 0 0.877452
0.122197 0 0.877803
0.122037 0 0.877963
0.124198 0 0.875803
0.126441 0 0.873559
0.128632 0 0.871368
0.131056 0 0.868944
0.133579 0 0.866421
0.136208 0 0.863792
0.138948 0 0.861052
0.141807 0 0.858193
0.451924 0 0.548076
0.450319 0 0.549681
0.448216 0 0.551784
0.445938 0 0.554062
0.441376 0 0.558625
0.404904 0 0.595096
0.388703 0 0.611297
0.384156 0 0.615844
0.381854 0 0.618146
0.380231 0 0.619769
0.378728 0 0.621272
0.377224 0 0.622776
0.447801 0 0.552199
0.237228 0 0.762772
0.233544 0 0.766456
0.0538215 0 0.946178
0.22654 0 0.77346
0.223209 0 0.776791
0.219985 0 0.780015
0.216861 0 0.783139
0.213837 0 0.786163
0.210904 0 0.789096
0.208061 0 0.791939
0.205302 0 0.794698
0.202626 0 0.797374
0.200028 0 0.799972
0.197505 0 0.802495
0.195053 0 0.804947
0.192671 0 0.807329
0.190355 0 0.809645
0.188103 0 0.811897
0.188072 0 0.811928
0.256266 0 0.743734
0.257466 0 0.742534
0.287041 0 0.712959
0.286167 0 0.713833
0.286954 0 0.713046
0.279007 0 0.720993
0.236687 0 0.763313
0.234767 0 0.765233
0.232789 0 0.767211
0.23009 0 0.76991
0.1743 0 0.8257
0.172655 0 0.827345
0.171049 0 0.828951
0.16948 0 0.83052
0.167948 0 0.832052
0.166451 0 0.833549
0.164989 0 0.835011
0.16356 0 0.83644
0.162163 0 0.837837
0.160798 0 0.839202
0.159462 0 0.840538
0.158157 0 0.841843
0.15688 0 0.84312
0.15563 0 0.84437
0.154409 0 0.845591
0.153213 0 0.846787
0.152043 0 0.847957
0.150899 0 0.849101
0.149778 0 0.850222
0.148681 0 0.851319
0.147606 0 0.852394
0.146555 0 0.853445
0.145525 0 0.854475
0.144517 0 0.855483
0.143529 0 0.856471
0.142561 0 0.857439
0.141613 0 0.858387
0.140686 0 0.859314
0.139776 0 0.860224
0.138884 0 0.861116
0.138011 0 0.861989
0.137155 0 0.862845
0.136316 0 0.863684
0.135495 0 0.864505
0.134689 0 0.865311
0.133899 0 0.866101
0.133125 0 0.866875
0.132366 0 0.867634
0.131647 0 0.868353
0.131743 0 0.868257
0.132958 0 0.867042
0.134202 0 0.865798
0.217794 0 0.782206
0.444982 0 0.555018
0.445281 0 0.554719
0.596987 0 0.403013
0.589841 0 0.410159
0.58242 0 0.41758
0.574832 0 0.425168
0.567397 0 0.432603
0.125274 0 0.874726
0.124863 0 0.875137
0.121172 0 0.878828
0.120789 0 0.879211
0.122687 0 0.877313
0.123306 0 0.876694
0.122937 0 0.877063
0.122577 0 0.877423
0.122225 0 0.877775
0.121998 0 0.878002
0.124156 0 0.875844
0.126398 0 0.873602
0.128588 0 0.871412
0.131009 0 0.868991
0.13353 0 0.86647
0.136156 0 0.863844
0.138895 0 0.861105
0.141751 0 0.858249
0.437459 0 0.562541
0.431676 0 0.568324
0.387526 0 0.612474
0.381523 0 0.618477
0.377822 0 0.622178
0.376052 0 0.623948
0.374506 0 0.625494
0.373001 0 0.626999
0.371498 0 0.628502
0.370028 0 0.629972
0.368584 0 0.631416
0.367281 0 0.632719
0.366258 0 0.633742
0.240125 0 0.759875
0.236341 0 0.763659
0.232684 0 0.767316
0.053832 0 0.946168
0.225732 0 0.774268
0.222424 0 0.777576
0.219222 0 0.780778
0.216121 0 0.783879
0.213116 0 0.786884
0.210204 0 0.789796
0.207379 0 0.792621
0.204639 0 0.795361
0.20198 0 0.79802
0.199399 0 0.800601
0.196891 0 0.803109
0.194456 0 0.805544
0.192088 0 0.807912
0.189786 0 0.810214
0.187547 0 0.812453
0.188055 0 0.811945
0.188873 0 0.811127
0.257505 0 0.742495
0.2871 0 0.7129
0.286173 0 0.713827
0.286935 0 0.713065
0.279046 0 0.720954
0.236763 0 0.763237
0.234753 0 0.765247
0.23281 0 0.76719
0.23011 0 0.769889
0.173858 0 0.826142
0.172221 0 0.827779
0.170623 0 0.829377
0.169062 0 0.830938
0.167538 0 0.832462
0.166049 0 0.833951
0.164593 0 0.835407
0.163171 0 0.836829
0.161781 0 0.838219
0.160422 0 0.839578
0.159093 0 0.840907
0.157793 0 0.842207
0.156522 0 0.843478
0.155279 0 0.844721
0.154063 0 0.845937
0.152873 0 0.847127
0.151708 0 0.848292
0.150568 0 0.849432
0.149452 0 0.850548
0.14836 0 0.85164
0.147291 0 0.852709
0.146244 0 0.853756
0.145218 0 0.854782
0.144214 0 0.855786
0.143231 0 0.856769
0.142267 0 0.857733
0.141324 0 0.858676
0.140399 0 0.859601
0.139493 0 0.860507
0.138606 0 0.861394
0.137736 0 0.862264
0.136883 0 0.863117
0.136048 0 0.863952
0.135229 0 0.864771
0.134427 0 0.865573
0.13364 0 0.86636
0.132869 0 0.867131
0.132113 0 0.867887
0.131671 0 0.868329
0.131722 0 0.868278
0.132936 0 0.867064
0.13418 0 0.86582
0.21661 0 0.78339
0.217268 0 0.782732
0.445079 0 0.554921
0.445293 0 0.554707
0.582423 0 0.417577
0.575238 0 0.424762
0.567687 0 0.432313
0.56041 0 0.43959
0.553323 0 0.446677
0.545698 0 0.454302
0.513273 0 0.486727
0.504615 0 0.495385
0.125306 0 0.874694
0.123551 0 0.876449
0.122507 0 0.877493
0.121414 0 0.878586
0.122652 0 0.877348
0.123336 0 0.876664
0.122968 0 0.877032
0.122608 0 0.877392
0.122256 0 0.877744
0.121959 0 0.87804
0.124116 0 0.875884
0.126356 0 0.873644
0.128544 0 0.871456
0.130964 0 0.869036
0.133483 0 0.866517
0.136107 0 0.863893
0.138843 0 0.861157
0.141698 0 0.858302
0.374829 0 0.625171
0.37239 0 0.62761
0.370632 0 0.629368
0.369088 0 0.630912
0.367569 0 0.632431
0.36606 0 0.63394
0.364608 0 0.635392
0.363166 0 0.636834
0.361916 0 0.638084
0.360859 0 0.639141
0.360027 0 0.639973
0.359198 0 0.640802
0.358408 0 0.641592
0.35761 0 0.64239
0.226484 0 0.773516
0.226936 0 0.773064
0.227401 0 0.772599
0.227878 0 0.772122
0.228369 0 0.771631
0.228872 0 0.771128
0.239219 0 0.760781
0.235463 0 0.764537
0.231833 0 0.768167
0.228325 0 0.771675
0.224931 0 0.775069
0.221647 0 0.778353
0.218468 0 0.781532
0.215388 0 0.784612
0.212404 0 0.787596
0.209511 0 0.790489
0.206705 0 0.793295
0.203983 0 0.796017
0.201341 0 0.798659
0.198776 0 0.801224
0.196285 0 0.803715
0.193863 0 0.806137
0.19151 0 0.80849
0.189222 0 0.810778
0.187236 0 0.812764
0.188039 0 0.811961
0.188858 0 0.811142
0.257507 0 0.742494
0.287172 0 0.712828
0.286181 0 0.713819
0.286924 0 0.713076
0.279139 0 0.720861
0.236841 0 0.763159
0.234745 0 0.765255
0.232834 0 0.767166
0.175088 0 0.824912
0.17342 0 0.82658
0.171792 0 0.828208
0.170201 0 0.829799
0.168649 0 0.831351
0.167132 0 0.832868
0.16565 0 0.83435
0.164202 0 0.835798
0.162786 0 0.837214
0.161402 0 0.838598
0.16005 0 0.83995
0.158727 0 0.841273
0.157434 0 0.842566
0.156168 0 0.843832
0.154931 0 0.845069
0.153721 0 0.846279
0.152535 0 0.847465
0.151376 0 0.848624
0.150241 0 0.849759
0.14913 0 0.85087
0.148043 0 0.851957
0.146978 0 0.853022
0.145936 0 0.854064
0.144915 0 0.855085
0.143915 0 0.856085
0.142936 0 0.857064
0.141976 0 0.858024
0.141036 0 0.858964
0.140116 0 0.859884
0.139213 0 0.860787
0.138329 0 0.861671
0.137463 0 0.862537
0.136614 0 0.863386
0.135782 0 0.864218
0.134967 0 0.865033
0.134167 0 0.865833
0.133384 0 0.866616
0.132616 0 0.867384
0.132025 0 0.867975
0.131698 0 0.868302
0.131702 0 0.868298
0.132915 0 0.867085
0.134159 0 0.865841
0.55776 0 0.44224
0.596692 0 0.403308
0.589397 0 0.410603
0.582318 0 0.417682
0.575459 0 0.424541
0.568367 0 0.431633
0.445184 0 0.554816
0.445313 0 0.554687
0.546831 0 0.453169
0.540043 0 0.459957
0.517372 0 0.482628
0.501255 0 0.498745
0.494624 0 0.505376
0.488148 0 0.511852
0.481854 0 0.518146
0.120406 0 0.879594
0.120004 0 0.879996
0.119675 0 0.880325
0.121474 0 0.878526
0.121324 0 0.878676
0.122619 0 0.877381
0.123369 0 0.876631
0.123 0 0.877
0.12264 0 0.87736
0.122287 0 0.877713
0.121943 0 0.878057
0.124077 0 0.875923
0.126317 0 0.873683
0.128503 0 0.871497
0.130921 0 0.869079
0.133438 0 0.866562
0.13606 0 0.86394
0.138793 0 0.861207
0.141646 0 0.858354
0.363958 0 0.636042
0.362419 0 0.637581
0.360929 0 0.639071
0.359476 0 0.640524
0.35804 0 0.64196
0.356856 0 0.643144
0.355785 0 0.644215
0.354918 0 0.645082
0.35407 0 0.64593
0.353253 0 0.646747
0.352431 0 0.647569
0.351652 0 0.648348
0.350861 0 0.649139
0.349488 0 0.650512
0.346883 0 0.653117
0.22651 0 0.77349
0.226972 0 0.773028
0.227448 0 0.772552
0.227937 0 0.772063
0.228438 0 0.771562
0.0532368 0 0.946763
0.0532917 0 0.946708
0.230992 0 0.769008
0.227509 0 0.772491
0.22414 0 0.77586
0.220879 0 0.779121
0.217722 0 0.782278
0.214663 0 0.785337
0.211699 0 0.788301
0.208825 0 0.791175
0.206038 0 0.793962
0.203333 0 0.796667
0.200708 0 0.799291
0.19816 0 0.80184
0.195683 0 0.804317
0.193277 0 0.806723
0.190939 0 0.809061
0.188664 0 0.811336
0.187224 0 0.812776
0.188026 0 0.811974
0.188845 0 0.811155
0.257413 0 0.742587
0.287319 0 0.712681
0.286193 0 0.713807
0.286916 0 0.713084
0.279235 0 0.720765
0.236923 0 0.763077
0.234826 0 0.765175
0.232861 0 0.767139
0.174646 0 0.825354
0.172986 0 0.827014
0.171366 0 0.828634
0.169784 0 0.830216
0.168239 0 0.831761
0.16673 0 0.83327
0.165255 0 0.834745
0.163814 0 0.836186
0.162405 0 0.837595
0.161028 0 0.838972
0.159681 0 0.840319
0.158365 0 0.841635
0.157078 0 0.842922
0.155818 0 0.844182
0.154587 0 0.845413
0.153381 0 0.846619
0.152202 0 0.847798
0.151047 0 0.848953
0.149917 0 0.850083
0.148812 0 0.851188
0.147729 0 0.852271
0.146668 0 0.853332
0.14563 0 0.85437
0.144614 0 0.855386
0.143618 0 0.856382
0.142643 0 0.857357
0.141688 0 0.858312
0.140752 0 0.859248
0.139835 0 0.860165
0.138936 0 0.861064
0.138056 0 0.861944
0.137193 0 0.862807
0.136348 0 0.863652
0.135519 0 0.864481
0.134707 0 0.865293
0.133911 0 0.866089
0.13313 0 0.86687
0.132389 0 0.867611
0.132053 0 0.867947
0.131725 0 0.868275
0.131684 0 0.868316
0.132897 0 0.867103
0.13414 0 0.86586
0.597029 0 0.402971
0.589704 0 0.410296
0.582582 0 0.417418
0.557948 0 0.442052
0.568888 0 0.431112
0.561968 0 0.438032
0.554648 0 0.445352
0.547619 0 0.452381
0.540681 0 0.459319
0.534015 0 0.465985
0.445297 0 0.554703
0.445344 0 0.554656
0.491475 0 0.508525
0.485116 0 0.514884
0.478874 0 0.521126
0.472783 0 0.527217
0.466391 0 0.533609
0.459336 0 0.540664
0.452554 0 0.547446
0.120439 0 0.879561
0.120037 0 0.879963
0.119688 0 0.880312
0.121444 0 0.878556
0.121334 0 0.878666
0.122587 0 0.877413
0.123402 0 0.876598
0.123034 0 0.876966
0.122673 0 0.877327
0.122321 0 0.877679
0.121976 0 0.878024
0.124041 0 0.875959
0.126279 0 0.873721
0.128463 0 0.871537
0.130879 0 0.869121
0.133395 0 0.866605
0.136014 0 0.863986
0.138899 0 0.861101
0.141752 0 0.858248
0.354598 0 0.645402
0.353139 0 0.646861
0.351979 0 0.648021
0.350957 0 0.649043
0.350069 0 0.649931
0.349199 0 0.650801
0.348368 0 0.651632
0.347521 0 0.652479
0.346591 0 0.653409
0.344794 0 0.655206
0.342356 0 0.657644
0.33981 0 0.66019
0.337279 0 0.662721
0.334796 0 0.665204
0.332396 0 0.667604
0.330038 0 0.669962
0.226549 0 0.773451
0.227022 0 0.772978
0.227509 0 0.772491
0.228009 0 0.771991
0.451382 0 0.548618
0.0529935 0 0.947007
0.0531055 0 0.946894
0.0532204 0 0.94678
0.0533387 0 0.946661
0.0534599 0 0.94654
0.220118 0 0.779882
0.216982 0 0.783018
0.213945 0 0.786055
0.211001 0 0.788999
0.208146 0 0.791854
0.205377 0 0.794623
0.20269 0 0.79731
0.200081 0 0.799919
0.197548 0 0.802452
0.195088 0 0.804912
0.192697 0 0.807303
0.190372 0 0.809628
0.188237 0 0.811763
0.187213 0 0.812787
0.188016 0 0.811984
0.188834 0 0.811166
0.257323 0 0.742677
0.287485 0 0.712515
0.28621 0 0.71379
0.286912 0 0.713088
0.279334 0 0.720666
0.237007 0 0.762993
0.234908 0 0.765092
0.23289 0 0.76711
0.17445 0 0.82555
0.172556 0 0.827444
0.170944 0 0.829056
0.169371 0 0.830629
0.167833 0 0.832167
0.166331 0 0.833669
0.164863 0 0.835137
0.163429 0 0.836571
0.162027 0 0.837973
0.160657 0 0.839343
0.159317 0 0.840683
0.158006 0 0.841994
0.156725 0 0.843275
0.155471 0 0.844529
0.154245 0 0.845755
0.153045 0 0.846955
0.151871 0 0.848129
0.150722 0 0.849278
0.149597 0 0.850403
0.148495 0 0.851505
0.147418 0 0.852582
0.146362 0 0.853638
0.145328 0 0.854672
0.144316 0 0.855684
0.143324 0 0.856676
0.142353 0 0.857647
0.141402 0 0.858598
0.14047 0 0.85953
0.139556 0 0.860443
0.138662 0 0.861338
0.137785 0 0.862215
0.136926 0 0.863074
0.136084 0 0.863916
0.135258 0 0.864742
0.134449 0 0.865551
0.133657 0 0.866343
0.132895 0 0.867105
0.132418 0 0.867582
0.132082 0 0.867918
0.131754 0 0.868246
0.131668 0 0.868332
0.13288 0 0.86712
0.134123 0 0.865877
0.590373 0 0.409627
0.583173 0 0.416827
0.57616 0 0.42384
0.569326 0 0.430674
0.562603 0 0.437397
0.555815 0 0.444185
0.548658 0 0.451342
0.216855 0 0.783145
0.534946 0 0.465054
0.528285 0 0.471715
0.518993 0 0.481007
0.495226 0 0.504774
0.488644 0 0.511356
0.482241 0 0.517759
0.445419 0 0.554581
0.445382 0 0.554618
0.464051 0 0.535949
0.457175 0 0.542825
0.450367 0 0.549633
0.443764 0 0.556236
0.437368 0 0.562632
0.430831 0 0.569169
0.42258 0 0.57742
0.120474 0 0.879526
0.120071 0 0.879929
0.119702 0 0.880298
0.121416 0 0.878584
0.123288 0 0.876712
0.122557 0 0.877443
0.123438 0 0.876562
0.123069 0 0.876931
0.122708 0 0.877292
0.122355 0 0.877645
0.122011 0 0.877989
0.124006 0 0.875994
0.126242 0 0.873758
0.128425 0 0.871575
0.13084 0 0.86916
0.133499 0 0.866501
0.136121 0 0.863879
0.138853 0 0.861147
0.141704 0 0.858296
0.346387 0 0.653613
0.345488 0 0.654512
0.143176 0 0.856824
0.343606 0 0.656394
0.342683 0 0.657317
0.340635 0 0.659365
0.338098 0 0.661902
0.335602 0 0.664398
0.333108 0 0.666892
0.330648 0 0.669352
0.328233 0 0.671767
0.325904 0 0.674096
0.323604 0 0.676396
0.321318 0 0.678682
0.319092 0 0.680908
0.316937 0 0.683063
0.314772 0 0.685228
0.226601 0 0.773399
0.227086 0 0.772914
0.227584 0 0.772416
0.0540354 0 0.945965
0.0529618 0 0.947038
0.0530735 0 0.946926
0.0531884 0 0.946812
0.0533064 0 0.946694
0.0534278 0 0.946572
0.219364 0 0.780636
0.21625 0 0.78375
0.213233 0 0.786767
0.210309 0 0.789691
0.207474 0 0.792526
0.204723 0 0.795277
0.202053 0 0.797947
0.199461 0 0.800539
0.196944 0 0.803056
0.194499 0 0.805501
0.192122 0 0.807878
0.189812 0 0.810188
0.188286 0 0.811714
0.187205 0 0.812795
0.188007 0 0.811993
0.188826 0 0.811174
0.257236 0 0.742764
0.287655 0 0.712345
0.28625 0 0.71375
0.286911 0 0.713089
0.279437 0 0.720563
0.23716 0 0.76284
0.234995 0 0.765005
0.232923 0 0.767078
0.174582 0 0.825418
0.172131 0 0.827869
0.170528 0 0.829472
0.168961 0 0.831039
0.167431 0 0.832569
0.165936 0 0.834064
0.164476 0 0.835524
0.163049 0 0.836951
0.161653 0 0.838347
0.160289 0 0.839711
0.158956 0 0.841044
0.157651 0 0.842349
0.156375 0 0.843625
0.155128 0 0.844872
0.153917 0 0.846083
0.152738 0 0.847262
0.151585 0 0.848415
0.150456 0 0.849544
0.149351 0 0.850649
0.148269 0 0.851731
0.147211 0 0.852789
0.146174 0 0.853826
0.145159 0 0.854841
0.144164 0 0.855836
0.143191 0 0.856809
0.142237 0 0.857763
0.141303 0 0.858697
0.140388 0 0.859612
0.139492 0 0.860508
0.138613 0 0.861387
0.137753 0 0.862247
0.136909 0 0.863091
0.136083 0 0.863917
0.135273 0 0.864727
0.134479 0 0.865521
0.133701 0 0.866299
0.132938 0 0.867062
0.13245 0 0.86755
0.132113 0 0.867887
0.131785 0 0.868215
0.131653 0 0.868347
0.132865 0 0.867135
0.134106 0 0.865894
0.576961 0 0.423039
0.570055 0 0.429945
0.339142 0 0.660858
0.338786 0 0.661214
0.338448 0 0.661552
0.338126 0 0.661874
0.337819 0 0.662181
0.529404 0 0.470596
0.522889 0 0.477111
0.21669 0 0.78331
0.216735 0 0.783265
0.485966 0 0.514035
0.479618 0 0.520382
0.47344 0 0.52656
0.467414 0 0.532586
0.461546 0 0.538454
0.455123 0 0.544877
0.44555 0 0.55445
0.441783 0 0.558217
0.435482 0 0.564518
0.429289 0 0.570711
0.417934 0 0.582066
0.416366 0 0.583634
0.414933 0 0.585067
0.413557 0 0.586443
0.412192 0 0.587808
0.12051 0 0.879489
0.120108 0 0.879892
0.119718 0 0.880282
0.121389 0 0.878611
0.12326 0 0.87674
0.122529 0 0.877471
0.123474 0 0.876526
0.123105 0 0.876895
0.122744 0 0.877256
0.122392 0 0.877608
0.122047 0 0.877953
0.123972 0 0.876028
0.126207 0 0.873793
0.128529 0 0.871471
0.130944 0 0.869056
0.133459 0 0.866541
0.136078 0 0.863922
0.138808 0 0.861192
0.141397 0 0.858603
0.338626 0 0.661374
0.336696 0 0.663303
0.143083 0 0.856917
0.331601 0 0.668399
0.329153 0 0.670847
0.32675 0 0.67325
0.324355 0 0.675645
0.322013 0 0.677987
0.319761 0 0.680239
0.317498 0 0.682502
0.315271 0 0.684729
0.313124 0 0.686876
0.311001 0 0.688999
0.264688 0 0.735312
0.262428 0 0.737572
0.260983 0 0.739017
0.257818 0 0.742182
0.255955 0 0.744045
0.226667 0 0.773333
0.227163 0 0.772837
0.452664 0 0.547336
0.0540498 0 0.94595
0.0529575 0 0.947042
0.0530693 0 0.946931
0.0531842 0 0.946816
0.0533022 0 0.946698
0.0534236 0 0.946576
0.218706 0 0.781294
0.215629 0 0.784371
0.212649 0 0.787351
0.209759 0 0.790241
0.206957 0 0.793043
0.204239 0 0.795761
0.2016 0 0.7984
0.199039 0 0.800961
0.196551 0 0.803449
0.194134 0 0.805866
0.191785 0 0.808215
0.1895 0 0.8105
0.188337 0 0.811663
0.187218 0 0.812782
0.188001 0 0.811999
0.188819 0 0.811181
0.257163 0 0.742837
0.287829 0 0.712171
0.286293 0 0.713707
0.286915 0 0.713085
0.279544 0 0.720456
0.237415 0 0.762585
0.235084 0 0.764916
0.232998 0 0.767002
0.174716 0 0.825284
0.171973 0 0.828027
0.170389 0 0.829611
0.168842 0 0.831158
0.16733 0 0.83267
0.165854 0 0.834146
0.164411 0 0.835589
0.163002 0 0.836998
0.161624 0 0.838376
0.160277 0 0.839723
0.158959 0 0.841041
0.157672 0 0.842328
0.156412 0 0.843588
0.15518 0 0.84482
0.153974 0 0.846026
0.152795 0 0.847205
0.151641 0 0.848359
0.150511 0 0.849489
0.149405 0 0.850595
0.148323 0 0.851677
0.147264 0 0.852736
0.146227 0 0.853773
0.145211 0 0.854789
0.144216 0 0.855784
0.143242 0 0.856758
0.142288 0 0.857712
0.141353 0 0.858647
0.140437 0 0.859563
0.139541 0 0.86046
0.138662 0 0.861338
0.137801 0 0.862199
0.136957 0 0.863043
0.13613 0 0.86387
0.135319 0 0.864681
0.134525 0 0.865475
0.133747 0 0.866253
0.132984 0 0.867016
0.132483 0 0.867517
0.132146 0 0.867854
0.131818 0 0.868182
0.13164 0 0.86836
0.132851 0 0.867149
0.134093 0 0.865907
0.544436 0 0.455564
0.117883 0 0.882117
0.11669 0 0.88331
0.115527 0 0.884473
0.114392 0 0.885608
0.113284 0 0.886716
0.112384 0 0.887616
0.11154 0 0.88846
0.110709 0 0.889291
0.109892 0 0.890108
0.109089 0 0.890911
0.108298 0 0.891702
0.107521 0 0.892479
0.106756 0 0.893244
0.106003 0 0.893997
0.105262 0 0.894738
0.427466 0 0.572534
0.421321 0 0.578679
0.412061 0 0.587939
0.410548 0 0.589452
0.121569 0 0.878431
0.407725 0 0.592275
0.406369 0 0.593631
0.405007 0 0.594993
0.403308 0 0.596692
0.401043 0 0.598957
0.120548 0 0.879452
0.120145 0 0.879855
0.119751 0 0.880249
0.121363 0 0.878637
0.12163 0 0.87837
0.121937 0 0.878063
0.123513 0 0.876487
0.123143 0 0.876857
0.122782 0 0.877218
0.122429 0 0.877571
0.122084 0 0.877916
0.12394 0 0.87606
0.126173 0 0.873827
0.128494 0 0.871506
0.130908 0 0.869092
0.133421 0 0.866579
0.135787 0 0.864213
0.136009 0 0.863991
0.135265 0 0.864735
0.13482 0 0.86518
0.137359 0 0.862641
0.143109 0 0.856891
0.318375 0 0.681625
0.316118 0 0.683882
0.313904 0 0.686096
0.311695 0 0.688305
0.30953 0 0.69047
0.307429 0 0.692571
0.30536 0 0.69464
0.265866 0 0.734134
0.262232 0 0.737768
0.259632 0 0.740368
0.258335 0 0.741665
0.256094 0 0.743906
0.254013 0 0.745987
0.250526 0 0.749474
0.247192 0 0.752808
0.245144 0 0.754856
0.227054 0 0.772946
0.377071 0 0.622929
0.373945 0 0.626055
0.373522 0 0.626478
0.0540649 0 0.945935
0.0529538 0 0.947046
0.0530657 0 0.946934
0.0531806 0 0.946819
0.0532986 0 0.946701
0.0534201 0 0.94658
0.218817 0 0.781183
0.215738 0 0.784262
0.212755 0 0.787245
0.209863 0 0.790137
0.207058 0 0.792942
0.204338 0 0.795662
0.201697 0 0.798303
0.199134 0 0.800866
0.196644 0 0.803356
0.194224 0 0.805776
0.191874 0 0.808126
0.189588 0 0.810412
0.188391 0 0.811609
0.187271 0 0.812729
0.187997 0 0.812003
0.188815 0 0.811185
0.257157 0 0.742843
0.288008 0 0.711992
0.28634 0 0.71366
0.286921 0 0.713079
0.279654 0 0.720346
0.237674 0 0.762326
0.235176 0 0.764824
0.233215 0 0.766785
0.174852 0 0.825148
0.172044 0 0.827956
0.170459 0 0.829541
0.16891 0 0.83109
0.167398 0 0.832602
0.165921 0 0.834079
0.164478 0 0.835522
0.163067 0 0.836933
0.161688 0 0.838312
0.16034 0 0.83966
0.159022 0 0.840978
0.157733 0 0.842267
0.156473 0 0.843527
0.15524 0 0.84476
0.154034 0 0.845966
0.152853 0 0.847147
0.151698 0 0.848302
0.150568 0 0.849432
0.149462 0 0.850538
0.148379 0 0.851621
0.147319 0 0.852681
0.146281 0 0.853719
0.145265 0 0.854735
0.144269 0 0.855731
0.143295 0 0.856705
0.14234 0 0.85766
0.141405 0 0.858595
0.140489 0 0.859511
0.139591 0 0.860409
0.138712 0 0.861288
0.13785 0 0.86215
0.137006 0 0.862994
0.136179 0 0.863822
0.135368 0 0.864632
0.134573 0 0.865427
0.133794 0 0.866206
0.133031 0 0.866969
0.132517 0 0.867483
0.132181 0 0.867819
0.131852 0 0.868148
0.131628 0 0.868372
0.132839 0 0.867161
0.13408 0 0.86592
0.118805 0 0.881195
0.117588 0 0.882412
0.116401 0 0.883599
0.115244 0 0.884756
0.114115 0 0.885885
0.113013 0 0.886987
0.111937 0 0.888063
0.110887 0 0.889113
0.109861 0 0.890139
0.10886 0 0.89114
0.107881 0 0.892119
0.106925 0 0.893075
0.105991 0 0.894009
0.105078 0 0.894922
0.104185 0 0.895815
0.103312 0 0.896688
0.102459 0 0.897541
0.101625 0 0.898375
0.100808 0 0.899192
0.10001 0 0.89999
0.0992287 0 0.900771
0.0984645 0 0.901536
0.097716 0 0.902284
0.0969839 0 0.903016
0.0962672 0 0.903733
0.0955653 0 0.904435
0.0948783 0 0.905122
0.094205 0 0.905795
0.0935466 0 0.906453
0.0929008 0 0.907099
0.0922688 0 0.907731
0.0916502 0 0.90835
0.0910435 0 0.908956
0.0904493 0 0.909551
0.0898665 0 0.910134
0.0892963 0 0.910704
0.0887374 0 0.911263
0.0881893 0 0.911811
0.0876519 0 0.912348
0.0871258 0 0.912874
0.0866094 0 0.913391
0.086104 0 0.913896
0.0856079 0 0.914392
0.0851217 0 0.914878
0.0846454 0 0.915355
0.0841788 0 0.915821
0.0837202 0 0.91628
0.0832717 0 0.916728
0.0828311 0 0.917169
0.0823996 0 0.9176
0.0819757 0 0.918024
0.0815608 0 0.918439
0.081154 0 0.918846
0.0807551 0 0.919245
0.0803634 0 0.919637
0.0799802 0 0.92002
0.079604 0 0.920396
0.0792346 0 0.920765
0.0788735 0 0.921126
0.0785184 0 0.921482
0.0781706 0 0.921829
0.0778301 0 0.92217
0.077496 0 0.922504
0.0775287 0 0.922471
0.078202 0 0.921798
0.424829 0 0.575171
0.416339 0 0.583661
0.394684 0 0.605316
0.374291 0 0.625709
0.371687 0 0.628313
0.369157 0 0.630843
0.365337 0 0.634663
0.0540808 0 0.945919
0.052958 0 0.947042
0.0530796 0 0.94692
0.0532043 0 0.946796
0.0533326 0 0.946667
0.053464 0 0.946536
0.218931 0 0.781069
0.215849 0 0.784151
0.212863 0 0.787137
0.209969 0 0.790031
0.207162 0 0.792838
0.20444 0 0.79556
0.201797 0 0.798203
0.199231 0 0.800769
0.196739 0 0.803261
0.194318 0 0.805682
0.191965 0 0.808035
0.189678 0 0.810322
0.188447 0 0.811553
0.187327 0 0.812673
0.187995 0 0.812005
0.188813 0 0.811187
0.257154 0 0.742846
0.302117 0 0.697883
0.28819 0 0.71181
0.28639 0 0.71361
0.28693 0 0.71307
0.279768 0 0.720232
0.237938 0 0.762062
0.235301 0 0.764699
0.233447 0 0.766553
0.174993 0 0.825007
0.172117 0 0.827883
0.170531 0 0.829469
0.168982 0 0.831018
0.167468 0 0.832532
0.16599 0 0.83401
0.164546 0 0.835454
0.163134 0 0.836866
0.161754 0 0.838246
0.160405 0 0.839595
0.159086 0 0.840914
0.157797 0 0.842203
0.156536 0 0.843464
0.155302 0 0.844698
0.154095 0 0.845905
0.152914 0 0.847086
0.151759 0 0.848241
0.150628 0 0.849372
0.149521 0 0.850479
0.148437 0 0.851563
0.147376 0 0.852624
0.146338 0 0.853662
0.145321 0 0.854679
0.144325 0 0.855675
0.14335 0 0.85665
0.142394 0 0.857606
0.141459 0 0.858541
0.140542 0 0.859458
0.139644 0 0.860356
0.138764 0 0.861236
0.137902 0 0.862098
0.137057 0 0.862943
0.136229 0 0.863771
0.135418 0 0.864582
0.134623 0 0.865377
0.133844 0 0.866156
0.13308 0 0.86692
0.132553 0 0.867447
0.132217 0 0.867783
0.131888 0 0.868112
0.131618 0 0.868382
0.132829 0 0.867171
0.134069 0 0.865931
0.118507 0 0.881493
0.117297 0 0.882703
0.116116 0 0.883884
0.114964 0 0.885036
0.113841 0 0.886159
0.112744 0 0.887256
0.111674 0 0.888326
0.110629 0 0.889371
0.109608 0 0.890392
0.108611 0 0.891389
0.107637 0 0.892363
0.106686 0 0.893314
0.105756 0 0.894244
0.104847 0 0.895153
0.103958 0 0.896042
0.103089 0 0.896911
0.10224 0 0.89776
0.101409 0 0.898591
0.100596 0 0.899404
0.0998012 0 0.900199
0.0990232 0 0.900977
0.0982622 0 0.901738
0.097517 0 0.902483
0.0967881 0 0.903212
0.0960744 0 0.903926
0.0953756 0 0.904624
0.0946909 0 0.905309
0.0940213 0 0.905979
0.0933652 0 0.906635
0.0927223 0 0.907278
0.0920925 0 0.907907
0.0914761 0 0.908524
0.0908715 0 0.909128
0.0902801 0 0.90972
0.0897001 0 0.9103
0.0891314 0 0.910869
0.0885744 0 0.911426
0.0880283 0 0.911972
0.0874936 0 0.912506
0.0869695 0 0.913031
0.086455 0 0.913545
0.0859515 0 0.914048
0.0854573 0 0.914543
0.0849731 0 0.915027
0.0844986 0 0.915501
0.0840331 0 0.915967
0.0835763 0 0.916424
0.083129 0 0.916871
0.0826902 0 0.91731
0.0822597 0 0.91774
0.0818383 0 0.918162
0.0814244 0 0.918576
0.0810193 0 0.918981
0.0806215 0 0.919379
0.0802315 0 0.919769
0.0798493 0 0.920151
0.0794741 0 0.920526
0.0791064 0 0.920894
0.0787463 0 0.921254
0.0783928 0 0.921607
0.0780466 0 0.921953
0.0777063 0 0.922294
0.0773739 0 0.922626
0.077047 0 0.922953
0.0775608 0 0.922439
0.0782381 0 0.921762
0.368954 0 0.631046
0.365375 0 0.634625
0.0559492 0 0.944051
0.054278 0 0.945722
0.0527049 0 0.947295
0.0523097 0 0.94769
0.0523969 0 0.947603
0.0524869 0 0.947513
0.0525797 0 0.94742
0.0526753 0 0.947325
0.0527738 0 0.947226
0.0528748 0 0.947125
0.0529791 0 0.947021
0.053086 0 0.946914
0.0531958 0 0.946804
0.0533085 0 0.946691
0.0534244 0 0.946576
0.0535435 0 0.946456
0.0536653 0 0.946335
0.05379 0 0.94621
0.204544 0 0.795456
0.201899 0 0.798101
0.199331 0 0.800669
0.196837 0 0.803163
0.194414 0 0.805586
0.192059 0 0.807941
0.18977 0 0.81023
0.188506 0 0.811494
0.187385 0 0.812615
0.187996 0 0.812004
0.188814 0 0.811186
0.257155 0 0.742845
0.280463 0 0.719537
0.276772 0 0.723228
0.27352 0 0.72648
0.270371 0 0.729629
0.26827 0 0.73173
0.266804 0 0.733196
0.238204 0 0.761796
0.23545 0 0.764549
0.233594 0 0.766406
0.230935 0 0.769065
0.172193 0 0.827807
0.170605 0 0.829395
0.169055 0 0.830945
0.167541 0 0.832459
0.166061 0 0.833939
0.164616 0 0.835384
0.163203 0 0.836797
0.161823 0 0.838177
0.160473 0 0.839527
0.159153 0 0.840847
0.157863 0 0.842137
0.156601 0 0.843399
0.155366 0 0.844634
0.154158 0 0.845842
0.152977 0 0.847023
0.15182 0 0.84818
0.150689 0 0.849311
0.149581 0 0.850419
0.148497 0 0.851503
0.147436 0 0.852564
0.146396 0 0.853604
0.145379 0 0.854621
0.144382 0 0.855618
0.143406 0 0.856594
0.14245 0 0.85755
0.141514 0 0.858486
0.140597 0 0.859403
0.139698 0 0.860302
0.138818 0 0.861182
0.137955 0 0.862045
0.13711 0 0.86289
0.136281 0 0.863719
0.13547 0 0.86453
0.134674 0 0.865326
0.133894 0 0.866106
0.13313 0 0.86687
0.132591 0 0.867409
0.132254 0 0.867746
0.131926 0 0.868074
0.131609 0 0.868391
0.13282 0 0.86718
0.13406 0 0.86594
0.118212 0 0.881788
0.117008 0 0.882992
0.115834 0 0.884166
0.114688 0 0.885312
0.11357 0 0.88643
0.112479 0 0.887522
0.111413 0 0.888587
0.110373 0 0.889627
0.109357 0 0.890643
0.108364 0 0.891636
0.107395 0 0.892605
0.106448 0 0.893552
0.105523 0 0.894477
0.104618 0 0.895382
0.103733 0 0.896267
0.102868 0 0.897132
0.102023 0 0.897977
0.101196 0 0.898804
0.100387 0 0.899613
0.099595 0 0.900405
0.0988204 0 0.90118
0.0980625 0 0.901937
0.0973206 0 0.902679
0.096594 0 0.903406
0.0958834 0 0.904117
0.0951878 0 0.904812
0.0945061 0 0.905494
0.0938388 0 0.906161
0.0931849 0 0.906815
0.092545 0 0.907455
0.091918 0 0.908082
0.0913038 0 0.908696
0.090702 0 0.909298
0.090112 0 0.909888
0.0895348 0 0.910465
0.088968 0 0.911032
0.0884131 0 0.911587
0.0878697 0 0.91213
0.0873364 0 0.912664
0.0868141 0 0.913186
0.0863024 0 0.913698
0.0858001 0 0.9142
0.0853078 0 0.914692
0.0848254 0 0.915175
0.084352 0 0.915648
0.0838883 0 0.916112
0.0834342 0 0.916566
0.0829879 0 0.917012
0.0825508 0 0.917449
0.0821222 0 0.917878
0.0817019 0 0.918298
0.0812898 0 0.91871
0.0808856 0 0.919114
0.0804895 0 0.91951
0.0801005 0 0.919899
0.0797193 0 0.920281
0.0793458 0 0.920654
0.0789798 0 0.92102
0.0786206 0 0.921379
0.078268 0 0.921732
0.0779228 0 0.922077
0.0775841 0 0.922416
0.0772526 0 0.922747
0.0769267 0 0.923073
0.0769312 0 0.923069
0.0775976 0 0.922402
0.23159 0 0.76841
0.056841 0 0.943159
0.0551154 0 0.944885
0.0534929 0 0.946507
0.0520343 0 0.947966
0.0521182 0 0.947882
0.0522048 0 0.947795
0.052294 0 0.947706
0.0523863 0 0.947614
0.0524811 0 0.947519
0.0525788 0 0.947421
0.0526792 0 0.947321
0.0527823 0 0.947218
0.0528888 0 0.947111
0.0529975 0 0.947003
0.0531096 0 0.94689
0.0532246 0 0.946775
0.0533425 0 0.946657
0.0534634 0 0.946537
0.0535876 0 0.946412
0.0537145 0 0.946285
0.202003 0 0.797997
0.199433 0 0.800567
0.196937 0 0.803063
0.194512 0 0.805488
0.192155 0 0.807845
0.189864 0 0.810136
0.188567 0 0.811433
0.187445 0 0.812555
0.188061 0 0.811939
0.189098 0 0.810902
0.257159 0 0.742841
0.25866 0 0.74134
0.255845 0 0.744155
0.252523 0 0.747477
0.249504 0 0.750496
0.247189 0 0.752811
0.245262 0 0.754738
0.238473 0 0.761527
0.235602 0 0.764398
0.233744 0 0.766256
0.231156 0 0.768844
0.17227 0 0.82773
0.170681 0 0.829319
0.16913 0 0.83087
0.167615 0 0.832385
0.166134 0 0.833866
0.164688 0 0.835312
0.163274 0 0.836726
0.161893 0 0.838107
0.160542 0 0.839458
0.159221 0 0.840779
0.15793 0 0.84207
0.156667 0 0.843333
0.155432 0 0.844568
0.154224 0 0.845776
0.153041 0 0.846959
0.151884 0 0.848116
0.150752 0 0.849248
0.149643 0 0.850357
0.148558 0 0.851442
0.147496 0 0.852504
0.146456 0 0.853544
0.145438 0 0.854562
0.144441 0 0.855559
0.143465 0 0.856535
0.142508 0 0.857492
0.141571 0 0.858429
0.140653 0 0.859347
0.139754 0 0.860246
0.138873 0 0.861127
0.13801 0 0.86199
0.137164 0 0.862836
0.136335 0 0.863665
0.135523 0 0.864477
0.134727 0 0.865273
0.133947 0 0.866053
0.133182 0 0.866818
0.132631 0 0.867369
0.132294 0 0.867706
0.131965 0 0.868035
0.131645 0 0.868355
0.132944 0 0.867056
0.119148 0 0.880852
0.11792 0 0.88208
0.116722 0 0.883278
0.115553 0 0.884447
0.114413 0 0.885587
0.113301 0 0.886699
0.112214 0 0.887786
0.111154 0 0.888846
0.11012 0 0.88988
0.109109 0 0.890891
0.108121 0 0.891879
0.107156 0 0.892844
0.106213 0 0.893787
0.105292 0 0.894708
0.104392 0 0.895608
0.103511 0 0.896489
0.10265 0 0.89735
0.101807 0 0.898193
0.100984 0 0.899016
0.100179 0 0.899821
0.0993901 0 0.90061
0.0986188 0 0.901381
0.0978642 0 0.902136
0.0971253 0 0.902875
0.0964026 0 0.903597
0.0956944 0 0.904306
0.0950011 0 0.904999
0.0943224 0 0.905678
0.093658 0 0.906342
0.0930071 0 0.906993
0.0923693 0 0.907631
0.0917453 0 0.908255
0.0911332 0 0.908867
0.0905337 0 0.909466
0.0899464 0 0.910054
0.0893705 0 0.91063
0.0888066 0 0.911193
0.0882544 0 0.911746
0.0877122 0 0.912288
0.0871815 0 0.912818
0.0866605 0 0.913339
0.0861507 0 0.913849
0.0856503 0 0.91435
0.0851599 0 0.91484
0.0846794 0 0.915321
0.084208 0 0.915792
0.0837461 0 0.916254
0.083293 0 0.916707
0.0828485 0 0.917152
0.0824133 0 0.917587
0.0819857 0 0.918014
0.0815671 0 0.918433
0.081156 0 0.918844
0.0807537 0 0.919246
0.0803585 0 0.919641
0.0799712 0 0.920029
0.0795917 0 0.920408
0.0792192 0 0.920781
0.0788541 0 0.921146
0.0784958 0 0.921504
0.078145 0 0.921855
0.0778007 0 0.922199
0.0774636 0 0.922536
0.0771322 0 0.922868
0.0768079 0 0.923192
0.0765682 0 0.923432
0.0774842 0 0.922516
0.227654 0 0.772346
0.226357 0 0.773643
 ] }
}
