# Real Time: 1109.89
# Simulation Time: 40.77
# Radar Position: 917.614 -343.304 0.467115
# Radar Quat: 0.0066953 0.00115494 0.571237 0.820757
PointSet {
 coord Coordinate { point [
926.834 -400.683 2.34052
926.872 -398.46 2.26693
927.21 -398.122 2.25483
927.545 -397.788 2.24291
927.929 -397.732 2.24012
928.324 -397.732 2.23921
928.72 -397.732 2.23835
929.117 -397.732 2.23754
929.515 -397.732 2.23679
929.915 -397.732 2.23609
930.316 -397.732 2.23545
919.253 -350.152 0.691994
919.293 -350.108 0.690504
919.341 -350.093 0.689956
919.388 -350.078 0.689416
919.435 -350.063 0.688884
919.483 -350.048 0.688359
919.53 -350.033 0.687842
919.577 -350.018 0.687332
919.624 -350.003 0.68683
919.671 -349.988 0.686335
919.719 -349.973 0.685847
919.766 -349.958 0.685367
919.813 -349.943 0.684893
919.874 -349.969 0.685758
919.982 -350.127 0.6909
919.955 -349.899 0.683568
920 -349.877 0.682898
920.047 -349.862 0.68246
920.094 -349.847 0.68203
920.142 -349.832 0.681606
920.189 -349.817 0.68119
920.236 -349.802 0.68078
920.284 -349.787 0.680377
920.331 -349.772 0.679981
920.379 -349.757 0.679592
920.427 -349.742 0.679209
920.474 -349.727 0.678833
920.529 -349.727 0.678978
920.668 -349.909 0.685021
923.294 -355.38 0.863426
923.387 -355.358 0.862976
923.48 -355.335 0.862539
926.834 -400.694 2.13746
926.871 -398.462 2.07123
927.209 -398.124 2.0601
927.543 -397.789 2.04912
927.927 -397.732 2.04624
928.322 -397.732 2.04506
928.718 -397.732 2.04393
929.115 -397.732 2.04284
929.513 -397.732 2.04179
929.913 -397.732 2.04079
930.314 -397.732 2.03984
919.252 -350.151 0.667032
919.293 -350.107 0.665665
919.34 -350.092 0.665128
919.388 -350.077 0.664597
919.435 -350.062 0.664073
919.482 -350.047 0.663555
919.529 -350.032 0.663044
919.577 -350.017 0.662538
919.624 -350.002 0.662039
919.671 -349.987 0.661547
919.718 -349.972 0.66106
919.765 -349.957 0.660579
919.812 -349.942 0.660105
919.874 -349.968 0.660819
919.981 -350.126 0.665312
919.955 -349.899 0.658758
919.999 -349.877 0.658111
920.047 -349.862 0.657666
920.094 -349.847 0.657226
920.141 -349.832 0.656793
920.189 -349.817 0.656365
920.236 -349.802 0.655943
920.283 -349.787 0.655526
920.331 -349.772 0.655115
920.379 -349.756 0.65471
920.426 -349.741 0.65431
920.474 -349.726 0.653915
920.529 -349.727 0.653982
920.667 -349.908 0.659244
923.293 -355.379 0.816452
923.386 -355.357 0.815933
923.48 -355.335 0.815424
926.834 -400.706 1.9344
926.869 -398.463 1.87557
927.207 -398.125 1.8654
927.542 -397.791 1.85537
927.925 -397.732 1.8524
928.32 -397.732 1.85096
928.716 -397.732 1.84955
929.113 -397.732 1.84818
929.511 -397.732 1.84685
929.911 -397.732 1.84554
930.312 -397.732 1.84428
919.252 -350.15 0.642083
919.293 -350.107 0.640835
919.34 -350.092 0.640309
919.387 -350.077 0.639788
919.434 -350.062 0.639272
919.482 -350.047 0.638761
919.529 -350.032 0.638255
919.576 -350.017 0.637755
919.623 -350.002 0.637259
919.671 -349.987 0.636768
919.718 -349.972 0.636282
919.765 -349.957 0.635801
919.812 -349.942 0.635325
919.873 -349.968 0.635888
919.981 -350.126 0.639734
919.954 -349.898 0.633959
919.263 -347.849 0.582722
920.046 -349.861 0.632881
920.094 -349.846 0.632433
920.14 -349.829 0.631921
920.187 -349.814 0.631493
920.235 -349.799 0.631068
920.282 -349.785 0.630649
920.33 -349.77 0.630234
920.378 -349.756 0.629838
920.426 -349.741 0.629421
920.473 -349.726 0.629008
920.528 -349.727 0.628995
920.667 -349.908 0.633478
923.292 -355.379 0.769494
923.385 -355.357 0.768906
923.479 -355.334 0.768325
926.834 -400.718 1.73127
926.868 -398.465 1.67992
927.206 -398.127 1.67072
927.54 -397.792 1.66164
927.923 -397.732 1.65859
928.318 -397.732 1.65689
928.714 -397.732 1.65521
929.111 -397.732 1.65356
929.509 -397.732 1.65193
929.909 -397.732 1.65032
930.31 -397.732 1.64874
919.251 -350.149 0.617142
919.292 -350.106 0.616013
919.339 -350.091 0.615498
919.387 -350.076 0.614986
919.428 -350.037 0.613953
919.475 -350.022 0.613459
919.522 -350.008 0.612968
919.569 -349.993 0.612481
919.616 -349.978 0.611998
919.663 -349.964 0.611519
919.717 -349.971 0.611512
919.764 -349.956 0.611031
919.812 -349.941 0.610553
919.873 -349.968 0.610964
919.98 -350.125 0.614165
919.954 -349.897 0.609168
919.262 -347.847 0.565443
920.046 -349.861 0.608103
920.093 -349.846 0.607647
920.13 -349.804 0.606621
920.177 -349.789 0.606181
920.225 -349.775 0.605744
920.272 -349.76 0.605311
920.319 -349.746 0.60488
920.378 -349.756 0.604973
920.425 -349.74 0.604539
920.473 -349.725 0.604107
920.528 -349.726 0.604015
920.666 -349.907 0.607719
923.291 -355.379 0.722545
923.384 -355.356 0.721889
923.478 -355.334 0.721237
926.834 -400.728 1.52808
926.866 -398.466 1.48431
927.204 -398.128 1.47607
927.539 -397.794 1.46793
927.921 -397.732 1.46481
928.316 -397.732 1.46285
928.712 -397.732 1.4609
929.109 -397.732 1.45897
929.508 -397.732 1.45705
929.907 -397.732 1.45514
930.308 -397.732 1.45325
919.251 -350.149 0.592211
919.292 -350.106 0.5912
919.339 -350.091 0.590695
919.386 -350.076 0.590192
919.42 -350.011 0.58881
919.467 -349.997 0.588323
919.514 -349.982 0.587839
919.561 -349.968 0.587357
919.608 -349.953 0.586878
919.655 -349.939 0.586401
919.717 -349.971 0.586751
919.764 -349.956 0.586269
919.811 -349.941 0.58579
919.873 -349.967 0.586048
919.98 -350.125 0.588603
919.953 -349.897 0.584385
919.998 -349.875 0.583802
920.045 -349.86 0.583334
920.093 -349.845 0.582869
920.12 -349.779 0.581514
920.167 -349.765 0.581063
920.214 -349.75 0.580614
920.262 -349.736 0.580167
920.309 -349.721 0.579721
920.377 -349.755 0.580118
920.425 -349.74 0.579666
920.472 -349.725 0.579215
920.527 -349.726 0.579044
920.666 -349.907 0.581969
923.29 -355.378 0.67561
923.384 -355.356 0.674884
923.477 -355.334 0.674161
926.834 -400.74 1.32486
926.865 -398.468 1.28871
927.203 -398.13 1.28143
927.537 -397.795 1.27424
927.92 -397.732 1.27107
928.314 -397.732 1.26885
928.71 -397.732 1.26663
929.107 -397.732 1.26442
929.506 -397.732 1.2622
929.905 -397.732 1.25999
930.306 -397.732 1.25778
919.251 -350.148 0.56729
919.291 -350.105 0.566394
919.339 -350.09 0.5659
919.386 -350.075 0.565407
919.418 -350.004 0.564109
919.465 -349.989 0.563623
919.512 -349.974 0.563138
919.559 -349.959 0.562655
919.605 -349.944 0.562174
919.653 -349.933 0.561737
919.716 -349.97 0.561997
919.764 -349.955 0.561515
919.811 -349.94 0.561034
919.872 -349.967 0.561138
919.979 -350.124 0.56305
919.953 -349.896 0.559612
919.998 -349.875 0.559048
919.294 -347.834 0.530649
920.092 -349.845 0.558099
920.118 -349.775 0.556879
920.165 -349.761 0.55641
920.212 -349.746 0.555942
920.259 -349.731 0.555475
920.306 -349.716 0.555008
920.376 -349.755 0.555269
920.424 -349.74 0.5548
920.472 -349.724 0.554331
920.527 -349.725 0.554079
920.665 -349.906 0.556228
923.29 -355.378 0.628686
923.383 -355.356 0.627891
923.476 -355.333 0.627096
926.834 -400.75 1.12157
926.863 -398.469 1.09312
927.201 -398.131 1.08681
927.536 -397.797 1.08056
927.918 -397.732 1.07735
928.313 -397.732 1.07487
928.709 -397.732 1.07237
929.106 -397.732 1.06988
929.504 -397.732 1.06737
929.903 -397.732 1.06486
930.304 -397.732 1.06234
919.25 -350.147 0.542376
919.291 -350.105 0.541594
919.338 -350.09 0.54111
919.386 -350.075 0.540627
919.418 -350.003 0.539541
919.465 -349.988 0.539062
919.511 -349.974 0.538583
919.558 -349.959 0.538105
919.605 -349.944 0.537626
919.653 -349.932 0.537182
919.716 -349.97 0.537249
919.763 -349.955 0.536767
919.81 -349.94 0.536284
919.872 -349.967 0.536232
919.979 -350.124 0.537503
919.952 -349.896 0.534845
919.997 -349.874 0.5343
920.044 -349.859 0.533817
920.092 -349.844 0.533334
920.118 -349.775 0.532309
920.165 -349.76 0.531829
920.212 -349.745 0.531348
920.259 -349.73 0.530868
920.306 -349.715 0.530386
920.376 -349.754 0.530427
920.424 -349.739 0.52994
920.471 -349.724 0.529453
920.526 -349.725 0.52912
920.665 -349.906 0.530492
923.289 -355.378 0.581769
923.382 -355.355 0.580905
923.476 -355.333 0.580039
926.834 -400.761 0.918207
926.862 -398.471 0.897531
927.2 -398.133 0.892182
927.534 -397.798 0.886875
927.928 -397.795 0.884117
928.324 -397.797 0.881389
928.721 -397.8 0.878644
929.119 -397.803 0.875882
929.518 -397.806 0.873102
929.919 -397.808 0.870303
930.321 -397.811 0.867486
919.25 -350.146 0.517469
919.291 -350.104 0.516799
919.338 -350.089 0.516326
919.385 -350.074 0.515852
919.417 -350.003 0.514978
919.464 -349.988 0.514506
919.511 -349.973 0.514033
919.558 -349.958 0.513559
919.605 -349.943 0.513084
919.652 -349.932 0.512631
919.716 -349.969 0.512506
919.763 -349.954 0.512023
919.81 -349.939 0.511539
919.871 -349.966 0.511331
919.979 -350.123 0.511961
919.952 -349.895 0.510085
919.997 -349.874 0.509557
920.044 -349.859 0.509067
920.091 -349.844 0.508575
920.117 -349.775 0.507743
920.164 -349.76 0.507252
920.211 -349.745 0.50676
920.258 -349.73 0.506266
920.305 -349.715 0.50577
920.376 -349.754 0.50559
920.423 -349.739 0.505086
920.471 -349.723 0.50458
920.526 -349.725 0.504165
920.664 -349.906 0.504762
923.288 -355.377 0.534858
923.381 -355.355 0.533926
923.475 -355.332 0.532988
926.834 -400.772 0.714776
926.86 -398.472 0.701933
927.198 -398.134 0.697547
927.567 -397.985 0.693953
927.963 -397.988 0.690972
928.36 -397.991 0.687963
928.759 -397.994 0.684927
929.158 -397.997 0.681863
929.559 -398 0.678771
929.961 -398.003 0.67565
930.364 -398.006 0.672499
919.249 -350.146 0.492568
919.29 -350.104 0.492008
919.338 -350.089 0.491545
919.385 -350.074 0.491081
919.417 -350.002 0.490419
919.464 -349.987 0.489954
919.511 -349.973 0.489487
919.557 -349.958 0.489017
919.604 -349.943 0.488545
919.652 -349.932 0.488082
919.715 -349.969 0.487766
919.762 -349.954 0.487283
919.81 -349.939 0.486798
919.871 -349.966 0.486432
919.978 -350.123 0.486423
919.951 -349.894 0.485329
919.996 -349.874 0.484818
920.044 -349.859 0.48432
920.091 -349.844 0.48382
920.117 -349.774 0.483182
920.164 -349.759 0.48268
920.211 -349.744 0.482175
920.258 -349.729 0.481667
920.305 -349.714 0.481156
920.375 -349.753 0.480756
920.423 -349.738 0.480235
920.47 -349.723 0.479711
920.525 -349.724 0.479214
920.664 -349.905 0.479035
923.287 -355.377 0.487951
923.381 -355.354 0.48695
923.474 -355.332 0.485941
926.834 -400.782 0.511273
926.859 -398.474 0.506331
927.204 -398.176 0.502935
927.6 -398.179 0.499717
927.998 -398.182 0.496461
928.397 -398.186 0.493168
928.797 -398.189 0.489837
929.198 -398.192 0.486467
929.6 -398.196 0.483059
930.004 -398.199 0.47961
930.409 -398.203 0.476122
919.249 -350.145 0.467673
919.29 -350.103 0.467221
919.337 -350.088 0.466769
919.385 -350.073 0.466314
919.417 -350.002 0.465864
919.463 -349.987 0.465406
919.51 -349.972 0.464944
919.557 -349.957 0.464479
919.604 -349.942 0.464011
919.652 -349.931 0.463537
919.715 -349.968 0.463031
919.762 -349.953 0.462548
919.809 -349.938 0.462062
919.871 -349.966 0.461537
919.978 -350.122 0.460889
919.951 -349.894 0.460579
919.996 -349.873 0.460083
920.043 -349.858 0.459578
920.09 -349.843 0.459068
920.116 -349.774 0.458624
920.163 -349.759 0.458111
920.21 -349.744 0.457594
920.257 -349.729 0.457073
920.304 -349.714 0.456548
920.375 -349.753 0.455927
920.422 -349.738 0.455389
920.47 -349.723 0.454846
920.525 -349.724 0.454266
920.663 -349.905 0.453314
923.286 -355.376 0.441049
923.38 -355.354 0.439979
923.473 -355.332 0.438899
926.834 -400.792 0.307703
926.858 -398.475 0.310723
927.237 -398.371 0.307587
927.635 -398.375 0.304101
928.034 -398.378 0.300568
928.434 -398.382 0.296986
928.835 -398.385 0.293356
929.238 -398.389 0.289676
929.641 -398.393 0.285946
930.046 -398.397 0.282166
930.453 -398.4 0.278335
919.249 -350.144 0.442784
919.29 -350.103 0.442439
919.337 -350.088 0.441997
919.384 -350.073 0.441551
919.416 -350.001 0.441314
919.463 -349.986 0.440862
919.51 -349.972 0.440406
919.557 -349.957 0.439946
919.603 -349.942 0.439481
919.651 -349.931 0.438994
919.714 -349.968 0.4383
919.762 -349.953 0.437817
919.809 -349.938 0.437329
919.87 -349.966 0.436645
919.977 -350.122 0.43536
919.95 -349.893 0.435834
919.995 -349.873 0.435352
920.043 -349.858 0.434839
920.09 -349.843 0.434322
920.116 -349.773 0.434071
920.163 -349.758 0.433547
920.21 -349.743 0.433018
920.257 -349.728 0.432483
920.304 -349.713 0.431943
920.374 -349.752 0.431102
920.422 -349.737 0.430547
920.469 -349.722 0.429985
920.524 -349.724 0.429322
920.663 -349.904 0.427596
923.286 -355.376 0.394151
923.379 -355.354 0.393012
923.472 -355.331 0.391861
937.764 -365.687 0.196609
937.822 -365.438 0.195184
937.711 -365.009 0.196025
937.693 -364.686 0.195618
937.633 -364.325 0.195768
937.26 -363.644 0.200156
937.347 -363.45 0.198296
937.416 -363.239 0.196673
937.53 -363.075 0.194429
926.834 -400.802 0.104058
926.871 -398.564 0.114543
927.269 -398.568 0.110844
927.669 -398.572 0.107087
928.069 -398.575 0.103271
928.471 -398.579 0.0993967
928.874 -398.583 0.0954628
929.278 -398.587 0.0914687
929.683 -398.591 0.0874138
930.09 -398.595 0.0832971
930.498 -398.6 0.079118
919.302 -350.366 0.416322
919.289 -350.102 0.41766
919.337 -350.087 0.417229
919.384 -350.072 0.416792
919.416 -350.001 0.416766
919.463 -349.986 0.416322
919.509 -349.971 0.415872
919.556 -349.956 0.415416
919.603 -349.941 0.414954
919.651 -349.931 0.414454
919.714 -349.967 0.413573
919.761 -349.952 0.413089
919.808 -349.937 0.4126
919.936 -350.16 0.410166
919.985 -350.144 0.409649
919.95 -349.893 0.411093
918.915 -346.893 0.435821
918.944 -346.893 0.435468
920.089 -349.842 0.409578
920.116 -349.773 0.409522
920.163 -349.758 0.408987
920.209 -349.743 0.408445
920.256 -349.728 0.407897
920.304 -349.713 0.407342
920.374 -349.752 0.406281
920.421 -349.737 0.405708
920.469 -349.722 0.405128
920.524 -349.723 0.404381
920.67 -349.921 0.401711
923.285 -355.376 0.347256
923.378 -355.353 0.346049
923.472 -355.331 0.344826
936.894 -365.334 0.106917
936.641 -364.74 0.111838
936.775 -364.588 0.109545
936.907 -364.435 0.107257
936.924 -364.158 0.107073
936.083 -362.969 0.122839
936.313 -362.937 0.118641
937.046 -363.424 0.105084
937.048 -363.145 0.105089
936.881 -362.701 0.108194
936.868 -362.418 0.10843
936.92 -362.202 0.107441
926.834 -400.813 -0.0996681
926.903 -398.762 -0.0833511
927.302 -398.766 -0.0873146
927.703 -398.77 -0.091347
928.105 -398.774 -0.095448
928.508 -398.778 -0.0996194
928.913 -398.783 -0.103861
929.318 -398.787 -0.108174
929.725 -398.791 -0.112559
930.133 -398.796 -0.117017
930.542 -398.8 -0.121548
919.307 -350.391 0.390376
919.289 -350.102 0.392883
919.336 -350.087 0.392463
919.383 -350.072 0.392036
919.418 -350.008 0.392135
919.464 -349.993 0.391702
919.511 -349.978 0.391261
919.558 -349.962 0.390813
919.604 -349.947 0.390358
919.651 -349.932 0.389896
919.714 -349.967 0.388848
919.761 -349.952 0.388364
919.808 -349.937 0.387873
919.944 -350.183 0.384279
919.992 -350.167 0.383757
920.041 -350.151 0.383228
918.918 -346.902 0.422044
920.042 -349.857 0.385373
920.089 -349.842 0.384837
920.119 -349.783 0.384838
920.166 -349.768 0.384294
920.213 -349.753 0.383743
920.26 -349.738 0.383184
920.307 -349.722 0.382617
920.373 -349.751 0.381462
920.421 -349.736 0.380872
920.468 -349.721 0.380274
920.631 -349.96 0.376251
920.71 -350.009 0.374739
923.284 -355.375 0.300363
923.378 -355.353 0.299087
923.471 -355.33 0.297793
936.884 -365.639 0.00350788
936.389 -364.757 0.0164632
936.321 -364.38 0.0190764
936.377 -364.146 0.0187199
935.477 -362.867 0.0410381
935.604 -362.73 0.038873
935.843 -362.714 0.0340009
936.155 -362.772 0.027387
936.393 -362.748 0.0225068
936.553 -362.641 0.0194519
936.691 -362.511 0.0168881
933.766 -359.33 0.0863282
933.823 -359.163 0.0855109
933.938 -359.053 0.0833218
926.874 -401.076 -0.306855
926.934 -398.961 -0.282678
927.336 -398.966 -0.286909
927.738 -398.97 -0.29122
928.141 -398.974 -0.295611
928.546 -398.979 -0.300083
928.952 -398.983 -0.304637
929.359 -398.988 -0.309274
929.767 -398.993 -0.313993
929.707 -396.917 -0.289496
930.037 -396.639 -0.29019
919.319 -350.44 0.363892
919.369 -350.424 0.363471
919.336 -350.086 0.367699
919.383 -350.071 0.367281
919.424 -350.031 0.36722
919.47 -350.016 0.366794
919.517 -350.001 0.366359
919.564 -349.985 0.365915
919.611 -349.97 0.365464
919.658 -349.955 0.365004
919.713 -349.966 0.364126
919.76 -349.951 0.363641
919.912 -350.252 0.358278
919.961 -350.236 0.357754
920.011 -350.221 0.35722
918.896 -346.922 0.408449
918.91 -346.881 0.408675
918.937 -346.873 0.408372
918.963 -346.866 0.408064
918.989 -346.858 0.407751
919.015 -346.85 0.407434
919.042 -346.842 0.407111
920.269 -349.76 0.358188
920.316 -349.744 0.357605
920.373 -349.751 0.356646
920.42 -349.736 0.356038
920.468 -349.721 0.355421
920.656 -350.016 0.349438
920.71 -350.008 0.348623
923.283 -355.375 0.25347
923.377 -355.352 0.252126
923.47 -355.33 0.250761
951.361 -392.697 -0.596798
950.87 -391.255 -0.575732
950.613 -390.181 -0.562322
950.817 -389.776 -0.563409
950.899 -389.21 -0.560893
951.364 -389.172 -0.570227
951.924 -389.257 -0.582511
952.474 -389.32 -0.594514
953.071 -389.435 -0.607922
953.628 -389.488 -0.62012
954.085 -389.405 -0.629321
954.491 -389.255 -0.63705
954.895 -389.1 -0.644775
955.305 -388.947 -0.652695
955.636 -388.698 -0.658349
936.69 -365.732 -0.0960991
936.291 -364.952 -0.0824193
935.078 -363.258 -0.0450686
935.107 -363.01 -0.044231
935.213 -362.852 -0.045705
935.298 -362.671 -0.0465967
935.374 -362.483 -0.0472818
935.44 -362.286 -0.0477138
935.535 -362.121 -0.0490127
935.606 -361.932 -0.0496461
936.449 -362.536 -0.072403
933.449 -359.239 0.0144702
933.442 -359.009 0.0157648
933.573 -358.919 0.0131044
933.744 -358.866 0.00928848
933.898 -358.796 0.00591614
903.852 -401.419 -0.395815
919.56 -402.102 -0.461616
919.953 -401.662 -0.457675
920.344 -401.29 -0.454833
920.73 -400.918 -0.452047
921.108 -400.486 -0.448353
921.479 -400.048 -0.444578
921.849 -399.658 -0.441616
922.217 -399.318 -0.439481
922.581 -398.973 -0.43732
922.94 -398.629 -0.435202
923.295 -398.291 -0.433239
923.611 -397.63 -0.425998
923.854 -396.425 -0.409779
924.164 -395.888 -0.404533
924.481 -395.46 -0.401114
924.796 -395.058 -0.398131
925.104 -394.637 -0.394864
925.384 -394.068 -0.389106
925.674 -393.613 -0.385276
925.958 -393.149 -0.381317
926.251 -392.774 -0.378869
926.541 -392.409 -0.376595
926.826 -392.037 -0.374241
927.106 -391.664 -0.371887
927.366 -391.212 -0.368164
927.612 -390.723 -0.363787
927.852 -390.233 -0.359389
928.093 -389.777 -0.355597
928.294 -389.168 -0.349075
919.319 -350.44 0.337945
919.368 -350.424 0.337537
919.335 -350.086 0.342937
919.383 -350.071 0.342529
919.43 -350.054 0.342134
919.477 -350.039 0.341714
919.524 -350.024 0.341285
919.571 -350.008 0.340846
919.618 -349.993 0.340398
919.665 -349.978 0.339939
919.713 -349.966 0.339405
919.76 -349.951 0.33892
919.911 -350.251 0.332396
919.961 -350.236 0.331869
920.01 -350.22 0.331331
918.896 -346.921 0.394728
918.909 -346.878 0.395114
918.935 -346.87 0.394805
918.961 -346.862 0.394491
918.988 -346.855 0.394171
919.014 -346.847 0.393846
919.04 -346.839 0.393514
920.277 -349.781 0.333049
920.325 -349.766 0.332445
920.372 -349.75 0.331831
920.42 -349.735 0.331206
920.605 -350.031 0.324057
920.655 -350.015 0.32338
920.709 -350.008 0.322509
923.283 -355.374 0.206578
923.376 -355.352 0.205164
923.469 -355.33 0.203728
940.149 -388.839 -0.531554
940.514 -388.774 -0.537577
940.879 -388.705 -0.543618
941.252 -388.649 -0.550058
941.618 -388.576 -0.556227
942.01 -388.548 -0.563493
942.127 -388.014 -0.55932
942.475 -387.906 -0.564903
942.502 -387.229 -0.557347
942.822 -387.077 -0.561976
943.415 -387.392 -0.577752
943.716 -387.198 -0.581632
941.784 -383.307 -0.496723
942.186 -383.338 -0.505458
942.581 -383.351 -0.513878
942.907 -383.248 -0.519602
942.804 -382.477 -0.50881
943.023 -382.216 -0.510626
943.259 -381.984 -0.51319
943.463 -381.706 -0.514624
943.714 -381.499 -0.517909
944.039 -381.399 -0.524045
944.375 -381.314 -0.530633
944.737 -381.262 -0.538229
945.139 -381.261 -0.547311
945.601 -381.335 -0.558564
946.053 -381.389 -0.569466
946.457 -381.372 -0.578616
946.695 -381.134 -0.581818
946.924 -380.884 -0.584739
936.806 -367.543 -0.218735
936.916 -367.334 -0.219365
937.035 -367.137 -0.22035
937.277 -367.093 -0.225767
936.127 -365.382 -0.182425
936.163 -365.112 -0.180884
934.745 -363.157 -0.12894
934.292 -362.358 -0.110829
934.888 -362.765 -0.129084
934.893 -362.498 -0.126946
935.147 -362.508 -0.133375
935.225 -362.324 -0.133847
935.289 -362.126 -0.133843
932.635 -359.068 -0.0420276
932.729 -358.946 -0.043483
933.021 -359.027 -0.0516356
933.151 -358.938 -0.0543189
933.266 -358.835 -0.0565591
933.397 -358.747 -0.059335
933.517 -358.648 -0.0618061
933.668 -358.578 -0.0653121
932.967 -357.705 -0.0407262
906.187 -393.074 -0.450697
906.517 -393.232 -0.453399
906.854 -393.368 -0.455757
907.192 -393.501 -0.458136
907.563 -393.474 -0.457654
907.941 -393.404 -0.456468
908.317 -393.331 -0.455303
908.656 -393.456 -0.45785
908.998 -393.568 -0.460236
909.36 -393.565 -0.460582
909.67 -393.885 -0.466964
910.001 -394.092 -0.471346
910.362 -394.105 -0.472231
910.709 -394.213 -0.474951
910.952 -395.151 -0.493075
911.318 -395.169 -0.494302
911.693 -395.104 -0.494077
912.066 -395.039 -0.493926
912.439 -394.961 -0.493601
912.809 -394.901 -0.493678
913.199 -394.597 -0.489304
913.563 -394.555 -0.489873
913.9 -394.884 -0.497437
914.203 -395.802 -0.516106
914.581 -395.635 -0.514605
914.95 -395.599 -0.515621
915.315 -395.627 -0.517914
915.68 -395.669 -0.520556
916.045 -395.704 -0.523134
916.411 -395.725 -0.525552
916.777 -395.76 -0.528299
917.143 -395.851 -0.532207
917.511 -395.902 -0.535425
917.878 -395.796 -0.535744
918.242 -395.56 -0.533652
918.596 -395.006 -0.525517
918.939 -394.279 -0.514091
919.284 -393.922 -0.509809
919.625 -393.591 -0.506044
919.961 -393.26 -0.502353
920.294 -392.938 -0.498861
920.623 -392.622 -0.495536
920.946 -392.289 -0.491919
921.264 -391.944 -0.488102
921.576 -391.578 -0.483904
921.884 -391.216 -0.479819
922.185 -390.838 -0.475463
922.479 -390.431 -0.470542
922.784 -390.178 -0.468705
923.089 -389.947 -0.467377
923.128 -387.611 -0.423837
923.339 -386.825 -0.411266
923.603 -386.493 -0.407799
923.871 -386.219 -0.405567
924.148 -386.024 -0.404957
924.423 -385.831 -0.404415
924.696 -385.637 -0.403919
924.967 -385.444 -0.403471
925.236 -385.25 -0.403064
925.504 -385.061 -0.402771
925.769 -384.867 -0.402449
926.033 -384.682 -0.402323
926.294 -384.489 -0.402095
926.554 -384.296 -0.401906
926.811 -384.104 -0.401764
927.067 -383.912 -0.40166
919.318 -350.439 0.311999
919.368 -350.423 0.311603
919.417 -350.408 0.311196
919.382 -350.07 0.317777
919.43 -350.055 0.317367
919.477 -350.04 0.316947
919.524 -350.025 0.316516
919.571 -350.01 0.316074
919.618 -349.995 0.315622
919.665 -349.98 0.315159
919.712 -349.965 0.314685
919.862 -350.267 0.307033
919.911 -350.251 0.306515
919.96 -350.235 0.305984
920.01 -350.22 0.305443
918.895 -346.92 0.381011
918.909 -346.877 0.381516
918.935 -346.869 0.381201
918.961 -346.862 0.380881
918.987 -346.854 0.380553
919.013 -346.846 0.38022
919.04 -346.838 0.37988
920.277 -349.78 0.308266
920.324 -349.765 0.307648
920.372 -349.75 0.307017
920.419 -349.735 0.306375
920.605 -350.031 0.298021
920.655 -350.015 0.297323
920.709 -350.008 0.296395
923.282 -355.374 0.159684
923.375 -355.352 0.158201
923.469 -355.329 0.156694
935.703 -379.854 -0.477676
935.827 -379.465 -0.47407
936.1 -379.378 -0.478306
936.311 -379.168 -0.479423
936.507 -378.933 -0.479887
936.722 -378.738 -0.481441
936.945 -378.558 -0.483449
937.207 -378.452 -0.487479
937.518 -378.429 -0.493862
937.768 -378.297 -0.497378
938.019 -378.167 -0.50098
938.288 -378.067 -0.505524
938.505 -377.878 -0.507634
938.62 -377.525 -0.505122
938.86 -377.38 -0.508541
939.08 -377.202 -0.511052
939.305 -377.032 -0.513875
939.766 -377.227 -0.527386
939.902 -376.918 -0.52629
940.109 -376.72 -0.528487
940.734 -377.136 -0.549103
941.129 -377.204 -0.559552
941.775 -377.62 -0.580801
942.016 -377.452 -0.584455
942.25 -377.275 -0.587899
942.473 -377.082 -0.590928
942.698 -376.894 -0.594156
942.743 -376.467 -0.589831
935.711 -366.829 -0.290161
935.733 -366.519 -0.28687
936.017 -366.546 -0.29448
935.206 -365.203 -0.257139
935.449 -365.189 -0.263272
933.865 -362.958 -0.195181
933.847 -362.658 -0.191154
933.971 -362.531 -0.192997
933.943 -362.227 -0.188753
933.888 -361.897 -0.183516
933.942 -361.698 -0.182747
934.002 -361.506 -0.182244
934.149 -361.413 -0.185246
934.327 -361.353 -0.189519
932.501 -359.15 -0.115552
932.375 -358.796 -0.108337
932.502 -358.712 -0.111028
932.665 -358.664 -0.115124
932.928 -358.715 -0.123087
933.035 -358.607 -0.125082
933.121 -358.477 -0.126266
932.988 -358.137 -0.119189
932.898 -357.844 -0.113838
932.891 -357.635 -0.111708
932.836 -357.383 -0.107822
909.375 -380.312 -0.348353
909.596 -380.543 -0.353136
909.825 -380.755 -0.357542
910.056 -380.963 -0.361941
910.28 -381.218 -0.367423
910.52 -381.406 -0.371493
910.765 -381.58 -0.375334
910.998 -381.83 -0.380907
909.944 -389.985 -0.560149
910.264 -390.08 -0.562488
910.607 -390.019 -0.561513
910.956 -389.911 -0.559556
911.312 -389.738 -0.556239
911.868 -387.97 -0.517916
912.193 -387.9 -0.517014
912.486 -388.106 -0.522262
912.725 -388.834 -0.539112
913.013 -389.175 -0.547512
913.33 -389.251 -0.55015
913.668 -389.081 -0.547414
914.042 -388.417 -0.533825
914.401 -387.83 -0.52199
914.745 -387.344 -0.512445
915.044 -387.529 -0.517851
915.323 -388.141 -0.532827
915.627 -388.396 -0.539981
915.938 -388.516 -0.544214
916.248 -388.746 -0.550977
916.559 -389.033 -0.559126
916.88 -388.975 -0.559631
917.2 -388.965 -0.561292
917.521 -387.288 -0.525483
917.828 -387.118 -0.523613
918.131 -386.83 -0.519131
918.437 -386.916 -0.523166
918.74 -386.843 -0.523666
919.05 -386.991 -0.529268
919.345 -386.733 -0.525704
919.657 -386.885 -0.531582
919.983 -387.267 -0.542807
920.254 -386.661 -0.531434
920.6 -387.264 -0.547945
920.876 -386.823 -0.540461
921.153 -386.471 -0.535094
921.423 -386.086 -0.528967
921.673 -385.553 -0.519444
921.934 -385.187 -0.513795
922.192 -384.847 -0.508788
922.448 -384.519 -0.504107
922.705 -384.236 -0.500505
922.969 -384.032 -0.498817
923.235 -383.858 -0.497867
923.499 -383.684 -0.496966
923.762 -383.516 -0.496278
924.022 -383.342 -0.495467
924.281 -383.17 -0.494781
924.535 -382.982 -0.493723
924.78 -382.752 -0.491705
925.003 -382.425 -0.487367
925.219 -382.076 -0.482508
925.45 -381.828 -0.480144
925.699 -381.674 -0.480108
925.945 -381.515 -0.480009
926.188 -381.35 -0.479787
926.429 -381.183 -0.479585
919.318 -350.439 0.286054
919.361 -350.396 0.286353
919.41 -350.38 0.285947
919.382 -350.07 0.293026
919.429 -350.055 0.292624
919.476 -350.04 0.292211
919.524 -350.025 0.291786
919.571 -350.01 0.291348
919.618 -349.995 0.290899
919.665 -349.98 0.290438
919.712 -349.965 0.289965
919.854 -350.244 0.281744
919.903 -350.228 0.281216
919.953 -350.213 0.280676
920.002 -350.198 0.280123
918.894 -346.919 0.367301
918.908 -346.876 0.367922
918.934 -346.869 0.367601
918.961 -346.861 0.367274
918.987 -346.853 0.36694
919.013 -346.845 0.366598
919.039 -346.838 0.36625
920.277 -349.781 0.283437
920.324 -349.766 0.282809
920.372 -349.751 0.282169
920.554 -350.046 0.272689
920.604 -350.03 0.271985
920.654 -350.014 0.271267
920.708 -350.007 0.27028
923.281 -355.374 0.112787
923.374 -355.351 0.111236
923.468 -355.329 0.109657
934.097 -376.61 -0.524167
934.289 -376.413 -0.524632
934.429 -376.118 -0.522202
934.414 -375.529 -0.510898
934.582 -375.304 -0.510529
934.738 -375.06 -0.509574
934.923 -374.871 -0.510354
935.11 -374.689 -0.511387
935.322 -374.553 -0.513899
935.525 -374.402 -0.51599
935.775 -374.332 -0.520689
936 -374.218 -0.524068
936.222 -374.1 -0.527395
936.463 -374.01 -0.53171
936.73 -373.962 -0.537462
937.02 -373.948 -0.544444
937.317 -373.941 -0.551757
937.569 -373.861 -0.556788
937.979 -374.017 -0.56984
938.337 -374.087 -0.58019
938.54 -373.925 -0.582778
938.721 -373.73 -0.584319
938.889 -373.519 -0.585296
939.006 -373.237 -0.583832
939.143 -372.987 -0.58351
939.363 -372.854 -0.587331
939.537 -372.658 -0.58898
935.425 -366.798 -0.38587
935.242 -366.221 -0.37195
934.862 -365.402 -0.348964
934.84 -365.058 -0.343174
934.321 -364.1 -0.314313
933.73 -363.077 -0.282517
933.108 -362.041 -0.249672
932.824 -361.436 -0.232802
932.816 -361.17 -0.228759
932.811 -360.913 -0.224976
932.958 -360.834 -0.228169
931.995 -359.499 -0.181413
932.037 -359.319 -0.18021
932.139 -359.207 -0.181731
932.184 -359.032 -0.180729
932.174 -358.802 -0.17741
932.263 -358.68 -0.17852
932.387 -358.593 -0.181151
932.547 -358.544 -0.185443
932.661 -358.447 -0.187741
932.777 -358.351 -0.190157
932.829 -358.192 -0.189829
932.877 -358.031 -0.189412
932.82 -357.771 -0.184516
932.816 -357.565 -0.182011
932.727 -357.283 -0.175956
932.767 -357.124 -0.175435
910.078 -378.288 -0.428875
910.303 -378.436 -0.432245
910.53 -378.584 -0.435678
910.755 -378.743 -0.439453
910.9 -379.348 -0.454672
911.326 -378.418 -0.430825
911.634 -378.096 -0.422544
911.936 -377.778 -0.414422
912.221 -377.536 -0.408298
912.488 -377.39 -0.404716
912.753 -377.243 -0.401143
913.015 -377.089 -0.397456
913.274 -376.944 -0.394073
913.529 -376.815 -0.391161
913.786 -376.641 -0.387153
914.031 -376.557 -0.385493
914.279 -376.433 -0.382873
914.517 -376.386 -0.382284
914.753 -376.355 -0.382162
914.988 -376.322 -0.382075
915.222 -376.302 -0.382339
915.457 -376.255 -0.382003
915.69 -376.225 -0.382137
915.924 -376.176 -0.381857
916.146 -376.359 -0.38761
916.087 -384.377 -0.595713
916.371 -384.496 -0.600232
916.66 -384.483 -0.60144
916.947 -384.542 -0.604565
917.236 -384.488 -0.604856
917.524 -384.461 -0.605902
917.811 -384.284 -0.603138
918.096 -384.193 -0.602649
918.38 -384.09 -0.601947
918.665 -384.071 -0.603505
918.942 -383.799 -0.598477
919.217 -383.6 -0.595441
919.493 -383.463 -0.59409
919.767 -383.323 -0.592718
920.042 -383.231 -0.592674
919.898 -377.032 -0.4306
920.055 -375.975 -0.404646
920.278 -375.88 -0.404245
920.517 -375.993 -0.409483
921.277 -381.464 -0.558407
921.562 -381.618 -0.565278
921.874 -381.986 -0.578011
922.123 -381.767 -0.575001
922.357 -381.456 -0.569578
922.587 -381.147 -0.564196
922.815 -380.844 -0.559021
923.053 -380.637 -0.556528
923.292 -380.46 -0.55487
923.52 -380.217 -0.55143
923.732 -379.899 -0.545988
923.943 -379.6 -0.54107
924.153 -379.317 -0.536624
924.359 -379.027 -0.532003
924.556 -378.71 -0.526635
924.724 -378.27 -0.517855
924.891 -377.852 -0.509647
925.049 -377.415 -0.500938
925.207 -377.008 -0.493017
925.357 -376.586 -0.484697
919.308 -350.4 0.261208
919.356 -350.376 0.261074
919.405 -350.36 0.260691
919.454 -350.345 0.260295
919.435 -350.077 0.267212
919.482 -350.062 0.266817
919.529 -350.046 0.266408
919.577 -350.031 0.265986
919.624 -350.015 0.265551
919.671 -350 0.265102
919.797 -350.236 0.257145
919.846 -350.22 0.25664
919.895 -350.204 0.256122
919.944 -350.189 0.255589
919.993 -350.173 0.255043
918.894 -346.918 0.353597
918.908 -346.876 0.354331
918.934 -346.868 0.354005
918.96 -346.86 0.353671
918.986 -346.852 0.353329
919.013 -346.845 0.35298
919.039 -346.837 0.352623
920.286 -349.804 0.257915
920.333 -349.789 0.257271
920.381 -349.773 0.256612
920.536 -350.004 0.24802
920.585 -349.988 0.247295
920.635 -349.973 0.246556
920.708 -350.007 0.244165
923.28 -355.373 0.0658859
923.374 -355.351 0.0642662
923.467 -355.328 0.0626164
932.189 -372.755 -0.524874
932.452 -372.765 -0.53125
933.331 -373.976 -0.578546
932.623 -372.095 -0.520725
932.712 -371.777 -0.516007
932.889 -371.629 -0.517134
933.101 -371.547 -0.520602
933.332 -371.5 -0.525362
933.547 -371.421 -0.529103
933.767 -371.349 -0.533155
934.05 -371.384 -0.541121
934.36 -371.461 -0.550705
934.619 -371.446 -0.557165
934.931 -371.515 -0.56676
935.241 -371.574 -0.576147
935.442 -371.455 -0.57912
935.611 -371.286 -0.580303
935.776 -371.113 -0.581349
935.946 -370.95 -0.582823
936.106 -370.772 -0.583759
936.277 -370.611 -0.585379
936.422 -370.413 -0.585628
936.589 -370.249 -0.587212
936.745 -370.072 -0.58832
936.903 -369.897 -0.589571
937.041 -369.696 -0.589821
935.293 -366.968 -0.488447
934.608 -365.72 -0.445472
934.383 -365.103 -0.427573
934.242 -364.609 -0.414502
933.503 -363.368 -0.3702
932.38 -361.679 -0.306437
932.206 -361.204 -0.292818
932.255 -361.009 -0.290967
932.353 -360.876 -0.291699
931.718 -359.879 -0.255051
931.632 -359.544 -0.24673
931.656 -359.344 -0.244159
931.705 -359.173 -0.24289
931.767 -359.019 -0.242344
931.891 -358.936 -0.245001
931.945 -358.775 -0.24419
932.055 -358.676 -0.246171
932.188 -358.602 -0.249391
932.31 -358.514 -0.252024
932.434 -358.429 -0.254833
932.562 -358.348 -0.257886
932.632 -358.208 -0.258141
932.695 -358.062 -0.258143
932.768 -357.927 -0.258657
932.744 -357.7 -0.254617
932.724 -357.479 -0.250815
932.583 -357.15 -0.241401
932.563 -356.939 -0.237857
932.582 -356.764 -0.236148
910.68 -376.612 -0.504832
910.949 -376.477 -0.500394
911.214 -376.355 -0.496428
911.476 -376.232 -0.492506
911.736 -376.109 -0.488666
911.991 -375.996 -0.48517
912.245 -375.882 -0.481706
912.497 -375.77 -0.478391
912.745 -375.659 -0.475171
912.991 -375.559 -0.472333
913.237 -375.44 -0.468985
913.48 -375.331 -0.466019
913.72 -375.222 -0.463119
913.959 -375.112 -0.460253
914.196 -375.005 -0.457528
914.431 -374.899 -0.454883
914.664 -374.793 -0.452316
914.895 -374.688 -0.449824
915.124 -374.583 -0.447408
915.352 -374.479 -0.445056
915.578 -374.373 -0.442731
915.81 -374.128 -0.436382
916.052 -373.616 -0.422289
916.283 -373.179 -0.410412
916.5 -372.97 -0.405261
916.712 -372.86 -0.403066
916.919 -372.839 -0.403517
917.126 -372.816 -0.403992
917.333 -372.792 -0.404493
917.539 -372.768 -0.405016
917.746 -372.741 -0.405535
917.951 -372.712 -0.406076
918.157 -372.695 -0.406987
918.362 -372.677 -0.407968
918.57 -372.743 -0.411476
918.781 -372.863 -0.416674
918.996 -373.022 -0.423099
919.212 -373.16 -0.428989
919.431 -373.312 -0.435369
919.653 -373.46 -0.441733
919.875 -373.593 -0.447725
920.109 -373.849 -0.457495
920.375 -374.409 -0.476556
920.628 -374.759 -0.489389
920.879 -375.029 -0.499944
921.103 -375.029 -0.502352
921.334 -375.08 -0.506402
921.527 -374.816 -0.500857
921.701 -374.441 -0.491956
921.905 -374.312 -0.49063
922.136 -374.372 -0.495199
922.713 -376.685 -0.569621
922.913 -376.441 -0.565098
923.102 -376.15 -0.559139
923.271 -375.764 -0.550249
923.438 -375.391 -0.541749
923.602 -375.031 -0.533684
923.775 -374.739 -0.527726
923.936 -374.407 -0.520563
924.095 -374.085 -0.513692
924.256 -373.792 -0.507735
924.429 -373.565 -0.503918
924.617 -373.413 -0.50253
919.308 -350.399 0.235408
919.355 -350.375 0.235307
919.404 -350.36 0.234935
919.454 -350.344 0.234549
919.503 -350.328 0.234148
919.552 -350.313 0.233733
919.601 -350.297 0.233302
919.65 -350.282 0.232857
919.645 -350.086 0.238372
919.748 -350.251 0.231922
919.797 -350.235 0.231432
919.846 -350.219 0.230926
919.895 -350.204 0.230406
919.944 -350.188 0.229871
919.993 -350.173 0.229321
918.893 -346.917 0.339902
918.907 -346.875 0.340744
918.934 -346.867 0.340412
918.96 -346.859 0.340071
918.986 -346.852 0.339722
919.012 -346.844 0.339365
919.038 -346.836 0.339
920.386 -350.048 0.224363
920.435 -350.032 0.223673
920.485 -350.017 0.222967
920.534 -350.001 0.222245
920.584 -349.985 0.221506
920.633 -349.969 0.220752
920.707 -350.006 0.218048
923.277 -355.367 0.0191923
923.369 -355.343 0.0175753
923.462 -355.318 0.0159267
930.547 -369.437 -0.515699
930.787 -369.46 -0.522261
931.049 -369.521 -0.530405
931.319 -369.594 -0.53911
932.044 -370.519 -0.580674
932.194 -370.342 -0.580214
932.231 -369.962 -0.571897
932.388 -369.807 -0.572313
932.595 -369.74 -0.576252
932.809 -369.687 -0.580773
932.985 -369.566 -0.582697
933.147 -369.42 -0.583701
933.305 -369.271 -0.584577
933.465 -369.126 -0.585696
933.617 -368.968 -0.586329
933.763 -368.802 -0.58665
933.903 -368.629 -0.586712
934.06 -368.484 -0.587968
934.22 -368.345 -0.589545
934.334 -368.137 -0.588232
934.447 -367.931 -0.587005
934.587 -367.766 -0.587543
934.727 -367.603 -0.588212
934.861 -367.432 -0.588564
934.98 -367.243 -0.588137
934.935 -366.832 -0.577935
934.352 -365.708 -0.53581
934.252 -365.252 -0.523013
933.762 -364.296 -0.487465
933.381 -363.505 -0.458886
932.973 -362.698 -0.42915
932.09 -361.319 -0.372422
931.934 -360.87 -0.358247
931.936 -360.624 -0.353404
931.48 -359.833 -0.322625
931.307 -359.395 -0.30823
931.328 -359.193 -0.305016
931.399 -359.05 -0.304646
931.525 -358.971 -0.307435
931.638 -358.877 -0.309514
931.732 -358.762 -0.310573
931.839 -358.662 -0.312459
931.961 -358.577 -0.315138
932.114 -358.525 -0.319565
932.232 -358.435 -0.322119
932.335 -358.33 -0.323901
932.465 -358.251 -0.327154
932.535 -358.113 -0.327294
932.599 -357.969 -0.327153
932.663 -357.827 -0.327084
932.664 -357.624 -0.323745
932.595 -357.359 -0.316841
932.411 -356.991 -0.304074
932.374 -356.767 -0.299133
932.385 -356.587 -0.296687
932.42 -356.432 -0.295586
911.04 -376.021 -0.604062
911.304 -375.883 -0.598996
911.566 -375.742 -0.593886
911.821 -375.624 -0.589638
912.08 -375.476 -0.584471
912.33 -375.363 -0.580495
912.579 -375.238 -0.576234
912.822 -375.142 -0.572993
913.066 -375.025 -0.569131
913.307 -374.92 -0.565714
913.545 -374.814 -0.56237
913.782 -374.708 -0.559065
914.016 -374.604 -0.555909
914.249 -374.501 -0.55284
914.48 -374.398 -0.549856
914.709 -374.296 -0.546956
914.936 -374.194 -0.544135
915.162 -374.09 -0.541278
915.396 -373.852 -0.53415
915.644 -373.324 -0.517574
915.877 -372.943 -0.505869
916.1 -372.647 -0.496977
916.315 -372.424 -0.490517
916.525 -372.273 -0.486494
916.733 -372.118 -0.48238
916.937 -372.006 -0.479733
917.141 -371.83 -0.475019
917.341 -371.742 -0.473258
917.54 -371.613 -0.470235
917.738 -371.477 -0.467011
917.935 -371.442 -0.467158
918.129 -371.32 -0.464518
918.324 -371.278 -0.464552
918.519 -371.235 -0.464624
918.713 -371.191 -0.464733
918.907 -371.149 -0.464929
919.1 -371.111 -0.465359
919.292 -371.064 -0.465525
919.483 -370.999 -0.465166
919.683 -371.065 -0.469226
919.896 -371.273 -0.478162
920.105 -371.403 -0.484577
920.324 -371.624 -0.494121
920.54 -371.774 -0.501391
920.77 -372.024 -0.512142
920.954 -371.864 -0.509013
921.131 -371.658 -0.504346
921.326 -371.603 -0.504927
921.514 -371.507 -0.504127
921.698 -371.382 -0.502386
921.85 -371.062 -0.493946
922.026 -370.921 -0.491747
922.297 -371.351 -0.509379
922.565 -371.728 -0.52532
922.793 -371.856 -0.532699
922.987 -371.785 -0.533249
923.153 -371.578 -0.529043
923.31 -371.339 -0.523771
923.464 -371.099 -0.51846
923.614 -370.853 -0.512976
923.765 -370.627 -0.508194
923.913 -370.396 -0.503266
919.317 -350.437 0.208205
919.355 -350.375 0.20953
919.404 -350.359 0.20917
919.453 -350.344 0.208794
919.502 -350.328 0.208401
919.551 -350.312 0.207993
919.6 -350.297 0.207569
919.649 -350.281 0.207128
918.695 -346.925 0.32995
918.721 -346.917 0.329677
918.747 -346.91 0.329396
918.773 -346.902 0.329107
918.799 -346.895 0.32881
918.825 -346.887 0.328504
918.851 -346.879 0.32819
918.877 -346.872 0.327867
918.903 -346.864 0.327536
918.929 -346.856 0.327196
918.956 -346.849 0.326848
918.982 -346.841 0.326491
919.008 -346.833 0.326125
919.034 -346.826 0.325751
919.06 -346.818 0.325368
919.086 -346.81 0.324976
919.113 -346.802 0.324575
919.139 -346.795 0.324165
919.165 -346.787 0.323746
919.192 -346.779 0.323318
923.197 -355.42 -0.0272385
923.284 -355.384 -0.0284026
923.376 -355.359 -0.0300643
923.474 -355.345 -0.0322289
929.786 -367.899 -0.554331
930.056 -368.009 -0.564601
930.293 -368.047 -0.572038
930.475 -367.975 -0.574973
930.701 -367.986 -0.581487
930.899 -367.94 -0.585676
931.063 -367.832 -0.587303
931.219 -367.71 -0.588375
931.334 -367.516 -0.586386
931.468 -367.357 -0.585942
931.639 -367.266 -0.588466
931.805 -367.163 -0.590581
931.979 -367.076 -0.593426
932.152 -366.986 -0.596246
932.339 -366.918 -0.600084
932.497 -366.804 -0.601925
932.666 -366.706 -0.604587
932.834 -366.606 -0.607195
933.03 -366.55 -0.611889
933.15 -366.378 -0.611322
933.212 -366.123 -0.606851
933.308 -365.923 -0.604938
933.425 -365.753 -0.604463
933.53 -365.569 -0.603353
933.577 -365.307 -0.598485
933.644 -365.078 -0.595163
933.662 -364.785 -0.588702
933.407 -364.137 -0.564639
933.331 -363.737 -0.552585
932.662 -362.583 -0.502646
932.155 -361.665 -0.4638
931.706 -360.842 -0.429262
931.164 -359.926 -0.389373
930.845 -359.302 -0.364023
930.828 -359.055 -0.357849
930.841 -358.847 -0.353638
930.934 -358.736 -0.354505
931.175 -358.795 -0.364485
931.354 -358.779 -0.370647
931.504 -358.729 -0.375068
931.524 -358.535 -0.371642
931.715 -358.529 -0.37857
931.868 -358.48 -0.38326
932.02 -358.428 -0.387875
932.133 -358.333 -0.390193
932.235 -358.229 -0.391967
932.368 -358.154 -0.39553
932.441 -358.02 -0.3957
932.505 -357.878 -0.395381
932.563 -357.731 -0.394777
932.565 -357.532 -0.391086
932.458 -357.232 -0.381206
932.256 -356.849 -0.366119
932.268 -356.671 -0.363325
932.278 -356.493 -0.360497
932.299 -356.325 -0.358304
932.254 -356.103 -0.352577
911.378 -375.495 -0.701233
911.637 -375.354 -0.695489
911.894 -375.214 -0.689879
912.147 -375.077 -0.684425
912.397 -374.947 -0.679356
912.645 -374.814 -0.674197
912.89 -374.684 -0.669261
913.133 -374.554 -0.664417
913.368 -374.461 -0.660983
913.608 -374.314 -0.655664
913.84 -374.219 -0.652272
914.071 -374.114 -0.648632
914.3 -374.012 -0.64517
914.528 -373.913 -0.641868
914.753 -373.814 -0.638655
914.988 -373.578 -0.630549
915.233 -373.18 -0.616646
915.467 -372.849 -0.605205
915.694 -372.536 -0.594504
915.916 -372.245 -0.584648
916.13 -372.032 -0.577664
916.338 -371.884 -0.573136
916.544 -371.745 -0.568948
916.747 -371.598 -0.564521
916.949 -371.457 -0.560418
917.148 -371.315 -0.556307
917.345 -371.174 -0.552285
917.541 -371.025 -0.548036
917.734 -370.892 -0.544417
917.925 -370.737 -0.540029
918.113 -370.542 -0.534255
918.3 -370.367 -0.529272
918.485 -370.249 -0.526394
918.67 -370.14 -0.523899
918.853 -370.033 -0.521574
919.002 -369.331 -0.497278
919.162 -368.959 -0.485191
919.33 -368.766 -0.479783
919.504 -368.701 -0.479132
919.699 -368.9 -0.48833
919.897 -369.091 -0.497346
920.123 -369.547 -0.516354
920.336 -369.807 -0.52816
920.539 -369.947 -0.535564
920.675 -369.5 -0.520998
920.826 -369.219 -0.512681
920.979 -368.978 -0.505908
921.124 -368.703 -0.497858
921.282 -368.542 -0.494141
921.382 -368.018 -0.476651
921.541 -367.899 -0.474578
921.721 -367.922 -0.47795
921.963 -368.289 -0.494623
922.295 -369.12 -0.529262
922.481 -369.114 -0.531894
922.641 -368.977 -0.529482
922.801 -368.845 -0.527361
922.967 -368.748 -0.52661
923.134 -368.659 -0.526204
923.298 -368.56 -0.5255
923.465 -368.475 -0.525344
923.632 -368.397 -0.52556
919.355 -350.374 0.18376
919.404 -350.359 0.18341
919.453 -350.343 0.183044
919.502 -350.327 0.18266
919.551 -350.312 0.182259
919.6 -350.296 0.18184
918.665 -346.918 0.317233
918.691 -346.911 0.316969
918.717 -346.903 0.316697
918.743 -346.896 0.316416
918.769 -346.888 0.316125
918.795 -346.881 0.315826
918.82 -346.873 0.315518
918.846 -346.866 0.315201
918.872 -346.858 0.314874
918.898 -346.85 0.314539
918.924 -346.843 0.314195
918.95 -346.835 0.313841
918.976 -346.827 0.313478
919.002 -346.82 0.313106
919.028 -346.812 0.312725
919.054 -346.804 0.312334
919.081 -346.797 0.311934
919.107 -346.789 0.311525
919.133 -346.781 0.311106
919.159 -346.773 0.310677
919.185 -346.765 0.310239
919.212 -346.757 0.309791
923.282 -355.381 -0.0752561
923.374 -355.356 -0.0769769
923.472 -355.343 -0.0792472
928.684 -365.672 -0.549767
928.965 -365.843 -0.563055
929.26 -366.031 -0.577281
929.47 -366.048 -0.583855
929.658 -366.018 -0.58841
929.872 -366.036 -0.595257
930.023 -365.935 -0.596635
930.17 -365.828 -0.597758
930.374 -365.821 -0.603725
930.629 -365.902 -0.61395
930.858 -365.931 -0.621887
931.044 -365.884 -0.626262
931.241 -365.854 -0.631576
931.342 -365.667 -0.629287
931.442 -365.479 -0.62699
931.592 -365.374 -0.628805
931.749 -365.279 -0.631148
931.87 -365.131 -0.630904
931.919 -364.874 -0.625231
931.981 -364.641 -0.620685
932.112 -364.513 -0.621506
932.22 -364.353 -0.620746
932.381 -364.27 -0.623932
932.465 -364.078 -0.621571
932.509 -363.834 -0.616445
932.516 -363.544 -0.608817
932.516 -363.249 -0.600861
932.505 -362.945 -0.592364
932.446 -362.585 -0.580737
932.201 -361.993 -0.556299
931.651 -361.029 -0.511088
931.549 -360.648 -0.497464
931.014 -359.741 -0.454385
930.682 -359.106 -0.425852
930.663 -358.858 -0.418879
930.634 -358.605 -0.411478
930.64 -358.395 -0.406488
930.689 -358.239 -0.404527
930.742 -358.089 -0.402929
930.791 -357.936 -0.401137
930.834 -357.778 -0.399064
931.213 -357.986 -0.418891
931.568 -358.16 -0.436998
931.794 -358.19 -0.446714
931.978 -358.174 -0.453739
932.124 -358.116 -0.458288
932.163 -357.949 -0.456129
932.299 -357.88 -0.460144
932.409 -357.785 -0.462563
932.464 -357.636 -0.461588
932.427 -357.401 -0.455017
932.134 -356.927 -0.43269
932.15 -356.752 -0.429716
932.164 -356.576 -0.42664
932.174 -356.4 -0.423457
932.155 -356.198 -0.418543
932.108 -355.976 -0.412115
932.118 -355.806 -0.409173
911.705 -374.987 -0.795189
911.958 -374.852 -0.789109
912.208 -374.716 -0.78312
912.456 -374.583 -0.777323
912.701 -374.45 -0.7716
912.943 -374.321 -0.766141
913.184 -374.189 -0.760635
913.421 -374.061 -0.755343
913.658 -373.92 -0.749643
913.887 -373.825 -0.745874
914.12 -373.681 -0.740207
914.353 -373.519 -0.733898
914.588 -373.299 -0.725365
914.831 -372.96 -0.71221
915.073 -372.58 -0.697503
915.308 -372.215 -0.683439
915.537 -371.854 -0.669621
915.749 -371.677 -0.663145
915.956 -371.543 -0.658419
916.161 -371.412 -0.653903
916.364 -371.274 -0.649169
916.565 -371.135 -0.644496
916.764 -370.999 -0.639937
916.961 -370.863 -0.635479
917.157 -370.72 -0.630807
917.35 -370.525 -0.624102
917.541 -370.269 -0.615013
917.729 -370.017 -0.606159
917.913 -369.806 -0.598944
918.094 -369.573 -0.590943
918.269 -369.236 -0.578784
918.44 -368.901 -0.566735
918.603 -368.493 -0.551776
918.759 -368.068 -0.536115
918.899 -367.447 -0.512586
919.044 -367.042 -0.497779
919.232 -367.345 -0.511701
919.444 -367.916 -0.536579
919.649 -368.303 -0.554134
919.863 -368.716 -0.572885
920.053 -368.826 -0.579377
920.234 -368.836 -0.581877
920.408 -368.771 -0.581366
920.549 -368.433 -0.569684
920.666 -367.938 -0.551527
920.737 -367.149 -0.521234
920.848 -366.723 -0.505875
920.972 -366.427 -0.49592
921.025 -365.692 -0.467655
921.164 -365.555 -0.464265
921.325 -365.56 -0.46687
921.536 -365.852 -0.481531
921.783 -366.31 -0.503268
922.005 -366.603 -0.518261
922.181 -366.638 -0.522504
922.347 -366.616 -0.524401
922.491 -366.492 -0.521987
922.633 -366.366 -0.519583
922.773 -366.234 -0.516944
922.914 -366.114 -0.514809
923.052 -365.984 -0.512345
919.367 -350.424 0.1558
919.403 -350.358 0.157648
919.452 -350.342 0.157291
919.501 -350.327 0.156916
919.551 -350.311 0.156522
918.635 -346.912 0.304601
918.661 -346.904 0.304347
918.687 -346.897 0.304084
918.712 -346.889 0.303811
918.738 -346.882 0.303529
918.764 -346.874 0.303238
918.79 -346.867 0.302937
918.816 -346.859 0.302626
918.841 -346.852 0.302306
918.867 -346.844 0.301977
918.893 -346.837 0.301637
918.919 -346.829 0.301288
918.945 -346.821 0.30093
918.971 -346.814 0.300561
918.997 -346.806 0.300183
919.023 -346.798 0.299795
919.049 -346.791 0.299397
919.075 -346.783 0.298989
919.101 -346.775 0.29857
919.127 -346.767 0.298142
919.153 -346.76 0.297704
919.179 -346.752 0.297255
919.205 -346.744 0.296797
919.232 -346.736 0.296327
923.372 -355.353 -0.123879
923.47 -355.34 -0.126255
928.058 -364.408 -0.575222
928.266 -364.456 -0.583062
928.447 -364.445 -0.588129
928.576 -364.332 -0.588178
928.744 -364.294 -0.591996
928.913 -364.257 -0.596027
929.07 -364.196 -0.598875
929.208 -364.101 -0.600052
929.441 -364.174 -0.609911
929.659 -364.216 -0.618346
929.942 -364.366 -0.632518
930.112 -364.317 -0.636536
930.239 -364.196 -0.636795
930.378 -364.096 -0.63821
930.512 -363.987 -0.639256
930.632 -363.857 -0.639162
930.753 -363.731 -0.639368
930.884 -363.619 -0.640377
930.987 -363.467 -0.639188
931.097 -363.327 -0.638716
931.2 -363.178 -0.637783
931.297 -363.022 -0.636464
931.385 -362.854 -0.634547
931.513 -362.746 -0.635966
931.538 -362.495 -0.629314
931.624 -362.331 -0.627569
931.634 -362.067 -0.62012
931.67 -361.843 -0.614891
931.645 -361.542 -0.605093
931.487 -361.077 -0.585547
931.355 -360.656 -0.568296
930.915 -359.858 -0.52834
930.615 -359.253 -0.49942
930.518 -358.908 -0.485866
930.474 -358.635 -0.4765
930.296 -358.207 -0.457518
930.351 -358.06 -0.4557
930.458 -357.976 -0.457748
930.578 -357.905 -0.460732
930.596 -357.72 -0.456581
930.628 -357.553 -0.453429
930.769 -357.507 -0.458135
930.893 -357.441 -0.461627
931.08 -357.44 -0.469486
931.503 -357.682 -0.493665
931.748 -357.732 -0.505372
931.945 -357.73 -0.513832
932.109 -357.692 -0.51998
932.248 -357.628 -0.524459
932.348 -357.525 -0.526337
932.136 -357.124 -0.507449
931.931 -356.737 -0.489171
931.997 -356.611 -0.48914
932.056 -356.478 -0.488731
932.066 -356.303 -0.4852
931.971 -356.036 -0.47486
931.988 -355.871 -0.471932
930.939 -354.786 -0.399978
931.023 -354.695 -0.40185
912.021 -374.495 -0.886066
912.268 -374.364 -0.879647
912.515 -374.216 -0.872596
912.756 -374.095 -0.866833
912.997 -373.957 -0.860398
913.244 -373.761 -0.851544
913.48 -373.625 -0.845393
913.728 -373.368 -0.834072
913.973 -373.109 -0.822781
914.214 -372.85 -0.811574
914.457 -372.532 -0.797884
914.7 -372.166 -0.782211
914.937 -371.808 -0.766994
915.166 -371.483 -0.753205
915.377 -371.327 -0.746838
915.583 -371.2 -0.741761
915.788 -371.07 -0.736641
915.99 -370.941 -0.731658
916.19 -370.816 -0.726869
916.389 -370.684 -0.721879
916.588 -370.506 -0.714944
916.785 -370.269 -0.705514
916.98 -370.02 -0.695666
917.17 -369.789 -0.686591
917.358 -369.565 -0.67792
917.542 -369.33 -0.668792
917.723 -369.081 -0.659142
917.899 -368.711 -0.644263
918.068 -368.277 -0.626596
918.237 -368.029 -0.617096
918.397 -367.629 -0.600978
918.553 -367.272 -0.58677
918.682 -366.448 -0.552117
918.833 -366.237 -0.544341
918.998 -366.295 -0.548402
919.17 -366.452 -0.556953
919.354 -366.73 -0.570871
919.553 -367.143 -0.590912
919.73 -367.233 -0.596773
919.908 -367.326 -0.602805
920.051 -367.07 -0.593453
920.193 -366.836 -0.585118
920.343 -366.686 -0.580515
920.337 -365.31 -0.521153
920.393 -364.54 -0.488766
920.499 -364.213 -0.476172
920.626 -364.061 -0.471438
920.756 -363.94 -0.468168
920.89 -363.854 -0.466471
921.027 -363.783 -0.465553
921.216 -364.024 -0.478825
921.437 -364.412 -0.498928
921.636 -364.656 -0.512576
921.812 -364.761 -0.519989
921.969 -364.764 -0.522872
922.106 -364.669 -0.52126
922.246 -364.597 -0.520734
922.387 -364.525 -0.520313
922.524 -364.444 -0.519463
922.664 -364.373 -0.519174
919.475 -350.864 0.109277
919.403 -350.358 0.131883
919.452 -350.342 0.131535
919.501 -350.326 0.131168
919.55 -350.311 0.130781
918.631 -346.898 0.291807
918.657 -346.891 0.291554
918.682 -346.883 0.291292
918.708 -346.876 0.291019
918.734 -346.868 0.290736
918.759 -346.861 0.290443
918.785 -346.853 0.290141
918.811 -346.846 0.289828
918.837 -346.838 0.289505
918.862 -346.831 0.289172
918.888 -346.823 0.288829
918.914 -346.815 0.288475
918.94 -346.808 0.288112
918.965 -346.8 0.287738
918.991 -346.793 0.287353
919.017 -346.785 0.286958
919.043 -346.777 0.286553
919.069 -346.769 0.286137
919.095 -346.762 0.285711
919.121 -346.754 0.285274
919.147 -346.746 0.284826
919.173 -346.738 0.284367
919.199 -346.731 0.283898
919.225 -346.723 0.283417
923.382 -355.374 -0.172025
923.475 -355.351 -0.17401
927.33 -362.938 -0.579861
927.572 -363.077 -0.592657
927.698 -362.983 -0.593138
927.821 -362.883 -0.593345
927.973 -362.84 -0.596637
928.119 -362.783 -0.599318
928.267 -362.732 -0.602313
928.415 -362.678 -0.605305
928.59 -362.673 -0.610999
928.787 -362.702 -0.618761
928.997 -362.749 -0.627644
929.167 -362.728 -0.632782
929.279 -362.605 -0.632329
929.337 -362.398 -0.627062
929.508 -362.375 -0.63235
929.671 -362.339 -0.636974
929.859 -362.339 -0.643824
930.043 -362.332 -0.650314
930.251 -362.357 -0.658897
930.369 -362.246 -0.659496
930.434 -362.057 -0.655523
930.495 -361.865 -0.651353
930.57 -361.696 -0.648595
930.704 -361.614 -0.651067
930.817 -361.501 -0.651728
930.842 -361.268 -0.645079
930.874 -361.049 -0.639213
930.885 -360.807 -0.631835
930.906 -360.581 -0.625421
930.758 -360.142 -0.605442
930.718 -359.851 -0.594659
930.585 -359.448 -0.576568
930.359 -358.938 -0.551335
930.339 -358.692 -0.542893
930.189 -358.294 -0.524436
930.124 -358.006 -0.512932
930.164 -357.845 -0.509788
930.174 -357.651 -0.504421
930.085 -357.349 -0.491637
930.121 -357.192 -0.488639
930.208 -357.092 -0.489515
930.341 -357.043 -0.493968
930.437 -356.954 -0.495697
930.543 -356.874 -0.49815
930.677 -356.824 -0.502757
930.791 -356.753 -0.505959
930.913 -356.688 -0.509706
931.005 -356.593 -0.511355
931.157 -356.557 -0.517381
931.35 -356.559 -0.526347
931.529 -356.545 -0.534382
931.717 -356.537 -0.542978
931.855 -356.481 -0.548011
931.921 -356.356 -0.547962
930.374 -354.775 -0.434339
930.429 -354.663 -0.434174
930.603 -354.656 -0.442392
930.739 -354.614 -0.447973
930.833 -354.534 -0.450655
930.92 -354.449 -0.452876
 ] }
 color Color { color [
0.581445 0 0.418555
0.559565 0 0.440435
0.556803 0 0.443197
0.554095 0 0.445905
0.554246 0 0.445754
0.554994 0 0.445006
0.555772 0 0.444228
0.556579 0 0.443421
0.557415 0 0.442585
0.558282 0 0.441718
0.559179 0 0.440821
0.0704425 0 0.929558
0.0701115 0 0.929889
0.0700801 0 0.92992
0.070053 0 0.929947
0.0700288 0 0.929971
0.0700085 0 0.929991
0.0699918 0 0.930008
0.0699783 0 0.930022
0.0699685 0 0.930031
0.0699624 0 0.930038
0.0699595 0 0.93004
0.06996 0 0.93004
0.0699645 0 0.930036
0.0704063 0 0.929594
0.0722499 0 0.92775
0.0700151 0 0.929985
0.0699593 0 0.930041
0.0699808 0 0.930019
0.0700061 0 0.929994
0.0700353 0 0.929965
0.0700676 0 0.929932
0.070103 0 0.929897
0.0701429 0 0.929857
0.0701859 0 0.929814
0.0702325 0 0.929768
0.0702825 0 0.929717
0.0703363 0 0.929664
0.0705672 0 0.929433
0.0727958 0 0.927204
0.133503 0 0.866497
0.133701 0 0.866299
0.133907 0 0.866093
0.581492 0 0.418508
0.559519 0 0.440481
0.556756 0 0.443244
0.554048 0 0.445952
0.554184 0 0.445816
0.554932 0 0.445068
0.55571 0 0.44429
0.556516 0 0.443484
0.557353 0 0.442647
0.558219 0 0.441781
0.559116 0 0.440884
0.0704267 0 0.929573
0.0700981 0 0.929902
0.0700671 0 0.929933
0.0700397 0 0.92996
0.0700159 0 0.929984
0.0699952 0 0.930005
0.0699784 0 0.930022
0.0699653 0 0.930035
0.0699554 0 0.930045
0.0699489 0 0.930051
0.0699463 0 0.930054
0.0699468 0 0.930053
0.0699509 0 0.930049
0.0703944 0 0.929606
0.0722361 0 0.927764
0.0700005 0 0.929999
0.0699457 0 0.930054
0.0699675 0 0.930032
0.0699929 0 0.930007
0.0700218 0 0.929978
0.0700543 0 0.929946
0.0700901 0 0.92991
0.0701294 0 0.929871
0.0701724 0 0.929828
0.0702189 0 0.929781
0.0702693 0 0.929731
0.0703231 0 0.929677
0.0705546 0 0.929445
0.072782 0 0.927218
0.133483 0 0.866517
0.133681 0 0.866319
0.133887 0 0.866113
0.581559 0 0.418441
0.559478 0 0.440522
0.556717 0 0.443283
0.554009 0 0.445991
0.554129 0 0.445871
0.554876 0 0.445124
0.555654 0 0.444346
0.556461 0 0.443539
0.557297 0 0.442703
0.558163 0 0.441837
0.55906 0 0.44094
0.0704119 0 0.929588
0.0700857 0 0.929914
0.0700547 0 0.929945
0.0700272 0 0.929973
0.0700034 0 0.929997
0.0699831 0 0.930017
0.0699664 0 0.930034
0.0699529 0 0.930047
0.0699429 0 0.930057
0.0699368 0 0.930063
0.0699339 0 0.930066
0.0699348 0 0.930065
0.0699388 0 0.930061
0.0703838 0 0.929616
0.0722236 0 0.927776
0.0699871 0 0.930013
0.04836 0 0.95164
0.0699552 0 0.930045
0.0699806 0 0.930019
0.0699802 0 0.93002
0.0700171 0 0.929983
0.0700571 0 0.929943
0.0701013 0 0.929899
0.0701485 0 0.929851
0.0702069 0 0.929793
0.0702569 0 0.929743
0.0703104 0 0.92969
0.070543 0 0.929457
0.0727688 0 0.927231
0.133464 0 0.866536
0.133663 0 0.866337
0.133868 0 0.866132
0.581626 0 0.418374
0.559446 0 0.440554
0.556684 0 0.443316
0.553977 0 0.446023
0.55408 0 0.44592
0.554828 0 0.445172
0.555605 0 0.444395
0.556412 0 0.443588
0.557248 0 0.442752
0.558114 0 0.441886
0.55901 0 0.44099
0.0703978 0 0.929602
0.0700741 0 0.929926
0.0700431 0 0.929957
0.070016 0 0.929984
0.0697394 0 0.930261
0.069723 0 0.930277
0.0697096 0 0.93029
0.0697002 0 0.9303
0.0696942 0 0.930306
0.0696916 0 0.930308
0.0699224 0 0.930078
0.0699233 0 0.930077
0.0699274 0 0.930073
0.0703734 0 0.929627
0.0722116 0 0.927788
0.0699739 0 0.930026
0.04833 0 0.95167
0.0699441 0 0.930056
0.0699691 0 0.930031
0.0697087 0 0.930291
0.069745 0 0.930255
0.0697848 0 0.930215
0.0698287 0 0.930171
0.0698757 0 0.930124
0.0701951 0 0.929805
0.0702451 0 0.929755
0.0702989 0 0.929701
0.0705322 0 0.929468
0.0727568 0 0.927243
0.133448 0 0.866552
0.133645 0 0.866355
0.133851 0 0.866149
0.581692 0 0.418308
0.559419 0 0.440581
0.556657 0 0.443343
0.55395 0 0.44605
0.554038 0 0.445962
0.554786 0 0.445214
0.555564 0 0.444436
0.55637 0 0.44363
0.557206 0 0.442794
0.558072 0 0.441928
0.558968 0 0.441032
0.0703848 0 0.929615
0.0700636 0 0.929936
0.070033 0 0.929967
0.0700053 0 0.929995
0.0694709 0 0.930529
0.0694543 0 0.930546
0.0694414 0 0.930559
0.0694322 0 0.930568
0.069426 0 0.930574
0.0694233 0 0.930577
0.0699121 0 0.930088
0.0699126 0 0.930087
0.0699171 0 0.930083
0.0703648 0 0.929635
0.0722009 0 0.927799
0.0699622 0 0.930038
0.0699116 0 0.930088
0.0699332 0 0.930067
0.0699585 0 0.930041
0.0694395 0 0.930561
0.0694756 0 0.930524
0.0695155 0 0.930484
0.0695589 0 0.930441
0.0696057 0 0.930394
0.0701845 0 0.929815
0.0702346 0 0.929765
0.0702884 0 0.929712
0.070522 0 0.929478
0.0727461 0 0.927254
0.133433 0 0.866567
0.13363 0 0.86637
0.133836 0 0.866164
0.581769 0 0.418231
0.559399 0 0.440601
0.556637 0 0.443363
0.55393 0 0.44607
0.554004 0 0.445996
0.554752 0 0.445248
0.555529 0 0.444471
0.556334 0 0.443666
0.557171 0 0.442829
0.558037 0 0.441963
0.558933 0 0.441067
0.0703725 0 0.929627
0.0700542 0 0.929946
0.0700232 0 0.929977
0.0699955 0 0.930004
0.0693874 0 0.930613
0.0693676 0 0.930632
0.0693507 0 0.930649
0.0693372 0 0.930663
0.0693276 0 0.930672
0.0693534 0 0.930647
0.0699023 0 0.930098
0.069903 0 0.930097
0.069907 0 0.930093
0.0703568 0 0.929643
0.0721907 0 0.927809
0.0699511 0 0.930049
0.0699019 0 0.930098
0.0483104 0 0.95169
0.0699488 0 0.930051
0.0693936 0 0.930606
0.0694256 0 0.930574
0.0694613 0 0.930539
0.0695001 0 0.9305
0.0695428 0 0.930457
0.0701745 0 0.929825
0.0702248 0 0.929775
0.0702787 0 0.929721
0.0705129 0 0.929487
0.0727359 0 0.927264
0.133419 0 0.866581
0.133617 0 0.866383
0.133822 0 0.866178
0.58185 0 0.41815
0.559385 0 0.440615
0.556624 0 0.443376
0.553917 0 0.446083
0.553975 0 0.446025
0.554723 0 0.445277
0.5555 0 0.4445
0.556307 0 0.443693
0.557143 0 0.442857
0.558008 0 0.441992
0.558904 0 0.441096
0.0703609 0 0.929639
0.0700452 0 0.929955
0.0700142 0 0.929986
0.0699869 0 0.930013
0.0693788 0 0.930621
0.0693586 0 0.930641
0.0693417 0 0.930658
0.0693287 0 0.930671
0.0693191 0 0.930681
0.0693463 0 0.930654
0.0698935 0 0.930107
0.069894 0 0.930106
0.0698984 0 0.930102
0.0703494 0 0.929651
0.0721821 0 0.927818
0.0699405 0 0.930059
0.0698931 0 0.930107
0.0699146 0 0.930085
0.06994 0 0.93006
0.0693848 0 0.930615
0.0694168 0 0.930583
0.0694525 0 0.930547
0.0694917 0 0.930508
0.069534 0 0.930466
0.070166 0 0.929834
0.070216 0 0.929784
0.0702695 0 0.92973
0.0705052 0 0.929495
0.0727267 0 0.927273
0.133408 0 0.866592
0.133605 0 0.866395
0.133811 0 0.866189
0.581936 0 0.418064
0.559379 0 0.440621
0.556617 0 0.443383
0.55391 0 0.44609
0.554594 0 0.445406
0.555371 0 0.444629
0.556176 0 0.443824
0.557012 0 0.442988
0.557878 0 0.442122
0.558773 0 0.441227
0.559699 0 0.440301
0.0703506 0 0.929649
0.0700373 0 0.929963
0.0700062 0 0.929994
0.0699791 0 0.930021
0.0693708 0 0.930629
0.0693506 0 0.930649
0.0693341 0 0.930666
0.069321 0 0.930679
0.069311 0 0.930689
0.0693404 0 0.93066
0.0698854 0 0.930115
0.0698863 0 0.930114
0.0698905 0 0.93011
0.0703431 0 0.929657
0.0721737 0 0.927826
0.0699315 0 0.930069
0.0698851 0 0.930115
0.069907 0 0.930093
0.069932 0 0.930068
0.0693768 0 0.930623
0.0694088 0 0.930591
0.0694446 0 0.930555
0.0694835 0 0.930517
0.0695261 0 0.930474
0.0701581 0 0.929842
0.0702081 0 0.929792
0.0702616 0 0.929738
0.0704979 0 0.929502
0.0727183 0 0.927282
0.133397 0 0.866603
0.133595 0 0.866405
0.133801 0 0.866199
0.582032 0 0.417968
0.559379 0 0.440621
0.556618 0 0.443382
0.555793 0 0.444207
0.556546 0 0.443454
0.557327 0 0.442673
0.558139 0 0.441861
0.55898 0 0.44102
0.559852 0 0.440148
0.560754 0 0.439246
0.561686 0 0.438314
0.0703405 0 0.929659
0.0700302 0 0.92997
0.0699992 0 0.930001
0.0699719 0 0.930028
0.069364 0 0.930636
0.0693438 0 0.930656
0.0693269 0 0.930673
0.0693138 0 0.930686
0.0693042 0 0.930696
0.0693351 0 0.930665
0.0698786 0 0.930121
0.0698793 0 0.930121
0.0698833 0 0.930117
0.0703374 0 0.929663
0.0721662 0 0.927834
0.0699229 0 0.930077
0.0698783 0 0.930122
0.0698999 0 0.9301
0.069925 0 0.930075
0.0693698 0 0.93063
0.0694018 0 0.930598
0.0694375 0 0.930562
0.0694764 0 0.930524
0.069519 0 0.930481
0.0701507 0 0.929849
0.0702007 0 0.929799
0.0702545 0 0.929745
0.0704919 0 0.929508
0.0727109 0 0.927289
0.133389 0 0.866611
0.133587 0 0.866413
0.133792 0 0.866208
0.582123 0 0.417877
0.559385 0 0.440615
0.557032 0 0.442968
0.557761 0 0.442239
0.558518 0 0.441482
0.559305 0 0.440695
0.560122 0 0.439878
0.56097 0 0.43903
0.561848 0 0.438152
0.562756 0 0.437244
0.563695 0 0.436305
0.0703316 0 0.929668
0.0700238 0 0.929976
0.0699928 0 0.930007
0.0699656 0 0.930034
0.0693579 0 0.930642
0.0693375 0 0.930663
0.0693209 0 0.930679
0.0693075 0 0.930692
0.0692979 0 0.930702
0.0693312 0 0.930669
0.0698723 0 0.930128
0.069873 0 0.930127
0.0698774 0 0.930123
0.070333 0 0.929667
0.0721603 0 0.92784
0.0699152 0 0.930085
0.0698718 0 0.930128
0.0698937 0 0.930106
0.069919 0 0.930081
0.0693636 0 0.930636
0.0693959 0 0.930604
0.0694313 0 0.930569
0.0694702 0 0.93053
0.0695128 0 0.930487
0.0701445 0 0.929855
0.0701945 0 0.929806
0.0702483 0 0.929752
0.0704864 0 0.929514
0.0727044 0 0.927296
0.133382 0 0.866618
0.13358 0 0.86642
0.133785 0 0.866215
0.582228 0 0.417772
0.559398 0 0.440602
0.559015 0 0.440985
0.559748 0 0.440252
0.560511 0 0.439489
0.561304 0 0.438696
0.562127 0 0.437873
0.56298 0 0.43702
0.563864 0 0.436136
0.564779 0 0.435221
0.565725 0 0.434275
0.0703239 0 0.929676
0.0700186 0 0.929981
0.0699878 0 0.930012
0.0699603 0 0.93004
0.0693524 0 0.930648
0.0693324 0 0.930668
0.0693155 0 0.930685
0.0693024 0 0.930698
0.0692929 0 0.930707
0.0693279 0 0.930672
0.0698672 0 0.930133
0.0698679 0 0.930132
0.0698721 0 0.930128
0.0703297 0 0.92967
0.0721546 0 0.927845
0.0699082 0 0.930092
0.0698665 0 0.930134
0.0698887 0 0.930111
0.0699137 0 0.930086
0.0693582 0 0.930642
0.0693905 0 0.930609
0.069426 0 0.930574
0.0694649 0 0.930535
0.0695078 0 0.930492
0.0701392 0 0.929861
0.0701892 0 0.929811
0.070243 0 0.929757
0.0704822 0 0.929518
0.0726991 0 0.927301
0.133377 0 0.866623
0.133575 0 0.866425
0.13378 0 0.86622
0.301171 0 0.698829
0.299723 0 0.700277
0.295814 0 0.704186
0.293329 0 0.706671
0.290288 0 0.709712
0.282792 0 0.717208
0.282013 0 0.717987
0.280996 0 0.719004
0.280634 0 0.719366
0.582338 0 0.417662
0.56031 0 0.43969
0.561018 0 0.438982
0.561757 0 0.438243
0.562525 0 0.437475
0.563324 0 0.436676
0.564153 0 0.435847
0.565013 0 0.434987
0.565903 0 0.434097
0.566824 0 0.433176
0.567777 0 0.432223
0.0726103 0 0.92739
0.070014 0 0.929986
0.0699834 0 0.930017
0.0699561 0 0.930044
0.0693484 0 0.930652
0.0693281 0 0.930672
0.0693115 0 0.930689
0.0692979 0 0.930702
0.0692883 0 0.930712
0.0693254 0 0.930675
0.0698624 0 0.930138
0.0698634 0 0.930137
0.0698675 0 0.930132
0.0723789 0 0.927621
0.0723869 0 0.927613
0.0699023 0 0.930098
0.0381782 0 0.961822
0.0382722 0 0.961728
0.0699093 0 0.930091
0.0693541 0 0.930646
0.0693861 0 0.930614
0.0694215 0 0.930578
0.0694604 0 0.93054
0.0695034 0 0.930497
0.0701347 0 0.929865
0.0701848 0 0.929815
0.0702383 0 0.929762
0.0704785 0 0.929522
0.0728888 0 0.927111
0.133373 0 0.866627
0.133572 0 0.866428
0.133777 0 0.866223
0.292765 0 0.707235
0.286642 0 0.713358
0.2864 0 0.7136
0.286152 0 0.713848
0.284235 0 0.715765
0.269794 0 0.730206
0.271146 0 0.728854
0.279732 0 0.720268
0.277749 0 0.722251
0.273419 0 0.726581
0.271324 0 0.728676
0.270177 0 0.729823
0.582458 0 0.417542
0.56233 0 0.43767
0.563043 0 0.436957
0.563787 0 0.436213
0.564561 0 0.435439
0.565366 0 0.434634
0.5662 0 0.4338
0.567066 0 0.432934
0.567963 0 0.432037
0.568891 0 0.431109
0.56985 0 0.43015
0.0728612 0 0.927139
0.0700106 0 0.929989
0.0699797 0 0.93002
0.0699525 0 0.930048
0.069426 0 0.930574
0.0694017 0 0.930598
0.0693814 0 0.930619
0.0693638 0 0.930636
0.0693502 0 0.93065
0.0693403 0 0.93066
0.0698591 0 0.930141
0.0698598 0 0.93014
0.0698642 0 0.930136
0.0726282 0 0.927372
0.0726361 0 0.927364
0.0726479 0 0.927352
0.038273 0 0.961727
0.0698803 0 0.93012
0.0699053 0 0.930095
0.0694681 0 0.930532
0.0694972 0 0.930503
0.0695298 0 0.93047
0.0695658 0 0.930434
0.0696056 0 0.930394
0.0701312 0 0.929869
0.0701812 0 0.929819
0.0702347 0 0.929765
0.0730807 0 0.926919
0.0738527 0 0.926147
0.133372 0 0.866628
0.13357 0 0.86643
0.133775 0 0.866225
0.295026 0 0.704974
0.285115 0 0.714885
0.281842 0 0.718158
0.280466 0 0.719534
0.264947 0 0.735053
0.264795 0 0.735205
0.266312 0 0.733688
0.268878 0 0.731122
0.270352 0 0.729648
0.2707 0 0.7293
0.270743 0 0.729257
0.227566 0 0.772434
0.226798 0 0.773202
0.226849 0 0.773151
0.585141 0 0.414859
0.564371 0 0.435629
0.56509 0 0.43491
0.565839 0 0.434161
0.566619 0 0.433381
0.567429 0 0.432571
0.568269 0 0.431731
0.569142 0 0.430858
0.570045 0 0.429955
0.549652 0 0.450348
0.547674 0 0.452326
0.0733742 0 0.926626
0.0733384 0 0.926662
0.0699771 0 0.930023
0.0699499 0 0.93005
0.0696673 0 0.930333
0.0696426 0 0.930357
0.0696218 0 0.930378
0.0696048 0 0.930395
0.0695913 0 0.930409
0.0695811 0 0.930419
0.0698563 0 0.930144
0.069857 0 0.930143
0.0731853 0 0.926815
0.0731928 0 0.926807
0.0732047 0 0.926795
0.0383872 0 0.961613
0.0380499 0 0.96195
0.0380673 0 0.961933
0.0380867 0 0.961913
0.0381077 0 0.961892
0.0381305 0 0.961869
0.038156 0 0.961844
0.069808 0 0.930192
0.069848 0 0.930152
0.0701282 0 0.929872
0.0701786 0 0.929821
0.0702324 0 0.929768
0.073693 0 0.926307
0.0738505 0 0.926149
0.133372 0 0.866628
0.13357 0 0.86643
0.133775 0 0.866225
0.5983 0 0.4017
0.583631 0 0.416369
0.573362 0 0.426638
0.571231 0 0.428769
0.567119 0 0.432881
0.569555 0 0.430445
0.573573 0 0.426427
0.577391 0 0.422609
0.581925 0 0.418075
0.585754 0 0.414246
0.587929 0 0.412071
0.589287 0 0.410713
0.590621 0 0.409379
0.592038 0 0.407962
0.592238 0 0.407762
0.294484 0 0.705516
0.285962 0 0.714038
0.265212 0 0.734788
0.263541 0 0.736459
0.263073 0 0.736927
0.262308 0 0.737692
0.261441 0 0.738559
0.26045 0 0.73955
0.259904 0 0.740096
0.259025 0 0.740975
0.269232 0 0.730768
0.224688 0 0.775312
0.223017 0 0.776983
0.223313 0 0.776687
0.224172 0 0.775828
0.224804 0 0.775196
0.597286 0 0.402714
0.588374 0 0.411626
0.584123 0 0.415877
0.580569 0 0.419431
0.577049 0 0.422951
0.57296 0 0.42704
0.568825 0 0.431175
0.565202 0 0.434798
0.562094 0 0.437906
0.558971 0 0.441029
0.555873 0 0.444127
0.552871 0 0.447129
0.546633 0 0.453367
0.534929 0 0.465071
0.529969 0 0.470031
0.526131 0 0.473869
0.522566 0 0.477434
0.518836 0 0.481164
0.513616 0 0.486384
0.50957 0 0.49043
0.505458 0 0.494542
0.502256 0 0.497744
0.499163 0 0.500836
0.496029 0 0.503971
0.492901 0 0.507099
0.488976 0 0.511024
0.484682 0 0.515318
0.480391 0 0.519609
0.476467 0 0.523533
0.470979 0 0.529021
0.0733724 0 0.926628
0.0733363 0 0.926664
0.0699752 0 0.930025
0.0699479 0 0.930052
0.0699111 0 0.930089
0.0698864 0 0.930114
0.0698652 0 0.930135
0.0698479 0 0.930152
0.0698345 0 0.930166
0.069824 0 0.930176
0.0698548 0 0.930145
0.0698554 0 0.930145
0.0731833 0 0.926817
0.0731911 0 0.926809
0.0732027 0 0.926797
0.0383766 0 0.961623
0.0380165 0 0.961984
0.0380339 0 0.961966
0.038053 0 0.961947
0.038074 0 0.961926
0.0380972 0 0.961903
0.0381224 0 0.961878
0.0700374 0 0.929963
0.0700801 0 0.92992
0.0701264 0 0.929874
0.0701768 0 0.929823
0.0736313 0 0.926369
0.0736911 0 0.926309
0.07385 0 0.92615
0.133373 0 0.866627
0.133571 0 0.866429
0.133776 0 0.866224
0.508158 0 0.491842
0.509203 0 0.490797
0.510239 0 0.489761
0.511459 0 0.488541
0.512522 0 0.487478
0.514115 0 0.485885
0.509991 0 0.490009
0.510728 0 0.489272
0.50496 0 0.49504
0.505222 0 0.494778
0.510936 0 0.489064
0.51079 0 0.48921
0.467475 0 0.532525
0.469837 0 0.530163
0.472018 0 0.527982
0.47288 0 0.52712
0.465827 0 0.534173
0.464829 0 0.535171
0.464187 0 0.535813
0.463008 0 0.536991
0.462704 0 0.537296
0.463732 0 0.536268
0.464955 0 0.535045
0.466631 0 0.533369
0.468976 0 0.531024
0.472297 0 0.527703
0.475423 0 0.524577
0.477717 0 0.522283
0.477273 0 0.522727
0.476699 0 0.523301
0.309241 0 0.690759
0.308295 0 0.691705
0.307512 0 0.692488
0.308712 0 0.691288
0.288191 0 0.711809
0.286365 0 0.713634
0.262288 0 0.737712
0.253284 0 0.746716
0.260282 0 0.739718
0.258322 0 0.741678
0.260099 0 0.739901
0.25928 0 0.74072
0.25826 0 0.74174
0.217797 0 0.782203
0.217566 0 0.782434
0.22019 0 0.77981
0.22047 0 0.77953
0.220558 0 0.779442
0.220869 0 0.779131
0.221048 0 0.778952
0.221656 0 0.778344
0.210559 0 0.789441
0.510727 0 0.489273
0.511548 0 0.488452
0.512155 0 0.487845
0.512755 0 0.487245
0.511748 0 0.488252
0.510336 0 0.489664
0.508922 0 0.491078
0.509542 0 0.490458
0.510054 0 0.489946
0.509423 0 0.490577
0.512092 0 0.487908
0.513637 0 0.486363
0.513245 0 0.486755
0.513838 0 0.486162
0.522815 0 0.477185
0.522541 0 0.477459
0.52146 0 0.47854
0.520406 0 0.479594
0.519244 0 0.480756
0.518285 0 0.481715
0.514913 0 0.485087
0.514197 0 0.485803
0.517224 0 0.482776
0.526176 0 0.473824
0.524281 0 0.475719
0.523722 0 0.476278
0.523828 0 0.476172
0.524101 0 0.475899
0.524323 0 0.475677
0.524442 0 0.475558
0.524717 0 0.475283
0.525586 0 0.474414
0.526071 0 0.473929
0.525017 0 0.474983
0.52269 0 0.47731
0.517203 0 0.482797
0.510011 0 0.489989
0.50655 0 0.49345
0.503359 0 0.496641
0.500205 0 0.499795
0.497154 0 0.502846
0.49419 0 0.50581
0.491077 0 0.508923
0.487862 0 0.512138
0.484455 0 0.515545
0.481108 0 0.518892
0.477628 0 0.522372
0.473866 0 0.526134
0.471668 0 0.528332
0.469725 0 0.530275
0.446573 0 0.553427
0.439049 0 0.560951
0.436103 0 0.563897
0.433777 0 0.566223
0.432258 0 0.567742
0.430769 0 0.569231
0.4293 0 0.5707
0.427851 0 0.572149
0.426419 0 0.573581
0.425041 0 0.574959
0.423644 0 0.576356
0.422341 0 0.577659
0.420985 0 0.579015
0.419645 0 0.580355
0.418324 0 0.581676
0.41702 0 0.58298
0.0733712 0 0.926629
0.0733355 0 0.926665
0.073303 0 0.926697
0.0699469 0 0.930053
0.0699233 0 0.930077
0.0699028 0 0.930097
0.0698861 0 0.930114
0.0698728 0 0.930127
0.0698632 0 0.930137
0.0698565 0 0.930143
0.0698541 0 0.930146
0.0731779 0 0.926822
0.0731822 0 0.926818
0.0731904 0 0.92681
0.0732017 0 0.926798
0.0383677 0 0.961632
0.0380107 0 0.961989
0.0380278 0 0.961972
0.0380472 0 0.961953
0.0380682 0 0.961932
0.0380915 0 0.961909
0.0381166 0 0.961883
0.0700365 0 0.929964
0.0700793 0 0.929921
0.0701258 0 0.929874
0.0701758 0 0.929824
0.0736303 0 0.92637
0.0736901 0 0.92631
0.0738498 0 0.92615
0.133376 0 0.866624
0.133574 0 0.866426
0.133779 0 0.866221
0.407924 0 0.592076
0.404996 0 0.595004
0.405452 0 0.594548
0.40456 0 0.59544
0.40339 0 0.59661
0.402685 0 0.597315
0.402171 0 0.597829
0.402508 0 0.597492
0.403829 0 0.596171
0.40393 0 0.59607
0.404061 0 0.595939
0.404576 0 0.595424
0.404072 0 0.595928
0.40165 0 0.59835
0.401686 0 0.598314
0.401344 0 0.598656
0.401126 0 0.598874
0.405271 0 0.594729
0.403434 0 0.596566
0.402941 0 0.597059
0.409893 0 0.590107
0.412696 0 0.587304
0.419811 0 0.580189
0.419831 0 0.580169
0.419762 0 0.580238
0.419523 0 0.580477
0.419359 0 0.580641
0.416211 0 0.583789
0.296897 0 0.703103
0.294586 0 0.705414
0.296546 0 0.703454
0.28099 0 0.71901
0.282404 0 0.717596
0.255105 0 0.744895
0.252678 0 0.747321
0.252519 0 0.747481
0.250029 0 0.749971
0.247174 0 0.752826
0.246035 0 0.753965
0.245003 0 0.754997
0.245299 0 0.754701
0.246068 0 0.753932
0.217496 0 0.782504
0.214058 0 0.785942
0.214331 0 0.785669
0.215122 0 0.784878
0.217335 0 0.782665
0.217333 0 0.782667
0.217031 0 0.782969
0.213705 0 0.786295
0.211029 0 0.788971
0.209542 0 0.790458
0.207426 0 0.792574
0.379223 0 0.620777
0.381012 0 0.618988
0.38261 0 0.61739
0.38419 0 0.61581
0.386256 0 0.613744
0.387652 0 0.612348
0.388926 0 0.611074
0.390986 0 0.609014
0.473181 0 0.526819
0.473606 0 0.526394
0.472491 0 0.527509
0.470913 0 0.529087
0.468703 0 0.531297
0.450443 0 0.549557
0.449347 0 0.550653
0.451051 0 0.548949
0.458029 0 0.541971
0.461124 0 0.538876
0.461575 0 0.538425
0.459573 0 0.540427
0.452646 0 0.547354
0.446522 0 0.553478
0.441441 0 0.558559
0.443107 0 0.556893
0.449061 0 0.550939
0.451467 0 0.548533
0.452542 0 0.547458
0.454734 0 0.545267
0.457524 0 0.542476
0.456882 0 0.543118
0.456745 0 0.543255
0.439951 0 0.560049
0.438258 0 0.561742
0.435404 0 0.564596
0.436311 0 0.563689
0.435644 0 0.564355
0.437214 0 0.562786
0.434742 0 0.565258
0.436405 0 0.563595
0.440386 0 0.559614
0.434484 0 0.565516
0.440731 0 0.559269
0.43652 0 0.56348
0.433234 0 0.566766
0.429623 0 0.570377
0.424552 0 0.575448
0.421162 0 0.578838
0.418052 0 0.581948
0.415085 0 0.584915
0.412583 0 0.587417
0.410899 0 0.589101
0.409528 0 0.590472
0.408174 0 0.591826
0.406907 0 0.593093
0.405585 0 0.594415
0.404313 0 0.595687
0.40288 0 0.59712
0.401044 0 0.598956
0.398237 0 0.601763
0.395217 0 0.604783
0.393243 0 0.606757
0.392236 0 0.607764
0.391199 0 0.608801
0.390109 0 0.609891
0.389024 0 0.610976
0.0733713 0 0.926629
0.073055 0 0.926945
0.0730281 0 0.926972
0.0699471 0 0.930053
0.0699233 0 0.930077
0.0699026 0 0.930097
0.069886 0 0.930114
0.0698726 0 0.930127
0.0698628 0 0.930137
0.0698567 0 0.930143
0.0698537 0 0.930146
0.0729422 0 0.927058
0.0729502 0 0.92705
0.0729617 0 0.927038
0.072977 0 0.927023
0.0383593 0 0.961641
0.0380054 0 0.961995
0.0380228 0 0.961977
0.038042 0 0.961958
0.0380632 0 0.961937
0.0380862 0 0.961914
0.0381114 0 0.961889
0.0700543 0 0.929946
0.070095 0 0.929905
0.0701394 0 0.929861
0.073574 0 0.926426
0.0736298 0 0.92637
0.07369 0 0.92631
0.0738504 0 0.92615
0.133381 0 0.866619
0.133579 0 0.866421
0.133784 0 0.866216
0.371748 0 0.628252
0.370835 0 0.629165
0.368839 0 0.631161
0.363542 0 0.636458
0.362335 0 0.637665
0.360912 0 0.639088
0.360134 0 0.639866
0.359448 0 0.640552
0.359305 0 0.640695
0.359005 0 0.640995
0.359652 0 0.640348
0.359811 0 0.640189
0.359946 0 0.640054
0.360432 0 0.639568
0.361429 0 0.638571
0.362859 0 0.637141
0.364394 0 0.635606
0.365099 0 0.634901
0.368655 0 0.631345
0.371226 0 0.628774
0.371026 0 0.628974
0.370454 0 0.629546
0.369682 0 0.630318
0.368053 0 0.631947
0.36683 0 0.63317
0.367057 0 0.632943
0.366523 0 0.633477
0.294947 0 0.705053
0.289241 0 0.710759
0.28044 0 0.71956
0.277601 0 0.722399
0.266869 0 0.733131
0.255196 0 0.744804
0.243234 0 0.756766
0.236768 0 0.763232
0.234683 0 0.765317
0.232696 0 0.767304
0.233067 0 0.766933
0.216672 0 0.783328
0.215615 0 0.784385
0.215471 0 0.784529
0.214487 0 0.785513
0.21274 0 0.78726
0.212465 0 0.787534
0.212693 0 0.787307
0.213462 0 0.786538
0.213572 0 0.786428
0.213719 0 0.786281
0.21297 0 0.78703
0.212196 0 0.787804
0.209974 0 0.790026
0.208537 0 0.791463
0.205965 0 0.794035
0.205182 0 0.794818
0.357974 0 0.642026
0.358957 0 0.641043
0.359954 0 0.640046
0.361076 0 0.638924
0.366751 0 0.633249
0.35684 0 0.64316
0.353136 0 0.646864
0.349495 0 0.650505
0.346647 0 0.653353
0.344805 0 0.655195
0.342961 0 0.657039
0.341069 0 0.658931
0.339294 0 0.660706
0.337699 0 0.662301
0.335669 0 0.664331
0.334561 0 0.665439
0.333069 0 0.666931
0.33237 0 0.66763
0.331848 0 0.668152
0.331333 0 0.668667
0.330949 0 0.669051
0.330324 0 0.669676
0.329875 0 0.670125
0.329259 0 0.670741
0.33098 0 0.66902
0.411151 0 0.588849
0.412243 0 0.587757
0.412042 0 0.587958
0.412572 0 0.587428
0.411998 0 0.588002
0.411707 0 0.588293
0.409945 0 0.590055
0.409052 0 0.590948
0.408071 0 0.591929
0.407947 0 0.592053
0.405303 0 0.594697
0.403418 0 0.596582
0.40217 0 0.59783
0.40091 0 0.59909
0.400149 0 0.599851
0.338165 0 0.661835
0.327736 0 0.672264
0.326958 0 0.673042
0.328293 0 0.671707
0.383489 0 0.616511
0.385306 0 0.614694
0.389297 0 0.610703
0.387396 0 0.612604
0.384597 0 0.615403
0.381817 0 0.618183
0.379117 0 0.620883
0.377412 0 0.622588
0.376014 0 0.623986
0.373958 0 0.626042
0.371168 0 0.628832
0.368575 0 0.631425
0.366158 0 0.633842
0.36368 0 0.63632
0.360933 0 0.639067
0.356952 0 0.643048
0.353189 0 0.646811
0.349254 0 0.650746
0.345614 0 0.654386
0.341841 0 0.658159
0.0729765 0 0.927023
0.0728568 0 0.927143
0.0728245 0 0.927176
0.0727959 0 0.927204
0.0701623 0 0.929838
0.0701375 0 0.929862
0.0701163 0 0.929884
0.0700985 0 0.929901
0.0700848 0 0.929915
0.0700743 0 0.929926
0.0726996 0 0.9273
0.0727 0 0.9273
0.0727044 0 0.927296
0.0727125 0 0.927287
0.0727239 0 0.927276
0.0383512 0 0.961649
0.0380008 0 0.961999
0.038018 0 0.961982
0.0380371 0 0.961963
0.0380584 0 0.961942
0.0380814 0 0.961919
0.0381062 0 0.961894
0.0703051 0 0.929695
0.070346 0 0.929654
0.0703907 0 0.929609
0.0731191 0 0.926881
0.0731765 0 0.926823
0.0732375 0 0.926762
0.0738527 0 0.926147
0.133388 0 0.866612
0.133585 0 0.866415
0.13379 0 0.86621
0.328748 0 0.671252
0.330013 0 0.669987
0.344798 0 0.655202
0.324829 0 0.675171
0.32243 0 0.67757
0.321958 0 0.678042
0.32225 0 0.67775
0.322959 0 0.677041
0.323328 0 0.676672
0.323793 0 0.676207
0.325519 0 0.674481
0.327754 0 0.672246
0.328968 0 0.671032
0.331179 0 0.668821
0.333307 0 0.666693
0.333371 0 0.666629
0.33286 0 0.66714
0.332305 0 0.667695
0.331884 0 0.668116
0.331293 0 0.668707
0.330917 0 0.669083
0.330109 0 0.669891
0.32972 0 0.67028
0.329181 0 0.670819
0.328687 0 0.671313
0.327881 0 0.672119
0.29554 0 0.70446
0.281444 0 0.718556
0.275161 0 0.724839
0.270395 0 0.729605
0.256065 0 0.743935
0.235852 0 0.764148
0.231057 0 0.768943
0.229869 0 0.770131
0.22947 0 0.77053
0.21775 0 0.78225
0.214648 0 0.785352
0.213293 0 0.786707
0.212335 0 0.787665
0.211598 0 0.788402
0.21182 0 0.78818
0.211005 0 0.788995
0.211024 0 0.788976
0.211408 0 0.788592
0.211615 0 0.788385
0.211871 0 0.788129
0.212197 0 0.787803
0.2117 0 0.7883
0.21113 0 0.78887
0.210711 0 0.789289
0.208968 0 0.791032
0.207303 0 0.792697
0.204023 0 0.795977
0.202452 0 0.797548
0.201417 0 0.798583
0.340361 0 0.659639
0.338492 0 0.661508
0.336783 0 0.663217
0.335085 0 0.664915
0.333413 0 0.666587
0.331855 0 0.668145
0.330305 0 0.669695
0.328803 0 0.671197
0.327329 0 0.672671
0.325984 0 0.674016
0.324457 0 0.675543
0.32306 0 0.67694
0.321681 0 0.678319
0.32031 0 0.67969
0.318984 0 0.681016
0.317683 0 0.682317
0.316404 0 0.683596
0.315147 0 0.684853
0.313913 0 0.686087
0.312698 0 0.687302
0.311487 0 0.688513
0.308894 0 0.691106
0.303649 0 0.696351
0.29917 0 0.70083
0.296993 0 0.703007
0.295825 0 0.704175
0.295555 0 0.704445
0.295288 0 0.704712
0.295025 0 0.704975
0.294763 0 0.705237
0.294495 0 0.705505
0.29423 0 0.70577
0.294084 0 0.705916
0.293956 0 0.706044
0.294673 0 0.705327
0.29595 0 0.70405
0.297628 0 0.702372
0.299117 0 0.700883
0.300758 0 0.699242
0.302383 0 0.697617
0.303872 0 0.696128
0.306608 0 0.693392
0.312415 0 0.687585
0.31613 0 0.68387
0.319073 0 0.680927
0.319308 0 0.680692
0.320078 0 0.679922
0.31768 0 0.68232
0.314182 0 0.685818
0.313176 0 0.686824
0.314098 0 0.685902
0.337842 0 0.662158
0.335738 0 0.664262
0.333168 0 0.666832
0.329649 0 0.670351
0.326264 0 0.673736
0.323027 0 0.676973
0.320478 0 0.679522
0.317545 0 0.682455
0.314711 0 0.685289
0.312177 0 0.687823
0.310334 0 0.689666
0.30927 0 0.69073
0.0729754 0 0.927025
0.0728583 0 0.927142
0.0728262 0 0.927174
0.0727979 0 0.927202
0.0727731 0 0.927227
0.0727519 0 0.927248
0.0727347 0 0.927265
0.0727206 0 0.927279
0.0708333 0 0.929167
0.072704 0 0.927296
0.0727012 0 0.927299
0.0727016 0 0.927298
0.0727061 0 0.927294
0.0727141 0 0.927286
0.0727257 0 0.927274
0.038342 0 0.961658
0.0379966 0 0.962003
0.0380136 0 0.961986
0.0380328 0 0.961967
0.0380538 0 0.961946
0.038077 0 0.961923
0.0381022 0 0.961898
0.0729502 0 0.92705
0.072995 0 0.927005
0.0730432 0 0.926957
0.0730952 0 0.926905
0.0731512 0 0.926849
0.0732109 0 0.926789
0.0738555 0 0.926144
0.133332 0 0.866668
0.133509 0 0.866491
0.133692 0 0.866308
0.291747 0 0.708253
0.293021 0 0.706979
0.294754 0 0.705246
0.296643 0 0.703357
0.308216 0 0.691784
0.307358 0 0.692642
0.304193 0 0.695807
0.3036 0 0.696401
0.304034 0 0.695966
0.304634 0 0.695366
0.304473 0 0.695527
0.304041 0 0.695959
0.303571 0 0.696429
0.303171 0 0.696829
0.302629 0 0.697371
0.301997 0 0.698003
0.301292 0 0.698708
0.300928 0 0.699072
0.300655 0 0.699345
0.299557 0 0.700443
0.298486 0 0.701514
0.297918 0 0.702082
0.297387 0 0.702613
0.296767 0 0.703233
0.295928 0 0.704072
0.292346 0 0.707654
0.279841 0 0.720159
0.275586 0 0.724414
0.265011 0 0.734989
0.256422 0 0.743578
0.247551 0 0.752449
0.231256 0 0.768744
0.22678 0 0.77322
0.224893 0 0.775107
0.215892 0 0.784108
0.211422 0 0.788578
0.210027 0 0.789973
0.209412 0 0.790588
0.209658 0 0.790341
0.209709 0 0.790291
0.209483 0 0.790517
0.209479 0 0.790521
0.209688 0 0.790312
0.210364 0 0.789636
0.210534 0 0.789466
0.210494 0 0.789506
0.210847 0 0.789153
0.210368 0 0.789632
0.209817 0 0.790183
0.209283 0 0.790717
0.20789 0 0.79211
0.205564 0 0.794436
0.201708 0 0.798292
0.199918 0 0.800082
0.198791 0 0.801209
0.19802 0 0.80198
0.333876 0 0.666124
0.332014 0 0.667986
0.330134 0 0.669866
0.32852 0 0.67148
0.326616 0 0.673384
0.325079 0 0.674921
0.32345 0 0.67655
0.322134 0 0.677866
0.320622 0 0.679378
0.319244 0 0.680756
0.317886 0 0.682114
0.316535 0 0.683465
0.315228 0 0.684772
0.313944 0 0.686056
0.312682 0 0.687318
0.311444 0 0.688556
0.310226 0 0.689774
0.308994 0 0.691006
0.306448 0 0.693552
0.301004 0 0.698995
0.29706 0 0.70294
0.29398 0 0.70602
0.291645 0 0.708355
0.290054 0 0.709946
0.288433 0 0.711567
0.287258 0 0.712742
0.285453 0 0.714547
0.284543 0 0.715457
0.283248 0 0.716752
0.28189 0 0.71811
0.28155 0 0.71845
0.280364 0 0.719636
0.279983 0 0.720017
0.27961 0 0.72039
0.279243 0 0.720757
0.278899 0 0.721101
0.278621 0 0.721379
0.27826 0 0.72174
0.277739 0 0.722261
0.278533 0 0.721467
0.280773 0 0.719227
0.282252 0 0.717748
0.284651 0 0.715349
0.286364 0 0.713636
0.289097 0 0.710903
0.287712 0 0.712288
0.285872 0 0.714128
0.28558 0 0.71442
0.284878 0 0.715122
0.283898 0 0.716102
0.280951 0 0.719049
0.279837 0 0.720163
0.28452 0 0.71548
0.288691 0 0.711309
0.290347 0 0.709653
0.290006 0 0.709993
0.288281 0 0.711719
0.286249 0 0.713751
0.284207 0 0.715793
0.28212 0 0.71788
0.280237 0 0.719763
0.278315 0 0.721685
0.0733765 0 0.926623
0.0728611 0 0.927139
0.072829 0 0.927171
0.0728005 0 0.927199
0.0727759 0 0.927224
0.0727547 0 0.927245
0.0727373 0 0.927263
0.0727232 0 0.927277
0.037811 0 0.962189
0.037814 0 0.962186
0.0378189 0 0.962181
0.0378254 0 0.962175
0.0378341 0 0.962166
0.0378443 0 0.962156
0.0378565 0 0.962143
0.0378707 0 0.962129
0.0378871 0 0.962113
0.0379043 0 0.962096
0.0379242 0 0.962076
0.0379459 0 0.962054
0.0379693 0 0.962031
0.0379946 0 0.962005
0.0380221 0 0.961978
0.0380509 0 0.961949
0.0380823 0 0.961918
0.0381149 0 0.961885
0.0381498 0 0.96185
0.0381866 0 0.961813
0.133491 0 0.866509
0.133529 0 0.866471
0.133701 0 0.866299
0.134007 0 0.865993
0.274609 0 0.725391
0.276797 0 0.723203
0.278212 0 0.721788
0.278412 0 0.721588
0.279565 0 0.720435
0.28009 0 0.71991
0.279927 0 0.720073
0.279614 0 0.720386
0.278488 0 0.721512
0.277773 0 0.722227
0.277842 0 0.722158
0.2778 0 0.7222
0.277949 0 0.722051
0.278087 0 0.721913
0.278489 0 0.721511
0.278364 0 0.721636
0.278453 0 0.721547
0.278524 0 0.721476
0.279133 0 0.720867
0.278375 0 0.721625
0.276609 0 0.723391
0.275509 0 0.724491
0.27478 0 0.72522
0.273891 0 0.726109
0.272039 0 0.727961
0.270589 0 0.729411
0.268342 0 0.731658
0.261624 0 0.738376
0.257983 0 0.742017
0.244757 0 0.755243
0.234392 0 0.765608
0.225158 0 0.774842
0.214617 0 0.785383
0.207773 0 0.792228
0.205763 0 0.794237
0.204251 0 0.795749
0.204012 0 0.795989
0.206041 0 0.793959
0.207111 0 0.792889
0.207744 0 0.792256
0.206433 0 0.793567
0.207681 0 0.792319
0.208371 0 0.791629
0.209038 0 0.790962
0.209138 0 0.790862
0.209105 0 0.790895
0.209506 0 0.790494
0.209079 0 0.790922
0.208534 0 0.791466
0.207921 0 0.792079
0.206564 0 0.793436
0.203719 0 0.796281
0.199633 0 0.800367
0.198516 0 0.801484
0.197396 0 0.802604
0.196431 0 0.803569
0.194626 0 0.805374
0.328102 0 0.671898
0.326232 0 0.673768
0.324395 0 0.675605
0.3226 0 0.6774
0.32091 0 0.67909
0.319192 0 0.680808
0.317533 0 0.682467
0.315897 0 0.684103
0.314653 0 0.685347
0.312879 0 0.687121
0.311641 0 0.688359
0.310329 0 0.689671
0.309065 0 0.690935
0.307842 0 0.692158
0.306641 0 0.693359
0.304078 0 0.695922
0.299905 0 0.700095
0.296418 0 0.703582
0.293139 0 0.706861
0.290095 0 0.709905
0.287847 0 0.712153
0.286276 0 0.713724
0.284799 0 0.715201
0.283254 0 0.716746
0.281796 0 0.718204
0.280335 0 0.719665
0.278898 0 0.721102
0.277397 0 0.722603
0.276068 0 0.723932
0.274527 0 0.725473
0.272606 0 0.727394
0.270902 0 0.729098
0.269771 0 0.730229
0.268744 0 0.731256
0.26776 0 0.73224
0.260811 0 0.739189
0.257186 0 0.742814
0.255375 0 0.744625
0.25485 0 0.74515
0.256983 0 0.743017
0.259056 0 0.740944
0.263811 0 0.736189
0.266611 0 0.733389
0.268218 0 0.731782
0.263925 0 0.736075
0.261315 0 0.738685
0.25912 0 0.74088
0.256587 0 0.743413
0.255213 0 0.744787
0.250174 0 0.749826
0.249243 0 0.750757
0.249756 0 0.750244
0.253788 0 0.746212
0.262556 0 0.737444
0.26284 0 0.73716
0.261789 0 0.738211
0.260815 0 0.739185
0.2602 0 0.7398
0.259674 0 0.740326
0.259068 0 0.740932
0.258604 0 0.741396
0.258235 0 0.741765
0.0728646 0 0.927135
0.0728327 0 0.927167
0.0728044 0 0.927196
0.0727796 0 0.92722
0.0727584 0 0.927242
0.072741 0 0.927259
0.0376679 0 0.962332
0.0376692 0 0.962331
0.037672 0 0.962328
0.0376767 0 0.962323
0.0376836 0 0.962316
0.0376918 0 0.962308
0.0377022 0 0.962298
0.0377145 0 0.962286
0.0377284 0 0.962272
0.0377442 0 0.962256
0.037762 0 0.962238
0.0377816 0 0.962218
0.0378031 0 0.962197
0.0378263 0 0.962174
0.0378516 0 0.962148
0.0378785 0 0.962121
0.0379074 0 0.962093
0.0379381 0 0.962062
0.0379705 0 0.96203
0.0380051 0 0.961995
0.0380419 0 0.961958
0.0380804 0 0.96192
0.133514 0 0.866486
0.133685 0 0.866315
0.133991 0 0.866009
0.249777 0 0.750223
0.252568 0 0.747432
0.255577 0 0.744424
0.256695 0 0.743305
0.257312 0 0.742688
0.258484 0 0.741516
0.258317 0 0.741683
0.258086 0 0.741915
0.259029 0 0.740971
0.260998 0 0.739002
0.262404 0 0.737596
0.262942 0 0.737058
0.263702 0 0.736298
0.262629 0 0.737371
0.261557 0 0.738443
0.26147 0 0.73853
0.261508 0 0.738492
0.260927 0 0.739073
0.259054 0 0.740946
0.257454 0 0.742546
0.257131 0 0.742869
0.256434 0 0.743566
0.256668 0 0.743332
0.255593 0 0.744407
0.25387 0 0.74613
0.251565 0 0.748435
0.249191 0 0.750809
0.246699 0 0.753301
0.243484 0 0.756516
0.237299 0 0.762701
0.22631 0 0.77369
0.222689 0 0.777311
0.212265 0 0.787735
0.205242 0 0.794758
0.203216 0 0.796784
0.201097 0 0.798903
0.199539 0 0.800461
0.198681 0 0.801319
0.197908 0 0.802092
0.197092 0 0.802908
0.196216 0 0.803784
0.200316 0 0.799684
0.204008 0 0.795992
0.205786 0 0.794214
0.206948 0 0.793052
0.207547 0 0.792453
0.206634 0 0.793366
0.207109 0 0.792891
0.207224 0 0.792776
0.206579 0 0.793421
0.204689 0 0.795311
0.199299 0 0.800701
0.198228 0 0.801772
0.197139 0 0.802861
0.196029 0 0.803971
0.194541 0 0.805459
0.192726 0 0.807274
0.191683 0 0.808317
0.322543 0 0.677457
0.320753 0 0.679247
0.318983 0 0.681017
0.31726 0 0.68274
0.315553 0 0.684447
0.313911 0 0.686089
0.312255 0 0.687745
0.31065 0 0.68935
0.30894 0 0.69106
0.307719 0 0.692281
0.306012 0 0.693988
0.30414 0 0.69586
0.301702 0 0.698298
0.298092 0 0.701908
0.29409 0 0.70591
0.290254 0 0.709746
0.286482 0 0.713518
0.284568 0 0.715432
0.283095 0 0.716905
0.281673 0 0.718327
0.280196 0 0.719804
0.278731 0 0.721269
0.277294 0 0.722705
0.275882 0 0.724118
0.274414 0 0.725586
0.272437 0 0.727564
0.269862 0 0.730138
0.267348 0 0.732652
0.265245 0 0.734755
0.262947 0 0.737053
0.259614 0 0.740386
0.256311 0 0.743689
0.252291 0 0.747709
0.248101 0 0.751899
0.241966 0 0.758034
0.238003 0 0.761997
0.241153 0 0.758847
0.246999 0 0.753001
0.25102 0 0.74898
0.255322 0 0.744678
0.256592 0 0.743408
0.256874 0 0.743126
0.256412 0 0.743588
0.253209 0 0.746791
0.248426 0 0.751574
0.240685 0 0.759315
0.236607 0 0.763393
0.233856 0 0.766144
0.22665 0 0.77335
0.22551 0 0.77449
0.225826 0 0.774174
0.229063 0 0.770937
0.234001 0 0.765999
0.237291 0 0.762709
0.237972 0 0.762028
0.238083 0 0.761917
0.237152 0 0.762848
0.236224 0 0.763776
0.235239 0 0.764761
0.234375 0 0.765625
0.233432 0 0.766568
0.0733921 0 0.926608
0.0728369 0 0.927163
0.0728086 0 0.927191
0.0727838 0 0.927216
0.072763 0 0.927237
0.0375283 0 0.962472
0.0375274 0 0.962473
0.0375288 0 0.962471
0.0375317 0 0.962468
0.0375362 0 0.962464
0.037543 0 0.962457
0.0375513 0 0.962449
0.0375616 0 0.962438
0.0375737 0 0.962426
0.0375874 0 0.962413
0.0376033 0 0.962397
0.0376208 0 0.962379
0.0376405 0 0.962359
0.0376615 0 0.962339
0.0376847 0 0.962315
0.0377095 0 0.962291
0.0377365 0 0.962264
0.037765 0 0.962235
0.0377955 0 0.962205
0.0378282 0 0.962172
0.0378625 0 0.962137
0.0378987 0 0.962101
0.0379365 0 0.962063
0.0379769 0 0.962023
0.133671 0 0.866329
0.133977 0 0.866023
0.235697 0 0.764303
0.237058 0 0.762942
0.237784 0 0.762216
0.237372 0 0.762628
0.237809 0 0.762191
0.238291 0 0.761709
0.238504 0 0.761496
0.238338 0 0.761662
0.240115 0 0.759885
0.241565 0 0.758435
0.244288 0 0.755712
0.244738 0 0.755262
0.244349 0 0.755651
0.244216 0 0.755784
0.244 0 0.756
0.24353 0 0.756469
0.243128 0 0.756872
0.242902 0 0.757098
0.242191 0 0.757809
0.241639 0 0.758361
0.240986 0 0.759014
0.240249 0 0.759751
0.239383 0 0.760617
0.239246 0 0.760754
0.237352 0 0.762648
0.23653 0 0.76347
0.234473 0 0.765527
0.232902 0 0.767098
0.23035 0 0.76965
0.225708 0 0.774292
0.221575 0 0.778425
0.212585 0 0.787415
0.205991 0 0.794009
0.202705 0 0.797295
0.200323 0 0.799677
0.195901 0 0.804099
0.195143 0 0.804857
0.195207 0 0.804793
0.195468 0 0.804532
0.19422 0 0.80578
0.193185 0 0.806815
0.193808 0 0.806192
0.194172 0 0.805828
0.19545 0 0.80455
0.200137 0 0.799863
0.2022 0 0.7978
0.203579 0 0.796421
0.204469 0 0.795531
0.205008 0 0.794991
0.205007 0 0.794993
0.200707 0 0.799293
0.19655 0 0.80345
0.196168 0 0.803832
0.195709 0 0.804291
0.194611 0 0.805389
0.19212 0 0.80788
0.191155 0 0.808845
0.176103 0 0.823897
0.176149 0 0.823851
0.317177 0 0.682823
0.315453 0 0.684547
0.313579 0 0.686421
0.312005 0 0.687995
0.310271 0 0.689729
0.307968 0 0.692032
0.306296 0 0.693704
0.303414 0 0.696586
0.300537 0 0.699463
0.297682 0 0.702318
0.294246 0 0.705754
0.29035 0 0.70965
0.286562 0 0.713438
0.283108 0 0.716892
0.281382 0 0.718618
0.279955 0 0.720045
0.278516 0 0.721484
0.277108 0 0.722892
0.275743 0 0.724257
0.274331 0 0.725669
0.272467 0 0.727533
0.270026 0 0.729974
0.26749 0 0.73251
0.265132 0 0.734868
0.26287 0 0.73713
0.260503 0 0.739497
0.258017 0 0.741983
0.254331 0 0.745669
0.250009 0 0.749991
0.247566 0 0.752434
0.243609 0 0.756391
0.240093 0 0.759907
0.231912 0 0.768088
0.229878 0 0.770122
0.230545 0 0.769455
0.23223 0 0.76777
0.235129 0 0.764871
0.23941 0 0.76059
0.240459 0 0.759541
0.241542 0 0.758458
0.239136 0 0.760864
0.236963 0 0.763037
0.235635 0 0.764365
0.221954 0 0.778046
0.214381 0 0.785619
0.211279 0 0.788721
0.209948 0 0.790052
0.208947 0 0.791053
0.208298 0 0.791702
0.207823 0 0.792177
0.210519 0 0.789481
0.214732 0 0.785268
0.217491 0 0.782509
0.218852 0 0.781148
0.219199 0 0.780801
0.218544 0 0.781456
0.218129 0 0.781871
0.217736 0 0.782264
0.217248 0 0.782752
0.216881 0 0.783119
0.0779336 0 0.922066
0.0728424 0 0.927158
0.0728142 0 0.927186
0.0727893 0 0.927211
0.0727685 0 0.927231
0.0373891 0 0.962611
0.0373884 0 0.962612
0.0373895 0 0.96261
0.0373924 0 0.962608
0.0373974 0 0.962603
0.0374039 0 0.962596
0.037412 0 0.962588
0.0374224 0 0.962578
0.0374344 0 0.962566
0.0374481 0 0.962552
0.0374639 0 0.962536
0.0374811 0 0.962519
0.0375006 0 0.962499
0.0375213 0 0.962479
0.0375446 0 0.962455
0.0375695 0 0.962431
0.0375959 0 0.962404
0.0376245 0 0.962376
0.0376547 0 0.962345
0.0376868 0 0.962313
0.0377208 0 0.962279
0.0377571 0 0.962243
0.0377945 0 0.962205
0.0378343 0 0.962166
0.133923 0 0.866077
0.134124 0 0.865876
0.219308 0 0.780692
0.221637 0 0.778363
0.221373 0 0.778627
0.221052 0 0.778948
0.221374 0 0.778626
0.221566 0 0.778434
0.221821 0 0.778179
0.222073 0 0.777927
0.222884 0 0.777116
0.224119 0 0.775881
0.22558 0 0.77442
0.226261 0 0.773739
0.225785 0 0.774215
0.224317 0 0.775683
0.225022 0 0.774978
0.225587 0 0.774413
0.226605 0 0.773395
0.227545 0 0.772455
0.228906 0 0.771094
0.228635 0 0.771365
0.227432 0 0.772568
0.226193 0 0.773807
0.225241 0 0.774759
0.225352 0 0.774648
0.225094 0 0.774906
0.223361 0 0.776639
0.221791 0 0.778209
0.219921 0 0.780079
0.218249 0 0.781751
0.213866 0 0.786134
0.211334 0 0.788666
0.207353 0 0.792647
0.201961 0 0.798039
0.199926 0 0.800074
0.19591 0 0.80409
0.193284 0 0.806716
0.192321 0 0.807679
0.190921 0 0.809079
0.188063 0 0.811937
0.187141 0 0.812859
0.186981 0 0.813019
0.187523 0 0.812477
0.187529 0 0.812471
0.187675 0 0.812325
0.188241 0 0.811759
0.18853 0 0.81147
0.188923 0 0.811077
0.188907 0 0.811093
0.189738 0 0.810262
0.191133 0 0.808867
0.192343 0 0.807657
0.193657 0 0.806343
0.194279 0 0.805721
0.193924 0 0.806076
0.171811 0 0.828189
0.171473 0 0.828527
0.172737 0 0.827263
0.173493 0 0.826507
0.173694 0 0.826306
0.173808 0 0.826192
 ] }
}
