# Real Time: 760.484
# Simulation Time: 15.93
# Radar Position: 881.305 -216.962 3.13139
# Radar Quat: 0.0172179 -0.00561213 0.696736 0.717099
PointSet {
 coord Coordinate { point [
875.537 -224.483 3.65303
875.591 -224.523 3.65196
875.644 -224.562 3.65091
875.977 -224.219 3.62398
876.028 -224.257 3.62303
876.078 -224.295 3.62208
876.129 -224.333 3.62114
876.179 -224.372 3.6202
876.23 -224.41 3.61928
876.28 -224.448 3.61837
876.071 -224.881 3.64281
876.124 -224.921 3.64184
876.178 -224.961 3.64088
876.231 -225.001 3.63993
876.536 -224.635 3.61362
876.587 -224.673 3.61275
876.638 -224.712 3.6119
876.689 -224.75 3.61105
876.74 -224.789 3.61021
876.791 -224.828 3.60938
876.842 -224.867 3.60856
876.662 -225.323 3.63267
874.11 -230.15 3.91555
874.208 -230.19 3.91281
874.306 -230.23 3.91008
874.404 -230.27 3.90737
874.501 -230.31 3.90469
874.599 -230.35 3.90202
874.696 -230.39 3.89936
874.793 -230.429 3.89673
874.89 -230.469 3.89411
874.987 -230.509 3.89152
875.053 -230.618 3.89277
873.882 -233.483 4.04629
879.471 -221.537 3.37692
878.055 -257.793 4.81478
886.632 -265.55 4.83536
886.834 -261.615 4.67826
887.945 -262.71 4.68682
888.275 -262.73 4.6778
887.917 -258.426 4.52372
892.716 -264.642 4.6228
893.454 -260.884 4.46023
892.418 -255.049 4.26828
875.726 -224.342 3.60713
875.928 -224.179 3.59323
875.978 -224.217 3.59227
876.028 -224.255 3.5913
876.079 -224.293 3.59035
876.129 -224.332 3.5894
876.18 -224.37 3.58846
876.23 -224.408 3.58753
876.281 -224.446 3.5866
876.195 -224.692 3.59814
876.247 -224.731 3.59718
876.299 -224.77 3.59623
876.486 -224.595 3.58268
876.537 -224.633 3.58179
876.588 -224.672 3.5809
876.638 -224.71 3.58003
876.689 -224.749 3.57915
876.74 -224.787 3.57829
876.791 -224.826 3.57743
876.843 -224.865 3.57658
876.894 -224.903 3.57573
876.825 -225.163 3.5871
874.208 -230.188 3.86011
874.306 -230.228 3.85742
874.403 -230.268 3.85475
874.501 -230.308 3.85209
874.598 -230.348 3.84945
874.695 -230.388 3.84683
874.792 -230.428 3.84422
874.89 -230.468 3.84162
874.987 -230.508 3.83905
875.053 -230.614 3.83995
873.883 -233.478 3.98259
879.471 -221.536 3.35952
878.051 -257.788 4.67136
886.829 -261.621 4.52115
887.966 -262.897 4.53093
888.268 -262.726 4.51586
887.911 -258.423 4.37686
892.708 -264.634 4.45126
893.455 -260.909 4.30164
892.413 -255.053 4.12972
875.928 -224.177 3.56154
875.979 -224.216 3.56057
876.029 -224.254 3.5596
876.079 -224.292 3.55864
876.13 -224.33 3.55769
876.18 -224.368 3.55674
876.231 -224.406 3.55579
876.281 -224.444 3.55486
876.332 -224.483 3.55392
876.258 -224.712 3.56359
876.31 -224.751 3.56264
876.486 -224.593 3.5509
876.537 -224.631 3.54998
876.588 -224.67 3.54908
876.639 -224.708 3.54818
876.69 -224.747 3.54728
876.741 -224.785 3.54639
876.792 -224.824 3.5455
876.843 -224.863 3.54462
876.894 -224.902 3.54374
876.833 -225.147 3.55347
874.207 -230.187 3.80743
874.305 -230.227 3.80478
874.403 -230.267 3.80215
874.5 -230.307 3.79952
874.597 -230.347 3.79691
874.695 -230.387 3.79432
874.792 -230.427 3.79173
874.889 -230.466 3.78916
874.986 -230.506 3.7866
875.053 -230.612 3.7872
873.883 -233.473 3.91893
879.47 -221.536 3.34214
878.047 -257.784 4.52801
886.824 -261.627 4.36407
887.961 -262.901 4.36886
888.262 -262.722 4.35398
887.906 -258.423 4.23014
892.7 -264.626 4.27982
893.455 -260.934 4.14292
892.409 -255.057 3.99118
875.979 -224.214 3.52889
876.029 -224.252 3.52792
876.08 -224.29 3.52696
876.13 -224.328 3.52599
876.181 -224.366 3.52504
876.231 -224.405 3.52408
876.281 -224.443 3.52313
876.332 -224.481 3.52219
876.259 -224.71 3.53104
876.424 -224.572 3.52102
876.487 -224.591 3.51913
876.538 -224.629 3.5182
876.588 -224.668 3.51727
876.639 -224.706 3.51635
876.69 -224.745 3.51543
876.741 -224.783 3.51451
876.792 -224.822 3.5136
876.843 -224.861 3.51269
876.895 -224.9 3.51178
876.833 -225.145 3.52065
874.207 -230.186 3.75478
874.304 -230.226 3.75217
874.402 -230.266 3.74957
874.499 -230.306 3.74698
874.597 -230.346 3.7444
874.694 -230.385 3.74183
874.791 -230.425 3.73927
874.888 -230.465 3.73672
874.985 -230.505 3.73418
875.053 -230.608 3.73444
873.884 -233.468 3.85532
879.47 -221.535 3.32476
878.042 -257.78 4.38473
886.96 -265.575 4.31264
886.819 -261.635 4.20699
887.956 -262.906 4.20679
888.255 -262.717 4.19217
887.901 -258.426 4.08352
892.691 -264.619 4.10848
893.456 -260.959 3.98406
892.405 -255.062 3.85264
876.03 -224.25 3.49627
876.08 -224.288 3.49529
876.131 -224.327 3.49433
876.181 -224.365 3.49336
876.231 -224.403 3.4924
876.282 -224.441 3.49143
876.332 -224.479 3.49047
876.259 -224.708 3.49852
876.424 -224.57 3.48924
876.487 -224.589 3.48739
876.538 -224.628 3.48644
876.589 -224.666 3.48549
876.639 -224.705 3.48454
876.69 -224.743 3.4836
876.741 -224.782 3.48266
876.792 -224.82 3.48171
876.844 -224.859 3.48077
876.895 -224.898 3.47983
876.923 -224.979 3.48072
874.206 -230.184 3.70216
874.304 -230.224 3.69958
874.401 -230.264 3.69701
874.499 -230.304 3.69445
874.596 -230.344 3.6919
874.693 -230.384 3.68936
874.79 -230.424 3.68682
874.888 -230.464 3.6843
874.984 -230.503 3.68177
875.053 -230.605 3.68175
873.884 -233.463 3.79177
879.47 -221.535 3.30739
878.038 -257.777 4.24156
886.949 -265.534 4.14085
886.815 -261.643 4.04992
888.249 -262.716 4.03049
887.897 -258.433 3.93697
892.683 -264.612 3.93723
893.457 -260.985 3.82505
892.401 -255.067 3.71411
876.081 -224.287 3.46365
876.131 -224.325 3.46268
876.182 -224.363 3.4617
876.232 -224.401 3.46073
876.282 -224.439 3.45976
876.333 -224.477 3.45878
876.26 -224.707 3.46601
876.425 -224.569 3.45747
876.488 -224.588 3.45567
876.538 -224.626 3.4547
876.589 -224.664 3.45373
876.64 -224.703 3.45276
876.691 -224.741 3.45179
876.742 -224.78 3.45082
876.793 -224.818 3.44985
876.844 -224.857 3.44888
876.895 -224.896 3.44791
876.924 -224.976 3.44857
874.206 -230.183 3.64955
874.303 -230.223 3.64701
874.401 -230.263 3.64448
874.498 -230.303 3.64195
874.596 -230.343 3.63943
874.693 -230.383 3.63691
874.79 -230.422 3.6344
874.887 -230.462 3.6319
874.984 -230.502 3.62939
875.053 -230.603 3.62912
873.884 -233.46 3.72832
879.47 -221.534 3.29002
878.034 -257.775 4.09843
886.942 -265.523 3.96988
886.81 -261.651 3.89283
888.243 -262.715 3.86885
887.893 -258.443 3.79047
892.675 -264.605 3.76608
893.459 -261.012 3.6659
892.397 -255.072 3.57557
906.271 -271.446 3.47842
876.135 -224.318 3.43086
876.186 -224.356 3.42986
876.233 -224.399 3.42908
876.283 -224.438 3.4281
876.333 -224.476 3.42711
876.26 -224.705 3.43353
876.425 -224.567 3.42572
876.488 -224.586 3.42397
876.539 -224.624 3.42298
876.6 -224.645 3.42131
876.651 -224.682 3.42031
876.702 -224.72 3.4193
876.753 -224.758 3.41829
876.805 -224.797 3.41728
876.844 -224.855 3.41701
876.895 -224.894 3.41601
876.925 -224.974 3.41645
874.205 -230.182 3.59696
874.303 -230.222 3.59446
874.4 -230.262 3.59196
874.498 -230.302 3.58947
874.595 -230.341 3.58697
874.692 -230.381 3.58448
874.789 -230.421 3.582
874.886 -230.461 3.57951
874.983 -230.501 3.57703
875.052 -230.601 3.57652
873.884 -233.457 3.66491
879.47 -221.533 3.27266
878.029 -257.772 3.95533
886.936 -265.52 3.79911
886.806 -261.661 3.7357
888.237 -262.714 3.70723
887.89 -258.458 3.64397
892.667 -264.598 3.59499
893.46 -261.039 3.50658
892.394 -255.077 3.43701
906.264 -271.451 3.26925
876.206 -224.326 3.39724
876.233 -224.398 3.39745
876.283 -224.436 3.39645
876.334 -224.474 3.39546
876.261 -224.703 3.40106
876.425 -224.566 3.39398
876.489 -224.584 3.39228
876.539 -224.622 3.39127
876.616 -224.618 3.38884
876.67 -224.651 3.38765
876.72 -224.689 3.38662
876.771 -224.726 3.38559
876.822 -224.764 3.38456
876.845 -224.853 3.38516
876.896 -224.892 3.38413
876.925 -224.971 3.38435
874.205 -230.18 3.54439
874.302 -230.22 3.54192
874.4 -230.26 3.53946
874.497 -230.3 3.537
874.594 -230.34 3.53453
874.692 -230.38 3.53207
874.789 -230.42 3.52961
874.886 -230.459 3.52715
878.82 -222.269 3.28625
875.052 -230.599 3.52395
873.884 -233.454 3.60155
879.469 -221.533 3.25531
878.025 -257.77 3.81226
886.93 -265.522 3.62843
886.802 -261.671 3.57852
888.231 -262.713 3.54563
887.889 -258.48 3.49744
892.659 -264.592 3.42397
893.462 -261.068 3.34708
892.39 -255.083 3.29844
906.258 -271.456 3.06008
876.233 -224.396 3.36584
876.284 -224.434 3.36483
876.334 -224.472 3.36382
876.261 -224.701 3.36862
876.425 -224.565 3.36226
876.489 -224.582 3.36062
876.54 -224.621 3.35959
876.616 -224.617 3.35732
876.671 -224.647 3.35604
876.722 -224.685 3.35501
876.773 -224.723 3.35397
876.823 -224.761 3.35292
876.845 -224.852 3.35332
876.896 -224.89 3.35226
876.926 -224.968 3.35228
874.204 -230.179 3.49183
874.302 -230.219 3.4894
874.399 -230.259 3.48697
874.497 -230.299 3.48454
874.594 -230.339 3.48211
874.691 -230.379 3.47967
874.788 -230.418 3.47724
874.885 -230.458 3.47479
878.817 -222.276 3.26582
875.051 -230.597 3.47139
873.884 -233.451 3.5382
879.469 -221.532 3.23796
878.021 -257.767 3.66922
886.925 -265.527 3.45777
886.797 -261.681 3.4213
888.226 -262.713 3.38405
887.889 -258.518 3.35084
892.652 -264.586 3.253
893.465 -261.099 3.18739
892.387 -255.09 3.15982
906.252 -271.461 2.85088
876.284 -224.432 3.33322
876.335 -224.471 3.3322
876.261 -224.699 3.33619
876.425 -224.563 3.33055
876.489 -224.581 3.32897
876.54 -224.619 3.32792
876.616 -224.615 3.32581
876.672 -224.645 3.32454
876.722 -224.683 3.32348
876.773 -224.721 3.32241
876.824 -224.76 3.32134
876.845 -224.85 3.32151
876.896 -224.888 3.32041
876.926 -224.966 3.32022
874.204 -230.178 3.43928
874.301 -230.218 3.43689
874.399 -230.258 3.4345
874.496 -230.298 3.4321
874.593 -230.337 3.4297
874.69 -230.377 3.42729
874.787 -230.417 3.42488
874.884 -230.457 3.42246
874.981 -230.496 3.42003
875.051 -230.595 3.41885
873.883 -233.449 3.47488
879.469 -221.531 3.22062
878.017 -257.764 3.5262
886.92 -265.535 3.28709
886.793 -261.692 3.264
888.22 -262.712 3.22249
888.173 -258.462 3.19358
892.644 -264.58 3.08209
893.469 -261.136 3.02747
892.383 -255.097 3.02116
906.245 -271.466 2.64165
876.335 -224.469 3.30059
876.262 -224.698 3.30377
876.426 -224.562 3.29886
876.49 -224.579 3.29733
876.54 -224.617 3.29627
876.616 -224.614 3.29432
876.672 -224.643 3.29305
876.723 -224.681 3.29197
876.773 -224.719 3.29088
876.824 -224.758 3.28978
876.845 -224.848 3.28971
876.897 -224.887 3.28858
876.927 -224.963 3.28819
874.203 -230.176 3.38675
874.301 -230.216 3.3844
874.398 -230.256 3.38204
874.495 -230.296 3.37967
874.593 -230.336 3.3773
874.69 -230.376 3.37492
874.787 -230.416 3.37253
874.884 -230.455 3.37013
874.981 -230.495 3.36773
875.05 -230.594 3.36633
873.883 -233.446 3.41159
879.469 -221.531 3.20328
878.012 -257.762 3.38321
886.915 -265.546 3.11636
886.789 -261.704 3.10664
888.214 -262.711 3.06094
888.162 -258.43 3.04676
892.636 -264.574 2.91123
892.38 -255.104 2.88246
884.955 -226.047 3.03463
885.029 -226.046 3.03183
885.103 -226.045 3.02901
885.177 -226.043 3.02617
885.252 -226.042 3.0233
885.327 -226.04 3.02041
885.402 -226.039 3.0175
885.478 -226.037 3.01457
885.555 -226.036 3.0116
885.631 -226.034 3.00862
885.709 -226.033 3.00561
885.787 -226.031 3.00257
885.865 -226.03 2.9995
876.262 -224.696 3.27138
876.426 -224.56 3.26718
876.49 -224.577 3.26572
876.541 -224.615 3.26463
876.616 -224.613 3.26283
876.673 -224.641 3.26158
876.723 -224.679 3.26047
876.774 -224.718 3.25935
876.824 -224.756 3.25823
876.846 -224.846 3.25792
876.897 -224.885 3.25677
876.928 -224.961 3.25618
874.203 -230.175 3.33423
874.3 -230.215 3.33192
874.398 -230.255 3.3296
874.495 -230.295 3.32726
874.592 -230.335 3.32492
874.689 -230.374 3.32256
874.786 -230.414 3.3202
874.883 -230.454 3.31782
874.98 -230.494 3.31544
875.05 -230.592 3.31382
873.883 -233.442 3.34832
879.469 -221.53 3.18595
878.008 -257.759 3.24025
878.28 -257.952 3.2317
886.91 -265.559 2.94556
886.785 -261.716 2.9492
888.208 -262.71 2.8994
888.154 -258.411 2.9001
892.629 -264.569 2.74041
892.378 -255.113 2.7437
884.035 -226.079 3.0358
884.095 -226.047 3.03351
884.164 -226.045 3.03088
884.234 -226.044 3.02823
884.304 -226.043 3.02556
884.374 -226.041 3.02287
884.445 -226.04 3.02016
884.515 -226.039 3.01743
884.586 -226.037 3.01468
884.658 -226.036 3.01191
884.73 -226.035 3.00912
884.802 -226.033 3.0063
884.874 -226.032 3.00346
884.947 -226.03 3.0006
885.021 -226.029 2.99772
885.094 -226.027 2.99481
885.168 -226.026 2.99188
885.243 -226.024 2.98892
885.318 -226.023 2.98594
885.393 -226.021 2.98293
885.469 -226.02 2.9799
885.545 -226.018 2.97684
885.622 -226.017 2.97375
885.699 -226.015 2.97063
885.777 -226.014 2.96749
885.855 -226.012 2.96431
885.934 -226.011 2.96111
876.426 -224.559 3.23551
876.491 -224.575 3.23411
876.541 -224.614 3.23301
876.617 -224.611 3.23137
876.673 -224.639 3.23012
876.723 -224.678 3.22899
876.774 -224.716 3.22785
876.825 -224.754 3.2267
876.846 -224.844 3.22615
876.897 -224.883 3.22497
876.836 -225.128 3.22615
874.202 -230.174 3.28173
874.3 -230.214 3.27945
874.397 -230.254 3.27716
874.494 -230.293 3.27486
874.592 -230.333 3.27254
874.689 -230.373 3.27022
874.786 -230.413 3.26788
874.883 -230.453 3.26552
874.979 -230.492 3.26316
875.05 -230.59 3.26132
873.883 -233.439 3.28507
879.468 -221.53 3.16863
878.321 -227.478 3.18463
878.425 -227.389 3.18204
878.527 -227.302 3.1795
878.627 -227.216 3.17699
878.724 -227.133 3.17453
878.82 -227.051 3.1721
878.914 -226.97 3.16971
879.007 -226.891 3.16735
879.097 -226.814 3.16503
879.186 -226.738 3.16274
879.271 -226.673 3.16051
879.329 -226.737 3.15867
878.004 -257.757 3.0973
878.277 -257.94 3.08817
886.906 -265.575 2.77464
886.781 -261.729 2.79166
888.202 -262.709 2.73787
888.147 -258.399 2.75352
883.153 -226.087 3.0358
883.212 -226.047 3.03376
883.278 -226.046 3.0313
883.344 -226.044 3.02883
883.411 -226.043 3.02634
883.478 -226.042 3.02383
883.545 -226.041 3.02131
883.612 -226.039 3.01877
883.679 -226.038 3.01621
883.747 -226.037 3.01364
883.815 -226.036 3.01104
883.883 -226.034 3.00843
883.951 -226.033 3.00579
884.02 -226.032 3.00314
884.089 -226.03 3.00047
884.158 -226.029 2.99778
884.227 -226.028 2.99506
884.297 -226.026 2.99233
884.367 -226.025 2.98957
884.438 -226.023 2.9868
884.508 -226.022 2.984
884.579 -226.021 2.98117
884.65 -226.019 2.97833
884.722 -226.018 2.97546
884.794 -226.016 2.97256
884.866 -226.015 2.96965
884.939 -226.013 2.9667
885.012 -226.012 2.96374
885.086 -226.01 2.96074
885.16 -226.009 2.95772
885.234 -226.007 2.95467
885.309 -226.006 2.9516
885.384 -226.004 2.9485
885.459 -226.003 2.94536
885.536 -226.001 2.9422
885.612 -226 2.93901
885.689 -225.998 2.93579
885.767 -225.996 2.93254
885.845 -225.995 2.92926
885.923 -225.993 2.92595
886.002 -225.991 2.9226
876.491 -224.574 3.20253
876.542 -224.612 3.2014
876.617 -224.61 3.19991
876.671 -224.642 3.19871
876.721 -224.681 3.19756
876.771 -224.72 3.1964
876.821 -224.758 3.19523
876.846 -224.842 3.1944
876.898 -224.881 3.19318
876.822 -225.152 3.19372
874.202 -230.172 3.22923
874.299 -230.212 3.22699
874.396 -230.252 3.22474
874.494 -230.292 3.22247
874.591 -230.332 3.22018
874.688 -230.372 3.21788
874.785 -230.411 3.21557
874.882 -230.451 3.21323
874.979 -230.491 3.21089
875.049 -230.588 3.20885
873.883 -233.436 3.22185
879.393 -221.441 3.15353
879.468 -221.529 3.15131
876.607 -228.914 3.18099
876.75 -228.792 3.17821
876.89 -228.673 3.17548
877.026 -228.557 3.1728
877.159 -228.444 3.17017
877.288 -228.333 3.16759
877.415 -228.226 3.16506
877.538 -228.12 3.16258
877.659 -228.018 3.16013
877.777 -227.917 3.15773
877.892 -227.819 3.15537
878.005 -227.722 3.15305
878.115 -227.628 3.15077
878.223 -227.536 3.14852
878.329 -227.446 3.1463
878.433 -227.358 3.14412
878.534 -227.271 3.14197
878.633 -227.187 3.13985
878.731 -227.103 3.13775
878.826 -227.022 3.13569
878.92 -226.942 3.13366
879.012 -226.863 3.13165
879.102 -226.787 3.12967
879.191 -226.711 3.12771
879.278 -226.637 3.12577
879.336 -226.697 3.12376
879.394 -226.766 3.1217
877.999 -257.754 2.95436
878.273 -257.928 2.94471
882.244 -226.161 3.0358
882.297 -226.047 3.0347
882.361 -226.046 3.03242
882.425 -226.045 3.03013
882.49 -226.044 3.02783
882.554 -226.043 3.02551
882.619 -226.042 3.02318
882.684 -226.04 3.02083
882.749 -226.039 3.01847
882.814 -226.038 3.01609
882.879 -226.037 3.01369
882.944 -226.036 3.01128
883.01 -226.034 3.00886
883.075 -226.033 3.00641
883.141 -226.032 3.00395
883.207 -226.031 3.00147
883.273 -226.029 2.99898
883.339 -226.028 2.99647
883.406 -226.027 2.99394
883.473 -226.026 2.99139
883.539 -226.024 2.98882
883.607 -226.023 2.98623
883.674 -226.022 2.98362
883.741 -226.02 2.98099
883.809 -226.019 2.97835
883.877 -226.018 2.97568
883.945 -226.017 2.97299
884.014 -226.015 2.97028
884.083 -226.014 2.96755
884.152 -226.012 2.9648
884.221 -226.011 2.96202
884.29 -226.01 2.95922
884.36 -226.008 2.9564
884.43 -226.007 2.95355
884.501 -226.005 2.95068
884.572 -226.004 2.94779
884.643 -226.002 2.94487
884.714 -226.001 2.94192
884.786 -225.999 2.93895
884.859 -225.998 2.93595
884.931 -225.996 2.93293
885.004 -225.995 2.92988
885.077 -225.993 2.9268
885.151 -225.992 2.92369
885.225 -225.99 2.92055
885.3 -225.989 2.91739
885.375 -225.987 2.91419
885.45 -225.985 2.91096
885.526 -225.984 2.9077
885.602 -225.982 2.90441
885.679 -225.981 2.90109
885.757 -225.979 2.89773
885.834 -225.977 2.89434
885.913 -225.975 2.89092
885.992 -225.974 2.88746
886.071 -225.972 2.88396
876.542 -224.61 3.16981
876.605 -224.627 3.16855
876.656 -224.666 3.16739
876.706 -224.705 3.16621
876.756 -224.744 3.16501
876.807 -224.783 3.1638
876.847 -224.841 3.16265
876.898 -224.879 3.16141
876.785 -225.218 3.16124
874.201 -230.171 3.17675
874.299 -230.211 3.17454
874.396 -230.251 3.17232
874.493 -230.291 3.17008
874.59 -230.331 3.16783
874.687 -230.37 3.16555
874.784 -230.41 3.16326
874.961 -230.281 3.16058
875.15 -230.121 3.15788
875.333 -229.966 3.15524
875.511 -229.815 3.15266
875.683 -229.669 3.15014
875.851 -229.527 3.14767
879.389 -221.448 3.1364
876.172 -229.254 3.14287
876.326 -229.123 3.14055
879.468 -221.528 3.13399
876.623 -228.871 3.13602
876.765 -228.75 3.13382
876.904 -228.632 3.13166
877.039 -228.517 3.12953
877.171 -228.405 3.12744
877.3 -228.296 3.12539
877.426 -228.189 3.12336
877.549 -228.084 3.12137
877.669 -227.982 3.11941
877.787 -227.882 3.11748
877.902 -227.785 3.11557
878.014 -227.689 3.11369
878.124 -227.596 3.11183
878.232 -227.504 3.11
878.337 -227.415 3.1082
878.44 -227.327 3.10641
878.541 -227.241 3.10465
878.64 -227.157 3.10291
878.737 -227.074 3.10119
878.832 -226.993 3.09949
878.926 -226.914 3.09781
879.017 -226.836 3.09614
879.107 -226.759 3.09449
879.196 -226.684 3.09286
879.278 -226.629 3.09117
879.335 -226.696 3.08896
879.393 -226.765 3.08671
877.995 -257.752 2.81144
878.269 -257.916 2.80133
881.337 -226.048 3.03559
881.401 -226.047 3.0335
881.464 -226.046 3.0314
881.528 -226.045 3.02929
881.592 -226.044 3.02716
881.655 -226.043 3.02503
881.719 -226.041 3.02288
881.783 -226.04 3.02071
881.846 -226.039 3.01854
881.91 -226.038 3.01634
881.974 -226.037 3.01414
882.038 -226.036 3.01192
882.102 -226.035 3.00969
882.166 -226.034 3.00744
882.23 -226.033 3.00518
882.294 -226.031 3.0029
882.358 -226.03 3.00061
882.422 -226.029 2.9983
882.487 -226.028 2.99598
882.551 -226.027 2.99364
882.616 -226.026 2.99128
882.68 -226.024 2.98891
882.745 -226.023 2.98652
882.81 -226.022 2.98411
882.875 -226.021 2.98169
882.94 -226.02 2.97925
883.006 -226.018 2.97679
883.071 -226.017 2.97431
883.137 -226.016 2.97182
883.203 -226.015 2.9693
883.269 -226.013 2.96677
883.335 -226.012 2.96422
883.401 -226.011 2.96164
883.468 -226.01 2.95905
883.534 -226.008 2.95644
883.601 -226.007 2.9538
883.668 -226.006 2.95115
883.736 -226.004 2.94847
883.803 -226.003 2.94577
883.871 -226.002 2.94305
883.939 -226 2.9403
884.008 -225.999 2.93754
884.076 -225.997 2.93475
884.145 -225.996 2.93193
884.214 -225.995 2.9291
884.284 -225.993 2.92623
884.354 -225.992 2.92334
884.424 -225.99 2.92043
884.494 -225.989 2.91749
884.565 -225.987 2.91452
884.636 -225.986 2.91153
884.707 -225.984 2.90851
884.779 -225.983 2.90546
884.851 -225.981 2.90239
884.923 -225.98 2.89928
884.996 -225.978 2.89614
885.069 -225.976 2.89298
885.143 -225.975 2.88978
885.216 -225.973 2.88656
885.291 -225.972 2.8833
885.366 -225.97 2.88001
885.441 -225.968 2.87669
885.517 -225.967 2.87333
885.593 -225.965 2.86994
885.67 -225.963 2.86651
885.747 -225.962 2.86305
885.824 -225.96 2.85955
885.902 -225.958 2.85602
885.981 -225.956 2.85245
886.06 -225.954 2.84884
886.14 -225.953 2.84519
876.593 -224.646 3.13705
876.644 -224.685 3.13586
876.694 -224.723 3.13465
876.745 -224.762 3.13342
876.796 -224.8 3.13218
876.847 -224.839 3.13093
876.732 -225.176 3.12959
876.785 -225.216 3.12825
874.2 -230.17 3.12427
874.298 -230.21 3.1221
874.395 -230.25 3.11991
874.493 -230.289 3.11771
874.59 -230.329 3.11548
874.687 -230.369 3.11324
874.793 -230.391 3.111
874.986 -230.227 3.10905
875.173 -230.068 3.10714
875.355 -229.915 3.10527
875.532 -229.765 3.10343
875.703 -229.62 3.10162
879.351 -221.449 3.12
879.399 -221.425 3.1193
879.426 -221.447 3.11847
879.454 -221.469 3.11764
879.482 -221.491 3.11679
879.511 -221.514 3.11594
876.78 -228.709 3.08974
876.918 -228.592 3.08814
877.053 -228.478 3.08656
877.184 -228.367 3.085
877.313 -228.258 3.08346
877.438 -228.152 3.08193
877.56 -228.048 3.08043
877.68 -227.947 3.07894
877.797 -227.848 3.07747
877.911 -227.751 3.07601
878.023 -227.656 3.07457
878.133 -227.563 3.07314
878.24 -227.472 3.07172
878.345 -227.383 3.07032
878.447 -227.296 3.06893
878.548 -227.211 3.06755
878.647 -227.127 3.06619
878.744 -227.045 3.06483
878.838 -226.965 3.06349
878.931 -226.886 3.06215
879.023 -226.808 3.06083
879.112 -226.732 3.05951
879.2 -226.658 3.05821
879.278 -226.628 3.05657
879.334 -226.695 3.05417
879.392 -226.764 3.05173
877.991 -257.749 2.66852
878.266 -257.904 2.65802
881.082 -226.036 3.01216
881.145 -226.035 3.01013
881.209 -226.034 3.00809
881.272 -226.033 3.00603
881.336 -226.032 3.00397
881.4 -226.031 3.00188
881.463 -226.03 2.99979
881.527 -226.029 2.99768
881.59 -226.028 2.99556
881.654 -226.027 2.99342
881.717 -226.026 2.99127
881.781 -226.025 2.9891
881.844 -226.023 2.98692
881.908 -226.022 2.98472
881.972 -226.021 2.98251
882.035 -226.02 2.98028
882.099 -226.019 2.97804
882.163 -226.018 2.97578
882.227 -226.017 2.9735
882.291 -226.016 2.97121
882.355 -226.014 2.9689
882.419 -226.013 2.96658
882.483 -226.012 2.96423
882.548 -226.011 2.96187
882.612 -226.01 2.9595
882.677 -226.009 2.9571
882.741 -226.007 2.95468
882.806 -226.006 2.95225
882.871 -226.005 2.9498
882.936 -226.004 2.94733
883.001 -226.002 2.94484
883.067 -226.001 2.94233
883.132 -226 2.93979
883.198 -225.999 2.93724
883.264 -225.997 2.93467
883.33 -225.996 2.93208
883.396 -225.995 2.92946
883.463 -225.993 2.92683
883.529 -225.992 2.92417
883.596 -225.991 2.92149
883.663 -225.989 2.91878
883.73 -225.988 2.91606
883.798 -225.987 2.91331
883.865 -225.985 2.91053
883.933 -225.984 2.90773
884.002 -225.982 2.90491
884.07 -225.981 2.90206
884.139 -225.98 2.89919
884.208 -225.978 2.89629
884.277 -225.977 2.89336
884.347 -225.975 2.89041
884.417 -225.974 2.88742
884.487 -225.972 2.88442
884.557 -225.971 2.88138
884.628 -225.969 2.87831
884.699 -225.968 2.87522
884.771 -225.966 2.87209
884.843 -225.964 2.86894
884.915 -225.963 2.86575
884.988 -225.961 2.86253
885.061 -225.96 2.85928
885.134 -225.958 2.856
885.208 -225.956 2.85269
885.282 -225.955 2.84934
885.357 -225.953 2.84595
885.432 -225.951 2.84254
885.507 -225.95 2.83908
885.583 -225.948 2.83559
885.66 -225.946 2.83207
885.737 -225.944 2.8285
885.814 -225.942 2.8249
885.892 -225.941 2.82126
885.971 -225.939 2.81758
886.05 -225.937 2.81385
886.129 -225.935 2.81009
886.209 -225.933 2.80629
876.644 -224.683 3.10425
876.695 -224.721 3.10302
876.745 -224.76 3.10176
876.796 -224.798 3.1005
876.847 -224.837 3.09921
876.733 -225.174 3.09665
876.786 -225.214 3.09528
874.2 -230.168 3.07179
874.298 -230.208 3.06966
874.395 -230.248 3.06751
874.492 -230.288 3.06534
874.589 -230.328 3.06314
874.686 -230.368 3.06092
874.818 -230.335 3.05907
875.01 -230.173 3.05793
875.197 -230.016 3.0568
875.378 -229.864 3.05568
875.553 -229.716 3.05457
875.724 -229.572 3.05347
879.351 -221.448 3.10278
879.399 -221.424 3.10223
879.427 -221.446 3.10137
879.454 -221.468 3.10051
879.483 -221.49 3.09962
879.511 -221.512 3.09873
876.794 -228.668 3.04596
876.932 -228.552 3.04492
877.066 -228.439 3.04387
877.197 -228.329 3.04283
877.325 -228.221 3.0418
877.449 -228.115 3.04077
877.571 -228.012 3.03975
877.69 -227.912 3.03872
877.807 -227.813 3.03771
877.921 -227.717 3.03669
878.032 -227.623 3.03568
878.141 -227.531 3.03467
878.248 -227.441 3.03367
878.352 -227.352 3.03267
878.455 -227.266 3.03167
878.555 -227.181 3.03067
878.654 -227.098 3.02967
878.75 -227.016 3.02868
878.844 -226.936 3.02769
878.937 -226.858 3.0267
879.028 -226.781 3.02571
879.117 -226.705 3.02472
879.205 -226.631 3.02373
879.277 -226.627 3.02198
879.334 -226.694 3.01938
879.391 -226.763 3.01674
877.987 -257.746 2.52561
878.262 -257.893 2.51478
881.018 -226.021 2.98261
881.081 -226.02 2.98061
881.145 -226.019 2.97859
881.208 -226.018 2.97656
881.271 -226.017 2.97451
881.335 -226.016 2.97245
881.398 -226.015 2.97038
881.462 -226.014 2.96829
881.525 -226.013 2.96618
881.589 -226.012 2.96406
881.652 -226.011 2.96192
881.715 -226.01 2.95977
881.779 -226.009 2.9576
881.842 -226.008 2.95541
881.906 -226.007 2.95321
881.97 -226.005 2.95099
882.033 -226.004 2.94875
882.097 -226.003 2.9465
882.161 -226.002 2.94423
882.224 -226.001 2.94194
882.288 -226 2.93963
882.352 -225.999 2.93731
882.416 -225.997 2.93496
882.48 -225.996 2.9326
882.545 -225.995 2.93022
882.609 -225.994 2.92782
882.673 -225.993 2.9254
882.738 -225.991 2.92296
882.803 -225.99 2.9205
882.867 -225.989 2.91801
882.932 -225.988 2.91551
882.997 -225.986 2.91299
883.063 -225.985 2.91045
883.128 -225.984 2.90788
883.194 -225.983 2.90529
883.259 -225.981 2.90268
883.325 -225.98 2.90005
883.391 -225.979 2.89739
883.458 -225.977 2.89471
883.524 -225.976 2.89201
883.591 -225.975 2.88928
883.658 -225.973 2.88653
883.725 -225.972 2.88376
883.792 -225.97 2.88096
883.86 -225.969 2.87813
883.928 -225.968 2.87528
883.996 -225.966 2.8724
884.064 -225.965 2.86949
884.132 -225.963 2.86655
884.201 -225.962 2.86359
884.27 -225.96 2.8606
884.34 -225.959 2.85758
884.41 -225.957 2.85454
884.48 -225.956 2.85146
884.55 -225.954 2.84835
884.621 -225.953 2.84521
884.692 -225.951 2.84204
884.763 -225.949 2.83884
884.835 -225.948 2.83561
884.907 -225.946 2.83234
884.979 -225.945 2.82904
885.052 -225.943 2.82571
885.126 -225.941 2.82234
885.199 -225.939 2.81894
885.273 -225.938 2.8155
885.348 -225.936 2.81203
885.423 -225.934 2.80851
885.498 -225.932 2.80496
885.574 -225.931 2.80138
885.65 -225.929 2.79775
885.727 -225.927 2.79408
885.804 -225.925 2.79037
885.882 -225.923 2.78662
885.96 -225.921 2.78283
886.039 -225.919 2.779
886.118 -225.918 2.77512
886.198 -225.916 2.7712
886.279 -225.914 2.76723
876.684 -224.738 3.07125
876.735 -224.777 3.06997
876.786 -224.816 3.06867
876.694 -225.108 3.0653
876.747 -225.147 3.06393
876.8 -225.186 3.06254
874.2 -230.167 3.01932
874.297 -230.207 3.01723
874.394 -230.247 3.01512
874.492 -230.287 3.01297
874.589 -230.327 3.01081
874.686 -230.366 3.00861
874.844 -230.28 3.00756
875.034 -230.12 3.00721
875.22 -229.964 3.00685
875.4 -229.813 3.00648
875.574 -229.666 3.00609
875.744 -229.524 3.00568
879.351 -221.448 3.08557
879.399 -221.422 3.08517
879.427 -221.444 3.08428
879.455 -221.467 3.08338
879.483 -221.489 3.08246
879.511 -221.511 3.08154
876.809 -228.628 3.00248
876.946 -228.513 3.00198
877.079 -228.4 3.00147
877.209 -228.291 3.00094
877.337 -228.184 3.00041
877.461 -228.079 2.99987
877.582 -227.977 2.99932
877.701 -227.877 2.99876
877.817 -227.779 2.99819
877.93 -227.684 2.99761
878.041 -227.59 2.99703
878.15 -227.499 2.99644
878.256 -227.409 2.99584
878.36 -227.321 2.99523
878.462 -227.235 2.99461
878.562 -227.151 2.99399
878.66 -227.068 2.99336
878.756 -226.988 2.99273
878.85 -226.908 2.99208
878.943 -226.83 2.99143
879.033 -226.754 2.99078
879.123 -226.678 2.99011
879.21 -226.605 2.98944
879.276 -226.626 2.98738
879.333 -226.693 2.9846
879.39 -226.762 2.98176
877.983 -257.744 2.38269
878.259 -257.881 2.3716
881.017 -226.006 2.95115
881.08 -226.005 2.94916
881.144 -226.004 2.94715
881.207 -226.003 2.94513
881.271 -226.002 2.9431
881.334 -226.001 2.94104
881.397 -225.999 2.93897
881.46 -225.998 2.93689
881.524 -225.997 2.93478
881.587 -225.996 2.93266
881.65 -225.995 2.93052
881.714 -225.994 2.92837
881.777 -225.993 2.9262
881.84 -225.992 2.92401
881.904 -225.991 2.9218
881.967 -225.99 2.91957
882.031 -225.989 2.91733
882.094 -225.988 2.91506
882.158 -225.986 2.91278
882.222 -225.985 2.91048
882.285 -225.984 2.90815
882.349 -225.983 2.90581
882.413 -225.982 2.90345
882.477 -225.981 2.90107
882.541 -225.979 2.89867
882.605 -225.978 2.89624
882.67 -225.977 2.8938
882.734 -225.976 2.89133
882.799 -225.974 2.88885
882.864 -225.973 2.88634
882.928 -225.972 2.88381
882.993 -225.971 2.88125
883.058 -225.969 2.87868
883.124 -225.968 2.87607
883.189 -225.967 2.87345
883.255 -225.965 2.8708
883.32 -225.964 2.86813
883.386 -225.963 2.86543
883.453 -225.961 2.86271
883.519 -225.96 2.85997
883.585 -225.959 2.85719
883.652 -225.957 2.85439
883.719 -225.956 2.85157
883.786 -225.954 2.84872
883.854 -225.953 2.84584
883.922 -225.951 2.84293
883.989 -225.95 2.83999
884.058 -225.949 2.83703
884.126 -225.947 2.83404
884.195 -225.946 2.83101
884.264 -225.944 2.82796
884.333 -225.942 2.82488
884.403 -225.941 2.82176
884.473 -225.939 2.81862
884.543 -225.938 2.81544
884.613 -225.936 2.81223
884.684 -225.934 2.80899
884.755 -225.933 2.80571
884.827 -225.931 2.8024
884.899 -225.93 2.79906
884.971 -225.928 2.79568
885.044 -225.926 2.79226
885.117 -225.924 2.78881
885.191 -225.923 2.78532
885.264 -225.921 2.78179
885.339 -225.919 2.77822
885.413 -225.917 2.77462
885.489 -225.915 2.77097
885.564 -225.914 2.76728
885.64 -225.912 2.76356
885.717 -225.91 2.75979
885.794 -225.908 2.75598
885.872 -225.906 2.75212
885.95 -225.904 2.74822
886.028 -225.902 2.74428
886.108 -225.9 2.74029
886.187 -225.898 2.73625
886.267 -225.896 2.73216
886.348 -225.894 2.72803
876.674 -224.88 3.03701
876.651 -225.048 3.03412
876.704 -225.088 3.03273
876.757 -225.128 3.03132
876.809 -225.168 3.02989
874.199 -230.166 2.96686
874.296 -230.206 2.96481
874.394 -230.246 2.96272
874.491 -230.285 2.96061
874.588 -230.325 2.95848
874.685 -230.365 2.95631
874.869 -230.226 2.95646
875.058 -230.067 2.9569
875.243 -229.913 2.95729
875.421 -229.763 2.95765
875.595 -229.617 2.95797
875.764 -229.476 2.95824
879.351 -221.447 3.06837
879.399 -221.421 3.06812
879.427 -221.443 3.0672
879.455 -221.465 3.06626
879.483 -221.487 3.06531
879.511 -221.51 3.06435
876.823 -228.588 2.95929
876.959 -228.473 2.95933
877.092 -228.362 2.95934
877.222 -228.253 2.95933
877.349 -228.147 2.95929
877.472 -228.043 2.95923
877.593 -227.942 2.95915
877.711 -227.842 2.95904
877.827 -227.745 2.95892
877.94 -227.65 2.95877
878.05 -227.558 2.95861
878.158 -227.467 2.95843
878.264 -227.378 2.95823
878.368 -227.291 2.95801
878.47 -227.205 2.95777
878.569 -227.121 2.95752
878.667 -227.039 2.95726
878.762 -226.959 2.95697
878.856 -226.88 2.95667
878.948 -226.802 2.95636
879.039 -226.726 2.95603
879.128 -226.652 2.95569
879.215 -226.578 2.95534
879.275 -226.625 2.95279
879.332 -226.692 2.94982
879.39 -226.761 2.94679
879.448 -226.83 2.9437
877.978 -257.741 2.23978
878.255 -257.869 2.22849
881.017 -225.99 2.91979
881.08 -225.989 2.91782
881.143 -225.988 2.91582
881.206 -225.987 2.91381
881.27 -225.986 2.91178
881.333 -225.985 2.90974
881.396 -225.984 2.90767
881.459 -225.983 2.90559
881.522 -225.982 2.90349
881.586 -225.981 2.90137
881.649 -225.98 2.89923
881.712 -225.979 2.89708
881.775 -225.977 2.8949
881.838 -225.976 2.89271
881.902 -225.975 2.89049
881.965 -225.974 2.88826
882.029 -225.973 2.886
882.092 -225.972 2.88373
882.155 -225.971 2.88143
882.219 -225.97 2.87912
882.283 -225.968 2.87678
882.346 -225.967 2.87442
882.41 -225.966 2.87205
882.474 -225.965 2.86964
882.538 -225.964 2.86722
882.602 -225.962 2.86478
882.666 -225.961 2.86231
882.731 -225.96 2.85982
882.795 -225.959 2.8573
882.86 -225.957 2.85477
882.924 -225.956 2.85221
882.989 -225.955 2.84962
883.054 -225.953 2.84701
883.119 -225.952 2.84438
883.185 -225.951 2.84172
883.25 -225.95 2.83903
883.316 -225.948 2.83632
883.382 -225.947 2.83358
883.448 -225.945 2.83082
883.514 -225.944 2.82803
883.58 -225.943 2.82521
883.647 -225.941 2.82236
883.714 -225.94 2.81949
883.781 -225.938 2.81659
883.848 -225.937 2.81366
883.916 -225.935 2.81069
883.983 -225.934 2.8077
884.052 -225.932 2.80468
884.12 -225.931 2.80163
884.188 -225.929 2.79855
884.257 -225.928 2.79543
884.326 -225.926 2.79229
884.396 -225.925 2.78911
884.466 -225.923 2.78589
884.536 -225.921 2.78265
884.606 -225.92 2.77937
884.677 -225.918 2.77605
884.748 -225.916 2.7727
884.819 -225.915 2.76931
884.891 -225.913 2.76589
884.963 -225.911 2.76242
885.036 -225.909 2.75893
885.109 -225.908 2.75539
885.182 -225.906 2.75181
885.256 -225.904 2.7482
885.33 -225.902 2.74454
885.404 -225.9 2.74084
885.479 -225.899 2.7371
885.555 -225.897 2.73332
885.631 -225.895 2.72949
885.707 -225.893 2.72562
885.784 -225.891 2.72171
885.861 -225.889 2.71774
885.939 -225.887 2.71373
886.018 -225.885 2.70968
886.097 -225.883 2.70557
886.176 -225.881 2.70142
886.256 -225.879 2.69721
886.337 -225.876 2.69296
886.418 -225.874 2.68865
876.652 -225.047 3.00143
876.704 -225.086 3.00002
876.757 -225.126 2.99858
876.786 -225.209 2.99642
874.199 -230.164 2.91438
874.296 -230.204 2.91237
874.393 -230.244 2.91032
874.49 -230.284 2.90824
874.588 -230.324 2.90613
874.699 -230.334 2.90449
874.894 -230.172 2.90576
875.082 -230.014 2.90697
875.265 -229.862 2.9081
875.443 -229.713 2.90918
875.616 -229.569 2.91019
875.783 -229.429 2.91114
879.35 -221.448 3.05113
879.396 -221.427 3.05095
879.424 -221.449 3.04999
879.452 -221.471 3.04902
879.48 -221.493 3.04804
879.508 -221.515 3.04704
876.837 -228.548 2.91638
876.973 -228.434 2.91695
877.105 -228.324 2.91748
877.234 -228.216 2.91796
877.36 -228.11 2.91841
877.484 -228.007 2.91883
877.604 -227.906 2.91921
877.721 -227.808 2.91955
877.836 -227.712 2.91987
877.949 -227.617 2.92015
878.059 -227.525 2.9204
878.167 -227.435 2.92063
878.272 -227.347 2.92082
878.376 -227.26 2.92099
878.477 -227.175 2.92113
878.576 -227.092 2.92125
878.673 -227.01 2.92134
878.769 -226.93 2.9214
878.862 -226.852 2.92145
878.954 -226.775 2.92147
879.044 -226.699 2.92147
879.132 -226.625 2.92144
879.218 -226.557 2.9213
879.274 -226.624 2.91819
879.331 -226.691 2.91502
879.389 -226.76 2.9118
879.447 -226.829 2.90852
877.974 -257.739 2.09682
878.251 -257.858 2.08539
879.049 -254.166 2.16418
881.016 -225.974 2.88853
881.079 -225.973 2.88657
881.142 -225.972 2.88458
881.206 -225.971 2.88258
881.269 -225.97 2.88056
881.332 -225.969 2.87852
881.395 -225.968 2.87647
881.458 -225.967 2.87439
881.521 -225.966 2.87229
881.584 -225.965 2.87017
881.647 -225.964 2.86804
881.71 -225.963 2.86588
881.773 -225.962 2.8637
881.836 -225.961 2.8615
881.9 -225.96 2.85928
881.963 -225.959 2.85704
882.026 -225.957 2.85478
882.09 -225.956 2.85249
882.153 -225.955 2.85018
882.216 -225.954 2.84786
882.28 -225.953 2.84551
882.343 -225.952 2.84313
882.407 -225.95 2.84073
882.471 -225.949 2.83831
882.535 -225.948 2.83587
882.599 -225.947 2.8334
882.663 -225.945 2.83091
882.727 -225.944 2.8284
882.791 -225.943 2.82586
882.856 -225.942 2.82329
882.92 -225.94 2.8207
882.985 -225.939 2.81808
883.05 -225.938 2.81544
883.115 -225.936 2.81277
883.18 -225.935 2.81008
883.246 -225.934 2.80736
883.311 -225.932 2.80461
883.377 -225.931 2.80183
883.443 -225.93 2.79902
883.509 -225.928 2.79619
883.575 -225.927 2.79332
883.642 -225.925 2.79043
883.708 -225.924 2.78751
883.775 -225.922 2.78456
883.842 -225.921 2.78157
883.91 -225.919 2.77856
883.977 -225.918 2.77551
884.045 -225.916 2.77244
884.114 -225.915 2.76933
884.182 -225.913 2.76618
884.251 -225.912 2.76301
884.32 -225.91 2.7598
884.389 -225.908 2.75655
884.459 -225.907 2.75327
884.529 -225.905 2.74996
884.599 -225.903 2.7466
884.669 -225.902 2.74322
884.74 -225.9 2.73979
884.812 -225.898 2.73633
884.883 -225.896 2.73282
884.955 -225.895 2.72928
885.028 -225.893 2.7257
885.1 -225.891 2.72208
885.173 -225.889 2.71842
885.247 -225.887 2.71471
885.321 -225.885 2.71097
885.395 -225.884 2.70718
885.47 -225.882 2.70334
885.545 -225.88 2.69946
885.621 -225.878 2.69554
885.697 -225.876 2.69157
885.774 -225.874 2.68755
885.851 -225.872 2.68348
885.929 -225.87 2.67937
886.007 -225.868 2.67521
886.086 -225.865 2.67099
886.165 -225.863 2.66673
886.245 -225.861 2.66241
886.326 -225.859 2.65803
886.407 -225.857 2.65361
886.488 -225.855 2.64913
876.705 -225.084 2.96732
876.757 -225.124 2.96585
874.1 -230.123 2.86387
874.198 -230.163 2.86192
874.295 -230.203 2.85994
874.393 -230.243 2.85793
874.49 -230.283 2.85588
874.587 -230.322 2.8538
879.106 -221.398 3.03822
879.219 -221.245 3.041
879.246 -221.266 3.04012
879.273 -221.288 3.03922
879.3 -221.309 3.03831
879.327 -221.331 3.03738
879.354 -221.353 3.03644
879.381 -221.374 3.03548
879.409 -221.396 3.03451
879.436 -221.418 3.03353
879.464 -221.44 3.03253
879.492 -221.463 3.03151
879.52 -221.485 3.03048
879.548 -221.507 3.02943
879.576 -221.529 3.02837
879.604 -221.552 3.02729
879.633 -221.574 3.02619
879.661 -221.597 3.02508
877.495 -227.972 2.87869
877.615 -227.872 2.87953
877.732 -227.774 2.88032
877.846 -227.678 2.88107
877.958 -227.585 2.88177
878.068 -227.493 2.88244
878.175 -227.403 2.88306
878.28 -227.316 2.88365
878.383 -227.23 2.88419
878.484 -227.145 2.88471
878.583 -227.063 2.88519
878.68 -226.982 2.88563
878.775 -226.902 2.88604
878.868 -226.824 2.88642
878.959 -226.748 2.88677
879.049 -226.673 2.88709
879.137 -226.599 2.88738
879.217 -226.556 2.8869
879.274 -226.623 2.8836
879.33 -226.69 2.88024
879.388 -226.759 2.87683
879.446 -226.828 2.87334
876.896 -254.635 2.08053
878.315 -253.521 2.07549
878.578 -253.439 2.07042
878.832 -253.469 2.06204
879.079 -253.615 2.05015
879.333 -253.667 2.04088
879.555 -254.409 2.01091
881.016 -225.959 2.85738
881.079 -225.958 2.85543
881.142 -225.957 2.85346
881.205 -225.956 2.85146
881.268 -225.955 2.84945
881.331 -225.954 2.84742
881.394 -225.953 2.84537
881.457 -225.952 2.8433
881.52 -225.951 2.8412
881.582 -225.95 2.83909
881.645 -225.948 2.83695
881.708 -225.947 2.83479
881.771 -225.946 2.83261
881.835 -225.945 2.8304
881.898 -225.944 2.82818
881.961 -225.943 2.82593
882.024 -225.942 2.82366
882.087 -225.941 2.82136
882.15 -225.94 2.81905
882.214 -225.938 2.8167
882.277 -225.937 2.81434
882.341 -225.936 2.81195
882.404 -225.935 2.80953
882.468 -225.934 2.8071
882.532 -225.932 2.80463
882.595 -225.931 2.80214
882.659 -225.93 2.79963
882.724 -225.929 2.79709
882.788 -225.927 2.79452
882.852 -225.926 2.79193
882.916 -225.925 2.78931
882.981 -225.923 2.78666
883.046 -225.922 2.78399
883.111 -225.921 2.78128
883.176 -225.919 2.77855
883.241 -225.918 2.77579
883.306 -225.917 2.77301
883.372 -225.915 2.77019
883.438 -225.914 2.76734
883.504 -225.912 2.76446
883.57 -225.911 2.76156
883.636 -225.909 2.75862
883.703 -225.908 2.75565
883.77 -225.906 2.75264
883.837 -225.905 2.74961
883.904 -225.903 2.74654
883.971 -225.902 2.74344
884.039 -225.9 2.74031
884.107 -225.899 2.73714
884.176 -225.897 2.73394
884.244 -225.895 2.7307
884.313 -225.894 2.72743
884.382 -225.892 2.72412
884.452 -225.89 2.72077
884.521 -225.889 2.71739
884.591 -225.887 2.71397
884.662 -225.885 2.7105
884.733 -225.883 2.70701
884.804 -225.882 2.70347
884.875 -225.88 2.69989
884.947 -225.878 2.69627
885.019 -225.876 2.6926
885.092 -225.874 2.6889
885.165 -225.873 2.68515
885.238 -225.871 2.68136
885.312 -225.869 2.67752
885.386 -225.867 2.67364
885.461 -225.865 2.66971
885.536 -225.863 2.66574
885.612 -225.861 2.66172
885.688 -225.859 2.65765
885.764 -225.857 2.65353
885.841 -225.855 2.64936
885.919 -225.853 2.64514
885.997 -225.85 2.64087
886.075 -225.848 2.63654
886.154 -225.846 2.63216
886.234 -225.844 2.62773
886.314 -225.842 2.62324
886.395 -225.839 2.61869
886.477 -225.837 2.61409
886.559 -225.835 2.60942
876.731 -225.169 2.93199
874.1 -230.122 2.81137
874.197 -230.162 2.80946
874.295 -230.202 2.80752
874.392 -230.242 2.80554
878.887 -221.673 3.01478
879.026 -221.479 3.01919
879.153 -221.301 3.0232
879.227 -221.227 3.02466
879.254 -221.248 3.02376
879.28 -221.27 3.02284
879.307 -221.291 3.0219
879.334 -221.313 3.02095
879.362 -221.335 3.01998
879.389 -221.356 3.019
879.416 -221.378 3.018
879.444 -221.4 3.01699
879.471 -221.422 3.01596
879.499 -221.444 3.01491
879.527 -221.466 3.01385
879.555 -221.488 3.01277
879.583 -221.51 3.01167
879.611 -221.532 3.01056
879.639 -221.555 3.00943
879.668 -221.577 3.00828
879.696 -221.6 3.00712
877.625 -227.837 2.84009
877.742 -227.74 2.84132
877.856 -227.645 2.8425
877.967 -227.552 2.84362
878.077 -227.461 2.84469
878.184 -227.372 2.84571
878.288 -227.285 2.84668
878.391 -227.199 2.84761
878.491 -227.116 2.84849
878.59 -227.034 2.84932
878.686 -226.953 2.85012
878.781 -226.874 2.85087
878.874 -226.797 2.85158
878.965 -226.721 2.85226
879.054 -226.646 2.8529
879.142 -226.573 2.8535
879.217 -226.555 2.85249
879.273 -226.622 2.84901
879.33 -226.69 2.84546
879.387 -226.758 2.84185
879.445 -226.827 2.83817
873.551 -259.71 1.8576
873.73 -260.45 1.82815
875.655 -252.315 2.05943
876.004 -251.685 2.07236
876.258 -251.639 2.06755
876.461 -251.958 2.05144
876.764 -251.54 2.05796
877.049 -251.222 2.06147
877.314 -251.033 2.06095
877.57 -250.901 2.05861
877.834 -250.659 2.05978
878.095 -250.416 2.06096
878.346 -250.241 2.06
878.594 -250.074 2.05875
878.834 -249.979 2.05518
879.077 -249.804 2.05416
879.326 -249.493 2.05763
879.58 -249.019 2.06654
879.822 -248.635 2.07261
880.05 -248.464 2.07157
881.015 -225.943 2.82632
881.078 -225.942 2.82439
881.141 -225.941 2.82243
881.204 -225.94 2.82045
881.267 -225.939 2.81844
881.33 -225.938 2.81642
881.392 -225.937 2.81437
881.455 -225.936 2.8123
881.518 -225.935 2.81021
881.581 -225.934 2.8081
881.644 -225.933 2.80596
881.707 -225.932 2.8038
881.77 -225.931 2.80161
881.833 -225.93 2.79941
881.896 -225.929 2.79718
881.959 -225.927 2.79492
882.022 -225.926 2.79264
882.085 -225.925 2.79034
882.148 -225.924 2.78801
882.211 -225.923 2.78565
882.274 -225.922 2.78327
882.338 -225.92 2.78087
882.401 -225.919 2.77844
882.465 -225.918 2.77598
882.528 -225.917 2.77349
882.592 -225.915 2.77098
882.656 -225.914 2.76845
882.72 -225.913 2.76588
882.784 -225.912 2.76329
882.848 -225.91 2.76067
882.913 -225.909 2.75802
882.977 -225.908 2.75534
883.042 -225.906 2.75263
883.106 -225.905 2.7499
883.171 -225.904 2.74713
883.236 -225.902 2.74434
883.302 -225.901 2.74151
883.367 -225.899 2.73865
883.433 -225.898 2.73576
883.499 -225.896 2.73284
883.565 -225.895 2.72989
883.631 -225.893 2.72691
883.697 -225.892 2.72389
883.764 -225.89 2.72084
883.831 -225.889 2.71775
883.898 -225.887 2.71463
883.965 -225.886 2.71148
884.033 -225.884 2.70829
884.101 -225.883 2.70506
884.169 -225.881 2.7018
884.238 -225.879 2.6985
884.306 -225.878 2.69517
884.375 -225.876 2.69179
884.445 -225.874 2.68838
884.514 -225.872 2.68493
884.584 -225.871 2.68144
884.655 -225.869 2.67791
884.725 -225.867 2.67433
884.796 -225.865 2.67072
884.867 -225.864 2.66706
884.939 -225.862 2.66336
885.011 -225.86 2.65962
885.084 -225.858 2.65583
885.156 -225.856 2.652
885.23 -225.854 2.64812
885.303 -225.852 2.6442
885.377 -225.85 2.64022
885.452 -225.848 2.6362
885.527 -225.846 2.63214
885.602 -225.844 2.62802
885.678 -225.842 2.62385
885.754 -225.84 2.61963
885.831 -225.838 2.61536
885.908 -225.836 2.61103
885.986 -225.833 2.60665
886.065 -225.831 2.60221
886.144 -225.829 2.59772
886.223 -225.827 2.59317
886.303 -225.824 2.58857
886.384 -225.822 2.5839
886.465 -225.82 2.57918
886.547 -225.817 2.57439
886.629 -225.815 2.56954
874.083 -230.151 2.758
874.181 -230.191 2.75614
878.636 -221.988 2.98782
878.796 -221.765 2.99384
878.943 -221.562 2.9993
879.076 -221.377 3.00427
879.199 -221.207 3.00882
879.235 -221.21 3.00845
879.262 -221.231 3.00753
879.288 -221.252 3.00658
879.315 -221.274 3.00562
879.342 -221.295 3.00465
879.369 -221.317 3.00365
879.396 -221.338 3.00265
879.424 -221.36 3.00162
879.451 -221.381 3.00058
879.478 -221.403 2.99952
879.506 -221.425 2.99845
879.534 -221.447 2.99735
879.561 -221.469 2.99624
879.589 -221.491 2.99511
879.618 -221.513 2.99397
879.646 -221.536 2.9928
879.674 -221.558 2.99162
879.703 -221.58 2.99042
879.731 -221.603 2.9892
877.752 -227.706 2.80256
877.865 -227.612 2.80416
877.977 -227.52 2.80569
878.085 -227.429 2.80716
878.192 -227.341 2.80857
878.296 -227.254 2.80993
878.398 -227.169 2.81122
878.498 -227.086 2.81247
878.596 -227.005 2.81366
878.693 -226.925 2.8148
878.787 -226.846 2.81589
878.88 -226.769 2.81693
878.97 -226.694 2.81793
879.06 -226.619 2.81888
879.145 -226.558 2.81942
879.216 -226.554 2.81809
879.272 -226.621 2.81442
879.329 -226.689 2.81068
879.386 -226.757 2.80687
879.444 -226.826 2.80299
875.251 -250.32 2.01856
875.483 -250.37 2.01132
875.749 -250.213 2.01098
876.021 -250.004 2.0124
876.298 -249.738 2.01571
876.552 -249.599 2.01472
876.785 -249.592 2.00913
877.023 -249.55 2.0047
877.287 -249.28 2.00811
877.587 -248.676 2.02323
877.857 -248.26 2.03188
878.195 -247.126 2.06592
878.424 -246.959 2.06604
878.656 -246.719 2.06875
878.863 -246.748 2.06183
879.086 -246.573 2.06219
879.287 -246.673 2.05258
879.493 -246.699 2.04551
879.703 -246.672 2.04034
879.913 -246.64 2.03529
880.122 -246.592 2.03073
881.015 -225.928 2.79537
881.077 -225.927 2.79345
881.14 -225.926 2.7915
881.203 -225.925 2.78953
881.266 -225.924 2.78753
881.329 -225.923 2.78552
881.391 -225.922 2.78348
881.454 -225.921 2.78141
881.517 -225.92 2.77932
881.579 -225.919 2.77721
881.642 -225.918 2.77507
881.705 -225.916 2.77291
881.768 -225.915 2.77072
881.831 -225.914 2.76851
881.893 -225.913 2.76627
881.956 -225.912 2.76401
882.019 -225.911 2.76172
882.082 -225.91 2.75941
882.145 -225.909 2.75707
882.208 -225.907 2.7547
882.272 -225.906 2.75231
882.335 -225.905 2.74988
882.398 -225.904 2.74744
882.462 -225.902 2.74496
882.525 -225.901 2.74246
882.589 -225.9 2.73992
882.653 -225.899 2.73736
882.716 -225.897 2.73477
882.78 -225.896 2.73216
882.844 -225.895 2.72951
882.909 -225.893 2.72683
882.973 -225.892 2.72412
883.038 -225.891 2.72138
883.102 -225.889 2.71861
883.167 -225.888 2.71581
883.232 -225.886 2.71298
883.297 -225.885 2.71012
883.362 -225.884 2.70722
883.428 -225.882 2.70429
883.494 -225.881 2.70133
883.56 -225.879 2.69833
883.626 -225.878 2.6953
883.692 -225.876 2.69224
883.759 -225.875 2.68914
883.825 -225.873 2.686
883.892 -225.871 2.68283
883.96 -225.87 2.67962
884.027 -225.868 2.67638
884.095 -225.867 2.67309
884.163 -225.865 2.66977
884.231 -225.863 2.66641
884.3 -225.862 2.66302
884.369 -225.86 2.65958
884.438 -225.858 2.6561
884.507 -225.856 2.65258
884.577 -225.855 2.64902
884.647 -225.853 2.64542
884.718 -225.851 2.64177
884.788 -225.849 2.63808
884.86 -225.847 2.63435
884.931 -225.845 2.63057
885.003 -225.843 2.62675
885.075 -225.841 2.62288
885.148 -225.839 2.61896
885.221 -225.838 2.615
885.294 -225.835 2.61099
885.368 -225.833 2.60693
885.443 -225.831 2.60281
885.517 -225.829 2.59865
885.593 -225.827 2.59444
885.668 -225.825 2.59017
885.744 -225.823 2.58585
885.821 -225.821 2.58147
885.898 -225.819 2.57704
885.976 -225.816 2.57256
886.054 -225.814 2.56801
886.133 -225.812 2.56341
886.212 -225.809 2.55875
886.292 -225.807 2.55403
886.373 -225.805 2.54922
886.455 -225.805 2.54421
886.538 -225.805 2.53914
886.622 -225.805 2.53399
886.706 -225.805 2.52877
 ] }
 color Color { color [
0.0949173 0 0.905083
0.0949093 0 0.905091
0.0949059 0 0.905094
0.0901532 0 0.909847
0.090164 0 0.909836
0.0901794 0 0.909821
0.0901994 0 0.909801
0.0902235 0 0.909777
0.0902522 0 0.909748
0.0902853 0 0.909715
0.095053 0 0.904947
0.0950932 0 0.904907
0.0951381 0 0.904862
0.0951877 0 0.904812
0.0904618 0 0.909538
0.090522 0 0.909478
0.0905868 0 0.909413
0.0906558 0 0.909344
0.0907298 0 0.90927
0.0908083 0 0.909192
0.0908911 0 0.909109
0.0957613 0 0.904239
0.150424 0 0.849576
0.150309 0 0.849691
0.150203 0 0.849797
0.150103 0 0.849897
0.150012 0 0.849988
0.149927 0 0.850073
0.14985 0 0.85015
0.149781 0 0.850219
0.149719 0 0.850281
0.149664 0 0.850336
0.150376 0 0.849625
0.181342 0 0.818658
0.0493431 0 0.950657
0.409942 0 0.590058
0.489086 0 0.510914
0.450206 0 0.549794
0.462528 0 0.537472
0.463213 0 0.536787
0.42011 0 0.57989
0.490488 0 0.509512
0.455907 0 0.544093
0.396914 0 0.603086
0.0926362 0 0.907364
0.0901134 0 0.909887
0.0901196 0 0.90988
0.0901309 0 0.909869
0.0901463 0 0.909854
0.0901661 0 0.909834
0.0901901 0 0.90981
0.0902188 0 0.909781
0.0902521 0 0.909748
0.0927756 0 0.907224
0.0928148 0 0.907185
0.0928582 0 0.907142
0.0903725 0 0.909627
0.0904281 0 0.909572
0.0904883 0 0.909512
0.0905529 0 0.909447
0.0906221 0 0.909378
0.0906959 0 0.909304
0.0907744 0 0.909226
0.0908575 0 0.909143
0.0909449 0 0.909055
0.0935552 0 0.906445
0.150274 0 0.849726
0.150167 0 0.849833
0.150068 0 0.849932
0.149976 0 0.850024
0.149891 0 0.850109
0.149814 0 0.850186
0.149745 0 0.850255
0.149683 0 0.850317
0.149628 0 0.850372
0.15032 0 0.84968
0.181268 0 0.818732
0.0493302 0 0.95067
0.409844 0 0.590156
0.450204 0 0.549796
0.464358 0 0.535642
0.46311 0 0.53689
0.420022 0 0.579978
0.490343 0 0.509657
0.456102 0 0.543898
0.396902 0 0.603098
0.0900812 0 0.909919
0.0900878 0 0.909912
0.0900985 0 0.909902
0.0901137 0 0.909886
0.0901334 0 0.909867
0.0901578 0 0.909842
0.0901863 0 0.909814
0.0902196 0 0.90978
0.0902571 0 0.909743
0.0925771 0 0.907423
0.0926249 0 0.907375
0.0903403 0 0.90966
0.0903955 0 0.909605
0.090456 0 0.909544
0.0905204 0 0.90948
0.0905894 0 0.909411
0.0906631 0 0.909337
0.0907415 0 0.909259
0.0908243 0 0.909176
0.0909122 0 0.909088
0.0933585 0 0.906641
0.150239 0 0.849761
0.150133 0 0.849867
0.150034 0 0.849966
0.149942 0 0.850058
0.149858 0 0.850142
0.149781 0 0.850219
0.149712 0 0.850289
0.149649 0 0.850351
0.149595 0 0.850405
0.150271 0 0.849729
0.18119 0 0.81881
0.0493181 0 0.950682
0.40975 0 0.59025
0.450216 0 0.549784
0.46435 0 0.53565
0.463012 0 0.536988
0.419973 0 0.580027
0.490206 0 0.509794
0.456307 0 0.543693
0.396898 0 0.603102
0.0900567 0 0.909943
0.0900672 0 0.909933
0.0900828 0 0.909917
0.0901025 0 0.909898
0.0901267 0 0.909873
0.0901551 0 0.909845
0.0901883 0 0.909812
0.0902256 0 0.909774
0.0925451 0 0.907455
0.0904808 0 0.909519
0.0903086 0 0.909691
0.0903644 0 0.909636
0.0904243 0 0.909576
0.0904887 0 0.909511
0.090558 0 0.909442
0.0906317 0 0.909368
0.0907098 0 0.90929
0.0907925 0 0.909207
0.0908802 0 0.90912
0.0933262 0 0.906674
0.150208 0 0.849792
0.150101 0 0.849899
0.150002 0 0.849998
0.14991 0 0.85009
0.149826 0 0.850174
0.149749 0 0.850251
0.14968 0 0.85032
0.149618 0 0.850382
0.149563 0 0.850437
0.150215 0 0.849785
0.181116 0 0.818884
0.0493068 0 0.950693
0.409667 0 0.590333
0.489542 0 0.510458
0.450242 0 0.549758
0.464347 0 0.535653
0.46292 0 0.53708
0.41996 0 0.58004
0.490078 0 0.509922
0.456522 0 0.543478
0.396901 0 0.603099
0.0900371 0 0.909963
0.0900525 0 0.909948
0.0900721 0 0.909928
0.0900962 0 0.909904
0.0901251 0 0.909875
0.090158 0 0.909842
0.0901958 0 0.909804
0.092514 0 0.907486
0.090455 0 0.909545
0.0902785 0 0.909722
0.0903342 0 0.909666
0.090394 0 0.909606
0.0904586 0 0.909541
0.0905274 0 0.909473
0.0906012 0 0.909399
0.0906793 0 0.909321
0.0907624 0 0.909238
0.0908498 0 0.90915
0.0914214 0 0.908579
0.150177 0 0.849823
0.150071 0 0.849929
0.149972 0 0.850029
0.14988 0 0.85012
0.149796 0 0.850204
0.149719 0 0.850281
0.14965 0 0.85035
0.149588 0 0.850412
0.149533 0 0.850467
0.150166 0 0.849834
0.181045 0 0.818955
0.0492957 0 0.950704
0.409604 0 0.590396
0.489093 0 0.510907
0.450281 0 0.549719
0.462865 0 0.537135
0.419988 0 0.580012
0.489958 0 0.510042
0.456748 0 0.543252
0.396913 0 0.603087
0.0900236 0 0.909976
0.0900435 0 0.909956
0.0900676 0 0.909932
0.0900963 0 0.909904
0.0901291 0 0.909871
0.0901666 0 0.909833
0.0924843 0 0.907516
0.0904299 0 0.90957
0.0902494 0 0.909751
0.090305 0 0.909695
0.0903647 0 0.909635
0.0904292 0 0.909571
0.0904984 0 0.909502
0.090572 0 0.909428
0.0906499 0 0.90935
0.0907328 0 0.909267
0.0908203 0 0.90918
0.0913839 0 0.908616
0.150149 0 0.849851
0.150042 0 0.849958
0.149943 0 0.850057
0.149852 0 0.850148
0.149767 0 0.850233
0.149691 0 0.850309
0.149621 0 0.850379
0.149559 0 0.850441
0.149505 0 0.850495
0.15013 0 0.84987
0.180992 0 0.819008
0.0492851 0 0.950715
0.409546 0 0.590454
0.488939 0 0.511061
0.450332 0 0.549668
0.462819 0 0.537181
0.420059 0 0.579941
0.489847 0 0.510153
0.456987 0 0.543013
0.396933 0 0.603067
0.599324 0 0.400676
0.0899572 0 0.910043
0.0899767 0 0.910023
0.090068 0 0.909932
0.0901012 0 0.909899
0.0901388 0 0.909861
0.0924559 0 0.907544
0.0904063 0 0.909594
0.0902216 0 0.909778
0.0902766 0 0.909723
0.0901265 0 0.909874
0.0901856 0 0.909814
0.0902493 0 0.909751
0.0903178 0 0.909682
0.0903906 0 0.909609
0.0907047 0 0.909295
0.0907918 0 0.909208
0.0913473 0 0.908653
0.150122 0 0.849878
0.150016 0 0.849984
0.149917 0 0.850083
0.149825 0 0.850175
0.149741 0 0.850259
0.149664 0 0.850336
0.149595 0 0.850405
0.149533 0 0.850467
0.149478 0 0.850522
0.150097 0 0.849903
0.180945 0 0.819055
0.0492744 0 0.950726
0.409492 0 0.590508
0.488874 0 0.511126
0.450396 0 0.549604
0.462778 0 0.537222
0.420183 0 0.579817
0.489744 0 0.510256
0.457237 0 0.542763
0.396963 0 0.603037
0.599331 0 0.400669
0.0896035 0 0.910396
0.0900416 0 0.909958
0.0900746 0 0.909925
0.090112 0 0.909888
0.0924282 0 0.907572
0.090383 0 0.909617
0.0901946 0 0.909805
0.09025 0 0.90975
0.0898104 0 0.91019
0.0898101 0 0.91019
0.0898734 0 0.910127
0.0899411 0 0.910059
0.0900134 0 0.909987
0.0906774 0 0.909323
0.0907646 0 0.909235
0.0913128 0 0.908687
0.150098 0 0.849903
0.149991 0 0.850009
0.149892 0 0.850108
0.149801 0 0.850199
0.149717 0 0.850284
0.14964 0 0.85036
0.14957 0 0.85043
0.149508 0 0.850492
0.058616 0 0.941384
0.150071 0 0.849929
0.180907 0 0.819093
0.0492648 0 0.950735
0.409444 0 0.590556
0.488864 0 0.511136
0.450471 0 0.549529
0.462743 0 0.537257
0.420384 0 0.579616
0.48965 0 0.51035
0.457511 0 0.542489
0.397002 0 0.602998
0.599348 0 0.400652
0.0900161 0 0.909984
0.0900487 0 0.909951
0.0900864 0 0.909914
0.0924022 0 0.907598
0.0903617 0 0.909638
0.090169 0 0.909831
0.0902243 0 0.909776
0.0897893 0 0.910211
0.0897561 0 0.910244
0.0898248 0 0.910175
0.0898974 0 0.910103
0.0899753 0 0.910025
0.0906517 0 0.909348
0.0907386 0 0.909261
0.0912784 0 0.908722
0.150075 0 0.849925
0.149968 0 0.850032
0.149869 0 0.850131
0.149778 0 0.850222
0.149694 0 0.850306
0.149617 0 0.850383
0.149548 0 0.850452
0.149486 0 0.850514
0.0586853 0 0.941315
0.150043 0 0.849957
0.180865 0 0.819135
0.0492555 0 0.950745
0.4094 0 0.5906
0.488896 0 0.511104
0.450557 0 0.549443
0.462713 0 0.537287
0.420742 0 0.579258
0.489565 0 0.510435
0.457814 0 0.542186
0.39705 0 0.60295
0.599373 0 0.400627
0.0900242 0 0.909976
0.0900617 0 0.909938
0.0923769 0 0.907623
0.0903412 0 0.909659
0.0901446 0 0.909855
0.0901997 0 0.9098
0.0897693 0 0.910231
0.0897316 0 0.910268
0.0898 0 0.9102
0.0898731 0 0.910127
0.0899506 0 0.910049
0.0906264 0 0.909374
0.0907135 0 0.909286
0.091246 0 0.908754
0.150054 0 0.849946
0.149947 0 0.850053
0.149848 0 0.850152
0.149757 0 0.850243
0.149672 0 0.850328
0.149596 0 0.850404
0.149527 0 0.850473
0.149465 0 0.850535
0.14941 0 0.85059
0.150016 0 0.849984
0.180827 0 0.819173
0.0492469 0 0.950753
0.409362 0 0.590638
0.488964 0 0.511036
0.450655 0 0.549345
0.462689 0 0.537311
0.42064 0 0.57936
0.48949 0 0.51051
0.458174 0 0.541826
0.397111 0 0.602889
0.599407 0 0.400593
0.0900385 0 0.909962
0.092353 0 0.907647
0.0903217 0 0.909678
0.0901208 0 0.909879
0.0901763 0 0.909824
0.0897504 0 0.91025
0.0897085 0 0.910291
0.0897768 0 0.910223
0.0898497 0 0.91015
0.0899268 0 0.910073
0.0906026 0 0.909397
0.0906901 0 0.90931
0.0912145 0 0.908786
0.150035 0 0.849965
0.149928 0 0.850072
0.149829 0 0.850171
0.149738 0 0.850262
0.149654 0 0.850346
0.149577 0 0.850423
0.149508 0 0.850492
0.149446 0 0.850554
0.149391 0 0.850609
0.149992 0 0.850008
0.180792 0 0.819208
0.0492393 0 0.950761
0.409328 0 0.590672
0.489064 0 0.510936
0.450765 0 0.549235
0.462671 0 0.537329
0.420313 0 0.579687
0.489423 0 0.510577
0.397184 0 0.602816
0.0979145 0 0.902085
0.0981781 0 0.901822
0.0984479 0 0.901552
0.0987241 0 0.901276
0.0990062 0 0.900994
0.0992952 0 0.900705
0.0995905 0 0.900409
0.0998924 0 0.900108
0.100201 0 0.899799
0.100516 0 0.899484
0.100839 0 0.899161
0.101168 0 0.898832
0.101505 0 0.898495
0.0923301 0 0.90767
0.0903037 0 0.909696
0.0900988 0 0.909901
0.0901537 0 0.909846
0.0897326 0 0.910267
0.0896861 0 0.910314
0.0897543 0 0.910246
0.0898271 0 0.910173
0.0899045 0 0.910096
0.0905801 0 0.90942
0.0906674 0 0.909333
0.0911837 0 0.908816
0.150017 0 0.849983
0.149911 0 0.850089
0.149812 0 0.850188
0.14972 0 0.85028
0.149636 0 0.850364
0.14956 0 0.85044
0.14949 0 0.85051
0.149429 0 0.850571
0.149374 0 0.850626
0.14997 0 0.85003
0.180754 0 0.819246
0.0492321 0 0.950768
0.4093 0 0.5907
0.411007 0 0.588993
0.489195 0 0.510805
0.450886 0 0.549114
0.462659 0 0.537341
0.420116 0 0.579884
0.489366 0 0.510634
0.397271 0 0.602729
0.0951738 0 0.904826
0.0950377 0 0.904962
0.0952311 0 0.904769
0.09543 0 0.90457
0.0956345 0 0.904366
0.0958444 0 0.904156
0.0960599 0 0.90394
0.0962811 0 0.903719
0.0965082 0 0.903492
0.0967407 0 0.903259
0.0969791 0 0.903021
0.0972236 0 0.902776
0.0974741 0 0.902526
0.0977303 0 0.90227
0.097993 0 0.902007
0.0982617 0 0.901738
0.0985366 0 0.901463
0.0988177 0 0.901182
0.0991056 0 0.900894
0.0993996 0 0.9006
0.0997004 0 0.9003
0.100008 0 0.899992
0.100322 0 0.899678
0.100643 0 0.899357
0.100972 0 0.899028
0.101307 0 0.898694
0.101649 0 0.898351
0.0902865 0 0.909713
0.0900773 0 0.909923
0.0901324 0 0.909868
0.0897163 0 0.910284
0.0896649 0 0.910335
0.0897333 0 0.910267
0.0898059 0 0.910194
0.0898833 0 0.910117
0.0905585 0 0.909441
0.0906458 0 0.909354
0.0930851 0 0.906915
0.150002 0 0.849998
0.149895 0 0.850105
0.149796 0 0.850204
0.149705 0 0.850295
0.149621 0 0.850379
0.149544 0 0.850456
0.149475 0 0.850525
0.149413 0 0.850587
0.149359 0 0.850641
0.149946 0 0.850054
0.180719 0 0.819281
0.0492253 0 0.950775
0.109305 0 0.890695
0.108169 0 0.891831
0.107061 0 0.892939
0.10598 0 0.89402
0.104926 0 0.895074
0.103897 0 0.896103
0.102894 0 0.897106
0.101914 0 0.898086
0.100957 0 0.899043
0.100024 0 0.899976
0.09921 0 0.90079
0.0997265 0 0.900274
0.409276 0 0.590724
0.410891 0 0.589109
0.489357 0 0.510643
0.451019 0 0.548981
0.462652 0 0.537348
0.419989 0 0.580011
0.0931021 0 0.906898
0.0928295 0 0.90717
0.0929561 0 0.907044
0.0930876 0 0.906912
0.0932238 0 0.906776
0.0933651 0 0.906635
0.0935116 0 0.906488
0.0936626 0 0.906337
0.093819 0 0.906181
0.0939804 0 0.90602
0.0941471 0 0.905853
0.0943187 0 0.905681
0.0944955 0 0.905505
0.0946776 0 0.905322
0.0948651 0 0.905135
0.0950579 0 0.904942
0.0952562 0 0.904744
0.09546 0 0.90454
0.0956691 0 0.904331
0.0958838 0 0.904116
0.096104 0 0.903896
0.0963303 0 0.90367
0.0965619 0 0.903438
0.0967996 0 0.9032
0.0970432 0 0.902957
0.0972925 0 0.902707
0.0975481 0 0.902452
0.0978097 0 0.90219
0.0980773 0 0.901923
0.098351 0 0.901649
0.0986315 0 0.901368
0.0989179 0 0.901082
0.0992108 0 0.900789
0.0995105 0 0.900489
0.0998169 0 0.900183
0.10013 0 0.89987
0.10045 0 0.89955
0.100776 0 0.899224
0.10111 0 0.89889
0.101451 0 0.898549
0.101799 0 0.898201
0.0900573 0 0.909943
0.0901124 0 0.909888
0.0897009 0 0.910299
0.0896961 0 0.910304
0.0897704 0 0.91023
0.0898493 0 0.910151
0.0899328 0 0.910067
0.0905382 0 0.909462
0.0906252 0 0.909375
0.093367 0 0.906633
0.149988 0 0.850012
0.149882 0 0.850118
0.149783 0 0.850217
0.149691 0 0.850309
0.149607 0 0.850393
0.149531 0 0.850469
0.149462 0 0.850538
0.1494 0 0.8506
0.149345 0 0.850655
0.14993 0 0.85007
0.180687 0 0.819313
0.0486996 0 0.9513
0.0492194 0 0.950781
0.128412 0 0.871588
0.126757 0 0.873243
0.125149 0 0.874851
0.123587 0 0.876413
0.12207 0 0.87793
0.120594 0 0.879406
0.11916 0 0.88084
0.117764 0 0.882236
0.116407 0 0.883593
0.115085 0 0.884915
0.113799 0 0.886201
0.112546 0 0.887454
0.111326 0 0.888674
0.110137 0 0.889863
0.108978 0 0.891022
0.107848 0 0.892152
0.106747 0 0.893253
0.105672 0 0.894328
0.104624 0 0.895376
0.103602 0 0.896398
0.102604 0 0.897396
0.10163 0 0.89837
0.100679 0 0.899321
0.0997501 0 0.90025
0.0988427 0 0.901157
0.0993185 0 0.900681
0.0998789 0 0.900121
0.409258 0 0.590742
0.41078 0 0.58922
0.0924699 0 0.90753
0.091394 0 0.908606
0.0914551 0 0.908545
0.0915205 0 0.90848
0.0915906 0 0.908409
0.0916652 0 0.908335
0.0917443 0 0.908256
0.0918281 0 0.908172
0.0919166 0 0.908083
0.0920095 0 0.90799
0.092107 0 0.907893
0.0922095 0 0.90779
0.0923166 0 0.907683
0.0924283 0 0.907572
0.0925449 0 0.907455
0.0926663 0 0.907334
0.0927924 0 0.907208
0.0929234 0 0.907077
0.0930592 0 0.906941
0.0932 0 0.9068
0.0933457 0 0.906654
0.0934964 0 0.906504
0.0936522 0 0.906348
0.093813 0 0.906187
0.0939791 0 0.906021
0.09415 0 0.90585
0.0943263 0 0.905674
0.0945078 0 0.905492
0.0946945 0 0.905305
0.0948867 0 0.905113
0.0950842 0 0.904916
0.0952871 0 0.904713
0.0954955 0 0.904505
0.0957093 0 0.904291
0.0959292 0 0.904071
0.0961541 0 0.903846
0.0963853 0 0.903615
0.0966219 0 0.903378
0.0968643 0 0.903136
0.097113 0 0.902887
0.0973673 0 0.902633
0.097628 0 0.902372
0.0978947 0 0.902105
0.0981676 0 0.901832
0.0984468 0 0.901553
0.0987322 0 0.901268
0.0990242 0 0.900976
0.0993226 0 0.900677
0.0996278 0 0.900372
0.0999396 0 0.90006
0.100258 0 0.899742
0.100584 0 0.899416
0.100916 0 0.899084
0.101256 0 0.898744
0.101603 0 0.898397
0.101956 0 0.898044
0.0900934 0 0.909907
0.0899072 0 0.910093
0.0899776 0 0.910022
0.0900521 0 0.909948
0.0901314 0 0.909869
0.0902155 0 0.909784
0.0905189 0 0.909481
0.0906058 0 0.909394
0.0941201 0 0.90588
0.149976 0 0.850024
0.14987 0 0.85013
0.149771 0 0.850229
0.14968 0 0.85032
0.149596 0 0.850404
0.149519 0 0.850481
0.14945 0 0.85055
0.147521 0 0.852479
0.145269 0 0.854731
0.143091 0 0.856909
0.140984 0 0.859016
0.138943 0 0.861057
0.136968 0 0.863032
0.0487705 0 0.95123
0.133199 0 0.866801
0.1314 0 0.8686
0.0492139 0 0.950786
0.127961 0 0.872039
0.126317 0 0.873683
0.12472 0 0.87528
0.12317 0 0.87683
0.121662 0 0.878338
0.120197 0 0.879803
0.118772 0 0.881228
0.117386 0 0.882614
0.116037 0 0.883963
0.114724 0 0.885276
0.113445 0 0.886555
0.1122 0 0.8878
0.110987 0 0.889013
0.109806 0 0.890194
0.108654 0 0.891346
0.107531 0 0.892469
0.106436 0 0.893564
0.105368 0 0.894632
0.104326 0 0.895674
0.103309 0 0.896691
0.102317 0 0.897683
0.101348 0 0.898652
0.100402 0 0.899598
0.099479 0 0.900521
0.0987624 0 0.901238
0.0993113 0 0.900689
0.0998716 0 0.900128
0.409244 0 0.590756
0.410673 0 0.589327
0.0908589 0 0.909141
0.0908533 0 0.909147
0.090852 0 0.909148
0.0908551 0 0.909145
0.0908625 0 0.909137
0.0908745 0 0.909126
0.0908908 0 0.909109
0.0909115 0 0.909089
0.0909365 0 0.909063
0.0909662 0 0.909034
0.0910002 0 0.909
0.0910386 0 0.908961
0.0910815 0 0.908918
0.0911287 0 0.908871
0.0911807 0 0.908819
0.0912369 0 0.908763
0.0912977 0 0.908702
0.0913629 0 0.908637
0.0914328 0 0.908567
0.0915071 0 0.908493
0.091586 0 0.908414
0.0916694 0 0.908331
0.0917576 0 0.908242
0.0918502 0 0.90815
0.0919474 0 0.908053
0.0920496 0 0.90795
0.0921562 0 0.907844
0.0922674 0 0.907733
0.0923837 0 0.907616
0.0925046 0 0.907495
0.0926302 0 0.90737
0.0927608 0 0.907239
0.0928963 0 0.907104
0.0930365 0 0.906963
0.0931817 0 0.906818
0.0933318 0 0.906668
0.0934871 0 0.906513
0.0936473 0 0.906353
0.0938128 0 0.906187
0.0939831 0 0.906017
0.0941588 0 0.905841
0.0943395 0 0.905661
0.0945257 0 0.905474
0.0947169 0 0.905283
0.0949138 0 0.905086
0.0951161 0 0.904884
0.0953239 0 0.904676
0.0955369 0 0.904463
0.0957556 0 0.904244
0.0959801 0 0.90402
0.0962102 0 0.90379
0.0964461 0 0.903554
0.0966876 0 0.903312
0.0969351 0 0.903065
0.0971888 0 0.902811
0.0974483 0 0.902552
0.0977139 0 0.902286
0.0979858 0 0.902014
0.098264 0 0.901736
0.0985483 0 0.901452
0.0988393 0 0.901161
0.0991366 0 0.900863
0.0994405 0 0.90056
0.099751 0 0.900249
0.100069 0 0.899931
0.100393 0 0.899607
0.100724 0 0.899276
0.101062 0 0.898938
0.101408 0 0.898592
0.10176 0 0.89824
0.102121 0 0.897879
0.0901349 0 0.909865
0.0901992 0 0.909801
0.0902676 0 0.909732
0.0903409 0 0.909659
0.0904188 0 0.909581
0.0905008 0 0.909499
0.0940062 0 0.905994
0.094101 0 0.905899
0.149966 0 0.850034
0.14986 0 0.85014
0.149761 0 0.850239
0.14967 0 0.85033
0.149586 0 0.850414
0.149509 0 0.850491
0.149237 0 0.850763
0.146926 0 0.853074
0.144692 0 0.855308
0.142531 0 0.857469
0.14044 0 0.85956
0.138416 0 0.861584
0.0489287 0 0.951071
0.0485258 0 0.951474
0.0486203 0 0.95138
0.0487175 0 0.951283
0.0488175 0 0.951183
0.0489205 0 0.951079
0.125882 0 0.874118
0.124296 0 0.875704
0.122756 0 0.877244
0.121259 0 0.878741
0.119803 0 0.880197
0.118388 0 0.881612
0.11701 0 0.88299
0.11567 0 0.88433
0.114365 0 0.885635
0.113095 0 0.886905
0.111858 0 0.888142
0.110652 0 0.889348
0.109478 0 0.890522
0.108333 0 0.891667
0.107217 0 0.892783
0.106128 0 0.893872
0.105066 0 0.894934
0.10403 0 0.89597
0.10302 0 0.89698
0.102033 0 0.897967
0.10107 0 0.89893
0.100129 0 0.899871
0.0992107 0 0.900789
0.0987564 0 0.901244
0.0993058 0 0.900694
0.0998658 0 0.900134
0.409235 0 0.590765
0.410573 0 0.589427
0.0907713 0 0.909229
0.090748 0 0.909252
0.0907292 0 0.909271
0.0907147 0 0.909285
0.0907048 0 0.909295
0.090699 0 0.909301
0.0906978 0 0.909302
0.0907009 0 0.909299
0.0907083 0 0.909292
0.0907203 0 0.90928
0.0907364 0 0.909264
0.0907571 0 0.909243
0.0907821 0 0.909218
0.0908117 0 0.909188
0.0908454 0 0.909155
0.0908838 0 0.909116
0.0909265 0 0.909073
0.0909737 0 0.909026
0.0910254 0 0.908975
0.0910814 0 0.908919
0.091142 0 0.908858
0.0912069 0 0.908793
0.0912764 0 0.908724
0.0913506 0 0.908649
0.0914292 0 0.908571
0.0915125 0 0.908488
0.0916002 0 0.9084
0.0916927 0 0.908307
0.0917896 0 0.90821
0.0918913 0 0.908109
0.0919975 0 0.908003
0.0921086 0 0.907891
0.0922243 0 0.907776
0.0923445 0 0.907655
0.09247 0 0.90753
0.0926001 0 0.9074
0.0927349 0 0.907265
0.0928748 0 0.907125
0.0930196 0 0.90698
0.0931691 0 0.906831
0.0933238 0 0.906676
0.0934833 0 0.906517
0.0936482 0 0.906352
0.0938181 0 0.906182
0.0939931 0 0.906007
0.0941731 0 0.905827
0.0943586 0 0.905641
0.0945493 0 0.905451
0.0947454 0 0.905255
0.0949468 0 0.905053
0.0951537 0 0.904846
0.0953661 0 0.904634
0.0955842 0 0.904416
0.0958075 0 0.904192
0.0960369 0 0.903963
0.096272 0 0.903728
0.0965129 0 0.903487
0.0967595 0 0.903241
0.0970121 0 0.902988
0.0972706 0 0.902729
0.0975355 0 0.902465
0.0978061 0 0.902194
0.0980833 0 0.901917
0.0983666 0 0.901633
0.0986564 0 0.901344
0.0989527 0 0.901047
0.0992552 0 0.900745
0.0995647 0 0.900435
0.0998811 0 0.900119
0.100204 0 0.899796
0.100534 0 0.899466
0.100871 0 0.899129
0.101215 0 0.898785
0.101567 0 0.898433
0.101925 0 0.898075
0.102291 0 0.897709
0.0901823 0 0.909818
0.0902508 0 0.909749
0.0903241 0 0.909676
0.0904018 0 0.909598
0.0904839 0 0.909516
0.0939884 0 0.906012
0.0940832 0 0.905917
0.149958 0 0.850042
0.149852 0 0.850148
0.149753 0 0.850247
0.149662 0 0.850338
0.149578 0 0.850422
0.149501 0 0.850499
0.14863 0 0.85137
0.146338 0 0.853662
0.144121 0 0.855879
0.141978 0 0.858023
0.139903 0 0.860097
0.137894 0 0.862106
0.0489283 0 0.951072
0.0485137 0 0.951486
0.0486085 0 0.951392
0.0487057 0 0.951294
0.0488055 0 0.951195
0.0489083 0 0.951092
0.125451 0 0.874549
0.123877 0 0.876123
0.122347 0 0.877653
0.12086 0 0.87914
0.119414 0 0.880586
0.118007 0 0.881993
0.116639 0 0.883361
0.115307 0 0.884693
0.114011 0 0.885989
0.112748 0 0.887252
0.111518 0 0.888481
0.110321 0 0.889679
0.109153 0 0.890847
0.108015 0 0.891985
0.106906 0 0.893094
0.105823 0 0.894177
0.104768 0 0.895232
0.103738 0 0.896262
0.102733 0 0.897267
0.101751 0 0.898249
0.100794 0 0.899206
0.0998583 0 0.900142
0.0989447 0 0.901055
0.0987521 0 0.901248
0.099301 0 0.900699
0.099861 0 0.900139
0.409232 0 0.590768
0.410478 0 0.589522
0.0906461 0 0.909354
0.0906186 0 0.909381
0.0905954 0 0.909405
0.0905766 0 0.909423
0.090562 0 0.909438
0.0905522 0 0.909448
0.0905465 0 0.909453
0.0905451 0 0.909455
0.0905482 0 0.909452
0.0905557 0 0.909444
0.0905675 0 0.909433
0.0905837 0 0.909416
0.0906042 0 0.909396
0.0906292 0 0.909371
0.0906586 0 0.909341
0.0906924 0 0.909308
0.0907306 0 0.909269
0.0907731 0 0.909227
0.0908202 0 0.90918
0.0908717 0 0.909128
0.0909276 0 0.909072
0.0909879 0 0.909012
0.0910527 0 0.908947
0.0911219 0 0.908878
0.0911959 0 0.908804
0.0912742 0 0.908726
0.0913571 0 0.908643
0.0914446 0 0.908555
0.0915367 0 0.908463
0.0916332 0 0.908367
0.0917346 0 0.908265
0.0918404 0 0.90816
0.091951 0 0.908049
0.0920665 0 0.907934
0.0921864 0 0.907814
0.0923113 0 0.907689
0.0924409 0 0.907559
0.0925753 0 0.907425
0.0927147 0 0.907285
0.0928587 0 0.907141
0.0930079 0 0.906992
0.0931621 0 0.906838
0.0933212 0 0.906679
0.0934853 0 0.906515
0.0936546 0 0.906345
0.093829 0 0.906171
0.0940084 0 0.905992
0.0941931 0 0.905807
0.0943832 0 0.905617
0.0945786 0 0.905421
0.0947793 0 0.905221
0.0949855 0 0.905015
0.0951972 0 0.904803
0.0954142 0 0.904586
0.0956372 0 0.904363
0.0958655 0 0.904135
0.0960996 0 0.9039
0.0963394 0 0.903661
0.0965855 0 0.903414
0.0968369 0 0.903163
0.0970948 0 0.902905
0.0973583 0 0.902642
0.0976283 0 0.902372
0.0979042 0 0.902096
0.0981866 0 0.901813
0.0984751 0 0.901525
0.0987703 0 0.90123
0.099072 0 0.900928
0.0993802 0 0.90062
0.0996953 0 0.900305
0.100017 0 0.899983
0.100346 0 0.899654
0.100682 0 0.899318
0.101024 0 0.898976
0.101374 0 0.898626
0.101731 0 0.898269
0.102096 0 0.897904
0.102468 0 0.897532
0.0904437 0 0.909556
0.0905241 0 0.909476
0.0906096 0 0.90939
0.0936007 0 0.906399
0.0936815 0 0.906318
0.0937674 0 0.906233
0.149951 0 0.850049
0.149845 0 0.850155
0.149746 0 0.850254
0.149655 0 0.850345
0.149572 0 0.850428
0.149495 0 0.850505
0.148029 0 0.851971
0.145755 0 0.854245
0.143556 0 0.856444
0.141429 0 0.858571
0.139371 0 0.860629
0.137378 0 0.862622
0.0489236 0 0.951076
0.0485024 0 0.951498
0.048597 0 0.951403
0.048694 0 0.951306
0.0487941 0 0.951206
0.048897 0 0.951103
0.125025 0 0.874975
0.123461 0 0.876539
0.121941 0 0.878059
0.120464 0 0.879536
0.119028 0 0.880972
0.117631 0 0.882369
0.116271 0 0.883729
0.114948 0 0.885052
0.113659 0 0.886341
0.112405 0 0.887595
0.111183 0 0.888817
0.109992 0 0.890008
0.108832 0 0.891168
0.1077 0 0.8923
0.106597 0 0.893403
0.105522 0 0.894478
0.104472 0 0.895528
0.103448 0 0.896552
0.102448 0 0.897552
0.101473 0 0.898527
0.10052 0 0.89948
0.0995899 0 0.90041
0.0986815 0 0.901318
0.0987489 0 0.901251
0.0992978 0 0.900702
0.0998577 0 0.900142
0.409233 0 0.590767
0.410389 0 0.589611
0.0904947 0 0.909505
0.0904672 0 0.909533
0.0904442 0 0.909556
0.0904254 0 0.909575
0.0904111 0 0.909589
0.0904012 0 0.909599
0.0903955 0 0.909604
0.0903942 0 0.909606
0.0903972 0 0.909603
0.0904047 0 0.909595
0.0904164 0 0.909584
0.0904326 0 0.909567
0.0904532 0 0.909547
0.0904779 0 0.909522
0.0905073 0 0.909493
0.090541 0 0.909459
0.0905791 0 0.909421
0.0906216 0 0.909378
0.0906683 0 0.909332
0.0907195 0 0.90928
0.0907753 0 0.909225
0.0908354 0 0.909165
0.0908999 0 0.9091
0.0909691 0 0.909031
0.0910428 0 0.908957
0.0911208 0 0.908879
0.0912034 0 0.908797
0.0912904 0 0.90871
0.0913822 0 0.908618
0.0914785 0 0.908521
0.0915795 0 0.908421
0.091685 0 0.908315
0.0917953 0 0.908205
0.0919101 0 0.90809
0.0920298 0 0.90797
0.0921543 0 0.907846
0.0922833 0 0.907717
0.0924173 0 0.907583
0.0925561 0 0.907444
0.0926998 0 0.9073
0.0928484 0 0.907152
0.093002 0 0.906998
0.0931605 0 0.906839
0.093324 0 0.906676
0.0934928 0 0.906507
0.0936666 0 0.906333
0.0938454 0 0.906155
0.0940295 0 0.90597
0.0942188 0 0.905781
0.0944136 0 0.905586
0.0946136 0 0.905386
0.094819 0 0.905181
0.0950298 0 0.90497
0.0952464 0 0.904754
0.0954683 0 0.904532
0.095696 0 0.904304
0.0959292 0 0.904071
0.096168 0 0.903832
0.0964131 0 0.903587
0.0966638 0 0.903336
0.0969206 0 0.903079
0.0971833 0 0.902817
0.0974519 0 0.902548
0.0977272 0 0.902273
0.0980086 0 0.901991
0.098296 0 0.901704
0.0985899 0 0.90141
0.0988907 0 0.901109
0.0991976 0 0.900802
0.0995114 0 0.900489
0.0998318 0 0.900168
0.10016 0 0.89984
0.100494 0 0.899506
0.100835 0 0.899165
0.101184 0 0.898816
0.10154 0 0.89846
0.101903 0 0.898097
0.102274 0 0.897726
0.102652 0 0.897348
0.0917313 0 0.908269
0.0932972 0 0.906703
0.0933821 0 0.906618
0.0934713 0 0.906529
0.0935661 0 0.906434
0.149947 0 0.850053
0.149841 0 0.850159
0.149742 0 0.850258
0.149651 0 0.850349
0.149567 0 0.850433
0.149491 0 0.850509
0.147435 0 0.852565
0.145179 0 0.854821
0.142998 0 0.857002
0.140888 0 0.859112
0.138845 0 0.861155
0.136867 0 0.863133
0.0489194 0 0.951081
0.048492 0 0.951508
0.0485861 0 0.951414
0.0486834 0 0.951317
0.0487831 0 0.951217
0.0488857 0 0.951114
0.124603 0 0.875397
0.12305 0 0.87695
0.12154 0 0.87846
0.120073 0 0.879927
0.118646 0 0.881354
0.117258 0 0.882742
0.115907 0 0.884093
0.114592 0 0.885408
0.113312 0 0.886688
0.112065 0 0.887935
0.110851 0 0.889149
0.109667 0 0.890333
0.108514 0 0.891486
0.107389 0 0.892611
0.106292 0 0.893708
0.105223 0 0.894777
0.104179 0 0.895821
0.103161 0 0.896839
0.102167 0 0.897833
0.101197 0 0.898803
0.10025 0 0.89975
0.0993243 0 0.900676
0.098421 0 0.901579
0.098747 0 0.901253
0.0992958 0 0.900704
0.0998554 0 0.900145
0.100427 0 0.899573
0.409239 0 0.590761
0.410305 0 0.589695
0.0903451 0 0.909655
0.0903177 0 0.909682
0.0902947 0 0.909705
0.0902759 0 0.909724
0.0902618 0 0.909738
0.0902517 0 0.909748
0.090246 0 0.909754
0.0902448 0 0.909755
0.0902478 0 0.909752
0.0902553 0 0.909745
0.090267 0 0.909733
0.0902832 0 0.909717
0.0903035 0 0.909696
0.0903284 0 0.909672
0.0903577 0 0.909642
0.0903911 0 0.909609
0.0904292 0 0.909571
0.0904713 0 0.909529
0.0905181 0 0.909482
0.090569 0 0.909431
0.0906248 0 0.909375
0.0906846 0 0.909315
0.0907489 0 0.909251
0.0908179 0 0.909182
0.0908912 0 0.909109
0.090969 0 0.909031
0.0910513 0 0.908949
0.0911382 0 0.908862
0.0912297 0 0.90877
0.0913256 0 0.908674
0.0914261 0 0.908574
0.0915313 0 0.908469
0.0916411 0 0.908359
0.0917558 0 0.908244
0.091875 0 0.908125
0.0919989 0 0.908001
0.0921277 0 0.907872
0.0922612 0 0.907739
0.0923995 0 0.9076
0.0925425 0 0.907458
0.0926908 0 0.907309
0.0928436 0 0.907156
0.0930018 0 0.906998
0.0931649 0 0.906835
0.0933329 0 0.906667
0.0935061 0 0.906494
0.0936841 0 0.906316
0.0938678 0 0.906132
0.0940565 0 0.905944
0.0942505 0 0.90575
0.0944496 0 0.90555
0.0946542 0 0.905346
0.0948644 0 0.905136
0.0950801 0 0.90492
0.0953013 0 0.904699
0.0955281 0 0.904472
0.0957604 0 0.90424
0.0959987 0 0.904001
0.0962426 0 0.903757
0.0964926 0 0.903507
0.0967482 0 0.903252
0.0970101 0 0.90299
0.097278 0 0.902722
0.0975518 0 0.902448
0.0978323 0 0.902168
0.0981188 0 0.901881
0.0984115 0 0.901589
0.098711 0 0.901289
0.0990169 0 0.900983
0.0993296 0 0.90067
0.099649 0 0.900351
0.0999752 0 0.900025
0.100308 0 0.899692
0.100648 0 0.899352
0.100996 0 0.899004
0.10135 0 0.89865
0.101712 0 0.898288
0.102082 0 0.897918
0.102458 0 0.897542
0.102843 0 0.897157
0.0932828 0 0.906717
0.0933677 0 0.906632
0.0934573 0 0.906543
0.0940372 0 0.905963
0.149945 0 0.850055
0.149838 0 0.850162
0.14974 0 0.85026
0.149648 0 0.850352
0.149564 0 0.850436
0.149161 0 0.850839
0.146847 0 0.853153
0.144609 0 0.855391
0.142446 0 0.857554
0.140352 0 0.859648
0.138325 0 0.861675
0.136362 0 0.863638
0.0489347 0 0.951065
0.0485589 0 0.951441
0.0486516 0 0.951348
0.0487475 0 0.951253
0.0488462 0 0.951154
0.0489478 0 0.951052
0.124186 0 0.875814
0.122643 0 0.877357
0.121143 0 0.878857
0.119686 0 0.880314
0.118268 0 0.881732
0.116889 0 0.883111
0.115547 0 0.884453
0.11424 0 0.88576
0.112968 0 0.887032
0.111729 0 0.888271
0.110522 0 0.889478
0.109345 0 0.890655
0.108199 0 0.891801
0.107081 0 0.892919
0.10599 0 0.89401
0.104927 0 0.895073
0.103889 0 0.896111
0.102877 0 0.897123
0.101889 0 0.898111
0.100924 0 0.899076
0.0999818 0 0.900018
0.0990616 0 0.900938
0.0982082 0 0.901792
0.0987461 0 0.901254
0.0992946 0 0.900705
0.0998544 0 0.900146
0.100425 0 0.899575
0.409251 0 0.590749
0.410222 0 0.589778
0.372846 0 0.627154
0.0901968 0 0.909803
0.0901696 0 0.90983
0.0901466 0 0.909853
0.0901281 0 0.909872
0.0901138 0 0.909886
0.0901039 0 0.909896
0.0900982 0 0.909902
0.090097 0 0.909903
0.0901002 0 0.9099
0.0901074 0 0.909893
0.0901193 0 0.909881
0.0901352 0 0.909865
0.0901557 0 0.909844
0.0901803 0 0.90982
0.0902095 0 0.909791
0.0902428 0 0.909757
0.0902806 0 0.909719
0.0903229 0 0.909677
0.0903694 0 0.909631
0.0904202 0 0.90958
0.0904756 0 0.909524
0.0905353 0 0.909465
0.0905996 0 0.9094
0.0906682 0 0.909332
0.0907412 0 0.909259
0.0908187 0 0.909181
0.0909008 0 0.909099
0.0909873 0 0.909013
0.0910785 0 0.908921
0.0911741 0 0.908826
0.0912743 0 0.908726
0.0913793 0 0.908621
0.0914886 0 0.908511
0.0916028 0 0.908397
0.0917217 0 0.908278
0.0918451 0 0.908155
0.0919735 0 0.908027
0.0921065 0 0.907893
0.0922443 0 0.907756
0.0923869 0 0.907613
0.0925346 0 0.907465
0.0926871 0 0.907313
0.0928445 0 0.907156
0.0930071 0 0.906993
0.0931742 0 0.906826
0.0933468 0 0.906653
0.0935245 0 0.906476
0.0937074 0 0.906293
0.0938954 0 0.906105
0.0940886 0 0.905911
0.0942873 0 0.905713
0.0944912 0 0.905509
0.0947006 0 0.905299
0.0949154 0 0.905085
0.0951358 0 0.904864
0.0953617 0 0.904638
0.0955935 0 0.904407
0.0958307 0 0.904169
0.096074 0 0.903926
0.0963227 0 0.903677
0.0965778 0 0.903422
0.0968385 0 0.903162
0.0971053 0 0.902895
0.0973781 0 0.902622
0.0976577 0 0.902342
0.0979432 0 0.902057
0.0982349 0 0.901765
0.0985333 0 0.901467
0.0988378 0 0.901162
0.0991495 0 0.900851
0.0994677 0 0.900532
0.0997923 0 0.900208
0.100125 0 0.899875
0.100463 0 0.899537
0.100809 0 0.899191
0.101162 0 0.898838
0.101523 0 0.898477
0.101891 0 0.898109
0.102266 0 0.897734
0.102649 0 0.897351
0.103041 0 0.896959
0.0933547 0 0.906645
0.0934445 0 0.906556
0.150057 0 0.849943
0.149944 0 0.850056
0.149838 0 0.850162
0.149739 0 0.850261
0.149647 0 0.850353
0.149564 0 0.850436
0.0495186 0 0.950481
0.0476389 0 0.952361
0.0477158 0 0.952284
0.0477954 0 0.952205
0.0478775 0 0.952123
0.0479623 0 0.952038
0.0480494 0 0.951951
0.0481393 0 0.951861
0.0482318 0 0.951768
0.0483266 0 0.951673
0.0484244 0 0.951576
0.0485246 0 0.951475
0.0486277 0 0.951372
0.0487335 0 0.951267
0.0488418 0 0.951158
0.0489531 0 0.951047
0.0490671 0 0.950933
0.0491839 0 0.950816
0.116524 0 0.883476
0.11519 0 0.88481
0.113892 0 0.886108
0.112628 0 0.887372
0.111396 0 0.888604
0.110196 0 0.889804
0.109027 0 0.890973
0.107887 0 0.892113
0.106776 0 0.893224
0.105692 0 0.894308
0.104634 0 0.895366
0.103603 0 0.896397
0.102596 0 0.897404
0.101613 0 0.898387
0.100654 0 0.899346
0.0997166 0 0.900283
0.0988017 0 0.901198
0.0982087 0 0.901791
0.0987464 0 0.901254
0.0992949 0 0.900705
0.0998546 0 0.900145
0.100425 0 0.899575
0.37944 0 0.62056
0.366959 0 0.633041
0.365938 0 0.634062
0.366058 0 0.633942
0.367355 0 0.632645
0.367735 0 0.632265
0.375038 0 0.624962
0.0900504 0 0.90995
0.0900232 0 0.909977
0.0900002 0 0.91
0.0899817 0 0.910018
0.0899676 0 0.910032
0.0899577 0 0.910042
0.089952 0 0.910048
0.0899508 0 0.910049
0.089954 0 0.910046
0.0899614 0 0.910039
0.089973 0 0.910027
0.089989 0 0.910011
0.0900093 0 0.909991
0.0900339 0 0.909966
0.0900628 0 0.909937
0.0900963 0 0.909904
0.0901339 0 0.909866
0.0901759 0 0.909824
0.0902224 0 0.909778
0.0902731 0 0.909727
0.0903282 0 0.909672
0.0903878 0 0.909612
0.0904516 0 0.909548
0.0905201 0 0.90948
0.090593 0 0.909407
0.0906703 0 0.90933
0.0907518 0 0.909248
0.0908382 0 0.909162
0.090929 0 0.909071
0.0910243 0 0.908976
0.0911242 0 0.908876
0.0912287 0 0.908771
0.0913379 0 0.908662
0.0914516 0 0.908548
0.09157 0 0.90843
0.091693 0 0.908307
0.0918209 0 0.908179
0.0919535 0 0.908047
0.0920909 0 0.907909
0.0922329 0 0.907767
0.0923801 0 0.90762
0.0925322 0 0.907468
0.092689 0 0.907311
0.0928509 0 0.907149
0.0930177 0 0.906982
0.0931895 0 0.906811
0.0933667 0 0.906633
0.0935488 0 0.906451
0.0937363 0 0.906264
0.0939288 0 0.906071
0.0941267 0 0.905873
0.09433 0 0.90567
0.0945386 0 0.905461
0.0947528 0 0.905247
0.0949722 0 0.905028
0.0951975 0 0.904803
0.0954283 0 0.904572
0.0956645 0 0.904335
0.0959071 0 0.904093
0.0961549 0 0.903845
0.0964089 0 0.903591
0.0966689 0 0.903331
0.0969347 0 0.903065
0.0972066 0 0.902793
0.097485 0 0.902515
0.0977693 0 0.902231
0.0980599 0 0.90194
0.0983573 0 0.901643
0.0986608 0 0.901339
0.0989713 0 0.901029
0.0992882 0 0.900712
0.0996117 0 0.900388
0.0999426 0 0.900057
0.10028 0 0.89972
0.100625 0 0.899375
0.100977 0 0.899023
0.101336 0 0.898664
0.101703 0 0.898297
0.102077 0 0.897923
0.102458 0 0.897542
0.102847 0 0.897153
0.103245 0 0.896755
0.093972 0 0.906028
0.150058 0 0.849942
0.149945 0 0.850055
0.149838 0 0.850162
0.14974 0 0.85026
0.0529603 0 0.94704
0.0505974 0 0.949403
0.0484361 0 0.951564
0.047449 0 0.952551
0.0475256 0 0.952474
0.0476044 0 0.952396
0.047686 0 0.952314
0.0477699 0 0.95223
0.0478566 0 0.952143
0.0479456 0 0.952054
0.0480371 0 0.951963
0.0481316 0 0.951868
0.0482285 0 0.951771
0.0483277 0 0.951672
0.0484298 0 0.95157
0.0485349 0 0.951465
0.0486422 0 0.951358
0.0487526 0 0.951247
0.0488656 0 0.951134
0.0489814 0 0.951019
0.0491003 0 0.9509
0.114837 0 0.885163
0.113547 0 0.886453
0.11229 0 0.88771
0.111067 0 0.888933
0.109874 0 0.890126
0.108711 0 0.891289
0.107578 0 0.892422
0.106473 0 0.893527
0.105396 0 0.894604
0.104344 0 0.895656
0.103319 0 0.896681
0.102317 0 0.897683
0.10134 0 0.89866
0.100386 0 0.899614
0.0994541 0 0.900546
0.0985438 0 0.901456
0.0982104 0 0.90179
0.0987481 0 0.901252
0.0992965 0 0.900703
0.0998558 0 0.900144
0.100427 0 0.899573
0.434631 0 0.565369
0.441611 0 0.558389
0.35817 0 0.64183
0.35141 0 0.64859
0.35058 0 0.64942
0.353452 0 0.646548
0.34891 0 0.65109
0.345391 0 0.654609
0.343199 0 0.656801
0.341607 0 0.658393
0.338916 0 0.661084
0.336245 0 0.663755
0.334269 0 0.665731
0.332399 0 0.667601
0.331262 0 0.668738
0.329347 0 0.670653
0.326084 0 0.673916
0.32121 0 0.67879
0.317246 0 0.682754
0.315444 0 0.684556
0.0899055 0 0.910095
0.0898783 0 0.910122
0.0898555 0 0.910144
0.089837 0 0.910163
0.0898229 0 0.910177
0.089813 0 0.910187
0.0898075 0 0.910192
0.0898063 0 0.910194
0.0898092 0 0.910191
0.0898166 0 0.910183
0.0898284 0 0.910172
0.0898442 0 0.910156
0.0898644 0 0.910136
0.0898891 0 0.910111
0.089918 0 0.910082
0.0899512 0 0.910049
0.0899888 0 0.910011
0.0900307 0 0.909969
0.0900768 0 0.909923
0.0901275 0 0.909873
0.0901824 0 0.909818
0.0902417 0 0.909758
0.0903054 0 0.909695
0.0903736 0 0.909626
0.0904461 0 0.909554
0.0905232 0 0.909477
0.0906046 0 0.909395
0.0906906 0 0.909309
0.0907811 0 0.909219
0.0908762 0 0.909124
0.0909757 0 0.909024
0.0910799 0 0.90892
0.0911885 0 0.908812
0.0913018 0 0.908698
0.0914201 0 0.90858
0.0915427 0 0.908457
0.0916701 0 0.90833
0.0918021 0 0.908198
0.0919391 0 0.908061
0.0920808 0 0.907919
0.0922273 0 0.907773
0.0923788 0 0.907621
0.0925353 0 0.907465
0.0926963 0 0.907304
0.0928626 0 0.907137
0.0930342 0 0.906966
0.0932104 0 0.90679
0.093392 0 0.906608
0.0935788 0 0.906421
0.0937707 0 0.906229
0.093968 0 0.906032
0.0941705 0 0.905829
0.0943784 0 0.905622
0.0945915 0 0.905409
0.0948103 0 0.90519
0.095035 0 0.904965
0.0952647 0 0.904735
0.0955005 0 0.9045
0.0957417 0 0.904258
0.095989 0 0.904011
0.0962419 0 0.903758
0.0965007 0 0.903499
0.0967656 0 0.903234
0.097037 0 0.902963
0.0973141 0 0.902686
0.0975972 0 0.902403
0.0978871 0 0.902113
0.0981833 0 0.901817
0.0984859 0 0.901514
0.0987949 0 0.901205
0.0991107 0 0.900889
0.0994332 0 0.900567
0.0997628 0 0.900237
0.100099 0 0.899901
0.100442 0 0.899558
0.100793 0 0.899207
0.101151 0 0.898849
0.101516 0 0.898484
0.101888 0 0.898112
0.102269 0 0.897731
0.102656 0 0.897344
0.103052 0 0.896948
0.103456 0 0.896544
0.15041 0 0.84959
0.150293 0 0.849707
0.0569178 0 0.943082
0.0541978 0 0.945802
0.0517254 0 0.948275
0.0494689 0 0.950531
0.0474008 0 0.952599
0.0472613 0 0.952739
0.0473374 0 0.952663
0.0474158 0 0.952584
0.0474964 0 0.952504
0.04758 0 0.95242
0.0476656 0 0.952334
0.0477539 0 0.952246
0.0478447 0 0.952155
0.0479383 0 0.952062
0.0480344 0 0.951966
0.0481331 0 0.951867
0.0482343 0 0.951766
0.0483383 0 0.951662
0.0484449 0 0.951555
0.0485544 0 0.951446
0.0486663 0 0.951334
0.0487814 0 0.951219
0.048899 0 0.951101
0.0490198 0 0.95098
0.113205 0 0.886795
0.111957 0 0.888043
0.11074 0 0.88926
0.109555 0 0.890445
0.108399 0 0.891601
0.107273 0 0.892727
0.106174 0 0.893826
0.105103 0 0.894897
0.104057 0 0.895943
0.103038 0 0.896963
0.102042 0 0.897958
0.10107 0 0.89893
0.100121 0 0.899879
0.0991942 0 0.900806
0.0984062 0 0.901594
0.0982132 0 0.901787
0.0987509 0 0.901249
0.0992993 0 0.900701
0.0998586 0 0.900141
0.100429 0 0.899571
0.339203 0 0.660797
0.339299 0 0.660701
0.337306 0 0.662694
0.334798 0 0.665202
0.331746 0 0.668254
0.329994 0 0.670006
0.329604 0 0.670396
0.328871 0 0.671129
0.325861 0 0.674139
0.319497 0 0.680503
0.315056 0 0.684944
0.30342 0 0.69658
0.301533 0 0.698467
0.298928 0 0.701072
0.299046 0 0.700954
0.297126 0 0.702874
0.297981 0 0.702019
0.298116 0 0.701884
0.297726 0 0.702274
0.297299 0 0.702701
0.296736 0 0.703264
0.089762 0 0.910238
0.089735 0 0.910265
0.0897123 0 0.910288
0.089694 0 0.910306
0.0896799 0 0.91032
0.08967 0 0.91033
0.0896645 0 0.910336
0.0896632 0 0.910337
0.0896663 0 0.910334
0.0896735 0 0.910327
0.0896852 0 0.910315
0.089701 0 0.910299
0.0897212 0 0.910279
0.0897458 0 0.910254
0.0897746 0 0.910225
0.0898077 0 0.910192
0.0898451 0 0.910155
0.0898868 0 0.910113
0.0899329 0 0.910067
0.0899833 0 0.910017
0.090038 0 0.909962
0.0900972 0 0.909903
0.0901607 0 0.909839
0.0902287 0 0.909771
0.090301 0 0.909699
0.0903777 0 0.909622
0.0904589 0 0.909541
0.0905446 0 0.909455
0.0906348 0 0.909365
0.0907295 0 0.909271
0.0908288 0 0.909171
0.0909325 0 0.909068
0.0910409 0 0.908959
0.0911539 0 0.908846
0.0912715 0 0.908728
0.0913938 0 0.908606
0.0915208 0 0.908479
0.0916525 0 0.908347
0.0917888 0 0.908211
0.09193 0 0.90807
0.0920761 0 0.907924
0.0922271 0 0.907773
0.0923828 0 0.907617
0.0925437 0 0.907456
0.0927095 0 0.90729
0.09288 0 0.90712
0.0930558 0 0.906944
0.0932368 0 0.906763
0.0934227 0 0.906577
0.0936141 0 0.906386
0.0938105 0 0.906189
0.0940124 0 0.905988
0.0942197 0 0.90578
0.0944322 0 0.905568
0.0946504 0 0.90535
0.0948739 0 0.905126
0.0951032 0 0.904897
0.0953379 0 0.904662
0.0955784 0 0.904422
0.0958244 0 0.904176
0.0960768 0 0.903923
0.0963347 0 0.903665
0.0965987 0 0.903401
0.0968686 0 0.903131
0.0971448 0 0.902855
0.0974274 0 0.902573
0.0977158 0 0.902284
0.0980111 0 0.901989
0.0983124 0 0.901688
0.0986203 0 0.90138
0.0989349 0 0.901065
0.0992564 0 0.900744
0.0995846 0 0.900415
0.0999194 0 0.900081
0.100261 0 0.899739
0.100611 0 0.899389
0.100967 0 0.899033
0.101331 0 0.898669
0.101702 0 0.898298
0.102085 0 0.897915
0.102499 0 0.897501
0.102922 0 0.897078
0.103354 0 0.896646
0.103794 0 0.896206
 ] }
}
