# Real Time: 705.049
# Simulation Time: 11.97
# Radar Position: 876.946 -201.4 3.03385
# Radar Quat: 0.0279382 -0.00829996 0.156962 0.987175
PointSet {
 coord Coordinate { point [
909.151 -241.729 5.42518
913.703 -243.077 5.46642
913.129 -239.118 5.2051
921.894 -237.272 5.00315
926.469 -234.049 4.76076
918.169 -226.559 4.34384
918.203 -226.186 4.32017
890.469 -209.393 3.4483
890.666 -209.381 3.44624
919.655 -220.596 3.96605
924.572 -211.362 3.40295
924.677 -211.037 3.38425
906.355 -202.534 2.98833
906.205 -202.323 2.97778
906.208 -202.119 2.96702
906.358 -201.918 2.9559
909.141 -241.731 5.24462
913.692 -243.081 5.27208
913.119 -239.123 5.02239
921.871 -237.268 4.80179
926.466 -234.062 4.55389
918.177 -226.576 4.17568
918.197 -226.195 4.1522
890.462 -209.393 3.39325
890.649 -209.375 3.39037
919.664 -220.61 3.80292
924.585 -211.375 3.23332
924.657 -211.043 3.21435
906.364 -202.54 2.88559
906.207 -202.329 2.87562
906.207 -202.125 2.86489
906.35 -201.923 2.8533
933.362 -198.487 2.48361
932.811 -198.124 2.46903
905.701 -241.881 5.12896
909.133 -241.737 5.06427
913.682 -243.085 5.07784
913.111 -239.129 4.83982
921.849 -237.265 4.60063
926.464 -234.075 4.34703
918.187 -226.593 4.00748
918.192 -226.203 3.98427
890.462 -209.396 3.33841
890.643 -209.375 3.33487
919.676 -220.626 3.63978
919.907 -220.371 3.6223
924.601 -211.388 3.0636
924.64 -211.049 3.0446
906.373 -202.546 2.78278
906.208 -202.335 2.77345
906.205 -202.13 2.76277
906.342 -201.928 2.75075
931.641 -199.731 2.36835
931.343 -199.36 2.35239
931.133 -198.99 2.33554
930.999 -198.618 2.31786
930.906 -198.245 2.29974
930.817 -197.873 2.28166
905.667 -241.849 4.95367
909.126 -241.743 4.88403
913.671 -243.089 4.88367
913.104 -239.136 4.65734
921.828 -237.263 4.39965
926.462 -234.088 4.14017
918.199 -226.612 3.83923
918.187 -226.211 3.81637
890.469 -209.404 3.28369
890.647 -209.381 3.27958
892.023 -209.222 3.24932
919.694 -220.645 3.47657
919.861 -220.361 3.45809
924.621 -211.402 2.89373
924.625 -211.056 2.87494
906.384 -202.552 2.67989
906.21 -202.34 2.67126
906.204 -202.136 2.66064
906.335 -201.934 2.64824
931.607 -201.268 2.25711
930.172 -200.9 2.2582
929.957 -200.532 2.24215
929.763 -200.166 2.22594
929.638 -199.801 2.20883
929.549 -199.437 2.19123
929.463 -199.073 2.17368
929.375 -198.71 2.15624
929.29 -198.348 2.13881
929.204 -197.987 2.12148
929.119 -197.627 2.1042
905.647 -241.837 4.77964
909.12 -241.751 4.70389
913.661 -243.093 4.68958
913.098 -239.144 4.47493
921.806 -237.261 4.19885
926.46 -234.101 3.9333
918.214 -226.633 3.67089
918.182 -226.22 3.64849
890.469 -209.408 3.22881
890.64 -209.381 3.22412
892.06 -209.245 3.19039
919.718 -220.666 3.31325
919.832 -220.359 3.29431
924.65 -211.418 2.72364
924.613 -211.064 2.70535
906.395 -202.558 2.57689
906.212 -202.346 2.56904
906.202 -202.141 2.55852
906.329 -201.939 2.54577
928.841 -202.007 2.15307
928.642 -201.644 2.13766
928.455 -201.284 2.1222
928.347 -200.926 2.10546
928.263 -200.568 2.08839
928.178 -200.212 2.07139
928.096 -199.857 2.05443
928.013 -199.502 2.03755
927.931 -199.149 2.02072
927.85 -198.797 2.00392
927.767 -198.445 1.98724
927.686 -198.094 1.97056
927.604 -197.745 1.95398
927.523 -197.396 1.93743
905.632 -241.83 4.60599
909.115 -241.76 4.52381
913.65 -243.097 4.49556
913.092 -239.152 4.29258
920.159 -241.762 4.27852
921.786 -237.258 3.99821
926.458 -234.114 3.72642
918.235 -226.657 3.50248
918.177 -226.228 3.48063
890.469 -209.411 3.17393
890.634 -209.381 3.16871
892.023 -209.364 3.13789
919.756 -220.694 3.14977
919.812 -220.36 3.13075
924.704 -211.439 2.55307
924.602 -211.071 2.53582
931.738 -203.966 2.01245
906.407 -202.564 2.4738
906.214 -202.351 2.4668
906.201 -202.146 2.4564
906.322 -201.945 2.44331
927.119 -201.996 2.00721
927.04 -201.645 1.99063
926.958 -201.296 1.97418
926.879 -200.948 1.95773
926.799 -200.6 1.94138
926.72 -200.254 1.92507
926.641 -199.909 1.90879
926.562 -199.565 1.89261
926.485 -199.221 1.87641
926.409 -198.879 1.86025
926.329 -198.537 1.84423
926.252 -198.196 1.82819
926.174 -197.856 1.81222
926.097 -197.516 1.79629
926.021 -197.178 1.78036
905.618 -241.825 4.43258
909.111 -241.769 4.34376
913.64 -243.101 4.3016
913.087 -239.161 4.11025
920.113 -241.734 4.07131
921.766 -237.257 3.79772
926.456 -234.127 3.51951
918.272 -226.691 3.33397
918.173 -226.237 3.31277
890.469 -209.415 3.11903
890.628 -209.381 3.11333
919.797 -220.364 2.9673
924.593 -211.079 2.3663
936.441 -206.283 1.8254
935.119 -205.766 1.83101
927.141 -204.812 1.97762
926.564 -204.425 1.97167
926.381 -204.068 1.95759
926.201 -203.714 1.94357
906.421 -202.57 2.37056
906.216 -202.357 2.36453
906.2 -202.152 2.35426
906.316 -201.95 2.34089
925.72 -201.988 1.86561
925.645 -201.647 1.84974
925.567 -201.307 1.83396
925.494 -200.968 1.81816
925.416 -200.631 1.8025
925.343 -200.294 1.78679
925.266 -199.958 1.7712
925.194 -199.623 1.75555
925.119 -199.289 1.74002
925.046 -198.956 1.72449
924.97 -198.624 1.70907
924.897 -198.292 1.69359
924.822 -197.961 1.67823
924.749 -197.631 1.66284
924.675 -197.301 1.6475
924.522 -196.979 1.63453
909.107 -241.78 4.16372
913.63 -243.105 4.10769
913.083 -239.171 3.92793
920.082 -241.721 3.86477
921.746 -237.255 3.59736
926.454 -234.14 3.31257
918.168 -226.245 3.14491
890.522 -209.451 3.06424
890.621 -209.381 3.05799
892.023 -209.507 3.0256
919.786 -220.37 2.80391
924.585 -211.087 2.19679
936.127 -209.192 1.7756
935.87 -208.741 1.75952
935.622 -208.294 1.74344
935.256 -207.839 1.73022
934.553 -207.355 1.72494
933.157 -206.814 1.73618
925.737 -205.753 1.88966
925.406 -205.383 1.87981
925.235 -205.03 1.86633
925.062 -204.679 1.85303
924.924 -204.334 1.83902
924.831 -203.993 1.82395
924.756 -203.654 1.8085
906.437 -202.576 2.26715
906.218 -202.362 2.26221
906.199 -202.157 2.2521
906.31 -201.955 2.23847
924.397 -201.98 1.73165
924.323 -201.648 1.71649
924.253 -201.318 1.70126
924.18 -200.988 1.68616
924.11 -200.659 1.67102
924.038 -200.332 1.65597
923.968 -200.005 1.64089
923.896 -199.679 1.62592
923.827 -199.354 1.61089
923.755 -199.029 1.596
923.684 -198.706 1.58108
923.594 -198.384 1.5668
923.206 -198.084 1.56205
922.753 -197.795 1.55964
922.318 -197.51 1.55695
921.881 -197.231 1.55462
921.452 -196.957 1.55232
909.103 -241.79 3.98367
913.62 -243.109 3.91382
913.079 -239.181 3.74561
920.057 -241.713 3.65855
921.726 -237.254 3.39712
926.452 -234.153 3.10558
918.165 -226.254 2.97703
890.516 -209.451 3.00911
890.615 -209.381 3.00269
891.748 -209.363 2.96704
892.083 -209.273 2.95233
892.534 -208.962 2.92322
892.797 -208.953 2.91467
893.067 -208.944 2.90588
919.778 -220.376 2.64052
924.579 -211.096 2.02727
934.853 -211.517 1.72532
934.764 -211.086 1.70621
934.651 -210.654 1.68778
934.428 -210.207 1.67202
934.188 -209.762 1.65689
933.953 -209.322 1.64184
933.529 -208.861 1.63164
932.65 -208.349 1.63321
926.242 -207.199 1.77643
924.469 -206.654 1.80442
924.3 -206.301 1.79166
924.133 -205.951 1.77898
923.969 -205.604 1.76633
923.836 -205.262 1.75295
923.759 -204.927 1.73813
923.689 -204.594 1.72318
923.621 -204.262 1.7082
923.55 -203.931 1.69337
923.484 -203.602 1.67845
906.455 -202.582 2.16352
906.22 -202.368 2.15986
906.198 -202.163 2.14993
906.305 -201.96 2.13606
923.141 -201.972 1.60481
923.075 -201.649 1.59013
923.005 -201.327 1.57558
922.938 -201.007 1.561
922.87 -200.686 1.54647
922.803 -200.367 1.53193
922.735 -200.049 1.51746
922.65 -199.732 1.50358
922.299 -199.428 1.49874
921.871 -199.132 1.49676
921.447 -198.841 1.49492
921.034 -198.556 1.49302
920.625 -198.276 1.49119
920.22 -198.001 1.48953
919.831 -197.729 1.48755
919.439 -197.464 1.48593
919.054 -197.203 1.48433
906.09 -198.281 1.95028
909.1 -241.802 3.80361
880.837 -206.163 3.12185
913.61 -243.113 3.72
913.076 -239.192 3.56327
920.037 -241.71 3.45254
921.707 -237.253 3.19699
926.451 -234.166 2.89855
918.161 -226.263 2.80914
890.469 -209.426 2.95425
890.569 -209.357 2.94767
891.089 -209.269 2.92598
890.763 -208.961 2.92256
890.98 -208.953 2.91483
891.203 -208.945 2.90691
891.44 -208.941 2.89872
891.69 -208.941 2.89022
891.947 -208.941 2.88148
892.212 -208.941 2.87249
892.496 -208.947 2.8631
892.776 -208.947 2.85356
893.065 -208.947 2.84373
919.774 -220.385 2.47711
935.201 -213.697 1.61653
924.574 -211.104 1.85772
933.219 -212.461 1.6239
933.14 -212.038 1.60553
933.022 -211.611 1.58825
932.813 -211.171 1.57345
932.589 -210.732 1.55921
932.36 -210.297 1.54528
931.895 -209.829 1.53798
930.833 -209.281 1.54747
923.906 -207.931 1.72157
923.394 -207.53 1.71917
923.234 -207.18 1.70706
923.077 -206.834 1.69496
922.921 -206.491 1.68296
922.809 -206.154 1.66978
922.729 -205.823 1.6557
922.665 -205.495 1.64119
922.599 -205.168 1.62679
922.534 -204.843 1.61238
922.469 -204.519 1.59804
922.403 -204.195 1.58374
922.339 -203.874 1.56943
922.273 -203.553 1.55523
906.479 -202.588 2.05957
906.222 -202.373 2.05746
906.197 -202.168 2.04773
906.3 -201.966 2.03366
921.953 -201.965 1.48436
921.886 -201.651 1.47036
921.823 -201.337 1.45625
921.738 -201.024 1.44298
921.434 -200.716 1.43757
921.017 -200.415 1.43643
920.613 -200.118 1.4351
920.215 -199.827 1.43386
919.822 -199.542 1.43264
919.439 -199.261 1.43132
919.056 -198.985 1.43024
918.688 -198.713 1.42885
918.318 -198.447 1.42776
917.953 -198.185 1.42671
917.599 -197.926 1.42544
917.15 -197.681 1.42822
913.541 -197.755 1.5586
906.105 -198.285 1.84727
905.896 -198.102 1.84485
909.098 -241.814 3.62352
880.838 -206.166 3.10031
913.6 -243.117 3.52622
913.073 -239.203 3.38091
920.02 -241.71 3.24668
921.689 -237.252 2.99698
926.449 -234.179 2.69147
890.75 -209.86 2.90828
890.758 -209.733 2.9023
890.469 -209.43 2.8993
890.562 -209.357 2.8926
890.758 -209.343 2.88478
890.758 -209.215 2.87901
890.758 -209.088 2.87327
890.758 -208.962 2.86757
890.962 -208.947 2.85936
891.2 -208.947 2.85058
891.444 -208.947 2.84157
891.694 -208.947 2.83229
891.951 -208.947 2.82275
892.216 -208.947 2.81293
892.458 -208.932 2.80327
892.743 -208.935 2.79279
893.056 -208.947 2.78166
919.772 -220.394 2.31365
934.3 -215.201 1.51619
933.294 -214.544 1.52252
932.101 -213.86 1.53472
931.665 -213.36 1.52692
931.591 -212.945 1.50937
924.569 -211.113 1.68814
931.271 -212.088 1.47941
931.06 -211.655 1.46611
930.827 -211.222 1.45361
930.273 -210.737 1.4508
926.22 -209.672 1.55351
922.63 -208.74 1.64502
922.359 -208.372 1.63705
922.209 -208.026 1.62553
922.06 -207.683 1.61409
921.91 -207.342 1.60276
921.809 -207.01 1.59001
921.736 -206.684 1.57635
921.677 -206.361 1.56232
921.614 -206.039 1.54845
921.555 -205.718 1.53448
921.494 -205.398 1.52063
921.433 -205.08 1.50679
921.371 -204.763 1.49305
921.311 -204.447 1.47923
921.248 -204.132 1.46554
921.188 -203.819 1.45181
921.126 -203.506 1.43813
906.519 -202.596 1.95482
906.225 -202.379 1.95501
906.196 -202.173 1.94552
906.294 -201.971 1.93126
920.586 -201.955 1.37894
920.196 -201.648 1.37805
919.803 -201.346 1.37751
919.421 -201.05 1.37684
919.046 -200.759 1.37608
918.673 -200.473 1.37554
918.314 -200.192 1.37464
917.952 -199.916 1.3741
917.596 -199.644 1.37356
917.253 -199.377 1.3727
916.909 -199.114 1.3721
916.574 -198.855 1.37134
916.106 -198.61 1.37638
912.545 -198.611 1.51374
911.902 -198.416 1.52814
911.275 -198.227 1.54226
910.669 -198.045 1.55586
906.122 -198.288 1.744
905.898 -198.107 1.74292
905.899 -197.902 1.73188
909.096 -241.826 3.4434
880.84 -206.171 3.07876
913.59 -243.121 3.33247
913.071 -239.215 3.19852
920.007 -241.713 3.04092
921.67 -237.252 2.79707
926.448 -234.192 2.48435
890.758 -209.868 2.8516
890.808 -209.767 2.84524
890.421 -209.405 2.84499
890.556 -209.357 2.83757
890.758 -209.346 2.82909
890.758 -209.218 2.82354
890.758 -209.091 2.81802
890.758 -208.965 2.81253
890.956 -208.947 2.80382
891.193 -208.947 2.79432
891.427 -208.942 2.78472
891.677 -208.942 2.77469
891.934 -208.942 2.76436
892.198 -208.942 2.75373
892.47 -208.942 2.74278
892.75 -208.942 2.73149
893.048 -208.947 2.71965
919.773 -220.405 2.15009
934.085 -217.289 1.41806
933.323 -216.653 1.41957
932.426 -215.996 1.42551
931.485 -215.342 1.43344
930.323 -214.649 1.4486
930.177 -214.219 1.43408
930.108 -213.81 1.41734
929.986 -213.392 1.40231
929.797 -212.962 1.38945
929.6 -212.535 1.37696
924.566 -211.122 1.51851
928.62 -211.576 1.37132
922.16 -209.975 1.56313
921.577 -209.542 1.56634
921.362 -209.182 1.55777
921.221 -208.839 1.54684
921.077 -208.499 1.5361
920.941 -208.162 1.5252
920.841 -207.834 1.51311
920.783 -207.513 1.49964
920.724 -207.193 1.48625
920.668 -206.876 1.47277
920.61 -206.559 1.45941
920.553 -206.244 1.44603
920.495 -205.93 1.43269
920.438 -205.618 1.41939
920.381 -205.306 1.40607
920.325 -204.996 1.39275
920.266 -204.687 1.37956
920.209 -204.379 1.36633
920.151 -204.072 1.35312
920.092 -203.766 1.33999
919.994 -203.459 1.32844
919.771 -203.149 1.32192
906.227 -202.384 1.85252
906.195 -202.179 1.84327
906.289 -201.976 1.82886
918.29 -201.932 1.32147
917.936 -201.641 1.32127
917.583 -201.355 1.32125
917.242 -201.074 1.32097
916.903 -200.798 1.32081
916.567 -200.526 1.32071
916.242 -200.258 1.32032
915.915 -199.995 1.32023
915.594 -199.736 1.32011
915.254 -199.483 1.32098
911.614 -199.42 1.47077
910.992 -199.216 1.48611
910.405 -199.018 1.50028
909.828 -198.828 1.51438
909.275 -198.644 1.52779
908.739 -198.465 1.54075
908.218 -198.292 1.55337
906.145 -198.29 1.6403
905.9 -198.112 1.64095
905.897 -197.907 1.63001
904.641 -197.861 1.68019
909.094 -241.839 3.26323
893.037 -219.994 3.08959
893.037 -219.734 3.08017
893.125 -219.577 3.07107
893.354 -219.577 3.06223
893.586 -219.577 3.05326
893.821 -219.577 3.04415
894.059 -219.577 3.03489
913.069 -239.227 3.01609
919.998 -241.72 2.83519
889.997 -213.123 2.9547
889.994 -212.957 2.94849
889.991 -212.793 2.94235
889.988 -212.63 2.93626
890.01 -212.492 2.93003
921.652 -237.252 2.59725
926.447 -234.206 2.27716
890.758 -209.872 2.79497
890.784 -209.756 2.78905
890.419 -209.408 2.79023
890.55 -209.357 2.78256
890.758 -209.35 2.77338
890.758 -209.222 2.76805
890.758 -209.095 2.76275
890.758 -208.969 2.75747
890.949 -208.947 2.74832
891.186 -208.947 2.7381
891.42 -208.942 2.72779
891.67 -208.942 2.71699
891.926 -208.942 2.70587
892.19 -208.942 2.69442
892.462 -208.942 2.68262
892.741 -208.942 2.67047
893.04 -208.947 2.65768
919.778 -220.417 1.98641
933.038 -218.709 1.3228
932.3 -218.059 1.32592
931.547 -217.418 1.33004
930.642 -216.746 1.33953
929.761 -216.096 1.34887
928.807 -215.442 1.36119
928.748 -215.038 1.34504
928.686 -214.637 1.32905
928.566 -214.223 1.31501
928.381 -213.796 1.30328
928.202 -213.375 1.29147
927.855 -212.92 1.28555
926.989 -212.358 1.29785
920.925 -210.707 1.49283
920.534 -210.306 1.49138
920.398 -209.963 1.48104
920.262 -209.623 1.47083
920.129 -209.286 1.46059
920.003 -208.952 1.45019
919.915 -208.628 1.43846
919.86 -208.311 1.42553
919.807 -207.996 1.41256
919.752 -207.682 1.39967
919.7 -207.37 1.38671
919.645 -207.058 1.3739
919.592 -206.749 1.361
919.538 -206.44 1.34819
919.484 -206.133 1.33538
919.431 -205.827 1.32257
919.378 -205.522 1.30975
919.323 -205.219 1.29702
919.27 -204.916 1.28424
919.181 -204.612 1.27296
918.966 -204.301 1.26703
918.608 -203.984 1.26726
918.247 -203.672 1.26784
917.899 -203.366 1.26809
917.552 -203.065 1.26854
906.23 -202.39 1.74997
906.195 -202.184 1.741
906.285 -201.982 1.72646
916.221 -201.912 1.26984
915.901 -201.635 1.27008
915.582 -201.363 1.27048
915.27 -201.096 1.27077
914.967 -200.833 1.27083
914.661 -200.574 1.27117
914.366 -200.318 1.27119
910.7 -200.186 1.43134
910.127 -199.974 1.44626
909.57 -199.769 1.46077
909.022 -199.571 1.47523
908.501 -199.38 1.4887
907.991 -199.194 1.502
907.495 -199.014 1.51495
907.016 -198.84 1.52741
906.548 -198.671 1.5396
906.1 -198.506 1.55108
905.661 -198.347 1.5624
904.702 -198.251 1.6008
904.397 -198.091 1.60596
902.024 -198.197 1.71957
901.762 -198.054 1.72363
909.093 -241.852 3.08301
893.037 -220.534 3.02154
893.037 -220.265 3.01258
893.037 -220.001 3.00373
893.037 -219.741 2.99499
893.119 -219.577 2.98612
893.348 -219.577 2.97675
893.58 -219.577 2.96723
893.815 -219.577 2.95757
894.052 -219.577 2.94775
913.067 -239.239 2.83359
889.998 -214.888 2.95507
889.994 -214.698 2.94864
889.991 -214.51 2.94228
889.988 -214.325 2.93598
889.985 -214.143 2.92976
889.982 -213.963 2.9236
889.979 -213.786 2.9175
889.976 -213.611 2.91147
889.973 -213.439 2.9055
889.97 -213.268 2.89958
889.967 -213.1 2.89372
889.964 -212.934 2.88792
889.961 -212.771 2.88216
889.958 -212.609 2.87647
889.955 -212.449 2.87082
890.112 -212.425 2.86315
921.635 -237.252 2.39751
926.446 -234.219 2.06991
890.758 -209.744 2.73311
890.419 -209.411 2.73542
890.544 -209.357 2.72759
890.758 -209.354 2.71765
890.758 -209.226 2.71255
890.758 -209.099 2.70746
890.758 -208.973 2.70239
890.942 -208.947 2.69286
891.179 -208.947 2.68191
891.413 -208.942 2.67089
891.662 -208.942 2.65932
891.919 -208.942 2.64741
892.183 -208.942 2.63514
892.454 -208.942 2.6225
892.733 -208.942 2.60948
893.031 -208.947 2.59576
919.785 -220.431 1.82254
931.989 -220.095 1.22914
931.282 -219.433 1.23367
930.597 -218.791 1.23793
929.791 -218.122 1.24678
928.938 -217.454 1.2578
927.792 -216.712 1.27948
927.43 -216.22 1.27471
927.374 -215.822 1.2594
927.314 -215.426 1.24426
927.195 -215.015 1.23133
927.024 -214.594 1.22031
926.825 -214.17 1.21049
926.422 -213.7 1.20829
920.818 -211.98 1.39995
919.826 -211.425 1.42221
919.591 -211.056 1.41646
919.463 -210.716 1.40674
919.335 -210.378 1.39712
919.21 -210.044 1.38744
919.083 -209.712 1.37796
919.013 -209.393 1.36625
918.965 -209.081 1.3537
918.914 -208.769 1.3413
918.867 -208.46 1.32878
918.816 -208.151 1.31642
918.768 -207.844 1.30395
918.717 -207.538 1.29162
918.669 -207.233 1.27919
918.617 -206.93 1.26692
918.568 -206.628 1.25454
918.517 -206.327 1.24226
918.466 -206.027 1.22997
918.413 -205.728 1.21779
918.185 -205.414 1.21336
917.835 -205.092 1.21445
917.498 -204.776 1.21522
917.158 -204.465 1.21629
916.832 -204.16 1.21694
916.502 -203.859 1.21794
916.179 -203.564 1.21886
915.866 -203.274 1.21946
915.551 -202.989 1.22037
906.233 -202.395 1.64737
906.194 -202.189 1.6387
884.587 -201.536 2.6658
884.53 -201.482 2.6658
884.473 -201.428 2.6658
884.417 -201.376 2.6658
884.362 -201.324 2.6658
884.308 -201.272 2.6658
884.254 -201.222 2.6658
884.2 -201.172 2.6658
884.147 -201.123 2.6658
884.095 -201.075 2.6658
884.043 -201.027 2.6658
883.992 -200.98 2.6658
883.942 -200.934 2.6658
883.892 -200.888 2.6658
883.851 -200.842 2.6653
883.813 -200.797 2.66473
883.775 -200.752 2.66416
883.737 -200.707 2.66358
883.699 -200.663 2.66301
883.662 -200.619 2.66243
883.625 -200.576 2.66184
883.589 -200.533 2.66126
883.553 -200.49 2.66067
883.517 -200.448 2.66008
909.092 -241.866 2.90272
889.996 -216.927 2.95309
889.993 -216.705 2.94641
889.99 -216.486 2.93982
889.987 -216.271 2.93332
889.983 -216.06 2.92689
889.98 -215.852 2.92054
889.977 -215.647 2.91426
889.974 -215.446 2.90805
889.971 -215.247 2.90192
889.968 -215.052 2.89585
889.965 -214.859 2.88984
889.962 -214.67 2.88391
889.959 -214.483 2.87803
889.956 -214.299 2.87221
889.953 -214.117 2.86645
889.95 -213.938 2.86074
889.947 -213.761 2.85509
889.945 -213.587 2.84949
889.942 -213.415 2.84395
889.939 -213.245 2.83845
889.936 -213.078 2.833
889.934 -212.912 2.8276
889.931 -212.749 2.82224
889.928 -212.588 2.81692
889.926 -212.428 2.81165
890.107 -212.425 2.8032
921.618 -237.253 2.19783
926.445 -234.232 1.86258
890.758 -209.748 2.67667
890.469 -209.444 2.67929
890.538 -209.358 2.67264
890.758 -209.357 2.6619
890.758 -209.229 2.65702
890.758 -209.102 2.65215
890.758 -208.976 2.6473
890.935 -208.947 2.63742
891.172 -208.947 2.62575
891.406 -208.942 2.61403
891.655 -208.942 2.60169
891.912 -208.942 2.58899
892.175 -208.942 2.5759
892.446 -208.942 2.56242
892.725 -208.942 2.54853
893.023 -208.947 2.53387
919.796 -220.446 1.65845
920.07 -220.209 1.63499
930.942 -221.448 1.13671
930.264 -220.774 1.14262
929.598 -220.117 1.14855
928.927 -219.471 1.15514
928.101 -218.784 1.16785
927.301 -218.122 1.18013
926.178 -217.368 1.20498
926.099 -216.964 1.19143
926.054 -216.574 1.17667
926.006 -216.185 1.16207
925.874 -215.773 1.15072
925.716 -215.358 1.14047
925.497 -214.929 1.13269
924.916 -214.407 1.13935
919.263 -212.556 1.34833
886.318 -203.789 2.6567
886.244 -203.701 2.65655
886.172 -203.614 2.65638
886.1 -203.529 2.65621
886.03 -203.446 2.65603
885.961 -203.364 2.65584
885.894 -203.284 2.65564
885.827 -203.205 2.65543
885.762 -203.127 2.65521
885.698 -203.051 2.65499
885.635 -202.976 2.65476
885.573 -202.902 2.65452
885.512 -202.83 2.65427
885.452 -202.759 2.65401
885.393 -202.688 2.65375
885.335 -202.619 2.65348
885.278 -202.551 2.65321
885.221 -202.484 2.65292
885.166 -202.419 2.65263
885.111 -202.354 2.65234
885.057 -202.29 2.65203
885.004 -202.227 2.65173
884.952 -202.164 2.65141
884.9 -202.103 2.65109
884.849 -202.043 2.65076
884.799 -201.983 2.65043
884.75 -201.924 2.65009
884.701 -201.867 2.64974
884.652 -201.809 2.64939
884.605 -201.753 2.64904
884.558 -201.697 2.64868
884.511 -201.642 2.64831
884.466 -201.588 2.64794
884.42 -201.534 2.64756
884.376 -201.481 2.64718
884.331 -201.429 2.64679
884.288 -201.377 2.64639
884.245 -201.326 2.646
884.202 -201.275 2.64559
884.16 -201.225 2.64518
884.118 -201.176 2.64477
884.077 -201.127 2.64435
884.036 -201.079 2.64393
883.995 -201.031 2.6435
883.955 -200.983 2.64307
883.916 -200.937 2.64263
883.877 -200.89 2.64219
883.838 -200.844 2.64174
883.799 -200.799 2.64129
883.761 -200.754 2.64083
883.724 -200.71 2.64037
883.686 -200.665 2.63991
883.649 -200.622 2.63944
883.613 -200.578 2.63896
883.576 -200.536 2.63848
883.541 -200.493 2.638
883.505 -200.451 2.63751
883.47 -200.409 2.63702
889.971 -217.577 2.90126
889.967 -217.344 2.89497
889.964 -217.116 2.88876
889.961 -216.891 2.88262
889.958 -216.669 2.87656
889.955 -216.452 2.87056
889.952 -216.238 2.86464
889.949 -216.027 2.85878
889.946 -215.82 2.85299
889.944 -215.616 2.84726
889.941 -215.415 2.84159
889.938 -215.218 2.83597
889.935 -215.023 2.83042
889.932 -214.831 2.82491
889.93 -214.642 2.81946
889.927 -214.456 2.81406
889.924 -214.272 2.80872
889.922 -214.091 2.80341
889.919 -213.912 2.79816
889.916 -213.736 2.79295
889.914 -213.562 2.78778
889.911 -213.391 2.78266
889.909 -213.222 2.77758
889.906 -213.055 2.77253
889.904 -212.89 2.76753
889.901 -212.727 2.76256
889.899 -212.566 2.75763
889.917 -212.425 2.75229
890.102 -212.425 2.74328
921.601 -237.254 1.99822
897.751 -216.057 2.4833
897.936 -215.969 2.47099
926.444 -234.246 1.65518
890.757 -209.751 2.62021
890.469 -209.448 2.62424
890.532 -209.358 2.61772
890.758 -209.361 2.60614
890.758 -209.233 2.60147
890.758 -209.106 2.59682
890.758 -208.98 2.59218
890.929 -208.947 2.58202
891.165 -208.947 2.56963
891.399 -208.942 2.5572
891.648 -208.942 2.54409
891.904 -208.942 2.5306
892.168 -208.942 2.5167
892.438 -208.942 2.50238
892.717 -208.942 2.48762
893.015 -208.947 2.47203
919.811 -220.463 1.49405
920.003 -220.189 1.47304
923.741 -220.666 1.29161
923.81 -220.313 1.27373
923.969 -219.997 1.25241
928.601 -221.415 1.06012
927.986 -220.768 1.06694
927.243 -220.085 1.07913
926.472 -219.407 1.09291
925.729 -218.752 1.1061
924.858 -218.066 1.12488
924.82 -217.679 1.11076
924.777 -217.293 1.09686
924.721 -216.905 1.08352
924.598 -216.499 1.07298
924.45 -216.088 1.06353
924.191 -215.647 1.05879
919.772 -213.988 1.22944
918.157 -213.201 1.28394
917.905 -212.82 1.28119
917.785 -212.48 1.27292
886.368 -203.874 2.62371
886.293 -203.785 2.62389
886.22 -203.697 2.62405
886.147 -203.61 2.6242
886.076 -203.526 2.62432
886.007 -203.443 2.62444
885.938 -203.361 2.62453
885.871 -203.281 2.62461
885.805 -203.202 2.62468
885.74 -203.125 2.62473
885.676 -203.049 2.62477
885.614 -202.974 2.62479
885.552 -202.9 2.6248
885.491 -202.828 2.6248
885.432 -202.757 2.62478
885.373 -202.687 2.62475
885.315 -202.618 2.62471
885.258 -202.55 2.62466
885.202 -202.484 2.62459
885.147 -202.418 2.62452
885.092 -202.353 2.62443
885.039 -202.289 2.62434
884.986 -202.226 2.62423
884.934 -202.164 2.62411
884.882 -202.103 2.62398
884.832 -202.043 2.62384
884.782 -201.983 2.62369
884.732 -201.925 2.62354
884.684 -201.867 2.62337
884.636 -201.81 2.62319
884.588 -201.753 2.62301
884.542 -201.698 2.62281
884.495 -201.643 2.62261
884.45 -201.589 2.6224
884.405 -201.535 2.62218
884.36 -201.482 2.62195
884.316 -201.43 2.62171
884.273 -201.378 2.62147
884.23 -201.327 2.62121
884.187 -201.277 2.62095
884.145 -201.227 2.62068
884.103 -201.178 2.62041
884.062 -201.129 2.62012
884.022 -201.08 2.61983
883.981 -201.033 2.61953
883.941 -200.985 2.61923
883.902 -200.939 2.61892
883.863 -200.892 2.6186
883.824 -200.847 2.61827
883.786 -200.801 2.61793
883.748 -200.756 2.61759
883.711 -200.712 2.61724
883.674 -200.668 2.61689
883.637 -200.624 2.61653
883.6 -200.581 2.61616
883.564 -200.538 2.61579
883.528 -200.496 2.6154
883.493 -200.454 2.61502
883.457 -200.412 2.61462
883.422 -200.371 2.61422
889.932 -217.307 2.8236
889.929 -217.079 2.81802
889.926 -216.855 2.8125
889.924 -216.634 2.80704
880.323 -205.317 2.97326
880.352 -205.295 2.97132
889.915 -215.995 2.791
889.913 -215.788 2.78576
889.91 -215.585 2.78057
889.908 -215.385 2.77543
889.905 -215.188 2.77033
889.903 -214.994 2.76528
889.9 -214.803 2.76027
889.898 -214.614 2.75531
889.895 -214.429 2.75039
889.893 -214.246 2.7455
889.89 -214.065 2.74066
889.888 -213.887 2.73585
889.886 -213.712 2.73108
889.883 -213.538 2.72634
889.881 -213.367 2.72163
889.878 -213.199 2.71696
889.876 -213.032 2.71232
889.874 -212.868 2.70771
889.872 -212.706 2.70313
889.869 -212.545 2.69858
889.912 -212.425 2.69288
890.097 -212.425 2.68338
921.586 -237.256 1.79865
897.732 -216.05 2.39491
897.906 -215.954 2.38261
926.443 -234.26 1.44769
890.758 -209.755 2.56373
890.469 -209.452 2.56917
890.525 -209.358 2.56283
890.758 -209.365 2.55034
890.758 -209.236 2.5459
890.758 -209.109 2.54146
890.758 -208.983 2.53703
890.922 -208.947 2.52665
891.159 -208.947 2.51354
891.392 -208.942 2.5004
891.641 -208.942 2.48653
891.897 -208.942 2.47225
892.16 -208.942 2.45754
892.43 -208.942 2.44238
892.709 -208.942 2.42675
893.006 -208.947 2.41022
919.832 -220.483 1.32923
919.969 -220.185 1.31018
928.204 -223.358 0.9642
927.597 -222.681 0.972695
923.449 -220.557 1.12669
923.516 -220.206 1.10921
923.745 -219.919 1.08498
924.916 -219.997 1.02103
923.676 -219.142 1.05823
923.611 -218.746 1.0462
923.579 -218.364 1.0328
923.543 -217.984 1.01954
923.5 -217.604 1.00663
923.367 -217.195 0.99769
923.228 -216.788 0.989056
922.857 -216.31 0.990846
917.635 -214.299 1.21013
917.16 -213.841 1.21856
917.02 -213.491 1.21209
916.917 -213.156 1.20399
916.811 -212.824 1.19607
916.707 -212.494 1.18808
916.601 -212.167 1.18025
886.343 -203.87 2.59075
886.268 -203.78 2.59125
886.195 -203.692 2.59172
886.123 -203.606 2.59217
886.053 -203.522 2.59259
885.983 -203.439 2.59299
885.915 -203.358 2.59337
885.848 -203.278 2.59373
885.783 -203.199 2.59407
885.718 -203.122 2.59438
885.655 -203.046 2.59468
885.592 -202.972 2.59496
885.531 -202.898 2.59521
885.471 -202.826 2.59545
885.411 -202.755 2.59567
885.353 -202.686 2.59588
885.295 -202.617 2.59606
885.239 -202.549 2.59623
885.183 -202.483 2.59639
885.128 -202.417 2.59652
885.074 -202.352 2.59664
885.02 -202.289 2.59675
884.968 -202.226 2.59684
884.916 -202.164 2.59692
884.865 -202.103 2.59698
884.814 -202.043 2.59703
884.764 -201.984 2.59707
884.715 -201.925 2.59709
884.667 -201.867 2.5971
884.619 -201.81 2.5971
884.572 -201.754 2.59708
884.525 -201.699 2.59705
884.479 -201.644 2.59701
884.434 -201.59 2.59696
884.389 -201.536 2.59689
884.345 -201.483 2.59682
884.301 -201.431 2.59673
884.257 -201.38 2.59663
884.215 -201.329 2.59652
884.172 -201.278 2.59641
884.13 -201.228 2.59628
884.089 -201.179 2.59613
884.048 -201.131 2.59598
884.008 -201.082 2.59582
883.967 -201.035 2.59565
883.928 -200.988 2.59547
883.888 -200.941 2.59528
883.849 -200.895 2.59508
883.811 -200.849 2.59488
883.773 -200.804 2.59466
883.735 -200.759 2.59443
883.698 -200.714 2.59419
883.661 -200.67 2.59395
883.624 -200.627 2.5937
883.588 -200.584 2.59343
883.551 -200.541 2.59316
883.516 -200.499 2.59288
883.48 -200.457 2.5926
883.445 -200.415 2.5923
883.41 -200.374 2.59199
883.376 -200.333 2.59168
889.894 -217.042 2.74763
889.891 -216.819 2.74272
889.889 -216.599 2.73786
889.886 -216.383 2.73305
889.884 -216.171 2.72827
889.882 -215.962 2.72354
889.879 -215.756 2.71884
889.877 -215.554 2.71419
889.875 -215.355 2.70957
889.873 -215.158 2.70499
889.87 -214.965 2.70044
889.868 -214.774 2.69592
889.866 -214.587 2.69144
889.863 -214.402 2.68699
889.861 -214.219 2.68257
889.859 -214.039 2.67817
889.857 -213.862 2.67381
889.855 -213.687 2.66947
889.853 -213.514 2.66515
889.85 -213.344 2.66086
889.848 -213.176 2.6566
889.846 -213.01 2.65236
889.844 -212.846 2.64814
889.842 -212.684 2.64394
889.84 -212.524 2.63977
889.907 -212.425 2.63349
890.091 -212.425 2.6235
921.57 -237.258 1.5991
897.713 -216.042 2.30664
926.442 -234.273 1.24012
890.758 -209.759 2.50722
890.459 -209.45 2.51443
890.505 -209.349 2.5085
890.758 -209.368 2.49453
890.758 -209.24 2.4903
890.758 -209.113 2.48608
890.758 -208.987 2.48187
890.915 -208.947 2.4713
891.152 -208.947 2.45747
891.385 -208.942 2.44364
891.633 -208.942 2.429
891.889 -208.942 2.41393
892.18 -208.956 2.39724
892.423 -208.942 2.38241
892.701 -208.942 2.36592
892.998 -208.947 2.34845
927.157 -224.6 0.876682
926.582 -223.916 0.886258
919.863 -220.507 1.16376
919.946 -220.185 1.14706
924.779 -221.901 0.92052
924.084 -221.215 0.936811
923.411 -220.552 0.952524
922.444 -219.783 0.981936
922.405 -219.399 0.96976
922.378 -219.023 0.957102
922.351 -218.649 0.944377
922.294 -218.266 0.933079
922.171 -217.862 0.924898
922 -217.445 0.918978
918.111 -215.736 1.08875
916.548 -214.882 1.15031
916.271 -214.482 1.1513
916.165 -214.143 1.14423
916.069 -213.811 1.13669
915.971 -213.481 1.12931
915.874 -213.154 1.12191
915.776 -212.829 1.1146
915.712 -212.516 1.10563
915.666 -212.211 1.09575
915.633 -211.912 1.08522
886.317 -203.865 2.55795
886.243 -203.776 2.55876
886.17 -203.688 2.55954
886.099 -203.603 2.56029
886.029 -203.518 2.56101
885.96 -203.436 2.5617
885.892 -203.355 2.56236
885.826 -203.275 2.56299
885.76 -203.197 2.5636
885.696 -203.12 2.56418
885.633 -203.044 2.56473
885.571 -202.97 2.56526
885.51 -202.896 2.56576
885.45 -202.825 2.56624
885.391 -202.754 2.56669
885.333 -202.684 2.56713
885.275 -202.616 2.56754
885.219 -202.548 2.56793
885.164 -202.482 2.5683
885.109 -202.416 2.56864
885.055 -202.352 2.56897
885.002 -202.288 2.56928
884.95 -202.225 2.56957
884.898 -202.164 2.56984
884.847 -202.103 2.57009
884.797 -202.043 2.57033
884.747 -201.984 2.57055
884.698 -201.925 2.57075
884.65 -201.868 2.57093
884.603 -201.811 2.5711
884.556 -201.755 2.57125
884.509 -201.699 2.57139
884.463 -201.645 2.57151
884.418 -201.591 2.57161
884.373 -201.537 2.5717
884.329 -201.485 2.57178
884.286 -201.432 2.57184
884.242 -201.381 2.57189
884.2 -201.33 2.57193
884.158 -201.28 2.57195
884.116 -201.23 2.57195
884.075 -201.181 2.57195
884.034 -201.132 2.57193
883.993 -201.084 2.5719
883.953 -201.037 2.57186
883.914 -200.99 2.5718
883.875 -200.943 2.57173
883.836 -200.897 2.57166
883.798 -200.851 2.57156
883.76 -200.806 2.57146
883.722 -200.761 2.57135
883.685 -200.717 2.57122
883.648 -200.673 2.57109
883.611 -200.629 2.57094
883.575 -200.586 2.57078
883.539 -200.544 2.57062
883.503 -200.501 2.57044
883.468 -200.459 2.57025
883.433 -200.418 2.57005
883.398 -200.377 2.56984
883.364 -200.336 2.56962
883.33 -200.295 2.56939
889.857 -216.783 2.67328
880.346 -205.404 2.93736
880.303 -205.298 2.93744
880.337 -205.282 2.93535
880.371 -205.265 2.93324
880.405 -205.249 2.9311
880.44 -205.233 2.92895
889.842 -215.324 2.64401
889.84 -215.129 2.63994
889.838 -214.936 2.63589
889.836 -214.746 2.63186
889.834 -214.559 2.62785
889.832 -214.375 2.62387
889.83 -214.193 2.6199
889.828 -214.014 2.61596
889.826 -213.837 2.61203
889.824 -213.662 2.60812
889.822 -213.49 2.60423
889.82 -213.32 2.60035
889.818 -213.153 2.59649
889.816 -212.987 2.59264
889.814 -212.824 2.58881
889.812 -212.663 2.585
889.832 -212.522 2.58043
889.901 -212.425 2.57411
890.086 -212.425 2.56364
921.556 -237.261 1.39956
897.695 -216.035 2.21848
926.442 -234.287 1.03245
890.569 -209.648 2.45863
890.507 -209.482 2.45732
890.657 -209.442 2.447
890.758 -209.372 2.43868
890.758 -209.244 2.43468
890.758 -209.117 2.43068
890.758 -208.991 2.42667
890.909 -208.947 2.41599
891.145 -208.947 2.40144
891.378 -208.942 2.3869
891.626 -208.942 2.3715
891.882 -208.942 2.35565
892.128 -208.934 2.34008
892.415 -208.942 2.32248
892.693 -208.942 2.30512
892.99 -208.947 2.28672
923.889 -223.101 0.836147
923.225 -222.403 0.853709
919.921 -220.543 0.996694
919.928 -220.188 0.983749
921.254 -220.4 0.907553
921.234 -220.027 0.895499
921.214 -219.656 0.883433
921.192 -219.287 0.871451
921.124 -218.902 0.861712
921.008 -218.501 0.854363
920.776 -218.06 0.852786
916.009 -215.936 1.07828
915.559 -215.462 1.08927
915.422 -215.109 1.0847
915.329 -214.775 1.07788
915.241 -214.445 1.0709
915.15 -214.117 1.06406
915.06 -213.792 1.05722
914.972 -213.471 1.05026
914.916 -213.162 1.04167
914.88 -212.861 1.03201
914.852 -212.565 1.02191
914.822 -212.269 1.01196
914.794 -211.976 1.00185
914.763 -211.683 0.991871
886.292 -203.86 2.52531
886.218 -203.771 2.52643
886.146 -203.684 2.52752
886.075 -203.599 2.52857
886.005 -203.515 2.52958
885.937 -203.432 2.53055
885.869 -203.351 2.53149
885.803 -203.272 2.5324
885.738 -203.194 2.53327
885.674 -203.117 2.53411
885.612 -203.042 2.53491
885.55 -202.967 2.53569
885.489 -202.894 2.53644
885.43 -202.823 2.53715
885.371 -202.752 2.53784
885.313 -202.683 2.5385
885.256 -202.614 2.53913
885.2 -202.547 2.53974
885.145 -202.481 2.54032
885.09 -202.415 2.54088
885.036 -202.351 2.54141
884.984 -202.288 2.54192
884.931 -202.225 2.54241
884.88 -202.164 2.54287
884.829 -202.103 2.54331
884.779 -202.043 2.54373
884.73 -201.984 2.54413
884.681 -201.926 2.54451
884.634 -201.868 2.54487
884.586 -201.811 2.5452
884.539 -201.755 2.54552
884.493 -201.7 2.54582
884.447 -201.645 2.5461
884.402 -201.592 2.54636
884.358 -201.538 2.54661
884.314 -201.486 2.54684
884.27 -201.434 2.54705
884.227 -201.382 2.54724
884.185 -201.331 2.54741
884.143 -201.281 2.54758
884.101 -201.232 2.54772
884.06 -201.183 2.54785
884.02 -201.134 2.54796
883.979 -201.086 2.54806
883.94 -201.039 2.54814
883.9 -200.992 2.54821
883.861 -200.945 2.54827
883.823 -200.899 2.54831
883.784 -200.853 2.54833
883.746 -200.808 2.54834
883.709 -200.764 2.54834
883.672 -200.719 2.54833
883.635 -200.675 2.5483
883.599 -200.632 2.54826
883.562 -200.589 2.54821
883.527 -200.546 2.54814
883.491 -200.504 2.54806
883.456 -200.462 2.54797
883.421 -200.421 2.54786
883.386 -200.38 2.54775
883.352 -200.339 2.54762
883.318 -200.298 2.54749
883.284 -200.258 2.54734
880.345 -205.404 2.91893
880.301 -205.297 2.91941
880.335 -205.28 2.91729
880.369 -205.264 2.91515
880.403 -205.247 2.91299
880.436 -205.231 2.91081
889.809 -215.294 2.57873
889.808 -215.099 2.57516
889.806 -214.907 2.5716
889.804 -214.718 2.56806
889.802 -214.532 2.56452
889.8 -214.348 2.561
889.799 -214.167 2.55749
889.797 -213.988 2.55399
889.795 -213.812 2.55049
889.794 -213.638 2.54701
889.792 -213.466 2.54354
889.79 -213.297 2.54007
889.788 -213.13 2.53661
889.787 -212.965 2.53316
889.785 -212.802 2.52971
889.79 -212.648 2.52598
889.831 -212.526 2.52086
889.896 -212.425 2.51474
890.081 -212.425 2.50377
890.269 -212.425 2.49258
921.544 -237.265 1.19992
897.676 -216.028 2.13042
926.441 -234.301 0.824612
890.277 -209.603 2.41996
890.282 -209.478 2.4161
890.492 -209.477 2.40268
890.65 -209.442 2.39158
890.758 -209.376 2.3828
890.758 -209.247 2.37902
890.758 -209.12 2.37523
890.758 -208.994 2.37144
890.902 -208.947 2.36068
891.138 -208.947 2.34541
891.37 -208.942 2.33017
891.619 -208.942 2.31401
891.874 -208.942 2.29737
892.18 -208.964 2.27808
892.407 -208.942 2.26256
892.685 -208.942 2.24434
892.981 -208.947 2.22501
920.141 -221.378 0.844964
920.11 -220.999 0.834461
920.094 -220.63 0.823162
919.916 -220.192 0.820208
920.055 -219.896 0.800859
919.986 -219.512 0.79229
919.876 -219.114 0.785839
915.852 -217.136 0.985331
914.953 -216.465 1.02181
914.679 -216.052 1.02552
914.596 -215.718 1.01914
914.511 -215.387 1.01288
914.429 -215.059 1.00645
914.346 -214.734 1.00015
914.262 -214.411 0.993861
914.186 -214.094 0.987175
914.14 -213.789 0.978827
914.111 -213.492 0.96954
914.086 -213.198 0.959968
914.063 -212.905 0.950331
914.038 -212.615 0.940732
914.011 -212.325 0.931234
913.963 -212.03 0.922909
913.877 -211.727 0.916734
886.342 -203.946 2.49133
886.267 -203.855 2.49281
886.194 -203.767 2.49425
886.122 -203.68 2.49564
886.051 -203.595 2.49699
885.982 -203.511 2.49829
885.914 -203.429 2.49954
885.847 -203.348 2.50076
885.781 -203.269 2.50193
885.716 -203.191 2.50307
885.653 -203.114 2.50416
885.59 -203.039 2.50522
885.529 -202.965 2.50624
885.469 -202.893 2.50723
885.409 -202.821 2.50818
885.351 -202.751 2.5091
885.293 -202.681 2.50999
885.236 -202.613 2.51084
885.181 -202.546 2.51167
885.126 -202.48 2.51246
885.071 -202.415 2.51322
885.018 -202.35 2.51396
884.965 -202.287 2.51467
884.914 -202.225 2.51535
884.862 -202.163 2.516
884.812 -202.103 2.51663
884.762 -202.043 2.51723
884.713 -201.984 2.51781
884.665 -201.926 2.51836
884.617 -201.868 2.51889
884.57 -201.812 2.5194
884.523 -201.756 2.51988
884.477 -201.701 2.52034
884.432 -201.646 2.52078
884.387 -201.592 2.5212
884.342 -201.539 2.5216
884.299 -201.487 2.52197
884.255 -201.435 2.52233
884.212 -201.384 2.52267
884.17 -201.333 2.52299
884.128 -201.283 2.52328
884.087 -201.233 2.52356
884.046 -201.184 2.52383
884.005 -201.136 2.52407
883.965 -201.088 2.5243
883.926 -201.04 2.52451
883.886 -200.993 2.5247
883.848 -200.947 2.52487
883.809 -200.901 2.52503
883.771 -200.856 2.52517
883.733 -200.811 2.5253
883.696 -200.766 2.52541
883.659 -200.722 2.52551
883.622 -200.678 2.52559
883.586 -200.635 2.52565
883.55 -200.592 2.5257
883.514 -200.549 2.52574
883.479 -200.507 2.52576
883.444 -200.465 2.52577
883.409 -200.424 2.52576
883.375 -200.383 2.52574
883.34 -200.342 2.5257
883.306 -200.301 2.52566
883.273 -200.261 2.52559
883.239 -200.222 2.52552
880.3 -205.297 2.90137
880.334 -205.28 2.89922
880.367 -205.264 2.89704
880.401 -205.247 2.89485
880.435 -205.231 2.89263
889.777 -215.264 2.51376
889.775 -215.07 2.51069
889.774 -214.879 2.50762
889.772 -214.69 2.50455
889.771 -214.505 2.50149
889.769 -214.321 2.49842
889.768 -214.141 2.49536
889.766 -213.963 2.4923
889.765 -213.787 2.48924
889.763 -213.614 2.48618
889.762 -213.443 2.48311
889.76 -213.274 2.48005
889.758 -213.107 2.47699
889.757 -212.943 2.47393
889.755 -212.781 2.47086
889.789 -212.651 2.46624
889.83 -212.529 2.46128
889.891 -212.425 2.45539
890.076 -212.425 2.44394
890.264 -212.425 2.43225
921.533 -237.27 1.00027
897.678 -216.036 2.04148
926.441 -234.315 0.616735
890.277 -209.607 2.3651
890.28 -209.48 2.36157
890.486 -209.477 2.34772
890.644 -209.442 2.33621
890.758 -209.379 2.3269
890.758 -209.251 2.32334
890.758 -209.124 2.31977
890.758 -208.998 2.31619
890.895 -208.947 2.30542
891.131 -208.947 2.28943
891.363 -208.942 2.27349
891.612 -208.942 2.25657
891.867 -208.942 2.23914
892.129 -208.942 2.22119
892.409 -208.947 2.20214
892.687 -208.947 2.18305
892.973 -208.947 2.16335
918.979 -220.851 0.741729
918.958 -220.486 0.731629
918.884 -220.101 0.724377
918.714 -219.677 0.722507
914.383 -217.47 0.951875
913.987 -216.995 0.963854
913.863 -216.64 0.96069
913.787 -216.309 0.954882
913.709 -215.98 0.949164
913.632 -215.654 0.943396
913.555 -215.33 0.937644
913.481 -215.011 0.931764
913.417 -214.698 0.925267
913.38 -214.397 0.917189
913.358 -214.104 0.90818
913.339 -213.813 0.899018
913.317 -213.522 0.890026
913.296 -213.234 0.880864
913.258 -212.942 0.872733
913.163 -212.634 0.867962
912.919 -212.284 0.872166
912.673 -211.938 0.876579
912.433 -211.598 0.88075
912.196 -211.264 0.884783
886.316 -203.941 2.45869
886.242 -203.851 2.46049
886.169 -203.762 2.46224
886.098 -203.676 2.46393
886.027 -203.591 2.46556
885.958 -203.507 2.46715
885.891 -203.425 2.46869
885.824 -203.345 2.47017
885.759 -203.266 2.47161
885.694 -203.188 2.47301
885.631 -203.112 2.47436
885.569 -203.037 2.47567
885.508 -202.963 2.47693
885.448 -202.891 2.47816
885.389 -202.819 2.47934
885.331 -202.749 2.48049
885.273 -202.68 2.4816
885.217 -202.612 2.48268
885.161 -202.545 2.48371
885.107 -202.479 2.48472
885.053 -202.414 2.48569
885 -202.35 2.48662
884.947 -202.287 2.48753
884.896 -202.224 2.4884
884.845 -202.163 2.48924
884.795 -202.103 2.49006
884.745 -202.043 2.49084
884.696 -201.984 2.4916
884.648 -201.926 2.49232
884.6 -201.869 2.49302
884.553 -201.812 2.4937
884.507 -201.757 2.49434
884.461 -201.701 2.49497
884.416 -201.647 2.49556
884.371 -201.593 2.49614
884.327 -201.54 2.49669
884.283 -201.488 2.49721
884.24 -201.436 2.49771
884.198 -201.385 2.49819
884.155 -201.334 2.49865
884.114 -201.284 2.49909
884.073 -201.235 2.4995
884.032 -201.186 2.4999
883.991 -201.138 2.50027
883.951 -201.09 2.50062
883.912 -201.042 2.50096
883.873 -200.995 2.50127
883.834 -200.949 2.50157
883.796 -200.903 2.50184
883.758 -200.858 2.5021
883.72 -200.813 2.50234
883.683 -200.768 2.50256
883.646 -200.724 2.50277
883.61 -200.68 2.50295
883.573 -200.637 2.50312
883.538 -200.594 2.50328
883.502 -200.552 2.50341
883.467 -200.51 2.50353
883.432 -200.468 2.50364
883.397 -200.427 2.50372
883.363 -200.385 2.5038
883.329 -200.345 2.50385
883.295 -200.304 2.5039
883.261 -200.264 2.50392
883.228 -200.225 2.50393
883.195 -200.185 2.50393
880.332 -205.28 2.88115
880.366 -205.264 2.87894
880.4 -205.247 2.87671
880.434 -205.231 2.87446
889.755 -215.247 2.44858
889.755 -215.054 2.44595
889.755 -214.865 2.4433
889.755 -214.678 2.44064
889.755 -214.494 2.43798
889.755 -214.312 2.4353
889.755 -214.133 2.43262
889.755 -213.957 2.42993
889.755 -213.783 2.42723
889.755 -213.611 2.42452
889.755 -213.442 2.4218
889.755 -213.274 2.41907
889.755 -213.109 2.41633
889.755 -212.946 2.41358
889.755 -212.785 2.41083
889.788 -212.655 2.40647
889.829 -212.532 2.40169
889.886 -212.425 2.39606
890.071 -212.425 2.38412
890.258 -212.425 2.37193
921.526 -237.28 0.800383
897.66 -216.029 1.95356
926.44 -234.328 0.408747
926.632 -233.465 0.375453
926.176 -232.687 0.388289
925.738 -231.933 0.400321
890.277 -209.61 2.31021
890.277 -209.483 2.30702
890.48 -209.477 2.29278
890.521 -209.373 2.28726
890.758 -209.383 2.27097
890.758 -209.255 2.26763
890.758 -209.128 2.26428
890.136 -208.659 2.29564
890.889 -208.947 2.25018
891.124 -208.947 2.23348
891.366 -208.947 2.21629
891.614 -208.947 2.1986
891.869 -208.947 2.18038
892.132 -208.947 2.16161
892.401 -208.947 2.14226
892.679 -208.947 2.1223
892.964 -208.947 2.10172
913.782 -218.454 0.882822
893.059 -208.719 2.08797
913.132 -217.543 0.902173
913.061 -217.211 0.897022
912.992 -216.881 0.891798
912.922 -216.555 0.886596
912.851 -216.231 0.881394
912.781 -215.91 0.876148
912.713 -215.593 0.870791
912.668 -215.287 0.864045
912.638 -214.989 0.856345
912.621 -214.699 0.847785
912.605 -214.41 0.839198
912.588 -214.122 0.830576
912.553 -213.831 0.82302
912.406 -213.502 0.822438
912.173 -213.148 0.827296
911.945 -212.802 0.831864
911.715 -212.459 0.836656
911.492 -212.123 0.841093
911.271 -211.792 0.84547
911.049 -211.465 0.849967
910.835 -211.145 0.854044
910.621 -210.83 0.858216
886.291 -203.936 2.42621
886.217 -203.846 2.42832
886.145 -203.758 2.43037
886.074 -203.672 2.43236
886.004 -203.587 2.43429
885.935 -203.504 2.43616
885.868 -203.422 2.43797
885.802 -203.342 2.43973
885.736 -203.263 2.44143
885.673 -203.186 2.44309
885.61 -203.109 2.44469
885.548 -203.035 2.44624
885.487 -202.961 2.44775
885.427 -202.889 2.44921
885.369 -202.817 2.45063
885.311 -202.747 2.45201
885.254 -202.678 2.45334
885.198 -202.611 2.45463
885.142 -202.544 2.45588
885.088 -202.478 2.45709
885.034 -202.413 2.45826
884.981 -202.349 2.4594
884.929 -202.286 2.4605
884.878 -202.224 2.46156
884.827 -202.163 2.46259
884.777 -202.102 2.46359
884.728 -202.043 2.46455
884.679 -201.984 2.46548
884.631 -201.926 2.46638
884.584 -201.869 2.46725
884.537 -201.813 2.46809
884.491 -201.757 2.4689
884.445 -201.702 2.46969
884.4 -201.648 2.47044
884.356 -201.594 2.47117
884.312 -201.541 2.47186
884.268 -201.489 2.47254
884.225 -201.437 2.47318
884.183 -201.386 2.4738
884.141 -201.336 2.4744
884.099 -201.286 2.47497
884.058 -201.236 2.47552
884.018 -201.188 2.47605
883.977 -201.139 2.47655
883.938 -201.092 2.47703
883.898 -201.044 2.47749
883.859 -200.997 2.47792
883.821 -200.951 2.47834
883.783 -200.905 2.47873
883.745 -200.86 2.4791
883.707 -200.815 2.47945
883.67 -200.771 2.47979
883.633 -200.727 2.4801
883.597 -200.683 2.48039
883.561 -200.64 2.48067
883.525 -200.597 2.48092
883.49 -200.554 2.48116
883.455 -200.512 2.48138
883.42 -200.471 2.48158
883.385 -200.429 2.48176
883.351 -200.388 2.48192
883.317 -200.348 2.48207
883.283 -200.308 2.4822
883.25 -200.268 2.48232
883.216 -200.228 2.48241
883.184 -200.189 2.4825
883.151 -200.15 2.48256
880.369 -205.268 2.86063
880.402 -205.252 2.85836
880.436 -205.235 2.85607
889.755 -215.252 2.3825
889.755 -215.059 2.38035
889.755 -214.87 2.37818
889.755 -214.683 2.376
889.755 -214.499 2.37379
889.755 -214.317 2.37157
889.755 -214.138 2.36933
889.755 -213.962 2.36707
889.755 -213.788 2.36479
889.755 -213.616 2.3625
889.755 -213.446 2.36018
889.755 -213.279 2.35785
889.755 -213.114 2.35551
889.755 -212.951 2.35314
889.755 -212.789 2.35076
889.787 -212.658 2.34667
889.828 -212.536 2.34206
889.881 -212.425 2.33675
890.065 -212.425 2.32431
888.993 -211.381 2.37991
888.921 -211.181 2.38148
888.85 -210.986 2.38297
888.782 -210.795 2.38439
888.715 -210.609 2.38574
888.649 -210.426 2.38702
888.585 -210.248 2.38824
888.522 -210.073 2.38939
888.46 -209.902 2.39048
888.399 -209.734 2.39151
888.34 -209.57 2.39248
888.282 -209.409 2.39339
888.225 -209.251 2.39426
888.169 -209.096 2.39506
888.114 -208.944 2.39582
888.06 -208.795 2.39653
888.008 -208.649 2.39719
887.956 -208.506 2.39781
887.905 -208.365 2.39837
887.855 -208.226 2.3989
887.805 -208.09 2.39938
887.757 -207.957 2.39982
887.709 -207.825 2.40022
887.662 -207.696 2.40058
887.616 -207.569 2.4009
887.571 -207.444 2.40119
887.526 -207.321 2.40143
887.483 -207.2 2.40165
887.439 -207.081 2.40182
887.397 -206.964 2.40197
887.355 -206.848 2.40208
887.313 -206.735 2.40216
887.273 -206.623 2.4022
887.232 -206.512 2.40222
887.193 -206.404 2.4022
887.154 -206.296 2.40216
887.115 -206.191 2.40208
887.077 -206.086 2.40198
887.04 -205.984 2.40185
887.01 -205.885 2.40126
887.099 -205.84 2.39319
912.021 -216.472 0.815687
911.956 -216.156 0.811032
911.923 -215.855 0.804393
911.907 -215.564 0.796566
911.895 -215.276 0.788446
911.871 -214.985 0.781075
911.8 -214.678 0.776698
911.647 -214.343 0.777657
911.425 -213.987 0.783071
911.21 -213.638 0.788147
910.998 -213.295 0.79308
910.784 -212.956 0.798164
910.577 -212.623 0.802883
910.371 -212.296 0.807543
910.165 -211.972 0.812322
905.121 -210.149 1.14175
904.972 -209.888 1.14406
904.569 -209.556 1.1636
904.024 -209.19 1.19296
903.863 -208.94 1.19644
886.266 -203.931 2.39389
886.192 -203.842 2.39631
886.12 -203.754 2.39866
886.05 -203.668 2.40094
885.98 -203.583 2.40315
885.912 -203.5 2.4053
885.845 -203.419 2.40739
885.779 -203.339 2.40942
885.714 -203.26 2.41138
885.651 -203.183 2.41329
885.588 -203.107 2.41515
885.527 -203.032 2.41695
885.466 -202.959 2.41869
885.407 -202.887 2.42039
885.349 -202.816 2.42204
885.291 -202.746 2.42364
885.234 -202.677 2.42519
885.178 -202.609 2.42669
885.123 -202.543 2.42815
885.069 -202.477 2.42957
885.016 -202.412 2.43095
884.963 -202.348 2.43228
884.911 -202.286 2.43357
884.86 -202.224 2.43483
884.81 -202.163 2.43605
884.76 -202.102 2.43722
884.711 -202.043 2.43837
884.662 -201.984 2.43947
884.615 -201.927 2.44054
884.567 -201.87 2.44158
884.521 -201.813 2.44259
884.475 -201.758 2.44356
884.429 -201.703 2.4445
884.385 -201.649 2.44541
884.34 -201.595 2.44628
884.296 -201.542 2.44713
884.253 -201.49 2.44795
884.21 -201.439 2.44874
884.168 -201.388 2.4495
884.126 -201.337 2.45024
884.085 -201.287 2.45095
884.044 -201.238 2.45163
884.003 -201.189 2.45228
883.963 -201.141 2.45291
883.924 -201.093 2.45352
883.885 -201.046 2.4541
883.846 -200.999 2.45465
883.807 -200.953 2.45519
883.769 -200.907 2.45569
883.732 -200.862 2.45618
883.694 -200.817 2.45664
883.657 -200.773 2.45709
883.621 -200.729 2.45751
883.584 -200.685 2.4579
883.548 -200.642 2.45828
883.513 -200.599 2.45864
883.477 -200.557 2.45897
883.442 -200.515 2.45929
883.408 -200.473 2.45959
883.373 -200.432 2.45986
883.339 -200.391 2.46012
883.305 -200.351 2.46036
883.272 -200.311 2.46058
883.238 -200.271 2.46078
883.205 -200.231 2.46096
883.172 -200.192 2.46113
883.14 -200.153 2.46127
883.107 -200.114 2.4614
 ] }
 color Color { color [
0.516649 0 0.483351
0.556234 0 0.443766
0.523121 0 0.476879
0.575407 0 0.424593
0.593419 0 0.406581
0.483113 0 0.516887
0.481469 0 0.518531
0.157141 0 0.842859
0.158773 0 0.841227
0.46834 0 0.53166
0.486579 0 0.513421
0.486952 0 0.513048
0.294302 0 0.705698
0.292734 0 0.707266
0.292707 0 0.707293
0.294159 0 0.705841
0.516527 0 0.483473
0.556111 0 0.443889
0.523016 0 0.476984
0.575145 0 0.424855
0.593411 0 0.406589
0.483227 0 0.516773
0.481422 0 0.518578
0.157065 0 0.842935
0.158587 0 0.841413
0.468448 0 0.531552
0.48672 0 0.51328
0.486754 0 0.513246
0.294397 0 0.705603
0.292755 0 0.707245
0.292698 0 0.707302
0.294086 0 0.705914
0.564936 0 0.435064
0.559632 0 0.440368
0.496981 0 0.503019
0.516444 0 0.483556
0.555995 0 0.444005
0.522937 0 0.477063
0.574896 0 0.425104
0.593412 0 0.406588
0.483365 0 0.516635
0.481382 0 0.518618
0.157072 0 0.842928
0.15852 0 0.84148
0.468603 0 0.531397
0.469665 0 0.530335
0.486898 0 0.513102
0.486597 0 0.513403
0.294502 0 0.705498
0.29278 0 0.70722
0.292691 0 0.707309
0.294021 0 0.705979
0.547245 0 0.452755
0.544393 0 0.455607
0.542449 0 0.457551
0.54129 0 0.45871
0.540572 0 0.459428
0.539911 0 0.460089
0.496453 0 0.503547
0.516386 0 0.483614
0.555887 0 0.444113
0.522879 0 0.477121
0.57466 0 0.42534
0.593422 0 0.406578
0.483538 0 0.516462
0.481351 0 0.518649
0.157157 0 0.842843
0.158573 0 0.841427
0.169867 0 0.830133
0.468819 0 0.531181
0.46919 0 0.53081
0.48713 0 0.51287
0.486472 0 0.513528
0.294619 0 0.705381
0.292811 0 0.707189
0.292689 0 0.707311
0.293964 0 0.706036
0.546663 0 0.453337
0.532338 0 0.467662
0.530235 0 0.469765
0.528374 0 0.471626
0.527219 0 0.472781
0.526463 0 0.473537
0.52575 0 0.47425
0.525045 0 0.474955
0.5244 0 0.4756
0.523768 0 0.476232
0.52317 0 0.47683
0.496179 0 0.503821
0.516349 0 0.483651
0.555786 0 0.444214
0.522839 0 0.477161
0.574437 0 0.425563
0.59344 0 0.40656
0.483753 0 0.516247
0.481327 0 0.518673
0.157168 0 0.842832
0.158511 0 0.841489
0.170296 0 0.829704
0.46912 0 0.53088
0.468908 0 0.531092
0.487451 0 0.512549
0.486374 0 0.513626
0.294748 0 0.705252
0.292845 0 0.707155
0.292693 0 0.707307
0.293913 0 0.706087
0.519053 0 0.480947
0.517036 0 0.482964
0.515166 0 0.484834
0.514114 0 0.485886
0.51332 0 0.48668
0.512549 0 0.487451
0.511823 0 0.488177
0.511116 0 0.488884
0.51044 0 0.48956
0.509804 0 0.490196
0.50917 0 0.49083
0.508584 0 0.491416
0.50801 0 0.49199
0.507468 0 0.492532
0.495973 0 0.504027
0.516332 0 0.483668
0.555694 0 0.444306
0.522816 0 0.477184
0.591436 0 0.408564
0.574226 0 0.425774
0.593467 0 0.406533
0.48404 0 0.51596
0.481313 0 0.518687
0.157181 0 0.842819
0.158452 0 0.841548
0.170514 0 0.829486
0.469572 0 0.530428
0.46872 0 0.53128
0.488042 0 0.511958
0.4863 0 0.5137
0.548611 0 0.451389
0.294891 0 0.705109
0.292885 0 0.707115
0.2927 0 0.7073
0.293869 0 0.706131
0.501866 0 0.498134
0.501055 0 0.498945
0.500234 0 0.499766
0.499468 0 0.500532
0.498713 0 0.501287
0.49799 0 0.50201
0.497301 0 0.502699
0.496624 0 0.503376
0.495998 0 0.504002
0.495403 0 0.504597
0.494798 0 0.505202
0.494245 0 0.505755
0.493705 0 0.506295
0.49319 0 0.50681
0.492715 0 0.507285
0.495808 0 0.504192
0.51633 0 0.48367
0.555609 0 0.444391
0.522807 0 0.477193
0.590875 0 0.409125
0.574027 0 0.425973
0.593503 0 0.406497
0.484515 0 0.515485
0.481306 0 0.518694
0.157196 0 0.842804
0.158393 0 0.841607
0.468597 0 0.531403
0.486247 0 0.513753
0.597074 0 0.402926
0.583491 0 0.416509
0.503217 0 0.496783
0.497212 0 0.502788
0.495183 0 0.504817
0.493214 0 0.506786
0.295052 0 0.704948
0.292928 0 0.707072
0.292711 0 0.707289
0.293832 0 0.706168
0.487914 0 0.512086
0.487132 0 0.512868
0.48636 0 0.51364
0.485643 0 0.514357
0.484914 0 0.515086
0.484252 0 0.515748
0.483581 0 0.516419
0.482974 0 0.517026
0.482363 0 0.517637
0.481792 0 0.518208
0.481217 0 0.518783
0.480704 0 0.519296
0.480183 0 0.519817
0.479708 0 0.520292
0.479247 0 0.520753
0.478015 0 0.521985
0.516342 0 0.483658
0.555531 0 0.444469
0.522813 0 0.477187
0.59052 0 0.40948
0.57384 0 0.42616
0.593546 0 0.406454
0.481308 0 0.518692
0.157834 0 0.842166
0.158338 0 0.841662
0.171182 0 0.828818
0.468523 0 0.531477
0.486214 0 0.513786
0.59705 0 0.40295
0.593928 0 0.406072
0.590936 0 0.409064
0.586785 0 0.413215
0.57928 0 0.42072
0.564854 0 0.435146
0.489981 0 0.510019
0.486369 0 0.513631
0.484389 0 0.515611
0.482421 0 0.517579
0.480818 0 0.519182
0.4797 0 0.5203
0.478785 0 0.521215
0.295236 0 0.704764
0.292975 0 0.707025
0.292727 0 0.707273
0.293801 0 0.706199
0.474721 0 0.525279
0.473957 0 0.526043
0.473256 0 0.526744
0.472548 0 0.527452
0.471889 0 0.528111
0.471238 0 0.528762
0.470633 0 0.529367
0.470025 0 0.529975
0.46947 0 0.53053
0.468906 0 0.531094
0.468379 0 0.531621
0.467682 0 0.532318
0.464016 0 0.535984
0.459721 0 0.540279
0.455622 0 0.544378
0.451522 0 0.548478
0.447514 0 0.552486
0.51637 0 0.48363
0.555461 0 0.444539
0.522832 0 0.477168
0.590262 0 0.409738
0.573664 0 0.426336
0.5936 0 0.4064
0.48132 0 0.51868
0.157781 0 0.842219
0.158284 0 0.841716
0.168077 0 0.831923
0.170617 0 0.829383
0.173252 0 0.826748
0.175587 0 0.824413
0.177994 0 0.822006
0.468492 0 0.531507
0.4862 0 0.5138
0.58798 0 0.41202
0.586385 0 0.413615
0.584571 0 0.415429
0.581689 0 0.418311
0.57866 0 0.42134
0.575712 0 0.424288
0.570897 0 0.429103
0.561534 0 0.438466
0.496512 0 0.503488
0.478282 0 0.521718
0.476226 0 0.523774
0.474217 0 0.525783
0.472267 0 0.527732
0.470658 0 0.529342
0.469631 0 0.530369
0.468697 0 0.531303
0.467812 0 0.532188
0.466917 0 0.533083
0.466092 0 0.533908
0.295454 0 0.704546
0.293029 0 0.706971
0.292749 0 0.707251
0.293775 0 0.706225
0.462202 0 0.537798
0.461515 0 0.538485
0.460819 0 0.539181
0.460165 0 0.539835
0.459531 0 0.540469
0.458927 0 0.541073
0.458335 0 0.541665
0.457595 0 0.542405
0.454213 0 0.545787
0.450082 0 0.549918
0.446011 0 0.553989
0.442057 0 0.557943
0.438178 0 0.561822
0.434347 0 0.565653
0.430692 0 0.569308
0.427028 0 0.572972
0.423443 0 0.576557
0.293302 0 0.706698
0.516411 0 0.483589
0.0615074 0 0.938493
0.555399 0 0.444601
0.522865 0 0.477135
0.590072 0 0.409928
0.5735 0 0.4265
0.59366 0 0.40634
0.481339 0 0.518661
0.157251 0 0.842749
0.157764 0 0.842236
0.161852 0 0.838148
0.157504 0 0.842496
0.15938 0 0.84062
0.161311 0 0.838689
0.163386 0 0.836614
0.165612 0 0.834388
0.167908 0 0.832092
0.170277 0 0.829723
0.172854 0 0.827146
0.175381 0 0.824619
0.177991 0 0.822009
0.468502 0 0.531498
0.595557 0 0.404443
0.486202 0 0.513798
0.57367 0 0.42633
0.572096 0 0.427904
0.57016 0 0.42984
0.567333 0 0.432667
0.56439 0 0.43561
0.561435 0 0.438565
0.556114 0 0.443886
0.544804 0 0.455196
0.474299 0 0.525701
0.468689 0 0.531311
0.466658 0 0.533342
0.464689 0 0.535311
0.462754 0 0.537246
0.461281 0 0.538719
0.460161 0 0.539839
0.459226 0 0.540774
0.458291 0 0.541709
0.457397 0 0.542603
0.456518 0 0.543482
0.455659 0 0.544341
0.45484 0 0.54516
0.454023 0 0.545977
0.295726 0 0.704274
0.293085 0 0.706915
0.292773 0 0.707227
0.293757 0 0.706243
0.450366 0 0.549634
0.449678 0 0.550322
0.449047 0 0.550953
0.448211 0 0.551789
0.445211 0 0.554789
0.441106 0 0.558894
0.437151 0 0.562849
0.433263 0 0.566737
0.429457 0 0.570543
0.425766 0 0.574234
0.422094 0 0.577906
0.418587 0 0.581413
0.415078 0 0.584922
0.41164 0 0.58836
0.408329 0 0.591671
0.404074 0 0.595926
0.368052 0 0.631948
0.293482 0 0.706518
0.291614 0 0.708386
0.516464 0 0.483536
0.061536 0 0.938464
0.555344 0 0.444656
0.522911 0 0.477089
0.589941 0 0.410059
0.573348 0 0.426652
0.593729 0 0.406271
0.161911 0 0.838089
0.161307 0 0.838693
0.157274 0 0.842726
0.157715 0 0.842285
0.159329 0 0.840671
0.158696 0 0.841304
0.158075 0 0.841925
0.157467 0 0.842533
0.159198 0 0.840802
0.161294 0 0.838706
0.163453 0 0.836547
0.16568 0 0.83432
0.167976 0 0.832024
0.170344 0 0.829656
0.172452 0 0.827548
0.175034 0 0.824966
0.177922 0 0.822078
0.468548 0 0.531452
0.590101 0 0.409899
0.578804 0 0.421196
0.56564 0 0.43436
0.560309 0 0.439691
0.55872 0 0.44128
0.486222 0 0.513778
0.553879 0 0.446121
0.550991 0 0.449009
0.547912 0 0.452088
0.541613 0 0.458387
0.499847 0 0.500153
0.462905 0 0.537095
0.459661 0 0.540339
0.457668 0 0.542332
0.455711 0 0.544289
0.453777 0 0.546223
0.452347 0 0.547653
0.451243 0 0.548756
0.450293 0 0.549707
0.449328 0 0.550672
0.448426 0 0.551574
0.447522 0 0.552478
0.446651 0 0.553349
0.44578 0 0.55422
0.444964 0 0.555036
0.444138 0 0.555862
0.443357 0 0.556643
0.442591 0 0.557409
0.296168 0 0.703832
0.293147 0 0.706853
0.292802 0 0.707198
0.293743 0 0.706257
0.436747 0 0.563253
0.432819 0 0.567181
0.428889 0 0.571111
0.42508 0 0.57492
0.421377 0 0.578623
0.417697 0 0.582303
0.414187 0 0.585813
0.410664 0 0.589336
0.407216 0 0.592784
0.403917 0 0.596083
0.400623 0 0.599377
0.397438 0 0.602562
0.392943 0 0.607057
0.357405 0 0.642595
0.351149 0 0.648851
0.345069 0 0.654931
0.339213 0 0.660787
0.293694 0 0.706306
0.29167 0 0.70833
0.291922 0 0.708078
0.516531 0 0.483469
0.0615868 0 0.938413
0.555298 0 0.444702
0.522969 0 0.477031
0.589865 0 0.410135
0.573208 0 0.426792
0.593808 0 0.406192
0.162019 0 0.837981
0.161919 0 0.838081
0.156742 0 0.843258
0.157668 0 0.842332
0.159353 0 0.840647
0.15872 0 0.84128
0.158099 0 0.841901
0.157491 0 0.842509
0.159146 0 0.840854
0.16124 0 0.83876
0.16329 0 0.83671
0.165514 0 0.834486
0.167806 0 0.832194
0.170171 0 0.829829
0.172613 0 0.827387
0.175134 0 0.824866
0.177856 0 0.822144
0.46863 0 0.53137
0.59329 0 0.40671
0.584257 0 0.415743
0.573904 0 0.426096
0.563152 0 0.436848
0.550193 0 0.449807
0.54776 0 0.45224
0.546152 0 0.453848
0.544028 0 0.455972
0.541257 0 0.458743
0.538442 0 0.461558
0.486258 0 0.513742
0.526928 0 0.473072
0.460435 0 0.539565
0.453915 0 0.546085
0.451161 0 0.548839
0.449195 0 0.550805
0.447231 0 0.552769
0.445367 0 0.554633
0.443901 0 0.556099
0.442879 0 0.557121
0.441867 0 0.558133
0.440913 0 0.559087
0.439955 0 0.560045
0.439034 0 0.560966
0.438133 0 0.561867
0.437253 0 0.562747
0.436404 0 0.563596
0.435585 0 0.564415
0.434759 0 0.565241
0.433971 0 0.566029
0.433202 0 0.566798
0.432441 0 0.567559
0.431307 0 0.568693
0.428944 0 0.571056
0.293214 0 0.706786
0.292837 0 0.707163
0.293735 0 0.706265
0.413829 0 0.586171
0.410265 0 0.589735
0.406732 0 0.593268
0.403333 0 0.596667
0.399976 0 0.600024
0.39667 0 0.60333
0.393497 0 0.606503
0.390318 0 0.609682
0.38721 0 0.61279
0.38394 0 0.61606
0.347594 0 0.652406
0.341511 0 0.658489
0.335787 0 0.664213
0.330175 0 0.669825
0.324806 0 0.675194
0.319624 0 0.680376
0.314601 0 0.685399
0.293971 0 0.706029
0.29173 0 0.70827
0.291943 0 0.708057
0.279532 0 0.720468
0.516611 0 0.483389
0.245898 0 0.754102
0.243937 0 0.756063
0.243346 0 0.756654
0.244874 0 0.755126
0.246433 0 0.753567
0.248025 0 0.751975
0.249649 0 0.750351
0.523041 0 0.476959
0.589845 0 0.410155
0.175435 0 0.824565
0.174304 0 0.825696
0.173197 0 0.826803
0.172111 0 0.827889
0.171378 0 0.828622
0.573079 0 0.426921
0.593894 0 0.406106
0.162046 0 0.837954
0.161672 0 0.838328
0.156749 0 0.843251
0.157622 0 0.842378
0.15938 0 0.84062
0.158746 0 0.841254
0.158126 0 0.841874
0.157517 0 0.842483
0.159095 0 0.840905
0.161188 0 0.838812
0.163236 0 0.836764
0.165458 0 0.834542
0.16775 0 0.83225
0.170113 0 0.829887
0.172553 0 0.827447
0.175072 0 0.824928
0.177792 0 0.822208
0.46875 0 0.53125
0.587271 0 0.412729
0.578319 0 0.421681
0.569276 0 0.430724
0.55871 0 0.44129
0.548472 0 0.451528
0.537545 0 0.462455
0.535936 0 0.464064
0.534329 0 0.465671
0.532166 0 0.467834
0.529355 0 0.470645
0.526646 0 0.473354
0.522247 0 0.477753
0.512578 0 0.487422
0.449791 0 0.55021
0.445146 0 0.554854
0.44315 0 0.55685
0.441171 0 0.558829
0.439253 0 0.560747
0.437426 0 0.562574
0.436012 0 0.563988
0.434962 0 0.565038
0.433954 0 0.566046
0.432953 0 0.567047
0.432001 0 0.567999
0.431037 0 0.568963
0.430126 0 0.569874
0.429219 0 0.570781
0.428337 0 0.571663
0.427486 0 0.572514
0.426661 0 0.573339
0.425839 0 0.574161
0.425054 0 0.574946
0.423932 0 0.576068
0.421564 0 0.578436
0.41779 0 0.58221
0.41401 0 0.58599
0.410381 0 0.589619
0.40678 0 0.59322
0.293285 0 0.706715
0.292875 0 0.707125
0.293732 0 0.706268
0.393177 0 0.606823
0.389955 0 0.610045
0.386763 0 0.613237
0.383656 0 0.616344
0.380654 0 0.619346
0.377651 0 0.62235
0.374771 0 0.625229
0.338133 0 0.661867
0.332488 0 0.667512
0.32702 0 0.67298
0.321654 0 0.678346
0.316575 0 0.683425
0.31161 0 0.68839
0.306798 0 0.693202
0.302158 0 0.697842
0.297646 0 0.702354
0.293344 0 0.706656
0.289139 0 0.710861
0.279709 0 0.720291
0.276864 0 0.723136
0.253155 0 0.746845
0.250742 0 0.749258
0.516702 0 0.483298
0.250007 0 0.749993
0.247956 0 0.752044
0.24595 0 0.75405
0.243988 0 0.756012
0.243307 0 0.756693
0.244834 0 0.755166
0.246393 0 0.753607
0.247983 0 0.752017
0.249607 0 0.750393
0.523126 0 0.476874
0.18769 0 0.81231
0.186304 0 0.813696
0.184948 0 0.815052
0.18362 0 0.81638
0.182319 0 0.817681
0.181046 0 0.818954
0.179799 0 0.820201
0.178577 0 0.821423
0.17738 0 0.82262
0.176208 0 0.823792
0.175059 0 0.824941
0.173933 0 0.826067
0.17283 0 0.82717
0.171749 0 0.828251
0.17069 0 0.82931
0.171733 0 0.828267
0.572964 0 0.427036
0.593989 0 0.406011
0.161388 0 0.838612
0.156777 0 0.843223
0.157579 0 0.842421
0.159408 0 0.840592
0.158775 0 0.841225
0.158154 0 0.841846
0.157545 0 0.842455
0.159047 0 0.840953
0.161139 0 0.838861
0.163186 0 0.836814
0.165406 0 0.834594
0.167696 0 0.832304
0.170058 0 0.829942
0.172495 0 0.827505
0.175013 0 0.824987
0.177731 0 0.822269
0.468911 0 0.531089
0.581592 0 0.418408
0.572779 0 0.427221
0.564273 0 0.435727
0.554559 0 0.445441
0.544425 0 0.455575
0.531308 0 0.468692
0.52643 0 0.47357
0.524793 0 0.475207
0.523149 0 0.476851
0.520913 0 0.479087
0.518188 0 0.481812
0.515194 0 0.484806
0.510139 0 0.489861
0.451592 0 0.548408
0.440656 0 0.559344
0.437538 0 0.562462
0.435556 0 0.564444
0.433598 0 0.566402
0.431702 0 0.568298
0.429802 0 0.570198
0.428519 0 0.571481
0.427484 0 0.572516
0.426438 0 0.573562
0.425451 0 0.574549
0.424451 0 0.575549
0.423506 0 0.576494
0.42255 0 0.57745
0.421647 0 0.578353
0.420729 0 0.579271
0.419864 0 0.580136
0.418997 0 0.581003
0.418158 0 0.581842
0.417317 0 0.582683
0.414734 0 0.585266
0.410954 0 0.589046
0.407321 0 0.592679
0.40369 0 0.59631
0.40022 0 0.59978
0.396739 0 0.603261
0.393341 0 0.606659
0.390075 0 0.609925
0.386804 0 0.613196
0.29336 0 0.70664
0.292918 0 0.707082
0.0765062 0 0.923494
0.0759273 0 0.924073
0.0753584 0 0.924642
0.0748012 0 0.925199
0.074253 0 0.925747
0.0737147 0 0.926285
0.0731861 0 0.926814
0.0726672 0 0.927333
0.0721572 0 0.927843
0.0716559 0 0.928344
0.0711641 0 0.928836
0.0706801 0 0.92932
0.0702047 0 0.929795
0.0697378 0 0.930262
0.0693728 0 0.930627
0.0690272 0 0.930973
0.0686893 0 0.931311
0.0683575 0 0.931643
0.0680325 0 0.931967
0.0677135 0 0.932287
0.0674005 0 0.932599
0.0670943 0 0.932906
0.0667939 0 0.933206
0.0664994 0 0.933501
0.516808 0 0.483192
0.202829 0 0.797171
0.201113 0 0.798887
0.199435 0 0.800565
0.197794 0 0.802206
0.196189 0 0.803811
0.194619 0 0.805381
0.193083 0 0.806917
0.19158 0 0.80842
0.190109 0 0.809891
0.18867 0 0.81133
0.187261 0 0.812739
0.185882 0 0.814118
0.184532 0 0.815468
0.18321 0 0.81679
0.181915 0 0.818085
0.180647 0 0.819353
0.179405 0 0.820595
0.17819 0 0.82181
0.176998 0 0.823002
0.175831 0 0.824169
0.174687 0 0.825313
0.173566 0 0.826434
0.172468 0 0.827532
0.171391 0 0.828609
0.170336 0 0.829664
0.171701 0 0.828299
0.572861 0 0.427139
0.594092 0 0.405908
0.161419 0 0.838581
0.157383 0 0.842617
0.157538 0 0.842462
0.159439 0 0.840561
0.158805 0 0.841195
0.158184 0 0.841816
0.157575 0 0.842425
0.159002 0 0.840998
0.161092 0 0.838908
0.163138 0 0.836862
0.165356 0 0.834644
0.167643 0 0.832357
0.170004 0 0.829996
0.17244 0 0.82756
0.174955 0 0.825045
0.177672 0 0.822328
0.469116 0 0.530884
0.470679 0 0.529321
0.576287 0 0.423713
0.567601 0 0.432399
0.559118 0 0.440882
0.550644 0 0.449356
0.5406 0 0.4594
0.53091 0 0.46909
0.517884 0 0.482116
0.515912 0 0.484088
0.514325 0 0.485675
0.512732 0 0.487268
0.510298 0 0.489702
0.507627 0 0.492373
0.504363 0 0.495637
0.497382 0 0.502618
0.437948 0 0.562052
0.0967923 0 0.903208
0.0958591 0 0.904141
0.0949482 0 0.905052
0.0940595 0 0.90594
0.0931911 0 0.906809
0.0923429 0 0.907657
0.0915145 0 0.908486
0.0907058 0 0.909294
0.089915 0 0.910085
0.0891419 0 0.910858
0.0883864 0 0.911614
0.0876474 0 0.912353
0.0869256 0 0.913074
0.0862193 0 0.913781
0.0855282 0 0.914472
0.0848524 0 0.915148
0.0841907 0 0.915809
0.083544 0 0.916456
0.0829111 0 0.917089
0.0822914 0 0.917709
0.0816845 0 0.918315
0.0810913 0 0.918909
0.0805099 0 0.91949
0.0799404 0 0.92006
0.0793825 0 0.920617
0.0788371 0 0.921163
0.0783023 0 0.921698
0.0777782 0 0.922222
0.0772654 0 0.922735
0.076763 0 0.923237
0.0762702 0 0.92373
0.0757877 0 0.924212
0.0753154 0 0.924685
0.0748517 0 0.925148
0.0743972 0 0.925603
0.0739527 0 0.926047
0.0735166 0 0.926483
0.0730888 0 0.926911
0.0726692 0 0.927331
0.0722585 0 0.927741
0.071856 0 0.928144
0.0714608 0 0.928539
0.0710743 0 0.928926
0.0706942 0 0.929306
0.070322 0 0.929678
0.0699577 0 0.930042
0.0695997 0 0.9304
0.0692494 0 0.930751
0.0689052 0 0.931095
0.0685688 0 0.931431
0.0682376 0 0.931762
0.067914 0 0.932086
0.0675965 0 0.932404
0.0672849 0 0.932715
0.0669793 0 0.933021
0.0666803 0 0.93332
0.0663864 0 0.933614
0.0660992 0 0.933901
0.207693 0 0.792307
0.205864 0 0.794136
0.204077 0 0.795923
0.20233 0 0.79767
0.200622 0 0.799378
0.198952 0 0.801048
0.197319 0 0.802681
0.195722 0 0.804278
0.194159 0 0.805841
0.192631 0 0.807369
0.191135 0 0.808865
0.189671 0 0.810329
0.188239 0 0.811761
0.186836 0 0.813164
0.185464 0 0.814536
0.18412 0 0.81588
0.182804 0 0.817196
0.181515 0 0.818485
0.180253 0 0.819747
0.179017 0 0.820983
0.177806 0 0.822194
0.176619 0 0.823381
0.175457 0 0.824543
0.174318 0 0.825682
0.173202 0 0.826798
0.172109 0 0.827891
0.171037 0 0.828963
0.170254 0 0.829746
0.17167 0 0.82833
0.572771 0 0.427229
0.254552 0 0.745448
0.255565 0 0.744435
0.594204 0 0.405796
0.161451 0 0.838549
0.157415 0 0.842585
0.157498 0 0.842502
0.159471 0 0.840529
0.158837 0 0.841163
0.158216 0 0.841784
0.157607 0 0.842393
0.158957 0 0.841043
0.161046 0 0.838953
0.16309 0 0.83691
0.165307 0 0.834693
0.167594 0 0.832406
0.169952 0 0.830047
0.172387 0 0.827613
0.1749 0 0.8251
0.177614 0 0.822386
0.469376 0 0.530624
0.470037 0 0.529963
0.506359 0 0.493641
0.505669 0 0.494331
0.505976 0 0.494024
0.554318 0 0.445682
0.546263 0 0.453737
0.536915 0 0.463085
0.527337 0 0.472663
0.518129 0 0.481871
0.507635 0 0.492365
0.506026 0 0.493974
0.504396 0 0.495604
0.502661 0 0.497339
0.50025 0 0.49975
0.497617 0 0.502383
0.493862 0 0.506138
0.446738 0 0.553262
0.429028 0 0.570972
0.425575 0 0.574425
0.423518 0 0.576482
0.0975026 0 0.902497
0.096551 0 0.903449
0.0956221 0 0.904378
0.0947163 0 0.905284
0.0938318 0 0.906168
0.0929677 0 0.907032
0.0921236 0 0.907876
0.0912994 0 0.908701
0.090494 0 0.909506
0.0897066 0 0.910293
0.0889376 0 0.911062
0.0881854 0 0.911815
0.0874497 0 0.91255
0.0867312 0 0.913269
0.0860282 0 0.913972
0.0853404 0 0.91466
0.0846677 0 0.915332
0.0840093 0 0.915991
0.083365 0 0.916635
0.0827346 0 0.917265
0.082118 0 0.917882
0.0815136 0 0.918486
0.0809227 0 0.919077
0.0803437 0 0.919656
0.0797765 0 0.920223
0.0792218 0 0.920778
0.0786779 0 0.921322
0.0781455 0 0.921854
0.0776237 0 0.922376
0.0771132 0 0.922887
0.0766123 0 0.923388
0.0761219 0 0.923878
0.0756409 0 0.924359
0.0751701 0 0.92483
0.0747086 0 0.925291
0.0742564 0 0.925744
0.0738126 0 0.926187
0.0733788 0 0.926621
0.0729524 0 0.927048
0.0725351 0 0.927465
0.0721259 0 0.927874
0.0717241 0 0.928276
0.0713311 0 0.928669
0.0709453 0 0.929055
0.0705674 0 0.929433
0.0701967 0 0.929803
0.069833 0 0.930167
0.0694772 0 0.930523
0.0691276 0 0.930872
0.0687848 0 0.931215
0.068449 0 0.931551
0.0681201 0 0.93188
0.0677972 0 0.932203
0.0674802 0 0.93252
0.0671701 0 0.93283
0.0668658 0 0.933134
0.0665675 0 0.933433
0.066275 0 0.933725
0.0659884 0 0.934012
0.0657075 0 0.934292
0.205352 0 0.794648
0.203574 0 0.796426
0.201836 0 0.798164
0.200136 0 0.799864
0.0517205 0 0.94828
0.0517462 0 0.948254
0.19526 0 0.80474
0.193705 0 0.806295
0.192183 0 0.807817
0.190695 0 0.809305
0.189238 0 0.810762
0.187812 0 0.812188
0.186417 0 0.813583
0.18505 0 0.81495
0.183712 0 0.816288
0.182402 0 0.817598
0.181119 0 0.818881
0.179862 0 0.820138
0.178632 0 0.821368
0.177426 0 0.822574
0.176245 0 0.823755
0.175087 0 0.824913
0.173954 0 0.826046
0.172842 0 0.827158
0.171754 0 0.828246
0.170687 0 0.829313
0.170226 0 0.829774
0.171641 0 0.828359
0.572698 0 0.427302
0.254378 0 0.745622
0.255254 0 0.744746
0.594324 0 0.405676
0.161487 0 0.838513
0.157449 0 0.842551
0.157461 0 0.842539
0.159505 0 0.840495
0.158871 0 0.841129
0.158249 0 0.841751
0.15764 0 0.84236
0.158915 0 0.841085
0.161003 0 0.838997
0.163046 0 0.836954
0.165261 0 0.834739
0.167546 0 0.832454
0.169903 0 0.830097
0.172336 0 0.827664
0.174847 0 0.825153
0.177559 0 0.822441
0.469708 0 0.530292
0.469766 0 0.530234
0.558017 0 0.441983
0.549784 0 0.450216
0.503307 0 0.496693
0.502606 0 0.497394
0.50367 0 0.49633
0.514881 0 0.485119
0.500239 0 0.499761
0.498243 0 0.501757
0.496629 0 0.503371
0.495015 0 0.504985
0.493351 0 0.506649
0.490765 0 0.509235
0.488159 0 0.511841
0.48314 0 0.51686
0.427232 0 0.572768
0.421334 0 0.578666
0.418975 0 0.581025
0.417037 0 0.582963
0.415094 0 0.584906
0.413209 0 0.586791
0.411321 0 0.588679
0.0972581 0 0.902742
0.0963116 0 0.903688
0.0953878 0 0.904612
0.0944863 0 0.905514
0.093606 0 0.906394
0.0927461 0 0.907254
0.0919062 0 0.908094
0.0910861 0 0.908914
0.0902842 0 0.909716
0.0895008 0 0.910499
0.0887352 0 0.911265
0.0879863 0 0.912014
0.0872547 0 0.912745
0.0865387 0 0.913461
0.0858389 0 0.914161
0.0851543 0 0.914846
0.0844841 0 0.915516
0.0838289 0 0.916171
0.0831878 0 0.916812
0.0825606 0 0.917439
0.0819456 0 0.918054
0.0813443 0 0.918656
0.0807558 0 0.919244
0.0801792 0 0.919821
0.0796152 0 0.920385
0.079062 0 0.920938
0.0785205 0 0.92148
0.0779904 0 0.92201
0.0774709 0 0.922529
0.0769619 0 0.923038
0.0764633 0 0.923537
0.0759752 0 0.924025
0.0754965 0 0.924504
0.0750272 0 0.924973
0.0745672 0 0.925433
0.0741165 0 0.925884
0.073675 0 0.926325
0.0732418 0 0.926758
0.0728177 0 0.927182
0.0724019 0 0.927598
0.0719941 0 0.928006
0.0715945 0 0.928405
0.0712022 0 0.928798
0.0708186 0 0.929181
0.0704415 0 0.929559
0.0700722 0 0.929928
0.06971 0 0.93029
0.0693548 0 0.930645
0.0690073 0 0.930993
0.0686653 0 0.931335
0.0683309 0 0.931669
0.0680025 0 0.931997
0.0676811 0 0.932319
0.0673655 0 0.932634
0.0670568 0 0.932943
0.0667532 0 0.933247
0.0664562 0 0.933544
0.0661644 0 0.933836
0.0658791 0 0.934121
0.0655989 0 0.934401
0.0653245 0 0.934676
0.203076 0 0.796924
0.201346 0 0.798654
0.199655 0 0.800345
0.198001 0 0.801999
0.196384 0 0.803616
0.194802 0 0.805198
0.193255 0 0.806745
0.191741 0 0.808259
0.190259 0 0.809741
0.188809 0 0.811191
0.18739 0 0.81261
0.186 0 0.814
0.18464 0 0.81536
0.183308 0 0.816692
0.182004 0 0.817996
0.180727 0 0.819273
0.179476 0 0.820525
0.17825 0 0.82175
0.17705 0 0.82295
0.175874 0 0.824126
0.174722 0 0.825278
0.173593 0 0.826407
0.172486 0 0.827514
0.171402 0 0.828598
0.170339 0 0.829661
0.1702 0 0.8298
0.171615 0 0.828385
0.572641 0 0.427359
0.254207 0 0.745793
0.594453 0 0.405547
0.161524 0 0.838476
0.157374 0 0.842626
0.157265 0 0.842735
0.159542 0 0.840458
0.158907 0 0.841093
0.158285 0 0.841715
0.157676 0 0.842324
0.158875 0 0.841125
0.160961 0 0.839039
0.163002 0 0.836998
0.165216 0 0.834784
0.1675 0 0.8325
0.170168 0 0.829832
0.172286 0 0.827714
0.174796 0 0.825204
0.177506 0 0.822494
0.553534 0 0.446466
0.54546 0 0.45454
0.470151 0 0.529849
0.469615 0 0.530385
0.520836 0 0.479164
0.511763 0 0.488237
0.503007 0 0.496993
0.491139 0 0.508861
0.489365 0 0.510635
0.487739 0 0.512261
0.486162 0 0.513838
0.484286 0 0.515714
0.481736 0 0.518264
0.478723 0 0.521277
0.436329 0 0.563671
0.418764 0 0.581236
0.414867 0 0.585133
0.412804 0 0.587196
0.410882 0 0.589118
0.408962 0 0.591038
0.407083 0 0.592917
0.405218 0 0.594782
0.403738 0 0.596262
0.402473 0 0.597527
0.401367 0 0.598633
0.0970163 0 0.902984
0.0960749 0 0.903925
0.0951554 0 0.904845
0.0942581 0 0.905742
0.0933821 0 0.906618
0.0925271 0 0.907473
0.0916906 0 0.908309
0.0908747 0 0.909125
0.0900769 0 0.909923
0.0892969 0 0.910703
0.0885346 0 0.911465
0.0877897 0 0.91221
0.0870614 0 0.912939
0.0863486 0 0.913651
0.0856521 0 0.914348
0.08497 0 0.91503
0.0843031 0 0.915697
0.083651 0 0.916349
0.0830123 0 0.916988
0.0823875 0 0.917612
0.0817757 0 0.918224
0.0811768 0 0.918823
0.0805907 0 0.919409
0.0800164 0 0.919984
0.0794547 0 0.920545
0.0789039 0 0.921096
0.0783647 0 0.921635
0.0778369 0 0.922163
0.0773189 0 0.922681
0.0768123 0 0.923188
0.076316 0 0.923684
0.0758293 0 0.924171
0.0753521 0 0.924648
0.0748851 0 0.925115
0.0744274 0 0.925573
0.0739782 0 0.926022
0.0735382 0 0.926462
0.0731073 0 0.926893
0.0726847 0 0.927315
0.0722702 0 0.92773
0.071864 0 0.928136
0.0714658 0 0.928534
0.0710749 0 0.928925
0.0706921 0 0.929308
0.0703171 0 0.929683
0.0699492 0 0.930051
0.0695885 0 0.930412
0.0692347 0 0.930765
0.0688879 0 0.931112
0.0685473 0 0.931453
0.0682143 0 0.931786
0.0678874 0 0.932113
0.0675665 0 0.932433
0.0672524 0 0.932748
0.0669443 0 0.933056
0.0666421 0 0.933358
0.0663458 0 0.933654
0.0660553 0 0.933945
0.0657707 0 0.934229
0.0654911 0 0.934509
0.065218 0 0.934782
0.0649499 0 0.93505
0.200861 0 0.799139
0.0525354 0 0.947465
0.0514533 0 0.948547
0.0515531 0 0.948447
0.051656 0 0.948344
0.0517615 0 0.948238
0.0518699 0 0.94813
0.189827 0 0.810173
0.188384 0 0.811616
0.186971 0 0.813029
0.185588 0 0.814412
0.184234 0 0.815766
0.182908 0 0.817092
0.18161 0 0.81839
0.180338 0 0.819662
0.179093 0 0.820907
0.177873 0 0.822127
0.176678 0 0.823322
0.175507 0 0.824493
0.174359 0 0.825641
0.173235 0 0.826765
0.172133 0 0.827867
0.171054 0 0.828946
0.170282 0 0.829718
0.170177 0 0.829823
0.17159 0 0.82841
0.572602 0 0.427398
0.254038 0 0.745962
0.59459 0 0.40541
0.159358 0 0.840642
0.157968 0 0.842032
0.159057 0 0.840943
0.15958 0 0.84042
0.158945 0 0.841055
0.158323 0 0.841677
0.157714 0 0.842286
0.158837 0 0.841163
0.160922 0 0.839078
0.162962 0 0.837038
0.165174 0 0.834826
0.167456 0 0.832544
0.169622 0 0.830378
0.172239 0 0.827761
0.174748 0 0.825252
0.177456 0 0.822544
0.51763 0 0.48237
0.508684 0 0.491316
0.470895 0 0.529104
0.469536 0 0.530464
0.482567 0 0.517433
0.480929 0 0.519071
0.479324 0 0.520676
0.477731 0 0.522269
0.475676 0 0.524324
0.47314 0 0.52686
0.469406 0 0.530594
0.417253 0 0.582747
0.4114 0 0.5886
0.408912 0 0.591088
0.406938 0 0.593062
0.40503 0 0.59497
0.403129 0 0.596871
0.401261 0 0.598739
0.399449 0 0.600551
0.397995 0 0.602005
0.39678 0 0.60322
0.395675 0 0.604325
0.394559 0 0.605441
0.393495 0 0.606505
0.392427 0 0.607573
0.0967772 0 0.903223
0.0958401 0 0.90416
0.0949256 0 0.905074
0.0940326 0 0.905967
0.0931608 0 0.906839
0.0923092 0 0.907691
0.0914777 0 0.908522
0.0906652 0 0.909335
0.0898714 0 0.910129
0.0890948 0 0.910905
0.0883365 0 0.911663
0.087595 0 0.912405
0.0868699 0 0.91313
0.0861604 0 0.91384
0.0854663 0 0.914534
0.0847882 0 0.915212
0.0841237 0 0.915876
0.0834741 0 0.916526
0.0828386 0 0.917161
0.0822162 0 0.917784
0.0816075 0 0.918392
0.081011 0 0.918989
0.0804272 0 0.919573
0.0798553 0 0.920145
0.079296 0 0.920704
0.0787475 0 0.921253
0.0782105 0 0.921789
0.0776843 0 0.922316
0.0771694 0 0.922831
0.0766643 0 0.923336
0.0761696 0 0.92383
0.0756852 0 0.924315
0.0752102 0 0.92479
0.0747447 0 0.925255
0.0742885 0 0.925712
0.0738416 0 0.926158
0.073403 0 0.926597
0.0729736 0 0.927026
0.0725524 0 0.927448
0.0721395 0 0.927861
0.0717347 0 0.928265
0.071338 0 0.928662
0.0709493 0 0.929051
0.0705678 0 0.929432
0.0701935 0 0.929806
0.0698271 0 0.930173
0.0694678 0 0.930532
0.0691154 0 0.930885
0.0687693 0 0.931231
0.0684308 0 0.931569
0.0680985 0 0.931902
0.0677722 0 0.932228
0.0674528 0 0.932547
0.0671401 0 0.93286
0.0668326 0 0.933167
0.0665317 0 0.933468
0.066236 0 0.933764
0.065947 0 0.934053
0.065663 0 0.934337
0.0653848 0 0.934615
0.0651123 0 0.934888
0.0648448 0 0.935155
0.0645831 0 0.935417
0.0525295 0 0.947471
0.0514357 0 0.948564
0.0515322 0 0.948468
0.0516313 0 0.948369
0.051734 0 0.948266
0.0518393 0 0.948161
0.1894 0 0.8106
0.187963 0 0.812037
0.186557 0 0.813443
0.18518 0 0.81482
0.183832 0 0.816168
0.182512 0 0.817488
0.18122 0 0.81878
0.179954 0 0.820046
0.178714 0 0.821286
0.177499 0 0.822501
0.176309 0 0.823691
0.175143 0 0.824857
0.174001 0 0.825999
0.172881 0 0.827119
0.171784 0 0.828216
0.170805 0 0.829195
0.170313 0 0.829687
0.170155 0 0.829845
0.171568 0 0.828432
0.173014 0 0.826986
0.572588 0 0.427412
0.253875 0 0.746125
0.594735 0 0.405265
0.156644 0 0.843356
0.156039 0 0.843961
0.157837 0 0.842163
0.159024 0 0.840976
0.15962 0 0.84038
0.158985 0 0.841015
0.158363 0 0.841637
0.157753 0 0.842247
0.158801 0 0.841199
0.160884 0 0.839116
0.162923 0 0.837077
0.165134 0 0.834866
0.167414 0 0.832586
0.170251 0 0.829749
0.172194 0 0.827806
0.174701 0 0.825299
0.177407 0 0.822593
0.476418 0 0.523582
0.474562 0 0.525438
0.472909 0 0.527091
0.469514 0 0.530486
0.469626 0 0.530374
0.467489 0 0.532511
0.46495 0 0.53505
0.420181 0 0.579819
0.409331 0 0.590669
0.405276 0 0.594724
0.403309 0 0.596691
0.401351 0 0.598649
0.399458 0 0.600542
0.397573 0 0.602427
0.395716 0 0.604284
0.393968 0 0.606032
0.392565 0 0.607435
0.391365 0 0.608635
0.390239 0 0.609761
0.389145 0 0.610855
0.388062 0 0.611938
0.38698 0 0.61302
0.385702 0 0.614298
0.384055 0 0.615945
0.0974956 0 0.902504
0.09654 0 0.90346
0.095608 0 0.904392
0.0946978 0 0.905302
0.0938097 0 0.90619
0.0929421 0 0.907058
0.0920947 0 0.907905
0.0912666 0 0.908733
0.0904582 0 0.909542
0.0896678 0 0.910332
0.0888952 0 0.911105
0.0881403 0 0.91186
0.087402 0 0.912598
0.0866802 0 0.91332
0.0859739 0 0.914026
0.0852831 0 0.914717
0.0846074 0 0.915393
0.0839469 0 0.916053
0.0832997 0 0.9167
0.0826666 0 0.917333
0.0820473 0 0.917953
0.0814403 0 0.91856
0.0808469 0 0.919153
0.0802655 0 0.919735
0.0796959 0 0.920304
0.0791389 0 0.920861
0.0785927 0 0.921407
0.0780581 0 0.921942
0.0775342 0 0.922466
0.0770208 0 0.922979
0.076518 0 0.923482
0.0760255 0 0.923974
0.0755427 0 0.924457
0.0750692 0 0.924931
0.074606 0 0.925394
0.0741512 0 0.925849
0.0737058 0 0.926294
0.0732695 0 0.926731
0.0728415 0 0.927159
0.0724218 0 0.927578
0.0720103 0 0.92799
0.0716077 0 0.928392
0.0712117 0 0.928788
0.0708245 0 0.929176
0.0704444 0 0.929556
0.0700716 0 0.929928
0.0697066 0 0.930293
0.0693487 0 0.930651
0.068997 0 0.931003
0.068653 0 0.931347
0.0683152 0 0.931685
0.0679843 0 0.932016
0.0676594 0 0.932341
0.0673406 0 0.932659
0.0670285 0 0.932971
0.0667224 0 0.933278
0.066423 0 0.933577
0.0661287 0 0.933871
0.0658402 0 0.93416
0.0655576 0 0.934442
0.06528 0 0.93472
0.0650081 0 0.934992
0.064742 0 0.935258
0.0644809 0 0.935519
0.0642246 0 0.935775
0.0514296 0 0.94857
0.0515261 0 0.948474
0.0516253 0 0.948375
0.0517275 0 0.948273
0.0518328 0 0.948167
0.188977 0 0.811023
0.187547 0 0.812453
0.186147 0 0.813853
0.184776 0 0.815224
0.183434 0 0.816566
0.182121 0 0.817879
0.180833 0 0.819167
0.179573 0 0.820427
0.178339 0 0.821661
0.177129 0 0.822871
0.175945 0 0.824055
0.174783 0 0.825217
0.173646 0 0.826355
0.172531 0 0.827469
0.171438 0 0.828562
0.170838 0 0.829162
0.170345 0 0.829655
0.170135 0 0.829865
0.171548 0 0.828452
0.172994 0 0.827006
0.572605 0 0.427395
0.253972 0 0.746028
0.594889 0 0.405111
0.156686 0 0.843314
0.156054 0 0.843946
0.157807 0 0.842193
0.158994 0 0.841006
0.159662 0 0.840338
0.159027 0 0.840973
0.158405 0 0.841595
0.157795 0 0.842205
0.158766 0 0.841234
0.160848 0 0.839152
0.162886 0 0.837114
0.165095 0 0.834905
0.167374 0 0.832626
0.169726 0 0.830274
0.172265 0 0.827735
0.174772 0 0.825228
0.177361 0 0.822639
0.463716 0 0.536284
0.462012 0 0.537988
0.459768 0 0.540232
0.456497 0 0.543503
0.407935 0 0.592065
0.402426 0 0.597574
0.399926 0 0.600074
0.397972 0 0.602028
0.396032 0 0.603968
0.394132 0 0.605868
0.392259 0 0.607741
0.390439 0 0.60956
0.388763 0 0.611237
0.387402 0 0.612598
0.386231 0 0.613769
0.385107 0 0.614893
0.383972 0 0.616028
0.382885 0 0.617115
0.381634 0 0.618366
0.379812 0 0.620188
0.376455 0 0.623545
0.373111 0 0.626889
0.369855 0 0.630145
0.366671 0 0.633329
0.097256 0 0.902744
0.0963056 0 0.903694
0.0953778 0 0.904622
0.0944725 0 0.905527
0.0935887 0 0.906411
0.0927253 0 0.907275
0.0918821 0 0.908118
0.0910581 0 0.908942
0.090253 0 0.909747
0.089466 0 0.910534
0.0886975 0 0.911303
0.0879458 0 0.912054
0.0872108 0 0.912789
0.0864923 0 0.913508
0.0857893 0 0.914211
0.0851016 0 0.914898
0.0844292 0 0.915571
0.083771 0 0.916229
0.083127 0 0.916873
0.0824963 0 0.917504
0.0818794 0 0.918121
0.0812755 0 0.918724
0.0806845 0 0.919316
0.0801054 0 0.919895
0.0795382 0 0.920462
0.0789835 0 0.921017
0.0784396 0 0.92156
0.0779066 0 0.922093
0.0773849 0 0.922615
0.0768739 0 0.923126
0.0763733 0 0.923627
0.0758824 0 0.924118
0.0754018 0 0.924598
0.0749298 0 0.92507
0.074468 0 0.925532
0.0740156 0 0.925984
0.0735716 0 0.926428
0.0731367 0 0.926863
0.072711 0 0.927289
0.0722928 0 0.927707
0.0718827 0 0.928117
0.0714816 0 0.928518
0.071087 0 0.928913
0.0707012 0 0.929299
0.0703226 0 0.929677
0.0699512 0 0.930049
0.0695876 0 0.930412
0.0692303 0 0.93077
0.0688801 0 0.93112
0.0685375 0 0.931462
0.0682011 0 0.931799
0.0678708 0 0.932129
0.0675474 0 0.932453
0.0672299 0 0.93277
0.0669193 0 0.933081
0.0666138 0 0.933386
0.066315 0 0.933685
0.0660221 0 0.933978
0.0657342 0 0.934266
0.0654522 0 0.934548
0.065176 0 0.934824
0.0649055 0 0.935094
0.06464 0 0.93536
0.0643794 0 0.935621
0.0641246 0 0.935875
0.0638746 0 0.936125
0.0515207 0 0.948479
0.0516199 0 0.94838
0.0517221 0 0.948278
0.0518276 0 0.948172
0.188718 0 0.811282
0.187312 0 0.812688
0.185937 0 0.814063
0.184589 0 0.815411
0.183271 0 0.816729
0.181979 0 0.818021
0.180715 0 0.819285
0.179477 0 0.820523
0.178264 0 0.821736
0.177076 0 0.822924
0.175912 0 0.824088
0.174772 0 0.825228
0.173655 0 0.826345
0.172561 0 0.827439
0.171489 0 0.828511
0.170873 0 0.829127
0.17038 0 0.82962
0.170118 0 0.829882
0.17153 0 0.82847
0.172975 0 0.827025
0.572687 0 0.427313
0.253819 0 0.746181
0.59505 0 0.40495
0.591938 0 0.408062
0.583906 0 0.416094
0.576185 0 0.423815
0.15673 0 0.84327
0.156071 0 0.843929
0.157779 0 0.842221
0.157612 0 0.842388
0.159707 0 0.840293
0.159071 0 0.840929
0.158448 0 0.841552
0.150733 0 0.849267
0.158734 0 0.841266
0.160814 0 0.839186
0.162958 0 0.837042
0.165168 0 0.834832
0.167447 0 0.832553
0.169798 0 0.830202
0.172224 0 0.827776
0.174729 0 0.825271
0.177317 0 0.822683
0.406485 0 0.593515
0.177226 0 0.822774
0.396811 0 0.603189
0.394823 0 0.605177
0.392879 0 0.607121
0.39096 0 0.60904
0.389069 0 0.610931
0.387215 0 0.612785
0.385409 0 0.614591
0.383875 0 0.616125
0.382532 0 0.617468
0.381359 0 0.618641
0.380209 0 0.619791
0.379082 0 0.620918
0.37779 0 0.62221
0.375333 0 0.624667
0.371994 0 0.628006
0.368749 0 0.631251
0.365512 0 0.634488
0.362379 0 0.637621
0.359299 0 0.640701
0.356242 0 0.643758
0.353294 0 0.646706
0.350372 0 0.649628
0.0970192 0 0.902981
0.0960737 0 0.903926
0.0951502 0 0.90485
0.0942492 0 0.905751
0.0933696 0 0.90663
0.0925103 0 0.90749
0.0916713 0 0.908329
0.0908514 0 0.909149
0.0900497 0 0.90995
0.0892667 0 0.910733
0.0885015 0 0.911498
0.0877531 0 0.912247
0.0870214 0 0.912979
0.0863061 0 0.913694
0.0856063 0 0.914394
0.0849219 0 0.915078
0.0842526 0 0.915747
0.0835969 0 0.916403
0.0829561 0 0.917044
0.0823277 0 0.917672
0.081714 0 0.918286
0.0811125 0 0.918888
0.0805238 0 0.919476
0.079947 0 0.920053
0.0793822 0 0.920618
0.0788298 0 0.92117
0.0782882 0 0.921712
0.0777575 0 0.922243
0.0772374 0 0.922763
0.0767286 0 0.923271
0.0762295 0 0.92377
0.0757409 0 0.924259
0.0752617 0 0.924738
0.0747921 0 0.925208
0.0743326 0 0.925667
0.0738816 0 0.926118
0.073439 0 0.926561
0.0730056 0 0.926994
0.0725814 0 0.927419
0.0721646 0 0.927835
0.0717568 0 0.928243
0.0713563 0 0.928644
0.0709639 0 0.929036
0.0705788 0 0.929421
0.0702016 0 0.929798
0.0698324 0 0.930168
0.0694695 0 0.930531
0.0691136 0 0.930886
0.0687647 0 0.931235
0.0684228 0 0.931577
0.0680878 0 0.931912
0.0677589 0 0.932241
0.0674361 0 0.932564
0.0671201 0 0.93288
0.06681 0 0.93319
0.0665059 0 0.933494
0.0662085 0 0.933791
0.0659162 0 0.934084
0.0656297 0 0.93437
0.0653483 0 0.934652
0.0650735 0 0.934927
0.0648036 0 0.935196
0.0645387 0 0.935461
0.0642795 0 0.935721
0.0640252 0 0.935975
0.0637758 0 0.936224
0.0635321 0 0.936468
0.0516798 0 0.94832
0.0517806 0 0.948219
0.0518841 0 0.948116
0.188778 0 0.811222
0.187372 0 0.812629
0.185995 0 0.814005
0.184647 0 0.815353
0.183328 0 0.816672
0.182036 0 0.817964
0.180771 0 0.819229
0.179532 0 0.820468
0.178319 0 0.821681
0.177131 0 0.822869
0.175966 0 0.824034
0.174826 0 0.825174
0.173708 0 0.826292
0.172614 0 0.827386
0.171541 0 0.828459
0.17091 0 0.82909
0.170416 0 0.829584
0.170102 0 0.829898
0.171514 0 0.828486
0.156576 0 0.843424
0.154753 0 0.845247
0.15298 0 0.84702
0.151253 0 0.848747
0.149571 0 0.850429
0.147934 0 0.852066
0.146338 0 0.853662
0.144783 0 0.855217
0.143268 0 0.856732
0.14179 0 0.85821
0.140348 0 0.859652
0.138942 0 0.861058
0.137571 0 0.862429
0.136232 0 0.863768
0.134925 0 0.865075
0.13365 0 0.86635
0.132404 0 0.867596
0.131188 0 0.868812
0.129999 0 0.870001
0.128838 0 0.871162
0.127704 0 0.872296
0.126595 0 0.873405
0.125511 0 0.874489
0.12445 0 0.87555
0.123414 0 0.876586
0.1224 0 0.8776
0.121409 0 0.878591
0.120439 0 0.879561
0.11949 0 0.88051
0.118562 0 0.881438
0.117652 0 0.882348
0.116763 0 0.883237
0.115893 0 0.884107
0.115039 0 0.884961
0.114205 0 0.885795
0.113388 0 0.886612
0.112587 0 0.887413
0.111803 0 0.888197
0.111035 0 0.888965
0.110358 0 0.889642
0.110992 0 0.889008
0.382402 0 0.617598
0.380576 0 0.619424
0.379113 0 0.620887
0.377873 0 0.622127
0.376698 0 0.623302
0.375416 0 0.624584
0.373656 0 0.626344
0.371043 0 0.628957
0.367736 0 0.632264
0.364529 0 0.635471
0.361388 0 0.638612
0.358264 0 0.641736
0.35524 0 0.64476
0.352266 0 0.647734
0.349312 0 0.650688
0.295622 0 0.704378
0.29344 0 0.70656
0.288627 0 0.711373
0.282365 0 0.717635
0.280131 0 0.719869
0.0967849 0 0.903215
0.0958437 0 0.904156
0.0949253 0 0.905075
0.0940285 0 0.905972
0.093153 0 0.906847
0.092298 0 0.907702
0.0914623 0 0.908538
0.0906465 0 0.909353
0.0898489 0 0.910151
0.0890693 0 0.910931
0.0883074 0 0.911693
0.087563 0 0.912437
0.0868345 0 0.913165
0.0861224 0 0.913878
0.0854259 0 0.914574
0.0847438 0 0.915256
0.0840771 0 0.915923
0.0834245 0 0.916575
0.0827861 0 0.917214
0.0821616 0 0.917838
0.0815495 0 0.91845
0.0809503 0 0.91905
0.080364 0 0.919636
0.0797903 0 0.92021
0.0792278 0 0.920772
0.078677 0 0.921323
0.0781377 0 0.921862
0.0776093 0 0.922391
0.0770914 0 0.922909
0.076585 0 0.923415
0.0760874 0 0.923913
0.075601 0 0.924399
0.0751234 0 0.924877
0.0746559 0 0.925344
0.0741979 0 0.925802
0.0737484 0 0.926252
0.0733081 0 0.926692
0.0728761 0 0.927124
0.0724533 0 0.927547
0.072038 0 0.927962
0.0716316 0 0.928368
0.0712326 0 0.928767
0.0708416 0 0.929158
0.0704587 0 0.929541
0.0700822 0 0.929918
0.0697136 0 0.930286
0.0693529 0 0.930647
0.0689984 0 0.931002
0.068651 0 0.931349
0.0683097 0 0.93169
0.0679753 0 0.932025
0.0676478 0 0.932352
0.0673264 0 0.932674
0.0670118 0 0.932988
0.0667031 0 0.933297
0.0663996 0 0.9336
0.0661028 0 0.933897
0.0658119 0 0.934188
0.065526 0 0.934474
0.065246 0 0.934754
0.0649717 0 0.935028
0.0647025 0 0.935298
0.0644389 0 0.935561
0.0641803 0 0.93582
0.0639267 0 0.936073
0.0636786 0 0.936321
0.0634354 0 0.936565
0.0631971 0 0.936803
 ] }
}
