# Real Time: 850.595
# Simulation Time: 22.36
# Radar Position: 872.439 -233.826 3.22419
# Radar Quat: 0.00152771 0.000408905 0.793799 0.608179
PointSet {
 coord Coordinate { point [
842.804 -271.645 4.3788
843.229 -271.643 4.37256
843.651 -271.64 4.36644
844.068 -271.637 4.36044
844.48 -271.635 4.35455
844.888 -271.633 4.34877
845.292 -271.63 4.34309
845.692 -271.628 4.33752
846.088 -271.625 4.33205
846.48 -271.623 4.32668
846.869 -271.621 4.32141
847.253 -271.618 4.31624
847.634 -271.616 4.31116
847.768 -271.991 4.31696
847.771 -272.578 4.32877
847.775 -273.177 4.34089
847.778 -273.79 4.35332
868.075 -243.38 3.4776
868.246 -243.179 3.47149
868.313 -243.205 3.47136
868.38 -243.23 3.47125
868.447 -243.256 3.47114
868.514 -243.281 3.47105
868.581 -243.307 3.47097
868.649 -243.332 3.47089
868.63 -243.578 3.47649
868.699 -243.602 3.4764
868.768 -243.627 3.47632
868.919 -243.429 3.47057
868.986 -243.454 3.47055
869.053 -243.48 3.47054
869.12 -243.505 3.47054
869.187 -243.531 3.47055
869.254 -243.556 3.47058
869.321 -243.582 3.47061
869.389 -243.608 3.47065
869.388 -243.856 3.47626
867.691 -249.863 3.62532
867.815 -249.858 3.62426
867.938 -249.852 3.62323
868.06 -249.846 3.62221
868.182 -249.841 3.62122
868.303 -249.835 3.62025
868.424 -249.83 3.6193
868.503 -249.992 3.62249
868.523 -250.417 3.63212
868.543 -250.863 3.64224
868.565 -251.333 3.65291
868.588 -251.827 3.66416
868.612 -252.348 3.67605
868.637 -252.899 3.68863
868.664 -253.482 3.70195
863.739 -280.966 4.36584
865.11 -276.897 4.26415
866.595 -282.448 4.38662
866.403 -290.761 4.58185
868.678 -286.935 4.48417
871.993 -290.873 4.56856
872.778 -288.85 4.51965
873.029 -278.69 4.28029
873.339 -278.498 4.27536
875.229 -284.422 4.413
841.392 -271.78 4.2308
841.834 -271.778 4.22516
842.271 -271.775 4.21962
842.805 -271.643 4.21081
843.231 -271.64 4.2055
843.652 -271.638 4.20028
844.069 -271.635 4.19516
844.482 -271.633 4.19014
844.89 -271.63 4.18521
845.294 -271.628 4.18036
845.694 -271.625 4.17561
846.089 -271.623 4.17094
846.482 -271.621 4.16636
846.87 -271.618 4.16186
847.254 -271.616 4.15744
847.635 -271.614 4.1531
847.768 -271.991 4.15811
847.771 -272.577 4.1682
847.775 -273.176 4.17855
847.778 -273.789 4.18918
868.085 -243.359 3.44029
868.246 -243.178 3.43552
868.313 -243.203 3.43541
868.38 -243.229 3.43531
868.448 -243.255 3.43521
868.515 -243.28 3.43513
868.582 -243.306 3.43505
868.649 -243.331 3.43498
868.716 -243.357 3.43492
868.702 -243.594 3.4395
868.771 -243.62 3.43946
868.919 -243.428 3.43468
868.986 -243.453 3.43466
869.053 -243.479 3.43464
869.12 -243.504 3.43463
869.187 -243.53 3.43464
869.254 -243.555 3.43465
869.322 -243.581 3.43467
869.389 -243.606 3.43469
869.389 -243.855 3.43948
867.692 -249.86 3.56669
867.816 -249.855 3.56578
867.938 -249.849 3.56488
868.061 -249.843 3.564
868.182 -249.838 3.56313
868.304 -249.832 3.56229
868.424 -249.827 3.56146
868.503 -249.992 3.56424
868.523 -250.417 3.57243
868.543 -250.864 3.58106
868.565 -251.333 3.59014
868.588 -251.827 3.59972
868.612 -252.349 3.60985
868.637 -252.899 3.62056
868.664 -253.482 3.63191
863.737 -280.97 4.19837
865.107 -276.913 4.11173
866.593 -282.463 4.21575
866.401 -290.769 4.38191
868.676 -286.95 4.29839
871.993 -290.864 4.36898
872.778 -288.86 4.32753
873.029 -278.69 4.12343
873.338 -278.497 4.11915
875.228 -284.423 4.23591
878.046 -287.561 4.29782
840.947 -271.781 4.06415
841.394 -271.778 4.0594
841.836 -271.775 4.05474
842.273 -271.773 4.05017
842.807 -271.64 4.04287
843.233 -271.638 4.03848
843.654 -271.635 4.03417
844.071 -271.633 4.02993
844.483 -271.63 4.02578
844.891 -271.628 4.0217
845.295 -271.625 4.01769
845.695 -271.623 4.01375
846.091 -271.621 4.00988
846.483 -271.618 4.00609
846.871 -271.616 4.00236
847.256 -271.614 3.99869
847.636 -271.611 3.9951
847.768 -271.99 3.99929
847.771 -272.577 4.00766
847.775 -273.176 4.01625
847.778 -273.788 4.02506
868.174 -243.164 3.39991
868.246 -243.177 3.39957
868.314 -243.202 3.39947
868.381 -243.228 3.39938
868.448 -243.253 3.3993
868.515 -243.279 3.39922
868.582 -243.305 3.39915
868.649 -243.33 3.39909
868.716 -243.356 3.39903
868.703 -243.592 3.40282
868.846 -243.418 3.39915
868.919 -243.427 3.39881
868.986 -243.452 3.39878
869.053 -243.478 3.39875
869.12 -243.503 3.39874
869.188 -243.529 3.39873
869.255 -243.554 3.39873
869.322 -243.58 3.39874
869.389 -243.605 3.39875
869.389 -243.853 3.4027
867.693 -249.857 3.5081
867.816 -249.852 3.50732
867.939 -249.846 3.50656
868.061 -249.84 3.50581
868.183 -249.835 3.50508
868.304 -249.829 3.50436
868.425 -249.824 3.50365
868.503 -249.993 3.50599
868.522 -250.418 3.51276
868.543 -250.864 3.51988
868.565 -251.333 3.52739
868.587 -251.828 3.5353
868.611 -252.349 3.54366
868.637 -252.9 3.5525
868.664 -253.482 3.56187
863.736 -280.975 4.0309
865.101 -276.944 3.9595
866.4 -290.777 4.18195
868.675 -286.966 4.11254
871.992 -290.854 4.1695
872.777 -288.871 4.13538
873.028 -278.69 3.96661
873.338 -278.496 3.96297
875.227 -284.425 4.05883
878.045 -287.553 4.10889
840.949 -271.778 3.89179
841.396 -271.775 3.88804
841.838 -271.773 3.88436
842.275 -271.77 3.88075
842.809 -271.638 3.87497
843.235 -271.635 3.8715
843.656 -271.633 3.86809
844.073 -271.63 3.86474
844.485 -271.628 3.86145
844.893 -271.625 3.85822
845.297 -271.623 3.85504
845.697 -271.62 3.85192
846.092 -271.618 3.84885
846.484 -271.616 3.84584
846.873 -271.613 3.84288
847.257 -271.611 3.83998
847.638 -271.609 3.83712
847.768 -271.99 3.84048
847.771 -272.576 3.84714
847.775 -273.176 3.85397
847.778 -273.788 3.86097
868.174 -243.163 3.36392
868.247 -243.176 3.36363
868.314 -243.201 3.36355
868.381 -243.227 3.36347
868.448 -243.252 3.36339
868.515 -243.278 3.36332
868.582 -243.303 3.36326
868.65 -243.329 3.3632
868.717 -243.354 3.36315
868.703 -243.591 3.36615
868.846 -243.418 3.36323
868.92 -243.426 3.36294
868.987 -243.451 3.36291
869.054 -243.477 3.36288
869.121 -243.502 3.36286
869.188 -243.528 3.36284
869.255 -243.553 3.36283
869.322 -243.579 3.36282
869.389 -243.604 3.36282
869.389 -243.852 3.36594
867.694 -249.854 3.44953
867.817 -249.849 3.4489
867.94 -249.843 3.44827
868.062 -249.837 3.44765
868.184 -249.832 3.44705
868.305 -249.826 3.44646
868.426 -249.821 3.44587
868.503 -249.993 3.44775
868.522 -250.418 3.45309
868.543 -250.864 3.45871
871.168 -239.54 3.30344
868.587 -251.828 3.47087
868.611 -252.349 3.47747
868.637 -252.9 3.48445
868.664 -253.483 3.49184
863.735 -280.98 3.86341
863.681 -285.292 3.91918
866.398 -290.785 3.98195
868.673 -286.983 3.9266
871.992 -290.845 3.97011
872.776 -288.882 3.94318
873.028 -278.69 3.8098
873.337 -278.496 3.8068
875.227 -284.427 3.88177
878.044 -287.548 3.92007
878.72 -286.84 3.91053
840.951 -271.776 3.71947
841.398 -271.773 3.71673
841.84 -271.77 3.71403
842.277 -271.768 3.71137
842.81 -271.635 3.70711
843.236 -271.633 3.70456
843.658 -271.63 3.70205
844.074 -271.628 3.69958
844.486 -271.625 3.69716
844.894 -271.623 3.69478
845.298 -271.62 3.69243
845.698 -271.618 3.69013
846.094 -271.616 3.68787
846.486 -271.613 3.68564
846.874 -271.611 3.68345
847.258 -271.609 3.6813
847.639 -271.607 3.67918
847.768 -271.989 3.6817
847.771 -272.576 3.68664
847.775 -273.175 3.6917
847.778 -273.788 3.6969
868.174 -243.163 3.32793
868.247 -243.175 3.32771
868.314 -243.2 3.32764
868.382 -243.226 3.32757
868.449 -243.251 3.3275
868.516 -243.277 3.32744
868.583 -243.302 3.32738
868.65 -243.328 3.32733
868.717 -243.353 3.32728
868.703 -243.59 3.32949
868.846 -243.417 3.32733
868.92 -243.424 3.32709
868.987 -243.45 3.32705
869.056 -243.469 3.32695
869.124 -243.493 3.3269
869.191 -243.517 3.32686
869.259 -243.541 3.32682
869.322 -243.578 3.32692
869.39 -243.603 3.3269
869.39 -243.851 3.3292
867.694 -249.851 3.391
867.818 -249.846 3.3905
867.941 -249.84 3.39001
868.063 -249.834 3.38952
868.184 -249.829 3.38905
868.306 -249.823 3.38858
868.426 -249.818 3.38812
868.508 -249.971 3.38929
868.522 -250.418 3.39343
868.543 -250.865 3.39755
871.168 -239.54 3.28285
868.587 -251.828 3.40646
868.611 -252.35 3.41129
868.636 -252.9 3.4164
868.663 -253.483 3.42181
863.734 -280.984 3.69591
863.678 -285.307 3.73692
866.397 -290.794 3.78192
868.671 -287 3.74057
871.991 -290.835 3.7708
872.776 -288.893 3.75093
873.027 -278.689 3.65301
873.337 -278.495 3.65067
875.227 -284.428 3.70471
878.043 -287.547 3.73134
878.719 -286.84 3.72402
840.953 -271.773 3.5472
841.4 -271.77 3.54545
841.842 -271.768 3.54373
842.279 -271.765 3.54204
842.812 -271.633 3.53929
843.238 -271.63 3.53766
843.659 -271.628 3.53605
844.076 -271.625 3.53447
844.488 -271.623 3.53291
844.896 -271.62 3.53138
845.3 -271.618 3.52987
845.7 -271.616 3.52838
846.095 -271.613 3.52692
846.487 -271.611 3.52547
846.875 -271.609 3.52405
847.26 -271.607 3.52265
847.641 -271.604 3.52128
847.768 -271.989 3.52294
847.771 -272.576 3.52616
847.775 -273.175 3.52946
847.778 -273.787 3.53284
868.174 -243.162 3.29196
868.248 -243.174 3.2918
868.315 -243.199 3.29174
868.39 -243.206 3.29155
868.457 -243.23 3.29148
868.525 -243.254 3.29142
868.592 -243.279 3.29136
868.65 -243.327 3.29147
868.717 -243.352 3.29142
868.704 -243.589 3.29284
868.846 -243.417 3.29142
868.92 -243.423 3.29125
868.987 -243.449 3.29121
869.069 -243.433 3.29088
869.136 -243.457 3.29083
869.203 -243.481 3.29079
869.271 -243.505 3.29074
869.323 -243.576 3.29102
869.39 -243.602 3.29099
869.39 -243.85 3.29246
867.695 -249.848 3.33249
867.819 -249.843 3.33213
867.941 -249.837 3.33177
868.064 -249.831 3.33142
868.185 -249.826 3.33108
868.306 -249.82 3.33074
868.427 -249.815 3.3304
868.502 -249.994 3.33128
868.522 -250.419 3.33377
868.542 -250.865 3.33638
871.167 -239.543 3.26228
868.587 -251.829 3.34204
868.611 -252.35 3.34511
868.636 -252.901 3.34836
868.663 -253.483 3.35179
868.692 -254.101 3.35544
866.395 -290.803 3.58185
868.67 -287.017 3.55445
871.991 -290.825 3.57158
872.776 -288.906 3.55862
873.027 -278.689 3.49623
873.336 -278.494 3.49455
875.226 -284.431 3.52767
878.043 -287.549 3.54266
878.719 -286.841 3.53752
840.955 -271.77 3.37495
841.402 -271.768 3.3742
841.844 -271.765 3.37346
842.281 -271.763 3.37272
842.814 -271.63 3.37149
843.24 -271.628 3.37078
843.661 -271.625 3.37007
844.078 -271.623 3.36937
844.49 -271.62 3.36868
844.898 -271.618 3.368
845.301 -271.616 3.36732
845.701 -271.613 3.36665
846.097 -271.611 3.36598
846.489 -271.609 3.36533
846.877 -271.606 3.36468
847.261 -271.604 3.36403
847.642 -271.602 3.36339
847.768 -271.989 3.36418
847.771 -272.575 3.36568
847.775 -273.174 3.36722
847.778 -273.787 3.36879
868.174 -243.162 3.25598
868.248 -243.173 3.25589
868.315 -243.198 3.25584
868.405 -243.171 3.25562
868.472 -243.195 3.25558
868.539 -243.221 3.25553
868.606 -243.246 3.25548
868.651 -243.326 3.25561
868.718 -243.351 3.25557
868.704 -243.588 3.2562
868.846 -243.417 3.25552
868.921 -243.422 3.25541
868.988 -243.448 3.25537
869.074 -243.418 3.25515
869.141 -243.443 3.2551
869.207 -243.469 3.25506
869.274 -243.494 3.25501
869.323 -243.575 3.25514
869.39 -243.601 3.25509
869.39 -243.849 3.25573
867.696 -249.845 3.274
867.819 -249.84 3.27378
867.942 -249.834 3.27356
868.064 -249.828 3.27334
868.186 -249.823 3.27313
868.307 -249.817 3.27291
868.428 -249.812 3.2727
868.502 -249.994 3.27304
868.521 -250.419 3.2741
868.542 -250.865 3.27522
868.564 -251.335 3.27639
868.586 -251.829 3.27763
868.611 -252.35 3.27893
868.636 -252.901 3.28031
868.663 -253.484 3.28177
868.691 -254.102 3.28331
866.394 -290.812 3.38171
868.668 -287.035 3.36821
871.991 -290.816 3.37243
872.775 -288.918 3.36624
873.026 -278.689 3.33946
873.336 -278.494 3.33844
875.226 -284.433 3.35061
878.043 -287.556 3.35398
878.719 -286.842 3.35102
840.957 -271.768 3.20272
841.404 -271.765 3.20297
841.846 -271.763 3.2032
842.282 -271.76 3.20343
842.816 -271.628 3.20372
843.242 -271.625 3.20392
843.663 -271.623 3.20412
844.079 -271.62 3.2043
844.491 -271.618 3.20447
844.899 -271.616 3.20464
845.303 -271.613 3.20479
845.703 -271.611 3.20494
846.098 -271.609 3.20507
846.49 -271.606 3.2052
846.878 -271.604 3.20532
847.263 -271.602 3.20543
847.643 -271.6 3.20553
847.768 -271.989 3.20542
847.771 -272.575 3.20521
847.775 -273.174 3.20498
847.779 -273.787 3.20475
868.174 -243.161 3.22001
868.249 -243.171 3.21999
868.316 -243.197 3.21996
868.406 -243.169 3.21995
868.473 -243.194 3.21992
868.539 -243.22 3.21988
868.606 -243.245 3.21984
868.651 -243.325 3.21977
868.718 -243.35 3.21973
868.705 -243.587 3.21957
868.846 -243.416 3.21963
868.921 -243.421 3.21959
868.988 -243.447 3.21954
869.074 -243.417 3.21952
869.141 -243.442 3.21947
869.208 -243.468 3.21941
869.274 -243.493 3.21935
869.323 -243.574 3.21926
869.39 -243.6 3.2192
869.39 -243.848 3.21901
867.697 -249.842 3.21553
867.82 -249.837 3.21545
867.943 -249.831 3.21537
868.065 -249.825 3.21528
868.186 -249.82 3.2152
868.308 -249.814 3.21511
868.428 -249.809 3.21501
868.502 -249.994 3.2148
868.521 -250.419 3.21444
868.542 -250.866 3.21405
868.564 -251.335 3.21364
868.586 -251.83 3.21321
868.61 -252.351 3.21275
868.636 -252.902 3.21226
868.663 -253.485 3.21174
868.691 -254.102 3.21118
866.393 -290.821 3.18152
868.666 -287.054 3.18183
871.99 -290.806 3.17334
872.775 -288.932 3.17375
873.026 -278.689 3.18269
873.336 -278.493 3.18234
874.86 -292.797 3.16659
875.226 -284.436 3.17353
878.044 -287.574 3.16523
878.718 -286.843 3.16451
840.959 -271.765 3.0305
841.406 -271.763 3.03175
841.848 -271.76 3.03296
842.284 -271.758 3.03415
842.818 -271.625 3.03595
843.244 -271.623 3.03708
843.665 -271.62 3.03817
844.081 -271.618 3.03924
844.493 -271.616 3.04028
844.901 -271.613 3.04129
845.305 -271.611 3.04228
845.704 -271.609 3.04324
846.1 -271.606 3.04417
846.492 -271.604 3.04508
846.88 -271.602 3.04597
847.264 -271.6 3.04683
847.645 -271.597 3.04767
847.768 -271.988 3.04665
847.771 -272.575 3.04472
847.775 -273.174 3.04274
847.779 -273.787 3.04069
868.174 -243.161 3.18405
868.249 -243.17 3.1841
868.316 -243.196 3.18408
868.406 -243.168 3.18429
868.473 -243.193 3.18426
868.54 -243.219 3.18423
868.606 -243.244 3.1842
868.651 -243.323 3.18393
868.718 -243.349 3.18389
868.705 -243.586 3.18295
868.846 -243.416 3.18373
868.921 -243.42 3.18377
868.988 -243.446 3.18372
869.075 -243.416 3.18389
869.141 -243.441 3.18383
869.208 -243.467 3.18377
869.275 -243.492 3.1837
869.324 -243.573 3.18339
869.391 -243.599 3.18332
869.391 -243.847 3.1823
867.698 -249.839 3.15708
867.821 -249.834 3.15714
867.944 -249.828 3.1572
868.066 -249.822 3.15724
868.187 -249.817 3.15729
868.308 -249.811 3.15732
868.429 -249.806 3.15735
868.502 -249.995 3.15656
868.521 -250.42 3.15477
868.542 -250.866 3.15288
868.563 -251.336 3.15089
868.586 -251.83 3.14878
868.61 -252.352 3.14656
868.636 -252.902 3.1442
868.662 -253.485 3.1417
868.691 -254.103 3.13904
865.404 -276.973 3.04218
866.391 -290.831 2.98124
868.665 -287.073 2.99532
871.99 -290.799 2.9743
872.775 -288.946 2.98116
873.026 -278.688 3.02591
873.336 -278.492 3.02622
874.859 -292.783 2.96046
875.226 -284.439 2.99642
878.718 -286.844 2.97798
840.961 -271.763 2.85831
841.408 -271.76 2.86055
841.85 -271.758 2.86274
842.286 -271.755 2.86489
842.82 -271.623 2.86821
843.246 -271.62 2.87025
843.667 -271.618 2.87224
844.083 -271.616 2.87419
844.495 -271.613 2.8761
844.903 -271.611 2.87796
845.307 -271.608 2.87977
845.706 -271.606 2.88155
846.102 -271.604 2.88329
846.494 -271.602 2.88498
846.881 -271.599 2.88664
847.266 -271.597 2.88825
847.646 -271.595 2.88983
847.768 -271.988 2.88788
847.771 -272.575 2.88424
847.775 -273.174 2.88049
847.779 -273.787 2.87663
868.175 -243.16 3.14808
868.249 -243.169 3.14821
868.317 -243.195 3.14821
868.407 -243.167 3.14863
868.473 -243.192 3.14861
868.54 -243.218 3.14859
868.607 -243.243 3.14857
868.652 -243.322 3.1481
868.719 -243.348 3.14806
868.705 -243.585 3.14633
868.847 -243.415 3.14784
868.922 -243.419 3.14796
868.989 -243.444 3.1479
869.075 -243.415 3.14828
869.142 -243.44 3.14821
869.208 -243.465 3.14813
869.275 -243.491 3.14805
869.324 -243.572 3.14753
869.391 -243.597 3.14744
869.391 -243.845 3.1456
867.699 -249.836 3.09866
867.822 -249.831 3.09885
867.944 -249.825 3.09904
868.066 -249.819 3.09922
868.188 -249.814 3.09939
868.309 -249.808 3.09956
868.43 -249.803 3.09971
868.501 -249.996 3.09831
868.521 -250.421 3.09509
868.541 -250.867 3.0917
868.563 -251.336 3.08812
868.586 -251.831 3.08435
868.61 -252.352 3.08036
868.635 -252.903 3.07614
868.662 -253.486 3.07165
868.691 -254.104 3.0669
865.409 -276.94 2.88967
866.39 -290.84 2.78089
868.663 -287.092 2.80866
871.99 -290.794 2.77529
872.775 -288.961 2.78846
873.026 -278.688 2.86913
873.335 -278.492 2.87011
874.858 -292.78 2.75434
875.226 -284.442 2.81928
878.718 -286.844 2.79144
840.964 -271.76 2.68612
841.41 -271.758 2.68936
841.867 -271.736 2.6928
842.289 -271.753 2.69564
842.822 -271.62 2.70047
843.248 -271.618 2.70343
843.669 -271.616 2.70633
844.085 -271.613 2.70916
844.497 -271.611 2.71193
844.905 -271.608 2.71464
845.308 -271.606 2.71729
845.708 -271.604 2.71988
846.104 -271.602 2.72241
846.495 -271.599 2.72489
846.883 -271.597 2.72731
847.267 -271.595 2.72968
847.648 -271.593 2.732
847.768 -271.989 2.7291
847.771 -272.575 2.72374
847.775 -273.174 2.71823
847.779 -273.787 2.71256
868.175 -243.16 3.11211
868.25 -243.168 3.11233
868.317 -243.194 3.11234
868.407 -243.166 3.11298
868.474 -243.191 3.11297
868.541 -243.217 3.11296
868.607 -243.242 3.11294
868.652 -243.321 3.11227
868.719 -243.347 3.11224
868.702 -243.594 3.10959
868.843 -243.425 3.11183
868.922 -243.418 3.11215
868.989 -243.443 3.11209
869.075 -243.414 3.11266
869.142 -243.439 3.11259
869.209 -243.464 3.1125
869.275 -243.49 3.11241
869.324 -243.571 3.11167
869.391 -243.596 3.11157
869.384 -243.869 3.10861
867.699 -249.833 3.04025
867.823 -249.828 3.04058
867.945 -249.822 3.04091
868.067 -249.816 3.04122
868.189 -249.811 3.04152
868.31 -249.805 3.04181
868.43 -249.8 3.04208
868.501 -249.996 3.04005
868.521 -250.421 3.0354
868.541 -250.868 3.03051
868.563 -251.337 3.02535
868.586 -251.831 3.01991
868.61 -252.353 3.01415
868.635 -252.904 3.00806
868.662 -253.487 3.0016
868.69 -254.105 2.99474
865.412 -276.921 2.73723
866.389 -290.85 2.58046
868.662 -287.112 2.62185
871.989 -290.789 2.57629
872.774 -288.977 2.59563
873.025 -278.687 2.71234
873.335 -278.491 2.714
874.858 -292.781 2.54818
875.225 -284.446 2.6421
878.372 -287.117 2.60294
878.717 -286.845 2.60488
840.966 -271.758 2.51395
841.413 -271.755 2.51819
842.007 -271.563 2.52585
842.291 -271.75 2.5264
842.297 -272.291 2.52044
842.73 -272.288 2.52439
843.159 -272.286 2.52825
843.47 -272.434 2.52933
845.755 -271.537 2.55935
846.054 -271.673 2.56025
845.785 -273.221 2.53975
846.074 -273.388 2.54009
846.916 -283.336 2.42185
847.435 -283.172 2.42724
847.853 -283.198 2.42947
847.997 -283.782 2.42271
848.144 -284.375 2.4158
868.075 -243.38 3.07266
868.25 -243.167 3.07646
868.317 -243.193 3.07648
868.408 -243.165 3.07733
868.474 -243.19 3.07734
868.541 -243.215 3.07733
868.608 -243.241 3.07731
868.653 -243.32 3.07645
868.72 -243.346 3.07642
868.689 -243.627 3.07243
868.758 -243.654 3.07236
868.923 -243.417 3.07635
868.989 -243.442 3.07629
869.07 -243.43 3.07679
869.136 -243.457 3.07668
869.202 -243.484 3.07657
869.269 -243.51 3.07645
869.325 -243.57 3.07582
869.392 -243.595 3.0757
869.361 -243.945 3.07066
867.7 -249.83 2.98185
867.823 -249.825 2.98233
867.946 -249.819 2.98279
868.068 -249.813 2.98324
868.189 -249.808 2.98366
868.31 -249.802 2.98408
868.431 -249.797 2.98447
868.501 -249.996 2.98178
868.521 -250.422 2.97571
868.541 -250.868 2.96931
868.563 -251.338 2.96257
868.585 -251.832 2.95546
868.61 -252.354 2.94794
868.635 -252.904 2.93998
868.662 -253.488 2.93154
868.69 -254.105 2.92257
865.414 -276.906 2.58483
866.388 -290.86 2.37995
868.66 -287.132 2.43489
871.989 -290.784 2.37732
872.774 -288.995 2.40264
873.025 -278.687 2.55555
873.335 -278.49 2.55787
874.858 -292.785 2.34194
875.225 -284.452 2.46486
878.371 -287.11 2.41567
878.717 -286.846 2.41831
832.628 -278.542 2.15144
833.072 -278.67 2.15518
833.258 -279.092 2.15185
833.582 -279.357 2.1522
833.971 -279.544 2.15432
840.968 -271.755 2.34178
841.66 -271.452 2.35396
842.051 -271.508 2.3577
842.291 -271.749 2.35713
842.665 -271.821 2.36036
843.093 -271.819 2.36518
843.516 -271.816 2.3699
843.584 -272.281 2.36407
844.004 -272.279 2.36865
844.419 -272.276 2.37314
844.829 -272.274 2.37753
845.794 -271.482 2.39912
846.087 -271.625 2.40007
846.162 -272.085 2.3941
846.432 -272.265 2.39418
847.142 -271.783 2.40843
847.146 -272.359 2.39988
847.149 -272.947 2.3911
847.153 -273.548 2.38208
846.542 -283.211 2.22622
847.064 -283.048 2.23301
847.575 -282.894 2.2395
847.919 -283.067 2.23937
848.126 -283.517 2.23365
848.273 -284.105 2.22518
868.046 -243.444 3.03458
868.251 -243.166 3.04059
868.318 -243.192 3.04063
868.396 -243.192 3.04113
868.462 -243.219 3.04112
868.528 -243.246 3.0411
868.595 -243.272 3.04107
868.653 -243.319 3.04064
868.6 -243.654 3.03464
868.669 -243.681 3.0346
868.738 -243.707 3.03455
868.875 -243.546 3.03806
868.99 -243.441 3.04049
869.058 -243.462 3.04049
869.125 -243.489 3.04037
869.191 -243.516 3.04024
869.258 -243.543 3.0401
869.325 -243.569 3.03997
869.292 -243.918 3.03374
869.361 -243.944 3.03359
867.701 -249.827 2.92348
867.824 -249.822 2.92409
867.947 -249.816 2.92469
868.069 -249.811 2.92527
868.19 -249.805 2.92582
868.311 -249.799 2.92636
868.431 -249.794 2.92688
868.501 -249.997 2.92351
868.52 -250.422 2.91601
868.541 -250.868 2.90811
868.562 -251.338 2.89978
868.585 -251.832 2.891
868.609 -252.354 2.88171
871.482 -238.592 3.13597
868.661 -253.488 2.86147
868.69 -254.106 2.8504
865.416 -276.896 2.43245
866.386 -290.87 2.17934
868.658 -287.152 2.24776
871.989 -290.779 2.17837
872.774 -289.016 2.20945
873.025 -278.687 2.39873
873.334 -278.49 2.40174
874.858 -292.792 2.13561
875.225 -284.458 2.28754
878.37 -287.104 2.22842
878.717 -286.847 2.23171
830.5 -275.94 1.94977
830.826 -276.201 1.95095
831.17 -276.442 1.95265
832.032 -276.139 1.97038
832.512 -276.225 1.97633
832.75 -276.566 1.97471
832.986 -276.912 1.97289
833.226 -277.255 1.97112
833.599 -277.451 1.97351
834.156 -277.434 1.98186
835.19 -276.859 2.00585
835.377 -277.251 2.00227
835.996 -277.135 2.01287
836.342 -277.337 2.01445
841.655 -271.458 2.18392
842.049 -271.51 2.18847
842.227 -271.831 2.1856
842.667 -271.818 2.19173
843.095 -271.816 2.19747
843.518 -271.814 2.20309
837.549 -280.334 1.98088
837.848 -280.612 1.98001
838.541 -280.351 1.99335
839.228 -280.083 2.00665
845.789 -271.489 2.23772
846.083 -271.631 2.23888
840.769 -279.946 2.02811
845.836 -273.147 2.20922
846.121 -273.317 2.20962
844.061 -279.106 2.08177
844.352 -279.345 2.0807
844.57 -279.706 2.07651
844.627 -280.342 2.06546
844.336 -281.584 2.03942
847.112 -278.272 2.13029
847.377 -278.531 2.1282
847.632 -278.81 2.12555
846.66 -282.984 2.03682
847.187 -282.81 2.04521
847.581 -282.884 2.04752
847.924 -283.056 2.04738
848.254 -283.256 2.04654
848.401 -283.838 2.03656
848.55 -284.43 2.02634
868.046 -243.443 2.99754
868.116 -243.469 2.9976
868.318 -243.191 3.00477
868.385 -243.216 3.00481
868.452 -243.242 3.00483
868.52 -243.267 3.00484
868.587 -243.293 3.00484
868.654 -243.318 3.00482
868.6 -243.653 2.99767
868.669 -243.68 2.99763
868.738 -243.706 2.99758
868.807 -243.732 2.99751
868.99 -243.44 3.00469
869.057 -243.466 3.0046
869.124 -243.491 3.0045
869.191 -243.517 3.00439
869.258 -243.542 3.00427
869.325 -243.568 3.00413
869.292 -243.916 2.9967
869.361 -243.943 2.99654
867.702 -249.824 2.86512
867.825 -249.819 2.86587
867.947 -249.813 2.8666
868.069 -249.808 2.86731
868.191 -249.802 2.868
868.312 -249.796 2.86866
868.432 -249.791 2.8693
868.501 -249.997 2.86522
868.52 -250.422 2.85629
868.541 -250.869 2.84689
868.562 -251.339 2.83698
868.585 -251.833 2.82652
868.609 -252.355 2.81547
871.481 -238.6 3.11866
868.661 -253.489 2.79137
868.692 -254.097 2.77842
865.417 -276.888 2.28007
866.952 -282.295 2.16564
866.385 -290.88 1.97863
868.656 -287.173 2.06045
871.988 -290.773 1.97942
872.774 -289.042 2.016
873.025 -278.686 2.24191
873.334 -278.489 2.24558
874.858 -292.801 1.92915
875.225 -284.466 2.11013
877.661 -287.554 2.03424
878.369 -287.095 2.04126
878.717 -286.848 2.04507
844.526 -258.175 2.29854
844.592 -258.462 2.29527
844.661 -258.749 2.29198
844.732 -259.038 2.28866
844.804 -259.327 2.28532
844.879 -259.617 2.28196
844.956 -259.907 2.27857
845.036 -260.199 2.27516
845.117 -260.491 2.27173
845.201 -260.783 2.26827
834.646 -271.773 1.88863
835.133 -271.811 1.89672
835.592 -271.871 1.90387
835.966 -272.015 1.90794
835.809 -272.72 1.89271
836.126 -272.927 1.89453
836.442 -273.134 1.89626
836.986 -273.086 1.90644
837.407 -273.169 1.91208
837.745 -273.342 1.91458
837.757 -273.89 1.90467
839.169 -272.805 1.94819
839.392 -273.095 1.94641
839.809 -273.154 1.95208
839.992 -273.494 1.94856
842 -271.571 2.01732
842.135 -271.946 2.01224
840.407 -274.706 1.93179
841.858 -273.419 1.97933
842.076 -273.71 1.97695
839.574 -277.632 1.86169
839.626 -278.206 1.85107
839.883 -278.508 1.84886
840.181 -278.755 1.84829
845.735 -271.566 2.07408
846.038 -271.695 2.07583
843.863 -275.436 1.96857
845.794 -273.209 2.04141
846.082 -273.375 2.04198
843.104 -278.523 1.89438
843.576 -278.481 1.90165
844.012 -278.488 1.90735
844.481 -278.435 1.91467
844.877 -278.493 1.91864
845.31 -278.487 1.92435
845.763 -278.441 1.93111
846.461 -277.97 1.94998
846.903 -277.92 1.95655
847.313 -277.92 1.96158
847.725 -277.91 1.96677
848.274 -277.645 1.97909
848.258 -278.407 1.96218
848.92 -277.92 1.98055
849.699 -277.185 2.00568
850.183 -276.991 2.01543
850.551 -277.016 2.01893
851.071 -276.73 2.03097
851.47 -276.677 2.03643
851.865 -276.624 2.04179
852.257 -276.572 2.04703
852.675 -276.454 2.05396
868.047 -243.442 2.9605
868.116 -243.468 2.96057
868.319 -243.19 2.96892
868.386 -243.215 2.96897
868.453 -243.241 2.969
868.52 -243.266 2.96902
868.587 -243.292 2.96902
868.541 -243.602 2.96136
868.61 -243.627 2.96137
868.68 -243.652 2.96137
868.749 -243.677 2.96135
868.818 -243.702 2.96132
868.888 -243.727 2.96128
869.052 -243.481 2.96836
869.118 -243.508 2.96822
869.185 -243.535 2.96806
869.252 -243.562 2.96789
869.235 -243.851 2.96084
869.305 -243.875 2.96071
869.374 -243.9 2.96057
867.703 -249.821 2.80677
867.826 -249.816 2.80766
867.948 -249.81 2.80853
868.07 -249.805 2.80937
868.192 -249.799 2.81018
868.312 -249.794 2.81097
868.433 -249.788 2.81173
868.5 -249.998 2.80692
868.522 -250.416 2.79674
868.541 -250.87 2.78565
868.568 -251.313 2.77484
868.591 -251.807 2.76271
871.439 -238.632 3.10055
871.486 -238.575 3.10215
871.518 -238.588 3.10193
871.55 -238.602 3.1017
871.582 -238.616 3.10147
871.615 -238.629 3.10123
865.418 -276.883 2.12766
865.125 -280.744 2.03031
865.422 -281.003 2.02457
865.721 -281.264 2.01874
866.022 -281.54 2.01245
866.315 -281.903 2.00392
866.959 -282.238 1.99655
866.384 -290.89 1.77782
868.655 -287.194 1.87296
871.988 -290.768 1.78048
873.024 -278.686 2.08506
873.334 -278.488 2.08941
874.858 -292.812 1.72256
875.226 -284.477 1.93255
877.657 -287.514 1.84656
878.368 -287.087 1.8541
878.716 -286.849 1.85841
848.076 -255.374 2.29782
848.148 -255.616 2.29495
848.221 -255.857 2.29207
848.296 -256.099 2.28916
848.373 -256.342 2.28624
848.452 -256.584 2.2833
848.533 -256.828 2.28034
848.615 -257.071 2.27736
848.7 -257.315 2.27437
848.786 -257.559 2.27135
848.875 -257.803 2.26833
848.965 -258.048 2.26528
849.057 -258.292 2.26222
849.151 -258.537 2.25913
849.247 -258.783 2.25603
849.345 -259.028 2.25292
849.445 -259.274 2.24979
849.547 -259.52 2.24663
849.651 -259.766 2.24347
849.758 -260.012 2.24028
849.866 -260.258 2.23708
849.976 -260.504 2.23386
850.088 -260.751 2.23063
850.203 -260.997 2.22737
850.319 -261.244 2.22411
843.268 -270.52 1.89368
843.137 -271.218 1.8759
843.28 -271.576 1.87048
843.526 -271.803 1.86969
844.106 -271.586 1.88458
844.366 -271.788 1.88446
844.221 -272.548 1.8647
844.2 -273.151 1.85054
845.362 -272.093 1.89414
845.981 -271.778 1.91157
846.305 -271.876 1.91454
846.512 -272.146 1.91154
845.878 -273.683 1.86535
846.285 -273.672 1.87199
846.723 -273.608 1.88029
846.985 -273.812 1.87942
847.328 -273.888 1.88277
847.124 -274.849 1.85655
846.984 -275.728 1.83321
847.227 -275.989 1.83038
846.631 -277.68 1.78046
847.04 -277.683 1.78617
847.529 -277.54 1.79655
847.985 -277.444 1.8052
848.488 -277.256 1.81673
848.899 -277.225 1.82302
849.458 -276.909 1.83835
849.959 -276.689 1.8504
850.49 -276.395 1.86464
850.961 -276.206 1.87539
851.364 -276.142 1.88203
851.79 -276.022 1.89033
852.241 -275.84 1.90044
852.655 -275.727 1.90827
853.162 -275.403 1.92255
868.066 -243.4 2.92474
868.136 -243.423 2.92492
868.205 -243.449 2.92499
868.374 -243.242 2.93226
868.441 -243.269 2.93226
868.508 -243.296 2.93225
868.574 -243.323 2.93222
868.549 -243.58 2.92513
868.618 -243.606 2.92511
868.687 -243.632 2.92507
868.756 -243.659 2.92501
868.825 -243.685 2.92495
868.893 -243.711 2.92486
868.962 -243.737 2.92476
869.031 -243.763 2.92464
869.1 -243.79 2.9245
869.169 -243.816 2.92435
869.238 -243.842 2.92418
869.307 -243.868 2.924
869.376 -243.894 2.9238
867.704 -249.818 2.74843
867.827 -249.813 2.74946
867.949 -249.807 2.75047
868.071 -249.802 2.75144
868.192 -249.796 2.75238
868.313 -249.791 2.75329
868.434 -249.785 2.75418
868.5 -249.999 2.7486
868.52 -250.424 2.73681
868.54 -250.87 2.7244
868.562 -251.34 2.71133
868.585 -251.834 2.69753
871.439 -238.632 3.08325
871.486 -238.574 3.08509
871.518 -238.588 3.08485
871.55 -238.601 3.0846
871.582 -238.615 3.08433
871.615 -238.629 3.08406
865.418 -276.88 1.97519
865.209 -280.206 1.87985
865.502 -280.46 1.87351
865.799 -280.716 1.86705
866.098 -280.974 1.86047
866.4 -281.233 1.8538
866.705 -281.495 1.84698
867.013 -281.759 1.84002
867.323 -282.027 1.83289
867.636 -282.305 1.82539
867.956 -282.537 1.81915
868.28 -282.764 1.81299
868.598 -283.097 1.8037
868.653 -287.216 1.68527
871.988 -290.763 1.58154
873.024 -278.686 1.92819
873.334 -278.488 1.93322
874.858 -292.824 1.51582
877.654 -287.485 1.65881
878.366 -287.078 1.66698
878.716 -286.849 1.6717
850.857 -253.18 2.29727
850.93 -253.388 2.29471
851.005 -253.595 2.29214
851.081 -253.803 2.28955
851.159 -254.011 2.28695
851.239 -254.219 2.28434
851.32 -254.427 2.28171
851.403 -254.635 2.27907
851.487 -254.844 2.27642
851.573 -255.052 2.27375
851.661 -255.26 2.27107
851.751 -255.469 2.26838
851.842 -255.677 2.26567
851.935 -255.885 2.26295
852.03 -256.094 2.26022
852.126 -256.302 2.25747
852.224 -256.51 2.25471
852.324 -256.719 2.25194
852.425 -256.927 2.24915
852.529 -257.135 2.24635
852.634 -257.343 2.24354
852.741 -257.55 2.24072
852.849 -257.758 2.23789
852.96 -257.966 2.23504
853.072 -258.173 2.23218
853.186 -258.38 2.22931
853.301 -258.587 2.22642
853.419 -258.794 2.22353
853.527 -259.015 2.22004
853.482 -259.447 2.20817
853.435 -259.889 2.19596
853.388 -260.343 2.1834
853.339 -260.807 2.17047
853.288 -261.284 2.15716
853.316 -261.657 2.14791
853.337 -262.048 2.138
848.913 -269.123 1.87236
848.163 -270.807 1.81445
848.351 -271.085 1.81028
848.496 -271.435 1.80339
848.71 -271.681 1.80037
848.957 -271.875 1.79927
848.648 -272.986 1.76394
849.12 -272.821 1.77615
849.31 -273.123 1.77092
850.086 -272.418 1.80274
850.513 -272.298 1.81276
850.836 -272.355 1.8162
851.109 -272.498 1.81637
851.204 -272.971 1.80452
852.052 -272.041 1.84334
852.338 -272.147 1.84455
851.645 -274.154 1.77752
852.042 -274.07 1.78555
852.311 -274.238 1.78452
852.614 -274.336 1.78587
853.019 -274.221 1.79469
853.384 -274.182 1.80067
854.442 -272.638 1.85944
868.066 -243.399 2.88784
868.137 -243.422 2.88807
868.206 -243.448 2.88815
868.275 -243.474 2.88823
868.343 -243.501 2.88828
868.412 -243.527 2.88831
868.481 -243.553 2.88833
868.55 -243.579 2.88833
868.619 -243.605 2.88831
868.687 -243.631 2.88827
868.756 -243.658 2.88822
868.825 -243.684 2.88815
868.894 -243.71 2.88806
868.963 -243.736 2.88795
869.031 -243.762 2.88782
869.1 -243.788 2.88768
869.169 -243.815 2.88751
869.238 -243.841 2.88733
869.307 -243.867 2.88713
869.362 -243.939 2.88538
867.704 -249.815 2.69011
867.827 -249.81 2.69128
867.95 -249.804 2.69241
868.072 -249.799 2.69352
868.193 -249.793 2.69459
868.314 -249.788 2.69562
868.434 -249.782 2.69663
868.5 -249.999 2.69027
868.52 -250.424 2.67705
868.54 -250.871 2.66314
868.562 -251.34 2.64848
868.584 -251.835 2.633
871.439 -238.632 3.06595
871.486 -238.573 3.06804
871.518 -238.587 3.06777
871.55 -238.601 3.06749
871.582 -238.614 3.0672
871.615 -238.628 3.0669
865.418 -276.878 1.82266
865.29 -279.682 1.7327
865.581 -279.93 1.72585
865.874 -280.18 1.71882
866.171 -280.433 1.71165
866.469 -280.687 1.70434
866.771 -280.943 1.69694
867.075 -281.209 1.68911
867.38 -281.487 1.68083
867.69 -281.76 1.67264
868.009 -281.966 1.66653
868.332 -282.149 1.6611
868.656 -282.359 1.65473
868.98 -282.591 1.64755
869.307 -282.833 1.63995
869.633 -283.14 1.6302
869.958 -283.565 1.61653
870.285 -284.042 1.60111
870.618 -284.571 1.5839
871.988 -290.758 1.3826
873.024 -278.685 1.77128
873.333 -278.487 1.77699
874.858 -292.837 1.30891
877.651 -287.462 1.47104
878.365 -287.071 1.47984
878.716 -286.85 1.48495
853.095 -251.415 2.29682
853.168 -251.596 2.29451
853.242 -251.778 2.2922
853.318 -251.959 2.28987
853.395 -252.141 2.28753
853.474 -252.322 2.28518
853.554 -252.503 2.28282
853.635 -252.685 2.28045
853.718 -252.866 2.27806
853.803 -253.047 2.27567
853.889 -253.228 2.27327
853.976 -253.409 2.27085
854.065 -253.589 2.26843
854.069 -253.864 2.26148
854.035 -254.185 2.25236
854.001 -254.513 2.243
853.966 -254.846 2.23342
853.93 -255.187 2.22359
853.893 -255.534 2.2135
853.856 -255.889 2.20315
853.818 -256.251 2.19254
853.847 -256.537 2.18546
853.934 -256.756 2.18142
854.026 -256.971 2.17759
854.142 -257.158 2.175
854.241 -257.369 2.17134
854.314 -257.617 2.16598
854.336 -257.936 2.15751
854.425 -258.17 2.15276
854.576 -258.323 2.15162
854.736 -258.463 2.15094
854.827 -258.701 2.146
854.92 -258.941 2.14097
854.995 -259.209 2.13468
854.978 -259.619 2.12237
854.942 -260.066 2.10855
855.007 -260.368 2.10094
855.113 -260.614 2.09571
855.303 -260.731 2.09581
855.476 -260.874 2.09481
855.538 -261.2 2.08616
855.216 -262.163 2.05116
855.214 -262.618 2.03734
854.599 -264.126 1.98036
854.205 -265.298 1.93753
854.394 -265.48 1.93524
854.403 -265.985 1.91978
854.579 -266.201 1.91609
854.772 -266.387 1.91352
854.781 -266.92 1.89702
854.801 -267.446 1.88083
854.969 -267.7 1.87552
855.185 -267.863 1.87376
855.439 -267.951 1.87492
855.818 -267.782 1.88615
856.128 -267.747 1.89193
856.349 -267.895 1.89045
856.549 -268.089 1.88713
868.048 -243.438 2.84939
868.137 -243.421 2.85121
868.206 -243.447 2.85131
868.275 -243.473 2.8514
868.344 -243.499 2.85146
868.413 -243.526 2.8515
868.481 -243.552 2.85153
868.55 -243.578 2.85153
868.619 -243.604 2.85151
868.688 -243.63 2.85148
868.757 -243.656 2.85142
868.825 -243.683 2.85135
868.894 -243.709 2.85125
868.963 -243.735 2.85114
869.032 -243.761 2.851
869.101 -243.787 2.85085
869.17 -243.813 2.85068
869.239 -243.84 2.85048
869.308 -243.866 2.85027
867.567 -249.866 2.62866
867.691 -249.859 2.63007
867.815 -249.851 2.63145
867.939 -249.844 2.63279
868.061 -249.837 2.63409
868.195 -249.785 2.63697
868.317 -249.775 2.63833
868.437 -249.772 2.63935
868.496 -250.016 2.63134
868.499 -250.511 2.61415
868.526 -250.934 2.59958
868.553 -251.378 2.58427
868.582 -251.844 2.56816
871.439 -238.632 3.04864
871.486 -238.573 3.05098
871.518 -238.586 3.05069
871.55 -238.6 3.05038
871.583 -238.614 3.05007
871.615 -238.628 3.04974
865.418 -276.879 1.67001
865.37 -279.168 1.58886
865.658 -279.412 1.58142
865.948 -279.657 1.57387
866.241 -279.904 1.56617
866.536 -280.159 1.55807
866.833 -280.427 1.54946
867.132 -280.7 1.54057
867.434 -280.975 1.53155
867.743 -281.218 1.52357
868.06 -281.403 1.51763
868.38 -281.581 1.5118
868.702 -281.764 1.50576
869.024 -281.963 1.499
869.348 -282.189 1.49123
869.674 -282.422 1.48311
870.002 -282.66 1.47473
870.334 -282.909 1.46584
870.667 -283.198 1.45545
871.001 -283.587 1.44137
871.339 -284.039 1.42495
871.683 -284.526 1.40716
872.033 -285.017 1.38915
872.39 -285.516 1.37072
873.024 -278.685 1.61435
873.333 -278.487 1.62074
874.858 -292.852 1.1018
877.649 -287.443 1.28324
878.364 -287.063 1.29274
878.716 -286.851 1.29816
854.43 -250.429 2.26972
854.414 -250.679 2.26276
854.465 -250.868 2.25927
854.519 -251.057 2.25583
854.563 -251.257 2.25178
854.609 -251.457 2.2477
854.649 -251.665 2.24317
854.709 -251.856 2.23965
854.789 -252.028 2.23713
854.853 -252.217 2.23367
854.911 -252.415 2.22972
855.099 -252.475 2.23309
855.273 -252.548 2.23571
855.433 -252.636 2.23741
855.51 -252.816 2.23428
855.57 -253.017 2.23007
855.69 -253.152 2.22926
855.809 -253.288 2.22832
855.855 -253.51 2.22296
855.903 -253.735 2.21752
855.951 -253.962 2.21196
855.978 -254.218 2.20496
855.98 -254.51 2.19622
856.019 -254.76 2.18956
856.084 -254.98 2.1844
856.155 -255.195 2.1795
856.235 -255.402 2.175
856.296 -255.638 2.1691
856.356 -255.877 2.163
856.417 -256.119 2.15684
856.481 -256.361 2.15062
856.546 -256.605 2.14434
856.633 -256.821 2.13939
856.713 -257.051 2.13376
856.799 -257.277 2.12833
856.899 -257.483 2.12382
857.019 -257.661 2.12056
857.161 -257.809 2.11869
857.253 -258.036 2.11315
857.346 -258.266 2.10745
857.433 -258.509 2.10113
857.53 -258.741 2.09534
857.629 -258.974 2.0895
857.73 -259.206 2.08364
857.835 -259.436 2.07789
857.949 -259.654 2.07266
858.102 -259.805 2.07041
858.255 -259.959 2.06793
858.376 -260.172 2.06282
858.481 -260.423 2.05604
858.503 -260.839 2.04203
858.593 -261.131 2.03347
858.69 -261.416 2.02518
858.797 -261.689 2.01744
858.888 -261.999 2.00806
858.98 -262.317 1.99834
859.078 -262.629 1.98889
859.177 -262.948 1.97909
868.138 -243.42 2.81436
868.207 -243.446 2.81447
868.275 -243.472 2.81457
868.344 -243.498 2.81464
868.413 -243.525 2.81469
868.482 -243.551 2.81472
868.551 -243.577 2.81473
868.619 -243.603 2.81472
868.688 -243.629 2.81468
868.757 -243.655 2.81463
868.826 -243.681 2.81455
868.895 -243.708 2.81445
868.963 -243.734 2.81433
869.032 -243.76 2.81419
869.101 -243.786 2.81402
869.17 -243.812 2.81384
869.239 -243.839 2.81363
869.171 -244.304 2.79548
867.305 -250.73 2.53475
867.506 -250.485 2.54601
867.7 -250.253 2.55672
867.886 -250.031 2.56689
870.956 -239.222 3.00487
871.035 -239.076 3.01112
871.078 -239.063 3.01202
871.121 -239.047 3.01297
871.164 -239.03 3.01399
871.208 -239.011 3.01506
871.251 -238.991 3.01619
871.294 -238.968 3.01737
871.337 -238.944 3.01861
871.38 -238.918 3.01989
871.423 -238.891 3.02122
871.465 -238.863 3.0226
871.507 -238.833 3.02402
871.549 -238.801 3.02548
871.591 -238.768 3.02697
871.632 -238.734 3.02851
871.673 -238.699 3.03008
871.714 -238.663 3.03167
871.747 -238.676 3.03131
871.78 -238.689 3.03092
866.599 -279.67 1.41395
866.892 -279.936 1.4046
867.188 -280.203 1.39512
867.488 -280.468 1.3856
867.797 -280.676 1.37828
868.111 -280.852 1.37214
868.427 -281.027 1.36592
868.745 -281.204 1.35952
869.065 -281.384 1.35291
869.387 -281.578 1.34569
869.709 -281.797 1.33735
870.034 -282.022 1.32871
870.362 -282.251 1.31982
870.692 -282.488 1.31048
871.025 -282.728 1.30096
871.362 -282.974 1.29107
871.701 -283.252 1.27985
872.044 -283.627 1.2647
872.391 -284.035 1.24812
872.745 -284.513 1.22868
873.023 -278.684 1.45737
873.333 -278.486 1.46445
873.848 -286.003 1.16748
874.23 -286.523 1.14592
874.62 -287.048 1.12405
875.141 -290.141 1.00066
875.56 -290.587 0.981536
875.986 -291.04 0.961996
877.647 -287.427 1.0954
878.363 -287.056 1.10562
878.715 -286.852 1.11131
877.866 -257.776 2.24646
855.383 -249.771 2.23269
855.459 -249.924 2.23068
855.524 -250.088 2.228
855.611 -250.232 2.22649
855.7 -250.375 2.22504
855.806 -250.502 2.22452
855.894 -250.648 2.22285
855.973 -250.803 2.22058
856.075 -250.936 2.21958
856.185 -251.06 2.21909
856.279 -251.202 2.21749
856.377 -251.341 2.21605
856.469 -251.487 2.21417
856.581 -251.612 2.21351
856.692 -251.738 2.21267
856.788 -251.882 2.21081
856.908 -251.998 2.21048
857.033 -252.109 2.21039
857.141 -252.241 2.20909
857.217 -252.412 2.2056
857.253 -252.636 2.19923
857.34 -252.797 2.19627
857.459 -252.92 2.19533
857.603 -253.012 2.19606
857.715 -253.144 2.19452
857.776 -253.346 2.1893
857.722 -253.706 2.17576
857.81 -253.879 2.17208
857.899 -254.052 2.16837
857.991 -254.224 2.16471
858.088 -254.392 2.16128
858.187 -254.557 2.15792
858.292 -254.716 2.15489
858.426 -254.833 2.15394
858.573 -254.93 2.15394
858.7 -255.059 2.15229
858.709 -255.375 2.14124
858.767 -255.618 2.13387
858.843 -255.838 2.12762
858.921 -256.058 2.12137
859.006 -256.271 2.1155
859.088 -256.491 2.10923
859.168 -256.72 2.10256
859.246 -256.956 2.09547
859.333 -257.184 2.08886
859.416 -257.42 2.08177
859.502 -257.657 2.0747
859.593 -257.889 2.06782
859.681 -258.133 2.06035
859.776 -258.368 2.05332
859.87 -258.609 2.04597
859.963 -258.857 2.03828
860.061 -259.101 2.03078
860.163 -259.344 2.02335
860.264 -259.594 2.01554
860.37 -259.839 2.00793
860.488 -260.066 2.00121
867.944 -243.854 2.75729
868.207 -243.445 2.77762
868.276 -243.471 2.77772
868.345 -243.497 2.77781
868.414 -243.523 2.77787
868.482 -243.55 2.7779
868.551 -243.576 2.77792
868.62 -243.602 2.77791
868.689 -243.628 2.77787
868.757 -243.654 2.77782
868.826 -243.68 2.77773
868.895 -243.706 2.77763
868.964 -243.733 2.7775
869.033 -243.759 2.77735
869.101 -243.785 2.77718
869.17 -243.811 2.77698
869.239 -243.837 2.77676
869.2 -244.213 2.76101
866.411 -253.681 2.34186
866.466 -254.008 2.32908
863.445 -265.038 1.84333
870.88 -239.348 2.97917
870.992 -239.09 2.99097
871.094 -238.855 3.00168
871.187 -238.641 3.01145
871.269 -238.458 3.01982
871.3 -238.471 3.01956
871.332 -238.484 3.01929
871.363 -238.497 3.01901
871.395 -238.511 3.01873
871.427 -238.524 3.01843
871.459 -238.537 3.01811
871.49 -238.55 3.01779
871.522 -238.564 3.01746
871.555 -238.577 3.01711
871.587 -238.59 3.01676
871.619 -238.604 3.01639
871.651 -238.617 3.01601
871.684 -238.631 3.01562
871.717 -238.644 3.01522
871.749 -238.658 3.0148
871.782 -238.671 3.01438
866.659 -279.194 1.27259
866.949 -279.455 1.26266
867.243 -279.717 1.25256
867.541 -279.961 1.24316
867.849 -280.141 1.23639
868.16 -280.313 1.2299
868.473 -280.484 1.22331
868.788 -280.658 1.21653
869.104 -280.833 1.20962
869.423 -281.007 1.20261
869.743 -281.199 1.19475
870.064 -281.411 1.18593
870.388 -281.631 1.17667
870.715 -281.852 1.16723
871.044 -282.08 1.15741
871.376 -282.316 1.14712
871.711 -282.551 1.13679
872.05 -282.79 1.12618
872.392 -283.03 1.11537
872.737 -283.319 1.10241
873.023 -278.684 1.30031
873.332 -278.485 1.30808
873.807 -284.492 1.04958
874.177 -284.977 1.02769
874.555 -285.471 1.00529
874.941 -285.973 0.982365
875.335 -286.49 0.958701
875.736 -287.01 0.934731
876.145 -287.523 0.910907
876.558 -287.995 0.888701
876.971 -288.381 0.870055
877.385 -288.722 0.853204
877.646 -287.42 0.907184
878.231 -289.413 0.818639
878.361 -287.048 0.918465
878.715 -286.853 0.924347
879.546 -290.481 0.764217
879.997 -290.846 0.745324
880.454 -291.216 0.726102
880.918 -291.592 0.70638
881.389 -291.97 0.686436
881.868 -292.357 0.6659
882.353 -292.746 0.645064
877.865 -257.772 2.1606
878.03 -257.725 2.16061
857.105 -248.359 2.25306
856.857 -248.803 2.23085
856.955 -248.918 2.23049
857.056 -249.031 2.23024
857.144 -249.158 2.2291
857.218 -249.298 2.22699
857.259 -249.474 2.22262
857.33 -249.62 2.22011
857.4 -249.769 2.21745
857.491 -249.896 2.21613
857.593 -250.012 2.2155
857.701 -250.122 2.21515
857.819 -250.22 2.21551
857.921 -250.337 2.21463
858.017 -250.46 2.21335
858.11 -250.588 2.21172
858.205 -250.714 2.21019
858.123 -251.057 2.19577
858.216 -251.189 2.19385
858.311 -251.322 2.19192
858.399 -251.464 2.18938
858.496 -251.596 2.18745
858.594 -251.727 2.1855
858.697 -251.852 2.18385
858.803 -251.975 2.18232
858.88 -252.138 2.17848
858.881 -252.408 2.16855
858.964 -252.569 2.16481
859.046 -252.731 2.16097
859.133 -252.89 2.15729
859.22 -253.05 2.15357
859.303 -253.219 2.14933
859.378 -253.402 2.14426
859.453 -253.588 2.13905
859.534 -253.767 2.1342
859.624 -253.935 2.12994
859.712 -254.109 2.12532
859.806 -254.274 2.12118
859.914 -254.421 2.11803
860.031 -254.555 2.11549
860.151 -254.683 2.11321
860.274 -254.808 2.11109
860.4 -254.93 2.10912
860.518 -255.067 2.10623
860.614 -255.246 2.10119
860.696 -255.453 2.0946
860.781 -255.659 2.08812
860.873 -255.857 2.082
860.966 -256.057 2.07577
861.056 -256.266 2.06904
861.151 -256.47 2.0626
861.25 -256.671 2.05627
861.35 -256.873 2.04989
861.449 -257.081 2.04313
861.55 -257.293 2.03622
867.92 -243.719 2.72395
868.022 -243.678 2.72755
868.207 -243.444 2.74077
868.276 -243.47 2.74089
868.345 -243.496 2.74098
868.414 -243.522 2.74105
868.483 -243.548 2.74109
868.552 -243.575 2.74111
868.62 -243.601 2.7411
868.689 -243.627 2.74107
868.758 -243.653 2.74101
868.826 -243.679 2.74093
868.895 -243.705 2.74082
868.964 -243.732 2.74069
869.033 -243.758 2.74053
869.102 -243.784 2.74035
869.171 -243.81 2.74014
869.152 -244.111 2.72666
869.224 -244.134 2.72657
869.272 -244.237 2.72263
866.48 -253.959 2.25766
863.706 -264.131 1.77295
870.918 -239.209 2.96557
871.026 -238.963 2.97773
871.124 -238.74 2.9888
871.214 -238.536 2.9989
871.273 -238.441 3.00376
871.304 -238.454 3.00348
871.336 -238.467 3.0032
871.367 -238.48 3.0029
871.399 -238.493 3.00259
871.43 -238.507 3.00227
871.462 -238.52 3.00194
871.494 -238.533 3.0016
871.526 -238.546 3.00124
871.558 -238.559 3.00088
871.59 -238.573 3.0005
871.622 -238.586 3.00011
871.654 -238.599 2.9997
871.687 -238.613 2.99929
871.719 -238.626 2.99886
871.752 -238.64 2.99842
871.785 -238.653 2.99796
871.817 -238.667 2.99749
868.393 -267.439 1.66025
868.626 -267.484 1.65912
868.861 -267.522 1.65822
869.079 -267.716 1.65002
868.208 -279.786 1.09088
868.518 -279.955 1.08393
868.829 -280.125 1.0768
869.142 -280.295 1.06952
869.457 -280.466 1.06215
869.775 -280.637 1.05463
870.093 -280.822 1.04637
870.413 -281.03 1.03695
870.736 -281.247 1.02701
871.062 -281.438 1.0181
871.391 -281.64 1.00863
871.721 -281.858 0.998257
872.055 -282.107 0.986382
872.392 -282.36 0.974182
872.733 -282.611 0.961912
873.023 -278.684 1.14325
873.332 -278.485 1.15171
873.776 -283.37 0.924201
874.134 -283.717 0.906981
874.499 -284.095 0.888239
874.87 -284.487 0.868643
875.25 -284.944 0.845912
875.637 -285.418 0.82223
876.031 -285.878 0.799062
876.432 -286.342 0.775551
876.84 -286.81 0.751704
877.253 -287.259 0.728512
877.666 -287.633 0.708734
878.085 -288.015 0.688376
878.36 -287.04 0.731373
878.3 -283.345 0.90183
879.367 -289.057 0.631159
879.805 -289.402 0.611808
880.249 -289.752 0.592087
880.7 -290.106 0.571992
881.157 -290.464 0.551506
881.621 -290.827 0.530629
882.092 -291.194 0.509341
882.569 -291.566 0.487638
883.054 -291.939 0.465637
883.546 -292.319 0.443146
877.864 -257.769 2.07474
878.03 -257.723 2.0747
878.196 -257.679 2.07455
858.061 -247.643 2.23773
858.114 -247.786 2.23478
858.168 -247.93 2.23178
858.22 -248.076 2.22858
858.276 -248.22 2.22558
858.34 -248.357 2.223
858.419 -248.478 2.22148
858.503 -248.597 2.22014
858.588 -248.714 2.21888
858.665 -248.841 2.21691
858.739 -248.971 2.21467
858.809 -249.107 2.21204
858.876 -249.247 2.20914
858.946 -249.386 2.20628
859.02 -249.521 2.2037
859.089 -249.663 2.20059
859.124 -249.849 2.1947
859.179 -250.011 2.19033
859.305 -250.087 2.19135
859.455 -250.134 2.19419
859.581 -250.21 2.19517
859.615 -250.404 2.18867
859.645 -250.606 2.18168
859.622 -250.884 2.17009
859.729 -250.99 2.16906
859.836 -251.096 2.16803
859.944 -251.202 2.1669
860.051 -251.31 2.16567
860.159 -251.416 2.16445
860.203 -251.618 2.15749
860.243 -251.828 2.15008
860.317 -251.992 2.14537
860.393 -252.153 2.14082
860.473 -252.313 2.13638
860.556 -252.469 2.13211
860.642 -252.623 2.12793
860.731 -252.774 2.12391
860.823 -252.923 2.11997
860.914 -253.076 2.11582
861.005 -253.231 2.11152
861.098 -253.384 2.10731
861.193 -253.537 2.10307
861.308 -253.656 2.10072
861.427 -253.769 2.09863
861.54 -253.895 2.09581
861.594 -254.134 2.08666
861.666 -254.344 2.07908
861.759 -254.517 2.07361
861.863 -254.673 2.06903
861.968 -254.828 2.06445
862.075 -254.983 2.05988
862.183 -255.138 2.05528
862.293 -255.293 2.05063
862.404 -255.448 2.04594
867.952 -243.651 2.68946
868.049 -243.618 2.69285
868.12 -243.644 2.69309
868.277 -243.469 2.70405
868.346 -243.495 2.70416
868.414 -243.521 2.70423
868.483 -243.547 2.70428
868.552 -243.574 2.7043
868.621 -243.6 2.7043
868.689 -243.626 2.70427
868.758 -243.652 2.70421
868.827 -243.678 2.70412
868.896 -243.704 2.70401
868.964 -243.73 2.70387
869.033 -243.757 2.70371
869.102 -243.783 2.70351
869.171 -243.809 2.70329
869.176 -244.034 2.69272
869.248 -244.057 2.69263
869.301 -244.141 2.68935
866.5 -253.892 2.18753
870.841 -239.334 2.93888
870.955 -239.077 2.95263
871.059 -238.843 2.96511
871.153 -238.63 2.97648
871.24 -238.434 2.98689
871.277 -238.424 2.9878
871.308 -238.437 2.98752
871.34 -238.45 2.98721
871.371 -238.463 2.9869
871.403 -238.476 2.98657
871.434 -238.489 2.98624
871.466 -238.503 2.98588
871.497 -238.516 2.98552
871.529 -238.529 2.98514
871.561 -238.542 2.98475
871.593 -238.555 2.98435
871.625 -238.568 2.98394
871.657 -238.582 2.98351
871.689 -238.595 2.98307
871.722 -238.608 2.98261
871.754 -238.622 2.98214
871.787 -238.635 2.98166
871.82 -238.649 2.98116
871.853 -238.662 2.98066
868.722 -266.637 1.58278
868.921 -266.951 1.56802
869.141 -267.094 1.56175
869.365 -267.206 1.55696
869.579 -267.451 1.54541
869.801 -267.642 1.53652
870.028 -267.795 1.52942
870.257 -267.95 1.52215
870.482 -268.193 1.51038
870.687 -268.916 1.47463
870.438 -280.45 0.900377
870.758 -280.641 0.890994
871.08 -280.817 0.88226
871.404 -280.998 0.873089
872.049 -259.946 1.92149
872.236 -259.389 1.94903
872.415 -259.221 1.95711
872.591 -259.032 1.96626
872.769 -259.139 1.96055
872.948 -259.248 1.95463
873.13 -259.419 1.94557
873.319 -259.693 1.93133
873.536 -260.569 1.88695
874.817 -283.405 0.745114
875.184 -283.753 0.726168
875.556 -284.117 0.706338
875.935 -284.485 0.686124
876.32 -284.873 0.664704
876.712 -285.27 0.64271
877.111 -285.679 0.619941
877.519 -286.118 0.595495
877.931 -286.53 0.572261
877.973 -283.557 0.719165
878.715 -286.854 0.550343
879.188 -287.631 0.508158
879.62 -288.01 0.485821
880.053 -288.351 0.465211
880.49 -288.678 0.445126
880.934 -289.016 0.424297
881.38 -289.33 0.404455
881.831 -289.645 0.384376
882.289 -289.969 0.363653
882.753 -290.291 0.342855
883.223 -290.621 0.321391
883.7 -290.949 0.299838
884.183 -291.282 0.277794
882.644 -282.029 0.747696
885.17 -291.959 0.232473
877.863 -257.765 1.98885
878.029 -257.721 1.98878
878.195 -257.677 1.98865
885.594 -286.768 0.478258
858.915 -247.003 2.22393
858.934 -247.17 2.21855
858.968 -247.324 2.21412
859.003 -247.478 2.20973
859.054 -247.618 2.20638
859.103 -247.762 2.2028
859.157 -247.901 2.19945
859.213 -248.04 2.19618
859.296 -248.151 2.19492
859.402 -248.235 2.19547
859.509 -248.32 2.19599
859.629 -248.389 2.19752
859.732 -248.477 2.19762
859.823 -248.579 2.1967
859.902 -248.696 2.19474
859.987 -248.806 2.19321
860.075 -248.914 2.19181
860.163 -249.022 2.19036
860.256 -249.125 2.18923
860.35 -249.228 2.18806
860.443 -249.331 2.18682
860.536 -249.435 2.18545
860.629 -249.54 2.18403
860.722 -249.645 2.18252
860.792 -249.783 2.17885
860.852 -249.936 2.17417
860.941 -250.051 2.17202
861.031 -250.165 2.16982
861.129 -250.268 2.16832
861.218 -250.386 2.16578
861.306 -250.506 2.16313
861.391 -250.632 2.16003
861.471 -250.767 2.15637
861.544 -250.916 2.15185
861.605 -251.086 2.14595
861.674 -251.245 2.14075
861.755 -251.387 2.13653
861.84 -251.526 2.13255
861.928 -251.661 2.12879
862.022 -251.788 2.12548
862.127 -251.896 2.12325
862.233 -252.004 2.12101
862.323 -252.144 2.11682
862.355 -252.392 2.10608
862.479 -252.473 2.1054
862.598 -252.565 2.10399
862.508 -253.063 2.07842
862.611 -253.194 2.07466
862.704 -253.348 2.06952
862.789 -253.523 2.06319
862.877 -253.694 2.05703
862.972 -253.854 2.0515
863.076 -253.997 2.0469
867.982 -243.583 2.65543
868.075 -243.559 2.65856
868.146 -243.584 2.65882
868.152 -243.759 2.65043
868.346 -243.494 2.66733
868.415 -243.52 2.66741
868.484 -243.546 2.66746
868.552 -243.572 2.66749
868.621 -243.599 2.66749
868.69 -243.625 2.66746
868.759 -243.651 2.6674
868.827 -243.677 2.66731
868.896 -243.703 2.66719
868.965 -243.729 2.66705
869.034 -243.755 2.66688
869.102 -243.782 2.66667
869.08 -244.087 2.65087
869.201 -243.958 2.65927
869.271 -243.984 2.65904
869.329 -244.047 2.65667
866.511 -253.856 2.11613
870.881 -239.196 2.92629
870.991 -238.951 2.9403
871.09 -238.728 2.95305
871.181 -238.525 2.9647
871.25 -238.395 2.97226
871.281 -238.407 2.97196
871.312 -238.42 2.97166
871.344 -238.433 2.97134
871.375 -238.446 2.97101
871.406 -238.459 2.97066
871.438 -238.472 2.97031
871.469 -238.485 2.96993
871.501 -238.499 2.96955
871.532 -238.512 2.96915
871.564 -238.525 2.96874
871.596 -238.538 2.96832
871.628 -238.551 2.96788
871.66 -238.564 2.96742
871.692 -238.578 2.96696
871.724 -238.591 2.96648
871.757 -238.604 2.96598
871.789 -238.617 2.96547
871.822 -238.631 2.96495
871.855 -238.644 2.96441
869.252 -261.952 1.71767
869.452 -261.941 1.71915
869.648 -261.974 1.71818
869.833 -262.115 1.71136
870.015 -262.325 1.70079
870.193 -262.614 1.68596
870.377 -262.875 1.67253
870.555 -263.281 1.65132
870.722 -263.963 1.6153
871.168 -259.271 1.86575
871.377 -258.541 1.90483
871.556 -258.384 1.9133
871.731 -258.288 1.91842
871.904 -258.205 1.92279
872.094 -256.914 1.99152
872.255 -256.876 1.99337
872.417 -256.9 1.99187
872.579 -257.055 1.98331
872.743 -257.158 1.97745
872.907 -257.229 1.97325
873.076 -257.412 1.96298
873.298 -259.086 1.87299
873.492 -259.499 1.85029
873.696 -260.015 1.82193
873.937 -261.062 1.76508
875.498 -283.187 0.579572
875.862 -283.438 0.564315
875.66 -276.183 0.9513
875.944 -276.021 0.958188
876.219 -275.78 0.969208
876.514 -275.769 0.967747
876.919 -276.816 0.909273
878.212 -285.714 0.427706
878.275 -283.138 0.563651
879.01 -286.216 0.394587
879.423 -286.527 0.374506
879.847 -286.876 0.352164
880.264 -287.138 0.334332
880.68 -287.37 0.317933
881.103 -287.612 0.300834
881.534 -287.883 0.281935
880.75 -281.191 0.642181
880.951 -280.424 0.680053
881.259 -280.269 0.684548
881.639 -280.49 0.66832
882.055 -280.868 0.643287
876.86 -254.684 2.07677
877.035 -254.785 2.06917
877.863 -257.763 1.9029
878.028 -257.719 1.90285
878.194 -257.675 1.90273
885.083 -284.711 0.401187
885.724 -285.741 0.338195
 ] }
 color Color { color [
0.480618 0 0.519382
0.477982 0 0.522018
0.475397 0 0.524603
0.472862 0 0.527138
0.470378 0 0.529622
0.467942 0 0.532058
0.465554 0 0.534446
0.463212 0 0.536788
0.460916 0 0.539084
0.458665 0 0.541335
0.456458 0 0.543542
0.454294 0 0.545706
0.452172 0 0.547827
0.454586 0 0.545413
0.459506 0 0.540494
0.464555 0 0.535445
0.469741 0 0.530259
0.105073 0 0.894927
0.102536 0 0.897464
0.102496 0 0.897504
0.102462 0 0.897538
0.102433 0 0.897567
0.102409 0 0.897591
0.10239 0 0.89761
0.102376 0 0.897624
0.104729 0 0.895271
0.104709 0 0.895291
0.104696 0 0.895305
0.102314 0 0.897686
0.102325 0 0.897675
0.102341 0 0.897659
0.102362 0 0.897638
0.102388 0 0.897612
0.10242 0 0.89758
0.102456 0 0.897544
0.102498 0 0.897502
0.10487 0 0.89513
0.167308 0 0.832692
0.166907 0 0.833093
0.166516 0 0.833484
0.166134 0 0.833866
0.165763 0 0.834237
0.165401 0 0.834599
0.165049 0 0.834951
0.166438 0 0.833562
0.170525 0 0.829475
0.174827 0 0.825173
0.17936 0 0.82064
0.184142 0 0.815858
0.189196 0 0.810804
0.194543 0 0.805457
0.200211 0 0.799789
0.479501 0 0.520499
0.437032 0 0.562968
0.48986 0 0.51014
0.572703 0 0.427297
0.532573 0 0.467427
0.570653 0 0.429347
0.550408 0 0.449592
0.448808 0 0.551192
0.446938 0 0.553062
0.506874 0 0.493126
0.49046 0 0.50954
0.487652 0 0.512348
0.4849 0 0.5151
0.480552 0 0.519449
0.477916 0 0.522084
0.475331 0 0.524669
0.472797 0 0.527203
0.470313 0 0.529687
0.467877 0 0.532123
0.465489 0 0.534511
0.463148 0 0.536852
0.460853 0 0.539147
0.458602 0 0.541398
0.456396 0 0.543604
0.454232 0 0.545768
0.452111 0 0.547889
0.454547 0 0.545453
0.459465 0 0.540535
0.464514 0 0.535486
0.4697 0 0.5303
0.104829 0 0.895171
0.102516 0 0.897484
0.102477 0 0.897523
0.102443 0 0.897557
0.102414 0 0.897586
0.102389 0 0.897611
0.10237 0 0.89763
0.102356 0 0.897644
0.102348 0 0.897652
0.104607 0 0.895393
0.104608 0 0.895392
0.102294 0 0.897706
0.102305 0 0.897695
0.102321 0 0.897679
0.102343 0 0.897657
0.102369 0 0.897631
0.1024 0 0.8976
0.102436 0 0.897564
0.102478 0 0.897522
0.10485 0 0.89515
0.167264 0 0.832736
0.166863 0 0.833137
0.166472 0 0.833528
0.166091 0 0.833909
0.165719 0 0.834281
0.165358 0 0.834642
0.165006 0 0.834994
0.166428 0 0.833572
0.170515 0 0.829485
0.174815 0 0.825185
0.179348 0 0.820652
0.184129 0 0.815871
0.189183 0 0.810817
0.19453 0 0.80547
0.200199 0 0.799801
0.47951 0 0.52049
0.437157 0 0.562843
0.489979 0 0.510021
0.572741 0 0.427259
0.532686 0 0.467314
0.570514 0 0.429486
0.550467 0 0.449533
0.448773 0 0.551227
0.446896 0 0.553104
0.506848 0 0.493152
0.540377 0 0.459623
0.493261 0 0.506739
0.490397 0 0.509603
0.48759 0 0.51241
0.484838 0 0.515162
0.48049 0 0.51951
0.477854 0 0.522146
0.475271 0 0.524729
0.472737 0 0.527263
0.470254 0 0.529746
0.467818 0 0.532182
0.465431 0 0.534569
0.46309 0 0.53691
0.460795 0 0.539205
0.458545 0 0.541455
0.456339 0 0.543661
0.454176 0 0.545824
0.452055 0 0.547945
0.454513 0 0.545487
0.459431 0 0.540569
0.46448 0 0.53552
0.469664 0 0.530336
0.102678 0 0.897322
0.102498 0 0.897502
0.102459 0 0.897541
0.102424 0 0.897576
0.102395 0 0.897605
0.102371 0 0.897629
0.102352 0 0.897648
0.102338 0 0.897662
0.102329 0 0.897671
0.104589 0 0.895411
0.102452 0 0.897548
0.102276 0 0.897724
0.102287 0 0.897713
0.102303 0 0.897697
0.102324 0 0.897676
0.102351 0 0.897649
0.102382 0 0.897618
0.102418 0 0.897582
0.10246 0 0.89754
0.104832 0 0.895168
0.167222 0 0.832778
0.166821 0 0.833179
0.16643 0 0.83357
0.166049 0 0.833951
0.165678 0 0.834322
0.165317 0 0.834683
0.164965 0 0.835035
0.16642 0 0.83358
0.170507 0 0.829493
0.174808 0 0.825192
0.17934 0 0.82066
0.184121 0 0.815879
0.189174 0 0.810826
0.194522 0 0.805478
0.20019 0 0.79981
0.479526 0 0.520474
0.437446 0 0.562554
0.572788 0 0.427212
0.532813 0 0.467187
0.570382 0 0.429618
0.550538 0 0.449462
0.448742 0 0.551258
0.44686 0 0.55314
0.506829 0 0.493171
0.540264 0 0.459736
0.493203 0 0.506797
0.490339 0 0.509661
0.487532 0 0.512468
0.48478 0 0.51522
0.480434 0 0.519566
0.477798 0 0.522202
0.475215 0 0.524785
0.472681 0 0.527319
0.470199 0 0.529801
0.467764 0 0.532236
0.465377 0 0.534623
0.463037 0 0.536963
0.460742 0 0.539258
0.458493 0 0.541507
0.456287 0 0.543713
0.454124 0 0.545876
0.452004 0 0.547996
0.454486 0 0.545514
0.459404 0 0.540596
0.464453 0 0.535547
0.469636 0 0.530364
0.102667 0 0.897333
0.102481 0 0.897519
0.102442 0 0.897558
0.102407 0 0.897593
0.102378 0 0.897622
0.102354 0 0.897646
0.102335 0 0.897665
0.102321 0 0.897679
0.102312 0 0.897688
0.104571 0 0.895429
0.102443 0 0.897557
0.102259 0 0.897741
0.10227 0 0.89773
0.102286 0 0.897714
0.102307 0 0.897693
0.102333 0 0.897667
0.102365 0 0.897635
0.102401 0 0.897599
0.102443 0 0.897557
0.104814 0 0.895186
0.167182 0 0.832818
0.166781 0 0.833219
0.16639 0 0.83361
0.166009 0 0.833991
0.165639 0 0.834361
0.165277 0 0.834723
0.164926 0 0.835074
0.166414 0 0.833586
0.170501 0 0.829499
0.174802 0 0.825198
0.0585462 0 0.941454
0.184115 0 0.815885
0.189168 0 0.810832
0.194516 0 0.805484
0.200183 0 0.799816
0.47955 0 0.52045
0.522109 0 0.477891
0.572844 0 0.427156
0.532951 0 0.467049
0.570257 0 0.429743
0.550621 0 0.449379
0.448717 0 0.551283
0.446829 0 0.553171
0.506821 0 0.493179
0.540187 0 0.459813
0.533893 0 0.466107
0.49315 0 0.50685
0.490287 0 0.509713
0.48748 0 0.51252
0.484729 0 0.515271
0.480383 0 0.519617
0.477748 0 0.522252
0.475165 0 0.524835
0.472633 0 0.527367
0.47015 0 0.52985
0.467716 0 0.532284
0.46533 0 0.53467
0.46299 0 0.53701
0.460695 0 0.539305
0.458446 0 0.541554
0.456241 0 0.543759
0.454078 0 0.545922
0.451959 0 0.548041
0.454464 0 0.545536
0.459382 0 0.540618
0.46443 0 0.53557
0.469613 0 0.530387
0.102658 0 0.897342
0.102465 0 0.897535
0.102426 0 0.897574
0.102392 0 0.897608
0.102363 0 0.897637
0.102339 0 0.897661
0.102319 0 0.897681
0.102306 0 0.897694
0.102296 0 0.897704
0.104555 0 0.895445
0.102434 0 0.897566
0.102243 0 0.897757
0.102254 0 0.897746
0.1022 0 0.8978
0.102207 0 0.897793
0.102219 0 0.897781
0.102236 0 0.897764
0.102385 0 0.897615
0.102427 0 0.897573
0.104798 0 0.895202
0.167144 0 0.832856
0.166743 0 0.833257
0.166353 0 0.833647
0.165972 0 0.834028
0.165601 0 0.834399
0.16524 0 0.83476
0.164889 0 0.835111
0.166184 0 0.833816
0.170497 0 0.829503
0.174798 0 0.825202
0.0585449 0 0.941455
0.184112 0 0.815888
0.189164 0 0.810836
0.194512 0 0.805488
0.200179 0 0.799821
0.47958 0 0.52042
0.522238 0 0.477762
0.572909 0 0.427091
0.533101 0 0.466899
0.570139 0 0.429861
0.550714 0 0.449286
0.448697 0 0.551303
0.446804 0 0.553196
0.506819 0 0.493181
0.540148 0 0.459852
0.533879 0 0.466121
0.493104 0 0.506896
0.490241 0 0.509759
0.487435 0 0.512565
0.484684 0 0.515316
0.480339 0 0.519661
0.477705 0 0.522295
0.475121 0 0.524879
0.47259 0 0.52741
0.470107 0 0.529893
0.467674 0 0.532326
0.465287 0 0.534713
0.462948 0 0.537052
0.460654 0 0.539346
0.458405 0 0.541595
0.4562 0 0.5438
0.454038 0 0.545962
0.451919 0 0.548081
0.454448 0 0.545552
0.459366 0 0.540634
0.464414 0 0.535586
0.469596 0 0.530404
0.102651 0 0.897349
0.10245 0 0.89755
0.102411 0 0.897589
0.102176 0 0.897824
0.102133 0 0.897867
0.102094 0 0.897906
0.10206 0 0.89794
0.102291 0 0.897709
0.102282 0 0.897718
0.10454 0 0.89546
0.102427 0 0.897573
0.102229 0 0.897771
0.102239 0 0.897761
0.101813 0 0.898187
0.101819 0 0.898181
0.101831 0 0.898169
0.101848 0 0.898152
0.102371 0 0.897629
0.102412 0 0.897588
0.104783 0 0.895217
0.167108 0 0.832892
0.166707 0 0.833293
0.166317 0 0.833683
0.165936 0 0.834064
0.165566 0 0.834434
0.165205 0 0.834795
0.164854 0 0.835146
0.16641 0 0.83359
0.170496 0 0.829504
0.174797 0 0.825203
0.0585692 0 0.941431
0.184111 0 0.815889
0.189163 0 0.810837
0.19451 0 0.80549
0.200178 0 0.799822
0.206196 0 0.793804
0.572983 0 0.427017
0.533262 0 0.466738
0.570027 0 0.429973
0.550821 0 0.449179
0.448683 0 0.551317
0.446785 0 0.553215
0.506827 0 0.493173
0.540156 0 0.459844
0.533872 0 0.466128
0.493063 0 0.506937
0.490201 0 0.509799
0.487395 0 0.512605
0.484645 0 0.515355
0.4803 0 0.5197
0.477666 0 0.522334
0.475084 0 0.524916
0.472552 0 0.527448
0.47007 0 0.52993
0.467636 0 0.532364
0.465251 0 0.534749
0.462912 0 0.537088
0.460618 0 0.539382
0.458369 0 0.541631
0.456165 0 0.543835
0.454003 0 0.545997
0.451884 0 0.548116
0.454439 0 0.545561
0.459355 0 0.540645
0.464402 0 0.535598
0.469585 0 0.530415
0.102645 0 0.897355
0.102437 0 0.897563
0.102398 0 0.897602
0.101791 0 0.898209
0.101752 0 0.898248
0.101728 0 0.898272
0.101709 0 0.898291
0.102278 0 0.897722
0.102269 0 0.897731
0.104526 0 0.895473
0.102421 0 0.897579
0.102215 0 0.897785
0.102226 0 0.897774
0.101657 0 0.898343
0.101679 0 0.898321
0.101705 0 0.898295
0.101736 0 0.898264
0.102358 0 0.897642
0.102399 0 0.897601
0.104769 0 0.895231
0.167074 0 0.832926
0.166674 0 0.833326
0.166283 0 0.833717
0.165903 0 0.834097
0.165533 0 0.834467
0.165172 0 0.834828
0.16482 0 0.83518
0.166411 0 0.833589
0.170498 0 0.829502
0.174799 0 0.825201
0.17933 0 0.82067
0.184113 0 0.815887
0.189165 0 0.810835
0.194513 0 0.805487
0.20018 0 0.79982
0.206198 0 0.793802
0.573065 0 0.426935
0.533434 0 0.466566
0.569923 0 0.430077
0.550939 0 0.449061
0.448674 0 0.551326
0.446771 0 0.553229
0.506844 0 0.493156
0.540223 0 0.459777
0.533871 0 0.466129
0.493028 0 0.506972
0.490166 0 0.509834
0.487361 0 0.512639
0.484611 0 0.515389
0.480267 0 0.519733
0.477634 0 0.522366
0.475051 0 0.524949
0.47252 0 0.52748
0.470039 0 0.529961
0.467606 0 0.532394
0.46522 0 0.53478
0.462881 0 0.537119
0.460588 0 0.539412
0.45834 0 0.54166
0.456135 0 0.543865
0.453974 0 0.546026
0.451855 0 0.548145
0.454434 0 0.545566
0.45935 0 0.54065
0.464398 0 0.535602
0.46958 0 0.53042
0.102639 0 0.897361
0.102425 0 0.897575
0.102386 0 0.897614
0.101769 0 0.898231
0.10174 0 0.89826
0.101716 0 0.898284
0.101697 0 0.898303
0.102266 0 0.897734
0.102257 0 0.897743
0.104514 0 0.895486
0.102416 0 0.897584
0.102203 0 0.897797
0.102215 0 0.897785
0.101645 0 0.898355
0.101666 0 0.898333
0.101693 0 0.898307
0.101724 0 0.898276
0.102345 0 0.897655
0.102387 0 0.897613
0.104757 0 0.895243
0.167042 0 0.832958
0.166642 0 0.833358
0.166252 0 0.833748
0.165871 0 0.834128
0.165501 0 0.834499
0.16514 0 0.83486
0.164789 0 0.835211
0.166414 0 0.833586
0.170501 0 0.829499
0.174802 0 0.825198
0.179334 0 0.820666
0.184117 0 0.815883
0.18917 0 0.81083
0.194517 0 0.805483
0.200185 0 0.799815
0.206203 0 0.793797
0.573156 0 0.426844
0.533617 0 0.466383
0.569825 0 0.430175
0.551071 0 0.448929
0.448669 0 0.551331
0.446763 0 0.553237
0.590209 0 0.409791
0.506869 0 0.493131
0.540395 0 0.459605
0.533877 0 0.466123
0.492999 0 0.507001
0.490137 0 0.509863
0.487333 0 0.512667
0.484583 0 0.515417
0.480239 0 0.519761
0.477606 0 0.522394
0.475024 0 0.524976
0.472493 0 0.527507
0.470012 0 0.529988
0.467579 0 0.532421
0.465194 0 0.534806
0.462856 0 0.537144
0.460563 0 0.539437
0.458314 0 0.541686
0.456111 0 0.543889
0.45395 0 0.54605
0.45183 0 0.54817
0.454435 0 0.545565
0.459352 0 0.540648
0.4644 0 0.5356
0.469582 0 0.530418
0.102636 0 0.897364
0.102415 0 0.897585
0.102375 0 0.897625
0.101758 0 0.898242
0.101729 0 0.898271
0.101705 0 0.898295
0.101686 0 0.898314
0.102255 0 0.897745
0.102246 0 0.897754
0.104503 0 0.895497
0.102413 0 0.897587
0.102192 0 0.897808
0.102204 0 0.897796
0.101635 0 0.898365
0.101656 0 0.898344
0.101682 0 0.898318
0.101713 0 0.898287
0.102335 0 0.897665
0.102376 0 0.897624
0.104746 0 0.895254
0.167012 0 0.832988
0.166612 0 0.833388
0.166222 0 0.833778
0.165842 0 0.834158
0.165472 0 0.834528
0.165111 0 0.834889
0.16476 0 0.83524
0.16642 0 0.83358
0.170508 0 0.829492
0.174809 0 0.825191
0.179342 0 0.820658
0.184124 0 0.815876
0.189178 0 0.810822
0.194526 0 0.805474
0.200194 0 0.799806
0.206212 0 0.793788
0.437175 0 0.562825
0.573255 0 0.426745
0.533811 0 0.466189
0.569756 0 0.430244
0.551216 0 0.448784
0.448669 0 0.551331
0.446761 0 0.553239
0.590077 0 0.409923
0.506903 0 0.493097
0.53389 0 0.46611
0.492974 0 0.507026
0.490113 0 0.509887
0.487309 0 0.512691
0.48456 0 0.51544
0.480216 0 0.519784
0.477583 0 0.522417
0.475002 0 0.524998
0.472471 0 0.527529
0.469991 0 0.530009
0.467558 0 0.532442
0.465173 0 0.534827
0.462835 0 0.537165
0.460542 0 0.539458
0.458294 0 0.541706
0.45609 0 0.54391
0.45393 0 0.54607
0.451811 0 0.548189
0.454445 0 0.545555
0.459361 0 0.540639
0.464409 0 0.535591
0.469591 0 0.530409
0.102632 0 0.897368
0.102405 0 0.897595
0.102366 0 0.897634
0.101749 0 0.898251
0.10172 0 0.89828
0.101696 0 0.898304
0.101677 0 0.898323
0.102246 0 0.897754
0.102236 0 0.897764
0.104494 0 0.895506
0.10241 0 0.89759
0.102183 0 0.897817
0.102194 0 0.897806
0.101625 0 0.898375
0.101646 0 0.898354
0.101672 0 0.898328
0.101704 0 0.898296
0.102325 0 0.897675
0.102367 0 0.897633
0.104736 0 0.895264
0.166984 0 0.833016
0.166584 0 0.833416
0.166194 0 0.833806
0.165814 0 0.834186
0.165444 0 0.834556
0.165084 0 0.834916
0.164733 0 0.835267
0.166431 0 0.833569
0.170519 0 0.829481
0.17482 0 0.82518
0.179353 0 0.820647
0.184136 0 0.815864
0.18919 0 0.81081
0.194538 0 0.805462
0.200208 0 0.799792
0.206227 0 0.793773
0.436853 0 0.563147
0.573362 0 0.426638
0.534016 0 0.465984
0.569717 0 0.430283
0.551378 0 0.448622
0.448674 0 0.551326
0.446765 0 0.553235
0.590055 0 0.409945
0.506949 0 0.493051
0.533911 0 0.466089
0.492956 0 0.507044
0.490095 0 0.509905
0.487046 0 0.512954
0.484542 0 0.515458
0.480199 0 0.519801
0.477566 0 0.522434
0.474985 0 0.525015
0.472455 0 0.527545
0.469974 0 0.530026
0.467542 0 0.532458
0.465158 0 0.534842
0.462819 0 0.537181
0.460527 0 0.539473
0.45828 0 0.54172
0.456076 0 0.543924
0.453915 0 0.546085
0.451797 0 0.548203
0.45446 0 0.54554
0.459377 0 0.540623
0.464425 0 0.535575
0.469607 0 0.530393
0.10263 0 0.89737
0.102397 0 0.897603
0.102358 0 0.897642
0.101741 0 0.898259
0.101712 0 0.898288
0.101688 0 0.898312
0.101669 0 0.898331
0.102237 0 0.897763
0.102228 0 0.897772
0.104598 0 0.895402
0.102516 0 0.897484
0.102175 0 0.897825
0.102186 0 0.897814
0.101618 0 0.898382
0.101638 0 0.898362
0.101664 0 0.898336
0.101695 0 0.898305
0.102317 0 0.897683
0.102358 0 0.897642
0.104984 0 0.895016
0.166958 0 0.833042
0.166558 0 0.833442
0.166169 0 0.833831
0.165789 0 0.834211
0.165419 0 0.834581
0.165059 0 0.834941
0.164708 0 0.835292
0.166442 0 0.833558
0.17053 0 0.82947
0.174831 0 0.825169
0.179365 0 0.820635
0.184148 0 0.815852
0.189203 0 0.810797
0.194551 0 0.805449
0.200221 0 0.799779
0.206241 0 0.793759
0.436669 0 0.563331
0.573479 0 0.426521
0.534231 0 0.465769
0.569685 0 0.430315
0.551561 0 0.448439
0.448686 0 0.551314
0.446773 0 0.553227
0.590088 0 0.409912
0.507008 0 0.492992
0.536241 0 0.463759
0.533937 0 0.466063
0.492944 0 0.507056
0.490084 0 0.509916
0.48484 0 0.51516
0.484532 0 0.515468
0.488734 0 0.511266
0.486055 0 0.513945
0.483428 0 0.516572
0.482732 0 0.517268
0.462023 0 0.537977
0.461419 0 0.538581
0.475702 0 0.524298
0.475474 0 0.524526
0.557077 0 0.442923
0.553255 0 0.446745
0.551615 0 0.448385
0.556208 0 0.443792
0.560906 0 0.439094
0.10505 0 0.89495
0.10239 0 0.89761
0.102351 0 0.897649
0.101734 0 0.898266
0.101705 0 0.898295
0.101681 0 0.898319
0.101664 0 0.898336
0.10223 0 0.89777
0.102221 0 0.897779
0.104951 0 0.895049
0.104966 0 0.895034
0.102168 0 0.897832
0.102179 0 0.897821
0.101797 0 0.898203
0.101832 0 0.898168
0.101872 0 0.898128
0.101918 0 0.898082
0.10231 0 0.89769
0.102351 0 0.897649
0.105787 0 0.894213
0.166934 0 0.833066
0.166535 0 0.833465
0.166145 0 0.833855
0.165765 0 0.834235
0.165396 0 0.834604
0.165036 0 0.834964
0.164685 0 0.835315
0.166454 0 0.833546
0.170542 0 0.829458
0.174845 0 0.825155
0.179379 0 0.820621
0.184163 0 0.815837
0.189217 0 0.810783
0.194566 0 0.805434
0.200237 0 0.799763
0.206257 0 0.793743
0.436546 0 0.563454
0.573605 0 0.426395
0.534457 0 0.465543
0.569661 0 0.430339
0.551768 0 0.448232
0.448704 0 0.551296
0.446787 0 0.553213
0.590161 0 0.409839
0.507083 0 0.492917
0.5362 0 0.4638
0.533969 0 0.466031
0.598801 0 0.401199
0.59682 0 0.40318
0.598779 0 0.401221
0.598681 0 0.401319
0.597586 0 0.402414
0.49294 0 0.50706
0.486198 0 0.513802
0.484172 0 0.515828
0.484549 0 0.515451
0.482796 0 0.517204
0.480149 0 0.519851
0.477555 0 0.522445
0.48085 0 0.51915
0.478326 0 0.521674
0.475851 0 0.524149
0.473424 0 0.526576
0.461371 0 0.538629
0.46086 0 0.53914
0.464216 0 0.535784
0.464183 0 0.535817
0.45622 0 0.54378
0.461007 0 0.538993
0.465918 0 0.534082
0.470959 0 0.529041
0.55773 0 0.44227
0.553873 0 0.446127
0.550176 0 0.449824
0.550177 0 0.449823
0.553295 0 0.446705
0.557943 0 0.442057
0.10576 0 0.89424
0.102384 0 0.897616
0.102345 0 0.897655
0.102041 0 0.897959
0.102026 0 0.897974
0.102015 0 0.897985
0.102009 0 0.897991
0.102225 0 0.897775
0.10554 0 0.89446
0.105536 0 0.894464
0.105537 0 0.894463
0.103554 0 0.896446
0.102174 0 0.897826
0.102143 0 0.897857
0.102179 0 0.897821
0.102219 0 0.897781
0.102265 0 0.897735
0.102304 0 0.897696
0.105733 0 0.894267
0.105781 0 0.894219
0.166913 0 0.833087
0.166513 0 0.833487
0.166124 0 0.833876
0.165744 0 0.834256
0.165374 0 0.834625
0.165014 0 0.834986
0.164664 0 0.835336
0.166467 0 0.833533
0.170556 0 0.829444
0.174859 0 0.825141
0.179393 0 0.820607
0.184177 0 0.815823
0.189233 0 0.810767
0.0486206 0 0.951379
0.200252 0 0.799748
0.206274 0 0.793726
0.436465 0 0.563535
0.573739 0 0.426261
0.534693 0 0.465307
0.569643 0 0.430357
0.552011 0 0.447989
0.448727 0 0.551273
0.446806 0 0.553194
0.590265 0 0.409735
0.507177 0 0.492823
0.536165 0 0.463835
0.534007 0 0.465993
0.594487 0 0.405513
0.594057 0 0.405943
0.593379 0 0.406621
0.585213 0 0.414787
0.582539 0 0.417461
0.583396 0 0.416604
0.584344 0 0.415656
0.585264 0 0.414736
0.584238 0 0.415762
0.580418 0 0.419582
0.569287 0 0.430713
0.57104 0 0.42896
0.566152 0 0.433848
0.565485 0 0.434515
0.486309 0 0.513691
0.48423 0 0.51577
0.485619 0 0.514381
0.482797 0 0.517203
0.480151 0 0.519849
0.477556 0 0.522444
0.581545 0 0.418455
0.581991 0 0.418009
0.575782 0 0.424218
0.569587 0 0.430413
0.461487 0 0.538513
0.460962 0 0.539038
0.559603 0 0.440397
0.474863 0 0.525137
0.474681 0 0.525319
0.534507 0 0.465493
0.534995 0 0.465005
0.536943 0 0.463057
0.542095 0 0.457905
0.554257 0 0.445743
0.511682 0 0.488318
0.512629 0 0.487371
0.513836 0 0.486164
0.555205 0 0.444795
0.551229 0 0.448771
0.550093 0 0.449907
0.550095 0 0.449905
0.550423 0 0.449577
0.555022 0 0.444978
0.559725 0 0.440275
0.105755 0 0.894245
0.105709 0 0.894291
0.10234 0 0.89766
0.102307 0 0.897693
0.102277 0 0.897723
0.102253 0 0.897747
0.102234 0 0.897766
0.10222 0 0.89778
0.105536 0 0.894464
0.105532 0 0.894468
0.105533 0 0.894467
0.105539 0 0.894461
0.102169 0 0.897831
0.102185 0 0.897815
0.102206 0 0.897794
0.102232 0 0.897768
0.102264 0 0.897736
0.1023 0 0.8977
0.105729 0 0.894271
0.105776 0 0.894224
0.166893 0 0.833107
0.166494 0 0.833506
0.166104 0 0.833896
0.165725 0 0.834275
0.165355 0 0.834645
0.164995 0 0.835005
0.164645 0 0.835355
0.166485 0 0.833515
0.170574 0 0.829426
0.174877 0 0.825123
0.179412 0 0.820588
0.184197 0 0.815803
0.189254 0 0.810746
0.0487102 0 0.95129
0.200276 0 0.799724
0.206196 0 0.793804
0.436417 0 0.563583
0.487906 0 0.512094
0.573881 0 0.426119
0.534939 0 0.465061
0.569632 0 0.430368
0.552302 0 0.447698
0.448754 0 0.551246
0.446831 0 0.553169
0.590396 0 0.409604
0.507288 0 0.492712
0.53995 0 0.46005
0.536111 0 0.463889
0.534054 0 0.465946
0.370532 0 0.629468
0.371925 0 0.628075
0.373325 0 0.626675
0.374734 0 0.625266
0.37615 0 0.62385
0.377575 0 0.622425
0.379008 0 0.620992
0.380447 0 0.619553
0.381896 0 0.618104
0.383352 0 0.616648
0.535733 0 0.464267
0.53258 0 0.46742
0.529799 0 0.470201
0.52825 0 0.47175
0.534445 0 0.465555
0.533794 0 0.466206
0.533174 0 0.466826
0.529157 0 0.470843
0.52696 0 0.47304
0.526023 0 0.473977
0.530068 0 0.469932
0.512636 0 0.487364
0.513409 0 0.486591
0.511183 0 0.488817
0.512644 0 0.487356
0.485048 0 0.514952
0.487132 0 0.512868
0.519514 0 0.480486
0.500436 0 0.499564
0.501425 0 0.498575
0.54781 0 0.45219
0.552111 0 0.447889
0.553027 0 0.446973
0.553276 0 0.446724
0.462474 0 0.537526
0.461785 0 0.538215
0.504942 0 0.495058
0.47565 0 0.52435
0.475425 0 0.524575
0.534808 0 0.465192
0.531883 0 0.468117
0.529584 0 0.470416
0.526634 0 0.473366
0.525027 0 0.474973
0.522717 0 0.477283
0.519984 0 0.480016
0.512373 0 0.487627
0.50971 0 0.49029
0.507663 0 0.492337
0.505549 0 0.494451
0.500564 0 0.499436
0.507329 0 0.492671
0.499905 0 0.500095
0.489762 0 0.510238
0.485803 0 0.514197
0.48435 0 0.51565
0.479464 0 0.520536
0.477224 0 0.522776
0.475018 0 0.524982
0.472858 0 0.527142
0.470018 0 0.529982
0.105752 0 0.894248
0.105706 0 0.894294
0.102338 0 0.897663
0.102303 0 0.897697
0.102274 0 0.897726
0.10225 0 0.89775
0.102231 0 0.897769
0.105287 0 0.894713
0.105264 0 0.894736
0.105246 0 0.894754
0.105232 0 0.894768
0.105224 0 0.894776
0.10522 0 0.89478
0.102359 0 0.897641
0.102395 0 0.897605
0.102436 0 0.897564
0.102482 0 0.897518
0.105279 0 0.894721
0.105306 0 0.894694
0.105338 0 0.894662
0.166875 0 0.833125
0.166476 0 0.833524
0.166087 0 0.833913
0.165707 0 0.834293
0.165338 0 0.834662
0.164978 0 0.835022
0.164628 0 0.835372
0.166505 0 0.833495
0.170523 0 0.829477
0.174898 0 0.825102
0.179163 0 0.820837
0.18395 0 0.81605
0.0491089 0 0.950891
0.0484533 0 0.951547
0.0485249 0 0.951475
0.0485993 0 0.951401
0.0486763 0 0.951324
0.048756 0 0.951244
0.436399 0 0.563601
0.474997 0 0.525003
0.477114 0 0.522886
0.479266 0 0.520734
0.481595 0 0.518405
0.484809 0 0.515191
0.487372 0 0.512628
0.574032 0 0.425968
0.535196 0 0.464804
0.569628 0 0.430372
0.448787 0 0.551213
0.446862 0 0.553138
0.59055 0 0.40945
0.50744 0 0.49256
0.539592 0 0.460408
0.536076 0 0.463924
0.534107 0 0.465893
0.325388 0 0.674612
0.326459 0 0.673541
0.327535 0 0.672465
0.328617 0 0.671383
0.329703 0 0.670297
0.330794 0 0.669206
0.331891 0 0.668109
0.332991 0 0.667009
0.334097 0 0.665903
0.335208 0 0.664792
0.336324 0 0.663676
0.337444 0 0.662556
0.33857 0 0.66143
0.339699 0 0.660301
0.340834 0 0.659166
0.341973 0 0.658027
0.343117 0 0.656883
0.344265 0 0.655735
0.345418 0 0.654582
0.346576 0 0.653424
0.347738 0 0.652262
0.348904 0 0.651096
0.350074 0 0.649926
0.351249 0 0.648751
0.352428 0 0.647572
0.468956 0 0.531044
0.475255 0 0.524745
0.477197 0 0.522803
0.4775 0 0.5225
0.472275 0 0.527725
0.472339 0 0.527661
0.479326 0 0.520674
0.484338 0 0.515662
0.468975 0 0.531025
0.462838 0 0.537162
0.4618 0 0.5382
0.462867 0 0.537133
0.479162 0 0.520838
0.476822 0 0.523178
0.473896 0 0.526104
0.4742 0 0.5258
0.473012 0 0.526988
0.482253 0 0.517747
0.490477 0 0.509523
0.491463 0 0.508537
0.509054 0 0.490946
0.50702 0 0.49298
0.503339 0 0.496661
0.500262 0 0.499738
0.496172 0 0.503828
0.493924 0 0.506076
0.488487 0 0.511513
0.484205 0 0.515795
0.479146 0 0.520854
0.475318 0 0.524682
0.472938 0 0.527062
0.469971 0 0.530029
0.466363 0 0.533637
0.463557 0 0.536443
0.458474 0 0.541526
0.1053 0 0.8947
0.105222 0 0.894778
0.105182 0 0.894818
0.102609 0 0.897391
0.102593 0 0.897407
0.102582 0 0.897418
0.102577 0 0.897423
0.105059 0 0.894941
0.10505 0 0.89495
0.105046 0 0.894954
0.105047 0 0.894953
0.105053 0 0.894947
0.105064 0 0.894936
0.105081 0 0.894919
0.105103 0 0.894897
0.10513 0 0.89487
0.105162 0 0.894838
0.105199 0 0.894801
0.105241 0 0.894759
0.105289 0 0.894711
0.166859 0 0.833141
0.16646 0 0.83354
0.166071 0 0.833929
0.165692 0 0.834308
0.165323 0 0.834677
0.164963 0 0.835037
0.164613 0 0.835387
0.166526 0 0.833474
0.170616 0 0.829384
0.174921 0 0.825079
0.179457 0 0.820543
0.184243 0 0.815757
0.0491122 0 0.950888
0.048452 0 0.951548
0.0485237 0 0.951476
0.048598 0 0.951402
0.048675 0 0.951325
0.0487547 0 0.951245
0.436407 0 0.563593
0.469599 0 0.530401
0.471668 0 0.528332
0.473777 0 0.526223
0.475925 0 0.524075
0.4781 0 0.5219
0.480324 0 0.519676
0.482596 0 0.517403
0.484921 0 0.515079
0.487371 0 0.512629
0.489378 0 0.510622
0.491353 0 0.508647
0.494414 0 0.505586
0.535464 0 0.464536
0.569631 0 0.430369
0.448826 0 0.551174
0.446898 0 0.553102
0.590727 0 0.409273
0.539351 0 0.460649
0.536041 0 0.463959
0.534166 0 0.465834
0.290043 0 0.709957
0.290892 0 0.709108
0.291744 0 0.708256
0.2926 0 0.7074
0.293459 0 0.706541
0.294321 0 0.705679
0.295185 0 0.704815
0.296054 0 0.703946
0.296925 0 0.703075
0.2978 0 0.7022
0.298678 0 0.701322
0.299559 0 0.700441
0.300443 0 0.699557
0.301329 0 0.698671
0.302219 0 0.697781
0.303112 0 0.696888
0.304008 0 0.695992
0.304906 0 0.695094
0.305807 0 0.694193
0.306711 0 0.693289
0.307618 0 0.692382
0.308526 0 0.691473
0.309438 0 0.690562
0.310353 0 0.689647
0.31127 0 0.68873
0.312189 0 0.687811
0.313111 0 0.686889
0.314035 0 0.685965
0.315146 0 0.684855
0.318885 0 0.681115
0.322728 0 0.677272
0.326683 0 0.673317
0.330751 0 0.669249
0.33494 0 0.66506
0.337849 0 0.662151
0.340967 0 0.659033
0.424405 0 0.575595
0.442596 0 0.557404
0.443906 0 0.556094
0.446066 0 0.553934
0.447012 0 0.552988
0.44735 0 0.55265
0.458439 0 0.541561
0.454593 0 0.545407
0.456221 0 0.543779
0.446212 0 0.553788
0.443048 0 0.556952
0.44195 0 0.55805
0.441874 0 0.558126
0.445572 0 0.554428
0.433356 0 0.566644
0.432952 0 0.567048
0.453967 0 0.546033
0.451415 0 0.548585
0.451704 0 0.548296
0.451242 0 0.548758
0.448435 0 0.551565
0.446518 0 0.553482
0.428036 0 0.571964
0.105306 0 0.894694
0.105222 0 0.894778
0.105181 0 0.894818
0.105146 0 0.894854
0.105117 0 0.894883
0.105092 0 0.894908
0.105072 0 0.894928
0.105058 0 0.894942
0.105049 0 0.894951
0.105045 0 0.894955
0.105046 0 0.894954
0.105052 0 0.894948
0.105064 0 0.894936
0.10508 0 0.89492
0.105102 0 0.894898
0.105129 0 0.894871
0.105161 0 0.894839
0.105198 0 0.894802
0.105241 0 0.894759
0.105771 0 0.894229
0.166846 0 0.833154
0.166447 0 0.833553
0.166058 0 0.833942
0.165679 0 0.834321
0.165309 0 0.834691
0.16495 0 0.83505
0.1646 0 0.8354
0.166549 0 0.833451
0.170641 0 0.829359
0.174946 0 0.825054
0.179482 0 0.820518
0.18427 0 0.81573
0.0491162 0 0.950884
0.0484511 0 0.951549
0.0485228 0 0.951477
0.0485971 0 0.951403
0.0486743 0 0.951326
0.0487538 0 0.951246
0.436442 0 0.563558
0.464347 0 0.535653
0.466354 0 0.533646
0.468412 0 0.531588
0.470511 0 0.529489
0.47265 0 0.52735
0.474816 0 0.525184
0.477112 0 0.522888
0.479543 0 0.520457
0.481945 0 0.518055
0.483694 0 0.516306
0.48523 0 0.51477
0.487055 0 0.512945
0.48913 0 0.51087
0.491331 0 0.508669
0.494196 0 0.505804
0.498273 0 0.501727
0.502885 0 0.497115
0.508049 0 0.491951
0.569641 0 0.430359
0.44887 0 0.55113
0.44694 0 0.55306
0.590925 0 0.409075
0.539174 0 0.460826
0.536025 0 0.463975
0.534231 0 0.465769
0.261619 0 0.738381
0.262308 0 0.737692
0.262999 0 0.737001
0.263692 0 0.736308
0.264388 0 0.735612
0.265085 0 0.734915
0.265785 0 0.734215
0.266487 0 0.733513
0.267191 0 0.732809
0.267897 0 0.732103
0.268605 0 0.731395
0.269315 0 0.730685
0.270027 0 0.729973
0.272018 0 0.727982
0.274622 0 0.725378
0.277291 0 0.722709
0.280026 0 0.719974
0.282828 0 0.717172
0.285702 0 0.714298
0.28865 0 0.71135
0.291672 0 0.708328
0.293692 0 0.706308
0.294853 0 0.705147
0.295954 0 0.704046
0.296701 0 0.7033
0.29775 0 0.70225
0.29928 0 0.70072
0.301689 0 0.698311
0.303042 0 0.696958
0.303375 0 0.696625
0.303576 0 0.696424
0.30498 0 0.69502
0.306409 0 0.693591
0.308194 0 0.691806
0.311681 0 0.688319
0.315595 0 0.684405
0.31775 0 0.68225
0.319229 0 0.680771
0.319197 0 0.680803
0.319477 0 0.680523
0.32192 0 0.67808
0.331823 0 0.668177
0.335725 0 0.664275
0.351845 0 0.648154
0.363957 0 0.636043
0.364592 0 0.635408
0.368952 0 0.631048
0.369981 0 0.630019
0.370691 0 0.629309
0.375342 0 0.624658
0.3799 0 0.6201
0.38138 0 0.61862
0.381854 0 0.618146
0.381498 0 0.618502
0.378295 0 0.621705
0.376631 0 0.623369
0.377019 0 0.622981
0.377925 0 0.622075
0.105749 0 0.894251
0.105222 0 0.894778
0.105182 0 0.894818
0.105147 0 0.894853
0.105117 0 0.894883
0.105092 0 0.894908
0.105073 0 0.894927
0.105058 0 0.894942
0.10505 0 0.894951
0.105046 0 0.894955
0.105047 0 0.894953
0.105053 0 0.894947
0.105064 0 0.894936
0.105081 0 0.894919
0.105102 0 0.894898
0.10513 0 0.89487
0.105162 0 0.894838
0.105199 0 0.894801
0.105241 0 0.894759
0.167746 0 0.832254
0.167318 0 0.832682
0.1669 0 0.8331
0.166492 0 0.833508
0.166095 0 0.833905
0.165251 0 0.834749
0.164837 0 0.835163
0.164514 0 0.835486
0.166739 0 0.833261
0.171548 0 0.828452
0.175614 0 0.824386
0.179887 0 0.820113
0.184384 0 0.815616
0.0491211 0 0.950879
0.0484512 0 0.951549
0.0485227 0 0.951477
0.0485971 0 0.951403
0.0486741 0 0.951326
0.0487538 0 0.951246
0.436504 0 0.563496
0.459199 0 0.540801
0.461176 0 0.538824
0.463182 0 0.536818
0.465225 0 0.534775
0.467378 0 0.532622
0.469673 0 0.530327
0.472041 0 0.527959
0.474444 0 0.525556
0.476553 0 0.523447
0.478087 0 0.521913
0.479585 0 0.520415
0.481142 0 0.518858
0.482897 0 0.517103
0.484933 0 0.515067
0.487064 0 0.512936
0.489262 0 0.510738
0.491603 0 0.508397
0.494359 0 0.505641
0.498142 0 0.501858
0.502577 0 0.497423
0.507388 0 0.492612
0.512257 0 0.487743
0.517238 0 0.482762
0.44892 0 0.55108
0.446987 0 0.553013
0.591144 0 0.408856
0.539046 0 0.460954
0.536009 0 0.463991
0.534303 0 0.465697
0.245137 0 0.754863
0.246956 0 0.753044
0.247883 0 0.752117
0.248799 0 0.751201
0.249868 0 0.750132
0.250944 0 0.749056
0.252136 0 0.747864
0.253068 0 0.746932
0.253741 0 0.746258
0.254656 0 0.745344
0.255697 0 0.744303
0.254851 0 0.745149
0.2542 0 0.7458
0.253783 0 0.746217
0.254609 0 0.745391
0.255711 0 0.744289
0.255938 0 0.744062
0.256195 0 0.743805
0.257592 0 0.742408
0.259009 0 0.740991
0.260454 0 0.739546
0.262271 0 0.737729
0.264536 0 0.735464
0.266261 0 0.733739
0.267603 0 0.732397
0.268874 0 0.731126
0.270041 0 0.729959
0.27157 0 0.72843
0.273148 0 0.726852
0.274742 0 0.725258
0.276349 0 0.723651
0.277972 0 0.722028
0.27925 0 0.72075
0.280703 0 0.719297
0.282103 0 0.717897
0.283263 0 0.716737
0.284102 0 0.715898
0.284583 0 0.715417
0.286005 0 0.713995
0.28747 0 0.71253
0.289091 0 0.710909
0.290576 0 0.709424
0.292075 0 0.707925
0.293576 0 0.706424
0.295046 0 0.704954
0.296381 0 0.703619
0.296951 0 0.703049
0.297575 0 0.702425
0.298877 0 0.701123
0.300607 0 0.699393
0.304198 0 0.695802
0.306385 0 0.693615
0.308499 0 0.691501
0.310471 0 0.689529
0.312865 0 0.687135
0.315342 0 0.684658
0.317751 0 0.682249
0.320247 0 0.679753
0.105224 0 0.894776
0.105184 0 0.894816
0.105149 0 0.894851
0.105119 0 0.894881
0.105094 0 0.894906
0.105075 0 0.894925
0.105061 0 0.894939
0.105051 0 0.894949
0.105047 0 0.894953
0.105049 0 0.894951
0.105055 0 0.894945
0.105066 0 0.894934
0.105083 0 0.894917
0.105105 0 0.894895
0.105131 0 0.894869
0.105163 0 0.894837
0.105201 0 0.894799
0.109846 0 0.890154
0.1768 0 0.8232
0.173878 0 0.826122
0.171101 0 0.828899
0.168461 0 0.831539
0.0560087 0 0.943991
0.0543929 0 0.945607
0.0541534 0 0.945847
0.0538981 0 0.946102
0.0536272 0 0.946373
0.0533415 0 0.946658
0.0530411 0 0.946959
0.0527272 0 0.947273
0.0523998 0 0.9476
0.05206 0 0.94794
0.0517074 0 0.948293
0.0513437 0 0.948656
0.0509687 0 0.949031
0.0505838 0 0.949416
0.0501887 0 0.949811
0.0497848 0 0.950215
0.0493722 0 0.950628
0.0489517 0 0.951048
0.0490318 0 0.950968
0.0491216 0 0.950878
0.462501 0 0.537499
0.464782 0 0.535218
0.467092 0 0.532908
0.469409 0 0.530591
0.471161 0 0.528839
0.472612 0 0.527388
0.474077 0 0.525923
0.475589 0 0.524411
0.477151 0 0.522849
0.478867 0 0.521133
0.480865 0 0.519135
0.482939 0 0.517061
0.485071 0 0.514929
0.487317 0 0.512683
0.489603 0 0.510397
0.491985 0 0.508015
0.494701 0 0.505299
0.498412 0 0.501588
0.502484 0 0.497516
0.507279 0 0.492721
0.448975 0 0.551025
0.447039 0 0.552961
0.522374 0 0.477626
0.52769 0 0.47231
0.533081 0 0.466919
0.564243 0 0.435757
0.568917 0 0.431083
0.573693 0 0.426307
0.538958 0 0.461042
0.536006 0 0.463994
0.534381 0 0.465619
0.24577 0 0.75423
0.2337 0 0.7663
0.234201 0 0.765799
0.234858 0 0.765142
0.235238 0 0.764762
0.235603 0 0.764397
0.23575 0 0.76425
0.236166 0 0.763834
0.236723 0 0.763277
0.236981 0 0.763019
0.237115 0 0.762885
0.237511 0 0.762488
0.237872 0 0.762128
0.238331 0 0.761669
0.238504 0 0.761496
0.23872 0 0.76128
0.239173 0 0.760827
0.239267 0 0.760733
0.239302 0 0.760698
0.23962 0 0.76038
0.240457 0 0.759543
0.241974 0 0.758026
0.242683 0 0.757317
0.242917 0 0.757083
0.242753 0 0.757247
0.243123 0 0.756877
0.244364 0 0.755636
0.247572 0 0.752428
0.248448 0 0.751552
0.249329 0 0.750671
0.250198 0 0.749802
0.251011 0 0.748989
0.251809 0 0.748191
0.252527 0 0.747473
0.252752 0 0.747248
0.252751 0 0.747249
0.253139 0 0.746861
0.25575 0 0.74425
0.257489 0 0.742511
0.258962 0 0.741038
0.260434 0 0.739566
0.261817 0 0.738183
0.263292 0 0.736709
0.264861 0 0.735139
0.266528 0 0.733472
0.268081 0 0.731919
0.269745 0 0.730255
0.271405 0 0.728595
0.273018 0 0.726982
0.274771 0 0.725229
0.276416 0 0.723584
0.278138 0 0.721862
0.279939 0 0.720061
0.281693 0 0.718307
0.28343 0 0.71657
0.285255 0 0.714745
0.287031 0 0.712969
0.288596 0 0.711404
0.109999 0 0.890001
0.105187 0 0.894813
0.105152 0 0.894848
0.105122 0 0.894878
0.105098 0 0.894902
0.105078 0 0.894922
0.105064 0 0.894936
0.105055 0 0.894945
0.105051 0 0.894949
0.105052 0 0.894948
0.105058 0 0.894942
0.105069 0 0.894931
0.105086 0 0.894914
0.105108 0 0.894892
0.105135 0 0.894865
0.105167 0 0.894833
0.105204 0 0.894796
0.108903 0 0.891096
0.207693 0 0.792307
0.210674 0 0.789326
0.325115 0 0.674885
0.0574342 0 0.942566
0.0546436 0 0.945356
0.0521107 0 0.947889
0.0498026 0 0.950197
0.0478224 0 0.952178
0.0478741 0 0.952126
0.0479283 0 0.952072
0.0479848 0 0.952015
0.0480439 0 0.951956
0.048105 0 0.951895
0.0481689 0 0.951831
0.0482351 0 0.951765
0.048304 0 0.951696
0.0483752 0 0.951625
0.0484489 0 0.951551
0.0485251 0 0.951475
0.048604 0 0.951396
0.0486853 0 0.951315
0.0487693 0 0.951231
0.0488557 0 0.951144
0.048945 0 0.951055
0.45777 0 0.54223
0.460001 0 0.539999
0.462267 0 0.537733
0.464368 0 0.535632
0.465849 0 0.534151
0.467264 0 0.532736
0.468699 0 0.531301
0.470177 0 0.529823
0.471683 0 0.528317
0.47321 0 0.52679
0.474934 0 0.525066
0.476881 0 0.523119
0.478929 0 0.521071
0.481014 0 0.518986
0.483189 0 0.516811
0.485469 0 0.514531
0.487757 0 0.512243
0.490107 0 0.509893
0.4925 0 0.5075
0.495395 0 0.504605
0.449036 0 0.550964
0.447097 0 0.552903
0.507316 0 0.492684
0.512281 0 0.487719
0.51736 0 0.48264
0.522557 0 0.477443
0.527923 0 0.472077
0.533355 0 0.466645
0.538748 0 0.461252
0.54376 0 0.45624
0.547939 0 0.452061
0.551695 0 0.448305
0.538962 0 0.461038
0.559398 0 0.440602
0.536003 0 0.463997
0.534467 0 0.465533
0.57152 0 0.42848
0.575728 0 0.424272
0.580007 0 0.419993
0.584399 0 0.415601
0.588838 0 0.411162
0.59341 0 0.40659
0.598047 0 0.401953
0.245768 0 0.754232
0.245679 0 0.754321
0.211495 0 0.788505
0.216358 0 0.783642
0.216456 0 0.783544
0.216532 0 0.783468
0.2168 0 0.7832
0.217277 0 0.782723
0.218249 0 0.781751
0.218812 0 0.781188
0.21941 0 0.78059
0.219714 0 0.780286
0.219866 0 0.780133
0.219957 0 0.780043
0.219893 0 0.780107
0.220099 0 0.779901
0.220391 0 0.779609
0.220759 0 0.779241
0.221104 0 0.778896
0.224262 0 0.775738
0.224691 0 0.775309
0.225122 0 0.774878
0.225685 0 0.774315
0.226115 0 0.773885
0.226547 0 0.773453
0.226913 0 0.773087
0.227253 0 0.772747
0.228097 0 0.771903
0.23027 0 0.769731
0.23109 0 0.76891
0.231932 0 0.768068
0.232739 0 0.767261
0.233553 0 0.766447
0.23448 0 0.76552
0.235587 0 0.764413
0.236724 0 0.763276
0.237781 0 0.762219
0.23871 0 0.76129
0.239717 0 0.760283
0.240617 0 0.759383
0.241301 0 0.758699
0.241849 0 0.758151
0.242341 0 0.757659
0.242799 0 0.757201
0.243221 0 0.756779
0.243843 0 0.756157
0.244935 0 0.755065
0.246364 0 0.753636
0.247769 0 0.752231
0.249093 0 0.750907
0.25044 0 0.74956
0.251895 0 0.748105
0.253288 0 0.746712
0.254655 0 0.745345
0.256031 0 0.743969
0.257491 0 0.742509
0.25898 0 0.74102
0.108882 0 0.891118
0.108087 0 0.891913
0.105192 0 0.894808
0.105157 0 0.894843
0.105127 0 0.894873
0.105102 0 0.894898
0.105083 0 0.894917
0.105068 0 0.894932
0.105059 0 0.894941
0.105055 0 0.894945
0.105056 0 0.894944
0.105062 0 0.894938
0.105074 0 0.894926
0.10509 0 0.89491
0.105112 0 0.894888
0.105139 0 0.894861
0.105171 0 0.894829
0.108095 0 0.891905
0.1081 0 0.8919
0.108943 0 0.891056
0.210194 0 0.789806
0.315718 0 0.684282
0.0560016 0 0.943998
0.0533444 0 0.946656
0.0509273 0 0.949073
0.0487201 0 0.95128
0.0476556 0 0.952344
0.047707 0 0.952293
0.0477607 0 0.952239
0.0478168 0 0.952183
0.0478753 0 0.952125
0.0479364 0 0.952064
0.0479997 0 0.952
0.0480656 0 0.951934
0.0481338 0 0.951866
0.0482046 0 0.951795
0.0482776 0 0.951722
0.0483533 0 0.951647
0.0484317 0 0.951568
0.0485124 0 0.951488
0.0485958 0 0.951404
0.0486816 0 0.951318
0.0487702 0 0.95123
0.0488612 0 0.951139
0.338924 0 0.661076
0.339099 0 0.660901
0.339223 0 0.660776
0.340928 0 0.659072
0.462043 0 0.537957
0.463449 0 0.536551
0.464892 0 0.535107
0.466366 0 0.533634
0.467856 0 0.532144
0.469377 0 0.530623
0.471057 0 0.528943
0.472986 0 0.527014
0.475026 0 0.524974
0.476838 0 0.523162
0.478772 0 0.521228
0.480898 0 0.519102
0.483347 0 0.516653
0.485862 0 0.514138
0.488391 0 0.511609
0.449102 0 0.550898
0.44716 0 0.55284
0.496156 0 0.503844
0.499742 0 0.500258
0.503654 0 0.496346
0.507746 0 0.492254
0.512511 0 0.487489
0.517477 0 0.482523
0.522328 0 0.477672
0.527249 0 0.472751
0.532238 0 0.467762
0.537083 0 0.462917
0.541188 0 0.458812
0.545414 0 0.454586
0.536006 0 0.463994
0.499187 0 0.500813
0.557241 0 0.442759
0.561236 0 0.438764
0.565307 0 0.434693
0.569454 0 0.430546
0.573681 0 0.426319
0.577989 0 0.422011
0.58238 0 0.41762
0.586857 0 0.413143
0.591393 0 0.408607
0.59603 0 0.40397
0.245769 0 0.754231
0.245697 0 0.754303
0.245648 0 0.754352
0.199657 0 0.800343
0.200273 0 0.799727
0.200897 0 0.799103
0.201561 0 0.798439
0.202185 0 0.797815
0.202724 0 0.797276
0.203046 0 0.796954
0.203333 0 0.796667
0.203601 0 0.796399
0.204013 0 0.795987
0.204479 0 0.795521
0.205025 0 0.794975
0.205624 0 0.794376
0.206216 0 0.793784
0.206749 0 0.793251
0.207389 0 0.792611
0.208593 0 0.791407
0.209487 0 0.790513
0.209289 0 0.790711
0.20872 0 0.79128
0.208528 0 0.791472
0.209852 0 0.790148
0.211276 0 0.788724
0.213633 0 0.786367
0.213845 0 0.786155
0.214059 0 0.785941
0.21429 0 0.78571
0.214543 0 0.785457
0.214792 0 0.785208
0.216206 0 0.783794
0.217711 0 0.782289
0.218664 0 0.781336
0.219589 0 0.780411
0.220488 0 0.779512
0.221352 0 0.778648
0.222198 0 0.777802
0.223011 0 0.776989
0.223806 0 0.776194
0.224644 0 0.775356
0.225511 0 0.774489
0.22636 0 0.77364
0.227213 0 0.772787
0.227682 0 0.772318
0.228099 0 0.771901
0.228661 0 0.771339
0.230508 0 0.769492
0.232035 0 0.767965
0.233135 0 0.766865
0.234053 0 0.765947
0.234969 0 0.765031
0.235883 0 0.764117
0.236803 0 0.763197
0.237731 0 0.762269
0.238667 0 0.761333
0.108148 0 0.891852
0.107451 0 0.892549
0.107393 0 0.892607
0.105162 0 0.894838
0.105133 0 0.894867
0.105108 0 0.894892
0.105088 0 0.894912
0.105074 0 0.894926
0.105065 0 0.894935
0.105061 0 0.894939
0.105062 0 0.894938
0.105068 0 0.894932
0.10508 0 0.89492
0.105096 0 0.894904
0.105118 0 0.894882
0.105145 0 0.894855
0.105177 0 0.894823
0.107305 0 0.892695
0.10731 0 0.89269
0.10796 0 0.89204
0.209526 0 0.790474
0.0574282 0 0.942572
0.0546375 0 0.945362
0.0521048 0 0.947895
0.0497964 0 0.950204
0.0476833 0 0.952317
0.0474908 0 0.952509
0.0475416 0 0.952458
0.047595 0 0.952405
0.0476509 0 0.952349
0.0477088 0 0.952291
0.0477695 0 0.952231
0.0478322 0 0.952168
0.0478977 0 0.952102
0.0479654 0 0.952035
0.0480356 0 0.951964
0.0481084 0 0.951892
0.0481834 0 0.951817
0.0482612 0 0.951739
0.0483414 0 0.951659
0.0484239 0 0.951576
0.0485093 0 0.951491
0.0485971 0 0.951403
0.0486876 0 0.951312
0.0487807 0 0.951219
0.33062 0 0.66938
0.333532 0 0.666468
0.33473 0 0.66527
0.335629 0 0.664371
0.337887 0 0.662113
0.339609 0 0.660391
0.340969 0 0.659031
0.342361 0 0.657639
0.344657 0 0.655343
0.35178 0 0.64822
0.467251 0 0.532749
0.469036 0 0.530964
0.470689 0 0.529311
0.472428 0 0.527572
0.261555 0 0.738445
0.25596 0 0.74404
0.254275 0 0.745725
0.252378 0 0.747622
0.253466 0 0.746534
0.254594 0 0.745406
0.256351 0 0.743649
0.259147 0 0.740853
0.267989 0 0.732011
0.49698 0 0.50302
0.500655 0 0.499345
0.504505 0 0.495495
0.508428 0 0.491572
0.51259 0 0.48741
0.516864 0 0.483136
0.521289 0 0.478711
0.526046 0 0.473954
0.530558 0 0.469442
0.501014 0 0.498986
0.534657 0 0.465343
0.542949 0 0.457051
0.547267 0 0.452733
0.551235 0 0.448765
0.555096 0 0.444904
0.559101 0 0.440899
0.562906 0 0.437094
0.566754 0 0.433246
0.570728 0 0.429272
0.574714 0 0.425286
0.578828 0 0.421172
0.582957 0 0.417043
0.58718 0 0.41282
0.493335 0 0.506665
0.595861 0 0.404139
0.245777 0 0.754223
0.245717 0 0.754283
0.245669 0 0.754331
0.546214 0 0.453786
0.189092 0 0.810908
0.190124 0 0.809876
0.190977 0 0.809023
0.191823 0 0.808177
0.19247 0 0.80753
0.193161 0 0.806839
0.193807 0 0.806193
0.194437 0 0.805563
0.194687 0 0.805313
0.194594 0 0.805406
0.194506 0 0.805494
0.194226 0 0.805774
0.194217 0 0.805783
0.194399 0 0.805601
0.194779 0 0.805221
0.195076 0 0.804924
0.195348 0 0.804652
0.195628 0 0.804372
0.195849 0 0.804151
0.196076 0 0.803923
0.196318 0 0.803682
0.196582 0 0.803418
0.196853 0 0.803147
0.197143 0 0.802857
0.197842 0 0.802158
0.198731 0 0.801269
0.199141 0 0.800859
0.199558 0 0.800442
0.199843 0 0.800157
0.200325 0 0.799675
0.200828 0 0.799172
0.201414 0 0.798586
0.202106 0 0.797894
0.202961 0 0.797039
0.204076 0 0.795924
0.20506 0 0.79494
0.205855 0 0.794145
0.206606 0 0.793394
0.207312 0 0.792688
0.207934 0 0.792066
0.208351 0 0.791649
0.20877 0 0.79123
0.209557 0 0.790443
0.211584 0 0.788416
0.211703 0 0.788297
0.211962 0 0.788038
0.216798 0 0.783202
0.217499 0 0.782501
0.218462 0 0.781538
0.219651 0 0.780349
0.220805 0 0.779195
0.221841 0 0.778159
0.222698 0 0.777302
0.107425 0 0.892575
0.106824 0 0.893176
0.106767 0 0.893233
0.108348 0 0.891652
0.105139 0 0.894861
0.105115 0 0.894885
0.105095 0 0.894905
0.105081 0 0.894919
0.105072 0 0.894928
0.105068 0 0.894932
0.105069 0 0.894931
0.105075 0 0.894925
0.105087 0 0.894913
0.105103 0 0.894897
0.105125 0 0.894875
0.105152 0 0.894848
0.10813 0 0.89187
0.106527 0 0.893473
0.10656 0 0.89344
0.106995 0 0.893005
0.209186 0 0.790814
0.0559962 0 0.944004
0.0533394 0 0.946661
0.0509224 0 0.949078
0.0487147 0 0.951285
0.0472791 0 0.952721
0.0473274 0 0.952673
0.047378 0 0.952622
0.0474311 0 0.952569
0.0474865 0 0.952514
0.0475442 0 0.952456
0.0476043 0 0.952396
0.0476667 0 0.952333
0.0477314 0 0.952269
0.0477987 0 0.952201
0.0478685 0 0.952132
0.0479406 0 0.952059
0.0480152 0 0.951985
0.0480923 0 0.951908
0.048172 0 0.951828
0.0482541 0 0.951746
0.0483388 0 0.951661
0.0484261 0 0.951574
0.0485159 0 0.951484
0.0486083 0 0.951392
0.283466 0 0.716534
0.283137 0 0.716863
0.283266 0 0.716734
0.284498 0 0.715502
0.286433 0 0.713567
0.28917 0 0.71083
0.291642 0 0.708358
0.295575 0 0.704425
0.302291 0 0.697709
0.255131 0 0.744869
0.247731 0 0.752269
0.246089 0 0.753911
0.245074 0 0.754926
0.244202 0 0.755798
0.231238 0 0.768762
0.230842 0 0.769158
0.231074 0 0.768926
0.23263 0 0.76737
0.233678 0 0.766322
0.234414 0 0.765586
0.236288 0 0.763712
0.253115 0 0.746885
0.257314 0 0.742686
0.262572 0 0.737428
0.273166 0 0.726834
0.495272 0 0.504728
0.498012 0 0.501988
0.425405 0 0.574595
0.424012 0 0.575988
0.421845 0 0.578155
0.422014 0 0.577986
0.432851 0 0.567149
0.522836 0 0.477164
0.497277 0 0.502723
0.528764 0 0.471236
0.532381 0 0.467619
0.536419 0 0.463581
0.539611 0 0.460389
0.542532 0 0.457468
0.545582 0 0.454418
0.548964 0 0.451036
0.481579 0 0.518421
0.474382 0 0.525618
0.473414 0 0.526586
0.47631 0 0.52369
0.480846 0 0.519154
0.213531 0 0.786469
0.214887 0 0.785113
0.2458 0 0.7542
0.24574 0 0.75426
0.245692 0 0.754308
0.525091 0 0.474909
0.536659 0 0.463341
 ] }
}
