# Real Time: 928.384
# Simulation Time: 27.89
# Radar Position: 866.949 -254.504 3.03658
# Radar Quat: -0.00517495 0.00789431 0.72599 0.68764
PointSet {
 coord Coordinate { point [
856.341 -271.883 3.35509
856.472 -271.94 3.35737
856.548 -272.093 3.36141
838.918 -302.789 3.92677
854.506 -284.466 3.63448
856.193 -280.914 3.56618
858.377 -276.871 3.49129
854.969 -287.878 3.72234
853.372 -295.954 3.90239
853.608 -296.216 3.91165
856.342 -292.144 3.84405
854.93 -300.878 4.04407
855.204 -301.162 4.05475
859.874 -287.401 3.77175
860.944 -283.392 3.68547
859.363 -292.354 3.8897
860.457 -290.832 3.86685
860.985 -296.271 4.01305
863.727 -280.982 3.66553
863.646 -285.247 3.77326
863.277 -293.905 3.98883
865.171 -276.902 3.58448
865.327 -276.922 3.58758
864.168 -297.257 4.08954
864.122 -309.991 4.41548
865.013 -306.884 4.35116
866.366 -290.81 3.96224
866.694 -282.337 3.75047
867.149 -295.106 4.08682
868.386 -298.17 4.18862
868.475 -287.05 3.90481
868.7 -287.001 3.90791
873.265 -311.789 4.63439
871.988 -290.852 4.07316
872.234 -290.762 4.0761
874.695 -302.894 4.43761
872.71 -288.949 4.04019
872.95 -288.902 4.04422
872.533 -281.954 3.85902
880.272 -308.343 4.70054
873.098 -278.619 3.78802
873.249 -278.508 3.7888
873.442 -278.556 3.79457
875.246 -284.409 3.98348
883.89 -309.564 4.8173
856.342 -271.882 3.28385
856.473 -271.941 3.28622
856.548 -272.094 3.28993
838.919 -302.795 3.73176
854.502 -284.479 3.52125
856.196 -280.911 3.4664
858.196 -276.879 3.40546
858.377 -276.874 3.40755
854.971 -287.88 3.59838
853.378 -295.945 3.74977
856.345 -292.145 3.70735
854.933 -300.878 3.87661
855.206 -301.164 3.88663
859.876 -287.402 3.65408
860.946 -283.393 3.58229
859.366 -292.355 3.75474
860.458 -290.837 3.7379
860.993 -296.231 3.86476
863.729 -280.986 3.57228
863.648 -285.252 3.66519
863.279 -293.904 3.85044
865.172 -276.908 3.50596
865.329 -276.914 3.50876
864.17 -297.274 3.94011
864.125 -309.995 4.22135
865.016 -306.889 4.16804
866.368 -290.812 3.83528
866.696 -282.329 3.65291
867.152 -295.103 3.94479
868.389 -298.177 4.03603
868.477 -287.065 3.79116
868.703 -287.013 3.79434
873.268 -311.79 4.43294
871.989 -290.845 3.94464
872.236 -290.758 3.94784
874.702 -302.921 4.26693
872.713 -288.956 3.91821
872.952 -288.905 3.92216
872.535 -281.954 3.76097
880.276 -308.346 4.50671
873.1 -278.617 3.70087
873.25 -278.506 3.70188
873.444 -278.557 3.70738
875.247 -284.408 3.87487
883.895 -309.568 4.61601
856.344 -271.882 3.21263
856.474 -271.942 3.21507
856.549 -272.095 3.21846
838.92 -302.8 3.53676
854.492 -284.508 3.40815
856.199 -280.909 3.36667
858.205 -276.859 3.32118
858.378 -276.878 3.3238
854.973 -287.881 3.47444
853.383 -295.937 3.59726
856.347 -292.146 3.57067
854.936 -300.877 3.70918
855.208 -301.167 3.71852
859.878 -287.402 3.53643
860.948 -283.395 3.47912
859.368 -292.356 3.6198
860.46 -290.842 3.60894
860.999 -296.21 3.71707
863.73 -280.989 3.47902
863.649 -285.257 3.55714
863.28 -293.921 3.71238
862.75 -303.349 3.87921
865.173 -276.916 3.42743
865.331 -276.908 3.43001
864.171 -297.292 3.79058
864.128 -309.999 4.02724
865.019 -306.896 3.98494
866.37 -290.814 3.70835
866.698 -282.321 3.55542
867.154 -295.101 3.80281
868.392 -298.185 3.88342
868.48 -287.079 3.67744
868.705 -287.025 3.6807
873.272 -311.791 4.23153
871.99 -290.838 3.81619
872.237 -290.755 3.81964
874.71 -302.95 4.09615
872.716 -288.963 3.7962
872.955 -288.908 3.8001
872.536 -281.953 3.66296
880.28 -308.349 4.3129
873.101 -278.616 3.61375
873.251 -278.504 3.61499
873.446 -278.558 3.62021
875.249 -284.407 3.76628
883.899 -309.572 4.41475
877.9 -287.587 3.88304
856.346 -271.882 3.14142
856.475 -271.943 3.14392
856.55 -272.096 3.14699
838.92 -302.806 3.34174
856.201 -280.907 3.26697
858.211 -276.848 3.23713
858.378 -276.883 3.24003
854.975 -287.883 3.35051
853.389 -295.929 3.44483
856.349 -292.147 3.434
854.94 -300.876 3.54177
855.211 -301.17 3.5504
859.88 -287.402 3.41879
860.949 -283.396 3.37594
859.37 -292.357 3.48487
860.461 -290.847 3.47996
861.004 -296.193 3.5696
863.731 -280.993 3.38575
863.65 -285.264 3.44907
862.754 -303.336 3.70769
865.174 -276.925 3.34888
865.333 -276.903 3.35133
864.173 -297.309 3.64094
864.131 -310.003 3.83312
865.022 -306.904 3.80185
866.372 -290.816 3.58142
866.7 -282.314 3.45801
867.157 -295.1 3.66086
868.287 -305.707 3.84304
868.395 -298.194 3.73078
868.483 -287.093 3.56362
868.708 -287.037 3.567
873.275 -311.792 4.03013
871.991 -290.831 3.6878
872.239 -290.751 3.69147
874.717 -302.981 3.92523
872.72 -288.97 3.67416
872.957 -288.911 3.67803
872.538 -281.953 3.56495
880.284 -308.352 4.11909
873.102 -278.614 3.52664
873.252 -278.502 3.52812
873.447 -278.558 3.53303
875.25 -284.406 3.65771
883.904 -309.578 4.2135
877.897 -287.572 3.76083
885.222 -308.447 4.22516
856.347 -271.882 3.07023
856.476 -271.944 3.07278
856.551 -272.096 3.07552
838.921 -302.812 3.14669
856.204 -280.906 3.16731
858.216 -276.84 3.15318
858.377 -276.887 3.15625
854.976 -287.885 3.22658
853.394 -295.922 3.29247
856.351 -292.149 3.29734
854.943 -300.876 3.37439
859.882 -287.403 3.30116
860.951 -283.397 3.27278
859.372 -292.358 3.34995
860.462 -290.852 3.35096
861.009 -296.178 3.42229
863.732 -280.998 3.29246
863.434 -285.274 3.33718
863.651 -285.274 3.34099
862.758 -303.326 3.53632
865.174 -276.936 3.27031
865.335 -276.898 3.27271
864.174 -297.326 3.49121
864.134 -310.008 3.63901
865.024 -306.917 3.61877
866.374 -290.819 3.45449
866.701 -282.307 3.36066
867.159 -295.099 3.51896
868.289 -305.662 3.6635
868.398 -298.203 3.57811
868.996 -305.442 3.67399
868.485 -287.108 3.44973
868.71 -287.049 3.45323
873.279 -311.793 3.82875
871.993 -290.824 3.55948
872.24 -290.747 3.56335
874.726 -303.02 3.75422
872.723 -288.977 3.55208
872.96 -288.914 3.55595
872.539 -281.952 3.46696
880.288 -308.355 3.92529
873.103 -278.613 3.43956
873.253 -278.5 3.44127
873.449 -278.559 3.44587
875.251 -284.405 3.54917
883.909 -309.585 4.01225
877.894 -287.558 3.63878
885.224 -308.444 4.02608
885.6 -308.314 4.03231
856.349 -271.881 2.99904
856.477 -271.945 3.00163
856.552 -272.097 3.00405
838.921 -302.818 2.95162
856.206 -280.905 3.06766
858.22 -276.834 3.0693
858.377 -276.893 3.07244
854.978 -287.887 3.10265
853.399 -295.915 3.14019
856.353 -292.151 3.16068
854.946 -300.875 3.20704
859.884 -287.403 3.18355
860.952 -283.399 3.16961
859.375 -292.359 3.21504
860.464 -290.858 3.22195
861.013 -296.165 3.27512
863.733 -281.002 3.19916
863.438 -285.255 3.22879
863.652 -285.287 3.23288
862.762 -303.317 3.36505
865.174 -276.955 3.19171
865.336 -276.894 3.19413
864.176 -297.344 3.34138
864.138 -310.014 3.4449
865.027 -306.947 3.43575
866.377 -290.823 3.32757
866.703 -282.3 3.26337
867.162 -295.099 3.37708
868.291 -305.622 3.48435
868.401 -298.213 3.4254
868.998 -305.431 3.49577
868.488 -287.122 3.33574
868.713 -287.061 3.33939
873.283 -311.794 3.62739
871.994 -290.817 3.43122
872.242 -290.743 3.43527
872.726 -288.985 3.42997
872.963 -288.918 3.43387
872.541 -281.952 3.36899
876.431 -299.444 3.58543
880.292 -308.358 3.73148
873.104 -278.611 3.3525
873.254 -278.498 3.35445
873.45 -278.56 3.35871
875.253 -284.404 3.44064
883.916 -309.597 3.81105
877.892 -287.545 3.51687
885.226 -308.441 3.82704
885.604 -308.316 3.83335
878.378 -286.732 3.51975
856.35 -271.881 2.92786
856.478 -271.946 2.93049
856.553 -272.098 2.93258
845.055 -292.235 2.81823
845.509 -292.055 2.82565
845.864 -292.039 2.83205
856.208 -280.905 2.96802
858.224 -276.828 2.98548
858.376 -276.9 2.98859
854.98 -287.889 2.97871
853.404 -295.908 2.98797
856.355 -292.154 3.02401
854.949 -300.874 3.0397
859.886 -287.404 3.06593
860.954 -283.4 3.06644
859.377 -292.36 3.08013
860.465 -290.864 3.09289
861.018 -296.153 3.12804
863.734 -281.006 3.10583
863.441 -285.241 3.12054
863.651 -285.309 3.1247
862.766 -303.31 3.19385
865.338 -276.891 3.11558
864.177 -297.362 3.19142
864.141 -310.021 3.25075
866.379 -290.827 3.20062
866.705 -282.294 3.16613
867.164 -295.1 3.2352
868.293 -305.587 3.3055
868.404 -298.223 3.27263
869.001 -305.421 3.31763
868.49 -287.137 3.22166
868.716 -287.072 3.22547
873.286 -311.795 3.42603
871.995 -290.81 3.30302
872.244 -290.74 3.30722
872.73 -288.992 3.30781
872.965 -288.921 3.31177
872.543 -281.951 3.27103
880.295 -308.362 3.53766
873.105 -278.61 3.26545
873.255 -278.497 3.26765
873.452 -278.56 3.27155
875.254 -284.403 3.33213
877.89 -287.534 3.39507
885.228 -308.439 3.62803
885.607 -308.317 3.63438
878.378 -286.724 3.40012
878.663 -286.809 3.40572
856.352 -271.881 2.85668
856.479 -271.947 2.85933
856.554 -272.099 2.8611
845.191 -292.005 2.6681
845.641 -291.827 2.67679
845.958 -291.876 2.6832
846.097 -292.244 2.68659
846.238 -292.616 2.69002
846.381 -292.993 2.69349
846.525 -293.374 2.69699
856.21 -280.906 2.86838
858.227 -276.823 2.90169
858.374 -276.908 2.90469
854.981 -287.891 2.85475
853.409 -295.902 2.83579
849.021 -310.671 2.77195
849.7 -309.877 2.78392
850.19 -309.656 2.79306
850.526 -309.941 2.79992
850.864 -310.227 2.80681
856.357 -292.156 2.88732
854.953 -300.874 2.87236
859.888 -287.404 2.94831
860.956 -283.402 2.96326
859.379 -292.361 2.94521
860.467 -290.87 2.9638
861.022 -296.142 2.98104
863.736 -281.011 3.01246
863.444 -285.23 3.0124
862.769 -303.303 3.0227
865.34 -276.888 3.03706
864.179 -297.38 3.04134
864.144 -310.028 3.05655
866.381 -290.831 3.07365
866.707 -282.288 3.06894
867.167 -295.101 3.09332
868.295 -305.554 3.1269
868.407 -298.234 3.11978
869.004 -305.411 3.13957
868.493 -287.152 3.10748
868.718 -287.084 3.11146
873.29 -311.796 3.22466
871.996 -290.803 3.17486
872.245 -290.736 3.1792
872.733 -289 3.18559
872.968 -288.924 3.18964
872.544 -281.951 3.17306
880.299 -308.365 3.34382
873.106 -278.609 3.17841
873.256 -278.495 3.18086
873.454 -278.561 3.18438
875.256 -284.402 3.22362
877.889 -287.524 3.27335
885.23 -308.436 3.42905
885.611 -308.319 3.4354
878.377 -286.717 3.28055
878.665 -286.811 3.28561
829.496 -300.244 2.15921
829.56 -300.822 2.16027
829.626 -301.408 2.16133
856.354 -271.881 2.7855
856.48 -271.947 2.78816
856.555 -272.1 2.78961
845.326 -291.777 2.51979
845.772 -291.603 2.52971
846.051 -291.715 2.53561
846.19 -292.08 2.53813
846.331 -292.45 2.54065
846.474 -292.824 2.5432
846.618 -293.202 2.54576
846.764 -293.585 2.54834
856.211 -280.908 2.76871
856.374 -281.037 2.77189
858.231 -276.819 2.81793
858.372 -276.918 2.82069
854.983 -287.893 2.73077
853.414 -295.897 2.68364
849.2 -310.123 2.5706
849.869 -309.345 2.58571
850.252 -309.465 2.59325
850.587 -309.748 2.59947
850.924 -310.033 2.60572
856.358 -292.16 2.75061
851.604 -310.608 2.61827
854.956 -300.873 2.70501
859.89 -287.405 2.83068
860.957 -283.403 2.86007
859.382 -292.362 2.81028
860.468 -290.876 2.83466
861.026 -296.132 2.83411
863.543 -281.061 2.91525
863.737 -281.016 2.91906
863.447 -285.22 2.90432
863.034 -293.756 2.87764
862.773 -303.297 2.85159
865.341 -276.885 2.95855
864.181 -297.398 2.89114
864.147 -310.038 2.86229
866.383 -290.835 2.94664
866.709 -282.282 2.97178
867.169 -295.103 2.95143
868.298 -305.523 2.94852
868.41 -298.246 2.96686
869.006 -305.4 2.96157
868.496 -287.166 2.99319
868.721 -287.096 2.99737
873.293 -311.798 3.02328
871.998 -290.799 3.04675
872.247 -290.732 3.0512
872.736 -289.007 3.06332
872.971 -288.928 3.06749
872.546 -281.951 3.0751
880.304 -308.368 3.14995
873.107 -278.607 3.09138
873.257 -278.493 3.09408
873.455 -278.562 3.09721
875.258 -284.401 3.11512
877.888 -287.515 3.15172
885.233 -308.432 3.23008
885.615 -308.32 3.2364
878.378 -286.713 3.16104
878.668 -286.814 3.16547
832.131 -297.638 2.02695
832.213 -298.157 2.02719
832.292 -298.688 2.0273
832.372 -299.227 2.02736
832.452 -299.773 2.0274
832.535 -300.325 2.02744
832.623 -300.881 2.02754
832.711 -301.444 2.02762
832.799 -302.018 2.0276
832.888 -302.6 2.02755
846.764 -283.406 2.43785
847.139 -283.295 2.44737
847.508 -283.185 2.45671
847.811 -283.167 2.46408
847.887 -283.491 2.4646
847.963 -283.819 2.46511
856.355 -271.88 2.71432
856.48 -271.948 2.71699
856.556 -272.101 2.71811
845.46 -291.552 2.37327
845.816 -291.532 2.38172
846.094 -291.644 2.38775
846.283 -291.918 2.39094
846.424 -292.285 2.39258
846.566 -292.656 2.39422
846.71 -293.032 2.39586
846.8 -293.522 2.3957
856.211 -280.912 2.669
856.387 -281.008 2.67243
858.234 -276.815 2.73419
858.367 -276.935 2.73653
854.984 -287.896 2.60677
853.419 -295.891 2.53153
849.375 -309.585 2.37314
849.982 -308.996 2.38921
850.313 -309.276 2.39481
850.647 -309.557 2.40041
850.983 -309.84 2.40602
856.36 -292.164 2.61385
851.661 -310.412 2.41726
852.004 -310.7 2.42289
854.96 -300.872 2.53768
859.892 -287.405 2.71305
860.959 -283.405 2.75686
859.384 -292.363 2.67534
860.469 -290.883 2.70546
861.03 -296.123 2.68725
863.546 -281.05 2.82171
863.738 -281.022 2.82562
863.45 -285.212 2.79629
863.039 -293.721 2.74003
862.776 -303.292 2.68052
865.343 -276.883 2.88006
864.182 -297.416 2.7408
864.15 -310.051 2.66794
866.385 -290.84 2.81959
866.71 -282.277 2.87467
866.904 -282.336 2.87788
867.172 -295.106 2.80951
868.3 -305.493 2.77035
868.413 -298.258 2.81384
869.009 -305.39 2.78363
868.499 -287.181 2.87879
868.724 -287.108 2.8832
873.297 -311.799 2.82188
872 -290.795 2.91867
872.249 -290.728 2.92322
872.74 -289.015 2.94099
872.973 -288.931 2.94531
872.547 -281.95 2.97713
880.308 -308.371 2.95605
873.108 -278.606 3.00436
873.258 -278.491 3.00732
873.457 -278.562 3.01003
875.259 -284.4 3.00662
883.39 -305.31 3.01978
877.887 -287.507 3.03015
885.235 -308.429 3.03114
885.619 -308.322 3.03739
878.378 -286.709 3.04156
878.671 -286.816 3.04532
834.462 -295.332 1.91029
834.549 -295.812 1.90966
834.637 -296.298 1.90894
834.728 -296.788 1.90827
834.821 -297.283 1.90759
834.916 -297.784 1.90687
835.01 -298.294 1.90604
835.109 -298.805 1.9053
846.524 -283.321 2.30887
846.903 -283.211 2.31954
847.274 -283.102 2.33001
847.639 -282.995 2.34028
847.886 -283.058 2.34626
847.975 -283.36 2.34649
848.052 -283.686 2.34621
848.13 -284.016 2.3459
848.209 -284.351 2.34556
836.189 -304.308 1.89546
856.357 -271.88 2.64314
856.481 -271.949 2.6458
856.557 -272.102 2.64661
845.541 -291.418 2.22657
845.82 -291.53 2.23278
846.098 -291.643 2.23894
846.341 -291.818 2.24371
846.49 -292.169 2.24479
846.641 -292.522 2.24587
846.793 -292.88 2.24692
846.767 -293.591 2.24084
842.548 -307.08 2.0326
842.976 -307.116 2.04264
856.211 -280.917 2.56923
856.397 -280.99 2.573
858.237 -276.812 2.65047
854.986 -287.899 2.48274
853.423 -295.887 2.37945
849.547 -309.058 2.17945
850.044 -308.809 2.19273
850.375 -309.087 2.19773
850.707 -309.367 2.20271
851.042 -309.649 2.20769
856.361 -292.169 2.47705
851.718 -310.217 2.21763
852.06 -310.504 2.22259
854.963 -300.872 2.37033
859.895 -287.406 2.5954
860.961 -283.406 2.65363
859.387 -292.364 2.54039
860.47 -290.89 2.57621
861.034 -296.115 2.54043
863.549 -281.042 2.7282
863.739 -281.027 2.73213
863.453 -285.205 2.6883
863.045 -293.691 2.60261
862.78 -303.287 2.50947
865.345 -276.881 2.80158
864.184 -297.434 2.59032
864.153 -310.07 2.47342
866.388 -290.845 2.69251
866.712 -282.272 2.77758
866.906 -282.31 2.78078
867.174 -295.11 2.66756
868.303 -305.464 2.59237
868.417 -298.271 2.66073
869.012 -305.379 2.60577
868.501 -287.196 2.76429
868.726 -287.12 2.76894
873.301 -311.8 2.62047
872.001 -290.791 2.79061
872.25 -290.725 2.79527
872.743 -289.023 2.8186
872.976 -288.935 2.8231
872.549 -281.95 2.87917
880.312 -308.374 2.76213
873.109 -278.604 2.91734
873.259 -278.489 2.92056
873.458 -278.563 2.92284
875.261 -284.398 2.89813
883.382 -305.277 2.83332
877.887 -287.5 2.90862
885.237 -308.426 2.8322
885.623 -308.324 2.83836
878.379 -286.706 2.9221
878.674 -286.818 2.92515
886.124 -303.088 2.88885
836.53 -293.287 1.80633
836.624 -293.729 1.80507
836.724 -294.17 1.80394
836.821 -294.622 1.80256
836.923 -295.072 1.80133
837.025 -295.532 1.79994
846.284 -283.236 2.17934
846.665 -283.126 2.19119
847.04 -283.018 2.20281
847.407 -282.911 2.21421
847.676 -282.944 2.22144
847.892 -283.053 2.22642
848.063 -283.23 2.22944
848.14 -283.553 2.22838
848.218 -283.881 2.22728
848.297 -284.213 2.22613
848.378 -284.55 2.22494
856.359 -271.88 2.57196
856.482 -271.95 2.57461
856.558 -272.103 2.57508
845.545 -291.416 2.07749
845.824 -291.529 2.08384
846.102 -291.641 2.09014
846.342 -291.823 2.09464
846.491 -292.173 2.0949
846.641 -292.527 2.09513
846.794 -292.885 2.09533
846.735 -293.662 2.08542
842.219 -303.258 1.86343
847.087 -294.335 2.08735
846.798 -295.634 2.06565
842.705 -306.751 1.83767
843.117 -306.816 1.84747
856.209 -280.927 2.46933
856.405 -280.975 2.47362
858.239 -276.809 2.56676
854.987 -287.902 2.35868
853.076 -295.976 2.21792
853.428 -295.882 2.22738
849.716 -308.541 1.98942
850.105 -308.623 1.99758
850.435 -308.9 2.00198
850.767 -309.179 2.00636
851.101 -309.459 2.01072
856.362 -292.176 2.34017
851.775 -310.024 2.01938
852.115 -310.309 2.02368
854.966 -300.871 2.20299
859.897 -287.407 2.47775
860.962 -283.408 2.5504
859.389 -292.365 2.40542
860.472 -290.897 2.4469
861.038 -296.107 2.39365
863.551 -281.037 2.6347
863.74 -281.033 2.6386
863.456 -285.199 2.58035
863.05 -293.665 2.46535
862.784 -303.282 2.33844
865.346 -276.88 2.72309
864.185 -297.453 2.4397
866.39 -290.85 2.56538
866.714 -282.267 2.68051
866.908 -282.29 2.68379
867.177 -295.116 2.52555
868.305 -305.437 2.41457
868.42 -298.286 2.5075
869.015 -305.369 2.42797
868.504 -287.211 2.64968
868.729 -287.132 2.65458
873.305 -311.802 2.41903
872.003 -290.787 2.66257
872.252 -290.721 2.66733
872.747 -289.031 2.69615
872.979 -288.939 2.70086
872.551 -281.95 2.7812
880.316 -308.377 2.56817
873.11 -278.603 2.83033
873.26 -278.487 2.83381
873.46 -278.564 2.83564
875.262 -284.397 2.78964
883.38 -305.262 2.64697
877.887 -287.495 2.78713
885.239 -308.423 2.63328
885.626 -308.325 2.63931
878.38 -286.702 2.80266
878.677 -286.82 2.80495
886.129 -303.092 2.70631
838.384 -291.454 1.71331
838.485 -291.86 1.71161
838.589 -292.268 1.70993
838.693 -292.683 1.70814
838.8 -293.099 1.70637
846.405 -283.072 2.06126
846.798 -282.942 2.0748
847.175 -282.827 2.08763
847.466 -282.829 2.0964
847.683 -282.939 2.10153
847.898 -283.047 2.10661
848.114 -283.156 2.11165
848.227 -283.422 2.1116
848.306 -283.748 2.10972
848.385 -284.078 2.10778
848.466 -284.412 2.10578
856.36 -271.879 2.50078
856.483 -271.951 2.5034
856.559 -272.104 2.50355
845.548 -291.415 1.9284
845.827 -291.528 1.9349
846.106 -291.64 1.94133
846.342 -291.827 1.94552
846.492 -292.178 1.94496
846.642 -292.532 1.94435
846.795 -292.89 1.94369
846.701 -293.732 1.92941
846.465 -294.882 1.90683
847.06 -294.396 1.93009
846.749 -295.742 1.90262
842.295 -305.755 1.63931
842.463 -306.33 1.63573
842.731 -306.704 1.63767
843.142 -306.771 1.64782
842.991 -308.093 1.62478
843.172 -308.701 1.62086
843.358 -309.317 1.61687
856.202 -280.95 2.36901
856.412 -280.962 2.37429
858.242 -276.807 2.48306
854.989 -287.905 2.23458
853.093 -295.933 2.06609
853.432 -295.879 2.07532
849.84 -308.165 1.79989
850.166 -308.439 1.80374
850.495 -308.714 1.80756
850.826 -308.991 1.81134
851.159 -309.27 1.81509
856.362 -292.186 2.20316
851.831 -309.832 1.82248
852.171 -310.116 1.82613
854.97 -300.87 2.03563
859.899 -287.408 2.36007
860.964 -283.409 2.44713
859.391 -292.366 2.27043
860.473 -290.905 2.31752
861.042 -296.1 2.24691
863.553 -281.032 2.54121
863.741 -281.039 2.54501
863.459 -285.193 2.47242
863.055 -293.639 2.32823
862.787 -303.277 2.16743
865.348 -276.879 2.64461
864.187 -297.472 2.28894
866.392 -290.856 2.4382
866.716 -282.264 2.58346
866.91 -282.272 2.58689
867.18 -295.124 2.38346
868.308 -305.411 2.23692
868.423 -298.301 2.35414
869.018 -305.364 2.25014
868.507 -287.226 2.53495
868.732 -287.144 2.54013
873.308 -311.803 2.21757
872.005 -290.783 2.53454
872.254 -290.717 2.53942
872.75 -289.04 2.57363
872.982 -288.942 2.57858
872.552 -281.95 2.68322
880.32 -308.38 2.37417
873.111 -278.601 2.74333
873.261 -278.485 2.74707
873.462 -278.564 2.74843
875.264 -284.396 2.68114
883.38 -305.251 2.46065
877.888 -287.491 2.66566
885.242 -308.42 2.43436
885.63 -308.327 2.44022
878.38 -286.698 2.68324
878.679 -286.823 2.68472
886.134 -303.099 2.5237
883.182 -293.989 2.62677
848.19 -279.104 2.05588
840.716 -289.435 1.65677
849.844 -277.593 2.13271
849.842 -277.937 2.12749
846.42 -283.055 1.93889
846.812 -282.925 1.95359
847.197 -282.798 1.96796
847.472 -282.824 1.97641
847.689 -282.933 1.98164
847.904 -283.042 1.98683
848.12 -283.151 1.99196
848.314 -283.292 1.99586
848.392 -283.615 1.99322
848.472 -283.943 1.99049
848.553 -284.275 1.98769
856.362 -271.879 2.42959
856.484 -271.952 2.43217
845.127 -291.549 1.76408
845.552 -291.414 1.77931
845.831 -291.526 1.78595
846.11 -291.639 1.79252
846.343 -291.832 1.79635
846.492 -292.182 1.79496
846.643 -292.536 1.79351
846.795 -292.894 1.792
846.669 -293.802 1.77286
846.647 -294.529 1.75985
846.994 -294.535 1.76988
846.688 -295.872 1.73802
843.92 -302.379 1.54571
844.091 -302.886 1.54183
844.264 -303.402 1.5378
844.439 -303.929 1.53356
844.617 -304.46 1.52928
844.801 -304.992 1.52511
844.986 -305.538 1.5206
845.176 -306.086 1.51619
845.369 -306.644 1.51158
854.777 -284.472 2.16693
856.418 -280.951 2.27501
858.245 -276.805 2.39936
846.175 -308.956 1.49198
846.386 -309.555 1.48681
846.601 -310.163 1.48149
854.99 -287.908 2.11044
853.106 -295.903 1.9142
853.436 -295.875 1.92326
849.901 -307.984 1.6079
850.227 -308.256 1.61119
850.555 -308.53 1.61443
850.885 -308.805 1.61762
851.217 -309.082 1.62077
851.551 -309.361 1.62386
851.887 -309.641 1.62691
852.226 -309.923 1.62992
854.973 -300.87 1.86826
859.901 -287.409 2.24237
860.966 -283.411 2.34385
859.394 -292.367 2.13542
860.474 -290.913 2.18806
861.045 -296.093 2.10019
863.556 -281.029 2.44772
863.742 -281.046 2.45135
863.461 -285.188 2.3645
863.06 -293.616 2.19124
862.791 -303.273 1.99642
865.349 -276.879 2.56611
864.189 -297.491 2.13802
866.395 -290.862 2.31096
866.718 -282.261 2.4864
866.912 -282.255 2.49008
867.183 -295.134 2.24124
868.31 -305.385 2.05942
868.427 -298.318 2.20062
869.021 -305.358 2.07234
868.51 -287.241 2.4201
868.735 -287.156 2.42558
873.312 -311.805 2.01606
872.007 -290.78 2.40653
872.256 -290.713 2.41151
872.754 -289.048 2.45102
872.984 -288.946 2.45626
872.554 -281.949 2.58524
880.324 -308.383 2.18012
873.113 -278.6 2.65632
873.262 -278.483 2.66034
873.464 -278.565 2.6612
875.265 -284.395 2.57264
883.381 -305.243 2.27436
877.889 -287.488 2.54417
885.244 -308.417 2.23545
885.634 -308.329 2.2411
878.381 -286.695 2.56383
878.682 -286.825 2.56446
886.141 -303.108 2.34098
883.241 -294.127 2.4756
888.692 -306.362 2.3058
849.903 -277.181 2.04148
850.237 -277.063 2.05525
850.277 -277.342 2.05165
850.073 -277.966 2.03344
847.169 -282.425 1.85299
847.212 -282.782 1.848
847.479 -282.819 1.85644
847.695 -282.928 1.86179
847.911 -283.037 1.86708
848.126 -283.146 1.87231
848.341 -283.254 1.87749
848.478 -283.484 1.87774
853.167 -276.449 2.16613
853.282 -276.606 2.16695
856.364 -271.879 2.35839
856.485 -271.953 2.36093
854.418 -275.75 2.22048
854.663 -275.671 2.22993
854.949 -275.515 2.24218
855.02 -275.734 2.24017
846.344 -291.836 1.64712
846.493 -292.186 1.64491
846.644 -292.541 1.64262
846.796 -292.899 1.64025
846.635 -293.873 1.61569
846.611 -294.606 1.6002
845.019 -298.511 1.47218
846.618 -296.022 1.57171
846.494 -297.028 1.5474
845.516 -299.873 1.45952
845.687 -300.339 1.45508
845.863 -300.804 1.45076
846.04 -301.279 1.44616
846.222 -301.756 1.44162
846.405 -302.246 1.43675
846.591 -302.738 1.43188
846.783 -303.232 1.42705
854.78 -284.469 2.05389
856.424 -280.94 2.17577
858.247 -276.803 2.31565
847.577 -305.287 1.40611
847.786 -305.812 1.40077
847.997 -306.352 1.39506
854.991 -287.912 1.98626
848.432 -307.444 1.38355
848.655 -308.004 1.3775
853.118 -295.878 1.76235
853.44 -295.872 1.77118
849.962 -307.803 1.41719
850.288 -308.074 1.41992
850.615 -308.347 1.42259
850.944 -308.621 1.42519
851.275 -308.896 1.42774
851.608 -309.173 1.43023
851.943 -309.452 1.43266
852.28 -309.733 1.43503
854.977 -300.869 1.70088
860.745 -283.467 2.23395
860.967 -283.413 2.24054
859.396 -292.368 2.00039
860.475 -290.921 2.05851
861.049 -296.087 1.95348
863.558 -281.026 2.35423
863.743 -281.053 2.35762
863.464 -285.184 2.25659
863.065 -293.593 2.05437
862.795 -303.27 1.82541
865.351 -276.878 2.48759
864.19 -297.51 1.98694
866.397 -290.868 2.18366
866.719 -282.26 2.38931
866.914 -282.239 2.39335
867.185 -295.151 2.09879
868.313 -305.361 1.88205
868.43 -298.337 2.04693
869.024 -305.353 1.89454
868.513 -287.256 2.30512
868.737 -287.168 2.31094
873.316 -311.807 1.81452
872.008 -290.776 2.27853
872.257 -290.709 2.28361
872.758 -289.057 2.32833
872.987 -288.95 2.3339
872.556 -281.949 2.48724
880.328 -308.387 1.98603
873.114 -278.598 2.56931
873.263 -278.481 2.5736
873.465 -278.566 2.57396
875.267 -284.394 2.46414
883.382 -305.237 2.08806
877.891 -287.488 2.42265
885.246 -308.414 2.03653
885.638 -308.33 2.04194
878.382 -286.691 2.44444
878.685 -286.827 2.44417
886.148 -303.119 2.15813
888.695 -306.361 2.10929
871.312 -264.68 2.85596
850.485 -276.73 1.97296
850.792 -276.637 1.9862
851.048 -276.61 1.99613
851.289 -276.598 2.00517
851.528 -276.587 2.01407
851.764 -276.575 2.02289
851.998 -276.564 2.03151
852.23 -276.552 2.04007
852.477 -276.513 2.04968
852.732 -276.457 2.05993
853.352 -275.823 2.09555
853.613 -275.739 2.10654
853.869 -275.658 2.11721
856.365 -271.879 2.28719
856.486 -271.954 2.28966
854.622 -275.407 2.14874
854.877 -275.305 2.15974
855.026 -275.383 2.16304
855.118 -275.563 2.16204
855.172 -275.814 2.15816
846.575 -292.04 1.50097
846.727 -292.391 1.49795
846.878 -292.748 1.49469
846.895 -293.376 1.48071
846.84 -294.161 1.46065
846.791 -294.956 1.44051
846.742 -295.776 1.4197
846.686 -296.635 1.3977
846.776 -297.21 1.38695
846.944 -297.633 1.38221
847.116 -298.057 1.3775
847.292 -298.484 1.37279
856.91 -277.356 2.1779
857.102 -277.352 2.18391
847.835 -299.794 1.35794
848.023 -300.24 1.35283
854.784 -284.467 1.94083
857.732 -277.651 2.19568
858.249 -276.801 2.23193
858.122 -277.607 2.20834
858.307 -277.605 2.21383
858.478 -277.639 2.21799
858.649 -277.672 2.2221
858.799 -277.766 2.22408
858.957 -277.836 2.22682
859.141 -277.832 2.23213
859.317 -277.845 2.23675
859.493 -277.858 2.24133
859.664 -277.885 2.2454
859.829 -277.933 2.2487
859.998 -277.966 2.25247
860.154 -278.042 2.25478
860.314 -278.107 2.25742
860.465 -278.203 2.25897
860.626 -278.269 2.26153
860.768 -278.406 2.26175
860.937 -278.44 2.26528
861.09 -278.543 2.26657
861.239 -278.665 2.26721
861.384 -278.812 2.26707
861.555 -278.846 2.2705
861.716 -278.928 2.2724
860.969 -283.414 2.1372
859.399 -292.369 1.86533
860.476 -290.93 1.92887
861.053 -296.081 1.80677
863.56 -281.024 2.26073
863.744 -281.061 2.26381
863.466 -285.18 2.14867
863.07 -293.571 1.91762
862.798 -303.266 1.65439
865.352 -276.879 2.40906
864.192 -297.53 1.83569
864.826 -313.501 1.42257
866.399 -290.874 2.05628
866.721 -282.26 2.29217
866.915 -282.225 2.29669
867.29 -311.978 1.5094
868.316 -305.337 1.7048
868.434 -298.359 1.89299
869.027 -305.347 1.71676
868.516 -287.271 2.19003
868.74 -287.181 2.19618
873.32 -311.809 1.61293
872.01 -290.772 2.15053
872.259 -290.706 2.15572
872.761 -289.067 2.20555
872.99 -288.954 2.21148
872.557 -281.949 2.38923
880.332 -308.39 1.79188
873.115 -278.597 2.4823
873.264 -278.479 2.48687
873.467 -278.567 2.48669
875.269 -284.393 2.35563
877.681 -287.62 2.29598
877.894 -287.49 2.30106
885.249 -308.411 1.8376
885.642 -308.332 1.84274
878.382 -286.687 2.32505
878.688 -286.83 2.32385
886.157 -303.133 1.97511
888.698 -306.36 1.91275
871.311 -264.676 2.81719
871.375 -264.629 2.81872
851.044 -276.294 1.90805
851.282 -276.285 1.91749
851.519 -276.275 1.92687
851.757 -276.261 1.93631
852.011 -276.218 1.94701
852.285 -276.141 1.95928
852.551 -276.072 1.97097
852.755 -276.092 1.97812
853.286 -275.602 2.00997
853.535 -275.537 2.02084
853.791 -275.458 2.03221
854.042 -275.381 2.04337
856.367 -271.878 2.21597
856.487 -271.955 2.21838
854.806 -275.097 2.07825
855.008 -275.082 2.08585
855.126 -275.209 2.08683
855.197 -275.425 2.0838
855.267 -275.645 2.08059
855.396 -275.762 2.08205
853.76 -279.193 1.93585
853.906 -279.337 1.93711
854.051 -279.483 1.93831
854.206 -279.612 1.94016
854.353 -279.759 1.94128
854.56 -279.785 1.94756
854.733 -279.878 1.95087
854.851 -280.09 1.94915
856.598 -276.788 2.09567
856.749 -276.87 2.09845
856.921 -276.908 2.10299
857.1 -276.927 2.10829
857.276 -276.951 2.11332
857.452 -276.974 2.11829
857.625 -277.002 2.12302
857.798 -277.029 2.1277
857.969 -277.058 2.13224
858.252 -276.8 2.14821
858.306 -277.129 2.1407
858.469 -277.176 2.14438
858.626 -277.239 2.14737
858.796 -277.268 2.15167
858.955 -277.325 2.15483
859.117 -277.372 2.15832
859.277 -277.428 2.16143
859.43 -277.504 2.16374
859.584 -277.579 2.16604
859.742 -277.641 2.16884
859.9 -277.703 2.17155
860.058 -277.768 2.17414
860.216 -277.831 2.17677
860.376 -277.891 2.17949
860.532 -277.963 2.18172
860.684 -278.055 2.18319
860.836 -278.149 2.18458
860.988 -278.244 2.18592
861.142 -278.338 2.18726
861.296 -278.432 2.18858
861.451 -278.526 2.18986
861.606 -278.623 2.19106
861.76 -278.728 2.19193
861.914 -278.838 2.19262
862.07 -278.948 2.19328
862.226 -279.059 2.19391
862.383 -279.17 2.1945
862.541 -279.287 2.19488
862.7 -279.4 2.1954
862.86 -279.517 2.19576
863.023 -279.62 2.19658
863.187 -279.729 2.19719
863.35 -279.849 2.19741
863.511 -279.994 2.19678
863.679 -280.101 2.19739
863.745 -281.07 2.16989
863.469 -285.177 2.04075
863.075 -293.551 1.78096
862.802 -303.263 1.48336
865.354 -276.879 2.3305
864.193 -297.551 1.68426
864.827 -313.564 1.21422
866.401 -290.881 1.92884
866.723 -282.265 2.19488
866.917 -282.21 2.2001
867.294 -312.004 1.30765
868.318 -305.314 1.52766
868.438 -298.387 1.7387
869.03 -305.342 1.53899
868.518 -287.287 2.07479
868.743 -287.193 2.08133
873.324 -311.811 1.41129
872.012 -290.768 2.02253
872.261 -290.702 2.02783
872.765 -289.077 2.08265
872.993 -288.957 2.08902
872.559 -281.949 2.2912
880.337 -308.393 1.59767
873.116 -278.595 2.39529
873.265 -278.477 2.40013
873.469 -278.567 2.39941
875.27 -284.392 2.2471
877.67 -287.582 2.1752
877.898 -287.495 2.17935
885.251 -308.408 1.63866
885.646 -308.334 1.64349
878.383 -286.683 2.20567
878.691 -286.832 2.20348
886.168 -303.152 1.79182
888.701 -306.359 1.71618
871.31 -264.673 2.77844
871.374 -264.625 2.78003
871.438 -264.577 2.78159
851.565 -275.894 1.84534
851.837 -275.828 1.85816
852.114 -275.75 1.8714
852.378 -275.685 1.88374
852.592 -275.689 1.89217
852.946 -275.482 1.91182
853.216 -275.39 1.925
853.459 -275.337 1.936
853.713 -275.261 1.94799
853.965 -275.183 1.95993
854.225 -275.086 1.97267
856.369 -271.878 2.14474
856.488 -271.956 2.14707
854.996 -274.776 2.01076
855.141 -274.854 2.01402
855.293 -274.92 2.01779
855.393 -275.077 2.017
855.502 -275.222 2.01684
855.627 -275.339 2.01802
855.743 -275.474 2.01833
855.857 -275.614 2.01839
855.976 -275.748 2.01872
856.083 -275.906 2.01791
856.133 -276.183 2.01145
856.303 -276.221 2.01636
857.404 -274.317 2.11169
857.542 -274.387 2.11439
857.679 -274.457 2.11703
857.817 -274.524 2.11974
857.956 -274.591 2.12245
857.257 -276.573 2.03855
857.431 -276.593 2.04379
857.604 -276.616 2.04886
857.776 -276.641 2.05377
857.942 -276.676 2.05817
858.099 -276.736 2.06138
858.254 -276.798 2.06449
858.412 -276.855 2.06777
858.56 -276.936 2.06995
858.713 -277.006 2.07259
858.869 -277.067 2.07556
859.024 -277.132 2.07834
859.176 -277.204 2.08074
859.329 -277.276 2.08313
859.482 -277.348 2.08549
859.635 -277.422 2.08771
859.788 -277.499 2.08983
859.945 -277.561 2.09246
860.105 -277.613 2.09549
860.267 -277.66 2.0987
860.428 -277.712 2.10162
860.58 -277.793 2.10336
860.735 -277.867 2.10534
860.886 -277.962 2.10648
861.038 -278.053 2.10774
861.188 -278.152 2.10866
861.34 -278.252 2.10949
861.493 -278.347 2.11053
861.648 -278.439 2.11163
861.801 -278.542 2.11231
861.955 -278.649 2.11281
862.109 -278.758 2.11322
862.265 -278.866 2.11365
862.422 -278.97 2.11421
862.58 -279.074 2.11473
862.739 -279.179 2.11522
862.9 -279.284 2.11566
863.061 -279.391 2.11604
863.223 -279.496 2.11647
863.387 -279.599 2.11694
863.552 -279.703 2.11733
863.718 -279.81 2.11762
863.882 -279.936 2.11719
864.047 -280.075 2.11629
864.212 -280.223 2.11505
864.379 -280.375 2.11366
864.548 -280.529 2.11219
865.353 -273.182 2.376
864.89 -280.844 2.10899
865.355 -276.88 2.2519
864.195 -297.571 1.53264
864.83 -313.591 1.00663
866.404 -290.887 1.80131
866.919 -282.197 2.10357
867.298 -312.031 1.10566
868.321 -305.293 1.35061
869.033 -305.336 1.36121
868.521 -287.303 1.95941
868.746 -287.205 1.96636
873.328 -311.813 1.20958
872.014 -290.764 1.89454
872.266 -290.723 1.89915
872.77 -289.089 1.9596
872.996 -288.961 1.96651
872.561 -281.949 2.19315
880.341 -308.396 1.4034
873.117 -278.594 2.30827
873.266 -278.475 2.31339
873.47 -278.568 2.3121
875.272 -284.391 2.13855
877.664 -287.554 2.05436
877.904 -287.506 2.05739
885.253 -308.404 1.4397
885.65 -308.335 1.44418
878.384 -286.68 2.08629
878.694 -286.834 2.08307
886.181 -303.178 1.60814
883.604 -294.196 1.87546
871.309 -264.669 2.73971
871.373 -264.621 2.74136
871.422 -264.542 2.74392
871.486 -264.495 2.74549
852.695 -274.617 1.83872
852.394 -275.351 1.80426
852.616 -275.342 1.81386
852.895 -275.244 1.82847
853.166 -275.154 1.84246
853.397 -275.118 1.8531
853.639 -275.062 1.86476
853.898 -274.973 1.87804
854.186 -274.833 1.89406
854.474 -274.685 1.91026
856.371 -271.878 2.0735
856.489 -271.957 2.07574
855.176 -274.473 1.94488
855.352 -274.492 1.95126
855.528 -274.51 1.95752
855.701 -274.53 1.96365
855.894 -274.513 1.97165
856.061 -274.541 1.97716
856.263 -274.501 1.98612
856.518 -274.356 2.00046
856.75 -274.247 2.01273
857.013 -274.072 2.02829
857.189 -274.064 2.03504
857.333 -274.116 2.03865
857.476 -274.172 2.04201
857.616 -274.232 2.04514
857.761 -274.282 2.0487
857.908 -274.327 2.05242
858.048 -274.388 2.05536
858.195 -274.433 2.05902
858.349 -274.461 2.06345
858.476 -274.551 2.06482
857.906 -276.329 1.98484
858.04 -276.438 1.9857
858.181 -276.534 1.98721
858.323 -276.624 1.98891
858.472 -276.701 1.99119
858.62 -276.78 1.99338
858.771 -276.85 1.99594
858.922 -276.922 1.99832
859.074 -276.994 2.00069
859.225 -277.067 2.00301
859.375 -277.144 2.00503
859.525 -277.223 2.00698
859.677 -277.296 2.00915
859.83 -277.369 2.0113
859.995 -277.402 2.01519
860.161 -277.431 2.01914
860.32 -277.484 2.02206
860.478 -277.537 2.02487
860.635 -277.597 2.02735
860.792 -277.661 2.02962
860.941 -277.755 2.03055
861.09 -277.851 2.03138
861.24 -277.947 2.03219
861.39 -278.044 2.03291
861.54 -278.149 2.03327
861.691 -278.25 2.03375
861.845 -278.347 2.03443
861.999 -278.442 2.03511
862.153 -278.545 2.03547
862.308 -278.647 2.03583
862.464 -278.748 2.0362
862.622 -278.848 2.03662
862.78 -278.948 2.03701
862.94 -279.048 2.03736
863.1 -279.149 2.03764
863.261 -279.25 2.03788
863.424 -279.351 2.03811
863.587 -279.454 2.03823
863.751 -279.559 2.03826
863.916 -279.671 2.03798
864.081 -279.787 2.03753
864.245 -279.931 2.03598
864.41 -280.08 2.03416
864.577 -280.231 2.03231
864.745 -280.382 2.0304
864.915 -280.536 2.0284
865.356 -276.881 2.17326
865.261 -280.848 2.02417
865.437 -281.007 2.02194
865.615 -281.167 2.01965
865.795 -281.328 2.01732
865.977 -281.506 2.0143
866.16 -281.708 2.01038
866.406 -290.894 1.67369
866.921 -282.183 2.0071
867.302 -312.058 0.903433
868.324 -305.272 1.17363
869.036 -305.331 1.18343
868.524 -287.319 1.84388
868.749 -287.217 1.85128
873.331 -311.815 1.00782
872.015 -290.761 1.76654
872.272 -290.745 1.77026
874.472 -303.348 1.33411
872.774 -289.106 1.83629
872.999 -288.965 1.84394
875.982 -300.301 1.46213
872.562 -281.949 2.09507
880.345 -308.399 1.20906
873.118 -278.592 2.22123
873.267 -278.473 2.22665
873.472 -278.569 2.22477
875.273 -284.39 2.02999
877.658 -287.531 1.93353
877.916 -287.537 1.93466
885.256 -308.401 1.24072
885.654 -308.337 1.24481
878.384 -286.676 1.96691
878.697 -286.837 1.96262
886.206 -303.233 1.42326
883.605 -294.191 1.72502
871.308 -264.665 2.70099
871.372 -264.618 2.7027
871.411 -264.515 2.7062
871.474 -264.468 2.70785
871.537 -264.421 2.70947
853.224 -274.16 1.79054
853.436 -274.148 1.80027
853.645 -274.137 1.80979
853.794 -274.212 1.81382
853.888 -274.371 1.81265
854.007 -274.494 1.81363
854.266 -274.397 1.82797
854.604 -274.168 1.85004
854.815 -274.135 1.86009
856.372 -271.877 2.00222
856.49 -271.958 2.00437
855.343 -274.191 1.88018
855.547 -274.159 1.88969
855.783 -274.064 1.90265
856.015 -273.973 1.91522
856.243 -273.882 1.92761
856.466 -273.796 1.93957
856.686 -273.709 1.95137
856.882 -273.663 1.96073
857.054 -273.661 1.96754
857.178 -273.749 1.96926
857.296 -273.851 1.97016
857.416 -273.95 1.9712
857.551 -274.018 1.97385
857.694 -274.072 1.97731
857.868 -274.055 1.98445
858.076 -273.961 1.99563
858.363 -273.685 2.01635
858.656 -273.382 2.03823
858.875 -273.238 2.05153
859.051 -273.187 2.05977
859.206 -273.185 2.06537
859.352 -273.202 2.0699
859.484 -273.25 2.07276
859.611 -273.314 2.0748
859.734 -273.387 2.07629
859.547 -274.296 2.03554
860.164 -273.034 2.10431
858.972 -276.786 1.92166
859.124 -276.855 1.92413
859.274 -276.929 1.92624
859.419 -277.018 1.92757
859.566 -277.101 1.92919
859.718 -277.173 1.9313
859.873 -277.235 1.93384
860.04 -277.257 1.9383
860.204 -277.291 1.94209
860.366 -277.327 1.94571
860.529 -277.363 1.94931
860.686 -277.416 1.95204
860.84 -277.485 1.95393
860.991 -277.564 1.95536
861.144 -277.642 1.95676
861.294 -277.729 1.95772
861.444 -277.824 1.9583
861.593 -277.923 1.95867
861.744 -278.021 1.95904
861.895 -278.118 1.95938
862.047 -278.218 1.95965
862.2 -278.317 1.95987
862.354 -278.415 1.96012
862.509 -278.514 1.96032
862.665 -278.613 1.96048
862.822 -278.711 1.96062
862.98 -278.81 1.96073
863.139 -278.908 1.96082
863.299 -279.008 1.96083
863.46 -279.108 1.96078
863.622 -279.21 1.96066
863.784 -279.313 1.96045
863.948 -279.418 1.96009
864.112 -279.526 1.9596
864.275 -279.658 1.95808
864.44 -279.791 1.95647
865.22 -273.229 2.23961
864.772 -280.087 1.9519
864.94 -280.237 1.94953
865.358 -276.883 2.09455
865.283 -280.542 1.94452
865.457 -280.697 1.94188
865.633 -280.853 1.93917
865.81 -281.011 1.93637
865.99 -281.17 1.93353
866.173 -281.33 1.93061
866.357 -281.493 1.92756
866.543 -281.658 1.92442
866.732 -281.824 1.92119
866.923 -281.993 1.91787
867.116 -282.163 1.91446
867.312 -282.334 1.911
867.51 -282.508 1.90738
867.712 -282.751 1.90098
869.039 -305.326 1.00558
868.527 -287.336 1.72814
868.751 -287.229 1.73605
873.335 -311.817 0.805917
872.017 -290.757 1.63849
872.277 -290.768 1.64114
874.474 -303.341 1.1614
873.001 -288.969 1.72127
875.993 -300.343 1.29715
872.564 -281.949 1.99694
878.177 -302.519 1.22986
878.419 -302.051 1.2502
878.656 -301.591 1.27011
873.119 -278.591 2.13416
873.268 -278.471 2.13986
873.474 -278.569 2.13738
875.275 -284.389 1.92138
877.654 -287.511 1.8127
885.258 -308.398 1.04164
885.658 -308.339 1.04532
878.385 -286.672 1.8475
878.699 -286.839 1.84208
888.71 -306.358 1.12617
871.307 -264.662 2.66229
871.371 -264.614 2.66407
871.41 -264.512 2.66784
871.473 -264.465 2.66955
871.536 -264.418 2.67123
871.599 -264.371 2.67288
854.741 -272.248 1.84426
854.848 -272.358 1.84521
854.955 -272.469 1.84612
855.158 -272.435 1.85653
855.327 -272.45 1.86361
854.641 -273.809 1.78343
854.813 -273.836 1.79006
854.986 -273.859 1.79687
856.374 -271.877 1.93095
856.491 -271.959 1.93298
855.68 -273.621 1.83588
855.91 -273.533 1.84903
856.135 -273.449 1.86182
856.346 -273.384 1.87318
856.542 -273.341 1.88308
856.735 -273.301 1.89266
856.886 -273.336 1.8976
857.021 -273.4 1.90067
857.15 -273.477 1.90292
857.268 -273.574 1.90396
857.393 -273.659 1.90568
857.546 -273.688 1.91065
857.7 -273.711 1.91583
857.955 -273.521 1.93334
858.293 -273.141 1.96156
858.508 -273.014 1.97492
858.658 -273.028 1.98013
858.826 -272.998 1.98774
858.982 -272.992 1.99385
859.134 -272.993 1.99951
859.278 -273.013 2.00403
859.418 -273.042 2.00802
859.566 -273.048 2.01319
859.731 -273.008 2.0208
859.905 -272.942 2.02969
860.143 -272.699 2.04813
860.286 -272.703 2.05303
860.435 -272.689 2.0588
860.554 -272.761 2.05991
860.477 -273.404 2.0306
860.241 -274.555 1.97472
860.379 -274.609 1.97708
860.256 -275.484 1.93639
860.423 -275.466 1.94265
860.619 -275.349 1.95397
860.789 -275.312 1.96098
860.934 -275.357 1.96373
861.08 -275.399 1.96658
861.207 -275.51 1.96584
860.885 -277.322 1.87888
861.043 -277.37 1.88168
861.193 -277.453 1.88268
861.342 -277.538 1.88354
861.495 -277.615 1.88475
861.647 -277.695 1.88575
861.796 -277.791 1.88597
861.946 -277.886 1.88616
862.097 -277.984 1.88621
862.248 -278.083 1.88618
862.4 -278.183 1.88607
862.553 -278.283 1.8859
862.708 -278.381 1.88584
862.863 -278.478 1.88573
863.02 -278.576 1.88558
863.177 -278.674 1.88544
863.336 -278.772 1.88521
863.495 -278.87 1.88494
863.655 -278.97 1.88457
863.817 -279.071 1.88413
863.979 -279.174 1.88353
864.142 -279.28 1.88281
864.305 -279.39 1.88183
864.47 -279.507 1.88052
865.216 -273.278 2.1714
864.798 -279.798 1.8752
864.965 -279.944 1.87246
865.359 -276.886 2.01581
865.303 -280.242 1.8667
865.475 -280.394 1.86367
865.649 -280.547 1.86056
865.825 -280.701 1.85735
866.003 -280.857 1.85406
866.183 -281.015 1.85067
866.365 -281.173 1.84724
866.55 -281.333 1.84371
866.736 -281.496 1.84004
866.925 -281.66 1.83627
867.116 -281.826 1.8324
867.309 -281.995 1.82836
867.505 -282.168 1.82417
867.703 -282.349 1.81955
867.903 -282.492 1.81661
868.105 -282.628 1.81392
868.309 -282.776 1.81065
868.518 -282.981 1.80495
868.738 -283.303 1.79412
873.339 -311.819 0.604005
872.019 -290.753 1.51048
872.283 -290.789 1.51188
874.477 -303.345 0.988283
873.004 -288.973 1.59858
876.004 -300.385 1.13186
872.566 -281.948 1.89881
878.116 -302.247 1.06851
868.343 -260.266 2.79904
878.594 -301.328 1.11111
873.12 -278.589 2.0471
873.269 -278.47 2.05309
873.475 -278.57 2.04999
875.276 -284.388 1.81277
877.65 -287.494 1.69191
885.26 -308.395 0.842591
885.662 -308.34 0.845827
878.386 -286.668 1.72811
878.702 -286.841 1.72153
888.713 -306.358 0.929407
871.306 -264.658 2.62361
871.37 -264.611 2.62545
871.409 -264.508 2.62949
871.472 -264.461 2.63126
871.535 -264.414 2.633
871.598 -264.367 2.6347
871.686 -264.375 2.63419
855.836 -270.897 1.87314
856.197 -270.604 1.90163
856.283 -270.719 1.90122
855.749 -271.798 1.83393
855.852 -271.906 1.83444
856.454 -271.215 1.88964
856.135 -271.996 1.84393
856.376 -271.877 1.85965
856.492 -271.96 1.86157
856.534 -272.17 1.85499
856.507 -272.502 1.84035
856.613 -272.611 1.84059
856.719 -272.72 1.8408
856.839 -272.804 1.84261
856.993 -272.827 1.84834
857.179 -272.789 1.85793
857.369 -272.738 1.86822
857.561 -272.681 1.87868
857.711 -272.7 1.88423
857.833 -272.776 1.88611
857.953 -272.856 1.88774
858.128 -272.822 1.8964
858.327 -272.733 1.90827
858.444 -272.817 1.90939
858.58 -272.859 1.91307
858.735 -272.858 1.91928
858.892 -272.851 1.9258
859.042 -272.856 1.93145
859.187 -272.872 1.93637
859.328 -272.897 1.94071
859.48 -272.892 1.94669
859.642 -272.86 1.95427
859.824 -272.773 1.96489
860.057 -272.547 1.98352
860.228 -272.476 1.99295
860.378 -272.456 1.99927
860.524 -272.444 2.00512
860.662 -272.454 2.00958
860.806 -272.444 2.01512
860.948 -272.436 2.02046
861.088 -272.436 2.02532
861.036 -273.036 1.99644
860.707 -274.554 1.91655
860.825 -274.673 1.91515
860.942 -274.798 1.91336
861.06 -274.923 1.91152
861.179 -275.049 1.90966
861.3 -275.173 1.90788
861.416 -275.322 1.90471
861.525 -275.502 1.89989
861.232 -277.302 1.80787
861.387 -277.361 1.80988
861.539 -277.43 1.81135
861.692 -277.502 1.81265
861.844 -277.581 1.81347
861.996 -277.66 1.81427
862.145 -277.755 1.81419
862.296 -277.852 1.81398
862.446 -277.95 1.81367
862.598 -278.048 1.81331
862.751 -278.147 1.8129
862.904 -278.246 1.81242
863.059 -278.345 1.81197
863.215 -278.442 1.81154
863.372 -278.539 1.81109
863.53 -278.636 1.81058
863.688 -278.735 1.80994
863.848 -278.835 1.80922
864.642 -273.651 2.07392
864.17 -279.039 1.80748
864.333 -279.142 1.80652
865.079 -273.345 2.09888
864.66 -279.378 1.80294
864.823 -279.515 1.80021
864.988 -279.659 1.79707
865.36 -276.888 1.937
865.513 -276.961 1.93687
865.494 -280.098 1.78722
865.666 -280.247 1.78372
865.84 -280.399 1.78013
866.016 -280.551 1.77644
866.194 -280.705 1.77266
866.374 -280.86 1.76882
866.556 -281.016 1.76488
866.74 -281.175 1.76079
866.927 -281.337 1.75651
867.115 -281.5 1.75217
867.306 -281.671 1.74737
867.5 -281.843 1.74256
867.696 -282.021 1.73741
867.894 -282.162 1.73401
868.092 -282.281 1.73155
868.293 -282.407 1.72878
868.496 -282.543 1.72546
868.702 -282.696 1.72133
868.911 -282.852 1.717
869.127 -283.072 1.70964
869.351 -283.348 1.69971
869.583 -283.669 1.68765
869.822 -284.003 1.67501
872.43 -306.962 0.620634
872.879 -307.659 0.593274
873.339 -308.368 0.565383
873.811 -309.089 0.536945
874.296 -309.822 0.507934
872.021 -290.749 1.38245
872.288 -290.812 1.3824
874.482 -303.352 0.814929
876.368 -312.878 0.386026
873.007 -288.976 1.47582
876.015 -300.427 0.966229
872.567 -281.948 1.80066
868.267 -260.303 2.77588
878.056 -301.977 0.908945
868.343 -260.263 2.77824
878.532 -301.067 0.953836
873.122 -278.588 1.96003
873.27 -278.468 1.96632
873.477 -278.571 1.96257
875.278 -284.387 1.70414
880.401 -301.511 0.942354
877.647 -287.478 1.57114
885.262 -308.392 0.64351
885.666 -308.342 0.646253
878.386 -286.665 1.60871
878.705 -286.843 1.60092
888.716 -306.357 0.732589
871.305 -264.655 2.58494
871.369 -264.607 2.58685
871.408 -264.505 2.59116
871.471 -264.458 2.59299
871.534 -264.411 2.59478
871.597 -264.365 2.59652
871.685 -264.371 2.59588
871.747 -264.324 2.59758
856.428 -270.258 1.85953
856.565 -270.291 1.86487
856.719 -270.298 1.87208
856.838 -270.356 1.8754
856.939 -270.443 1.87654
857.04 -270.53 1.87765
857.138 -270.622 1.87836
857.231 -270.723 1.87837
857.324 -270.827 1.87822
857.422 -270.923 1.87858
857.539 -270.985 1.88126
857.64 -271.076 1.88191
857.739 -271.171 1.8822
857.831 -271.282 1.88139
857.821 -271.585 1.86749
857.92 -271.689 1.86721
858.336 -271.177 1.90856
858.413 -271.316 1.90561
858.175 -272.091 1.86025
858.268 -272.214 1.8587
858.375 -272.31 1.85885
858.477 -272.417 1.8583
858.579 -272.527 1.8575
858.713 -272.569 1.86116
858.861 -272.579 1.86677
859 -272.606 1.87121
859.134 -272.644 1.87488
859.275 -272.667 1.87947
859.426 -272.661 1.88578
859.583 -272.641 1.89289
859.777 -272.522 1.90613
860.009 -272.301 1.92555
860.143 -272.325 1.92952
860.294 -272.302 1.93637
860.455 -272.248 1.94501
860.604 -272.222 1.95182
860.763 -272.168 1.96028
860.917 -272.121 1.96813
861.069 -272.079 1.97564
861.214 -272.052 1.98219
861.35 -272.05 1.98708
861.473 -272.089 1.98947
861.594 -272.133 1.99153
861.714 -272.182 1.99329
861.321 -274.018 1.8901
861.457 -274.061 1.89255
861.595 -274.095 1.89544
861.712 -274.209 1.89363
861.808 -274.409 1.88688
861.902 -274.627 1.87914
861.791 -275.699 1.82249
861.583 -277.252 1.73892
861.737 -277.311 1.74071
861.89 -277.38 1.74195
862.04 -277.459 1.74257
862.191 -277.54 1.74298
862.342 -277.626 1.74313
862.492 -277.721 1.74268
862.642 -277.818 1.74212
862.793 -277.915 1.74151
862.945 -278.013 1.74083
863.099 -278.111 1.7401
863.253 -278.21 1.73928
863.408 -278.308 1.73841
863.564 -278.405 1.73763
863.721 -278.503 1.73672
863.879 -278.603 1.73573
864.038 -278.702 1.73467
864.783 -273.61 2.01178
864.947 -273.345 2.02923
865.081 -273.334 2.03299
864.686 -279.112 1.72947
864.848 -279.238 1.72685
865.012 -279.379 1.72337
865.362 -276.892 1.85812
865.515 -276.945 1.85878
865.512 -279.809 1.71243
865.682 -279.955 1.70861
865.854 -280.102 1.70465
866.028 -280.252 1.70059
866.204 -280.402 1.69642
866.382 -280.554 1.69215
866.562 -280.708 1.68775
866.744 -280.863 1.68327
866.928 -281.025 1.67841
867.115 -281.189 1.67337
867.304 -281.36 1.66797
867.495 -281.532 1.66249
867.689 -281.698 1.65729
867.884 -281.835 1.65354
868.08 -281.949 1.65086
868.278 -282.063 1.64816
868.478 -282.184 1.64506
868.68 -282.318 1.64126
868.886 -282.465 1.63677
869.094 -282.616 1.63203
869.305 -282.771 1.627
869.52 -282.951 1.62073
869.74 -283.153 1.61335
869.972 -283.429 1.60222
870.212 -283.746 1.58905
870.458 -284.077 1.57518
870.711 -284.42 1.56067
870.97 -284.766 1.54602
872.022 -290.745 1.25441
872.294 -290.834 1.25275
874.201 -301.515 0.731845
874.623 -302.041 0.709323
875.05 -302.551 0.687568
873.01 -288.98 1.35299
875.937 -303.616 0.641605
876.394 -304.155 0.618224
876.026 -300.469 0.800233
872.569 -281.948 1.70246
877.822 -305.784 0.547034
878.318 -306.338 0.522619
868.271 -260.322 2.75401
877.997 -301.71 0.751117
868.343 -260.26 2.75745
878.486 -300.874 0.795131
873.123 -278.586 1.87293
873.271 -278.466 1.87952
873.479 -278.571 1.87511
875.279 -284.386 1.59549
880.346 -301.308 0.780881
877.645 -287.464 1.45037
885.265 -308.389 0.444379
885.67 -308.344 0.446609
878.387 -286.661 1.4893
878.708 -286.846 1.48026
888.719 -306.357 0.535694
871.305 -264.651 2.54629
871.368 -264.603 2.54826
871.407 -264.501 2.55284
871.47 -264.454 2.55473
871.533 -264.407 2.55658
871.596 -264.362 2.55833
871.684 -264.368 2.55758
871.746 -264.321 2.55933
871.88 -264.419 2.55403
 ] }
 color Color { color [
0.203632 0 0.796368
0.203443 0 0.796557
0.20437 0 0.79563
0.558393 0 0.441607
0.324485 0 0.675515
0.285214 0 0.714786
0.239576 0 0.760424
0.35466 0 0.64534
0.436253 0 0.563747
0.438022 0 0.561978
0.391139 0 0.608861
0.479171 0 0.520829
0.481241 0 0.518759
0.336578 0 0.663422
0.295128 0 0.704872
0.386124 0 0.613876
0.369134 0 0.630867
0.422018 0 0.577982
0.266806 0 0.733194
0.309288 0 0.690712
0.395835 0 0.604165
0.224754 0 0.775246
0.224829 0 0.775171
0.428565 0 0.571435
0.555765 0 0.444235
0.524325 0 0.475675
0.363225 0 0.636775
0.27843 0 0.72157
0.406157 0 0.593843
0.437047 0 0.562953
0.325937 0 0.674063
0.325563 0 0.674437
0.576547 0 0.423453
0.367102 0 0.632898
0.366561 0 0.633439
0.490265 0 0.509735
0.349377 0 0.650623
0.349318 0 0.650682
0.280244 0 0.719756
0.554882 0 0.445118
0.248976 0 0.751024
0.248284 0 0.751716
0.249249 0 0.750751
0.310486 0 0.689514
0.576348 0 0.423652
0.203612 0 0.796388
0.203436 0 0.796564
0.204363 0 0.795637
0.558406 0 0.441594
0.324599 0 0.675401
0.285159 0 0.714841
0.240288 0 0.759712
0.239593 0 0.760407
0.354645 0 0.645355
0.436126 0 0.563874
0.391117 0 0.608883
0.479125 0 0.520875
0.48123 0 0.51877
0.336553 0 0.663447
0.295116 0 0.704884
0.386101 0 0.613899
0.369149 0 0.630851
0.421583 0 0.578417
0.266821 0 0.733179
0.309308 0 0.690692
0.395791 0 0.604209
0.224795 0 0.775205
0.224738 0 0.775262
0.428701 0 0.571299
0.555753 0 0.444247
0.52433 0 0.47567
0.363211 0 0.636789
0.278329 0 0.721671
0.406099 0 0.593901
0.437084 0 0.562916
0.326052 0 0.673948
0.325653 0 0.674347
0.576506 0 0.423494
0.367 0 0.633
0.366492 0 0.633508
0.490493 0 0.509507
0.349419 0 0.650581
0.349319 0 0.650681
0.280215 0 0.719785
0.554865 0 0.445135
0.24894 0 0.75106
0.248243 0 0.751757
0.249234 0 0.750766
0.310449 0 0.689551
0.576339 0 0.423661
0.203594 0 0.796406
0.203431 0 0.796569
0.204358 0 0.795642
0.55843 0 0.44157
0.324896 0 0.675104
0.285112 0 0.714888
0.240061 0 0.759939
0.239616 0 0.760384
0.354636 0 0.645364
0.436009 0 0.563991
0.391103 0 0.608897
0.479084 0 0.520916
0.481227 0 0.518773
0.336532 0 0.663468
0.295109 0 0.704891
0.386083 0 0.613917
0.369172 0 0.630828
0.421335 0 0.578665
0.26684 0 0.73316
0.309343 0 0.690657
0.395931 0 0.604069
0.490328 0 0.509672
0.224852 0 0.775148
0.22466 0 0.77534
0.428843 0 0.571157
0.555752 0 0.444248
0.524358 0 0.475642
0.363206 0 0.636794
0.278234 0 0.721766
0.406051 0 0.593949
0.437132 0 0.562868
0.326172 0 0.673828
0.325748 0 0.674252
0.576474 0 0.423526
0.366903 0 0.633097
0.366428 0 0.633572
0.490748 0 0.509252
0.349466 0 0.650534
0.349326 0 0.650674
0.28019 0 0.71981
0.554856 0 0.445144
0.248908 0 0.751092
0.248205 0 0.751795
0.249223 0 0.750777
0.310416 0 0.689584
0.576345 0 0.423655
0.348589 0 0.651411
0.203578 0 0.796422
0.20343 0 0.79657
0.204356 0 0.795644
0.558463 0 0.441537
0.285075 0 0.714925
0.239931 0 0.760069
0.239649 0 0.760351
0.354632 0 0.645368
0.435901 0 0.564099
0.391094 0 0.608906
0.479049 0 0.520951
0.481229 0 0.518771
0.336515 0 0.663485
0.295105 0 0.704895
0.386069 0 0.613931
0.369202 0 0.630798
0.421138 0 0.578862
0.266865 0 0.733135
0.309396 0 0.690604
0.490166 0 0.509834
0.22493 0 0.77507
0.224594 0 0.775406
0.428991 0 0.571009
0.555764 0 0.444236
0.524415 0 0.475585
0.363211 0 0.636789
0.278144 0 0.721856
0.406014 0 0.593986
0.51227 0 0.48773
0.437191 0 0.562809
0.326297 0 0.673703
0.325847 0 0.674153
0.576449 0 0.423551
0.36681 0 0.63319
0.366367 0 0.633633
0.49104 0 0.50896
0.349516 0 0.650483
0.349337 0 0.650663
0.280169 0 0.719831
0.554854 0 0.445146
0.248878 0 0.751122
0.24817 0 0.75183
0.249214 0 0.750786
0.310387 0 0.689613
0.576371 0 0.423629
0.348405 0 0.651595
0.569666 0 0.430334
0.203565 0 0.796435
0.20343 0 0.79657
0.204356 0 0.795644
0.558505 0 0.441495
0.285048 0 0.714952
0.239833 0 0.760167
0.239689 0 0.760311
0.354635 0 0.645365
0.435803 0 0.564197
0.391093 0 0.608907
0.47902 0 0.52098
0.336503 0 0.663497
0.295105 0 0.704895
0.386061 0 0.613939
0.369239 0 0.630762
0.42097 0 0.57903
0.266894 0 0.733106
0.309712 0 0.690288
0.309475 0 0.690525
0.49004 0 0.50996
0.225038 0 0.774962
0.224536 0 0.775464
0.429146 0 0.570854
0.555788 0 0.444212
0.524518 0 0.475482
0.363225 0 0.636775
0.278061 0 0.721939
0.405988 0 0.594012
0.51179 0 0.48821
0.437262 0 0.562738
0.509827 0 0.490173
0.326426 0 0.673574
0.32595 0 0.67405
0.576432 0 0.423568
0.366721 0 0.633279
0.366312 0 0.633688
0.491404 0 0.508596
0.349574 0 0.650426
0.349353 0 0.650647
0.280151 0 0.719849
0.554859 0 0.445141
0.248851 0 0.751149
0.248138 0 0.751862
0.249208 0 0.750791
0.310361 0 0.689639
0.576416 0 0.423584
0.348242 0 0.651758
0.569607 0 0.430393
0.569594 0 0.430406
0.203554 0 0.796446
0.203433 0 0.796567
0.204359 0 0.795641
0.558554 0 0.441446
0.285031 0 0.714969
0.239753 0 0.760247
0.239741 0 0.760259
0.354643 0 0.645357
0.435715 0 0.564285
0.391103 0 0.608897
0.478996 0 0.521004
0.336496 0 0.663504
0.295109 0 0.704891
0.386057 0 0.613943
0.369282 0 0.630718
0.420824 0 0.579176
0.266929 0 0.733071
0.30951 0 0.69049
0.309593 0 0.690407
0.489936 0 0.510064
0.225216 0 0.774784
0.224489 0 0.775511
0.429308 0 0.570692
0.555827 0 0.444173
0.524795 0 0.475205
0.363245 0 0.636755
0.277983 0 0.722017
0.405972 0 0.594028
0.511379 0 0.488621
0.437344 0 0.562656
0.509705 0 0.490295
0.326558 0 0.673442
0.326057 0 0.673943
0.576423 0 0.423577
0.366637 0 0.633363
0.366261 0 0.633739
0.349636 0 0.650364
0.349375 0 0.650625
0.280137 0 0.719863
0.459325 0 0.540675
0.55487 0 0.44513
0.248827 0 0.751173
0.24811 0 0.75189
0.249207 0 0.750793
0.310339 0 0.689661
0.576519 0 0.423481
0.348096 0 0.651904
0.569554 0 0.430446
0.569589 0 0.430411
0.341976 0 0.658023
0.203546 0 0.796454
0.203439 0 0.796561
0.204365 0 0.795635
0.43624 0 0.56376
0.432412 0 0.567588
0.430523 0 0.569476
0.285025 0 0.714975
0.239688 0 0.760312
0.239807 0 0.760193
0.354658 0 0.645342
0.435637 0 0.564363
0.391118 0 0.608882
0.478979 0 0.521021
0.336494 0 0.663506
0.295116 0 0.704884
0.386057 0 0.613943
0.369333 0 0.630667
0.420695 0 0.579305
0.266969 0 0.733032
0.309366 0 0.690634
0.309809 0 0.690191
0.489851 0 0.510149
0.224448 0 0.775552
0.429475 0 0.570525
0.555881 0 0.444119
0.363275 0 0.636725
0.277913 0 0.722087
0.405968 0 0.594032
0.511014 0 0.488986
0.437438 0 0.562562
0.50959 0 0.49041
0.326699 0 0.673301
0.326168 0 0.673832
0.576419 0 0.423581
0.366558 0 0.633442
0.366214 0 0.633786
0.349705 0 0.650295
0.349399 0 0.650601
0.280126 0 0.719874
0.554888 0 0.445112
0.248807 0 0.751193
0.248084 0 0.751916
0.249207 0 0.750793
0.310322 0 0.689678
0.347968 0 0.652032
0.569509 0 0.430491
0.569591 0 0.430409
0.341889 0 0.658111
0.343652 0 0.656348
0.20354 0 0.79646
0.203447 0 0.796553
0.204373 0 0.795627
0.433573 0 0.566427
0.429792 0 0.570208
0.428655 0 0.571345
0.431189 0 0.568811
0.433775 0 0.566225
0.436413 0 0.563587
0.439105 0 0.560895
0.285033 0 0.714967
0.239634 0 0.760366
0.239889 0 0.760111
0.354678 0 0.645322
0.435568 0 0.564432
0.589594 0 0.410406
0.579977 0 0.420023
0.576427 0 0.423573
0.578188 0 0.421812
0.579988 0 0.420012
0.391143 0 0.608857
0.478967 0 0.521033
0.336495 0 0.663505
0.295128 0 0.704872
0.386063 0 0.613937
0.369391 0 0.630609
0.420581 0 0.579419
0.267014 0 0.732986
0.30925 0 0.69075
0.48978 0 0.51022
0.224416 0 0.775584
0.42965 0 0.57035
0.555952 0 0.444048
0.363313 0 0.636687
0.277849 0 0.722151
0.405977 0 0.594023
0.510678 0 0.489322
0.437544 0 0.562456
0.509481 0 0.490519
0.326841 0 0.673159
0.326284 0 0.673716
0.576425 0 0.423575
0.366483 0 0.633517
0.366172 0 0.633828
0.349778 0 0.650222
0.349431 0 0.650569
0.280119 0 0.719881
0.554914 0 0.445086
0.248789 0 0.751211
0.248061 0 0.751939
0.249211 0 0.750789
0.310307 0 0.689693
0.347856 0 0.652144
0.569471 0 0.430529
0.569601 0 0.430399
0.341808 0 0.658192
0.343671 0 0.656329
0.59124 0 0.40876
0.595323 0 0.404677
0.599484 0 0.400516
0.203537 0 0.796463
0.203458 0 0.796542
0.204383 0 0.795617
0.430942 0 0.569058
0.427207 0 0.572793
0.426808 0 0.573192
0.429321 0 0.570679
0.431884 0 0.568116
0.434498 0 0.565502
0.437166 0 0.562834
0.439889 0 0.560111
0.285056 0 0.714944
0.285639 0 0.714361
0.239589 0 0.760411
0.240001 0 0.759999
0.354704 0 0.645296
0.435509 0 0.564491
0.583843 0 0.416157
0.574411 0 0.425589
0.574432 0 0.425568
0.576181 0 0.423819
0.577968 0 0.422032
0.391179 0 0.608821
0.581662 0 0.418338
0.47896 0 0.521039
0.336502 0 0.663498
0.295143 0 0.704857
0.386073 0 0.613927
0.369456 0 0.630544
0.420482 0 0.579518
0.267751 0 0.732249
0.267065 0 0.732935
0.309156 0 0.690844
0.394469 0 0.605531
0.489721 0 0.510279
0.224391 0 0.775609
0.429831 0 0.570169
0.55605 0 0.44395
0.363358 0 0.636642
0.277792 0 0.722208
0.405998 0 0.594002
0.510365 0 0.489635
0.437661 0 0.562339
0.509378 0 0.490622
0.326988 0 0.673012
0.326404 0 0.673596
0.576439 0 0.423561
0.366441 0 0.633559
0.366134 0 0.633865
0.349855 0 0.650145
0.349466 0 0.650534
0.280116 0 0.719884
0.554946 0 0.445054
0.248774 0 0.751226
0.248042 0 0.751958
0.249218 0 0.750782
0.310297 0 0.689703
0.347761 0 0.652239
0.569438 0 0.430562
0.569617 0 0.430383
0.341769 0 0.658231
0.343695 0 0.656305
0.554425 0 0.445575
0.557964 0 0.442036
0.561638 0 0.438362
0.565403 0 0.434597
0.569242 0 0.430758
0.573141 0 0.426859
0.577074 0 0.422926
0.581084 0 0.418916
0.585226 0 0.414774
0.589447 0 0.410553
0.352581 0 0.647419
0.349528 0 0.650473
0.346542 0 0.653458
0.344699 0 0.655301
0.346981 0 0.653019
0.349311 0 0.650689
0.203536 0 0.796464
0.203472 0 0.796528
0.204397 0 0.795603
0.428349 0 0.571651
0.426391 0 0.573609
0.425996 0 0.574004
0.427474 0 0.572526
0.430015 0 0.569985
0.432607 0 0.567393
0.435252 0 0.564748
0.439183 0 0.560817
0.285098 0 0.714902
0.285334 0 0.714666
0.239553 0 0.760447
0.240188 0 0.759812
0.354736 0 0.645264
0.43546 0 0.56454
0.578208 0 0.421792
0.570759 0 0.429241
0.572458 0 0.427542
0.574195 0 0.425805
0.57597 0 0.42403
0.391226 0 0.608774
0.579638 0 0.420362
0.581532 0 0.418468
0.47896 0 0.52104
0.336513 0 0.663487
0.295162 0 0.704838
0.386088 0 0.613912
0.369529 0 0.630471
0.420396 0 0.579604
0.267639 0 0.732361
0.267122 0 0.732878
0.309078 0 0.690922
0.394128 0 0.605872
0.489672 0 0.510328
0.224373 0 0.775627
0.430019 0 0.569981
0.556183 0 0.443817
0.36341 0 0.63659
0.277742 0 0.722258
0.278323 0 0.721677
0.406034 0 0.593966
0.510075 0 0.489925
0.437792 0 0.562208
0.509281 0 0.490719
0.327143 0 0.672857
0.326529 0 0.673471
0.57646 0 0.42354
0.366408 0 0.633592
0.366101 0 0.633899
0.349938 0 0.650061
0.349506 0 0.650494
0.280116 0 0.719884
0.554985 0 0.445015
0.248762 0 0.751238
0.248025 0 0.751975
0.249228 0 0.750772
0.31029 0 0.68971
0.534001 0 0.465999
0.347681 0 0.652319
0.569413 0 0.430587
0.569642 0 0.430358
0.341733 0 0.658267
0.343723 0 0.656277
0.521882 0 0.478118
0.525106 0 0.474894
0.528408 0 0.471592
0.531739 0 0.468261
0.535121 0 0.464879
0.538571 0 0.461429
0.54212 0 0.45788
0.545677 0 0.454323
0.35329 0 0.64671
0.350207 0 0.649793
0.347194 0 0.652806
0.344249 0 0.655751
0.343397 0 0.656603
0.34542 0 0.65458
0.347729 0 0.652272
0.350086 0 0.649914
0.352491 0 0.647509
0.585483 0 0.414517
0.203537 0 0.796463
0.203487 0 0.796513
0.204412 0 0.795588
0.426803 0 0.573197
0.426386 0 0.573614
0.425991 0 0.574009
0.426345 0 0.573655
0.428699 0 0.571301
0.431099 0 0.568901
0.433549 0 0.566451
0.439974 0 0.560026
0.579718 0 0.420282
0.578252 0 0.421748
0.285167 0 0.714833
0.285142 0 0.714858
0.239523 0 0.760477
0.354774 0 0.645226
0.435421 0 0.564579
0.572687 0 0.427313
0.568818 0 0.431182
0.570505 0 0.429495
0.572229 0 0.427771
0.573992 0 0.426008
0.391289 0 0.608711
0.577635 0 0.422365
0.579515 0 0.420485
0.478966 0 0.521034
0.336529 0 0.663471
0.295185 0 0.704815
0.386108 0 0.613892
0.369609 0 0.630391
0.420321 0 0.579679
0.26757 0 0.73243
0.267185 0 0.732815
0.309014 0 0.690986
0.393839 0 0.606161
0.489633 0 0.510367
0.224362 0 0.775638
0.430215 0 0.569785
0.556392 0 0.443608
0.363469 0 0.636531
0.2777 0 0.7223
0.278071 0 0.721929
0.406087 0 0.593913
0.509803 0 0.490197
0.437937 0 0.562063
0.50919 0 0.49081
0.327299 0 0.672701
0.326657 0 0.673343
0.576489 0 0.423511
0.366379 0 0.633621
0.366072 0 0.633928
0.350029 0 0.649971
0.349552 0 0.650448
0.28012 0 0.71988
0.555032 0 0.444968
0.248753 0 0.751247
0.248011 0 0.751989
0.249242 0 0.750758
0.310287 0 0.689713
0.533664 0 0.466336
0.34762 0 0.65238
0.569395 0 0.430605
0.569674 0 0.430326
0.341702 0 0.658298
0.343756 0 0.656244
0.522309 0 0.477691
0.493054 0 0.506946
0.495958 0 0.504042
0.498843 0 0.501157
0.501865 0 0.498135
0.504865 0 0.495135
0.507966 0 0.492034
0.354021 0 0.645979
0.35091 0 0.64909
0.347869 0 0.652131
0.344895 0 0.655105
0.343647 0 0.656353
0.343345 0 0.656655
0.343877 0 0.656123
0.346165 0 0.653835
0.348501 0 0.651499
0.350885 0 0.649115
0.353319 0 0.646681
0.203541 0 0.796459
0.203506 0 0.796494
0.204431 0 0.795569
0.426803 0 0.573197
0.426387 0 0.573613
0.425991 0 0.574009
0.42641 0 0.57359
0.428765 0 0.571235
0.431166 0 0.568834
0.433616 0 0.566384
0.440778 0 0.559222
0.546799 0 0.453201
0.445181 0 0.554819
0.458112 0 0.541888
0.576106 0 0.423894
0.574975 0 0.425025
0.285278 0 0.714722
0.284993 0 0.715007
0.239502 0 0.760498
0.354818 0 0.645182
0.437388 0 0.562612
0.435392 0 0.564608
0.567276 0 0.432724
0.566896 0 0.433104
0.568572 0 0.431428
0.570285 0 0.429715
0.572035 0 0.427965
0.391375 0 0.608625
0.575653 0 0.424347
0.577521 0 0.422479
0.478977 0 0.521023
0.33655 0 0.66345
0.295213 0 0.704787
0.386133 0 0.613867
0.369697 0 0.630303
0.420258 0 0.579742
0.267525 0 0.732475
0.267254 0 0.732746
0.308962 0 0.691038
0.393583 0 0.606417
0.489605 0 0.510395
0.224357 0 0.775643
0.43042 0 0.56958
0.363536 0 0.636464
0.277667 0 0.722333
0.277879 0 0.722121
0.406161 0 0.593839
0.509548 0 0.490452
0.438097 0 0.561903
0.509107 0 0.490893
0.327459 0 0.672541
0.32679 0 0.67321
0.576526 0 0.423474
0.366354 0 0.633646
0.366048 0 0.633952
0.350123 0 0.649877
0.349602 0 0.650398
0.280128 0 0.719872
0.555085 0 0.444915
0.248747 0 0.751253
0.248001 0 0.751999
0.249259 0 0.750741
0.310287 0 0.689713
0.533527 0 0.466473
0.347576 0 0.652424
0.569383 0 0.430617
0.569713 0 0.430287
0.341675 0 0.658324
0.343794 0 0.656206
0.522379 0 0.477621
0.467228 0 0.532772
0.469835 0 0.530165
0.472464 0 0.527536
0.475161 0 0.524839
0.477879 0 0.522121
0.35201 0 0.64799
0.34867 0 0.65133
0.345564 0 0.654436
0.343919 0 0.656081
0.3436 0 0.6564
0.343297 0 0.656703
0.343012 0 0.656988
0.34462 0 0.65538
0.346935 0 0.653065
0.349297 0 0.650703
0.351709 0 0.648291
0.203548 0 0.796452
0.203527 0 0.796473
0.204453 0 0.795547
0.426809 0 0.573191
0.426392 0 0.573608
0.425996 0 0.574004
0.426482 0 0.573518
0.428836 0 0.571164
0.431238 0 0.568762
0.433689 0 0.566311
0.441596 0 0.558404
0.452913 0 0.547087
0.445893 0 0.554107
0.459336 0 0.540664
0.568894 0 0.431106
0.573365 0 0.426635
0.575619 0 0.424381
0.574505 0 0.425495
0.587179 0 0.412821
0.592003 0 0.407997
0.596911 0 0.403089
0.285539 0 0.714461
0.28487 0 0.71513
0.239486 0 0.760514
0.354869 0 0.645131
0.436953 0 0.563047
0.435373 0 0.564627
0.563367 0 0.436633
0.564994 0 0.435006
0.566659 0 0.433341
0.56836 0 0.43164
0.570099 0 0.429901
0.391497 0 0.608503
0.573691 0 0.426309
0.575546 0 0.424454
0.478994 0 0.521006
0.336575 0 0.663425
0.295243 0 0.704757
0.386162 0 0.613838
0.369793 0 0.630207
0.420205 0 0.579795
0.267495 0 0.732505
0.267331 0 0.732669
0.308921 0 0.691079
0.393351 0 0.606649
0.489585 0 0.510415
0.224359 0 0.775641
0.43063 0 0.56937
0.36361 0 0.63639
0.277644 0 0.722356
0.277713 0 0.722287
0.406257 0 0.593742
0.50931 0 0.49069
0.438274 0 0.561726
0.509079 0 0.490921
0.327625 0 0.672375
0.326928 0 0.673072
0.576571 0 0.423429
0.366335 0 0.633665
0.366028 0 0.633972
0.350225 0 0.649775
0.349657 0 0.650343
0.28014 0 0.71986
0.555145 0 0.444855
0.248745 0 0.751255
0.247993 0 0.752007
0.249279 0 0.750721
0.310291 0 0.689709
0.533442 0 0.466558
0.34755 0 0.65245
0.569379 0 0.430621
0.569758 0 0.430242
0.341653 0 0.658347
0.343835 0 0.656165
0.522476 0 0.477524
0.426939 0 0.573061
0.309517 0 0.690483
0.437066 0 0.562934
0.28749 0 0.71251
0.290275 0 0.709725
0.351824 0 0.648176
0.348488 0 0.651512
0.345232 0 0.654768
0.343875 0 0.656125
0.343556 0 0.656444
0.343254 0 0.656746
0.342969 0 0.657031
0.343093 0 0.656907
0.345387 0 0.654613
0.347728 0 0.652272
0.350117 0 0.649883
0.203556 0 0.796444
0.20355 0 0.79645
0.43014 0 0.56986
0.42682 0 0.57318
0.426403 0 0.573597
0.426007 0 0.573993
0.426557 0 0.573443
0.428913 0 0.571087
0.431316 0 0.568684
0.433766 0 0.566234
0.442409 0 0.557591
0.448979 0 0.551021
0.447473 0 0.552527
0.460819 0 0.539181
0.531463 0 0.468537
0.535309 0 0.464691
0.539248 0 0.460752
0.543303 0 0.456697
0.547414 0 0.452586
0.551525 0 0.448475
0.555808 0 0.444192
0.560094 0 0.439906
0.564499 0 0.435501
0.323571 0 0.676429
0.284765 0 0.715235
0.239477 0 0.760523
0.583012 0 0.416988
0.587865 0 0.412135
0.592825 0 0.407175
0.354926 0 0.645074
0.436663 0 0.563337
0.435364 0 0.564636
0.561495 0 0.438505
0.563112 0 0.436888
0.564765 0 0.435235
0.566455 0 0.433545
0.568182 0 0.431818
0.569947 0 0.430053
0.57175 0 0.42825
0.573592 0 0.426408
0.479017 0 0.520983
0.336605 0 0.663395
0.295279 0 0.704721
0.386196 0 0.613804
0.369898 0 0.630102
0.420164 0 0.579836
0.267477 0 0.732523
0.267415 0 0.732585
0.308891 0 0.691109
0.393137 0 0.606863
0.489574 0 0.510426
0.224368 0 0.775632
0.430849 0 0.569151
0.363691 0 0.636309
0.277634 0 0.722366
0.277565 0 0.722435
0.406389 0 0.593611
0.509088 0 0.490912
0.438471 0 0.561529
0.509056 0 0.490944
0.327797 0 0.672203
0.327069 0 0.672931
0.576624 0 0.423376
0.366319 0 0.633681
0.366013 0 0.633987
0.350335 0 0.649665
0.349716 0 0.650284
0.280155 0 0.719845
0.555212 0 0.444788
0.248745 0 0.751255
0.247989 0 0.752011
0.249302 0 0.750698
0.3103 0 0.6897
0.533391 0 0.466609
0.347546 0 0.652454
0.569381 0 0.430619
0.569813 0 0.430187
0.341634 0 0.658366
0.343881 0 0.656119
0.522603 0 0.477397
0.428447 0 0.571553
0.562362 0 0.437638
0.28387 0 0.71613
0.280921 0 0.719079
0.282938 0 0.717062
0.289181 0 0.710819
0.342384 0 0.657616
0.345056 0 0.654944
0.343836 0 0.656164
0.343517 0 0.656483
0.343215 0 0.656785
0.34293 0 0.65707
0.342662 0 0.657338
0.343857 0 0.656143
0.259285 0 0.740716
0.260011 0 0.739989
0.203567 0 0.796433
0.203577 0 0.796423
0.2468 0 0.7532
0.244881 0 0.755119
0.242096 0 0.757904
0.243649 0 0.756351
0.426638 0 0.573362
0.428995 0 0.571005
0.431398 0 0.568602
0.43385 0 0.56615
0.443241 0 0.556759
0.449874 0 0.550126
0.491938 0 0.508062
0.462521 0 0.53748
0.472115 0 0.527885
0.502021 0 0.497979
0.505512 0 0.494488
0.509001 0 0.490999
0.512607 0 0.487393
0.51623 0 0.48377
0.51999 0 0.48001
0.523787 0 0.476213
0.527607 0 0.472393
0.323565 0 0.676435
0.284674 0 0.715326
0.239474 0 0.760526
0.543771 0 0.456229
0.547939 0 0.452061
0.552275 0 0.447725
0.35499 0 0.64501
0.561089 0 0.438911
0.565659 0 0.434341
0.436432 0 0.563568
0.435366 0 0.564634
0.559643 0 0.440357
0.561249 0 0.438751
0.562891 0 0.437109
0.564569 0 0.435431
0.566285 0 0.433715
0.568038 0 0.431962
0.569829 0 0.430171
0.571658 0 0.428342
0.479046 0 0.520954
0.296315 0 0.703685
0.295317 0 0.704683
0.386235 0 0.613765
0.370011 0 0.629989
0.420133 0 0.579867
0.267468 0 0.732532
0.267508 0 0.732492
0.30887 0 0.69113
0.392939 0 0.607061
0.489573 0 0.510427
0.224382 0 0.775618
0.431077 0 0.568923
0.363779 0 0.636221
0.277641 0 0.722359
0.277429 0 0.722571
0.406581 0 0.593419
0.508881 0 0.491119
0.438692 0 0.561308
0.50904 0 0.49096
0.327976 0 0.672024
0.327214 0 0.672786
0.576684 0 0.423316
0.366308 0 0.633692
0.366002 0 0.633998
0.350453 0 0.649547
0.34978 0 0.65022
0.280174 0 0.719826
0.555287 0 0.444713
0.248748 0 0.751252
0.247987 0 0.752013
0.249328 0 0.750672
0.310312 0 0.689688
0.533365 0 0.466635
0.347566 0 0.652434
0.56939 0 0.43061
0.569871 0 0.430129
0.34162 0 0.65838
0.34393 0 0.65607
0.522763 0 0.477237
0.562394 0 0.437606
0.110732 0 0.889268
0.276802 0 0.723198
0.274227 0 0.725773
0.272506 0 0.727494
0.271009 0 0.728991
0.269541 0 0.730459
0.268089 0 0.731911
0.266682 0 0.733318
0.265283 0 0.734717
0.263596 0 0.736404
0.261729 0 0.738271
0.253033 0 0.746967
0.250924 0 0.749076
0.248888 0 0.751112
0.203582 0 0.796418
0.203605 0 0.796395
0.242837 0 0.757163
0.240662 0 0.759338
0.240593 0 0.759407
0.241714 0 0.758286
0.243641 0 0.756359
0.427367 0 0.572633
0.429734 0 0.570266
0.432187 0 0.567813
0.437676 0 0.562324
0.444923 0 0.555077
0.452248 0 0.547752
0.459822 0 0.540178
0.467792 0 0.532208
0.4726 0 0.5274
0.475719 0 0.524282
0.478854 0 0.521146
0.482017 0 0.517983
0.249748 0 0.750252
0.248939 0 0.751061
0.491873 0 0.508127
0.495258 0 0.504742
0.323572 0 0.676428
0.249294 0 0.750706
0.239477 0 0.760523
0.247458 0 0.752542
0.246784 0 0.753216
0.246503 0 0.753497
0.246235 0 0.753765
0.246615 0 0.753385
0.246765 0 0.753235
0.246129 0 0.753871
0.245704 0 0.754296
0.245285 0 0.754715
0.245025 0 0.754975
0.244999 0 0.755001
0.244829 0 0.755171
0.245114 0 0.754886
0.245299 0 0.754701
0.245827 0 0.754173
0.246043 0 0.753957
0.247003 0 0.752997
0.246914 0 0.753086
0.247545 0 0.752455
0.24839 0 0.75161
0.249493 0 0.750507
0.249446 0 0.750554
0.249897 0 0.750103
0.29536 0 0.70464
0.386279 0 0.613721
0.370134 0 0.629866
0.420113 0 0.579887
0.267467 0 0.732533
0.267612 0 0.732388
0.308858 0 0.691142
0.392755 0 0.607245
0.489578 0 0.510422
0.224404 0 0.775596
0.431314 0 0.568686
0.590575 0 0.409425
0.363874 0 0.636126
0.277671 0 0.722329
0.277305 0 0.722695
0.574948 0 0.425052
0.50869 0 0.49131
0.43895 0 0.56105
0.50903 0 0.49097
0.328156 0 0.671844
0.327365 0 0.672635
0.576753 0 0.423247
0.366302 0 0.633698
0.365995 0 0.634005
0.350582 0 0.649418
0.349849 0 0.650151
0.280196 0 0.719804
0.555368 0 0.444632
0.248754 0 0.751246
0.247989 0 0.752011
0.249357 0 0.750643
0.310328 0 0.689672
0.348196 0 0.651804
0.347618 0 0.652382
0.569406 0 0.430594
0.569941 0 0.430059
0.341609 0 0.658391
0.343986 0 0.656014
0.522962 0 0.477038
0.562433 0 0.437567
0.110702 0 0.889298
0.110517 0 0.889483
0.270012 0 0.729988
0.268538 0 0.731462
0.267075 0 0.732925
0.265589 0 0.734411
0.26379 0 0.73621
0.261603 0 0.738397
0.259546 0 0.740454
0.258585 0 0.741415
0.251572 0 0.748428
0.249673 0 0.750327
0.247638 0 0.752362
0.245646 0 0.754354
0.203597 0 0.796403
0.203636 0 0.796364
0.239256 0 0.760744
0.23811 0 0.76189
0.23862 0 0.76138
0.240147 0 0.759853
0.241732 0 0.758268
0.24214 0 0.75786
0.280128 0 0.719872
0.28072 0 0.71928
0.281334 0 0.718665
0.281785 0 0.718215
0.282431 0 0.717569
0.281746 0 0.718254
0.281828 0 0.718172
0.283225 0 0.716775
0.245893 0 0.754107
0.246 0 0.754
0.245642 0 0.754358
0.245084 0 0.754916
0.244596 0 0.755404
0.244118 0 0.755881
0.243705 0 0.756295
0.243302 0 0.756698
0.242934 0 0.757066
0.239486 0 0.760514
0.242363 0 0.757637
0.242224 0 0.757776
0.242272 0 0.757728
0.241963 0 0.758037
0.241965 0 0.758035
0.241879 0 0.758121
0.241895 0 0.758105
0.242136 0 0.757864
0.24238 0 0.75762
0.242488 0 0.757512
0.242619 0 0.757381
0.242789 0 0.757211
0.242948 0 0.757052
0.243082 0 0.756918
0.243358 0 0.756642
0.243852 0 0.756148
0.244373 0 0.755627
0.244913 0 0.755087
0.245459 0 0.754542
0.246013 0 0.753987
0.24658 0 0.75342
0.247178 0 0.752822
0.247877 0 0.752123
0.248633 0 0.751367
0.249403 0 0.750597
0.250189 0 0.749811
0.250991 0 0.749009
0.251865 0 0.748135
0.252699 0 0.747301
0.25359 0 0.74641
0.25435 0 0.74565
0.255174 0 0.744826
0.256126 0 0.743874
0.257347 0 0.742653
0.258191 0 0.741809
0.267726 0 0.732274
0.308856 0 0.691144
0.392584 0 0.607416
0.489593 0 0.510407
0.224432 0 0.775568
0.43156 0 0.56844
0.591263 0 0.408737
0.363976 0 0.636024
0.277745 0 0.722255
0.27719 0 0.72281
0.575271 0 0.424729
0.508513 0 0.491487
0.439274 0 0.560726
0.509026 0 0.490974
0.328347 0 0.671653
0.327519 0 0.672481
0.57683 0 0.42317
0.3663 0 0.6337
0.365994 0 0.634006
0.35072 0 0.64928
0.349922 0 0.650078
0.280222 0 0.719778
0.555456 0 0.444544
0.248763 0 0.751237
0.247993 0 0.752007
0.249389 0 0.750611
0.310347 0 0.689653
0.347824 0 0.652176
0.347708 0 0.652292
0.569429 0 0.430571
0.570013 0 0.429987
0.341603 0 0.658396
0.344043 0 0.655957
0.523216 0 0.476784
0.562481 0 0.437519
0.110674 0 0.889326
0.110489 0 0.889511
0.11031 0 0.88969
0.263751 0 0.736249
0.261624 0 0.738376
0.259391 0 0.740609
0.257349 0 0.742651
0.256174 0 0.743826
0.252476 0 0.747524
0.250213 0 0.749787
0.248434 0 0.751566
0.246421 0 0.753579
0.244411 0 0.755589
0.242208 0 0.757792
0.203617 0 0.796383
0.203669 0 0.796331
0.235559 0 0.764441
0.235494 0 0.764506
0.235312 0 0.764688
0.236186 0 0.763814
0.236921 0 0.763079
0.237349 0 0.762651
0.237984 0 0.762016
0.238682 0 0.761318
0.239322 0 0.760678
0.240238 0 0.759762
0.242494 0 0.757506
0.242071 0 0.757929
0.220122 0 0.779878
0.220156 0 0.779844
0.220205 0 0.779795
0.220237 0 0.779763
0.220272 0 0.779728
0.241243 0 0.758757
0.240731 0 0.759269
0.240258 0 0.759742
0.239822 0 0.760178
0.239511 0 0.760489
0.239489 0 0.760511
0.239492 0 0.760508
0.239455 0 0.760545
0.239691 0 0.760309
0.239811 0 0.760189
0.239855 0 0.760145
0.239945 0 0.760055
0.240132 0 0.759868
0.240324 0 0.759676
0.240524 0 0.759476
0.24076 0 0.75924
0.241026 0 0.758974
0.241164 0 0.758836
0.241198 0 0.758802
0.241189 0 0.758811
0.241253 0 0.758747
0.241625 0 0.758375
0.241934 0 0.758066
0.242466 0 0.757534
0.242973 0 0.757027
0.243571 0 0.756429
0.244194 0 0.755806
0.244769 0 0.755231
0.245329 0 0.754671
0.246008 0 0.753992
0.246738 0 0.753262
0.247495 0 0.752505
0.248256 0 0.751744
0.248984 0 0.751016
0.249727 0 0.750273
0.250485 0 0.749515
0.25126 0 0.74874
0.252058 0 0.747942
0.252848 0 0.747152
0.25363 0 0.74637
0.254438 0 0.745562
0.255282 0 0.744718
0.25633 0 0.74367
0.257517 0 0.742483
0.258807 0 0.741193
0.260147 0 0.739853
0.26152 0 0.73848
0.187576 0 0.812424
0.264366 0 0.735634
0.224466 0 0.775534
0.431815 0 0.568185
0.591597 0 0.408403
0.364084 0 0.635916
0.277084 0 0.722916
0.575602 0 0.424398
0.508351 0 0.491649
0.509028 0 0.490972
0.328541 0 0.671459
0.327678 0 0.672322
0.576915 0 0.423085
0.366302 0 0.633698
0.366249 0 0.633751
0.350883 0 0.649117
0.35 0 0.65
0.280253 0 0.719747
0.555551 0 0.444449
0.248776 0 0.751224
0.248001 0 0.751999
0.249425 0 0.750575
0.31037 0 0.68963
0.347572 0 0.652428
0.347866 0 0.652134
0.569459 0 0.430541
0.570096 0 0.429904
0.341602 0 0.658398
0.344106 0 0.655894
0.523554 0 0.476446
0.430604 0 0.569396
0.110647 0 0.889353
0.110462 0 0.889538
0.109931 0 0.890069
0.10977 0 0.89023
0.246806 0 0.753194
0.254549 0 0.745451
0.25321 0 0.74679
0.250826 0 0.749174
0.248561 0 0.751439
0.246983 0 0.753017
0.245186 0 0.754814
0.243041 0 0.756959
0.24031 0 0.75969
0.237528 0 0.762472
0.203638 0 0.796362
0.203705 0 0.796295
0.232073 0 0.767927
0.231337 0 0.768663
0.230624 0 0.769376
0.229938 0 0.770062
0.228847 0 0.771153
0.228287 0 0.771713
0.226979 0 0.773021
0.224499 0 0.775501
0.222458 0 0.777542
0.219688 0 0.780312
0.218828 0 0.781172
0.218652 0 0.781348
0.218532 0 0.781468
0.218464 0 0.781536
0.218301 0 0.781699
0.2181 0 0.7819
0.218076 0 0.781924
0.21789 0 0.78211
0.217531 0 0.782469
0.217858 0 0.782142
0.236481 0 0.763519
0.236981 0 0.763019
0.237339 0 0.762661
0.237655 0 0.762345
0.237842 0 0.762158
0.238051 0 0.761949
0.238178 0 0.761822
0.238346 0 0.761654
0.23852 0 0.76148
0.238705 0 0.761295
0.23896 0 0.76104
0.239237 0 0.760763
0.239462 0 0.760538
0.239693 0 0.760306
0.239521 0 0.760479
0.239331 0 0.760669
0.239384 0 0.760616
0.239463 0 0.760537
0.239623 0 0.760377
0.239833 0 0.760167
0.240363 0 0.759637
0.240923 0 0.759077
0.241489 0 0.758511
0.242081 0 0.757919
0.242764 0 0.757236
0.243422 0 0.756578
0.244035 0 0.755965
0.244654 0 0.755346
0.245352 0 0.754648
0.246057 0 0.753943
0.246761 0 0.753239
0.247458 0 0.752542
0.248167 0 0.751833
0.248891 0 0.751109
0.249637 0 0.750363
0.250393 0 0.749607
0.251161 0 0.748839
0.251958 0 0.748042
0.252783 0 0.747217
0.253693 0 0.746307
0.254652 0 0.745348
0.255897 0 0.744103
0.257216 0 0.742784
0.258554 0 0.741446
0.259914 0 0.740086
0.261307 0 0.738693
0.224507 0 0.775493
0.264177 0 0.735823
0.265653 0 0.734347
0.267156 0 0.732844
0.268677 0 0.731323
0.27039 0 0.72961
0.272351 0 0.727649
0.3642 0 0.6358
0.276985 0 0.723015
0.575943 0 0.424057
0.508205 0 0.491795
0.509037 0 0.490963
0.328744 0 0.671256
0.32784 0 0.67216
0.577007 0 0.422993
0.366309 0 0.633691
0.366521 0 0.633479
0.494493 0 0.505507
0.351091 0 0.648909
0.350082 0 0.649918
0.467059 0 0.532941
0.280286 0 0.719714
0.555653 0 0.444347
0.248791 0 0.751209
0.248012 0 0.751988
0.249463 0 0.750537
0.310398 0 0.689602
0.347375 0 0.652625
0.348236 0 0.651764
0.569496 0 0.430504
0.570183 0 0.429817
0.341604 0 0.658396
0.344172 0 0.655828
0.524213 0 0.475787
0.430602 0 0.569398
0.110621 0 0.889379
0.110436 0 0.889564
0.109657 0 0.890343
0.109485 0 0.890515
0.109319 0 0.890681
0.240064 0 0.759936
0.238754 0 0.761246
0.237482 0 0.762518
0.237271 0 0.762729
0.23807 0 0.76193
0.238456 0 0.761544
0.236233 0 0.763767
0.232485 0 0.767515
0.231084 0 0.768916
0.203662 0 0.796338
0.203744 0 0.796256
0.228831 0 0.771169
0.227517 0 0.772483
0.225511 0 0.774489
0.223576 0 0.776424
0.221665 0 0.778335
0.219834 0 0.780166
0.218024 0 0.781976
0.216698 0 0.783302
0.215883 0 0.784117
0.216095 0 0.783905
0.216475 0 0.783525
0.216828 0 0.783172
0.216856 0 0.783144
0.216721 0 0.783279
0.21583 0 0.78417
0.214103 0 0.785897
0.210401 0 0.789599
0.206438 0 0.793562
0.204234 0 0.795766
0.203071 0 0.796929
0.202455 0 0.797545
0.202057 0 0.797943
0.202009 0 0.797991
0.202135 0 0.797865
0.202376 0 0.797624
0.21155 0 0.78845
0.197557 0 0.802443
0.236934 0 0.763066
0.23707 0 0.76293
0.237282 0 0.762717
0.237664 0 0.762336
0.237984 0 0.762016
0.238202 0 0.761798
0.238329 0 0.761671
0.238041 0 0.761959
0.237897 0 0.762103
0.237788 0 0.762212
0.237684 0 0.762316
0.23777 0 0.76223
0.238043 0 0.761957
0.238418 0 0.761582
0.238801 0 0.761199
0.239283 0 0.760717
0.239856 0 0.760144
0.240474 0 0.759526
0.241099 0 0.758901
0.241733 0 0.758267
0.242389 0 0.757611
0.243058 0 0.756942
0.243725 0 0.756275
0.244405 0 0.755595
0.245099 0 0.754901
0.245801 0 0.754199
0.246512 0 0.753488
0.247235 0 0.752765
0.247978 0 0.752022
0.248738 0 0.751262
0.249522 0 0.750478
0.250328 0 0.749672
0.251175 0 0.748825
0.252056 0 0.747944
0.253183 0 0.746817
0.254337 0 0.745663
0.188217 0 0.811783
0.256987 0 0.743013
0.25834 0 0.74166
0.224556 0 0.775444
0.261139 0 0.738861
0.262581 0 0.737419
0.264049 0 0.735951
0.265546 0 0.734454
0.267061 0 0.732939
0.268603 0 0.731397
0.270185 0 0.729815
0.271798 0 0.728202
0.273441 0 0.726559
0.275116 0 0.724884
0.276822 0 0.723178
0.278551 0 0.721449
0.280327 0 0.719673
0.282804 0 0.717196
0.509051 0 0.490949
0.328959 0 0.671041
0.328007 0 0.671993
0.577108 0 0.422892
0.366321 0 0.63368
0.366795 0 0.633205
0.49449 0 0.50551
0.350168 0 0.649832
0.46755 0 0.53245
0.280323 0 0.719677
0.493439 0 0.506561
0.489439 0 0.510561
0.485524 0 0.514476
0.24881 0 0.75119
0.248025 0 0.751975
0.249504 0 0.750496
0.310429 0 0.689571
0.347214 0 0.652786
0.569541 0 0.430459
0.570277 0 0.429723
0.341611 0 0.658389
0.344244 0 0.655756
0.562672 0 0.437328
0.110597 0 0.889403
0.110412 0 0.889588
0.109633 0 0.890367
0.109461 0 0.890539
0.109295 0 0.890705
0.109135 0 0.890865
0.215711 0 0.784289
0.216021 0 0.783979
0.21634 0 0.78366
0.214931 0 0.785069
0.214126 0 0.785874
0.22929 0 0.77071
0.228598 0 0.771402
0.227871 0 0.772129
0.203688 0 0.796312
0.203785 0 0.796215
0.222238 0 0.777762
0.220319 0 0.779681
0.218457 0 0.781543
0.216855 0 0.783145
0.215518 0 0.784482
0.214238 0 0.785762
0.213822 0 0.786178
0.213756 0 0.786244
0.213847 0 0.786153
0.214168 0 0.785832
0.214363 0 0.785637
0.213942 0 0.786058
0.21348 0 0.78652
0.210658 0 0.789342
0.205774 0 0.794226
0.20372 0 0.79628
0.203224 0 0.796776
0.202263 0 0.797737
0.20159 0 0.79841
0.200999 0 0.799001
0.200628 0 0.799372
0.200357 0 0.799643
0.199857 0 0.800143
0.198876 0 0.801124
0.197639 0 0.802361
0.194518 0 0.805482
0.194051 0 0.805949
0.193411 0 0.806589
0.193692 0 0.806308
0.200029 0 0.799971
0.211697 0 0.788303
0.211779 0 0.788221
0.220496 0 0.779504
0.21982 0 0.78018
0.218119 0 0.781881
0.217279 0 0.782721
0.217301 0 0.782699
0.217301 0 0.782699
0.218034 0 0.781966
0.236384 0 0.763616
0.236447 0 0.763553
0.23688 0 0.76312
0.237343 0 0.762657
0.237738 0 0.762262
0.238177 0 0.761823
0.23878 0 0.76122
0.239394 0 0.760606
0.240041 0 0.759959
0.240706 0 0.759294
0.241392 0 0.758608
0.242094 0 0.757906
0.242777 0 0.757223
0.243472 0 0.756528
0.244182 0 0.755818
0.244893 0 0.755107
0.245623 0 0.754377
0.246369 0 0.753631
0.24714 0 0.75286
0.247928 0 0.752072
0.248755 0 0.751245
0.249613 0 0.750387
0.25053 0 0.74947
0.251524 0 0.748476
0.18874 0 0.81126
0.254119 0 0.745881
0.255444 0 0.744556
0.224612 0 0.775388
0.258174 0 0.741826
0.259583 0 0.740417
0.261018 0 0.738982
0.26248 0 0.73752
0.263969 0 0.736031
0.265486 0 0.734514
0.267021 0 0.732979
0.268586 0 0.731414
0.27019 0 0.72981
0.271825 0 0.728175
0.27349 0 0.72651
0.275204 0 0.724796
0.27696 0 0.72304
0.278821 0 0.721179
0.280306 0 0.719694
0.281742 0 0.718258
0.283316 0 0.716684
0.285464 0 0.714536
0.288813 0 0.711187
0.577216 0 0.422784
0.366337 0 0.633663
0.36707 0 0.63293
0.494602 0 0.505398
0.350259 0 0.649741
0.468047 0 0.531953
0.280364 0 0.719636
0.490708 0 0.509292
0.0593297 0 0.94067
0.482881 0 0.517119
0.248832 0 0.751168
0.248042 0 0.751958
0.249548 0 0.750452
0.310464 0 0.689536
0.347081 0 0.652919
0.569592 0 0.430408
0.570378 0 0.429622
0.341621 0 0.658379
0.344318 0 0.655682
0.562751 0 0.437249
0.110573 0 0.889427
0.110389 0 0.889611
0.10961 0 0.89039
0.109438 0 0.890562
0.109273 0 0.890727
0.109113 0 0.890887
0.109556 0 0.890444
0.19839 0 0.80161
0.193939 0 0.806061
0.19442 0 0.80558
0.206386 0 0.793614
0.206741 0 0.793259
0.197668 0 0.802332
0.205992 0 0.794008
0.203717 0 0.796283
0.203828 0 0.796172
0.205419 0 0.794581
0.208422 0 0.791578
0.208839 0 0.791161
0.209266 0 0.790734
0.209414 0 0.790586
0.208873 0 0.791127
0.207652 0 0.792348
0.206302 0 0.793698
0.204916 0 0.795084
0.204397 0 0.795603
0.204527 0 0.795473
0.204706 0 0.795294
0.203628 0 0.796372
0.20197 0 0.79803
0.202237 0 0.797763
0.202044 0 0.797956
0.201395 0 0.798605
0.200687 0 0.799313
0.200135 0 0.799865
0.199713 0 0.800287
0.199395 0 0.800605
0.198776 0 0.801224
0.197862 0 0.802138
0.196387 0 0.803613
0.193434 0 0.806566
0.192161 0 0.807839
0.191456 0 0.808544
0.190837 0 0.809163
0.190472 0 0.809528
0.189905 0 0.810095
0.189372 0 0.810628
0.188929 0 0.811071
0.194804 0 0.805196
0.210294 0 0.789706
0.211077 0 0.788923
0.211939 0 0.788061
0.212813 0 0.787187
0.213697 0 0.786303
0.21457 0 0.78543
0.215709 0 0.78429
0.217175 0 0.782825
0.235358 0 0.764642
0.235565 0 0.764435
0.235879 0 0.764121
0.236226 0 0.763774
0.236667 0 0.763333
0.237114 0 0.762886
0.237736 0 0.762264
0.238386 0 0.761614
0.239058 0 0.760942
0.239744 0 0.760256
0.240443 0 0.759557
0.241157 0 0.758843
0.24187 0 0.75813
0.242582 0 0.757418
0.243302 0 0.756698
0.244037 0 0.755963
0.2448 0 0.7552
0.245584 0 0.754416
0.193091 0 0.806909
0.247222 0 0.752778
0.248066 0 0.751934
0.189567 0 0.810433
0.250098 0 0.749902
0.251314 0 0.748686
0.252618 0 0.747382
0.224675 0 0.775325
0.225297 0 0.774703
0.256657 0 0.743343
0.258059 0 0.741941
0.259487 0 0.740513
0.260943 0 0.739057
0.262424 0 0.737576
0.263925 0 0.736075
0.265453 0 0.734547
0.267019 0 0.732981
0.268633 0 0.731367
0.270266 0 0.729734
0.272004 0 0.727996
0.273752 0 0.726248
0.27558 0 0.72442
0.277045 0 0.722955
0.278316 0 0.721684
0.279656 0 0.720344
0.281123 0 0.718877
0.282769 0 0.717231
0.284463 0 0.715537
0.286821 0 0.713179
0.28975 0 0.71025
0.293153 0 0.706847
0.296699 0 0.703301
0.527988 0 0.472012
0.535409 0 0.464591
0.542983 0 0.457017
0.550715 0 0.449285
0.558611 0 0.441389
0.366357 0 0.633643
0.367357 0 0.632643
0.494755 0 0.505245
0.591887 0 0.408113
0.350355 0 0.649645
0.46855 0 0.53145
0.280409 0 0.719591
0.0595298 0 0.94047
0.488012 0 0.511988
0.0593108 0 0.940689
0.480272 0 0.519728
0.248856 0 0.751144
0.248062 0 0.751938
0.249595 0 0.750405
0.310503 0 0.689497
0.489386 0 0.510614
0.34697 0 0.65303
0.56965 0 0.43035
0.570488 0 0.429512
0.341636 0 0.658364
0.344398 0 0.655602
0.562838 0 0.437162
0.110552 0 0.889448
0.110367 0 0.889633
0.109589 0 0.890411
0.109417 0 0.890583
0.109252 0 0.890748
0.109099 0 0.890901
0.109535 0 0.890465
0.109386 0 0.890614
0.189808 0 0.810192
0.189323 0 0.810677
0.188535 0 0.811465
0.188377 0 0.811623
0.188573 0 0.811427
0.188775 0 0.811225
0.189046 0 0.810954
0.189433 0 0.810567
0.189846 0 0.810153
0.190181 0 0.809819
0.190134 0 0.809866
0.190424 0 0.809576
0.190776 0 0.809224
0.19131 0 0.80869
0.194023 0 0.805977
0.194482 0 0.805518
0.187999 0 0.812001
0.188893 0 0.811107
0.196896 0 0.803104
0.197581 0 0.802419
0.197983 0 0.802017
0.198504 0 0.801496
0.199071 0 0.800929
0.198887 0 0.801113
0.19837 0 0.80163
0.198051 0 0.801949
0.197863 0 0.802137
0.197516 0 0.802484
0.196875 0 0.803125
0.196095 0 0.803905
0.194256 0 0.805744
0.191344 0 0.808656
0.191088 0 0.808912
0.190334 0 0.809666
0.189265 0 0.810735
0.188512 0 0.811488
0.187466 0 0.812534
0.186522 0 0.813478
0.185634 0 0.814366
0.184912 0 0.815088
0.184478 0 0.815522
0.184483 0 0.815517
0.184545 0 0.815455
0.184662 0 0.815338
0.203415 0 0.796584
0.203456 0 0.796544
0.203416 0 0.796584
0.204217 0 0.795783
0.205908 0 0.794092
0.207784 0 0.792216
0.218477 0 0.781523
0.234082 0 0.765918
0.234313 0 0.765687
0.234646 0 0.765354
0.235094 0 0.764906
0.23558 0 0.76442
0.236118 0 0.763882
0.236767 0 0.763233
0.237439 0 0.762561
0.238125 0 0.761875
0.238824 0 0.761176
0.239537 0 0.760463
0.240271 0 0.759729
0.241015 0 0.758985
0.241746 0 0.758254
0.242505 0 0.757495
0.243284 0 0.756716
0.244077 0 0.755923
0.192559 0 0.807441
0.18974 0 0.81026
0.189495 0 0.810505
0.247467 0 0.752533
0.248574 0 0.751426
0.249849 0 0.750151
0.224747 0 0.775253
0.225177 0 0.774823
0.253805 0 0.746195
0.255169 0 0.744831
0.256565 0 0.743435
0.257987 0 0.742013
0.259435 0 0.740565
0.260911 0 0.739089
0.262416 0 0.737584
0.263945 0 0.736055
0.265553 0 0.734447
0.267206 0 0.732794
0.268935 0 0.731065
0.270687 0 0.729313
0.272391 0 0.727609
0.273816 0 0.726184
0.275033 0 0.724967
0.276259 0 0.723741
0.277569 0 0.722431
0.279025 0 0.720975
0.280625 0 0.719375
0.282282 0 0.717718
0.284004 0 0.715996
0.285983 0 0.714017
0.288195 0 0.711805
0.291179 0 0.708821
0.294591 0 0.705409
0.29816 0 0.70184
0.301877 0 0.698123
0.305638 0 0.694362
0.366382 0 0.633618
0.367641 0 0.632359
0.476233 0 0.523767
0.482091 0 0.517909
0.487815 0 0.512185
0.350455 0 0.649545
0.499849 0 0.500151
0.505989 0 0.494011
0.469061 0 0.530939
0.280457 0 0.719543
0.524788 0 0.475212
0.531253 0 0.468747
0.0597267 0 0.940273
0.485352 0 0.514648
0.0592931 0 0.940707
0.478361 0 0.521639
0.248884 0 0.751116
0.248085 0 0.751915
0.249646 0 0.750354
0.310545 0 0.689455
0.487362 0 0.512638
0.34688 0 0.65312
0.569715 0 0.430285
0.570602 0 0.429398
0.341655 0 0.658345
0.344481 0 0.655519
0.562934 0 0.437066
0.110531 0 0.889469
0.110347 0 0.889653
0.109569 0 0.890431
0.109397 0 0.890603
0.109232 0 0.890768
0.109088 0 0.890912
0.109515 0 0.890485
0.109366 0 0.890634
0.110838 0 0.889162
 ] }
}
