# Real Time: 713.595
# Simulation Time: 12.59
# Radar Position: 878.648 -203.098 3.03869
# Radar Quat: 0.0362353 -0.0131316 0.264213 0.963694
PointSet {
 coord Coordinate { point [
909.017 -241.806 5.18107
913.755 -243.043 5.13415
913.093 -239.132 4.84647
920.028 -241.817 4.85398
921.875 -237.245 4.45092
918.187 -226.593 3.75014
918.182 -226.219 3.72268
918.494 -226.031 3.70074
890.469 -209.455 3.20431
890.484 -209.357 3.19677
892.023 -209.472 3.16626
919.711 -220.644 3.27966
919.832 -220.357 3.25626
924.556 -211.164 2.50987
909.018 -241.829 5.0101
913.742 -243.049 4.94849
913.084 -239.142 4.67264
920.006 -241.818 4.65601
921.847 -237.242 4.25843
918.202 -226.617 3.59022
918.176 -226.23 3.56314
918.471 -226.032 3.54038
890.469 -209.459 3.15748
890.476 -209.357 3.14998
892.023 -209.476 3.11457
919.741 -220.669 3.12419
919.81 -220.36 3.10069
924.554 -211.176 2.34744
905.673 -241.853 4.95854
909.022 -241.854 4.83919
913.729 -243.056 4.76291
913.076 -239.152 4.4989
919.99 -241.823 4.45834
921.821 -237.24 4.06618
918.224 -226.644 3.4302
918.17 -226.241 3.40361
918.451 -226.035 3.38018
890.469 -209.357 3.10324
892.023 -209.481 3.06287
919.795 -220.705 2.96841
919.793 -220.366 2.94524
924.554 -211.187 2.18497
905.648 -241.837 4.79262
909.03 -241.885 4.66841
913.715 -243.062 4.57739
913.069 -239.164 4.3252
919.977 -241.833 4.26088
921.795 -237.239 3.87412
918.258 -226.679 3.27002
918.165 -226.252 3.24407
918.432 -226.038 3.2201
890.469 -209.361 3.05656
892.053 -209.499 3.01109
919.781 -220.374 2.78984
924.554 -211.199 2.02243
937.441 -213.059 1.7097
936.298 -212.452 1.7088
934.774 -211.803 1.71801
934.55 -211.37 1.69754
905.628 -241.829 4.62728
913.702 -243.068 4.39194
913.062 -239.177 4.15154
919.97 -241.847 4.0636
921.771 -237.239 3.68223
918.16 -226.264 3.08454
918.414 -226.042 3.06014
890.469 -209.366 3.00986
890.648 -209.354 3.00232
891.751 -209.359 2.96105
892.04 -209.269 2.94425
892.456 -209.229 2.92598
892.103 -208.96 2.92148
892.34 -208.95 2.91194
892.587 -208.941 2.90209
892.863 -208.941 2.89172
936.905 -214.663 1.62381
935.989 -214.065 1.61935
934.886 -213.448 1.62055
924.556 -211.211 1.85983
933.139 -212.342 1.61424
933.014 -211.931 1.59252
932.801 -211.51 1.57335
932.532 -211.083 1.556
932.26 -210.661 1.53903
905.61 -241.825 4.46225
913.689 -243.074 4.20656
913.057 -239.191 3.97791
919.971 -241.868 3.86646
921.748 -237.239 3.49052
918.156 -226.276 2.925
918.397 -226.047 2.90027
890.469 -209.37 2.96315
890.668 -209.368 2.95493
891.637 -209.533 2.92598
890.854 -209.038 2.92598
890.904 -208.957 2.91869
891.108 -208.948 2.90981
891.322 -208.941 2.90063
891.557 -208.941 2.89103
891.8 -208.941 2.88112
892.064 -208.947 2.87074
892.323 -208.947 2.86019
892.59 -208.947 2.84929
892.867 -208.947 2.83802
936.386 -216.257 1.53851
935.489 -215.637 1.53524
934.594 -215.03 1.53287
933.535 -214.404 1.53592
932.078 -213.716 1.55111
931.793 -213.274 1.53452
931.671 -212.868 1.51359
924.559 -211.223 1.69712
931.244 -212.033 1.47773
930.987 -211.614 1.46151
930.652 -211.188 1.44794
929.964 -210.714 1.44572
926.229 -209.819 1.54012
922.682 -209.003 1.63198
905.595 -241.824 4.29743
913.676 -243.08 4.02122
913.053 -239.205 3.80426
919.987 -241.904 3.66947
921.726 -237.241 3.29893
918.152 -226.287 2.76543
918.382 -226.052 2.74045
890.89 -209.819 2.92598
890.75 -209.633 2.92035
890.469 -209.374 2.91643
890.66 -209.368 2.90768
890.758 -209.312 2.89985
890.758 -209.206 2.89313
890.758 -209.1 2.88646
890.758 -208.995 2.87984
890.863 -208.941 2.87181
891.097 -208.947 2.86189
891.326 -208.947 2.85184
891.561 -208.947 2.84149
891.804 -208.947 2.83081
892.054 -208.947 2.81979
892.286 -208.935 2.80888
892.546 -208.933 2.79727
892.844 -208.942 2.78474
934.987 -217.198 1.45187
934.129 -216.573 1.45015
933.257 -215.958 1.44974
932.238 -215.324 1.45458
931.219 -214.706 1.46043
930.5 -214.168 1.45813
930.385 -213.767 1.43789
930.254 -213.365 1.41832
930.009 -212.945 1.40259
929.765 -212.529 1.38708
924.564 -211.236 1.53429
928.825 -211.633 1.37193
925.038 -210.654 1.47677
921.837 -209.822 1.56507
921.404 -209.449 1.56061
921.23 -209.12 1.54751
921.062 -208.794 1.53437
920.892 -208.472 1.52153
905.581 -241.825 4.13274
913.663 -243.087 3.83592
913.05 -239.221 3.63058
921.705 -237.243 3.10745
918.148 -226.299 2.60582
918.367 -226.057 2.5807
890.758 -209.861 2.88574
890.758 -209.75 2.87896
890.758 -209.641 2.87222
890.469 -209.378 2.86968
890.652 -209.368 2.86047
890.758 -209.316 2.85231
890.758 -209.21 2.84576
890.758 -209.104 2.83925
890.758 -208.999 2.83279
890.867 -208.947 2.82445
891.089 -208.947 2.814
891.285 -208.933 2.80382
891.526 -208.935 2.79265
891.783 -208.942 2.78092
892.033 -208.942 2.76913
892.291 -208.942 2.75695
892.558 -208.942 2.74436
892.834 -208.942 2.73135
935.069 -218.918 1.35133
933.638 -218.103 1.36851
932.824 -217.476 1.36806
931.97 -216.852 1.36969
930.994 -216.211 1.37608
930.056 -215.595 1.38221
929.257 -215.027 1.38476
929.148 -214.631 1.36518
929.035 -214.236 1.34594
928.82 -213.822 1.33033
928.591 -213.409 1.31546
928.319 -212.992 1.30235
927.753 -212.523 1.29997
923.896 -211.454 1.41614
921.016 -210.615 1.50036
920.604 -210.24 1.49649
920.435 -209.912 1.48399
920.271 -209.587 1.47148
920.109 -209.266 1.45905
919.956 -208.949 1.44648
919.847 -208.64 1.43236
919.769 -208.338 1.41713
919.692 -208.037 1.40195
905.569 -241.827 3.96817
913.65 -243.093 3.65067
913.048 -239.238 3.45686
924.531 -240.029 2.93864
921.684 -237.245 2.91607
918.145 -226.312 2.44617
918.353 -226.063 2.42098
890.758 -209.865 2.83729
890.808 -209.782 2.82982
890.758 -209.645 2.82414
890.469 -209.382 2.82291
890.644 -209.368 2.8133
890.758 -209.32 2.80475
890.758 -209.214 2.79837
890.758 -209.108 2.79202
890.758 -209.003 2.78572
890.859 -208.947 2.77729
891.08 -208.947 2.76615
891.297 -208.942 2.75492
891.532 -208.942 2.7431
891.774 -208.942 2.73091
892.024 -208.942 2.71833
892.282 -208.942 2.70533
892.548 -208.942 2.69191
892.823 -208.942 2.67802
933.164 -219.635 1.28638
932.339 -218.976 1.288
931.555 -218.344 1.28909
930.72 -217.711 1.29272
929.786 -217.064 1.30054
928.888 -216.443 1.30804
928.061 -215.855 1.31398
927.958 -215.462 1.29509
927.853 -215.072 1.27647
927.677 -214.667 1.26056
927.454 -214.256 1.24661
927.209 -213.844 1.2337
926.699 -213.38 1.23104
922.789 -212.219 1.35832
920.224 -211.385 1.43735
919.824 -211.007 1.43434
919.661 -210.68 1.42237
919.503 -210.356 1.41041
919.35 -210.036 1.39842
919.194 -209.719 1.3867
919.083 -209.411 1.37331
919.007 -209.111 1.35857
918.93 -208.813 1.34394
918.858 -208.516 1.32923
918.783 -208.221 1.31471
918.711 -207.928 1.30015
918.636 -207.636 1.28576
905.557 -241.831 3.8037
913.637 -243.099 3.46546
913.047 -239.256 3.28309
924.502 -240.026 2.73363
921.665 -237.249 2.72479
918.142 -226.324 2.28648
918.339 -226.07 2.26131
890.758 -209.869 2.78882
890.801 -209.783 2.78149
890.758 -209.649 2.77604
890.469 -209.386 2.77613
890.637 -209.368 2.76617
890.758 -209.324 2.75717
890.758 -209.218 2.75096
890.758 -209.112 2.74478
890.758 -209.007 2.73864
890.85 -208.947 2.73018
891.071 -208.947 2.71836
891.288 -208.942 2.70646
891.523 -208.942 2.6939
891.765 -208.942 2.68095
892.014 -208.942 2.66758
892.272 -208.942 2.65378
892.538 -208.942 2.63951
892.812 -208.942 2.62475
931.843 -220.472 1.20809
931.075 -219.817 1.21039
930.331 -219.183 1.21258
929.508 -218.539 1.2184
928.624 -217.89 1.22722
927.736 -217.255 1.23709
926.904 -216.651 1.24573
926.81 -216.263 1.22743
926.716 -215.878 1.20926
926.567 -215.481 1.19334
926.361 -215.073 1.17987
926.124 -214.662 1.1678
925.694 -214.21 1.16374
921.71 -212.95 1.30329
919.451 -212.133 1.37613
919.068 -211.753 1.37375
918.908 -211.425 1.36248
918.759 -211.103 1.35094
918.609 -210.783 1.33955
918.462 -210.467 1.32823
918.341 -210.159 1.3159
918.264 -209.86 1.30179
918.194 -209.565 1.28749
918.124 -209.271 1.27323
918.053 -208.978 1.25909
917.982 -208.687 1.24506
917.913 -208.398 1.23099
917.842 -208.11 1.21706
917.772 -207.824 1.20319
917.704 -207.539 1.18928
917.634 -207.256 1.17556
905.546 -241.837 3.63928
913.624 -243.105 3.28028
893.891 -219.579 3.09448
894.103 -219.577 3.08299
913.048 -239.275 3.10923
890.122 -213.154 2.9558
889.995 -212.903 2.94922
889.991 -212.762 2.94183
889.987 -212.623 2.93453
889.986 -212.487 2.92728
890.132 -212.474 2.91855
924.481 -240.029 2.52867
921.646 -237.253 2.53357
918.14 -226.337 2.12673
918.327 -226.076 2.10165
890.758 -209.763 2.7341
890.758 -209.653 2.72792
890.469 -209.39 2.72933
890.629 -209.368 2.71908
890.758 -209.328 2.70957
890.758 -209.222 2.70352
890.758 -209.116 2.69751
890.758 -209.011 2.69153
890.842 -208.947 2.68311
891.063 -208.947 2.6706
891.28 -208.942 2.65803
891.514 -208.942 2.64475
891.755 -208.942 2.63104
892.005 -208.942 2.61689
892.262 -208.942 2.60227
892.527 -208.942 2.58716
892.802 -208.942 2.57154
933.367 -222.69 1.05453
930.586 -221.286 1.13156
929.851 -220.628 1.13518
929.145 -219.994 1.13844
928.342 -219.341 1.14609
927.488 -218.685 1.15652
926.665 -218.054 1.16654
925.785 -217.42 1.17963
925.699 -217.036 1.16193
925.61 -216.654 1.14444
925.486 -216.265 1.12853
925.298 -215.862 1.11539
925.095 -215.458 1.1031
924.654 -214.998 1.10106
920.647 -213.647 1.2512
918.692 -212.858 1.31673
918.325 -212.476 1.31496
918.174 -212.15 1.30411
918.033 -211.828 1.293
917.888 -211.509 1.28218
917.749 -211.195 1.27125
917.625 -210.886 1.25977
917.544 -210.588 1.24645
917.477 -210.294 1.23255
917.409 -210.002 1.21882
917.344 -209.712 1.20499
917.275 -209.423 1.19137
917.211 -209.137 1.17768
917.143 -208.851 1.16416
917.077 -208.567 1.15064
917.012 -208.285 1.13717
916.945 -208.004 1.12384
916.841 -207.72 1.1124
916.536 -207.415 1.11132
916.205 -207.111 1.1118
886.352 -203.842 2.63974
881.654 -208.676 3.14845
905.536 -241.843 3.4749
893.044 -220.284 3.09794
893.037 -220.034 3.08592
893.037 -219.796 3.0741
893.05 -219.577 3.06248
893.254 -219.577 3.05115
893.46 -219.577 3.03966
893.669 -219.577 3.02801
893.881 -219.577 3.01619
894.095 -219.577 3.0042
913.05 -239.297 2.93527
890.097 -214.173 2.9558
889.994 -213.921 2.94879
889.991 -213.767 2.94115
889.987 -213.615 2.93361
889.983 -213.465 2.92615
889.979 -213.317 2.91878
889.976 -213.172 2.9115
889.972 -213.028 2.9043
889.969 -212.885 2.89717
889.965 -212.745 2.89012
889.962 -212.607 2.88315
889.958 -212.47 2.87625
890.065 -212.425 2.86776
924.463 -240.034 2.32376
921.629 -237.258 2.3424
918.138 -226.35 1.96691
918.314 -226.083 1.942
890.758 -209.767 2.68578
890.758 -209.657 2.67977
890.469 -209.394 2.6825
890.625 -209.37 2.67191
890.758 -209.333 2.66195
890.758 -209.226 2.65607
890.758 -209.12 2.65022
890.758 -209.015 2.6444
890.834 -208.947 2.63609
891.055 -208.947 2.62289
891.278 -208.946 2.60941
891.505 -208.942 2.59564
891.746 -208.942 2.58118
891.995 -208.942 2.56624
892.252 -208.942 2.55082
892.517 -208.942 2.53487
892.791 -208.942 2.51837
923.756 -220.692 1.31739
923.836 -220.361 1.29379
923.996 -220.061 1.26705
928.662 -221.413 1.06218
927.987 -220.776 1.06661
927.194 -220.111 1.07649
926.378 -219.451 1.08813
925.587 -218.815 1.09946
924.703 -218.162 1.11545
924.622 -217.782 1.0984
924.543 -217.404 1.08141
924.454 -217.027 1.06494
924.271 -216.624 1.05269
924.07 -216.221 1.0414
923.694 -215.772 1.03814
919.597 -214.31 1.20209
917.948 -213.563 1.25886
917.616 -213.184 1.25682
917.459 -212.855 1.24705
917.322 -212.534 1.2365
917.185 -212.216 1.22612
917.051 -211.902 1.21572
916.925 -211.592 1.20505
916.844 -211.295 1.19238
916.779 -211.003 1.179
916.715 -210.713 1.16563
916.653 -210.425 1.15225
916.588 -210.138 1.13905
916.525 -209.853 1.12582
916.462 -209.57 1.11263
916.398 -209.288 1.0996
916.336 -209.008 1.08649
916.264 -208.728 1.07398
916.064 -208.431 1.06831
915.736 -208.12 1.06956
915.418 -207.816 1.07052
915.101 -207.517 1.07178
914.789 -207.223 1.07296
886.385 -203.902 2.6141
886.335 -203.842 2.61354
886.285 -203.783 2.61298
881.654 -208.68 3.12628
892.715 -226.744 3.33412
892.804 -226.521 3.31917
892.892 -226.299 3.30435
892.994 -226.103 3.28991
881.557 -207.697 3.08743
905.527 -241.851 3.31054
893.037 -220.53 3.03126
893.037 -220.284 3.01974
893.037 -220.043 3.00839
893.037 -219.805 2.9972
893.043 -219.577 2.98615
893.246 -219.577 2.97436
893.452 -219.577 2.9624
893.661 -219.577 2.95026
893.873 -219.577 2.93795
889.998 -215.21 2.95563
889.994 -215.038 2.94762
889.99 -214.868 2.93972
889.986 -214.701 2.93193
889.982 -214.536 2.92423
889.978 -214.374 2.91663
889.975 -214.214 2.90912
889.971 -214.056 2.9017
889.967 -213.9 2.89437
889.964 -213.747 2.88713
889.96 -213.596 2.87997
889.956 -213.446 2.87289
889.953 -213.299 2.86588
889.949 -213.154 2.85896
889.946 -213.01 2.85211
889.943 -212.868 2.84533
889.939 -212.728 2.83862
889.936 -212.59 2.83198
889.933 -212.454 2.82541
890.059 -212.425 2.81636
924.448 -240.042 2.11884
921.613 -237.263 2.15126
897.792 -216.051 2.52887
897.995 -215.992 2.51341
918.136 -226.363 1.80703
918.303 -226.091 1.78236
890.758 -209.771 2.63743
890.758 -209.661 2.6316
890.469 -209.398 2.63566
890.625 -209.374 2.62462
890.758 -209.337 2.61431
890.758 -209.23 2.6086
890.758 -209.124 2.60291
890.758 -209.019 2.59725
890.826 -208.947 2.58911
891.046 -208.947 2.57523
891.273 -208.947 2.56092
891.496 -208.942 2.54658
891.737 -208.942 2.53136
891.986 -208.942 2.51565
892.242 -208.942 2.49941
892.507 -208.942 2.48263
892.781 -208.942 2.46527
893.077 -208.947 2.44679
928.166 -222.828 0.985619
923.779 -220.715 1.14734
923.534 -220.259 1.13762
923.804 -220.003 1.10616
925.304 -220.195 1.02132
924.552 -219.557 1.03359
923.66 -218.883 1.05274
923.577 -218.503 1.03665
923.503 -218.129 1.02028
923.414 -217.753 1.00475
923.268 -217.361 0.9919
923.082 -216.961 0.98106
922.72 -216.511 0.978664
918.554 -214.937 1.15606
917.22 -214.248 1.20229
916.901 -213.867 1.20093
916.759 -213.541 1.19125
916.628 -213.221 1.18124
916.498 -212.904 1.17129
916.369 -212.59 1.16143
916.24 -212.279 1.15165
916.156 -211.981 1.13977
916.097 -211.692 1.12668
916.036 -211.404 1.11378
915.976 -211.117 1.10084
915.917 -210.833 1.08796
915.857 -210.55 1.07518
915.799 -210.269 1.06234
915.739 -209.989 1.04961
915.681 -209.711 1.03691
915.571 -209.426 1.02704
915.272 -209.112 1.02764
914.957 -208.8 1.02937
914.656 -208.495 1.03065
914.352 -208.195 1.03228
914.053 -207.9 1.03388
913.766 -207.611 1.03507
913.479 -207.327 1.03654
913.195 -207.048 1.03803
886.368 -203.902 2.58781
886.318 -203.842 2.58743
886.268 -203.783 2.58706
886.219 -203.725 2.58669
881.655 -208.685 3.1041
892.097 -227.225 3.29253
892.08 -226.804 3.27594
892.08 -226.424 3.26005
892.115 -226.113 3.24503
892.33 -226.11 3.2328
892.547 -226.108 3.22045
892.766 -226.106 3.20795
892.986 -226.104 3.19533
881.555 -207.696 3.06832
905.519 -241.86 3.14617
893.037 -220.539 2.9524
893.037 -220.293 2.94153
889.997 -216.469 2.95376
889.993 -216.276 2.94546
889.989 -216.087 2.93727
889.985 -215.901 2.92921
889.981 -215.718 2.92125
889.977 -215.538 2.9134
889.973 -215.361 2.90566
889.969 -215.186 2.89801
889.965 -215.014 2.89047
889.961 -214.845 2.88302
889.958 -214.678 2.87567
889.954 -214.514 2.8684
889.951 -214.352 2.86122
889.947 -214.193 2.85413
889.944 -214.035 2.84711
889.94 -213.88 2.84018
889.937 -213.727 2.83332
889.933 -213.576 2.82654
889.93 -213.428 2.81984
889.927 -213.281 2.8132
889.923 -213.136 2.80663
889.92 -212.993 2.80013
889.917 -212.851 2.7937
889.914 -212.712 2.78732
889.91 -212.574 2.78101
889.907 -212.438 2.77476
890.053 -212.425 2.765
890.217 -212.425 2.75468
921.599 -237.271 1.96012
897.773 -216.045 2.44871
897.923 -215.951 2.43445
918.135 -226.377 1.64705
918.291 -226.098 1.62272
890.758 -209.775 2.58905
890.758 -209.666 2.58341
890.469 -209.402 2.58879
890.63 -209.381 2.57713
890.758 -209.341 2.56664
890.758 -209.234 2.5611
890.758 -209.128 2.55558
890.758 -209.023 2.55008
890.817 -208.947 2.54216
891.038 -208.947 2.5276
891.264 -208.947 2.51259
891.487 -208.942 2.49756
891.728 -208.942 2.48159
891.976 -208.942 2.46509
892.232 -208.942 2.44805
892.497 -208.942 2.43044
892.771 -208.942 2.41221
893.066 -208.947 2.39279
924.989 -221.575 0.943051
924.245 -220.91 0.956808
923.468 -220.247 0.972773
922.629 -219.575 0.992326
922.562 -219.202 0.976427
922.493 -218.83 0.960736
922.419 -218.46 0.94536
922.294 -218.075 0.93258
922.128 -217.68 0.921906
921.8 -217.236 0.919341
917.512 -215.529 1.11326
916.499 -214.914 1.14725
916.198 -214.533 1.14629
916.07 -214.209 1.13675
915.947 -213.89 1.1271
915.824 -213.574 1.11759
915.7 -213.26 1.10824
915.584 -212.952 1.09864
915.492 -212.652 1.0878
915.43 -212.363 1.07547
915.374 -212.076 1.06295
915.319 -211.792 1.05036
915.261 -211.509 1.03798
915.206 -211.228 1.02552
915.15 -210.949 1.01315
915.093 -210.671 1.00089
915.033 -210.394 0.988844
914.801 -210.085 0.986588
914.501 -209.767 0.988401
914.203 -209.455 0.990413
913.912 -209.149 0.992207
913.625 -208.849 0.994039
913.34 -208.553 0.995997
913.062 -208.263 0.997741
912.79 -207.979 0.999341
912.518 -207.698 1.00116
912.254 -207.424 1.00274
911.995 -207.153 1.00425
911.735 -206.887 1.00595
886.351 -203.902 2.56162
886.301 -203.842 2.56144
886.251 -203.783 2.56125
886.203 -203.725 2.56105
886.155 -203.668 2.56085
892.082 -227.211 3.19607
892.082 -226.821 3.18098
892.082 -226.441 3.16623
892.112 -226.119 3.15203
892.323 -226.111 3.13941
892.54 -226.108 3.12667
892.758 -226.106 3.11379
892.979 -226.105 3.10077
881.553 -207.695 3.04922
905.512 -241.871 2.9818
889.995 -217.88 2.95056
889.991 -217.663 2.94194
889.987 -217.45 2.93346
889.983 -217.241 2.9251
889.978 -217.035 2.91687
889.974 -216.833 2.90877
889.97 -216.635 2.90078
889.966 -216.44 2.8929
889.963 -216.248 2.88513
889.959 -216.06 2.87747
889.955 -215.874 2.86992
889.951 -215.692 2.86246
889.947 -215.512 2.8551
889.944 -215.336 2.84783
889.94 -215.162 2.84066
889.937 -214.99 2.83357
889.933 -214.822 2.82657
889.93 -214.656 2.81965
889.926 -214.492 2.81281
889.923 -214.331 2.80605
889.92 -214.172 2.79937
889.916 -214.015 2.79276
889.913 -213.86 2.78622
889.91 -213.708 2.77975
889.907 -213.557 2.77334
889.904 -213.409 2.767
889.9 -213.262 2.76073
889.897 -213.118 2.75452
889.894 -212.975 2.74836
889.891 -212.834 2.74227
889.888 -212.695 2.73623
889.885 -212.558 2.73025
889.886 -212.425 2.72421
890.047 -212.425 2.71365
890.21 -212.425 2.7029
921.586 -237.28 1.76894
897.754 -216.04 2.36868
918.134 -226.391 1.48699
918.281 -226.106 1.46307
890.758 -209.78 2.54065
890.758 -209.67 2.53519
890.469 -209.406 2.54189
890.562 -209.349 2.53264
890.758 -209.345 2.51895
890.758 -209.238 2.51358
890.758 -209.132 2.50822
890.758 -209.027 2.50289
890.809 -208.947 2.49526
891.029 -208.947 2.48002
891.256 -208.947 2.4643
891.478 -208.942 2.44859
891.719 -208.942 2.43186
891.967 -208.942 2.41459
892.223 -208.942 2.39675
892.487 -208.942 2.3783
892.76 -208.942 2.35921
893.055 -208.947 2.33885
921.634 -220.248 0.932995
921.572 -219.877 0.917765
921.509 -219.509 0.902635
921.447 -219.144 0.887541
921.344 -218.767 0.874664
921.187 -218.374 0.864611
920.905 -217.94 0.861201
916.497 -216.094 1.07232
915.795 -215.563 1.09314
915.518 -215.184 1.09215
915.396 -214.861 1.08314
915.28 -214.543 1.07397
915.163 -214.227 1.0649
915.045 -213.914 1.05606
914.935 -213.606 1.04685
914.838 -213.305 1.03702
914.778 -213.016 1.02526
914.724 -212.731 1.01317
914.673 -212.449 1.001
914.619 -212.167 0.988997
914.566 -211.888 0.976986
914.515 -211.61 0.96497
914.463 -211.335 0.952987
914.323 -211.04 0.946224
914.039 -210.718 0.948114
913.753 -210.4 0.950323
913.469 -210.088 0.95266
913.187 -209.78 0.955069
912.916 -209.48 0.957035
912.645 -209.184 0.959275
912.381 -208.894 0.961244
912.12 -208.608 0.96327
911.86 -208.327 0.965414
911.605 -208.051 0.967435
911.359 -207.781 0.969126
911.111 -207.514 0.971118
910.866 -207.252 0.973058
910.631 -206.994 0.974599
910.394 -206.74 0.976421
886.334 -203.902 2.53553
886.284 -203.842 2.53554
886.235 -203.784 2.53553
886.186 -203.726 2.53552
886.138 -203.669 2.53549
886.091 -203.613 2.53546
892.084 -227.229 3.09983
892.084 -226.838 3.08592
892.087 -226.462 3.07232
892.109 -226.126 3.05902
892.316 -226.111 3.04604
892.532 -226.109 3.03293
892.751 -226.107 3.01966
892.975 -226.11 3.00624
881.55 -207.693 3.03014
905.507 -241.883 2.81738
889.971 -218.291 2.90228
889.967 -218.066 2.89404
889.963 -217.846 2.88592
889.959 -217.63 2.87792
889.955 -217.417 2.87005
889.951 -217.209 2.86229
889.947 -217.004 2.85464
889.944 -216.803 2.8471
889.94 -216.605 2.83966
889.936 -216.411 2.83233
889.933 -216.22 2.82509
889.929 -216.032 2.81795
889.925 -215.848 2.8109
889.922 -215.666 2.80394
889.919 -215.487 2.79706
889.915 -215.311 2.79027
889.912 -215.138 2.78355
889.908 -214.967 2.77692
889.905 -214.799 2.77036
889.902 -214.633 2.76388
889.899 -214.47 2.75746
889.896 -214.309 2.75112
889.892 -214.151 2.74484
889.889 -213.994 2.73863
889.886 -213.84 2.73248
889.883 -213.688 2.72639
889.88 -213.538 2.72036
889.877 -213.39 2.71439
889.874 -213.244 2.70847
889.871 -213.1 2.70261
889.868 -212.958 2.6968
889.865 -212.817 2.69104
889.863 -212.678 2.68534
889.86 -212.541 2.67968
889.88 -212.425 2.67332
890.041 -212.425 2.66234
890.204 -212.425 2.65115
921.578 -237.292 1.57761
897.735 -216.034 2.28875
918.134 -226.405 1.32681
918.27 -226.114 1.3034
890.758 -209.784 2.49222
890.758 -209.674 2.48695
890.449 -209.399 2.49589
890.554 -209.349 2.48587
890.758 -209.349 2.47123
890.758 -209.242 2.46603
890.758 -209.136 2.46084
890.758 -209.031 2.45566
890.801 -208.947 2.44839
891.021 -208.947 2.43247
891.247 -208.947 2.41605
891.469 -208.942 2.39965
891.709 -208.942 2.38218
891.957 -208.942 2.36414
892.213 -208.942 2.34549
892.477 -208.942 2.32621
892.75 -208.942 2.30626
893.044 -208.947 2.28496
920.493 -219.805 0.831312
920.413 -219.436 0.818179
920.265 -219.045 0.808757
919.989 -218.609 0.806439
915.604 -216.668 1.02786
915.099 -216.194 1.04025
914.855 -215.822 1.03866
914.734 -215.497 1.03042
914.624 -215.179 1.02173
914.512 -214.864 1.0132
914.401 -214.552 1.00477
914.293 -214.244 0.996197
914.195 -213.941 0.987228
914.137 -213.653 0.975941
914.087 -213.37 0.964289
914.04 -213.089 0.952494
913.991 -212.809 0.940803
913.943 -212.532 0.929162
913.893 -212.255 0.91767
913.81 -211.972 0.908187
913.578 -211.654 0.907846
913.296 -211.329 0.910791
913.023 -211.011 0.913347
912.752 -210.698 0.916026
912.484 -210.391 0.918772
912.225 -210.09 0.921126
911.966 -209.793 0.923626
911.71 -209.502 0.926191
911.463 -209.216 0.92841
911.217 -208.935 0.930698
910.972 -208.658 0.933094
910.734 -208.387 0.935296
910.501 -208.12 0.937281
910.267 -207.857 0.939525
910.038 -207.598 0.94158
909.815 -207.344 0.943418
909.591 -207.093 0.945518
909.372 -206.847 0.947409
909.158 -206.604 0.949141
886.317 -203.902 2.50955
886.267 -203.842 2.50974
886.218 -203.784 2.50992
886.17 -203.726 2.51008
886.122 -203.669 2.51023
886.075 -203.613 2.51037
886.029 -203.558 2.51049
889.285 -222.216 3.01098
889.28 -221.897 3.00092
889.276 -221.587 2.99108
889.271 -221.284 2.98144
889.266 -220.988 2.972
889.261 -220.7 2.96276
889.262 -220.427 2.95366
889.422 -220.415 2.94331
881.548 -207.692 3.01108
905.502 -241.898 2.65288
895.572 -227.191 2.78335
893.342 -223.71 2.80646
893.387 -223.471 2.7953
889.942 -218.483 2.84439
889.938 -218.255 2.83668
889.935 -218.031 2.82908
889.931 -217.812 2.82159
889.927 -217.596 2.81422
889.923 -217.385 2.80694
889.92 -217.177 2.79977
889.916 -216.973 2.7927
889.913 -216.773 2.78572
889.909 -216.576 2.77884
889.906 -216.383 2.77204
889.903 -216.192 2.76533
889.899 -216.005 2.7587
889.896 -215.821 2.75215
889.893 -215.64 2.74567
889.89 -215.462 2.73928
889.886 -215.286 2.73295
889.883 -215.113 2.7267
889.88 -214.943 2.72051
889.877 -214.776 2.71439
889.874 -214.611 2.70834
889.871 -214.448 2.70235
889.868 -214.288 2.69641
889.865 -214.13 2.69054
889.862 -213.974 2.68472
889.859 -213.82 2.67896
889.857 -213.669 2.67325
889.854 -213.519 2.66759
889.851 -213.372 2.66198
889.848 -213.226 2.65642
889.845 -213.082 2.65091
889.843 -212.94 2.64544
889.84 -212.8 2.64002
889.837 -212.662 2.63464
889.835 -212.525 2.6293
889.874 -212.425 2.62246
890.034 -212.425 2.61105
890.198 -212.425 2.59942
897.716 -216.029 2.20894
918.134 -226.419 1.16653
918.26 -226.123 1.1437
930.27 -232.154 0.525595
890.455 -209.62 2.45863
890.396 -209.481 2.45658
890.585 -209.477 2.44219
890.719 -209.44 2.43046
890.758 -209.353 2.42349
890.758 -209.246 2.41845
890.758 -209.14 2.41343
890.758 -209.035 2.40842
890.793 -208.947 2.40157
891.012 -208.947 2.38497
891.238 -208.947 2.36784
891.46 -208.942 2.35076
891.7 -208.942 2.33254
891.948 -208.942 2.31372
892.203 -208.942 2.29428
892.467 -208.942 2.27416
892.739 -208.942 2.25335
893.033 -208.947 2.23112
919.089 -219.256 0.753058
914.89 -217.284 0.97557
914.405 -216.807 0.988687
914.2 -216.444 0.986082
914.082 -216.119 0.978514
913.978 -215.801 0.970309
913.87 -215.485 0.962394
913.767 -215.174 0.954282
913.664 -214.867 0.946218
913.564 -214.562 0.9381
913.508 -214.275 0.927391
913.464 -213.994 0.915993
913.418 -213.713 0.90476
913.373 -213.435 0.893515
913.328 -213.159 0.882257
913.258 -212.877 0.872667
913.106 -212.575 0.868233
912.838 -212.245 0.87125
912.569 -211.919 0.874538
912.311 -211.602 0.877396
912.052 -211.288 0.880431
911.796 -210.981 0.8835
911.55 -210.68 0.886136
911.304 -210.383 0.888977
911.059 -210.091 0.891846
910.823 -209.805 0.89435
910.589 -209.523 0.896942
910.355 -209.246 0.899627
910.127 -208.974 0.902078
909.904 -208.707 0.904372
909.681 -208.443 0.90689
909.46 -208.183 0.909354
909.247 -207.929 0.911393
909.034 -207.677 0.913672
908.822 -207.43 0.915983
908.614 -207.187 0.918133
908.412 -206.947 0.920013
908.209 -206.711 0.922183
908.007 -206.478 0.92431
886.3 -203.902 2.48367
886.251 -203.842 2.48404
886.202 -203.784 2.4844
886.154 -203.726 2.48474
886.106 -203.67 2.48507
886.059 -203.614 2.48537
886.013 -203.558 2.48566
885.968 -203.504 2.48594
889.272 -223.875 2.9834
889.267 -223.513 2.97326
889.262 -223.161 2.96336
889.257 -222.818 2.95369
889.252 -222.484 2.94423
889.247 -222.159 2.93497
889.243 -221.842 2.92591
889.239 -221.533 2.91704
889.234 -221.231 2.90834
889.23 -220.937 2.89983
881.421 -207.705 3.00048
889.249 -220.415 2.88287
889.416 -220.415 2.87216
881.546 -207.691 2.99203
895.466 -228.15 2.71718
895.665 -228.069 2.70159
895.403 -227.321 2.69536
893.127 -223.721 2.73234
893.15 -223.452 2.72225
893.159 -223.166 2.7126
889.909 -218.446 2.77845
889.906 -218.219 2.7714
889.902 -217.996 2.76444
889.899 -217.778 2.75758
889.895 -217.563 2.75082
889.892 -217.353 2.74415
889.889 -217.146 2.73756
889.885 -216.943 2.73105
889.882 -216.743 2.72463
889.879 -216.547 2.71829
889.876 -216.354 2.71202
889.873 -216.164 2.70583
889.87 -215.978 2.69971
889.867 -215.795 2.69366
889.864 -215.614 2.68767
889.861 -215.436 2.68175
889.858 -215.262 2.67589
889.855 -215.089 2.67009
889.852 -214.92 2.66435
889.849 -214.753 2.65867
889.846 -214.588 2.65304
889.844 -214.426 2.64746
889.841 -214.266 2.64194
889.838 -214.109 2.63646
889.835 -213.954 2.63103
889.833 -213.8 2.62566
889.83 -213.649 2.62032
889.827 -213.5 2.61503
889.825 -213.353 2.60978
889.822 -213.208 2.60458
889.82 -213.065 2.59941
889.817 -212.923 2.59428
889.815 -212.783 2.58919
889.812 -212.645 2.58414
889.831 -212.527 2.57825
889.868 -212.425 2.57161
890.028 -212.425 2.55978
890.191 -212.425 2.54771
897.697 -216.023 2.12924
929.774 -234.287 0.449151
929.255 -233.488 0.454624
918.135 -226.434 1.0061
918.251 -226.131 0.983959
927.558 -231.095 0.481227
890.277 -209.632 2.42553
890.277 -209.526 2.4208
890.381 -209.477 2.41054
890.578 -209.477 2.39516
890.714 -209.442 2.38294
890.758 -209.357 2.37572
890.758 -209.25 2.37085
890.758 -209.144 2.36599
890.758 -209.039 2.36114
890.785 -208.947 2.35477
891.004 -208.947 2.33749
891.23 -208.947 2.31967
891.451 -208.942 2.30191
891.691 -208.942 2.28294
891.938 -208.942 2.26335
892.193 -208.942 2.2431
892.457 -208.942 2.22216
892.741 -208.947 2.19978
893.023 -208.947 2.17733
913.55 -217.05 0.934419
913.44 -216.725 0.927337
913.341 -216.408 0.919604
913.239 -216.093 0.912165
913.142 -215.782 0.904511
913.043 -215.474 0.897059
912.947 -215.17 0.889436
912.889 -214.882 0.879554
912.849 -214.602 0.868554
912.807 -214.323 0.857748
912.766 -214.046 0.846829
912.713 -213.768 0.836747
912.604 -213.474 0.830373
912.366 -213.144 0.83244
912.113 -212.814 0.835768
911.859 -212.49 0.839284
911.609 -212.171 0.842744
911.367 -211.859 0.845829
911.124 -211.551 0.849186
910.887 -211.249 0.852247
910.654 -210.953 0.855257
910.421 -210.661 0.858422
910.192 -210.374 0.861516
909.971 -210.092 0.86421
909.75 -209.815 0.867045
909.53 -209.542 0.869947
909.318 -209.274 0.872476
909.106 -209.011 0.875108
908.895 -208.751 0.877803
908.691 -208.495 0.880162
908.488 -208.244 0.88265
908.285 -207.996 0.885208
908.085 -207.751 0.887715
907.889 -207.511 0.890005
907.698 -207.275 0.892124
907.505 -207.041 0.894476
907.316 -206.811 0.896676
907.131 -206.585 0.898663
886.333 -203.962 2.45731
886.283 -203.902 2.45789
886.234 -203.843 2.45844
886.185 -203.784 2.45898
886.138 -203.727 2.4595
886.09 -203.67 2.45999
886.044 -203.614 2.46047
885.998 -203.559 2.46092
885.952 -203.505 2.46136
885.907 -203.451 2.46178
889.227 -223.448 2.89345
889.222 -223.098 2.88467
889.218 -222.757 2.87608
889.214 -222.425 2.86767
889.21 -222.101 2.85943
889.206 -221.786 2.85136
889.202 -221.479 2.84344
889.198 -221.179 2.83569
889.194 -220.887 2.82807
881.423 -207.712 2.98153
889.243 -220.415 2.81205
889.41 -220.415 2.80104
881.544 -207.691 2.97299
895.459 -228.154 2.61195
895.656 -228.069 2.59629
895.403 -227.334 2.59248
893.126 -223.732 2.64431
893.144 -223.454 2.63509
893.155 -223.172 2.62616
889.876 -218.409 2.71285
889.873 -218.183 2.70645
889.87 -217.961 2.70013
889.867 -217.744 2.69389
889.864 -217.53 2.68773
889.861 -217.32 2.68165
889.858 -217.114 2.67564
889.855 -216.912 2.6697
889.852 -216.713 2.66383
889.849 -216.518 2.65802
889.846 -216.326 2.65228
889.843 -216.137 2.64661
889.84 -215.951 2.64099
889.838 -215.768 2.63543
889.835 -215.588 2.62992
889.832 -215.411 2.62447
889.83 -215.237 2.61907
889.827 -215.066 2.61372
889.824 -214.897 2.60842
889.822 -214.73 2.60317
889.819 -214.566 2.59797
889.816 -214.405 2.5928
889.814 -214.245 2.58768
889.811 -214.088 2.58261
889.809 -213.933 2.57757
889.806 -213.781 2.57257
889.804 -213.63 2.56761
889.801 -213.481 2.56268
889.799 -213.335 2.55779
889.796 -213.19 2.55294
889.794 -213.047 2.54811
889.792 -212.906 2.54332
889.789 -212.767 2.53856
889.794 -212.636 2.53349
889.829 -212.531 2.52708
889.864 -212.427 2.52068
890.022 -212.425 2.50853
890.185 -212.425 2.49603
928.706 -235.602 0.377581
928.216 -234.795 0.383871
927.725 -234.001 0.390676
927.18 -233.187 0.400856
926.639 -232.391 0.411277
926.103 -231.612 0.421871
918.137 -226.449 0.845542
918.242 -226.14 0.824174
922.515 -228.221 0.568062
890.277 -209.637 2.37876
890.277 -209.53 2.37421
890.373 -209.477 2.36414
890.57 -209.477 2.34817
890.706 -209.442 2.33559
890.758 -209.361 2.32792
890.758 -209.254 2.32322
890.758 -209.148 2.31853
890.758 -209.043 2.31384
890.776 -208.947 2.30801
890.995 -208.947 2.29006
891.221 -208.947 2.27154
891.442 -208.942 2.2531
891.682 -208.942 2.23338
891.94 -208.947 2.21232
892.195 -208.947 2.19125
892.458 -208.947 2.16947
892.731 -208.947 2.14693
893.012 -208.947 2.12358
912.616 -216.687 0.862574
912.525 -216.377 0.855408
912.43 -216.068 0.848489
912.343 -215.766 0.84114
912.283 -215.476 0.832086
912.243 -215.196 0.821727
912.207 -214.919 0.811196
912.169 -214.643 0.800781
912.07 -214.349 0.794449
911.894 -214.032 0.793386
911.644 -213.694 0.797495
911.404 -213.366 0.801043
911.162 -213.041 0.804963
910.924 -212.722 0.80876
910.695 -212.411 0.812088
910.463 -212.103 0.815764
910.236 -211.8 0.819306
910.017 -211.505 0.822407
905.218 -210.016 1.15092
909.577 -210.925 0.829225
904.606 -209.47 1.174
904.49 -209.251 1.17213
903.939 -208.933 1.20188
903.893 -208.736 1.19528
904.229 -208.624 1.16056
904.157 -208.423 1.15568
904.261 -208.258 1.13783
904.044 -208.03 1.14378
903.741 -207.789 1.15633
903.815 -207.621 1.14069
904.334 -207.53 1.09119
907.196 -207.822 0.862789
907.011 -207.588 0.865371
906.829 -207.357 0.867902
906.651 -207.13 0.87018
904.798 -206.675 1.00292
904.39 -206.435 1.02406
903.688 -206.166 1.06868
886.316 -203.962 2.43144
886.266 -203.902 2.4322
886.217 -203.843 2.43294
886.169 -203.784 2.43365
886.121 -203.727 2.43434
886.074 -203.671 2.43501
886.028 -203.615 2.43565
885.982 -203.56 2.43627
885.937 -203.505 2.43686
885.892 -203.452 2.43744
885.848 -203.399 2.43799
889.183 -223.035 2.80646
889.179 -222.696 2.79894
889.176 -222.366 2.79156
889.172 -222.045 2.78433
889.169 -221.731 2.77724
889.165 -221.426 2.77027
889.162 -221.127 2.76344
881.4 -207.75 2.96499
881.409 -207.691 2.96299
881.449 -207.684 2.96012
881.489 -207.678 2.95722
881.53 -207.671 2.9543
895.453 -228.158 2.50669
895.646 -228.068 2.49099
895.403 -227.347 2.48948
893.126 -223.742 2.55618
893.139 -223.458 2.54788
893.152 -223.178 2.53967
889.844 -218.373 2.64755
889.841 -218.148 2.64179
889.838 -217.927 2.63611
889.835 -217.71 2.63048
889.832 -217.497 2.62492
889.83 -217.288 2.61943
889.827 -217.083 2.61399
889.824 -216.882 2.60861
889.822 -216.684 2.60329
889.819 -216.489 2.59801
889.816 -216.298 2.5928
889.814 -216.109 2.58763
889.811 -215.924 2.58251
889.809 -215.742 2.57744
889.806 -215.563 2.57241
889.804 -215.386 2.56742
889.801 -215.213 2.56248
889.799 -215.042 2.55758
889.796 -214.873 2.55272
889.794 -214.707 2.5479
889.792 -214.544 2.54311
889.789 -214.383 2.53836
889.787 -214.224 2.53364
889.784 -214.068 2.52896
889.782 -213.913 2.5243
889.78 -213.761 2.51968
889.778 -213.611 2.51509
889.775 -213.463 2.51053
889.773 -213.316 2.50599
889.771 -213.172 2.50148
889.769 -213.03 2.497
889.766 -212.889 2.49254
889.764 -212.75 2.48811
889.793 -212.64 2.48214
889.828 -212.535 2.47587
889.863 -212.431 2.46961
890.016 -212.425 2.45729
890.179 -212.425 2.44435
927.622 -236.894 0.305611
897.662 -216.014 1.96994
926.691 -235.273 0.320762
926.21 -234.472 0.329837
925.684 -233.657 0.341888
925.181 -232.871 0.353056
924.682 -232.101 0.364385
924.042 -231.258 0.384386
921.908 -229.518 0.492791
921.406 -228.803 0.506206
918.139 -226.465 0.684772
918.233 -226.149 0.664286
919.968 -226.776 0.544727
890.277 -209.641 2.33194
890.277 -209.534 2.32758
890.366 -209.477 2.31776
890.563 -209.477 2.30119
890.699 -209.442 2.28826
890.758 -209.365 2.28007
890.758 -209.258 2.27554
890.758 -209.152 2.27101
890.758 -209.047 2.26649
890.144 -208.645 2.30126
890.987 -208.947 2.24264
891.212 -208.947 2.22343
891.444 -208.947 2.20359
891.684 -208.947 2.18312
891.931 -208.947 2.16197
892.185 -208.947 2.14011
892.448 -208.947 2.1175
892.7 -208.939 2.09545
892.981 -208.939 2.07125
911.745 -216.348 0.793413
893.076 -208.744 2.05403
911.646 -215.776 0.775418
911.613 -215.5 0.765274
911.552 -215.216 0.757075
911.403 -214.902 0.755088
911.171 -214.562 0.759029
910.935 -214.226 0.763371
910.707 -213.898 0.767284
910.477 -213.574 0.771512
910.253 -213.256 0.775484
910.035 -212.944 0.779212
909.815 -212.637 0.783175
909.598 -212.334 0.787051
909.387 -212.038 0.790632
904.96 -210.548 1.10417
904.673 -210.27 1.11532
904.513 -210.032 1.11718
904.39 -209.807 1.11633
903.897 -209.49 1.14338
903.582 -209.224 1.15736
903.455 -209.01 1.15733
903.399 -208.814 1.15193
903.433 -208.64 1.13964
903.547 -208.483 1.12121
903.564 -208.305 1.11012
903.401 -208.09 1.11294
903.147 -207.861 1.12305
903.105 -207.675 1.11665
903.178 -207.512 1.10114
903.388 -207.372 1.07473
903.858 -207.272 1.02731
904.087 -207.128 0.998849
904.233 -206.968 0.976892
904.084 -206.764 0.978566
903.644 -206.522 1.00404
901.892 -206.114 1.13716
901.753 -205.932 1.13904
886.299 -203.961 2.40566
886.25 -203.902 2.40661
886.201 -203.843 2.40753
886.153 -203.785 2.40842
886.105 -203.727 2.40928
886.058 -203.671 2.41012
886.012 -203.615 2.41092
885.967 -203.56 2.41171
885.922 -203.506 2.41246
885.877 -203.453 2.4132
885.833 -203.4 2.4139
885.79 -203.348 2.41459
889.141 -222.636 2.72231
889.138 -222.308 2.71596
889.135 -221.988 2.70972
889.132 -221.677 2.70359
889.129 -221.373 2.69756
889.126 -221.076 2.69163
881.399 -207.751 2.94601
881.407 -207.69 2.94421
881.447 -207.683 2.94129
881.487 -207.677 2.93834
881.528 -207.671 2.93535
895.447 -228.162 2.40144
895.636 -228.067 2.38575
895.403 -227.36 2.38642
893.125 -223.752 2.46802
893.139 -223.468 2.46049
893.148 -223.184 2.45318
889.811 -218.337 2.5826
889.809 -218.113 2.57748
889.806 -217.893 2.57241
889.804 -217.677 2.5674
889.801 -217.465 2.56243
889.799 -217.257 2.55752
889.796 -217.052 2.55265
889.794 -216.851 2.54782
889.791 -216.654 2.54304
889.789 -216.46 2.5383
889.787 -216.269 2.5336
889.784 -216.082 2.52893
889.782 -215.897 2.52431
889.78 -215.716 2.51972
889.778 -215.537 2.51516
889.775 -215.362 2.51064
889.773 -215.189 2.50615
889.771 -215.018 2.5017
889.769 -214.85 2.49727
889.766 -214.685 2.49287
889.764 -214.522 2.4885
889.762 -214.361 2.48415
889.76 -214.203 2.47983
889.758 -214.047 2.47554
889.756 -213.893 2.47127
889.755 -213.743 2.46692
889.755 -213.595 2.46259
889.755 -213.45 2.45827
889.755 -213.306 2.45397
889.755 -213.164 2.4497
889.755 -213.023 2.44544
889.755 -212.885 2.4412
889.757 -212.749 2.4369
889.792 -212.644 2.43078
889.827 -212.539 2.42466
889.861 -212.435 2.41853
890.01 -212.425 2.40608
890.173 -212.425 2.39271
926.512 -238.155 0.233847
926.063 -237.322 0.242786
907.363 -223.515 1.33475
907.469 -223.29 1.31793
924.71 -234.902 0.272227
897.655 -216.017 1.88986
923.753 -233.321 0.296943
923.293 -232.564 0.308697
921.725 -231.1 0.388993
920.783 -230.071 0.431732
920.31 -229.36 0.445945
919.848 -228.67 0.459822
919.395 -227.997 0.473468
918.927 -227.326 0.488449
918.142 -226.481 0.523878
917.82 -225.923 0.530298
917.303 -225.261 0.549521
890.277 -209.645 2.28511
890.277 -209.538 2.28092
890.358 -209.477 2.27142
890.555 -209.477 2.25425
890.542 -209.363 2.25084
890.758 -209.369 2.23221
890.758 -209.262 2.22785
890.758 -209.156 2.22349
890.758 -209.051 2.21912
890.14 -208.646 2.25675
890.979 -208.947 2.19528
891.204 -208.947 2.17537
891.435 -208.947 2.15482
891.675 -208.947 2.1336
891.921 -208.947 2.11168
887.516 -206.925 2.4158
887.471 -206.832 2.4158
887.425 -206.74 2.4158
887.38 -206.65 2.4158
887.336 -206.561 2.4158
887.292 -206.473 2.4158
887.248 -206.387 2.4158
887.205 -206.302 2.4158
887.162 -206.218 2.4158
887.119 -206.135 2.4158
887.077 -206.053 2.4158
887.044 -205.976 2.4151
887.019 -205.902 2.41383
887.093 -205.861 2.40519
908.971 -212.851 0.755524
908.772 -212.556 0.759271
905.135 -211.208 1.02453
904.825 -210.913 1.03827
904.542 -210.632 1.05018
904.475 -210.417 1.04562
904.318 -210.179 1.04809
904.037 -209.911 1.06024
903.612 -209.61 1.08384
903.447 -209.382 1.08736
903.289 -209.159 1.0904
903.167 -208.947 1.09069
903.049 -208.739 1.09068
903.021 -208.553 1.0835
903.002 -208.371 1.07564
902.894 -208.17 1.07496
902.772 -207.969 1.07543
902.732 -207.786 1.06929
902.736 -207.612 1.05952
902.649 -207.422 1.05726
901.622 -207.07 1.13294
901.353 -206.86 1.1462
901.252 -206.681 1.14568
901.128 -206.5 1.14705
901.024 -206.325 1.14683
900.954 -206.155 1.14378
900.817 -205.979 1.14642
900.649 -205.8 1.15188
886.282 -203.961 2.37998
886.233 -203.902 2.38111
886.184 -203.843 2.38221
886.136 -203.785 2.38328
886.089 -203.728 2.38431
886.043 -203.671 2.38532
885.997 -203.616 2.38629
885.951 -203.561 2.38723
885.906 -203.507 2.38815
885.862 -203.453 2.38904
885.818 -203.401 2.3899
885.775 -203.349 2.39073
885.733 -203.297 2.39153
889.1 -222.25 2.64082
889.098 -221.932 2.63556
889.095 -221.622 2.63038
889.093 -221.32 2.62528
889.09 -221.025 2.62025
881.398 -207.751 2.92704
881.405 -207.689 2.92543
881.445 -207.683 2.92246
881.485 -207.677 2.91945
881.526 -207.67 2.91641
895.44 -228.166 2.29618
895.627 -228.067 2.28054
895.403 -227.373 2.28328
893.125 -223.763 2.37978
893.138 -223.478 2.37304
893.145 -223.19 2.36665
889.779 -218.301 2.51797
889.777 -218.077 2.51348
889.775 -217.858 2.50903
889.772 -217.643 2.50462
889.77 -217.432 2.50024
889.768 -217.225 2.4959
889.766 -217.021 2.49159
889.764 -216.821 2.48731
889.761 -216.625 2.48307
889.759 -216.432 2.47885
889.757 -216.242 2.47466
889.755 -216.055 2.47049
889.755 -215.873 2.46625
889.755 -215.695 2.46203
889.755 -215.519 2.45783
889.755 -215.346 2.45366
889.755 -215.176 2.44951
889.755 -215.008 2.44538
889.755 -214.842 2.44127
889.755 -214.68 2.43718
889.755 -214.519 2.43311
889.755 -214.361 2.42905
889.755 -214.204 2.42501
889.755 -214.051 2.42098
889.755 -213.899 2.41698
889.755 -213.749 2.41298
889.755 -213.601 2.409
889.755 -213.455 2.40503
889.755 -213.311 2.40108
889.755 -213.169 2.39713
889.755 -213.029 2.3932
889.755 -212.89 2.38928
889.755 -212.753 2.38537
889.79 -212.648 2.37939
889.825 -212.543 2.37341
889.86 -212.439 2.36743
890.003 -212.425 2.35489
890.166 -212.425 2.34109
889 -211.36 2.40804
888.94 -211.195 2.40812
888.881 -211.034 2.40817
888.824 -210.876 2.40818
888.768 -210.722 2.40816
888.713 -210.57 2.40811
888.659 -210.422 2.40803
888.606 -210.277 2.40792
888.554 -210.135 2.40779
888.503 -209.996 2.40763
888.453 -209.859 2.40744
888.405 -209.725 2.40723
888.357 -209.594 2.40699
888.31 -209.465 2.40673
888.263 -209.339 2.40644
888.218 -209.214 2.40613
888.173 -209.092 2.4058
888.13 -208.973 2.40545
888.087 -208.855 2.40508
888.044 -208.739 2.40469
888.003 -208.626 2.40427
887.962 -208.514 2.40384
887.921 -208.404 2.40339
887.882 -208.296 2.40292
887.843 -208.189 2.40243
887.805 -208.084 2.40192
887.767 -207.981 2.4014
887.729 -207.88 2.40086
887.693 -207.78 2.4003
887.657 -207.682 2.39973
887.621 -207.585 2.39914
887.586 -207.489 2.39853
887.551 -207.395 2.39791
887.517 -207.302 2.39727
887.484 -207.21 2.39662
887.45 -207.12 2.39595
887.418 -207.031 2.39527
887.385 -206.943 2.39458
887.353 -206.857 2.39387
887.322 -206.771 2.39315
887.291 -206.687 2.39241
887.26 -206.603 2.39166
887.23 -206.521 2.39089
887.2 -206.44 2.39012
887.17 -206.359 2.38933
887.141 -206.28 2.38853
887.112 -206.202 2.38771
887.083 -206.124 2.38688
887.055 -206.048 2.38605
887.027 -205.972 2.38519
886.999 -205.897 2.38433
887.029 -205.842 2.37893
887.103 -205.801 2.37005
904.171 -211.114 1.01337
903.93 -210.845 1.02323
903.786 -210.609 1.02547
903.78 -210.416 1.01676
903.707 -210.205 1.01338
903.568 -209.978 1.01538
903.3 -209.719 1.02802
903.19 -209.506 1.02778
903.088 -209.297 1.02701
902.988 -209.091 1.02612
902.913 -208.893 1.02321
902.789 -208.685 1.02437
902.643 -208.475 1.02745
902.591 -208.287 1.02269
902.535 -208.101 1.01821
902.444 -207.908 1.01684
902.334 -207.714 1.01705
902.053 -207.489 1.03195
901.499 -207.219 1.07056
901.142 -206.992 1.09246
901.013 -206.809 1.09485
900.651 -206.59 1.11764
900.633 -206.43 1.11056
900.493 -206.253 1.11411
900.275 -206.067 1.12468
900.132 -205.894 1.12875
900.025 -205.728 1.12958
886.265 -203.961 2.3544
886.216 -203.902 2.35572
886.168 -203.843 2.35699
886.12 -203.785 2.35823
886.073 -203.728 2.35944
886.027 -203.672 2.36061
885.981 -203.616 2.36174
885.936 -203.562 2.36285
885.891 -203.508 2.36392
885.847 -203.454 2.36496
885.804 -203.402 2.36597
885.761 -203.35 2.36695
885.718 -203.298 2.3679
885.676 -203.248 2.36882
889.061 -221.876 2.56185
889.059 -221.568 2.55761
889.057 -221.267 2.55343
889.055 -220.974 2.54929
881.397 -207.752 2.90806
881.403 -207.689 2.90666
881.443 -207.682 2.90363
881.484 -207.676 2.90057
881.524 -207.67 2.89747
895.434 -228.17 2.19091
895.617 -228.066 2.17535
895.403 -227.386 2.18004
893.129 -223.78 2.29121
893.138 -223.488 2.28551
893.144 -223.2 2.27991
889.763 -218.287 2.45279
889.755 -218.057 2.44923
889.755 -217.841 2.44529
889.755 -217.629 2.44136
889.755 -217.421 2.43746
889.755 -217.217 2.43358
889.755 -217.016 2.42972
889.755 -216.818 2.42587
889.755 -216.624 2.42205
889.755 -216.434 2.41824
889.755 -216.246 2.41444
889.755 -216.062 2.41067
889.755 -215.88 2.4069
889.755 -215.702 2.40315
889.755 -215.526 2.39942
889.755 -215.353 2.39569
889.755 -215.182 2.39198
889.755 -215.014 2.38828
889.755 -214.849 2.38459
889.755 -214.686 2.38091
889.755 -214.525 2.37723
889.755 -214.367 2.37357
889.755 -214.21 2.36992
889.755 -214.056 2.36627
889.755 -213.904 2.36263
889.755 -213.755 2.359
889.755 -213.607 2.35537
889.755 -213.461 2.35175
889.755 -213.317 2.34814
889.755 -213.174 2.34453
889.755 -213.034 2.34092
889.755 -212.895 2.33732
889.755 -212.758 2.33372
889.789 -212.652 2.32798
889.824 -212.547 2.32215
889.859 -212.443 2.3163
889.997 -212.425 2.30372
889.03 -211.508 2.36294
888.969 -211.34 2.36357
888.91 -211.176 2.36414
888.851 -211.015 2.36467
888.794 -210.858 2.36516
888.739 -210.704 2.3656
888.684 -210.553 2.366
888.63 -210.406 2.36636
888.578 -210.261 2.36668
888.527 -210.12 2.36696
888.476 -209.981 2.36721
888.427 -209.845 2.36741
888.378 -209.711 2.36759
888.331 -209.58 2.36773
888.284 -209.452 2.36784
888.238 -209.326 2.36791
888.193 -209.202 2.36796
888.149 -209.081 2.36797
888.105 -208.961 2.36795
888.063 -208.844 2.36791
888.021 -208.728 2.36784
887.979 -208.615 2.36774
887.939 -208.504 2.36762
887.899 -208.394 2.36746
887.86 -208.286 2.36729
887.821 -208.18 2.36709
887.783 -208.076 2.36686
887.745 -207.973 2.36661
887.708 -207.872 2.36634
887.672 -207.772 2.36605
887.636 -207.674 2.36573
887.6 -207.577 2.36539
887.566 -207.482 2.36504
887.531 -207.388 2.36466
887.497 -207.295 2.36426
887.464 -207.204 2.36384
887.431 -207.114 2.3634
887.398 -207.025 2.36294
887.366 -206.938 2.36247
887.334 -206.851 2.36197
887.303 -206.766 2.36146
887.272 -206.682 2.36093
887.241 -206.598 2.36038
887.211 -206.516 2.35981
887.181 -206.435 2.35923
887.152 -206.355 2.35863
887.123 -206.276 2.35802
887.094 -206.198 2.35738
887.066 -206.121 2.35674
887.038 -206.044 2.35607
887.01 -205.969 2.35539
886.982 -205.894 2.3547
886.966 -205.824 2.35304
887.043 -205.784 2.34376
887.138 -205.75 2.33286
903.266 -210.647 0.985702
903.056 -210.397 0.994446
902.893 -210.164 0.999351
902.797 -209.953 0.998703
902.801 -209.772 0.989534
902.741 -209.575 0.985882
902.655 -209.372 0.984402
902.655 -209.193 0.97558
902.547 -208.988 0.976033
902.386 -208.772 0.981177
902.278 -208.572 0.981704
902.175 -208.375 0.981872
902.05 -208.176 0.983967
901.989 -207.992 0.98055
901.834 -207.79 0.985394
901.319 -207.52 1.02237
901.016 -207.299 1.04074
900.859 -207.109 1.04628
900.671 -206.916 1.05463
900.314 -206.697 1.07828
900.172 -206.519 1.0828
900 -206.339 1.09
898.535 -205.972 1.2158
898.37 -205.807 1.22307
898.056 -205.625 1.24427
897.749 -205.449 1.26496
886.249 -203.961 2.32892
886.2 -203.902 2.33041
886.152 -203.843 2.33186
886.104 -203.785 2.33328
886.057 -203.728 2.33465
886.011 -203.672 2.33599
885.966 -203.617 2.33729
885.921 -203.562 2.33855
885.876 -203.508 2.33978
885.832 -203.455 2.34097
885.789 -203.403 2.34213
885.746 -203.351 2.34326
885.704 -203.299 2.34435
885.662 -203.249 2.34541
885.621 -203.199 2.34644
 ] }
 color Color { color [
0.492463 0 0.507537
0.532216 0 0.467784
0.498816 0 0.501184
0.566989 0 0.433011
0.551054 0 0.448946
0.459983 0 0.540017
0.458039 0 0.541961
0.459789 0 0.540211
0.134227 0 0.865773
0.133899 0 0.866101
0.148167 0 0.851833
0.446555 0 0.553445
0.446549 0 0.553451
0.466148 0 0.533852
0.492575 0 0.507425
0.532105 0 0.467895
0.498761 0 0.501239
0.566779 0 0.433221
0.550768 0 0.449232
0.460217 0 0.539783
0.458022 0 0.541978
0.459579 0 0.540421
0.134242 0 0.865758
0.133827 0 0.866173
0.148182 0 0.851818
0.446924 0 0.553076
0.446351 0 0.553649
0.466169 0 0.533831
0.472862 0 0.527138
0.492731 0 0.507269
0.532 0 0.468
0.498729 0 0.501271
0.566639 0 0.433361
0.550509 0 0.449491
0.460523 0 0.539477
0.458014 0 0.541986
0.459398 0 0.540602
0.133758 0 0.866242
0.1482 0 0.8518
0.447558 0 0.552442
0.446223 0 0.553777
0.466209 0 0.533791
0.472521 0 0.527479
0.492968 0 0.507032
0.531902 0 0.468098
0.498718 0 0.501282
0.566569 0 0.433431
0.550272 0 0.449728
0.460984 0 0.539016
0.458017 0 0.541983
0.459241 0 0.540759
0.133776 0 0.866224
0.148552 0 0.851448
0.44615 0 0.55385
0.466267 0 0.533733
0.596459 0 0.403541
0.584194 0 0.415806
0.56813 0 0.43187
0.565264 0 0.434736
0.472284 0 0.527716
0.531812 0 0.468188
0.498726 0 0.501274
0.566576 0 0.433424
0.550057 0 0.449943
0.458029 0 0.541971
0.459104 0 0.540896
0.133795 0 0.866205
0.13533 0 0.864671
0.145228 0 0.854772
0.147459 0 0.852541
0.151082 0 0.848918
0.146769 0 0.853231
0.148912 0 0.851088
0.151148 0 0.848852
0.153703 0 0.846297
0.594106 0 0.405894
0.583977 0 0.416023
0.571999 0 0.428001
0.466344 0 0.533656
0.552885 0 0.447115
0.550979 0 0.449021
0.54822 0 0.45178
0.544926 0 0.455074
0.541643 0 0.458357
0.472101 0 0.527899
0.531728 0 0.468272
0.498755 0 0.501245
0.566688 0 0.433312
0.54986 0 0.45014
0.458051 0 0.541949
0.458985 0 0.541015
0.133816 0 0.866184
0.135572 0 0.864428
0.144965 0 0.855035
0.135751 0 0.864249
0.135854 0 0.864146
0.137656 0 0.862344
0.139568 0 0.860432
0.141712 0 0.858288
0.143928 0 0.856072
0.146366 0 0.853634
0.148744 0 0.851256
0.151207 0 0.848793
0.153761 0 0.846239
0.592374 0 0.407626
0.582274 0 0.417726
0.572247 0 0.427753
0.560595 0 0.439405
0.544949 0 0.455051
0.541317 0 0.458683
0.539376 0 0.460624
0.466441 0 0.533559
0.533722 0 0.466278
0.530505 0 0.469495
0.526538 0 0.473462
0.519025 0 0.480975
0.480772 0 0.519228
0.444501 0 0.555499
0.471957 0 0.528043
0.531651 0 0.468349
0.498802 0 0.501198
0.567025 0 0.432975
0.549683 0 0.450317
0.458083 0 0.541917
0.458883 0 0.541117
0.13966 0 0.86034
0.137545 0 0.862455
0.133838 0 0.866162
0.135507 0 0.864493
0.136116 0 0.863884
0.135634 0 0.864366
0.135162 0 0.864838
0.1347 0 0.8653
0.135421 0 0.864579
0.13756 0 0.86244
0.139632 0 0.860368
0.141775 0 0.858225
0.143992 0 0.856008
0.146285 0 0.853715
0.148364 0 0.851636
0.150748 0 0.849252
0.153541 0 0.846459
0.58098 0 0.41902
0.571166 0 0.428834
0.561259 0 0.438741
0.549898 0 0.450102
0.538606 0 0.461394
0.530447 0 0.469553
0.528502 0 0.471498
0.526429 0 0.473571
0.523221 0 0.476779
0.520065 0 0.479935
0.466558 0 0.533442
0.509256 0 0.490744
0.470277 0 0.529724
0.437344 0 0.562656
0.432507 0 0.567493
0.430314 0 0.569686
0.428216 0 0.571784
0.426112 0 0.573888
0.471844 0 0.528156
0.531582 0 0.468418
0.498869 0 0.501131
0.549522 0 0.450478
0.458124 0 0.541876
0.458797 0 0.541203
0.138708 0 0.861292
0.138173 0 0.861827
0.137649 0 0.862351
0.133862 0 0.866138
0.135443 0 0.864557
0.136141 0 0.863859
0.135658 0 0.864342
0.135186 0 0.864814
0.134724 0 0.865276
0.135486 0 0.864514
0.137489 0 0.862511
0.139213 0 0.860787
0.14141 0 0.85859
0.143792 0 0.856208
0.146081 0 0.853919
0.148451 0 0.851548
0.150907 0 0.849093
0.153454 0 0.846546
0.586218 0 0.413782
0.570248 0 0.429752
0.560762 0 0.439238
0.550929 0 0.449071
0.539891 0 0.460109
0.529317 0 0.470683
0.52022 0 0.47978
0.518277 0 0.481723
0.516314 0 0.483686
0.513342 0 0.486658
0.510258 0 0.489742
0.506771 0 0.493229
0.500319 0 0.499681
0.460419 0 0.539581
0.430574 0 0.569426
0.425874 0 0.574126
0.423673 0 0.576327
0.421547 0 0.578453
0.419476 0 0.580524
0.417509 0 0.582491
0.416012 0 0.583988
0.414855 0 0.585145
0.413728 0 0.586272
0.471756 0 0.528244
0.531518 0 0.468482
0.498958 0 0.501042
0.588996 0 0.411004
0.54938 0 0.45062
0.458175 0 0.541825
0.458723 0 0.541277
0.138735 0 0.861265
0.138775 0 0.861225
0.137676 0 0.862324
0.133888 0 0.866112
0.135382 0 0.864618
0.136167 0 0.863833
0.135684 0 0.864316
0.135212 0 0.864788
0.134749 0 0.865251
0.135419 0 0.864581
0.137421 0 0.862579
0.13937 0 0.86063
0.141507 0 0.858493
0.143717 0 0.856283
0.146003 0 0.853997
0.148372 0 0.851628
0.150825 0 0.849175
0.153368 0 0.846632
0.569957 0 0.430043
0.560168 0 0.439832
0.550878 0 0.449122
0.541114 0 0.458886
0.530392 0 0.469608
0.520113 0 0.479887
0.510621 0 0.489379
0.508669 0 0.491331
0.506718 0 0.493282
0.504072 0 0.495928
0.50097 0 0.49903
0.497687 0 0.502313
0.491723 0 0.508277
0.45105 0 0.54895
0.42424 0 0.57576
0.419596 0 0.580404
0.417398 0 0.582602
0.41527 0 0.58473
0.413217 0 0.586783
0.411162 0 0.588838
0.409585 0 0.590415
0.408388 0 0.591612
0.407211 0 0.592789
0.406095 0 0.593905
0.404973 0 0.595027
0.403904 0 0.596096
0.402834 0 0.597166
0.471692 0 0.528308
0.531461 0 0.468539
0.499072 0 0.500928
0.588756 0 0.411244
0.549255 0 0.450745
0.458238 0 0.541762
0.458662 0 0.541338
0.138764 0 0.861236
0.138726 0 0.861274
0.137704 0 0.862296
0.133915 0 0.866085
0.135321 0 0.864679
0.136194 0 0.863806
0.135712 0 0.864288
0.135239 0 0.864761
0.134776 0 0.865224
0.135354 0 0.864646
0.137354 0 0.862646
0.139301 0 0.860699
0.141435 0 0.858564
0.143643 0 0.856357
0.145927 0 0.854073
0.148292 0 0.851708
0.150743 0 0.849257
0.153284 0 0.846716
0.559908 0 0.440092
0.550585 0 0.449415
0.541597 0 0.458403
0.531833 0 0.468167
0.521511 0 0.478489
0.511202 0 0.488798
0.50155 0 0.49845
0.499615 0 0.500385
0.497715 0 0.502285
0.495279 0 0.504721
0.492277 0 0.507723
0.489005 0 0.510995
0.483766 0 0.516234
0.442085 0 0.557915
0.418246 0 0.581754
0.413703 0 0.586297
0.411466 0 0.588534
0.409364 0 0.590636
0.407292 0 0.592708
0.405264 0 0.594736
0.403534 0 0.596466
0.40227 0 0.59773
0.401094 0 0.598906
0.399946 0 0.600054
0.398814 0 0.601186
0.397694 0 0.602306
0.396624 0 0.603376
0.395557 0 0.604443
0.394515 0 0.605485
0.393517 0 0.606483
0.392514 0 0.607486
0.47165 0 0.52835
0.531411 0 0.468589
0.224498 0 0.775502
0.225926 0 0.774074
0.499214 0 0.500786
0.152569 0 0.847431
0.149962 0 0.850038
0.149018 0 0.850982
0.148093 0 0.851907
0.147212 0 0.852788
0.14826 0 0.85174
0.588624 0 0.411376
0.54915 0 0.45085
0.45831 0 0.54169
0.458615 0 0.541385
0.138259 0 0.861741
0.137734 0 0.862266
0.133944 0 0.866056
0.135263 0 0.864737
0.136224 0 0.863776
0.135741 0 0.864259
0.135268 0 0.864732
0.134805 0 0.865195
0.135291 0 0.864709
0.137289 0 0.862711
0.139234 0 0.860766
0.141367 0 0.858633
0.143572 0 0.856428
0.145854 0 0.854146
0.148217 0 0.851783
0.150665 0 0.849335
0.153202 0 0.846798
0.581548 0 0.418452
0.550639 0 0.449361
0.541541 0 0.458459
0.532823 0 0.467177
0.523156 0 0.476844
0.513012 0 0.486988
0.503275 0 0.496725
0.493002 0 0.506998
0.491077 0 0.508923
0.489162 0 0.510838
0.486908 0 0.513092
0.48403 0 0.51597
0.481029 0 0.518971
0.475599 0 0.524401
0.43341 0 0.56659
0.41252 0 0.58748
0.40807 0 0.59193
0.405866 0 0.594134
0.403785 0 0.596215
0.401698 0 0.598302
0.399696 0 0.600304
0.397874 0 0.602126
0.396512 0 0.603488
0.395318 0 0.604682
0.394127 0 0.605873
0.392997 0 0.607003
0.391856 0 0.608144
0.39077 0 0.60923
0.389681 0 0.610319
0.388628 0 0.611372
0.387598 0 0.612402
0.386571 0 0.613429
0.385203 0 0.614797
0.381818 0 0.618182
0.378203 0 0.621797
0.0774991 0 0.922501
0.0633731 0 0.936627
0.47163 0 0.52837
0.224187 0 0.775813
0.222231 0 0.777769
0.220427 0 0.779573
0.218852 0 0.781148
0.2202 0 0.7798
0.221574 0 0.778426
0.222977 0 0.777023
0.224409 0 0.775591
0.225871 0 0.774129
0.499392 0 0.500608
0.159292 0 0.840708
0.156805 0 0.843195
0.155719 0 0.844281
0.154656 0 0.845344
0.153614 0 0.846386
0.152594 0 0.847406
0.151595 0 0.848405
0.150615 0 0.849385
0.149656 0 0.850344
0.148716 0 0.851284
0.147795 0 0.852205
0.146892 0 0.853108
0.147438 0 0.852562
0.588545 0 0.411455
0.549066 0 0.450934
0.458392 0 0.541608
0.45858 0 0.54142
0.13829 0 0.86171
0.137766 0 0.862234
0.133975 0 0.866025
0.135252 0 0.864748
0.136255 0 0.863745
0.135772 0 0.864228
0.135299 0 0.864701
0.134835 0 0.865165
0.13523 0 0.86477
0.137226 0 0.862774
0.13925 0 0.86075
0.141299 0 0.858701
0.143503 0 0.856497
0.145782 0 0.854218
0.148143 0 0.851857
0.150588 0 0.849412
0.153123 0 0.846877
0.48449 0 0.51551
0.484052 0 0.515948
0.484496 0 0.515504
0.532986 0 0.467014
0.52448 0 0.47552
0.514786 0 0.485214
0.504912 0 0.495088
0.495388 0 0.504612
0.484945 0 0.515055
0.483014 0 0.516986
0.481126 0 0.518874
0.479176 0 0.520824
0.476271 0 0.523729
0.473222 0 0.526778
0.468382 0 0.531618
0.424963 0 0.575037
0.407081 0 0.592919
0.402918 0 0.597082
0.400588 0 0.599412
0.398498 0 0.601502
0.396425 0 0.603575
0.394414 0 0.605586
0.392516 0 0.607484
0.391093 0 0.608907
0.389862 0 0.610138
0.388662 0 0.611338
0.387505 0 0.612495
0.386343 0 0.613657
0.385224 0 0.614776
0.384128 0 0.615872
0.383036 0 0.616964
0.381991 0 0.618009
0.380863 0 0.619138
0.378453 0 0.621547
0.374781 0 0.625219
0.371243 0 0.628757
0.367722 0 0.632278
0.364291 0 0.635709
0.0779061 0 0.922094
0.0773438 0 0.922656
0.0767939 0 0.923206
0.0634042 0 0.936596
0.275158 0 0.724842
0.273696 0 0.726304
0.272257 0 0.727743
0.27113 0 0.72887
0.0544204 0 0.94558
0.471632 0 0.528368
0.226033 0 0.773967
0.224145 0 0.775855
0.222299 0 0.777701
0.220493 0 0.779507
0.218809 0 0.781191
0.22015 0 0.77985
0.221524 0 0.778476
0.222926 0 0.777074
0.224357 0 0.775643
0.165992 0 0.834008
0.164712 0 0.835288
0.163458 0 0.836542
0.162231 0 0.83777
0.16103 0 0.83897
0.159854 0 0.840146
0.158703 0 0.841297
0.157576 0 0.842424
0.156472 0 0.843528
0.155391 0 0.844609
0.154333 0 0.845667
0.153295 0 0.846705
0.152279 0 0.847721
0.151284 0 0.848716
0.150309 0 0.849691
0.149354 0 0.850646
0.148418 0 0.851582
0.1475 0 0.8525
0.146601 0 0.853399
0.147397 0 0.852603
0.588504 0 0.411496
0.549004 0 0.450996
0.2312 0 0.7688
0.232561 0 0.767439
0.458485 0 0.541515
0.458556 0 0.541444
0.138324 0 0.861676
0.137799 0 0.862201
0.134007 0 0.865993
0.135284 0 0.864716
0.136287 0 0.863713
0.135804 0 0.864196
0.135331 0 0.864669
0.134868 0 0.865132
0.135171 0 0.864829
0.137164 0 0.862836
0.139225 0 0.860775
0.141234 0 0.858766
0.143434 0 0.856566
0.145712 0 0.854288
0.14807 0 0.85193
0.150513 0 0.849487
0.153045 0 0.846955
0.155804 0 0.844196
0.533432 0 0.466568
0.484845 0 0.515155
0.480928 0 0.519072
0.482554 0 0.517446
0.497314 0 0.502686
0.488067 0 0.511933
0.477408 0 0.522592
0.475391 0 0.524608
0.473501 0 0.526499
0.471473 0 0.528527
0.468889 0 0.531111
0.465923 0 0.534077
0.461144 0 0.538856
0.416678 0 0.583322
0.40193 0 0.59807
0.397823 0 0.602177
0.395596 0 0.604404
0.393497 0 0.606503
0.39144 0 0.60856
0.389419 0 0.610581
0.387434 0 0.612566
0.385926 0 0.614074
0.384703 0 0.615297
0.383476 0 0.616524
0.382293 0 0.617707
0.381131 0 0.618869
0.379983 0 0.620017
0.37888 0 0.62112
0.377786 0 0.622214
0.376719 0 0.623281
0.375154 0 0.624846
0.37169 0 0.62831
0.368093 0 0.631907
0.364653 0 0.635347
0.36122 0 0.63878
0.357859 0 0.642141
0.354639 0 0.645361
0.351436 0 0.648564
0.348292 0 0.651708
0.0777502 0 0.92225
0.0771903 0 0.92281
0.0766427 0 0.923357
0.0761059 0 0.923894
0.0634552 0 0.936545
0.276231 0 0.723769
0.272478 0 0.727522
0.269179 0 0.730821
0.26666 0 0.73334
0.267733 0 0.732267
0.268828 0 0.731172
0.269945 0 0.730055
0.271085 0 0.728915
0.0543963 0 0.945604
0.471656 0 0.528344
0.226105 0 0.773895
0.224216 0 0.775784
0.175379 0 0.824621
0.17389 0 0.82611
0.172434 0 0.827566
0.17101 0 0.82899
0.169618 0 0.830382
0.168257 0 0.831743
0.166924 0 0.833076
0.165621 0 0.834379
0.164346 0 0.835654
0.163098 0 0.836902
0.161876 0 0.838124
0.160681 0 0.839319
0.15951 0 0.84049
0.158364 0 0.841636
0.157242 0 0.842758
0.156143 0 0.843857
0.155066 0 0.844934
0.154012 0 0.845988
0.15298 0 0.84702
0.151968 0 0.848032
0.150977 0 0.849023
0.150006 0 0.849994
0.149054 0 0.850946
0.148122 0 0.851878
0.147208 0 0.852792
0.146312 0 0.853688
0.147357 0 0.852643
0.148629 0 0.851371
0.548969 0 0.451031
0.231029 0 0.768971
0.231753 0 0.768247
0.458589 0 0.541411
0.458544 0 0.541456
0.138359 0 0.861641
0.137834 0 0.862166
0.134041 0 0.865959
0.135369 0 0.864631
0.136322 0 0.863678
0.135838 0 0.864162
0.135365 0 0.864635
0.134901 0 0.865099
0.135113 0 0.864887
0.137105 0 0.862895
0.139163 0 0.860837
0.141171 0 0.858829
0.14337 0 0.85663
0.145645 0 0.854355
0.148001 0 0.851999
0.150441 0 0.849559
0.15297 0 0.84703
0.155726 0 0.844274
0.499323 0 0.500677
0.489966 0 0.510034
0.480331 0 0.519669
0.470112 0 0.529888
0.468195 0 0.531805
0.466286 0 0.533714
0.464361 0 0.535639
0.46192 0 0.53808
0.459087 0 0.540913
0.454588 0 0.545412
0.408495 0 0.591505
0.396979 0 0.603022
0.392977 0 0.607023
0.390832 0 0.609168
0.388764 0 0.611236
0.38672 0 0.61328
0.384693 0 0.615307
0.382767 0 0.617233
0.38113 0 0.61887
0.379822 0 0.620178
0.378588 0 0.621412
0.377397 0 0.622603
0.376201 0 0.623799
0.375052 0 0.624948
0.373914 0 0.626086
0.372789 0 0.62721
0.371656 0 0.628344
0.368792 0 0.631208
0.365263 0 0.634737
0.361768 0 0.638232
0.358383 0 0.641617
0.355057 0 0.644943
0.351775 0 0.648225
0.348593 0 0.651407
0.345496 0 0.654504
0.342422 0 0.657578
0.339449 0 0.660551
0.336541 0 0.663459
0.333657 0 0.666343
0.077596 0 0.922404
0.0770384 0 0.922962
0.0764932 0 0.923507
0.0759587 0 0.924041
0.0754356 0 0.924564
0.276028 0 0.723972
0.272631 0 0.727369
0.269328 0 0.730672
0.266695 0 0.733305
0.267693 0 0.732307
0.268787 0 0.731213
0.269904 0 0.730096
0.271049 0 0.728951
0.0543726 0 0.945627
0.471703 0 0.528297
0.186353 0 0.813647
0.18461 0 0.81539
0.182907 0 0.817093
0.181244 0 0.818756
0.17962 0 0.82038
0.178033 0 0.821967
0.176482 0 0.823518
0.174966 0 0.825034
0.173484 0 0.826516
0.172035 0 0.827965
0.170618 0 0.829382
0.169232 0 0.830768
0.167877 0 0.832123
0.166551 0 0.833449
0.165254 0 0.834746
0.163984 0 0.836016
0.162742 0 0.837258
0.161526 0 0.838474
0.160335 0 0.839665
0.15917 0 0.84083
0.158029 0 0.841971
0.156911 0 0.843089
0.155817 0 0.844183
0.154745 0 0.845255
0.153695 0 0.846305
0.152667 0 0.847333
0.151659 0 0.848341
0.150673 0 0.849327
0.149705 0 0.850295
0.148758 0 0.851242
0.147829 0 0.852171
0.146919 0 0.853081
0.146076 0 0.853924
0.14732 0 0.85268
0.148591 0 0.851409
0.548973 0 0.451027
0.230861 0 0.769139
0.458705 0 0.541295
0.458542 0 0.541458
0.138396 0 0.861604
0.137871 0 0.862129
0.134077 0 0.865923
0.134642 0 0.865358
0.136358 0 0.863642
0.135874 0 0.864126
0.1354 0 0.8646
0.134937 0 0.865063
0.135057 0 0.864943
0.137047 0 0.862953
0.139103 0 0.860897
0.141109 0 0.858891
0.143305 0 0.856695
0.145578 0 0.854422
0.147932 0 0.852068
0.150369 0 0.849631
0.152896 0 0.847104
0.155649 0 0.844351
0.463288 0 0.536712
0.461356 0 0.538644
0.459453 0 0.540547
0.457594 0 0.542406
0.455318 0 0.544682
0.452512 0 0.547488
0.448407 0 0.551593
0.400666 0 0.599334
0.392312 0 0.607688
0.388496 0 0.611504
0.386348 0 0.613652
0.384284 0 0.615716
0.382248 0 0.617751
0.380218 0 0.619782
0.378305 0 0.621695
0.376553 0 0.623447
0.375204 0 0.624796
0.37395 0 0.62605
0.372743 0 0.627257
0.371535 0 0.628465
0.370359 0 0.629641
0.369216 0 0.630784
0.368094 0 0.631906
0.366088 0 0.633912
0.362623 0 0.637377
0.359171 0 0.640829
0.355765 0 0.644235
0.352412 0 0.647588
0.349197 0 0.650803
0.345998 0 0.654002
0.342904 0 0.657096
0.339859 0 0.660141
0.336851 0 0.663149
0.333918 0 0.666082
0.331093 0 0.668907
0.328271 0 0.671729
0.325509 0 0.674491
0.322858 0 0.677142
0.320213 0 0.679787
0.0774434 0 0.922557
0.0768881 0 0.923112
0.0763445 0 0.923656
0.0758123 0 0.924188
0.0752916 0 0.924708
0.0747806 0 0.925219
0.276189 0 0.723811
0.272788 0 0.727212
0.269534 0 0.730466
0.266738 0 0.733262
0.267655 0 0.732345
0.26875 0 0.73125
0.269866 0 0.730134
0.271073 0 0.728927
0.0543493 0 0.945651
0.471777 0 0.528223
0.189485 0 0.810515
0.187665 0 0.812335
0.185889 0 0.814111
0.184154 0 0.815846
0.18246 0 0.81754
0.180805 0 0.819195
0.179189 0 0.820811
0.177609 0 0.822391
0.176066 0 0.823934
0.174557 0 0.825443
0.173082 0 0.826918
0.17164 0 0.82836
0.170229 0 0.829771
0.16885 0 0.83115
0.167501 0 0.832499
0.166181 0 0.833819
0.16489 0 0.83511
0.163626 0 0.836374
0.162389 0 0.837611
0.161179 0 0.838821
0.159993 0 0.840007
0.158833 0 0.841167
0.157697 0 0.842303
0.156584 0 0.843416
0.155494 0 0.844505
0.154427 0 0.845573
0.153382 0 0.846618
0.152358 0 0.847642
0.151354 0 0.848646
0.150371 0 0.849629
0.149408 0 0.850592
0.148464 0 0.851536
0.147539 0 0.852461
0.146633 0 0.853367
0.146041 0 0.853959
0.147283 0 0.852717
0.148554 0 0.851446
0.549035 0 0.450965
0.230697 0 0.769303
0.458833 0 0.541167
0.458552 0 0.541448
0.138436 0 0.861564
0.137909 0 0.862091
0.133888 0 0.866112
0.134593 0 0.865407
0.136395 0 0.863605
0.135911 0 0.864089
0.135438 0 0.864562
0.134974 0 0.865026
0.135003 0 0.864998
0.136991 0 0.863009
0.139045 0 0.860955
0.141049 0 0.858951
0.143243 0 0.856757
0.145514 0 0.854486
0.147865 0 0.852135
0.1503 0 0.8497
0.152824 0 0.847176
0.155575 0 0.844425
0.451114 0 0.548886
0.449021 0 0.550979
0.446238 0 0.553762
0.442112 0 0.557888
0.394196 0 0.605804
0.387836 0 0.612164
0.384296 0 0.615704
0.382099 0 0.6179
0.380037 0 0.619963
0.377993 0 0.622007
0.375977 0 0.624023
0.374032 0 0.625968
0.372202 0 0.627798
0.370831 0 0.629169
0.369558 0 0.630442
0.368339 0 0.631661
0.367133 0 0.632867
0.365948 0 0.634052
0.364765 0 0.635235
0.363268 0 0.636732
0.360257 0 0.639743
0.356755 0 0.643245
0.353383 0 0.646617
0.350054 0 0.649946
0.346777 0 0.653223
0.343624 0 0.656376
0.340504 0 0.659496
0.337433 0 0.662567
0.334471 0 0.665529
0.331553 0 0.668447
0.328669 0 0.671331
0.325868 0 0.674132
0.323149 0 0.676851
0.32044 0 0.67956
0.317806 0 0.682194
0.31525 0 0.68475
0.312699 0 0.687301
0.310225 0 0.689775
0.307816 0 0.692184
0.0772925 0 0.922707
0.0767395 0 0.92326
0.0761982 0 0.923802
0.0756676 0 0.924332
0.0751484 0 0.924852
0.0746405 0 0.92536
0.0741422 0 0.925858
0.218781 0 0.781219
0.215978 0 0.784022
0.213255 0 0.786745
0.210609 0 0.789391
0.208038 0 0.791962
0.205538 0 0.794462
0.203215 0 0.796785
0.203951 0 0.796049
0.054327 0 0.945673
0.471878 0 0.528122
0.294439 0 0.705561
0.253145 0 0.746855
0.251464 0 0.748536
0.190862 0 0.809138
0.189006 0 0.810994
0.187196 0 0.812804
0.185428 0 0.814572
0.183703 0 0.816297
0.182017 0 0.817983
0.180371 0 0.819629
0.178762 0 0.821238
0.17719 0 0.82281
0.175654 0 0.824346
0.174152 0 0.825848
0.172684 0 0.827316
0.171249 0 0.828751
0.169845 0 0.830155
0.168472 0 0.831528
0.167129 0 0.832871
0.165815 0 0.834185
0.16453 0 0.83547
0.163271 0 0.836729
0.16204 0 0.83796
0.160834 0 0.839166
0.159654 0 0.840346
0.158499 0 0.841501
0.157368 0 0.842632
0.15626 0 0.84374
0.155175 0 0.844825
0.154112 0 0.845888
0.153071 0 0.846929
0.152051 0 0.847949
0.151052 0 0.848948
0.150073 0 0.849927
0.149114 0 0.850886
0.148174 0 0.851826
0.147252 0 0.852748
0.146349 0 0.853651
0.146007 0 0.853993
0.147249 0 0.852751
0.14852 0 0.85148
0.230536 0 0.769464
0.458972 0 0.541028
0.458571 0 0.541429
0.59291 0 0.40709
0.135012 0 0.864988
0.133828 0 0.866172
0.13548 0 0.86452
0.136498 0 0.863502
0.136435 0 0.863565
0.135951 0 0.864049
0.135477 0 0.864523
0.135013 0 0.864987
0.13495 0 0.86505
0.136936 0 0.863064
0.138988 0 0.861012
0.14099 0 0.85901
0.143183 0 0.856817
0.145451 0 0.854549
0.1478 0 0.8522
0.150233 0 0.849767
0.152754 0 0.847246
0.155502 0 0.844498
0.43609 0 0.56391
0.389746 0 0.610254
0.383501 0 0.616499
0.380297 0 0.619703
0.378072 0 0.621928
0.376012 0 0.623988
0.373944 0 0.626056
0.371956 0 0.628044
0.370004 0 0.629996
0.368102 0 0.631898
0.366691 0 0.633309
0.365432 0 0.634568
0.364172 0 0.635828
0.362944 0 0.637056
0.361746 0 0.638254
0.360298 0 0.639702
0.358031 0 0.641969
0.354588 0 0.645412
0.351166 0 0.648834
0.347875 0 0.652125
0.344616 0 0.655384
0.34141 0 0.658589
0.33833 0 0.66167
0.335274 0 0.664726
0.332267 0 0.667733
0.329369 0 0.670631
0.326509 0 0.673491
0.323684 0 0.676316
0.320943 0 0.679057
0.318274 0 0.681726
0.315617 0 0.684383
0.313013 0 0.686987
0.310515 0 0.689485
0.308024 0 0.691976
0.305571 0 0.694429
0.303182 0 0.696818
0.300871 0 0.699129
0.298557 0 0.701443
0.296287 0 0.703713
0.0771424 0 0.922858
0.0765918 0 0.923408
0.0760528 0 0.923947
0.0755245 0 0.924476
0.0750076 0 0.924992
0.0745012 0 0.925499
0.0740052 0 0.925995
0.0735188 0 0.926481
0.233354 0 0.766646
0.230112 0 0.769888
0.22697 0 0.77303
0.223923 0 0.776077
0.220966 0 0.779034
0.218096 0 0.781904
0.21531 0 0.78469
0.212605 0 0.787395
0.209975 0 0.790025
0.20742 0 0.79258
0.0537729 0 0.946227
0.203048 0 0.796952
0.203924 0 0.796076
0.0543083 0 0.945692
0.301754 0 0.698246
0.302201 0 0.697798
0.294551 0 0.705449
0.252001 0 0.747999
0.249937 0 0.750063
0.247667 0 0.752333
0.190378 0 0.809622
0.188533 0 0.811467
0.186731 0 0.813269
0.184972 0 0.815028
0.183255 0 0.816745
0.181578 0 0.818422
0.17994 0 0.82006
0.178339 0 0.821661
0.176775 0 0.823225
0.175246 0 0.824754
0.173752 0 0.826248
0.17229 0 0.82771
0.170862 0 0.829138
0.169464 0 0.830536
0.168098 0 0.831902
0.166761 0 0.833239
0.165452 0 0.834548
0.164173 0 0.835827
0.16292 0 0.83708
0.161694 0 0.838306
0.160494 0 0.839506
0.159319 0 0.840681
0.158168 0 0.841832
0.157042 0 0.842958
0.155939 0 0.844061
0.154858 0 0.845142
0.1538 0 0.8462
0.152763 0 0.847237
0.151747 0 0.848253
0.150753 0 0.849247
0.149778 0 0.850222
0.148822 0 0.851178
0.147886 0 0.852114
0.146968 0 0.853032
0.146345 0 0.853655
0.145976 0 0.854024
0.147217 0 0.852783
0.148487 0 0.851513
0.230378 0 0.769622
0.599441 0 0.400559
0.590871 0 0.409129
0.459123 0 0.540877
0.458601 0 0.541399
0.564142 0 0.435858
0.133532 0 0.866468
0.133017 0 0.866983
0.133693 0 0.866307
0.135435 0 0.864565
0.136481 0 0.863518
0.136476 0 0.863524
0.135992 0 0.864008
0.135517 0 0.864483
0.135053 0 0.864947
0.134899 0 0.865101
0.136884 0 0.863116
0.138935 0 0.861065
0.140934 0 0.859066
0.143124 0 0.856876
0.145391 0 0.854609
0.147738 0 0.852262
0.150168 0 0.849832
0.152817 0 0.847183
0.155432 0 0.844568
0.376467 0 0.623533
0.374249 0 0.625751
0.372192 0 0.627808
0.370128 0 0.629872
0.368142 0 0.631858
0.366163 0 0.633837
0.364255 0 0.635745
0.362766 0 0.637234
0.361495 0 0.638505
0.360218 0 0.639782
0.358989 0 0.641011
0.357651 0 0.642349
0.355744 0 0.644256
0.352524 0 0.647476
0.349163 0 0.650837
0.345833 0 0.654167
0.342571 0 0.657429
0.339423 0 0.660577
0.336291 0 0.663709
0.333257 0 0.666743
0.330284 0 0.669716
0.32734 0 0.67266
0.324455 0 0.675545
0.321679 0 0.678321
0.31893 0 0.68107
0.316217 0 0.683783
0.313604 0 0.686396
0.311019 0 0.688981
0.308469 0 0.691531
0.306008 0 0.693992
0.303569 0 0.696431
0.30116 0 0.69884
0.298797 0 0.701203
0.296503 0 0.703497
0.294269 0 0.705731
0.292039 0 0.707961
0.289865 0 0.710135
0.287754 0 0.712246
0.0775548 0 0.922445
0.0769948 0 0.923005
0.0764457 0 0.923554
0.075909 0 0.924091
0.075383 0 0.924617
0.0748676 0 0.925132
0.0743635 0 0.925636
0.0738691 0 0.926131
0.0733849 0 0.926615
0.0729103 0 0.92709
0.229356 0 0.770644
0.226235 0 0.773765
0.223207 0 0.776793
0.22027 0 0.77973
0.217418 0 0.782582
0.21465 0 0.78535
0.211961 0 0.788039
0.209348 0 0.790652
0.206808 0 0.793192
0.0538488 0 0.946151
0.203024 0 0.796976
0.2039 0 0.7961
0.0542967 0 0.945703
0.301765 0 0.698235
0.302156 0 0.697844
0.294671 0 0.705329
0.252095 0 0.747905
0.249934 0 0.750066
0.247707 0 0.752293
0.189899 0 0.810101
0.188063 0 0.811937
0.186271 0 0.813729
0.184521 0 0.815479
0.182812 0 0.817188
0.181143 0 0.818857
0.179513 0 0.820487
0.17792 0 0.82208
0.176363 0 0.823637
0.174842 0 0.825158
0.173354 0 0.826646
0.1719 0 0.8281
0.170478 0 0.829522
0.169087 0 0.830913
0.167727 0 0.832273
0.166396 0 0.833604
0.165094 0 0.834906
0.16382 0 0.83618
0.162572 0 0.837428
0.161352 0 0.838648
0.160157 0 0.839843
0.158987 0 0.841013
0.157841 0 0.842159
0.15672 0 0.84328
0.155621 0 0.844379
0.154545 0 0.845455
0.153491 0 0.846509
0.152459 0 0.847541
0.151448 0 0.848552
0.150457 0 0.849543
0.149485 0 0.850515
0.148534 0 0.851466
0.147601 0 0.852399
0.146787 0 0.853213
0.146378 0 0.853622
0.145978 0 0.854022
0.147187 0 0.852813
0.148456 0 0.851544
0.597443 0 0.402557
0.58896 0 0.41104
0.580564 0 0.419436
0.571634 0 0.428366
0.56286 0 0.43714
0.554249 0 0.445751
0.459289 0 0.540712
0.458642 0 0.541358
0.506121 0 0.493879
0.133575 0 0.866425
0.133059 0 0.866941
0.13365 0 0.86635
0.135391 0 0.864609
0.136436 0 0.863564
0.136519 0 0.863481
0.136034 0 0.863966
0.13556 0 0.86444
0.135095 0 0.864905
0.13485 0 0.86515
0.136833 0 0.863167
0.138882 0 0.861118
0.14088 0 0.85912
0.143068 0 0.856932
0.145456 0 0.854544
0.147803 0 0.852197
0.150233 0 0.849767
0.152752 0 0.847248
0.155363 0 0.844636
0.366504 0 0.633496
0.364516 0 0.635484
0.362528 0 0.637472
0.360648 0 0.639352
0.359084 0 0.640916
0.357762 0 0.642238
0.356495 0 0.643505
0.355236 0 0.644764
0.353359 0 0.646641
0.350697 0 0.649303
0.347279 0 0.652721
0.344008 0 0.655992
0.340737 0 0.659263
0.337541 0 0.662459
0.33447 0 0.66553
0.3314 0 0.6686
0.328401 0 0.671599
0.325518 0 0.674482
0.275208 0 0.724792
0.319806 0 0.680194
0.267934 0 0.732066
0.266298 0 0.733702
0.260205 0 0.739795
0.259323 0 0.740677
0.262388 0 0.737612
0.261273 0 0.738727
0.261967 0 0.738033
0.259398 0 0.740602
0.255969 0 0.744031
0.256403 0 0.743597
0.261383 0 0.738617
0.290179 0 0.709821
0.287986 0 0.712014
0.285833 0 0.714167
0.283747 0 0.716253
0.264717 0 0.735283
0.26036 0 0.73964
0.253042 0 0.746958
0.0774058 0 0.922594
0.0768481 0 0.923152
0.0763013 0 0.923699
0.0757669 0 0.924233
0.0752424 0 0.924758
0.0747293 0 0.925271
0.0742267 0 0.925773
0.0737345 0 0.926265
0.0732519 0 0.926748
0.0727795 0 0.92722
0.0723165 0 0.927683
0.225507 0 0.774493
0.222499 0 0.777501
0.219581 0 0.780419
0.216747 0 0.783253
0.213996 0 0.786004
0.211324 0 0.788676
0.208727 0 0.791273
0.0540544 0 0.945946
0.0535893 0 0.946411
0.0537434 0 0.946257
0.053901 0 0.946099
0.054062 0 0.945938
0.301779 0 0.698221
0.302114 0 0.697886
0.294796 0 0.705204
0.252192 0 0.747808
0.249948 0 0.750052
0.24775 0 0.75225
0.189425 0 0.810575
0.187598 0 0.812402
0.185815 0 0.814185
0.184074 0 0.815926
0.182374 0 0.817626
0.180713 0 0.819287
0.179091 0 0.820909
0.177506 0 0.822494
0.175956 0 0.824044
0.174442 0 0.825558
0.172962 0 0.827038
0.171514 0 0.828486
0.170099 0 0.829901
0.168714 0 0.831286
0.16736 0 0.83264
0.166035 0 0.833965
0.164739 0 0.835261
0.16347 0 0.83653
0.162228 0 0.837772
0.161013 0 0.838987
0.159823 0 0.840177
0.158658 0 0.841342
0.157518 0 0.842483
0.1564 0 0.8436
0.155306 0 0.844694
0.154235 0 0.845765
0.153185 0 0.846815
0.152157 0 0.847843
0.15115 0 0.84885
0.150163 0 0.849837
0.149196 0 0.850804
0.148248 0 0.851752
0.14732 0 0.85268
0.146821 0 0.853179
0.146412 0 0.853588
0.146013 0 0.853987
0.147159 0 0.852841
0.148426 0 0.851574
0.595661 0 0.404339
0.230113 0 0.769887
0.578858 0 0.421142
0.570427 0 0.429573
0.561563 0 0.438437
0.553079 0 0.446921
0.544748 0 0.455252
0.534851 0 0.465149
0.507536 0 0.492464
0.499543 0 0.500457
0.459468 0 0.540532
0.458692 0 0.541308
0.47689 0 0.52311
0.133619 0 0.866381
0.133102 0 0.866898
0.133609 0 0.866391
0.135349 0 0.864651
0.136393 0 0.863607
0.136563 0 0.863437
0.136078 0 0.863922
0.135604 0 0.864396
0.135139 0 0.864861
0.127857 0 0.872143
0.136784 0 0.863216
0.138831 0 0.861169
0.140947 0 0.859053
0.143135 0 0.856865
0.145399 0 0.854601
0.147743 0 0.852257
0.150171 0 0.849829
0.152469 0 0.847531
0.155075 0 0.844925
0.357215 0 0.642785
0.155243 0 0.844757
0.354219 0 0.645781
0.352943 0 0.647057
0.351392 0 0.648608
0.348922 0 0.651078
0.345596 0 0.654404
0.342266 0 0.657734
0.339057 0 0.660943
0.335856 0 0.664144
0.332746 0 0.667254
0.329723 0 0.670277
0.326716 0 0.673284
0.323772 0 0.676228
0.320917 0 0.679083
0.274148 0 0.725852
0.270633 0 0.729367
0.26847 0 0.73153
0.266717 0 0.733283
0.261147 0 0.738853
0.257448 0 0.742552
0.25571 0 0.74429
0.254726 0 0.745274
0.254684 0 0.745317
0.255466 0 0.744534
0.255271 0 0.744729
0.253252 0 0.746748
0.250311 0 0.749689
0.249557 0 0.750443
0.249994 0 0.750006
0.251831 0 0.748169
0.256328 0 0.743672
0.258374 0 0.741626
0.259579 0 0.740421
0.257818 0 0.742182
0.253119 0 0.746881
0.235157 0 0.764843
0.233559 0 0.766441
0.0772584 0 0.922742
0.076703 0 0.923297
0.0761585 0 0.923841
0.0756256 0 0.924374
0.0751042 0 0.924896
0.0745926 0 0.925407
0.0740923 0 0.925908
0.0736016 0 0.926398
0.0731212 0 0.926879
0.0726503 0 0.92735
0.0721888 0 0.927811
0.0717366 0 0.928263
0.221798 0 0.778202
0.218898 0 0.781102
0.216083 0 0.783917
0.213349 0 0.786651
0.210693 0 0.789307
0.208112 0 0.791888
0.054061 0 0.945939
0.0535727 0 0.946427
0.0537276 0 0.946272
0.0538865 0 0.946114
0.0540487 0 0.945951
0.301797 0 0.698203
0.302075 0 0.697925
0.294924 0 0.705076
0.252292 0 0.747707
0.250047 0 0.749953
0.247796 0 0.752204
0.188956 0 0.811044
0.187139 0 0.812861
0.185364 0 0.814636
0.183632 0 0.816368
0.18194 0 0.81806
0.180287 0 0.819713
0.178673 0 0.821327
0.177095 0 0.822905
0.175553 0 0.824447
0.174046 0 0.825954
0.172572 0 0.827428
0.171132 0 0.828868
0.169722 0 0.830278
0.168344 0 0.831656
0.166996 0 0.833004
0.165677 0 0.834323
0.164387 0 0.835613
0.163124 0 0.836876
0.161887 0 0.838113
0.160677 0 0.839323
0.159493 0 0.840507
0.158332 0 0.841668
0.157197 0 0.842803
0.156085 0 0.843915
0.154995 0 0.845005
0.153955 0 0.846045
0.152938 0 0.847062
0.151943 0 0.848057
0.150968 0 0.849032
0.150012 0 0.849988
0.149076 0 0.850924
0.148158 0 0.851842
0.147277 0 0.852723
0.146858 0 0.853142
0.146448 0 0.853552
0.146049 0 0.853951
0.147132 0 0.852868
0.148399 0 0.851601
0.593957 0 0.406043
0.585432 0 0.414568
0.352747 0 0.647253
0.352327 0 0.647673
0.56043 0 0.43957
0.230102 0 0.769898
0.543638 0 0.456362
0.535625 0 0.464375
0.514466 0 0.485534
0.500964 0 0.499036
0.493166 0 0.506834
0.48559 0 0.51441
0.478211 0 0.521789
0.470731 0 0.529269
0.459661 0 0.540339
0.454061 0 0.545939
0.446273 0 0.553727
0.133664 0 0.866336
0.133148 0 0.866852
0.13357 0 0.86643
0.135308 0 0.864692
0.134661 0 0.865339
0.136609 0 0.863391
0.136124 0 0.863876
0.135649 0 0.864351
0.135184 0 0.864816
0.12785 0 0.87215
0.136736 0 0.863264
0.138781 0 0.861219
0.140895 0 0.859105
0.143082 0 0.856918
0.145343 0 0.854657
0.0967877 0 0.903212
0.0960041 0 0.903996
0.0952341 0 0.904766
0.0944773 0 0.905523
0.0937337 0 0.906266
0.0930037 0 0.906996
0.0922857 0 0.907714
0.0915795 0 0.908421
0.0908863 0 0.909114
0.0902037 0 0.909796
0.0895338 0 0.910466
0.0889743 0 0.911026
0.0885054 0 0.911495
0.0890831 0 0.910917
0.319348 0 0.680652
0.316563 0 0.683437
0.277735 0 0.722265
0.273918 0 0.726082
0.27041 0 0.72959
0.269179 0 0.730821
0.267027 0 0.732973
0.263615 0 0.736385
0.258738 0 0.741262
0.256572 0 0.743428
0.254501 0 0.745499
0.252819 0 0.747181
0.251202 0 0.748798
0.250529 0 0.749471
0.249955 0 0.750045
0.248485 0 0.751515
0.246893 0 0.753107
0.246151 0 0.753849
0.245875 0 0.754125
0.24468 0 0.75532
0.233926 0 0.766074
0.230928 0 0.769072
0.229643 0 0.770357
0.228149 0 0.771851
0.226868 0 0.773132
0.225944 0 0.774056
0.22436 0 0.77564
0.222465 0 0.777535
0.0771126 0 0.922887
0.0765595 0 0.92344
0.0760174 0 0.923983
0.075486 0 0.924514
0.0749668 0 0.925033
0.0744575 0 0.925542
0.0739587 0 0.926041
0.0734695 0 0.926531
0.0729913 0 0.927009
0.0725219 0 0.927478
0.0720627 0 0.927937
0.0716119 0 0.928388
0.0711704 0 0.92883
0.218224 0 0.781776
0.215426 0 0.784574
0.212709 0 0.787291
0.210069 0 0.789931
0.207503 0 0.792497
0.0540629 0 0.945937
0.0535632 0 0.946437
0.0537183 0 0.946282
0.0538768 0 0.946123
0.0540388 0 0.945961
0.301818 0 0.698182
0.30204 0 0.69796
0.295056 0 0.704944
0.252396 0 0.747604
0.25015 0 0.74985
0.247846 0 0.752154
0.188491 0 0.811509
0.186683 0 0.813317
0.184918 0 0.815082
0.183194 0 0.816806
0.18151 0 0.81849
0.179866 0 0.820134
0.178259 0 0.821741
0.176689 0 0.823311
0.175154 0 0.824846
0.173654 0 0.826346
0.172188 0 0.827812
0.170756 0 0.829244
0.169385 0 0.830615
0.168044 0 0.831956
0.166732 0 0.833268
0.165448 0 0.834552
0.164192 0 0.835808
0.162963 0 0.837037
0.16176 0 0.83824
0.160582 0 0.839418
0.159429 0 0.840571
0.158301 0 0.841699
0.157195 0 0.842805
0.156113 0 0.843887
0.155053 0 0.844947
0.154015 0 0.845985
0.152998 0 0.847002
0.152002 0 0.847998
0.151026 0 0.848974
0.15007 0 0.84993
0.149133 0 0.850867
0.148215 0 0.851785
0.147315 0 0.852685
0.146896 0 0.853104
0.146486 0 0.853514
0.146086 0 0.853914
0.147107 0 0.852893
0.148374 0 0.851626
0.132601 0 0.867399
0.131107 0 0.868893
0.129652 0 0.870348
0.128236 0 0.871764
0.126856 0 0.873144
0.125511 0 0.874489
0.124199 0 0.875801
0.122921 0 0.877079
0.121675 0 0.878325
0.120459 0 0.879541
0.119272 0 0.880728
0.118115 0 0.881885
0.116984 0 0.883016
0.115881 0 0.884119
0.114804 0 0.885196
0.113752 0 0.886248
0.112724 0 0.887276
0.11172 0 0.88828
0.110739 0 0.889261
0.10978 0 0.89022
0.108842 0 0.891158
0.107926 0 0.892074
0.10703 0 0.89297
0.106153 0 0.893847
0.105296 0 0.894704
0.104458 0 0.895542
0.103637 0 0.896363
0.102834 0 0.897166
0.102048 0 0.897952
0.10128 0 0.89872
0.100527 0 0.899473
0.0997892 0 0.900211
0.0990676 0 0.900932
0.098361 0 0.901639
0.0976697 0 0.90233
0.0969913 0 0.903009
0.0963279 0 0.903672
0.0956776 0 0.904322
0.0950411 0 0.904959
0.0944166 0 0.905583
0.0938053 0 0.906195
0.0932057 0 0.906794
0.0926189 0 0.907381
0.0920433 0 0.907957
0.0914789 0 0.908521
0.0909268 0 0.909073
0.0903846 0 0.909615
0.089853 0 0.910147
0.0893325 0 0.910667
0.0888223 0 0.911178
0.0883214 0 0.911679
0.0884393 0 0.911561
0.0890204 0 0.91098
0.268287 0 0.731713
0.26519 0 0.73481
0.263137 0 0.736863
0.262537 0 0.737463
0.261261 0 0.738739
0.259315 0 0.740685
0.256044 0 0.743956
0.254448 0 0.745552
0.252944 0 0.747056
0.251478 0 0.748522
0.250285 0 0.749715
0.248608 0 0.751392
0.24672 0 0.75328
0.245816 0 0.754184
0.244893 0 0.755107
0.243612 0 0.756388
0.242159 0 0.757841
0.238978 0 0.761022
0.233027 0 0.766973
0.229117 0 0.770883
0.227542 0 0.772458
0.223613 0 0.776387
0.223192 0 0.776808
0.221556 0 0.778444
0.219136 0 0.780864
0.217489 0 0.782511
0.216231 0 0.783769
0.0769685 0 0.923032
0.0764169 0 0.923583
0.075877 0 0.924123
0.0753487 0 0.924651
0.0748303 0 0.92517
0.0743232 0 0.925677
0.0738259 0 0.926174
0.0733397 0 0.92666
0.0728623 0 0.927138
0.0723951 0 0.927605
0.0719373 0 0.928063
0.0714888 0 0.928511
0.0710488 0 0.928951
0.0706179 0 0.929382
0.214775 0 0.785225
0.212074 0 0.787926
0.209451 0 0.790549
0.206901 0 0.793099
0.0540654 0 0.945935
0.0535542 0 0.946446
0.0537091 0 0.946291
0.0538678 0 0.946132
0.0540298 0 0.94597
0.301843 0 0.698157
0.302009 0 0.697991
0.295192 0 0.704808
0.252591 0 0.747409
0.250255 0 0.749745
0.247953 0 0.752047
0.188308 0 0.811692
0.186409 0 0.813591
0.184683 0 0.815317
0.182997 0 0.817003
0.18135 0 0.81865
0.179742 0 0.820258
0.17817 0 0.82183
0.176635 0 0.823365
0.175133 0 0.824867
0.173666 0 0.826334
0.172232 0 0.827768
0.170829 0 0.829171
0.169457 0 0.830543
0.168115 0 0.831885
0.166802 0 0.833198
0.165517 0 0.834483
0.164261 0 0.835739
0.163031 0 0.836969
0.161827 0 0.838173
0.160648 0 0.839352
0.159495 0 0.840505
0.158365 0 0.841635
0.157259 0 0.842741
0.156176 0 0.843824
0.155116 0 0.844884
0.154077 0 0.845923
0.153059 0 0.846941
0.152063 0 0.847937
0.151086 0 0.848914
0.150129 0 0.849871
0.149192 0 0.850808
0.148273 0 0.851727
0.147373 0 0.852627
0.146935 0 0.853065
0.146526 0 0.853474
0.146126 0 0.853874
0.147083 0 0.852917
0.13378 0 0.86622
0.132254 0 0.867746
0.130768 0 0.869232
0.129322 0 0.870678
0.127912 0 0.872088
0.126539 0 0.873461
0.125201 0 0.874799
0.123897 0 0.876103
0.122625 0 0.877375
0.121385 0 0.878615
0.120175 0 0.879825
0.118994 0 0.881006
0.117842 0 0.882158
0.116717 0 0.883283
0.115619 0 0.884381
0.114547 0 0.885453
0.1135 0 0.8865
0.112477 0 0.887523
0.111477 0 0.888523
0.1105 0 0.8895
0.109546 0 0.890454
0.108612 0 0.891388
0.1077 0 0.8923
0.106807 0 0.893193
0.105935 0 0.894065
0.105081 0 0.894919
0.104246 0 0.895754
0.103429 0 0.896571
0.102629 0 0.897371
0.101847 0 0.898153
0.101081 0 0.898919
0.100331 0 0.899669
0.0995973 0 0.900403
0.0988788 0 0.901121
0.0981751 0 0.901825
0.0974854 0 0.902515
0.0968107 0 0.903189
0.0961494 0 0.903851
0.095502 0 0.904498
0.0948676 0 0.905132
0.0942459 0 0.905754
0.0936367 0 0.906363
0.0930391 0 0.906961
0.0924544 0 0.907546
0.0918808 0 0.908119
0.0913191 0 0.908681
0.0907682 0 0.909232
0.0902286 0 0.909771
0.089699 0 0.910301
0.0891804 0 0.91082
0.0886721 0 0.911328
0.088173 0 0.911827
0.0878052 0 0.912195
0.0884176 0 0.911582
0.0892273 0 0.910773
0.258309 0 0.741691
0.255575 0 0.744425
0.253356 0 0.746644
0.251855 0 0.748145
0.251423 0 0.748577
0.250326 0 0.749674
0.248984 0 0.751016
0.248547 0 0.751453
0.247007 0 0.752993
0.244931 0 0.755069
0.24343 0 0.75657
0.241992 0 0.758008
0.24035 0 0.75965
0.239373 0 0.760627
0.237455 0 0.762545
0.231864 0 0.768136
0.228469 0 0.771531
0.226576 0 0.773424
0.22439 0 0.77561
0.220509 0 0.779491
0.218816 0 0.781184
0.216846 0 0.783154
0.201762 0 0.798238
0.199903 0 0.800097
0.196541 0 0.803459
0.193272 0 0.806728
0.076826 0 0.923174
0.0762768 0 0.923723
0.0757384 0 0.924262
0.0752123 0 0.924788
0.0746962 0 0.925304
0.0741906 0 0.925809
0.0736955 0 0.926304
0.0732108 0 0.926789
0.0727357 0 0.927264
0.0722699 0 0.92773
0.0718136 0 0.928186
0.0713665 0 0.928633
0.0709279 0 0.929072
0.0704985 0 0.929502
0.0700781 0 0.929922
 ] }
}
