# Real Time: 702.098
# Simulation Time: 11.76
# Radar Position: 876.259 -200.958 3.08965
# Radar Quat: 0.0168658 -0.000695385 0.125901 0.991899
PointSet {
 coord Coordinate { point [
909.169 -241.74 5.38582
913.759 -243.037 5.48942
880.034 -204.552 3.3033
920.006 -241.877 5.49441
918.244 -226.666 4.77376
918.179 -226.225 4.75343
890.469 -209.389 3.65007
919.665 -220.534 4.5291
924.659 -211.485 4.24399
924.599 -211.119 4.22927
906.418 -202.569 3.63184
906.213 -202.348 3.62097
906.203 -202.138 3.61365
906.337 -201.933 3.60882
905.939 -198.18 3.48007
905.881 -197.976 3.47279
906.035 -197.751 3.46824
909.165 -241.742 5.20247
913.755 -243.04 5.29229
880.033 -204.551 3.28489
919.993 -241.873 5.28451
918.266 -226.686 4.60257
918.176 -226.23 4.58236
890.451 -209.381 3.59163
919.662 -220.539 4.36269
924.591 -211.124 4.05661
906.429 -202.573 3.52647
906.214 -202.351 3.51623
906.202 -202.141 3.50895
906.332 -201.936 3.50363
905.942 -198.183 3.37597
905.881 -197.98 3.3688
906.027 -197.755 3.36356
909.162 -241.746 5.01927
913.752 -243.045 5.09526
880.031 -204.55 3.26649
919.982 -241.872 5.07486
918.174 -226.235 4.41133
890.469 -209.394 3.53445
890.676 -209.381 3.53539
919.662 -220.545 4.19638
924.584 -211.128 3.88403
906.44 -202.577 3.42106
906.215 -202.355 3.4115
906.201 -202.145 3.40426
906.328 -201.94 3.39849
905.944 -198.186 3.27186
905.88 -197.984 3.26482
906.019 -197.76 3.25895
909.16 -241.751 4.83614
913.749 -243.05 4.89829
880.029 -204.549 3.24812
919.974 -241.872 4.86541
918.171 -226.24 4.24033
890.469 -209.396 3.47664
890.672 -209.381 3.47689
919.663 -220.551 4.03012
924.578 -211.133 3.71152
906.453 -202.581 3.31559
906.217 -202.359 3.30676
906.201 -202.148 3.29959
906.324 -201.943 3.29338
905.947 -198.19 3.16774
905.88 -197.987 3.16084
906.012 -197.764 3.1544
909.159 -241.757 4.65306
913.748 -243.056 4.7014
880.028 -204.548 3.22975
919.967 -241.874 4.65613
918.169 -226.245 4.06936
890.469 -209.398 3.41884
890.669 -209.381 3.41843
919.667 -220.559 3.8639
924.573 -211.138 3.53908
906.469 -202.586 3.21004
906.218 -202.362 3.20202
906.2 -202.152 3.19493
906.32 -201.947 3.1883
905.95 -198.193 3.06361
905.88 -197.991 3.05687
906.006 -197.768 3.0499
909.158 -241.763 4.47002
913.747 -243.063 4.50457
880.026 -204.547 3.21141
919.964 -241.879 4.44701
918.166 -226.25 3.89841
890.462 -209.396 3.36091
890.655 -209.375 3.35981
919.672 -220.568 3.69769
924.568 -211.143 3.36668
906.488 -202.591 3.10439
906.219 -202.366 3.09727
906.199 -202.156 3.09027
906.316 -201.95 3.08326
905.953 -198.196 2.95945
905.88 -197.994 2.95291
906 -197.772 2.94545
909.157 -241.77 4.28699
913.749 -243.072 4.30778
880.025 -204.546 3.19308
919.965 -241.888 4.23799
918.164 -226.255 3.72747
890.469 -209.402 3.30324
890.661 -209.381 3.30159
919.681 -220.577 3.53145
924.564 -211.148 3.1943
906.524 -202.596 2.99855
906.221 -202.37 2.99251
906.199 -202.159 2.98562
906.312 -201.953 2.97824
933.382 -196.476 2.66374
934.932 -195.942 2.63843
905.955 -198.199 2.85528
905.88 -197.998 2.84895
905.994 -197.776 2.84103
934.675 -194.316 2.58569
934.637 -193.908 2.57229
934.602 -193.498 2.55886
934.567 -193.089 2.54543
934.53 -192.679 2.532
934.496 -192.268 2.51853
934.46 -191.858 2.50508
913.752 -243.084 4.11103
880.023 -204.546 3.17476
919.971 -241.901 4.02907
918.162 -226.26 3.55654
890.469 -209.404 3.24543
890.658 -209.381 3.24321
919.691 -220.588 3.36515
924.561 -211.153 3.02195
906.222 -202.373 2.88773
906.198 -202.163 2.88097
906.308 -201.957 2.87323
933.601 -198.073 2.51508
933.262 -197.691 2.50516
933.108 -197.302 2.49343
933.021 -196.909 2.48102
932.987 -196.513 2.46805
932.952 -196.117 2.45509
905.958 -198.203 2.75108
905.879 -198.001 2.74498
905.989 -197.78 2.73665
932.814 -194.534 2.4031
932.778 -194.138 2.39009
932.743 -193.742 2.37704
932.709 -193.345 2.36398
932.677 -192.948 2.35087
932.639 -192.551 2.3378
932.605 -192.154 2.32467
932.569 -191.756 2.31155
913.763 -243.104 3.91438
880.021 -204.545 3.15646
919.99 -241.928 3.82031
918.16 -226.265 3.38561
890.469 -209.406 3.18762
890.654 -209.381 3.18484
892.036 -209.463 3.17212
892.023 -209.314 3.16781
919.705 -220.601 3.19875
919.925 -220.334 3.18818
924.559 -211.159 2.84959
906.224 -202.377 2.78292
906.197 -202.166 2.7763
906.305 -201.96 2.76824
932.215 -199.714 2.38578
931.687 -199.338 2.3795
931.54 -198.956 2.36847
931.423 -198.575 2.35708
931.368 -198.191 2.34488
931.335 -197.807 2.33237
931.301 -197.423 2.31985
931.27 -197.04 2.3073
931.235 -196.656 2.29478
931.203 -196.272 2.28218
905.962 -198.206 2.64684
905.879 -198.005 2.64099
905.984 -197.784 2.63228
931.071 -194.738 2.23171
931.035 -194.354 2.21908
931.003 -193.97 2.20637
930.966 -193.586 2.1937
930.933 -193.201 2.18095
930.897 -192.817 2.16821
930.862 -192.432 2.15544
930.828 -192.046 2.1426
930.791 -191.661 2.1298
880.02 -204.544 3.13817
918.158 -226.27 3.21468
890.469 -209.408 3.12981
890.651 -209.381 3.12651
892.028 -209.461 3.10944
892.053 -209.332 3.10545
919.724 -220.615 3.03223
919.889 -220.324 3.02142
924.556 -211.164 2.67723
906.226 -202.381 2.6781
906.197 -202.17 2.67163
906.301 -201.964 2.66327
930.826 -201.275 2.26347
930.199 -200.894 2.26048
930.058 -200.519 2.25016
929.924 -200.145 2.23976
929.846 -199.772 2.22849
929.81 -199.399 2.21654
929.779 -199.025 2.20449
929.748 -198.653 2.19243
929.718 -198.28 2.18033
929.685 -197.907 2.16825
929.655 -197.535 2.15609
929.621 -197.163 2.14399
929.591 -196.79 2.1318
929.559 -196.418 2.11961
905.965 -198.209 2.54257
905.879 -198.008 2.537
905.979 -197.788 2.52793
929.428 -194.929 2.07062
929.396 -194.557 2.05828
929.36 -194.185 2.04598
929.329 -193.812 2.03358
929.293 -193.439 2.0212
929.259 -193.066 2.00876
929.226 -192.693 1.99628
929.189 -192.319 1.98382
929.156 -191.945 1.97125
929.122 -191.571 1.95866
880.018 -204.543 3.1199
918.156 -226.275 3.04374
890.509 -209.435 3.07193
890.647 -209.381 3.06819
892.069 -209.486 3.04667
892.023 -209.319 3.04303
919.747 -220.631 2.86552
919.866 -220.319 2.85485
924.555 -211.17 2.50485
906.227 -202.384 2.57325
906.196 -202.173 2.56696
906.298 -201.967 2.5583
928.794 -202.369 2.14715
928.646 -201.999 2.13777
928.519 -201.632 2.12804
928.407 -201.266 2.11805
928.366 -200.902 2.10674
928.337 -200.538 2.0952
928.31 -200.175 2.08358
928.279 -199.812 2.07201
928.252 -199.449 2.06034
928.221 -199.087 2.04872
928.193 -198.725 2.03702
928.162 -198.363 2.02535
928.134 -198.001 2.01358
928.104 -197.639 2.00183
928.074 -197.278 1.99005
928.042 -196.917 1.97827
928.012 -196.555 1.96642
905.968 -198.212 2.43826
905.879 -198.011 2.43299
905.975 -197.792 2.4236
927.884 -195.11 1.91881
927.849 -194.749 1.90687
927.818 -194.387 1.89483
927.784 -194.025 1.88279
927.752 -193.663 1.87066
927.718 -193.301 1.85853
927.684 -192.938 1.84637
927.518 -192.597 1.83739
927.08 -192.304 1.83514
926.642 -192.015 1.83305
919.242 -193.015 2.00674
880.489 -205.407 3.11154
880.016 -204.542 3.10163
918.155 -226.28 2.87278
890.531 -209.45 3.01381
890.625 -209.37 3.01
919.781 -220.653 2.69851
919.849 -220.317 2.68837
924.554 -211.176 2.33245
929.507 -204.257 2.00873
927.476 -203.772 2.03847
906.229 -202.388 2.46837
906.196 -202.176 2.46226
906.295 -201.97 2.45334
926.996 -202.326 2.00219
926.967 -201.971 1.99118
926.942 -201.616 1.98006
926.915 -201.262 1.96896
926.89 -200.909 1.95779
926.861 -200.555 1.94666
926.836 -200.202 1.93542
926.807 -199.85 1.92425
926.781 -199.497 1.91295
926.754 -199.145 1.90167
926.725 -198.793 1.89039
926.698 -198.441 1.87901
926.667 -198.09 1.86769
926.639 -197.738 1.85626
926.609 -197.387 1.84484
926.58 -197.036 1.83339
926.549 -196.685 1.8219
905.971 -198.215 2.33392
905.88 -198.015 2.32896
905.971 -197.796 2.31928
926.425 -195.28 1.77559
926.394 -194.929 1.7639
926.324 -194.582 1.75317
926.017 -194.268 1.74885
925.607 -193.971 1.74739
925.201 -193.68 1.74598
924.796 -193.393 1.74467
924.406 -193.109 1.74309
924.011 -192.83 1.74178
923.606 -192.558 1.74089
919.251 -193.018 1.85378
919.168 -192.723 1.84487
893.283 -219.583 3.09813
893.519 -219.579 3.09353
893.762 -219.577 3.08886
880.489 -205.408 3.08999
880.015 -204.541 3.08338
918.153 -226.285 2.70182
890.469 -209.414 2.95631
890.625 -209.372 2.95177
891.915 -209.549 2.92598
891.609 -209.242 2.92598
891.346 -208.964 2.92565
891.593 -208.958 2.91972
891.846 -208.952 2.91363
892.106 -208.946 2.90736
892.376 -208.941 2.90085
892.664 -208.941 2.89404
892.959 -208.941 2.88701
919.836 -220.318 2.52194
924.554 -211.182 2.16002
935.445 -207.131 1.75952
934.487 -206.62 1.7683
928.72 -205.688 1.88775
926.202 -205.109 1.93448
926.01 -204.744 1.92789
925.901 -204.387 1.91938
925.79 -204.032 1.91094
925.697 -203.679 1.90207
906.231 -202.391 2.36347
906.195 -202.18 2.35756
906.292 -201.974 2.34839
925.592 -202.293 1.85991
925.566 -201.948 1.84928
925.544 -201.603 1.83852
925.518 -201.259 1.82782
925.494 -200.915 1.81702
925.468 -200.572 1.80626
925.443 -200.228 1.79541
925.416 -199.885 1.78457
925.392 -199.542 1.77363
925.366 -199.2 1.76269
925.339 -198.858 1.75174
925.311 -198.516 1.74076
925.283 -198.174 1.72973
925.255 -197.832 1.71868
925.226 -197.49 1.70758
925.197 -197.149 1.69646
925.168 -196.807 1.68528
905.975 -198.218 2.22953
905.88 -198.018 2.22492
905.967 -197.8 2.21496
924.214 -195.535 1.66495
923.834 -195.241 1.66423
923.46 -194.951 1.66347
923.085 -194.666 1.66286
922.721 -194.384 1.66203
922.357 -194.106 1.6613
921.965 -193.838 1.66158
918.791 -194.026 1.7497
917.997 -193.855 1.76375
917.243 -193.688 1.77685
916.512 -193.527 1.78957
915.79 -193.374 1.80229
915.105 -193.224 1.81414
893.037 -219.841 3.019
893.04 -219.58 3.01503
893.274 -219.577 3.00998
893.515 -219.577 3.00482
893.758 -219.577 2.99956
880.49 -205.41 3.06842
880.013 -204.54 3.06515
890.754 -209.863 2.90029
890.758 -209.726 2.89739
890.469 -209.417 2.89846
890.625 -209.374 2.89352
890.758 -209.316 2.88885
890.758 -209.182 2.88602
890.758 -209.048 2.88318
890.804 -208.941 2.87967
891.049 -208.941 2.87323
891.31 -208.947 2.86643
891.568 -208.947 2.8596
891.832 -208.947 2.85256
892.104 -208.947 2.8453
892.383 -208.947 2.83782
892.671 -208.947 2.83011
892.966 -208.947 2.82215
919.826 -220.319 2.35553
924.555 -211.187 1.98755
934.646 -211.633 1.70869
934.607 -211.206 1.69745
934.585 -210.782 1.6858
934.487 -210.348 1.67592
934.352 -209.911 1.66697
934.215 -209.476 1.65809
934.059 -209.041 1.64968
933.694 -208.582 1.64656
932.914 -208.076 1.65408
927.894 -207.078 1.77033
924.987 -206.388 1.83417
924.771 -206.021 1.82925
924.67 -205.669 1.82139
924.565 -205.318 1.8136
924.465 -204.97 1.8057
924.411 -204.627 1.79655
924.389 -204.287 1.7865
924.368 -203.949 1.7764
924.35 -203.61 1.76618
906.232 -202.395 2.25853
906.195 -202.183 2.25284
906.289 -201.977 2.24343
924.264 -202.263 1.72525
924.243 -201.927 1.7149
924.219 -201.591 1.7046
924.197 -201.256 1.69418
924.172 -200.921 1.68382
924.15 -200.587 1.67332
924.124 -200.253 1.6629
924.101 -199.919 1.65232
924.078 -199.585 1.64171
924.05 -199.252 1.63118
924.026 -198.919 1.62049
923.998 -198.586 1.60989
923.973 -198.253 1.59913
923.895 -197.924 1.58998
923.621 -197.609 1.58702
923.252 -197.305 1.58716
922.898 -197.004 1.58696
905.978 -198.221 2.1251
905.88 -198.021 2.12086
905.963 -197.804 2.11065
921.491 -195.847 1.58683
921.155 -195.567 1.58655
920.816 -195.291 1.58646
920.383 -195.033 1.58967
917.094 -195.182 1.69092
916.373 -194.997 1.70511
915.675 -194.819 1.71882
914.999 -194.646 1.73207
914.344 -194.479 1.74488
913.705 -194.318 1.75737
913.094 -194.16 1.76912
905.507 -195.344 2.03332
904.91 -195.25 2.04704
904.356 -195.155 2.05942
893.038 -219.582 2.92742
889.997 -215.997 2.95449
889.996 -215.786 2.95185
889.995 -215.579 2.94922
889.993 -215.374 2.94661
889.992 -215.173 2.94401
889.991 -214.974 2.94141
889.989 -214.778 2.93883
889.988 -214.585 2.93626
889.987 -214.395 2.9337
889.986 -214.207 2.93115
880.011 -204.54 3.04692
889.983 -213.839 2.92607
889.982 -213.659 2.92354
889.98 -213.481 2.92102
889.979 -213.305 2.91851
889.978 -213.132 2.91601
889.977 -212.96 2.91351
889.975 -212.791 2.91102
889.974 -212.624 2.90853
889.973 -212.458 2.90605
890.758 -209.868 2.8407
890.808 -209.759 2.83723
890.419 -209.389 2.84147
890.625 -209.376 2.83526
890.758 -209.318 2.8303
890.758 -209.184 2.82769
890.758 -209.05 2.82509
890.811 -208.947 2.82148
891.055 -208.947 2.81429
891.285 -208.936 2.80729
891.533 -208.931 2.79983
891.807 -208.936 2.7918
892.09 -208.942 2.7835
892.369 -208.942 2.77515
892.656 -208.942 2.76655
892.951 -208.942 2.75766
919.819 -220.322 2.1891
934.53 -214.163 1.57475
933.735 -213.561 1.58399
924.556 -211.194 1.81502
932.738 -212.518 1.58754
932.738 -212.108 1.57615
932.684 -211.688 1.5662
932.56 -211.258 1.5581
932.438 -210.831 1.54996
932.305 -210.405 1.54213
932.015 -209.956 1.53869
931.38 -209.459 1.54497
926.73 -208.38 1.66488
923.813 -207.611 1.73739
923.578 -207.242 1.73416
923.484 -206.894 1.72691
923.387 -206.548 1.71974
923.292 -206.204 1.71252
923.219 -205.864 1.70461
923.191 -205.53 1.69538
923.175 -205.198 1.68572
923.157 -204.866 1.67609
923.142 -204.535 1.66634
923.122 -204.205 1.65668
923.106 -203.875 1.64686
923.088 -203.546 1.63704
906.234 -202.398 2.15356
906.194 -202.187 2.1481
906.286 -201.981 2.13848
923.008 -202.233 1.59753
922.986 -201.906 1.5876
922.966 -201.58 1.57757
922.943 -201.253 1.56756
922.922 -200.927 1.55745
922.898 -200.601 1.54737
922.877 -200.276 1.53716
922.851 -199.951 1.52703
922.812 -199.626 1.51731
922.654 -199.307 1.51156
922.319 -198.996 1.51191
921.974 -198.691 1.51269
921.634 -198.39 1.51338
921.305 -198.092 1.51379
920.972 -197.8 1.51445
920.647 -197.511 1.51491
920.325 -197.226 1.51534
905.982 -198.224 2.02061
905.88 -198.025 2.01677
905.959 -197.807 2.00634
918.765 -196.158 1.52794
915.525 -196.244 1.63692
914.861 -196.05 1.65145
914.22 -195.861 1.66542
913.598 -195.679 1.67893
912.988 -195.502 1.69222
912.398 -195.331 1.70501
911.822 -195.166 1.71751
911.274 -195.003 1.72917
905.044 -195.851 1.9635
904.649 -195.716 1.97116
904.104 -195.615 1.98489
902.972 -195.637 2.02237
902.746 -195.489 2.02394
902.584 -195.331 2.02295
889.962 -215.961 2.88379
889.961 -215.751 2.88169
889.96 -215.544 2.8796
889.959 -215.341 2.87751
889.958 -215.14 2.87541
889.957 -214.942 2.87332
889.956 -214.747 2.87123
889.955 -214.555 2.86914
889.954 -214.365 2.86705
889.952 -214.178 2.86496
880.01 -204.539 3.0287
889.95 -213.811 2.86078
889.949 -213.631 2.85868
889.948 -213.454 2.85659
889.947 -213.279 2.85449
889.946 -213.106 2.8524
889.945 -212.935 2.8503
889.944 -212.766 2.8482
889.943 -212.599 2.8461
889.942 -212.435 2.84399
890.126 -212.425 2.83851
890.758 -209.87 2.78115
890.808 -209.761 2.77773
890.419 -209.391 2.7838
890.629 -209.381 2.77689
890.758 -209.32 2.77173
890.758 -209.186 2.76936
890.758 -209.052 2.76698
890.807 -208.947 2.76347
891.052 -208.947 2.75553
891.293 -208.942 2.74757
891.55 -208.942 2.73916
891.814 -208.942 2.73049
892.085 -208.942 2.72156
892.364 -208.942 2.71234
892.651 -208.942 2.70284
892.946 -208.942 2.69303
919.815 -220.326 2.02262
934.073 -216.638 1.44545
933.481 -216.05 1.45155
932.739 -215.433 1.46216
931.997 -214.829 1.47296
930.984 -214.171 1.49195
930.954 -213.761 1.48233
930.962 -213.36 1.47158
930.942 -212.955 1.4616
924.558 -211.2 1.64242
930.736 -212.115 1.44649
930.625 -211.697 1.43916
930.391 -211.258 1.43557
929.88 -210.774 1.44056
925.428 -209.603 1.56775
922.672 -208.784 1.6438
922.425 -208.411 1.64221
922.338 -208.067 1.63559
922.249 -207.725 1.62901
922.161 -207.385 1.6224
922.074 -207.047 1.61575
922.042 -206.718 1.60726
922.024 -206.391 1.5983
922.013 -206.066 1.58909
921.997 -205.741 1.57995
921.985 -205.417 1.57065
921.968 -205.094 1.56145
921.954 -204.771 1.5521
921.937 -204.448 1.5428
921.922 -204.127 1.53339
921.907 -203.805 1.52392
921.888 -203.484 1.51454
906.236 -202.402 2.04855
906.194 -202.19 2.04334
906.283 -201.984 2.03351
921.814 -202.206 1.47638
921.796 -201.887 1.46668
921.774 -201.568 1.45706
921.755 -201.25 1.44728
921.68 -200.933 1.43947
921.39 -200.618 1.4395
921.064 -200.307 1.44091
920.749 -200.001 1.44199
920.432 -199.699 1.44324
920.119 -199.401 1.44443
919.813 -199.107 1.44539
919.504 -198.817 1.44657
919.2 -198.531 1.44762
918.904 -198.249 1.44846
918.604 -197.971 1.44952
918.31 -197.696 1.4504
918.021 -197.425 1.45116
905.985 -198.227 1.91608
905.88 -198.028 1.91266
905.956 -197.811 1.90203
912.867 -196.825 1.61594
912.292 -196.635 1.62969
911.726 -196.451 1.64333
911.179 -196.272 1.65637
910.647 -196.098 1.66905
910.127 -195.929 1.68143
909.641 -195.763 1.69258
904.867 -196.297 1.88465
904.39 -196.172 1.89699
903.282 -196.165 1.93649
901.522 -196.294 2.00455
902.858 -195.856 1.93965
902.629 -195.708 1.94202
902.436 -195.556 1.94292
901.751 -195.511 1.96553
901.418 -195.398 1.97292
889.926 -215.716 2.81187
889.925 -215.51 2.81031
889.924 -215.307 2.80873
889.924 -215.107 2.80715
889.923 -214.91 2.80555
889.922 -214.716 2.80395
889.921 -214.524 2.80233
889.92 -214.335 2.80071
889.92 -214.149 2.79907
880.008 -204.538 3.0105
889.918 -213.783 2.79578
889.917 -213.604 2.79411
889.916 -213.427 2.79244
889.915 -213.252 2.79076
889.915 -213.08 2.78906
889.914 -212.91 2.78736
889.913 -212.742 2.78565
889.912 -212.575 2.78393
889.928 -212.425 2.78183
890.123 -212.425 2.77561
897.962 -216.032 2.5625
890.758 -209.872 2.72159
890.758 -209.733 2.71949
890.419 -209.393 2.72611
890.626 -209.381 2.71868
890.758 -209.322 2.71314
890.758 -209.188 2.711
890.758 -209.054 2.70885
890.804 -208.947 2.70547
891.048 -208.947 2.69679
891.289 -208.942 2.6881
891.546 -208.942 2.67889
891.81 -208.942 2.66941
892.081 -208.942 2.65963
892.36 -208.942 2.64955
892.647 -208.942 2.63916
892.942 -208.942 2.62842
919.812 -220.331 1.85607
933.373 -219.055 1.31937
932.818 -218.446 1.32668
932.27 -217.848 1.33394
931.7 -217.255 1.34199
930.991 -216.632 1.3546
930.301 -216.027 1.36684
929.275 -215.343 1.39
929.246 -214.938 1.38135
929.259 -214.547 1.37126
929.253 -214.152 1.36174
929.202 -213.747 1.35364
929.1 -213.333 1.34717
929.002 -212.922 1.34054
928.814 -212.494 1.33691
924.56 -211.206 1.46974
923.966 -210.732 1.48059
921.561 -209.91 1.55311
921.309 -209.534 1.55296
921.226 -209.193 1.54708
921.147 -208.855 1.54104
921.064 -208.518 1.53508
920.986 -208.184 1.52896
920.93 -207.855 1.52202
920.916 -207.534 1.51359
920.906 -207.214 1.50493
920.896 -206.895 1.49624
920.885 -206.577 1.48751
920.874 -206.259 1.47875
920.862 -205.942 1.46994
920.849 -205.626 1.46111
920.836 -205.31 1.45222
920.823 -204.995 1.44331
920.809 -204.68 1.43435
920.795 -204.366 1.42535
920.78 -204.052 1.41631
920.766 -203.739 1.40716
920.75 -203.426 1.39803
906.238 -202.406 1.94349
906.194 -202.194 1.93855
906.28 -201.987 1.92854
920.47 -202.173 1.36935
920.17 -201.858 1.3711
919.868 -201.547 1.37297
919.567 -201.24 1.37487
919.276 -200.938 1.37645
918.983 -200.64 1.37816
918.69 -200.345 1.37991
918.408 -200.055 1.3813
918.123 -199.768 1.38289
917.844 -199.485 1.3843
917.566 -199.206 1.38568
917.287 -198.931 1.38718
917.013 -198.658 1.38855
916.735 -198.39 1.39014
913.431 -198.337 1.51965
912.716 -198.131 1.54069
912.149 -197.923 1.5557
905.989 -198.23 1.81148
905.881 -198.031 1.80852
905.952 -197.815 1.79771
910.034 -197.147 1.61118
909.54 -196.967 1.62402
909.063 -196.791 1.6363
908.598 -196.62 1.64823
904.817 -196.921 1.8091
904.652 -196.742 1.80876
904.13 -196.619 1.82465
903.408 -196.537 1.84991
903.24 -196.37 1.85004
901.557 -196.473 1.92024
901.459 -196.308 1.91762
902.03 -196.017 1.88365
901.866 -195.862 1.88389
901.764 -195.697 1.88122
901.534 -195.56 1.88469
900.975 -195.498 1.904
898.165 -195.955 2.03227
889.891 -215.476 2.74134
889.89 -215.274 2.74028
889.89 -215.075 2.7392
889.889 -214.878 2.7381
889.888 -214.685 2.73697
879.905 -204.59 2.99596
889.887 -214.305 2.73467
889.887 -214.119 2.73348
880.007 -204.537 2.99231
889.886 -213.755 2.73106
889.885 -213.577 2.72983
889.884 -213.4 2.72857
889.884 -213.226 2.7273
889.883 -213.054 2.726
889.882 -212.885 2.7247
889.882 -212.717 2.72337
889.881 -212.551 2.72203
889.925 -212.425 2.71946
890.121 -212.425 2.71272
897.889 -215.985 2.47216
890.758 -209.735 2.66016
890.469 -209.425 2.66692
890.622 -209.381 2.66048
890.758 -209.325 2.65454
890.758 -209.19 2.65264
890.758 -209.056 2.65071
890.8 -208.947 2.64749
891.044 -208.947 2.63806
891.285 -208.942 2.62863
891.542 -208.942 2.61864
891.805 -208.942 2.60834
892.077 -208.942 2.59773
892.355 -208.942 2.58678
892.642 -208.942 2.57549
892.937 -208.942 2.56383
919.812 -220.337 1.68943
932.29 -220.896 1.1932
931.537 -220.194 1.20983
931.024 -219.588 1.21841
930.521 -218.995 1.22673
929.946 -218.389 1.23766
929.293 -217.768 1.2514
928.651 -217.163 1.26493
927.639 -216.458 1.29156
927.606 -216.057 1.28402
927.622 -215.673 1.2747
927.641 -215.291 1.26519
927.613 -214.898 1.2573
927.53 -214.492 1.25133
927.441 -214.087 1.24551
927.31 -213.674 1.2412
926.936 -213.205 1.24569
922.256 -211.734 1.40779
920.462 -210.988 1.46543
920.221 -210.611 1.46627
920.145 -210.274 1.46102
920.074 -209.939 1.45555
920 -209.606 1.45016
919.927 -209.275 1.44468
919.865 -208.948 1.43878
919.84 -208.63 1.4314
919.835 -208.316 1.4232
919.829 -208.002 1.415
919.822 -207.689 1.40679
919.815 -207.377 1.39851
919.806 -207.065 1.39022
919.798 -206.754 1.38185
919.788 -206.444 1.37349
919.779 -206.134 1.36504
919.768 -205.825 1.3566
919.757 -205.516 1.34806
919.745 -205.208 1.33953
919.734 -204.901 1.3309
919.72 -204.594 1.32231
919.708 -204.287 1.31357
919.682 -203.981 1.30536
919.563 -203.668 1.30091
919.276 -203.349 1.30344
906.24 -202.409 1.8384
906.194 -202.197 1.83374
906.277 -201.991 1.82356
918.156 -202.114 1.31284
917.888 -201.815 1.31481
917.616 -201.521 1.31699
917.348 -201.23 1.31905
917.085 -200.943 1.32092
916.819 -200.659 1.32298
916.561 -200.38 1.32477
916.303 -200.104 1.32658
916.044 -199.831 1.32849
915.789 -199.562 1.33024
915.51 -199.297 1.33311
912.027 -199.192 1.48027
911.439 -198.974 1.49805
910.916 -198.76 1.51306
910.408 -198.553 1.52763
909.917 -198.351 1.54157
909.43 -198.155 1.55547
905.993 -198.233 1.70683
905.881 -198.035 1.70434
905.949 -197.819 1.69338
907.609 -197.423 1.60697
907.191 -197.25 1.61849
904.491 -197.372 1.73936
904.39 -197.185 1.73655
903.772 -197.071 1.75873
903.575 -196.904 1.76072
903.381 -196.738 1.76259
903.214 -196.571 1.76319
901.509 -196.666 1.83995
901.396 -196.504 1.83835
901.396 -196.323 1.83108
901.482 -196.124 1.81941
901.666 -195.905 1.80266
900.352 -195.99 1.86206
900.286 -195.828 1.85823
900.216 -195.667 1.85454
897.812 -196.037 1.97193
897.309 -195.997 1.99154
889.856 -215.241 2.67215
889.856 -215.042 2.67157
889.855 -214.847 2.67095
889.855 -214.654 2.6703
879.908 -204.594 2.97775
889.854 -214.276 2.66892
889.854 -214.09 2.66819
880.005 -204.536 2.97412
889.853 -213.727 2.66664
889.853 -213.549 2.66582
889.852 -213.374 2.66498
889.852 -213.2 2.66411
889.852 -213.029 2.66322
889.851 -212.86 2.6623
889.851 -212.693 2.66135
889.85 -212.528 2.66038
889.922 -212.425 2.65709
890.118 -212.425 2.64983
897.694 -216.076 2.38847
897.874 -215.978 2.38051
890.758 -209.737 2.60081
890.469 -209.427 2.609
890.619 -209.381 2.60229
890.758 -209.327 2.59592
890.758 -209.192 2.59425
890.758 -209.058 2.59256
890.796 -208.947 2.58951
891.04 -208.947 2.57934
891.281 -208.942 2.56919
891.538 -208.942 2.5584
891.801 -208.942 2.54729
892.072 -208.942 2.53584
892.351 -208.942 2.52402
892.637 -208.942 2.51184
892.932 -208.942 2.49926
919.814 -220.343 1.52266
923.931 -220.6 1.34806
924.087 -220.275 1.33559
924.23 -219.944 1.32348
930.232 -221.886 1.09458
929.755 -221.273 1.10438
929.278 -220.669 1.11429
928.809 -220.078 1.12395
928.246 -219.463 1.13718
927.636 -218.843 1.15234
927.039 -218.239 1.16705
926.038 -217.511 1.19729
926.026 -217.122 1.18999
926.049 -216.746 1.18124
926.073 -216.372 1.17241
926.069 -215.99 1.1646
926.011 -215.594 1.15879
925.932 -215.195 1.15375
925.812 -214.787 1.15027
925.49 -214.327 1.15469
920.496 -212.639 1.34361
919.38 -212.023 1.38039
919.167 -211.649 1.38151
919.093 -211.314 1.37707
919.027 -210.982 1.3723
918.963 -210.653 1.36738
918.895 -210.325 1.36259
918.832 -210 1.35754
918.797 -209.682 1.35131
918.795 -209.373 1.34367
918.792 -209.064 1.33599
918.789 -208.756 1.32826
918.787 -208.449 1.32043
918.781 -208.142 1.31268
918.778 -207.837 1.30477
918.771 -207.531 1.29694
918.766 -207.227 1.28894
918.759 -206.923 1.28097
918.752 -206.62 1.27293
918.743 -206.317 1.26488
918.735 -206.015 1.25675
918.726 -205.713 1.24862
918.714 -205.412 1.2405
918.653 -205.106 1.23449
918.383 -204.783 1.2376
918.122 -204.464 1.24036
917.855 -204.15 1.24338
917.594 -203.839 1.24625
917.339 -203.533 1.24884
917.079 -203.231 1.25165
906.242 -202.413 1.73325
906.193 -202.201 1.72889
906.274 -201.994 1.71856
916.076 -202.06 1.26171
915.832 -201.777 1.26402
915.585 -201.497 1.26646
915.34 -201.22 1.26884
915.103 -200.947 1.2709
914.865 -200.677 1.27306
914.628 -200.411 1.27518
914.288 -200.15 1.28224
910.735 -199.983 1.44286
910.242 -199.759 1.45822
909.757 -199.541 1.47333
909.289 -199.329 1.48779
908.826 -199.124 1.50215
908.38 -198.923 1.51582
907.941 -198.728 1.52931
907.517 -198.538 1.54225
907.093 -198.354 1.55528
905.997 -198.237 1.60211
905.881 -198.038 1.60013
904.617 -197.962 1.65621
904.433 -197.782 1.65801
901.9 -197.884 1.77983
901.77 -197.718 1.7795
901.701 -197.546 1.77608
901.596 -197.38 1.77448
900.592 -197.347 1.81977
901.452 -197.04 1.76775
901.463 -196.857 1.75996
901.438 -196.681 1.75407
901.314 -196.521 1.75331
901.402 -196.324 1.74123
901.364 -196.15 1.73585
900.332 -196.172 1.7843
900.165 -196.031 1.78614
900.063 -195.878 1.7844
898.18 -196.117 1.88088
897.414 -196.13 1.91656
897.176 -196.03 1.92319
897.025 -195.912 1.92503
889.822 -215.01 2.60422
889.822 -214.815 2.60409
879.892 -204.63 2.96024
879.891 -204.577 2.96023
879.923 -204.558 2.95902
879.955 -204.539 2.95779
879.987 -204.52 2.95654
889.821 -213.7 2.60247
889.821 -213.522 2.60207
889.821 -213.347 2.60164
889.821 -213.174 2.60117
889.82 -213.004 2.60067
889.82 -212.835 2.60014
889.82 -212.668 2.59957
889.834 -212.516 2.59844
889.919 -212.425 2.59471
890.115 -212.425 2.58692
897.685 -216.073 2.29699
890.758 -209.739 2.54143
890.469 -209.429 2.55103
890.615 -209.381 2.54409
890.758 -209.329 2.53726
890.758 -209.194 2.53583
890.758 -209.061 2.53436
890.792 -208.947 2.53154
891.036 -208.947 2.52061
891.278 -208.943 2.50967
891.533 -208.942 2.49816
891.797 -208.942 2.48623
892.068 -208.942 2.47394
892.346 -208.942 2.46126
892.633 -208.942 2.44818
892.927 -208.942 2.43468
919.818 -220.351 1.35568
928.941 -223.537 0.979155
928.453 -222.898 0.992047
923.544 -220.447 1.18327
923.678 -220.116 1.17167
923.861 -219.805 1.15792
926.57 -220.472 1.04118
926.006 -219.855 1.05741
925.454 -219.253 1.0732
924.472 -218.506 1.10672
924.501 -218.136 1.09875
924.529 -217.767 1.09069
924.558 -217.4 1.08252
924.58 -217.032 1.07454
924.537 -216.644 1.06922
924.47 -216.251 1.06482
924.381 -215.854 1.06132
924.087 -215.398 1.06638
918.882 -213.501 1.28007
886.371 -203.85 2.6593
886.289 -203.751 2.66122
886.209 -203.653 2.66308
886.13 -203.558 2.66488
886.071 -203.469 2.6658
886.034 -203.387 2.6658
885.997 -203.305 2.6658
885.959 -203.224 2.6658
885.922 -203.144 2.6658
917.786 -210.086 1.2587
917.785 -209.782 1.25155
917.787 -209.48 1.24423
917.785 -209.178 1.23699
917.785 -208.877 1.22958
917.782 -208.576 1.22224
917.78 -208.277 1.21474
917.776 -207.977 1.2073
917.774 -207.679 1.19973
917.769 -207.381 1.19218
917.764 -207.084 1.18453
917.761 -206.787 1.17677
917.694 -206.483 1.17185
917.494 -206.164 1.17308
917.243 -205.841 1.17671
916.997 -205.524 1.18007
916.755 -205.21 1.18333
916.509 -204.9 1.18673
916.273 -204.595 1.18975
916.033 -204.293 1.19291
915.794 -203.995 1.19609
915.562 -203.701 1.19893
915.329 -203.411 1.20186
915.095 -203.124 1.20483
906.244 -202.416 1.62802
906.193 -202.204 1.62398
906.271 -201.998 1.61352
914.187 -202.011 1.21562
913.968 -201.742 1.21798
913.744 -201.475 1.22059
913.521 -201.211 1.22313
913.208 -200.951 1.23028
909.565 -200.717 1.4059
909.109 -200.491 1.42121
908.656 -200.27 1.4365
908.226 -200.056 1.45075
907.798 -199.847 1.46505
907.384 -199.644 1.47876
906.971 -199.446 1.49253
906.575 -199.253 1.50554
906.184 -199.064 1.51844
905.806 -198.881 1.53079
905.431 -198.702 1.54307
905.067 -198.527 1.55487
904.612 -198.366 1.57169
904.238 -198.202 1.5843
901.912 -198.248 1.7026
901.727 -198.087 1.70573
901.433 -197.942 1.71487
901.182 -197.795 1.72173
901.12 -197.626 1.71817
900.575 -197.525 1.74143
900.55 -197.356 1.73596
900.555 -197.181 1.72866
901.124 -196.915 1.68963
901.12 -196.737 1.68254
901.192 -196.546 1.67113
900.928 -196.414 1.67878
900.292 -196.357 1.70792
900.058 -196.228 1.71412
899.934 -196.081 1.71403
899.095 -196.086 1.75568
897.549 -196.258 1.83934
897.234 -196.173 1.85118
896.994 -196.075 1.8587
896.713 -195.99 1.86878
896.399 -195.916 1.88095
889.789 -214.784 2.53755
879.89 -204.628 2.94214
879.889 -204.576 2.94224
879.921 -204.557 2.941
879.953 -204.538 2.93973
879.985 -204.519 2.93845
889.789 -213.672 2.5386
889.789 -213.495 2.53862
889.789 -213.321 2.53859
889.789 -213.149 2.53852
889.789 -212.978 2.53841
889.789 -212.81 2.53826
889.791 -212.646 2.53799
889.834 -212.518 2.53602
889.916 -212.425 2.53235
890.112 -212.425 2.52404
897.676 -216.07 2.20557
890.758 -209.741 2.48204
890.449 -209.419 2.49391
890.558 -209.349 2.48818
890.758 -209.331 2.4786
890.758 -209.196 2.4774
890.758 -209.063 2.47616
890.788 -208.947 2.47358
891.032 -208.947 2.46192
891.278 -208.945 2.45007
891.529 -208.942 2.43795
891.793 -208.942 2.42521
892.063 -208.942 2.41208
892.342 -208.942 2.39854
892.628 -208.942 2.38456
892.923 -208.942 2.37014
928.366 -225.484 0.832734
927.122 -224.466 0.881204
926.713 -223.851 0.89348
919.825 -220.36 1.18857
925.907 -222.655 0.917469
925.461 -222.052 0.931337
924.929 -221.423 0.949025
923.414 -220.4 1.01005
923.55 -220.071 0.998374
923.003 -219.471 1.01684
923.026 -219.103 1.01004
923.059 -218.741 1.00268
923.094 -218.381 0.995107
923.12 -218.02 0.987854
923.108 -217.646 0.982248
923.052 -217.259 0.978484
922.967 -216.864 0.976014
922.704 -216.413 0.981542
917.675 -214.419 1.20411
917.24 -213.962 1.21814
917.102 -213.605 1.21858
917.055 -213.278 1.21485
917.005 -212.954 1.21115
886.342 -203.843 2.62374
886.261 -203.744 2.62601
886.181 -203.647 2.62821
886.102 -203.552 2.63034
886.025 -203.458 2.63241
885.95 -203.367 2.63442
885.875 -203.277 2.63636
885.803 -203.189 2.63825
885.731 -203.102 2.64008
885.661 -203.017 2.64186
885.592 -202.933 2.64358
885.524 -202.851 2.64526
885.457 -202.77 2.64688
885.392 -202.691 2.64845
885.327 -202.613 2.64997
885.264 -202.536 2.65145
885.201 -202.461 2.65288
885.14 -202.386 2.65427
885.079 -202.313 2.65562
885.02 -202.241 2.65693
884.961 -202.17 2.65819
884.903 -202.1 2.65942
884.846 -202.031 2.66061
884.79 -201.964 2.66176
884.735 -201.897 2.66287
884.68 -201.831 2.66395
884.626 -201.766 2.66499
884.577 -201.703 2.6658
884.544 -201.641 2.6658
884.511 -201.58 2.6658
884.477 -201.519 2.6658
884.444 -201.459 2.6658
884.41 -201.4 2.6658
884.376 -201.341 2.6658
884.343 -201.283 2.6658
884.309 -201.225 2.6658
884.275 -201.167 2.6658
910.939 -201.681 1.24689
908.462 -201.403 1.3712
908.034 -201.175 1.38681
907.621 -200.953 1.40167
903.566 -200.76 1.61361
902.729 -200.581 1.65259
902.49 -200.401 1.65931
902.363 -200.221 1.65996
902.467 -200.034 1.64783
902.659 -199.843 1.63081
902.836 -199.65 1.61443
902.587 -199.477 1.62164
902.377 -199.306 1.62669
902.191 -199.135 1.63047
902.003 -198.967 1.63439
901.914 -198.794 1.63271
901.749 -198.628 1.63532
901.572 -198.466 1.63867
901.397 -198.305 1.64189
901.046 -198.166 1.65535
900.91 -198.007 1.65646
900.861 -197.838 1.65247
900.817 -197.669 1.64811
900.548 -197.532 1.65696
900.532 -197.361 1.65098
900.529 -197.188 1.64406
900.567 -197.008 1.63469
900.673 -196.815 1.62107
900.586 -196.655 1.61902
900.022 -196.583 1.64595
899.932 -196.428 1.64418
899.834 -196.276 1.64287
899.326 -196.208 1.66683
897.56 -196.414 1.76901
897.203 -196.337 1.78449
896.982 -196.233 1.79154
896.565 -196.178 1.81105
896.226 -196.11 1.82585
895.796 -196.069 1.84649
895.502 -195.999 1.85875
879.888 -204.627 2.92405
879.888 -204.576 2.92426
879.92 -204.556 2.92298
879.952 -204.537 2.92168
879.984 -204.518 2.92037
889.758 -213.645 2.47501
889.758 -213.469 2.47544
889.758 -213.295 2.47581
889.758 -213.123 2.47614
889.758 -212.953 2.47642
889.758 -212.786 2.47664
889.79 -212.648 2.47537
889.833 -212.52 2.47357
889.914 -212.425 2.47
890.109 -212.425 2.46117
897.667 -216.067 2.1142
890.277 -209.587 2.44555
890.317 -209.477 2.4429
890.542 -209.477 2.43172
890.712 -209.442 2.42297
890.758 -209.333 2.41992
890.758 -209.198 2.41895
890.758 -209.065 2.41794
890.785 -208.947 2.41564
891.028 -208.947 2.40324
891.278 -208.947 2.39045
891.525 -208.942 2.37775
891.788 -208.942 2.3642
892.059 -208.942 2.35023
892.337 -208.942 2.33582
892.623 -208.942 2.32096
892.918 -208.942 2.30562
924.27 -223.563 0.824528
923.805 -222.94 0.841943
923.316 -222.316 0.86051
919.834 -220.37 1.02123
922.374 -221.117 0.895955
921.563 -220.387 0.929873
921.592 -220.026 0.923681
921.633 -219.671 0.916848
921.673 -219.318 0.909941
921.711 -218.965 0.90307
921.711 -218.599 0.897847
921.672 -218.22 0.894488
921.592 -217.828 0.893011
921.317 -217.369 0.90091
916.57 -215.321 1.12659
916.196 -214.875 1.13984
916.107 -214.532 1.13916
916.063 -214.208 1.1362
916.022 -213.886 1.13299
915.979 -213.566 1.12982
915.935 -213.248 1.12668
915.89 -212.932 1.12344
915.855 -212.62 1.11968
886.313 -203.836 2.58837
886.232 -203.738 2.59098
886.153 -203.641 2.59352
886.075 -203.546 2.59599
885.998 -203.453 2.59838
885.923 -203.361 2.6007
885.849 -203.272 2.60295
885.777 -203.184 2.60514
885.706 -203.097 2.60727
885.636 -203.013 2.60933
885.567 -202.929 2.61134
885.5 -202.847 2.61328
885.433 -202.767 2.61517
885.368 -202.688 2.61701
885.304 -202.61 2.61879
885.241 -202.533 2.62052
885.179 -202.458 2.6222
885.118 -202.384 2.62383
885.058 -202.311 2.62541
884.998 -202.239 2.62695
884.94 -202.168 2.62844
884.882 -202.099 2.62989
884.826 -202.03 2.63129
884.77 -201.962 2.63266
884.715 -201.896 2.63398
884.661 -201.83 2.63526
884.607 -201.765 2.6365
884.554 -201.701 2.63771
884.502 -201.638 2.63888
884.451 -201.576 2.64001
884.4 -201.515 2.6411
884.35 -201.455 2.64216
884.301 -201.395 2.64319
884.252 -201.336 2.64419
884.204 -201.278 2.64515
884.156 -201.22 2.64608
884.109 -201.164 2.64698
884.062 -201.107 2.64785
884.017 -201.052 2.64869
883.971 -200.997 2.64951
883.926 -200.943 2.65029
883.882 -200.89 2.65104
883.838 -200.837 2.65177
883.795 -200.785 2.65247
883.752 -200.733 2.65315
883.709 -200.682 2.6538
883.667 -200.631 2.65442
883.626 -200.581 2.65502
883.584 -200.532 2.65559
883.544 -200.483 2.65614
883.503 -200.434 2.65667
883.463 -200.386 2.65717
883.424 -200.339 2.65765
883.385 -200.292 2.65811
883.346 -200.245 2.65855
883.307 -200.199 2.65896
883.269 -200.153 2.65936
883.231 -200.108 2.65973
883.194 -200.063 2.66008
883.157 -200.018 2.66041
883.12 -199.974 2.66072
883.083 -199.93 2.66101
883.047 -199.887 2.66128
883.011 -199.844 2.66154
882.975 -199.801 2.66177
882.94 -199.759 2.66198
882.905 -199.717 2.66218
882.87 -199.675 2.66236
882.836 -199.634 2.66252
882.801 -199.593 2.66266
882.767 -199.552 2.66279
882.733 -199.512 2.66289
882.7 -199.472 2.66298
882.666 -199.432 2.66306
882.633 -199.392 2.66311
882.6 -199.353 2.66315
882.61 -199.303 2.66031
882.671 -199.24 2.65395
879.886 -204.575 2.90629
879.918 -204.556 2.90497
879.95 -204.537 2.90364
879.982 -204.517 2.90229
889.755 -213.645 2.4102
889.755 -213.469 2.41105
889.755 -213.295 2.41185
889.755 -213.123 2.41259
889.755 -212.953 2.41327
889.755 -212.786 2.41389
889.79 -212.65 2.41273
889.832 -212.522 2.41111
889.911 -212.425 2.40764
890.106 -212.425 2.39829
897.669 -216.072 2.02229
890.277 -209.589 2.38784
890.314 -209.477 2.38544
890.538 -209.477 2.37359
890.708 -209.442 2.36439
890.758 -209.335 2.36122
890.758 -209.2 2.36048
890.758 -209.067 2.3597
890.781 -208.947 2.35771
891.024 -208.947 2.34456
891.274 -208.947 2.33102
891.521 -208.942 2.31755
891.784 -208.942 2.30319
892.055 -208.942 2.28838
892.333 -208.942 2.27311
892.619 -208.942 2.25736
892.913 -208.942 2.2411
920.865 -221.965 0.812582
920.153 -221.257 0.845307
920.201 -220.908 0.839153
919.845 -220.381 0.85361
920.292 -220.213 0.826733
920.335 -219.866 0.820495
920.35 -219.509 0.815571
920.328 -219.139 0.812443
920.26 -218.752 0.811594
916.922 -217.073 0.980344
915.481 -216.186 1.05101
915.2 -215.764 1.06149
915.125 -215.426 1.0612
915.091 -215.105 1.05868
915.054 -214.786 1.05621
915.02 -214.469 1.05353
914.984 -214.154 1.05089
914.945 -213.84 1.04825
914.916 -213.531 1.04508
914.901 -213.229 1.04105
914.903 -212.933 1.03605
914.917 -212.642 1.03028
886.367 -203.93 2.55014
886.285 -203.829 2.55318
886.204 -203.731 2.55614
886.125 -203.634 2.55901
886.047 -203.54 2.5618
885.971 -203.447 2.56452
885.897 -203.356 2.56715
885.823 -203.267 2.56971
885.751 -203.179 2.5722
885.681 -203.093 2.57462
885.611 -203.008 2.57696
885.543 -202.925 2.57925
885.476 -202.843 2.58146
885.41 -202.763 2.58362
885.345 -202.684 2.58572
885.281 -202.607 2.58775
885.218 -202.53 2.58973
885.157 -202.455 2.59166
885.096 -202.381 2.59352
885.036 -202.308 2.59534
884.977 -202.237 2.59711
884.919 -202.166 2.59882
884.862 -202.097 2.60049
884.805 -202.028 2.60211
884.75 -201.961 2.60368
884.695 -201.894 2.60521
884.641 -201.829 2.60669
884.588 -201.764 2.60813
884.535 -201.701 2.60953
884.483 -201.638 2.61089
884.432 -201.576 2.61221
884.382 -201.515 2.61349
884.332 -201.454 2.61473
884.283 -201.395 2.61593
884.234 -201.336 2.6171
884.186 -201.278 2.61823
884.139 -201.221 2.61933
884.092 -201.164 2.62039
884.046 -201.108 2.62142
884 -201.053 2.62241
883.955 -200.998 2.62338
883.91 -200.944 2.62431
883.866 -200.891 2.62521
883.822 -200.838 2.62608
883.779 -200.786 2.62693
883.736 -200.734 2.62774
883.694 -200.683 2.62852
883.652 -200.633 2.62928
883.611 -200.583 2.63001
883.57 -200.533 2.63071
883.529 -200.484 2.63139
883.489 -200.436 2.63204
883.449 -200.388 2.63266
883.41 -200.341 2.63326
883.37 -200.294 2.63384
883.332 -200.247 2.63439
883.293 -200.201 2.63492
883.255 -200.155 2.63542
883.218 -200.11 2.6359
883.18 -200.065 2.63636
883.143 -200.021 2.63679
883.107 -199.977 2.63721
883.07 -199.933 2.6376
883.034 -199.89 2.63797
882.998 -199.847 2.63832
882.963 -199.804 2.63864
882.928 -199.762 2.63895
882.893 -199.72 2.63924
882.858 -199.678 2.63951
882.823 -199.637 2.63975
882.789 -199.596 2.63998
882.755 -199.555 2.64019
882.721 -199.515 2.64038
882.688 -199.475 2.64055
882.655 -199.435 2.6407
882.622 -199.396 2.64084
882.589 -199.357 2.64095
882.556 -199.318 2.64105
882.606 -199.257 2.63524
894.16 -196.079 1.80215
 ] }
 color Color { color [
0.524548 0 0.475452
0.564149 0 0.435851
0.0521669 0 0.947833
0.5995 0 0.4005
0.492601 0 0.507399
0.489741 0 0.510259
0.165331 0 0.834669
0.476383 0 0.523617
0.495456 0 0.504544
0.494098 0 0.505902
0.302071 0 0.697929
0.299906 0 0.700094
0.29972 0 0.70028
0.300982 0 0.699018
0.298123 0 0.701877
0.297741 0 0.702259
0.299509 0 0.700491
0.524464 0 0.475536
0.56407 0 0.43593
0.052142 0 0.947858
0.599297 0 0.400703
0.492834 0 0.507166
0.48969 0 0.51031
0.165115 0 0.834885
0.476329 0 0.523671
0.493993 0 0.506007
0.30216 0 0.69784
0.299904 0 0.700096
0.299697 0 0.700303
0.300922 0 0.699078
0.298134 0 0.701866
0.297723 0 0.702277
0.299409 0 0.700591
0.524406 0 0.475594
0.564008 0 0.435992
0.0521178 0 0.947882
0.599132 0 0.400868
0.489644 0 0.510356
0.165316 0 0.834684
0.16703 0 0.83297
0.476306 0 0.523694
0.493905 0 0.506095
0.302262 0 0.697738
0.299905 0 0.700095
0.299677 0 0.700323
0.300867 0 0.699133
0.29815 0 0.70185
0.297709 0 0.702291
0.299322 0 0.700678
0.524369 0 0.475631
0.563963 0 0.436037
0.0520942 0 0.947906
0.599005 0 0.400995
0.489606 0 0.510394
0.165313 0 0.834687
0.166984 0 0.833016
0.47631 0 0.52369
0.493829 0 0.506171
0.302388 0 0.697612
0.299912 0 0.700088
0.299661 0 0.700339
0.300818 0 0.699183
0.298169 0 0.701831
0.297698 0 0.702302
0.299244 0 0.700756
0.524347 0 0.475653
0.563937 0 0.436063
0.0520713 0 0.947929
0.59892 0 0.40108
0.489574 0 0.510426
0.16531 0 0.83469
0.16694 0 0.83306
0.476345 0 0.523655
0.493768 0 0.506232
0.302539 0 0.697461
0.299922 0 0.700078
0.29965 0 0.70035
0.300773 0 0.699227
0.298193 0 0.701807
0.297692 0 0.702308
0.299174 0 0.700826
0.524336 0 0.475664
0.563935 0 0.436065
0.0520489 0 0.947951
0.59888 0 0.40112
0.489548 0 0.510452
0.165229 0 0.834771
0.166782 0 0.833218
0.476408 0 0.523592
0.493721 0 0.506279
0.302736 0 0.697264
0.299935 0 0.700065
0.299643 0 0.700357
0.300734 0 0.699266
0.298221 0 0.701779
0.29769 0 0.70231
0.299114 0 0.700886
0.524339 0 0.475661
0.563965 0 0.436035
0.0520271 0 0.947973
0.598896 0 0.401104
0.48953 0 0.51047
0.165307 0 0.834693
0.16686 0 0.83314
0.476504 0 0.523496
0.493687 0 0.506313
0.303093 0 0.696907
0.299954 0 0.700046
0.299639 0 0.700361
0.300699 0 0.699301
0.572999 0 0.427001
0.588892 0 0.411108
0.298253 0 0.701747
0.297692 0 0.702308
0.299062 0 0.700938
0.587946 0 0.412054
0.588047 0 0.411953
0.588209 0 0.411791
0.588393 0 0.411607
0.588586 0 0.411414
0.588846 0 0.411154
0.589109 0 0.410891
0.564041 0 0.435959
0.052006 0 0.947994
0.598996 0 0.401004
0.489519 0 0.510481
0.165311 0 0.834689
0.166822 0 0.833178
0.476635 0 0.523365
0.493665 0 0.506335
0.299976 0 0.700024
0.299639 0 0.700361
0.300669 0 0.699331
0.574174 0 0.425826
0.570993 0 0.429007
0.569692 0 0.430308
0.569101 0 0.430899
0.569055 0 0.430945
0.569027 0 0.430973
0.29829 0 0.70171
0.297698 0 0.702302
0.299016 0 0.700984
0.56923 0 0.43077
0.569333 0 0.430667
0.569478 0 0.430522
0.569655 0 0.430345
0.569884 0 0.430116
0.570085 0 0.429915
0.570351 0 0.429649
0.570623 0 0.429377
0.564232 0 0.435768
0.0519857 0 0.948014
0.599295 0 0.400705
0.489514 0 0.510486
0.165317 0 0.834683
0.166787 0 0.833213
0.179239 0 0.820761
0.178422 0 0.821578
0.476807 0 0.523193
0.47772 0 0.52228
0.493657 0 0.506343
0.300003 0 0.699997
0.299644 0 0.700356
0.300644 0 0.699356
0.559743 0 0.440257
0.554567 0 0.445433
0.553219 0 0.446781
0.552202 0 0.447798
0.551833 0 0.448167
0.551715 0 0.448285
0.551613 0 0.448387
0.551561 0 0.448439
0.551496 0 0.448504
0.551498 0 0.448502
0.298332 0 0.701668
0.297708 0 0.702292
0.298975 0 0.701025
0.551704 0 0.448296
0.551795 0 0.448205
0.55195 0 0.44805
0.552091 0 0.447909
0.552286 0 0.447714
0.552494 0 0.447506
0.552724 0 0.447276
0.553003 0 0.446997
0.553273 0 0.446727
0.051966 0 0.948034
0.489516 0 0.510484
0.165326 0 0.834674
0.166754 0 0.833246
0.179157 0 0.820843
0.178767 0 0.821233
0.477029 0 0.522971
0.477351 0 0.522649
0.49366 0 0.50634
0.300033 0 0.699967
0.299652 0 0.700348
0.300624 0 0.699376
0.545746 0 0.454254
0.539469 0 0.460531
0.538076 0 0.461924
0.536781 0 0.463219
0.536071 0 0.463929
0.535811 0 0.464189
0.535623 0 0.464377
0.535462 0 0.464538
0.535334 0 0.464666
0.535207 0 0.464793
0.53514 0 0.46486
0.535057 0 0.464943
0.535031 0 0.464969
0.535016 0 0.464984
0.298377 0 0.701623
0.297722 0 0.702278
0.298942 0 0.701058
0.535196 0 0.464804
0.535315 0 0.464685
0.535419 0 0.464581
0.53559 0 0.46441
0.535755 0 0.464245
0.535957 0 0.464043
0.536191 0 0.463809
0.53642 0 0.46358
0.53671 0 0.46329
0.537016 0 0.462984
0.0519466 0 0.948053
0.489525 0 0.510475
0.16581 0 0.83419
0.166723 0 0.833277
0.179636 0 0.820364
0.178444 0 0.821556
0.477319 0 0.522681
0.477124 0 0.522876
0.493676 0 0.506324
0.300067 0 0.699933
0.299665 0 0.700335
0.300608 0 0.699392
0.525625 0 0.474375
0.524062 0 0.475938
0.522733 0 0.477267
0.521583 0 0.478417
0.521163 0 0.478837
0.520888 0 0.479112
0.520665 0 0.479335
0.520425 0 0.479575
0.520251 0 0.479749
0.52006 0 0.47994
0.519924 0 0.480076
0.519787 0 0.480213
0.519705 0 0.480295
0.519626 0 0.480374
0.519569 0 0.480431
0.519523 0 0.480477
0.51952 0 0.48048
0.298427 0 0.701573
0.29774 0 0.70226
0.298916 0 0.701084
0.519683 0 0.480317
0.519763 0 0.480237
0.519895 0 0.480105
0.520031 0 0.479969
0.520217 0 0.479783
0.520405 0 0.479595
0.520616 0 0.479384
0.519515 0 0.480485
0.51568 0 0.48432
0.511862 0 0.488138
0.437245 0 0.562755
0.0613876 0 0.938612
0.051928 0 0.948072
0.48954 0 0.51046
0.166078 0 0.833922
0.16648 0 0.83352
0.477727 0 0.522273
0.476971 0 0.523029
0.493704 0 0.506296
0.533613 0 0.466387
0.513047 0 0.486953
0.300105 0 0.699895
0.299682 0 0.700318
0.300597 0 0.699403
0.507669 0 0.492331
0.5073 0 0.4927
0.506993 0 0.493007
0.506692 0 0.493308
0.506435 0 0.493565
0.506169 0 0.493831
0.505962 0 0.494038
0.505735 0 0.494265
0.505571 0 0.494429
0.505413 0 0.494587
0.505263 0 0.494737
0.505162 0 0.494838
0.505044 0 0.494956
0.504984 0 0.495016
0.504924 0 0.495076
0.504889 0 0.495111
0.504875 0 0.495125
0.298481 0 0.701519
0.297763 0 0.702237
0.298896 0 0.701104
0.505033 0 0.494967
0.505132 0 0.494868
0.504874 0 0.495126
0.502233 0 0.497767
0.498586 0 0.501414
0.494986 0 0.505014
0.491414 0 0.508586
0.488012 0 0.511988
0.484574 0 0.515426
0.481049 0 0.518951
0.437366 0 0.562634
0.437094 0 0.562906
0.252334 0 0.747666
0.2539 0 0.7461
0.255541 0 0.744459
0.0614012 0 0.938599
0.0519101 0 0.94809
0.489563 0 0.510437
0.165362 0 0.834638
0.166495 0 0.833505
0.178586 0 0.821414
0.174437 0 0.825563
0.170806 0 0.829194
0.172963 0 0.827037
0.175184 0 0.824816
0.17747 0 0.82253
0.179872 0 0.820128
0.182452 0 0.817548
0.185116 0 0.814884
0.47687 0 0.52313
0.493743 0 0.506257
0.595225 0 0.404775
0.585176 0 0.414824
0.526878 0 0.473122
0.501284 0 0.498716
0.49908 0 0.50092
0.497744 0 0.502256
0.496401 0 0.503599
0.495268 0 0.504732
0.300148 0 0.699852
0.299702 0 0.700298
0.300591 0 0.699409
0.493667 0 0.506333
0.49333 0 0.50667
0.493052 0 0.506948
0.492761 0 0.507239
0.492518 0 0.507482
0.492272 0 0.507728
0.492067 0 0.507933
0.491864 0 0.508136
0.491711 0 0.508289
0.491564 0 0.508436
0.491427 0 0.508573
0.491314 0 0.508686
0.49122 0 0.50878
0.491145 0 0.508855
0.491094 0 0.508906
0.491056 0 0.508944
0.491048 0 0.508952
0.298541 0 0.70146
0.297789 0 0.702211
0.29888 0 0.70112
0.482818 0 0.517182
0.479387 0 0.520613
0.476031 0 0.523969
0.472681 0 0.527319
0.469462 0 0.530538
0.466263 0 0.533737
0.462793 0 0.537207
0.431139 0 0.568861
0.423588 0 0.576412
0.416448 0 0.583552
0.409538 0 0.590462
0.402729 0 0.597271
0.396288 0 0.603712
0.2526 0 0.7474
0.250678 0 0.749322
0.252231 0 0.747769
0.253859 0 0.746141
0.255521 0 0.744479
0.0614223 0 0.938578
0.0518934 0 0.948107
0.170129 0 0.829871
0.16945 0 0.83055
0.165379 0 0.834621
0.166511 0 0.833489
0.167365 0 0.832635
0.166697 0 0.833303
0.166043 0 0.833957
0.165936 0 0.834064
0.168083 0 0.831917
0.170416 0 0.829584
0.172696 0 0.827304
0.175045 0 0.824955
0.177469 0 0.822531
0.179969 0 0.820031
0.182549 0 0.817451
0.185214 0 0.814786
0.476811 0 0.523189
0.493796 0 0.506204
0.593711 0 0.406289
0.592576 0 0.407424
0.591639 0 0.408361
0.589978 0 0.410022
0.587966 0 0.412034
0.585962 0 0.414038
0.583808 0 0.416192
0.57957 0 0.42043
0.571182 0 0.428818
0.520128 0 0.479872
0.490461 0 0.509539
0.48792 0 0.51208
0.486558 0 0.513442
0.485192 0 0.514808
0.483893 0 0.516107
0.483087 0 0.516913
0.482629 0 0.517371
0.482198 0 0.517802
0.481821 0 0.518179
0.300194 0 0.699806
0.299727 0 0.700273
0.300589 0 0.699411
0.480425 0 0.519575
0.480138 0 0.519862
0.479843 0 0.520157
0.479598 0 0.520402
0.479339 0 0.520661
0.479135 0 0.520865
0.478913 0 0.521087
0.47875 0 0.52125
0.478605 0 0.521395
0.478439 0 0.521561
0.478333 0 0.521667
0.478204 0 0.521796
0.478136 0 0.521864
0.477557 0 0.522443
0.475039 0 0.524961
0.471589 0 0.528411
0.468301 0 0.531699
0.298605 0 0.701395
0.29782 0 0.70218
0.29887 0 0.70113
0.45545 0 0.54455
0.452436 0 0.547564
0.449412 0 0.550588
0.445453 0 0.554547
0.412654 0 0.587346
0.405785 0 0.594215
0.399153 0 0.600847
0.392745 0 0.607255
0.386551 0 0.613449
0.380532 0 0.619468
0.374806 0 0.625194
0.29801 0 0.70199
0.292324 0 0.707676
0.287087 0 0.712913
0.250683 0 0.749317
0.203701 0 0.796299
0.202141 0 0.797859
0.200615 0 0.799385
0.19912 0 0.80088
0.197657 0 0.802343
0.196225 0 0.803775
0.194822 0 0.805178
0.193448 0 0.806552
0.192103 0 0.807897
0.190785 0 0.809215
0.0518767 0 0.948123
0.188231 0 0.811769
0.186992 0 0.813008
0.185778 0 0.814222
0.184589 0 0.815411
0.183423 0 0.816577
0.182281 0 0.817719
0.181162 0 0.818838
0.180065 0 0.819935
0.178989 0 0.821011
0.170192 0 0.829808
0.170055 0 0.829945
0.164821 0 0.835179
0.16653 0 0.83347
0.167383 0 0.832617
0.166716 0 0.833284
0.166061 0 0.833939
0.166032 0 0.833968
0.168178 0 0.831822
0.170145 0 0.829855
0.172327 0 0.827673
0.174783 0 0.825217
0.177328 0 0.822672
0.179826 0 0.820174
0.182404 0 0.817596
0.185066 0 0.814934
0.476788 0 0.523212
0.597679 0 0.402321
0.588612 0 0.411388
0.49386 0 0.50614
0.576692 0 0.423308
0.57589 0 0.42411
0.574561 0 0.425439
0.572562 0 0.427438
0.57061 0 0.42939
0.568579 0 0.431421
0.564983 0 0.435017
0.557938 0 0.442062
0.510342 0 0.489658
0.480362 0 0.519638
0.477537 0 0.522463
0.476164 0 0.523836
0.474786 0 0.525214
0.473447 0 0.526553
0.472364 0 0.527636
0.471746 0 0.528254
0.471286 0 0.528714
0.470821 0 0.529179
0.470406 0 0.529594
0.469973 0 0.530027
0.469597 0 0.530403
0.469229 0 0.530771
0.300247 0 0.699753
0.299756 0 0.700244
0.300591 0 0.699409
0.467907 0 0.532093
0.467613 0 0.532387
0.467358 0 0.532642
0.467099 0 0.532901
0.466883 0 0.533117
0.466659 0 0.533341
0.466485 0 0.533515
0.466292 0 0.533708
0.465982 0 0.534018
0.464513 0 0.535487
0.461287 0 0.538713
0.457985 0 0.542015
0.454753 0 0.545247
0.45165 0 0.54835
0.44852 0 0.55148
0.445491 0 0.554509
0.442515 0 0.557485
0.298673 0 0.701327
0.297854 0 0.702146
0.298865 0 0.701135
0.42805 0 0.57195
0.395748 0 0.604252
0.389398 0 0.610602
0.383283 0 0.616717
0.377367 0 0.622633
0.371586 0 0.628414
0.366009 0 0.633991
0.36058 0 0.63942
0.35544 0 0.64456
0.292565 0 0.707435
0.288913 0 0.711087
0.283747 0 0.716253
0.272587 0 0.727413
0.270665 0 0.729335
0.269413 0 0.730587
0.203203 0 0.796797
0.201651 0 0.798349
0.200131 0 0.799869
0.198645 0 0.801355
0.197188 0 0.802812
0.195763 0 0.804237
0.194367 0 0.805633
0.193 0 0.807
0.191661 0 0.808339
0.190349 0 0.809651
0.0518608 0 0.948139
0.187807 0 0.812193
0.186573 0 0.813426
0.185366 0 0.814635
0.184182 0 0.815818
0.183021 0 0.816979
0.181885 0 0.818115
0.18077 0 0.81923
0.179678 0 0.820322
0.178607 0 0.821393
0.17996 0 0.82004
0.170213 0 0.829787
0.170074 0 0.829926
0.164842 0 0.835158
0.166601 0 0.833399
0.167404 0 0.832596
0.166736 0 0.833264
0.166082 0 0.833918
0.16601 0 0.83399
0.168155 0 0.831845
0.170259 0 0.829741
0.172535 0 0.827465
0.174882 0 0.825118
0.177302 0 0.822698
0.179798 0 0.820202
0.182374 0 0.817626
0.185035 0 0.814965
0.476798 0 0.523202
0.599257 0 0.400743
0.592016 0 0.407984
0.583279 0 0.416721
0.574612 0 0.425388
0.563201 0 0.436799
0.561969 0 0.438031
0.561147 0 0.438853
0.560071 0 0.439929
0.493939 0 0.506061
0.556319 0 0.443681
0.554412 0 0.445588
0.551286 0 0.448714
0.545369 0 0.454631
0.499468 0 0.500532
0.470909 0 0.529091
0.46786 0 0.53214
0.466468 0 0.533532
0.465087 0 0.534913
0.463732 0 0.536268
0.46241 0 0.53759
0.461681 0 0.538319
0.46111 0 0.53889
0.460624 0 0.539376
0.460122 0 0.539878
0.459677 0 0.540323
0.459214 0 0.540786
0.4588 0 0.5412
0.458377 0 0.541623
0.457995 0 0.542005
0.45764 0 0.54236
0.457262 0 0.542738
0.300302 0 0.699698
0.299788 0 0.700212
0.300598 0 0.699402
0.456007 0 0.543993
0.455755 0 0.544245
0.455486 0 0.544514
0.455267 0 0.544733
0.454511 0 0.545489
0.451624 0 0.548376
0.448401 0 0.551599
0.445313 0 0.554687
0.442217 0 0.557783
0.439181 0 0.560819
0.436246 0 0.563754
0.433292 0 0.566708
0.430411 0 0.569589
0.427625 0 0.572375
0.424817 0 0.575183
0.422093 0 0.577907
0.419433 0 0.580567
0.298747 0 0.701253
0.297893 0 0.702107
0.298865 0 0.701135
0.368704 0 0.631296
0.363212 0 0.636788
0.357814 0 0.642186
0.352625 0 0.647375
0.347587 0 0.652413
0.342679 0 0.657321
0.338126 0 0.661874
0.290104 0 0.709896
0.285605 0 0.714395
0.274691 0 0.725309
0.257132 0 0.742868
0.27108 0 0.72892
0.269121 0 0.730879
0.267529 0 0.732471
0.260923 0 0.739077
0.2579 0 0.7421
0.201166 0 0.798834
0.199654 0 0.800346
0.198174 0 0.801826
0.196725 0 0.803275
0.195306 0 0.804694
0.193917 0 0.806083
0.192557 0 0.807443
0.191224 0 0.808776
0.189919 0 0.810081
0.0518454 0 0.948155
0.187387 0 0.812613
0.18616 0 0.81384
0.184957 0 0.815043
0.183779 0 0.816221
0.182624 0 0.817376
0.181492 0 0.818508
0.180382 0 0.819618
0.179294 0 0.820706
0.178444 0 0.821556
0.179949 0 0.820051
0.264297 0 0.735703
0.170236 0 0.829764
0.169514 0 0.830486
0.164863 0 0.835137
0.166582 0 0.833418
0.167426 0 0.832574
0.166759 0 0.833241
0.166104 0 0.833896
0.165988 0 0.834012
0.168134 0 0.831866
0.170237 0 0.829763
0.172512 0 0.827488
0.174858 0 0.825142
0.177277 0 0.822723
0.179772 0 0.820228
0.182348 0 0.817652
0.185007 0 0.814993
0.476838 0 0.523162
0.599386 0 0.400614
0.592274 0 0.407726
0.585284 0 0.414716
0.578135 0 0.421865
0.569593 0 0.430407
0.561299 0 0.438701
0.549596 0 0.450404
0.548267 0 0.451733
0.547414 0 0.452586
0.546391 0 0.453609
0.544934 0 0.455066
0.542988 0 0.457012
0.541117 0 0.458883
0.53835 0 0.46165
0.494028 0 0.505972
0.487249 0 0.512751
0.462032 0 0.537968
0.458848 0 0.541152
0.457409 0 0.542591
0.456034 0 0.543966
0.454654 0 0.545346
0.453339 0 0.546661
0.452279 0 0.547721
0.45166 0 0.54834
0.451112 0 0.548888
0.450581 0 0.549419
0.450069 0 0.549931
0.449574 0 0.550426
0.449098 0 0.550902
0.448636 0 0.551364
0.448195 0 0.551805
0.447768 0 0.552232
0.44736 0 0.55264
0.446969 0 0.553031
0.446597 0 0.553403
0.446258 0 0.553742
0.44592 0 0.55408
0.300361 0 0.699639
0.299825 0 0.700176
0.300609 0 0.699391
0.442615 0 0.557385
0.439536 0 0.560464
0.436468 0 0.563532
0.433428 0 0.566572
0.430508 0 0.569492
0.427593 0 0.572407
0.424704 0 0.575296
0.421938 0 0.578062
0.419158 0 0.580842
0.416457 0 0.583543
0.413796 0 0.586204
0.411138 0 0.588862
0.408544 0 0.591456
0.405931 0 0.594069
0.372974 0 0.627026
0.365992 0 0.634008
0.360505 0 0.639495
0.298825 0 0.701175
0.297935 0 0.702065
0.298871 0 0.701129
0.340212 0 0.659788
0.335516 0 0.664484
0.330996 0 0.669004
0.326608 0 0.673392
0.288707 0 0.711293
0.28733 0 0.71267
0.282351 0 0.717649
0.275346 0 0.724654
0.273962 0 0.726038
0.257194 0 0.742806
0.256519 0 0.743481
0.262679 0 0.737321
0.261371 0 0.738629
0.260705 0 0.739295
0.258732 0 0.741268
0.253398 0 0.746602
0.224955 0 0.775045
0.199181 0 0.800819
0.197708 0 0.802292
0.196266 0 0.803734
0.194854 0 0.805146
0.193471 0 0.806529
0.0514668 0 0.948533
0.190791 0 0.809209
0.189491 0 0.810509
0.0518307 0 0.948169
0.186972 0 0.813028
0.18575 0 0.81425
0.184553 0 0.815447
0.183379 0 0.816621
0.182229 0 0.817771
0.181102 0 0.818897
0.179997 0 0.820003
0.178915 0 0.821085
0.178434 0 0.821566
0.179939 0 0.820061
0.263446 0 0.736554
0.169537 0 0.830463
0.165464 0 0.834536
0.166566 0 0.833434
0.167451 0 0.832549
0.166783 0 0.833217
0.166129 0 0.833871
0.16597 0 0.83403
0.168114 0 0.831886
0.170217 0 0.829783
0.172491 0 0.827509
0.174836 0 0.825164
0.177254 0 0.822746
0.179749 0 0.820251
0.182323 0 0.817677
0.184982 0 0.815018
0.476906 0 0.523094
0.595029 0 0.404971
0.585593 0 0.414407
0.578769 0 0.421231
0.57212 0 0.42788
0.564761 0 0.435239
0.556651 0 0.443349
0.548714 0 0.451286
0.536971 0 0.463029
0.535517 0 0.464483
0.534602 0 0.465398
0.533749 0 0.466251
0.532436 0 0.467564
0.530586 0 0.469414
0.52871 0 0.47129
0.526431 0 0.473569
0.521688 0 0.478312
0.472729 0 0.527271
0.453562 0 0.546438
0.45039 0 0.54961
0.448936 0 0.551064
0.447559 0 0.552441
0.446177 0 0.553823
0.444836 0 0.555164
0.443624 0 0.556376
0.442822 0 0.557178
0.442248 0 0.557752
0.44168 0 0.55832
0.44112 0 0.55888
0.440586 0 0.559414
0.44006 0 0.55994
0.439561 0 0.560439
0.439068 0 0.560932
0.438603 0 0.561397
0.438142 0 0.561858
0.437711 0 0.562289
0.437282 0 0.562718
0.436887 0 0.563113
0.436487 0 0.563513
0.436127 0 0.563873
0.435647 0 0.564353
0.434259 0 0.565741
0.431204 0 0.568796
0.300424 0 0.699576
0.299866 0 0.700134
0.300624 0 0.699376
0.419506 0 0.580494
0.416757 0 0.583243
0.413987 0 0.586012
0.411281 0 0.588719
0.408649 0 0.591351
0.406001 0 0.593999
0.403446 0 0.596554
0.400918 0 0.599082
0.398396 0 0.601604
0.395936 0 0.604064
0.393255 0 0.606745
0.358478 0 0.641522
0.352717 0 0.647283
0.347628 0 0.652372
0.34269 0 0.65731
0.33794 0 0.66206
0.333247 0 0.666753
0.298908 0 0.701092
0.297982 0 0.702018
0.298881 0 0.701119
0.315838 0 0.684162
0.311884 0 0.688116
0.284908 0 0.715092
0.284153 0 0.715847
0.278185 0 0.721815
0.276473 0 0.723527
0.274807 0 0.725193
0.273419 0 0.726581
0.256428 0 0.743572
0.255591 0 0.744409
0.255917 0 0.744083
0.257132 0 0.742868
0.259364 0 0.740636
0.246307 0 0.753693
0.245993 0 0.754007
0.245656 0 0.754344
0.22136 0 0.77864
0.216546 0 0.783454
0.197246 0 0.802754
0.195812 0 0.804188
0.194406 0 0.805594
0.19303 0 0.80697
0.0515228 0 0.948477
0.190362 0 0.809638
0.189069 0 0.810931
0.0518172 0 0.948183
0.18656 0 0.81344
0.185344 0 0.814656
0.184152 0 0.815848
0.182984 0 0.817016
0.181839 0 0.818161
0.180717 0 0.819283
0.179617 0 0.820383
0.178539 0 0.821461
0.178427 0 0.821573
0.179932 0 0.820068
0.262395 0 0.737605
0.263307 0 0.736693
0.169564 0 0.830436
0.165491 0 0.834509
0.166551 0 0.833449
0.167478 0 0.832522
0.16681 0 0.83319
0.166155 0 0.833845
0.165954 0 0.834046
0.168097 0 0.831903
0.170199 0 0.829801
0.172472 0 0.827528
0.174816 0 0.825184
0.177233 0 0.822767
0.179727 0 0.820273
0.1823 0 0.8177
0.184957 0 0.815043
0.477004 0 0.522996
0.515899 0 0.484101
0.516115 0 0.483885
0.516215 0 0.483785
0.579224 0 0.420776
0.572581 0 0.427419
0.565986 0 0.434014
0.559547 0 0.440453
0.552173 0 0.447827
0.544351 0 0.455649
0.536748 0 0.463252
0.524931 0 0.475069
0.523604 0 0.476396
0.522686 0 0.477314
0.521799 0 0.478201
0.520641 0 0.479359
0.51896 0 0.48104
0.517091 0 0.482909
0.514828 0 0.485172
0.510503 0 0.489497
0.457871 0 0.542129
0.445511 0 0.554489
0.44253 0 0.55747
0.441018 0 0.558982
0.439605 0 0.560395
0.438244 0 0.561756
0.436868 0 0.563132
0.435573 0 0.564427
0.434584 0 0.565416
0.433956 0 0.566044
0.433345 0 0.566655
0.432754 0 0.567246
0.432193 0 0.567807
0.431615 0 0.568385
0.431086 0 0.568914
0.430543 0 0.569457
0.430045 0 0.569955
0.429547 0 0.570453
0.42907 0 0.57093
0.4286 0 0.5714
0.428158 0 0.571842
0.427717 0 0.572283
0.427282 0 0.572718
0.426367 0 0.573633
0.423377 0 0.576623
0.4205 0 0.5795
0.417596 0 0.582404
0.414759 0 0.585241
0.412014 0 0.587986
0.409247 0 0.590752
0.300492 0 0.699508
0.299911 0 0.700089
0.300644 0 0.699356
0.398745 0 0.601255
0.396234 0 0.603766
0.39372 0 0.60628
0.391247 0 0.608753
0.388871 0 0.611129
0.386496 0 0.613504
0.384156 0 0.615844
0.380802 0 0.619198
0.345295 0 0.654705
0.34043 0 0.65957
0.335667 0 0.664333
0.331087 0 0.668913
0.326572 0 0.673428
0.322243 0 0.677757
0.317992 0 0.682008
0.313896 0 0.686104
0.309821 0 0.690179
0.298996 0 0.701004
0.298032 0 0.701968
0.285521 0 0.714479
0.283883 0 0.716117
0.258577 0 0.741423
0.257497 0 0.742503
0.257031 0 0.742969
0.25622 0 0.74378
0.246325 0 0.753675
0.255302 0 0.744698
0.255705 0 0.744295
0.255743 0 0.744257
0.254804 0 0.745196
0.256023 0 0.743977
0.255968 0 0.744032
0.245788 0 0.754212
0.244429 0 0.755571
0.24375 0 0.75625
0.224822 0 0.775178
0.217307 0 0.782693
0.215212 0 0.784788
0.214017 0 0.785983
0.195361 0 0.804639
0.193963 0 0.806037
0.0516715 0 0.948328
0.0512887 0 0.948711
0.0513815 0 0.948619
0.0514775 0 0.948523
0.0515761 0 0.948424
0.186153 0 0.813847
0.184942 0 0.815058
0.183755 0 0.816245
0.182592 0 0.817407
0.181453 0 0.818547
0.180336 0 0.819664
0.179241 0 0.820759
0.178361 0 0.821639
0.178422 0 0.821578
0.179926 0 0.820074
0.262329 0 0.737671
0.169594 0 0.830406
0.165519 0 0.834481
0.166539 0 0.833461
0.167507 0 0.832493
0.166839 0 0.833161
0.166184 0 0.833816
0.165939 0 0.834062
0.168082 0 0.831918
0.170201 0 0.829799
0.172455 0 0.827545
0.174798 0 0.825202
0.177214 0 0.822786
0.179707 0 0.820293
0.18228 0 0.81772
0.184936 0 0.815064
0.47713 0 0.52287
0.573559 0 0.426441
0.566567 0 0.433433
0.511799 0 0.488201
0.511786 0 0.488214
0.512341 0 0.487659
0.540021 0 0.459979
0.532536 0 0.467464
0.525251 0 0.474749
0.513456 0 0.486544
0.512474 0 0.487526
0.511521 0 0.488479
0.510604 0 0.489396
0.509647 0 0.490353
0.508025 0 0.491975
0.506191 0 0.493809
0.504153 0 0.495847
0.500016 0 0.499984
0.444677 0 0.555323
0.105269 0 0.894731
0.104209 0 0.895791
0.103174 0 0.896826
0.102164 0 0.897836
0.101375 0 0.898625
0.100814 0 0.899186
0.100258 0 0.899742
0.0997064 0 0.900294
0.099162 0 0.900838
0.42558 0 0.57442
0.424935 0 0.575065
0.424334 0 0.575666
0.423722 0 0.576278
0.423152 0 0.576848
0.422573 0 0.577427
0.422033 0 0.577967
0.421488 0 0.578512
0.420977 0 0.579023
0.420465 0 0.579535
0.419983 0 0.580017
0.419527 0 0.580473
0.418458 0 0.581542
0.416065 0 0.583935
0.413179 0 0.586821
0.41038 0 0.58962
0.40763 0 0.592371
0.404879 0 0.595121
0.402236 0 0.597764
0.399591 0 0.600409
0.396968 0 0.603032
0.394443 0 0.605557
0.391927 0 0.608073
0.389423 0 0.610577
0.300564 0 0.699436
0.299958 0 0.700042
0.300668 0 0.699332
0.379889 0 0.620111
0.377632 0 0.622368
0.37535 0 0.62465
0.373102 0 0.626898
0.36996 0 0.63004
0.333493 0 0.666507
0.328956 0 0.671044
0.324465 0 0.675535
0.32022 0 0.67978
0.316006 0 0.683994
0.311944 0 0.688056
0.307908 0 0.692092
0.304056 0 0.695944
0.300262 0 0.699738
0.296606 0 0.703394
0.292998 0 0.707002
0.289514 0 0.710486
0.285118 0 0.714882
0.28155 0 0.71845
0.258335 0 0.741665
0.256671 0 0.743329
0.253912 0 0.746088
0.251598 0 0.748402
0.251212 0 0.748788
0.245943 0 0.754057
0.245935 0 0.754065
0.24626 0 0.75374
0.252301 0 0.747699
0.252564 0 0.747436
0.253602 0 0.746398
0.25124 0 0.74876
0.245087 0 0.754913
0.243037 0 0.756963
0.242112 0 0.757888
0.233882 0 0.766118
0.218384 0 0.781616
0.215495 0 0.784505
0.213379 0 0.786621
0.21084 0 0.78916
0.207963 0 0.792037
0.193524 0 0.806476
0.0516522 0 0.948348
0.0512775 0 0.948722
0.0513703 0 0.94863
0.0514658 0 0.948534
0.0515643 0 0.948436
0.18575 0 0.81425
0.184544 0 0.815456
0.183363 0 0.816637
0.182205 0 0.817795
0.181071 0 0.818929
0.179958 0 0.820042
0.178894 0 0.821106
0.178386 0 0.821614
0.178419 0 0.821581
0.179923 0 0.820077
0.262267 0 0.737733
0.169625 0 0.830375
0.165318 0 0.834682
0.165905 0 0.834095
0.167538 0 0.832462
0.166869 0 0.833131
0.166215 0 0.833785
0.165926 0 0.834074
0.168068 0 0.831932
0.170232 0 0.829768
0.17244 0 0.82756
0.174783 0 0.825217
0.177198 0 0.822802
0.179689 0 0.820311
0.182261 0 0.817739
0.184917 0 0.815083
0.576354 0 0.423646
0.560766 0 0.439234
0.554484 0 0.445516
0.477288 0 0.522712
0.542253 0 0.457747
0.535767 0 0.464233
0.528406 0 0.471594
0.510485 0 0.489515
0.510501 0 0.489499
0.503197 0 0.496803
0.502067 0 0.497933
0.501079 0 0.498921
0.500148 0 0.499852
0.499148 0 0.500852
0.497766 0 0.502234
0.495962 0 0.504038
0.493872 0 0.506127
0.489943 0 0.510057
0.435892 0 0.564108
0.430351 0 0.569649
0.427973 0 0.572027
0.426568 0 0.573432
0.425169 0 0.574831
0.104985 0 0.895015
0.10393 0 0.89607
0.102901 0 0.897099
0.101897 0 0.898103
0.100917 0 0.899083
0.0999593 0 0.900041
0.0990253 0 0.900975
0.0981131 0 0.901887
0.0972215 0 0.902779
0.096351 0 0.903649
0.0955 0 0.9045
0.0946681 0 0.905332
0.0938559 0 0.906144
0.093061 0 0.906939
0.0922839 0 0.907716
0.0915244 0 0.908476
0.0907815 0 0.909218
0.0900544 0 0.909946
0.0893428 0 0.910657
0.0886474 0 0.911353
0.0879665 0 0.912034
0.0872999 0 0.9127
0.0866475 0 0.913353
0.0860083 0 0.913992
0.0853831 0 0.914617
0.0847709 0 0.915229
0.0841716 0 0.915828
0.0836245 0 0.916376
0.0832406 0 0.916759
0.0828606 0 0.917139
0.0824842 0 0.917516
0.0821115 0 0.917889
0.0817423 0 0.918258
0.0813766 0 0.918623
0.0810145 0 0.918986
0.0806557 0 0.919344
0.0803002 0 0.9197
0.347364 0 0.652636
0.322525 0 0.677475
0.318211 0 0.681789
0.314077 0 0.685923
0.273473 0 0.726527
0.265118 0 0.734882
0.26276 0 0.737239
0.261533 0 0.738467
0.262645 0 0.737355
0.264637 0 0.735363
0.266497 0 0.733503
0.264101 0 0.735899
0.262114 0 0.737886
0.26037 0 0.73963
0.258619 0 0.741381
0.257871 0 0.742128
0.256379 0 0.743621
0.254767 0 0.745233
0.253195 0 0.746805
0.249852 0 0.750148
0.248682 0 0.751318
0.248402 0 0.751598
0.248189 0 0.751811
0.245717 0 0.754283
0.245799 0 0.754201
0.246041 0 0.753959
0.246698 0 0.753302
0.24807 0 0.75193
0.247488 0 0.752512
0.242056 0 0.757944
0.241458 0 0.758542
0.24079 0 0.75921
0.235941 0 0.764059
0.218208 0 0.781792
0.214874 0 0.785126
0.212949 0 0.787051
0.209004 0 0.790996
0.205856 0 0.794144
0.201784 0 0.798216
0.199098 0 0.800902
0.0516333 0 0.948367
0.051267 0 0.948733
0.0513598 0 0.94864
0.0514554 0 0.948545
0.0515534 0 0.948447
0.185351 0 0.814649
0.184151 0 0.815849
0.182975 0 0.817025
0.181822 0 0.818178
0.180692 0 0.819308
0.179585 0 0.820415
0.178922 0 0.821078
0.178414 0 0.821586
0.178418 0 0.821582
0.179922 0 0.820078
0.262208 0 0.737792
0.164736 0 0.835264
0.164507 0 0.835493
0.166433 0 0.833567
0.167723 0 0.832277
0.167571 0 0.832429
0.166902 0 0.833098
0.166247 0 0.833753
0.165915 0 0.834085
0.168056 0 0.831944
0.170266 0 0.829734
0.172427 0 0.827573
0.174769 0 0.825231
0.177183 0 0.822817
0.179674 0 0.820326
0.182245 0 0.817755
0.184899 0 0.815101
0.531142 0 0.468858
0.524301 0 0.475699
0.517258 0 0.482742
0.477477 0 0.522523
0.503762 0 0.496238
0.493413 0 0.506587
0.492279 0 0.507721
0.491297 0 0.508703
0.490338 0 0.509662
0.489376 0 0.510624
0.488053 0 0.511947
0.486327 0 0.513673
0.484199 0 0.515801
0.480033 0 0.519967
0.42839 0 0.57161
0.423376 0 0.576624
0.421417 0 0.578583
0.419968 0 0.580032
0.41858 0 0.58142
0.417198 0 0.582802
0.415819 0 0.584181
0.414474 0 0.585526
0.413247 0 0.586753
0.104703 0 0.895297
0.103655 0 0.896345
0.10263 0 0.89737
0.101632 0 0.898368
0.100657 0 0.899343
0.0997054 0 0.900295
0.0987758 0 0.901224
0.0978679 0 0.902132
0.0969813 0 0.903019
0.0961151 0 0.903885
0.0952682 0 0.904732
0.0944406 0 0.905559
0.0936318 0 0.906368
0.0928418 0 0.907158
0.092068 0 0.907932
0.0913118 0 0.908688
0.0905723 0 0.909428
0.0898492 0 0.910151
0.0891409 0 0.910859
0.0884487 0 0.911551
0.0877703 0 0.91223
0.0871069 0 0.912893
0.0864577 0 0.913542
0.0858218 0 0.914178
0.0851997 0 0.9148
0.0845899 0 0.91541
0.0839931 0 0.916007
0.0834082 0 0.916592
0.0828352 0 0.917165
0.0822748 0 0.917725
0.0817253 0 0.918275
0.0811866 0 0.918813
0.0806587 0 0.919341
0.0801421 0 0.919858
0.0796354 0 0.920365
0.0791391 0 0.920861
0.0786524 0 0.921348
0.0781752 0 0.921825
0.0777075 0 0.922293
0.0772492 0 0.922751
0.0768001 0 0.9232
0.0763596 0 0.92364
0.0759274 0 0.924073
0.0755044 0 0.924496
0.0750888 0 0.924911
0.0746815 0 0.925318
0.0742824 0 0.925718
0.0738913 0 0.926109
0.0735076 0 0.926492
0.0731311 0 0.926869
0.0727617 0 0.927238
0.0724003 0 0.9276
0.0720452 0 0.927955
0.0716971 0 0.928303
0.0713561 0 0.928644
0.0710212 0 0.928979
0.0706933 0 0.929307
0.0703714 0 0.929629
0.0700557 0 0.929944
0.0697468 0 0.930253
0.0694431 0 0.930557
0.0691461 0 0.930854
0.0688544 0 0.931146
0.0685685 0 0.931431
0.0682886 0 0.931711
0.0680137 0 0.931986
0.0677447 0 0.932255
0.0674807 0 0.932519
0.0672225 0 0.932778
0.0669685 0 0.933031
0.0667203 0 0.93328
0.0664769 0 0.933523
0.0662386 0 0.933761
0.0660051 0 0.933995
0.0657765 0 0.934224
0.0655528 0 0.934447
0.0657719 0 0.934228
0.0665271 0 0.933473
0.0512569 0 0.948743
0.0513499 0 0.94865
0.0514449 0 0.948555
0.0515436 0 0.948456
0.185362 0 0.814638
0.184159 0 0.815841
0.18298 0 0.81702
0.181825 0 0.818175
0.180693 0 0.819307
0.179584 0 0.820416
0.178952 0 0.821048
0.178444 0 0.821556
0.17842 0 0.82158
0.179923 0 0.820077
0.262294 0 0.737706
0.164771 0 0.835229
0.164501 0 0.835499
0.166426 0 0.833574
0.167715 0 0.832285
0.167606 0 0.832394
0.166937 0 0.833063
0.166282 0 0.833718
0.165906 0 0.834094
0.168047 0 0.831953
0.170252 0 0.829748
0.172416 0 0.827584
0.174757 0 0.825243
0.177171 0 0.822829
0.179661 0 0.820339
0.182231 0 0.817769
0.184885 0 0.815115
0.493579 0 0.506421
0.484131 0 0.515869
0.483116 0 0.516884
0.477703 0 0.522297
0.481123 0 0.518877
0.480141 0 0.519859
0.478888 0 0.521112
0.477265 0 0.522735
0.475178 0 0.524822
0.437904 0 0.562096
0.42124 0 0.57876
0.417107 0 0.582893
0.415212 0 0.584788
0.413787 0 0.586213
0.412361 0 0.587639
0.41099 0 0.58901
0.409621 0 0.590379
0.408262 0 0.591738
0.407017 0 0.592983
0.405952 0 0.594048
0.405087 0 0.594913
0.40438 0 0.59562
0.105494 0 0.894506
0.104425 0 0.895575
0.103381 0 0.896619
0.102363 0 0.897637
0.10137 0 0.89863
0.1004 0 0.8996
0.0994528 0 0.900547
0.0985283 0 0.901472
0.0976254 0 0.902375
0.0967431 0 0.903257
0.0958811 0 0.904119
0.0950392 0 0.904961
0.0942157 0 0.905784
0.0934111 0 0.906589
0.0926237 0 0.907376
0.0918548 0 0.908145
0.0911019 0 0.908898
0.0903657 0 0.909634
0.0896459 0 0.910354
0.0889416 0 0.911058
0.0882519 0 0.911748
0.0875775 0 0.912423
0.0869165 0 0.913083
0.0862705 0 0.913729
0.085637 0 0.914363
0.0850174 0 0.914983
0.0844107 0 0.915589
0.0838162 0 0.916184
0.0832345 0 0.916766
0.0826638 0 0.917336
0.082105 0 0.917895
0.0815578 0 0.918442
0.0810223 0 0.918978
0.0804966 0 0.919503
0.0799816 0 0.920018
0.0794772 0 0.920523
0.0789824 0 0.921018
0.078498 0 0.921502
0.0780231 0 0.921977
0.0775576 0 0.922442
0.0771008 0 0.922899
0.0766532 0 0.923347
0.0762149 0 0.923785
0.0757842 0 0.924216
0.0753626 0 0.924637
0.0749493 0 0.925051
0.0745435 0 0.925457
0.0741458 0 0.925854
0.0737562 0 0.926244
0.0733738 0 0.926626
0.0729987 0 0.927001
0.0726308 0 0.927369
0.0722708 0 0.927729
0.0719171 0 0.928083
0.0715705 0 0.92843
0.07123 0 0.92877
0.0708973 0 0.929103
0.07057 0 0.92943
0.0702496 0 0.92975
0.0699352 0 0.930065
0.0696269 0 0.930373
0.0693246 0 0.930675
0.0690283 0 0.930972
0.0687379 0 0.931262
0.0684535 0 0.931547
0.0681741 0 0.931826
0.0679006 0 0.932099
0.0676322 0 0.932368
0.0673687 0 0.932631
0.0671111 0 0.932889
0.0668592 0 0.933141
0.0666116 0 0.933388
0.0663688 0 0.933631
0.0661318 0 0.933868
0.0658989 0 0.934101
0.0656709 0 0.934329
0.0654477 0 0.934552
0.0652294 0 0.934771
0.0658679 0 0.934132
0.185986 0 0.814014
 ] }
}
