# Real Time: 1102.08
# Simulation Time: 40.21
# Radar Position: 915.75 -338.288 0.47678
# Radar Quat: 0.00581221 -0.00372978 0.567298 0.823483
PointSet {
 coord Coordinate { point [
917.775 -345.935 0.65947
917.82 -345.887 0.657948
917.873 -345.868 0.657124
917.925 -345.85 0.656309
917.978 -345.831 0.655503
918.03 -345.813 0.654705
918.082 -345.795 0.653916
918.135 -345.776 0.653136
918.187 -345.758 0.652364
918.24 -345.739 0.651601
918.292 -345.721 0.650845
918.347 -345.711 0.650291
918.473 -345.897 0.654236
918.457 -345.687 0.649127
918.499 -345.642 0.647788
918.551 -345.624 0.647073
918.604 -345.605 0.646367
918.656 -345.587 0.645668
918.709 -345.568 0.644977
918.761 -345.55 0.644294
918.813 -345.531 0.643618
918.866 -345.513 0.64295
918.919 -345.494 0.642289
918.971 -345.476 0.641636
917.755 -342.673 0.57846
919.175 -345.65 0.645087
921.835 -351.144 0.767948
921.933 -351.116 0.766949
922.03 -351.088 0.765962
922.128 -351.06 0.764988
917.775 -345.935 0.631525
917.82 -345.887 0.630123
917.872 -345.868 0.629312
917.925 -345.85 0.628509
917.977 -345.831 0.627714
918.03 -345.813 0.626925
918.082 -345.794 0.626144
918.134 -345.776 0.62537
918.187 -345.757 0.624604
918.239 -345.739 0.623844
918.291 -345.72 0.623091
918.347 -345.71 0.622506
918.472 -345.897 0.625692
918.456 -345.687 0.621293
918.499 -345.642 0.620049
918.551 -345.623 0.619331
918.603 -345.605 0.618618
918.655 -345.585 0.617881
918.707 -345.566 0.617181
918.76 -345.548 0.616486
918.812 -345.529 0.615798
918.865 -345.511 0.615117
918.918 -345.494 0.614478
918.97 -345.475 0.61381
917.754 -342.672 0.561291
919.174 -345.649 0.616413
921.834 -351.144 0.717951
921.932 -351.116 0.716894
922.029 -351.088 0.715847
922.127 -351.059 0.714809
917.774 -345.934 0.603588
917.819 -345.886 0.602305
917.872 -345.868 0.601508
917.924 -345.849 0.600717
917.971 -345.813 0.599641
918.023 -345.794 0.598862
918.076 -345.775 0.598088
918.128 -345.757 0.59732
918.18 -345.738 0.596558
918.238 -345.739 0.596096
918.291 -345.72 0.595345
918.346 -345.71 0.594729
918.472 -345.896 0.597157
918.456 -345.687 0.593466
918.498 -345.641 0.592319
918.55 -345.623 0.591596
918.603 -345.604 0.590878
918.644 -345.558 0.589735
918.696 -345.539 0.589028
918.748 -345.521 0.588327
918.8 -345.502 0.587631
918.853 -345.484 0.586939
918.917 -345.494 0.586675
918.97 -345.475 0.585991
917.754 -342.671 0.544131
919.173 -345.649 0.587748
921.833 -351.143 0.667969
921.93 -351.115 0.666854
922.028 -351.087 0.665747
922.126 -351.059 0.664646
917.774 -345.934 0.575655
917.819 -345.886 0.574494
917.871 -345.867 0.57371
917.924 -345.849 0.572931
917.963 -345.785 0.571594
918.015 -345.766 0.570827
918.067 -345.748 0.570064
918.119 -345.729 0.569306
918.171 -345.711 0.568553
918.238 -345.738 0.568353
918.29 -345.72 0.567605
918.345 -345.709 0.566958
918.471 -345.896 0.568628
918.455 -345.687 0.565644
918.498 -345.641 0.564594
918.55 -345.622 0.563867
918.602 -345.604 0.563143
918.633 -345.531 0.561798
918.685 -345.513 0.561088
918.737 -345.494 0.56038
918.011 -343.635 0.539018
918.841 -345.458 0.558976
918.917 -345.493 0.558878
918.969 -345.475 0.558179
917.753 -342.671 0.526981
919.173 -345.649 0.559088
921.832 -351.142 0.617998
921.929 -351.114 0.616825
922.027 -351.086 0.615657
922.125 -351.058 0.614493
917.773 -345.934 0.547729
917.818 -345.885 0.546689
917.871 -345.867 0.545918
917.923 -345.848 0.545151
917.959 -345.774 0.5439
918.011 -345.756 0.543145
918.063 -345.737 0.542393
918.115 -345.719 0.541645
918.167 -345.701 0.540905
918.237 -345.738 0.540616
918.29 -345.719 0.539871
918.345 -345.709 0.539194
918.47 -345.895 0.540105
918.455 -345.686 0.537828
918.497 -345.641 0.536876
918.549 -345.622 0.536144
918.602 -345.604 0.535415
918.632 -345.531 0.534269
918.684 -345.512 0.53355
918.736 -345.494 0.532833
918.788 -345.476 0.532118
918.84 -345.457 0.531405
918.916 -345.493 0.531087
918.969 -345.474 0.530373
917.752 -342.67 0.50984
919.172 -345.648 0.530436
921.831 -351.142 0.56804
921.928 -351.114 0.56681
922.026 -351.086 0.565581
922.124 -351.057 0.564354
917.773 -345.933 0.519809
917.818 -345.885 0.51889
917.87 -345.867 0.518133
917.923 -345.848 0.517378
917.958 -345.774 0.516341
918.01 -345.755 0.515595
918.062 -345.737 0.514851
918.114 -345.719 0.514109
918.167 -345.701 0.513371
918.237 -345.737 0.512886
918.289 -345.719 0.512143
918.344 -345.709 0.511437
918.47 -345.895 0.511589
918.454 -345.686 0.510017
918.496 -345.64 0.509163
918.549 -345.622 0.508427
918.601 -345.603 0.507692
918.632 -345.53 0.506745
918.684 -345.512 0.506017
918.736 -345.494 0.505291
918.788 -345.475 0.504565
918.84 -345.457 0.50384
918.916 -345.493 0.503302
918.968 -345.474 0.502573
917.752 -342.669 0.492707
919.171 -345.648 0.501789
921.83 -351.141 0.518094
921.927 -351.113 0.516805
922.025 -351.085 0.515516
922.123 -351.057 0.514226
917.772 -345.933 0.491892
917.817 -345.885 0.491094
917.87 -345.866 0.490351
917.922 -345.848 0.489607
917.958 -345.773 0.488785
918.01 -345.755 0.488049
918.062 -345.737 0.487313
918.114 -345.718 0.486577
918.166 -345.701 0.485842
918.236 -345.737 0.485159
918.289 -345.719 0.484418
918.344 -345.708 0.483684
918.469 -345.895 0.483076
918.454 -345.686 0.48221
918.496 -345.64 0.481454
918.548 -345.621 0.480714
918.6 -345.603 0.479974
918.631 -345.53 0.479224
918.683 -345.512 0.478489
918.735 -345.493 0.477752
918.787 -345.475 0.477016
918.839 -345.457 0.476278
918.915 -345.492 0.475521
918.968 -345.474 0.474777
917.751 -342.668 0.475583
919.171 -345.648 0.473146
921.829 -351.14 0.468155
921.926 -351.112 0.466809
922.024 -351.084 0.465459
922.121 -351.056 0.464106
939.387 -362.643 0.309387
917.772 -345.933 0.463977
917.817 -345.884 0.463302
917.869 -345.866 0.462571
917.922 -345.847 0.46184
917.957 -345.773 0.461233
918.009 -345.755 0.460505
918.061 -345.736 0.459777
918.113 -345.718 0.459048
918.166 -345.7 0.458316
918.236 -345.737 0.457435
918.288 -345.718 0.456697
918.343 -345.708 0.455934
918.469 -345.894 0.454566
918.453 -345.685 0.454404
918.495 -345.639 0.453748
918.548 -345.621 0.453004
918.6 -345.603 0.452258
918.631 -345.53 0.451707
918.683 -345.511 0.450963
918.735 -345.493 0.450217
918.787 -345.475 0.449469
918.839 -345.456 0.448719
918.914 -345.492 0.447743
918.967 -345.473 0.446984
917.75 -342.667 0.458463
919.17 -345.647 0.444506
921.827 -351.139 0.418221
921.925 -351.111 0.416817
922.022 -351.083 0.415408
922.12 -351.055 0.413992
937.874 -365.681 0.220295
937.798 -365.199 0.220258
937.761 -364.774 0.219782
937.719 -364.349 0.219386
937.385 -363.59 0.222438
937.449 -363.309 0.220809
937.623 -363.155 0.217885
937.818 -363.025 0.21471
937.231 -362.029 0.220868
937.389 -361.87 0.218145
937.549 -361.713 0.215395
938.565 -362.466 0.202303
938.904 -362.484 0.197341
939.125 -362.374 0.193802
932.61 -355.405 0.272294
917.771 -345.932 0.436064
917.816 -345.884 0.43551
917.869 -345.866 0.434793
917.921 -345.847 0.434074
917.957 -345.772 0.433681
918.009 -345.754 0.432963
918.061 -345.736 0.432243
918.113 -345.718 0.43152
918.165 -345.7 0.430792
918.235 -345.736 0.429712
918.288 -345.718 0.428976
918.343 -345.707 0.428186
918.468 -345.894 0.426058
918.453 -345.685 0.426599
918.495 -345.639 0.426044
918.547 -345.621 0.425295
918.599 -345.602 0.424543
918.63 -345.529 0.42419
918.682 -345.511 0.423438
918.734 -345.493 0.422683
918.786 -345.474 0.421924
917.648 -342.691 0.44286
918.914 -345.492 0.419966
918.966 -345.473 0.419192
917.75 -342.667 0.441348
919.17 -345.647 0.415868
921.826 -351.139 0.368291
921.924 -351.111 0.36683
922.021 -351.083 0.365359
922.119 -351.054 0.363881
936.778 -365.084 0.115598
936.736 -364.649 0.116474
936.935 -364.52 0.113192
935.976 -362.974 0.129813
936.252 -362.957 0.125181
937.052 -363.559 0.111538
937.082 -363.238 0.111107
936.924 -362.704 0.113892
936.903 -362.337 0.114331
934.413 -359.204 0.157114
934.429 -358.927 0.156891
934.567 -358.79 0.154535
934.456 -358.384 0.156458
937.5 -361.337 0.104223
937.871 -361.403 0.0978597
938.684 -361.922 0.0838815
932.609 -355.406 0.188132
932.728 -355.287 0.186065
917.826 -346.14 0.406269
917.816 -345.884 0.407721
917.868 -345.865 0.407017
917.921 -345.847 0.40631
917.956 -345.772 0.406132
918.008 -345.754 0.405423
918.06 -345.735 0.404711
918.112 -345.717 0.403994
918.164 -345.699 0.40327
918.235 -345.736 0.401991
918.287 -345.718 0.401258
918.342 -345.707 0.400441
918.475 -345.913 0.397348
918.529 -345.894 0.396578
918.494 -345.639 0.398341
918.547 -345.62 0.397588
918.599 -345.602 0.396831
918.629 -345.529 0.396676
918.681 -345.511 0.395916
918.733 -345.492 0.39515
918.785 -345.474 0.394381
917.65 -342.695 0.425752
918.913 -345.491 0.392191
918.966 -345.473 0.391402
917.749 -342.666 0.424237
919.179 -345.667 0.386979
921.825 -351.138 0.318366
921.923 -351.11 0.316847
922.02 -351.082 0.315316
922.118 -351.054 0.313774
936.734 -365.42 -0.00387482
936.295 -364.47 0.00740459
935.386 -362.952 0.0293253
935.506 -362.75 0.0276702
935.661 -362.591 0.0252245
936.086 -362.759 0.0166336
936.343 -362.718 0.0118465
933.684 -359.258 0.0728325
933.768 -359.059 0.0717942
933.964 -358.991 0.0682129
934.115 -358.87 0.0656312
934.145 -358.615 0.0657412
934.166 -358.353 0.0660367
934.296 -358.214 0.0638649
934.463 -358.112 0.0608721
935.955 -359.399 0.0284065
936.338 -359.5 0.0206474
932.608 -355.406 0.103964
932.727 -355.287 0.101902
932.846 -355.168 0.0998271
917.833 -346.167 0.377258
917.815 -345.883 0.379934
917.868 -345.865 0.379243
917.92 -345.846 0.378548
917.956 -345.773 0.37857
918.008 -345.755 0.377869
918.06 -345.736 0.377163
918.112 -345.718 0.376452
918.164 -345.7 0.375735
918.234 -345.736 0.374272
918.287 -345.717 0.373542
918.387 -345.837 0.370859
918.484 -345.939 0.368392
918.538 -345.921 0.367618
918.494 -345.638 0.37064
918.546 -345.62 0.369883
918.598 -345.602 0.36912
918.633 -345.539 0.369003
918.685 -345.521 0.368231
918.738 -345.503 0.367452
917.61 -342.687 0.409464
917.642 -342.678 0.408955
917.675 -342.668 0.408442
917.708 -342.658 0.407924
917.741 -342.648 0.407402
919.19 -345.693 0.357847
921.824 -351.137 0.268445
921.922 -351.109 0.266868
922.019 -351.081 0.265277
922.117 -351.053 0.263672
936.344 -365.306 -0.115134
934.984 -363.156 -0.0738482
935.06 -362.896 -0.0738899
935.196 -362.714 -0.0756655
935.299 -362.494 -0.0765649
935.38 -362.25 -0.0768734
935.428 -361.967 -0.0762767
933.256 -359.051 -0.0135174
933.388 -358.913 -0.0155712
933.562 -358.824 -0.0188228
933.752 -358.752 -0.0225206
933.862 -358.588 -0.0240167
933.923 -358.371 -0.0241794
934.016 -358.192 -0.025259
934.169 -358.078 -0.028013
934.363 -358.008 -0.031896
934.625 -358.008 -0.0376619
935.375 -358.507 -0.0566795
932.608 -355.407 0.0197884
932.726 -355.288 0.0177301
932.845 -355.169 0.0156555
938.136 -360.102 -0.125747
925.274 -396.732 -0.37825
925.573 -396.027 -0.374265
925.887 -395.45 -0.372081
926.198 -394.903 -0.370288
926.493 -394.303 -0.36765
926.766 -393.635 -0.363891
927.044 -393.026 -0.360957
927.334 -392.517 -0.359483
927.622 -392.021 -0.358167
927.897 -391.499 -0.356391
928.137 -390.855 -0.352617
928.295 -389.906 -0.343922
928.534 -389.33 -0.341043
928.971 -389.553 -0.350974
917.848 -346.224 0.347576
917.815 -345.883 0.352147
917.867 -345.864 0.35147
917.92 -345.846 0.350787
917.964 -345.799 0.350576
918.016 -345.781 0.349881
918.068 -345.762 0.349181
918.12 -345.744 0.348473
918.172 -345.726 0.347759
918.234 -345.735 0.346554
918.286 -345.717 0.345826
918.448 -346.012 0.339525
918.503 -345.993 0.338753
918.557 -345.974 0.337973
918.611 -345.955 0.337186
918.546 -345.62 0.342178
918.598 -345.601 0.34141
918.643 -345.565 0.340974
918.695 -345.546 0.34019
918.748 -345.528 0.339399
917.608 -342.684 0.392545
917.64 -342.674 0.392022
917.673 -342.664 0.391495
917.706 -342.654 0.390962
917.739 -342.645 0.390424
919.213 -345.743 0.328035
921.823 -351.137 0.218526
921.921 -351.109 0.21689
922.018 -351.08 0.215239
922.116 -351.052 0.213572
941.089 -388.275 -0.561515
940.112 -385.525 -0.512882
941.674 -387.704 -0.567465
941.92 -387.335 -0.568686
942.194 -387.026 -0.571175
942.536 -386.843 -0.576387
940.306 -382.072 -0.481326
940.618 -381.91 -0.486222
941.312 -382.407 -0.50584
941.222 -381.551 -0.495371
941.621 -381.535 -0.5037
941.923 -381.354 -0.508375
942.237 -381.191 -0.513517
942.409 -380.802 -0.513451
942.556 -380.378 -0.512518
942.77 -380.066 -0.514186
943.322 -380.274 -0.528257
944.009 -380.671 -0.54714
944.355 -380.548 -0.553644
945.015 -380.878 -0.571367
945.4 -380.799 -0.579224
936.452 -367.52 -0.256456
936.368 -366.973 -0.249569
935.533 -365.406 -0.216476
934.045 -362.998 -0.161042
934.072 -362.675 -0.15878
934.041 -362.281 -0.154572
934.121 -362.04 -0.154297
934.366 -362.011 -0.1597
934.207 -361.472 -0.151371
932.516 -359.044 -0.0912266
932.52 -358.754 -0.0888764
932.742 -358.731 -0.0938866
933.043 -358.799 -0.101541
933.152 -358.638 -0.10279
933.277 -358.496 -0.10461
932.918 -357.803 -0.0904569
932.909 -357.518 -0.0879411
932.973 -357.321 -0.0879326
933.222 -357.326 -0.0939872
934.065 -357.968 -0.119369
934.264 -357.905 -0.123702
934.474 -357.851 -0.12842
934.641 -357.751 -0.13175
932.607 -355.407 -0.0643973
932.725 -355.288 -0.0664514
932.844 -355.169 -0.068526
932.947 -355.034 -0.0701172
932.899 -354.755 -0.0669427
918.706 -397.78 -0.506036
919.097 -397.335 -0.504282
919.483 -396.895 -0.502582
919.864 -396.459 -0.500921
920.199 -395.521 -0.49077
920.55 -394.914 -0.48611
920.87 -394.053 -0.477076
921.214 -393.556 -0.474179
921.555 -393.091 -0.471802
921.891 -392.632 -0.469484
922.22 -392.17 -0.467093
922.539 -391.671 -0.464024
922.849 -391.155 -0.460614
923.145 -390.587 -0.456227
923.455 -390.156 -0.454243
923.42 -387.556 -0.413049
923.628 -386.665 -0.402396
923.916 -386.315 -0.401512
924.216 -386.055 -0.402254
924.514 -385.801 -0.403107
924.809 -385.548 -0.403988
925.102 -385.297 -0.404894
925.393 -385.047 -0.405838
925.681 -384.796 -0.406783
925.969 -384.557 -0.407947
926.252 -384.309 -0.40894
926.533 -384.064 -0.409993
926.812 -383.818 -0.411047
927.087 -383.566 -0.411973
927.346 -383.266 -0.411968
917.847 -346.223 0.318611
917.902 -346.204 0.317927
917.867 -345.864 0.323697
917.919 -345.846 0.323026
917.971 -345.825 0.322386
918.023 -345.807 0.321699
918.076 -345.788 0.321003
918.128 -345.77 0.320299
918.18 -345.752 0.319588
918.233 -345.735 0.318836
918.325 -345.832 0.315641
918.447 -346.012 0.310651
918.502 -345.993 0.309878
918.556 -345.973 0.309097
918.611 -345.954 0.308307
918.545 -345.619 0.314475
918.597 -345.601 0.3137
918.65 -345.582 0.312918
918.702 -345.564 0.312126
918.754 -345.546 0.311326
917.607 -342.683 0.375588
917.64 -342.673 0.375052
917.673 -342.663 0.37451
917.706 -342.654 0.373962
917.738 -342.644 0.373408
919.212 -345.742 0.299029
921.822 -351.136 0.168608
921.92 -351.108 0.166915
922.017 -351.08 0.165204
922.115 -351.052 0.163474
935.52 -377.288 -0.48639
935.848 -377.257 -0.49315
936.17 -377.212 -0.499658
936.467 -377.115 -0.504918
936.719 -376.933 -0.508096
936.89 -376.607 -0.507598
937.138 -376.424 -0.510778
937.397 -376.26 -0.514496
937.661 -376.105 -0.518482
937.908 -375.923 -0.521775
938.131 -375.701 -0.524059
938.435 -375.614 -0.529986
938.766 -375.569 -0.537126
939.227 -375.727 -0.549937
939.607 -375.749 -0.559163
940.129 -375.984 -0.574472
940.408 -375.837 -0.579283
940.663 -375.653 -0.583107
940.866 -375.392 -0.584767
941.079 -375.148 -0.586929
935.445 -366.515 -0.345157
935.219 -365.779 -0.330773
934.839 -364.846 -0.310271
933.733 -362.938 -0.260317
932.915 -361.472 -0.222725
932.856 -361.056 -0.216365
931.997 -359.598 -0.17792
932.051 -359.361 -0.176563
932.187 -359.232 -0.178495
932.221 -358.975 -0.176463
932.239 -358.702 -0.173821
932.394 -358.601 -0.176644
932.578 -358.534 -0.180637
932.721 -358.418 -0.183053
932.865 -358.304 -0.185553
932.885 -358.044 -0.183256
932.824 -357.697 -0.177945
932.755 -357.348 -0.172436
932.786 -357.115 -0.170797
932.978 -357.061 -0.175304
933.324 -357.171 -0.185645
934.131 -357.765 -0.213245
934.28 -357.65 -0.216066
932.927 -355.981 -0.162945
932.606 -355.408 -0.148594
932.725 -355.289 -0.150644
932.843 -355.17 -0.152718
932.769 -354.862 -0.147737
932.776 -354.637 -0.145772
932.828 -354.459 -0.145535
902.581 -394.53 -0.486985
902.728 -395.713 -0.510174
903.657 -393.387 -0.473068
904.099 -393.204 -0.472826
904.567 -392.874 -0.470073
905.028 -392.546 -0.467371
905.445 -392.422 -0.468247
905.866 -392.26 -0.468512
906.281 -392.113 -0.46907
906.678 -392.057 -0.471275
907.047 -392.164 -0.476413
907.385 -392.474 -0.485228
907.742 -392.686 -0.492389
908.147 -392.56 -0.493614
908.618 -391.922 -0.485671
909.01 -391.832 -0.487585
909.383 -391.888 -0.492173
909.725 -392.227 -0.501971
910.074 -392.544 -0.511461
910.45 -392.612 -0.516516
910.828 -392.673 -0.5215
911.205 -392.749 -0.526836
911.737 -390.78 -0.494413
911.996 -392.382 -0.528093
912.4 -391.984 -0.524761
912.781 -391.905 -0.527402
913.158 -391.869 -0.530921
913.531 -391.945 -0.536581
913.917 -391.618 -0.534702
914.301 -391.229 -0.531639
914.676 -390.991 -0.531458
915.048 -390.7 -0.530283
915.416 -390.387 -0.5287
915.78 -389.933 -0.524372
916.141 -389.971 -0.529629
916.502 -389.896 -0.532734
916.861 -389.819 -0.53586
917.212 -389.508 -0.534403
917.566 -389.366 -0.536312
917.838 -387.389 -0.50171
918.176 -387.263 -0.503833
918.513 -387.146 -0.506188
918.855 -387.142 -0.51085
919.221 -387.451 -0.521942
919.533 -387.022 -0.518092
919.899 -387.301 -0.528742
920.319 -388.102 -0.550258
920.612 -387.52 -0.543379
920.9 -386.955 -0.536805
921.193 -386.497 -0.532402
921.472 -385.978 -0.52667
921.735 -385.384 -0.519336
922.011 -384.945 -0.515206
922.282 -384.512 -0.511197
922.557 -384.145 -0.50856
922.841 -383.859 -0.507654
923.13 -383.629 -0.507956
923.417 -383.399 -0.50829
923.702 -383.172 -0.508683
923.984 -382.946 -0.509122
924.249 -382.643 -0.507865
924.485 -382.208 -0.503662
924.712 -381.759 -0.499098
924.971 -381.487 -0.498477
925.241 -381.276 -0.499271
925.507 -381.059 -0.499919
925.772 -380.845 -0.500637
926.014 -380.544 -0.499388
926.211 -380.081 -0.494337
926.404 -379.622 -0.489348
917.847 -346.223 0.289647
917.901 -346.204 0.288978
917.866 -345.864 0.295924
917.919 -345.845 0.295265
917.971 -345.827 0.294596
918.024 -345.808 0.293919
918.076 -345.79 0.293233
918.128 -345.771 0.292537
918.18 -345.753 0.291832
918.233 -345.735 0.291119
918.393 -346.031 0.28254
918.447 -346.011 0.281777
918.501 -345.992 0.281004
918.556 -345.973 0.280221
918.61 -345.954 0.279428
918.665 -345.935 0.278625
918.597 -345.6 0.285991
918.649 -345.582 0.285201
918.701 -345.564 0.284401
918.754 -345.545 0.283592
917.606 -342.682 0.358634
917.639 -342.672 0.358086
917.672 -342.662 0.35753
917.705 -342.653 0.356967
917.738 -342.643 0.356397
919.212 -345.742 0.270023
921.821 -351.135 0.118692
921.918 -351.107 0.116941
922.016 -351.079 0.115169
922.114 -351.051 0.113376
934.011 -374.314 -0.554362
933.824 -373.334 -0.533609
933.678 -372.462 -0.515683
933.942 -372.384 -0.520673
934.251 -372.385 -0.528083
934.524 -372.319 -0.533581
934.786 -372.231 -0.538522
935.105 -372.24 -0.546418
935.413 -372.227 -0.553797
935.889 -372.494 -0.569813
936.263 -372.58 -0.580487
936.524 -372.47 -0.585247
936.652 -372.144 -0.583333
936.793 -371.845 -0.582215
936.994 -371.645 -0.584203
937.138 -371.357 -0.583414
937.34 -371.163 -0.585632
937.493 -370.896 -0.585489
937.661 -370.656 -0.586208
935.29 -366.719 -0.464709
934.273 -364.835 -0.409666
933.508 -363.361 -0.367462
932.181 -361.144 -0.299359
932.265 -360.925 -0.298373
931.637 -359.744 -0.264239
931.577 -359.352 -0.256911
931.647 -359.139 -0.255737
931.752 -358.975 -0.256259
931.897 -358.864 -0.258655
931.984 -358.678 -0.258402
932.155 -358.6 -0.262047
932.305 -358.494 -0.264742
932.455 -358.389 -0.267486
932.588 -358.262 -0.269477
932.667 -358.073 -0.269146
932.753 -357.893 -0.269148
932.731 -357.593 -0.264505
932.548 -357.117 -0.253002
932.532 -356.834 -0.248814
932.565 -356.611 -0.246876
932.56 -356.35 -0.243369
932.513 -356.047 -0.238105
932.551 -355.84 -0.236621
932.689 -355.737 -0.239357
932.605 -355.409 -0.232804
932.724 -355.289 -0.23485
932.612 -354.942 -0.227305
932.53 -354.63 -0.221093
932.599 -354.468 -0.221228
932.7 -354.338 -0.222717
932.792 -354.2 -0.223872
904.828 -386.407 -0.522829
905.072 -386.904 -0.535398
905.51 -386.516 -0.529618
906.435 -383.707 -0.473248
906.826 -383.398 -0.46906
907.19 -383.202 -0.467252
907.517 -383.193 -0.469433
907.99 -382.343 -0.453913
908.539 -380.961 -0.42708
909.05 -379.689 -0.402487
909.433 -379.128 -0.39293
909.741 -379.017 -0.392954
910.013 -379.152 -0.398294
910.262 -379.466 -0.407548
910.49 -379.986 -0.421331
910.731 -380.454 -0.434086
910.958 -381.097 -0.450766
911.2 -381.683 -0.466347
911.47 -382.057 -0.477433
911.765 -382.212 -0.483824
911.955 -383.657 -0.518617
912.319 -383.066 -0.508857
913.009 -377.608 -0.391656
913.3 -377.368 -0.389248
913.585 -377.178 -0.387985
913.868 -376.959 -0.386078
914.147 -376.762 -0.384699
914.423 -376.555 -0.383108
914.696 -376.389 -0.382453
914.966 -376.201 -0.381327
915.234 -376.01 -0.380157
915.499 -375.833 -0.379322
915.761 -375.642 -0.378193
916.022 -375.555 -0.379464
916.284 -375.649 -0.384925
916.549 -375.797 -0.39172
916.816 -375.969 -0.399166
917.389 -384.521 -0.602111
917.704 -384.333 -0.602066
918.021 -384.211 -0.603609
918.333 -384.039 -0.604032
918.651 -383.982 -0.607188
918.949 -383.668 -0.604299
919.248 -383.401 -0.602516
919.551 -383.231 -0.603087
919.846 -382.998 -0.602176
920.147 -382.85 -0.603345
919.704 -375.72 -0.434677
919.941 -375.474 -0.432747
920.195 -375.388 -0.434755
920.493 -375.661 -0.445664
920.812 -376.051 -0.459573
921.227 -377.085 -0.489667
921.587 -377.641 -0.508108
921.775 -377.037 -0.497617
922.5 -379.78 -0.571531
922.728 -379.367 -0.566125
922.955 -378.98 -0.561332
923.175 -378.578 -0.556136
923.385 -378.151 -0.550277
923.557 -377.561 -0.54014
923.746 -377.091 -0.533045
923.941 -376.677 -0.527374
924.138 -376.295 -0.522478
924.335 -375.937 -0.518191
924.514 -375.515 -0.512193
924.655 -374.966 -0.502741
924.813 -374.51 -0.495689
924.963 -374.044 -0.488346
917.846 -346.222 0.260681
917.892 -346.17 0.260922
917.946 -346.151 0.260261
917.919 -345.849 0.267388
917.972 -345.83 0.266729
918.024 -345.812 0.26606
918.077 -345.794 0.265379
918.129 -345.775 0.264688
918.181 -345.757 0.263985
918.262 -345.824 0.260824
918.381 -345.998 0.254599
918.435 -345.978 0.253843
918.489 -345.959 0.253077
918.543 -345.94 0.2523
918.598 -345.921 0.251511
918.652 -345.901 0.250712
918.602 -345.614 0.257874
918.654 -345.596 0.257071
918.707 -345.577 0.256256
918.759 -345.559 0.25543
917.606 -342.681 0.341678
917.639 -342.671 0.341125
917.671 -342.662 0.340554
917.704 -342.652 0.339975
917.737 -342.643 0.339375
919.195 -345.708 0.242088
921.82 -351.134 0.0687737
921.917 -351.106 0.0669655
922.015 -351.078 0.0651335
922.113 -351.05 0.0632776
932.197 -370.737 -0.579462
932.397 -370.57 -0.581171
932.359 -369.951 -0.568013
932.567 -369.809 -0.57053
932.846 -369.799 -0.577467
933.075 -369.695 -0.581351
933.263 -369.515 -0.582742
933.452 -369.341 -0.584312
933.634 -369.156 -0.585576
933.805 -368.955 -0.586265
933.966 -368.739 -0.586484
934.147 -368.558 -0.587895
934.316 -368.359 -0.588725
934.433 -368.082 -0.586734
934.588 -367.866 -0.586959
934.752 -367.667 -0.587789
934.908 -367.459 -0.588274
935.042 -367.219 -0.587636
934.338 -365.743 -0.541223
934.148 -365.058 -0.523549
933.372 -363.545 -0.474534
931.899 -361.088 -0.388947
931.722 -360.506 -0.373603
931.115 -359.348 -0.335836
931.176 -359.122 -0.333652
931.273 -358.949 -0.333477
931.467 -358.905 -0.338381
931.603 -358.784 -0.340301
931.712 -358.63 -0.340914
931.876 -358.544 -0.344337
932.07 -358.496 -0.349328
932.204 -358.372 -0.351275
932.346 -358.258 -0.353659
932.473 -358.128 -0.355392
932.555 -357.944 -0.354907
932.627 -357.75 -0.35396
932.59 -357.434 -0.347779
932.32 -356.861 -0.330355
932.331 -356.613 -0.3268
932.355 -356.383 -0.323953
932.325 -356.098 -0.318612
932.326 -355.85 -0.314846
932.36 -355.642 -0.312771
932.49 -355.534 -0.315257
932.645 -355.451 -0.318973
931.912 -354.475 -0.281068
932.013 -354.35 -0.282492
932.046 -354.159 -0.28078
932.228 -354.112 -0.286
932.381 -354.036 -0.289899
932.592 -354.014 -0.296484
932.77 -353.959 -0.301572
905.943 -382.912 -0.612159
906.281 -382.856 -0.612681
906.618 -382.8 -0.613264
906.954 -382.739 -0.613785
907.297 -382.631 -0.613193
907.718 -382.081 -0.601791
908.28 -380.673 -0.569233
908.802 -379.383 -0.539496
909.248 -378.443 -0.518387
909.637 -377.786 -0.504228
909.999 -377.244 -0.492943
910.319 -376.945 -0.487676
910.625 -376.714 -0.484168
910.911 -376.609 -0.483803
911.206 -376.418 -0.481362
911.49 -376.287 -0.480445
911.774 -376.149 -0.479369
912.056 -375.998 -0.478041
912.332 -375.88 -0.477566
912.61 -375.723 -0.476133
912.884 -375.59 -0.475336
913.156 -375.454 -0.474505
913.425 -375.32 -0.473777
913.692 -375.185 -0.473057
913.957 -375.052 -0.472418
914.22 -374.921 -0.471855
914.481 -374.791 -0.471346
914.741 -374.661 -0.470889
914.998 -374.532 -0.470486
915.253 -374.404 -0.470134
915.506 -374.273 -0.469752
915.758 -373.87 -0.462216
916.002 -373.284 -0.449841
916.24 -372.824 -0.440757
916.477 -372.601 -0.437959
916.712 -372.431 -0.436585
916.947 -372.315 -0.436681
917.177 -372.123 -0.434749
917.411 -372.052 -0.436116
917.642 -371.942 -0.436481
917.873 -371.87 -0.437897
918.104 -371.795 -0.439272
918.334 -371.72 -0.440676
918.563 -371.644 -0.442109
918.791 -371.568 -0.443571
919.019 -371.492 -0.445062
919.246 -371.417 -0.446651
919.472 -371.347 -0.448393
919.708 -371.354 -0.45234
919.962 -371.511 -0.460585
920.235 -371.776 -0.471984
920.811 -374.159 -0.543686
921.036 -373.948 -0.541985
921.223 -373.508 -0.533746
921.315 -372.524 -0.509809
921.511 -372.232 -0.505699
921.734 -372.105 -0.506363
921.897 -371.668 -0.498
922.122 -371.578 -0.499773
922.473 -372.125 -0.520323
922.844 -372.731 -0.542826
923.036 -372.449 -0.539184
923.208 -372.096 -0.533413
923.375 -371.737 -0.52744
923.541 -371.396 -0.521972
923.681 -370.964 -0.513728
923.827 -370.578 -0.506818
923.985 -370.257 -0.50186
917.837 -346.191 0.232656
917.888 -346.156 0.232506
917.942 -346.137 0.23186
917.996 -346.118 0.231202
917.979 -345.857 0.238115
918.032 -345.839 0.237452
918.085 -345.82 0.236777
918.137 -345.802 0.23609
918.19 -345.783 0.23539
918.322 -346.004 0.226996
918.376 -345.984 0.226252
918.43 -345.965 0.225496
918.484 -345.946 0.224727
918.538 -345.927 0.223945
917.406 -342.729 0.328344
917.439 -342.719 0.327832
917.471 -342.709 0.327313
917.503 -342.698 0.326787
917.535 -342.688 0.326252
917.568 -342.678 0.32571
917.6 -342.668 0.32516
917.633 -342.658 0.324602
917.665 -342.648 0.324036
917.698 -342.637 0.323462
917.73 -342.627 0.32288
917.763 -342.617 0.32229
917.795 -342.607 0.321692
917.828 -342.596 0.321085
917.861 -342.586 0.32047
917.894 -342.575 0.319846
917.927 -342.565 0.319214
930.719 -367.317 -0.589117
930.864 -367.101 -0.588105
931.069 -367.001 -0.591352
931.267 -366.889 -0.594224
931.471 -366.787 -0.597548
931.693 -366.716 -0.602087
931.881 -366.586 -0.604434
932.089 -366.489 -0.6081
932.31 -366.416 -0.612746
932.5 -366.289 -0.615332
932.719 -366.21 -0.61988
932.85 -365.986 -0.618789
932.844 -365.547 -0.609134
933.014 -365.394 -0.610769
933.117 -365.14 -0.608367
933.202 -364.861 -0.604974
933.288 -364.588 -0.601723
933.245 -364.13 -0.590848
932.726 -362.987 -0.551344
932.428 -362.192 -0.525811
931.08 -359.933 -0.438139
930.718 -359.109 -0.410131
930.707 -358.789 -0.403303
930.682 -358.456 -0.395752
930.743 -358.244 -0.393365
930.808 -358.041 -0.391381
930.859 -357.822 -0.388627
931.313 -358.122 -0.408933
931.7 -358.325 -0.425231
931.871 -358.251 -0.429272
932.089 -358.234 -0.435951
932.217 -358.105 -0.437606
932.337 -357.968 -0.43891
932.444 -357.815 -0.439503
932.503 -357.609 -0.437589
932.386 -357.204 -0.42619
932.188 -356.715 -0.410574
932.2 -356.471 -0.406511
932.187 -356.201 -0.401162
932.147 -355.908 -0.39453
932.16 -355.676 -0.390827
932.138 -355.409 -0.385326
931.746 -354.766 -0.360628
931.658 -354.447 -0.352072
931.757 -354.321 -0.3533
931.852 -354.191 -0.354366
931.95 -354.066 -0.355642
932.071 -353.963 -0.358157
932.221 -353.886 -0.362127
932.334 -353.774 -0.364246
932.543 -353.75 -0.371258
932.739 -353.712 -0.377611
906.445 -382.072 -0.750161
906.777 -382.013 -0.750193
907.106 -381.955 -0.750329
907.452 -381.802 -0.747834
907.935 -380.879 -0.723736
908.485 -379.495 -0.686619
908.988 -378.265 -0.653777
909.402 -377.478 -0.633433
909.789 -376.79 -0.615877
910.095 -376.577 -0.611818
910.393 -376.403 -0.608903
910.687 -376.232 -0.606112
910.978 -376.061 -0.603356
911.265 -375.902 -0.60102
911.55 -375.736 -0.598473
911.831 -375.582 -0.596358
912.109 -375.433 -0.594412
912.385 -375.279 -0.592358
912.657 -375.14 -0.590781
912.927 -374.996 -0.589089
913.195 -374.866 -0.587856
913.459 -374.737 -0.586688
913.722 -374.606 -0.585525
913.983 -374.478 -0.584466
914.242 -374.351 -0.583484
914.499 -374.225 -0.582565
914.754 -374.099 -0.581705
915.007 -373.969 -0.580758
915.261 -373.631 -0.57368
915.512 -373.104 -0.560959
915.755 -372.79 -0.55457
915.994 -372.486 -0.548509
916.229 -372.204 -0.54309
916.462 -372.005 -0.540185
916.693 -371.84 -0.538343
916.921 -371.638 -0.5354
917.148 -371.488 -0.534042
917.372 -371.298 -0.531506
917.593 -371.117 -0.529284
917.814 -370.96 -0.527786
918.029 -370.762 -0.525076
918.239 -370.527 -0.521237
918.453 -370.366 -0.51969
918.665 -370.211 -0.518387
918.876 -370.069 -0.51747
919.018 -369.288 -0.496563
919.188 -368.847 -0.486262
919.378 -368.629 -0.482919
919.576 -368.489 -0.482084
919.865 -369.039 -0.503236
920.156 -369.544 -0.523129
920.425 -369.853 -0.53691
920.581 -369.404 -0.526449
920.756 -369.108 -0.520894
920.895 -368.618 -0.508995
921.086 -368.466 -0.508047
921.204 -367.923 -0.494337
921.321 -367.412 -0.481617
921.462 -367.055 -0.473855
921.702 -367.203 -0.482816
922.099 -368.07 -0.515805
922.38 -368.357 -0.529719
922.574 -368.236 -0.530099
922.765 -368.11 -0.53033
922.961 -368.01 -0.531478
923.145 -367.861 -0.53099
923.313 -367.659 -0.528698
917.845 -346.222 0.202744
917.887 -346.156 0.203719
917.942 -346.137 0.203087
917.996 -346.118 0.202441
918.05 -346.099 0.201781
918.105 -346.079 0.201108
918.159 -346.06 0.200422
918.213 -346.041 0.199722
918.267 -346.022 0.199008
918.321 -346.003 0.19828
918.375 -345.984 0.197539
918.43 -345.965 0.196783
918.484 -345.946 0.196014
917.405 -342.824 0.308848
917.4 -342.712 0.312101
917.432 -342.702 0.311585
917.464 -342.691 0.311061
917.496 -342.681 0.310528
917.528 -342.671 0.309987
917.56 -342.661 0.309437
917.593 -342.651 0.308879
917.625 -342.641 0.308312
917.657 -342.631 0.307736
917.69 -342.62 0.307151
917.722 -342.61 0.306558
917.755 -342.6 0.305956
917.787 -342.59 0.305345
917.82 -342.579 0.304724
917.852 -342.569 0.304095
917.885 -342.559 0.303456
917.918 -342.548 0.302808
917.951 -342.538 0.30215
929.557 -364.61 -0.600331
929.868 -364.751 -0.612893
930.15 -364.831 -0.623144
930.382 -364.813 -0.629421
930.547 -364.675 -0.630765
930.7 -364.516 -0.631259
930.875 -364.396 -0.633445
931.013 -364.214 -0.633013
931.145 -364.023 -0.63221
931.278 -363.839 -0.631709
931.409 -363.652 -0.631076
931.536 -363.462 -0.630334
931.655 -363.261 -0.629115
931.781 -363.074 -0.628487
931.851 -362.804 -0.624185
931.907 -362.518 -0.619058
931.843 -362.058 -0.606022
931.803 -361.644 -0.594892
931.467 -360.815 -0.564445
930.635 -359.305 -0.501949
930.503 -358.811 -0.486098
930.261 -358.179 -0.463492
930.337 -357.991 -0.461655
930.495 -357.915 -0.465137
930.575 -357.736 -0.463737
930.614 -357.507 -0.459897
930.76 -357.417 -0.462811
930.929 -357.356 -0.467188
931.152 -357.36 -0.474879
931.646 -357.694 -0.499258
931.914 -357.741 -0.509539
932.115 -357.706 -0.51578
932.281 -357.625 -0.519821
932.295 -357.37 -0.514865
931.949 -356.706 -0.488534
932.052 -356.563 -0.489157
932.07 -356.328 -0.484886
930.88 -354.774 -0.409918
930.989 -354.661 -0.411527
931.081 -354.53 -0.41218
931.183 -354.41 -0.413458
931.372 -354.381 -0.419794
931.546 -354.334 -0.425253
931.644 -354.209 -0.426407
931.751 -354.092 -0.428085
931.855 -353.974 -0.42965
931.974 -353.869 -0.432106
932.042 -353.717 -0.431796
932.143 -353.596 -0.433308
932.2 -353.435 -0.432444
931.882 -352.933 -0.411018
932.032 -352.862 -0.415463
906.953 -381.143 -0.87893
907.277 -381.079 -0.878414
907.599 -381.02 -0.878121
908.117 -379.87 -0.843311
908.695 -378.284 -0.794641
909.149 -377.297 -0.764932
909.546 -376.57 -0.743523
909.86 -376.313 -0.737073
910.157 -376.142 -0.733428
910.451 -375.972 -0.729888
910.742 -375.804 -0.726446
911.03 -375.638 -0.723104
911.314 -375.474 -0.719869
911.596 -375.31 -0.716714
911.875 -375.149 -0.713674
912.151 -374.988 -0.710725
912.424 -374.829 -0.70785
912.693 -374.683 -0.70545
912.962 -374.521 -0.702582
913.226 -374.379 -0.700399
913.491 -374.21 -0.69739
913.75 -374.078 -0.695639
914.007 -373.948 -0.693972
914.262 -373.821 -0.692483
914.516 -373.674 -0.690368
914.771 -373.413 -0.684507
915.024 -373.05 -0.675326
915.273 -372.616 -0.663788
915.516 -372.184 -0.652305
915.753 -371.838 -0.643662
915.986 -371.658 -0.640605
916.217 -371.491 -0.637993
916.445 -371.313 -0.635076
916.672 -371.138 -0.632268
916.895 -370.966 -0.629563
917.117 -370.79 -0.626788
917.335 -370.582 -0.622953
917.543 -370.26 -0.615244
917.747 -369.944 -0.607733
917.953 -369.703 -0.602785
918.141 -369.278 -0.591545
918.323 -368.859 -0.580462
918.492 -368.349 -0.566175
918.654 -367.84 -0.551906
918.779 -367.046 -0.527624
918.924 -366.531 -0.512976
919.19 -367.077 -0.535545
919.456 -367.561 -0.556069
919.738 -368.101 -0.578788
919.97 -368.244 -0.587595
920.176 -368.184 -0.589314
920.354 -367.951 -0.58488
920.524 -367.689 -0.579419
920.593 -366.852 -0.553212
920.482 -365.064 -0.492544
920.586 -364.582 -0.478784
920.708 -364.222 -0.469369
920.869 -364.082 -0.467995
921.023 -363.917 -0.4657
921.314 -364.402 -0.487358
921.58 -364.739 -0.503782
921.835 -365.004 -0.517644
922.035 -365.019 -0.522362
922.19 -364.842 -0.519954
922.352 -364.7 -0.518871
922.517 -364.575 -0.518448
922.681 -364.454 -0.51822
917.887 -346.156 0.174929
917.941 -346.136 0.17431
917.995 -346.117 0.173677
918.05 -346.098 0.173028
918.104 -346.079 0.172365
918.158 -346.06 0.171687
918.212 -346.041 0.170993
918.267 -346.022 0.170285
918.321 -346.003 0.169561
918.375 -345.984 0.168822
918.429 -345.965 0.168068
917.56 -343.36 0.271084
917.361 -342.705 0.296489
917.393 -342.695 0.295978
917.425 -342.685 0.295457
917.457 -342.674 0.294927
917.489 -342.664 0.294389
917.521 -342.654 0.293841
917.553 -342.644 0.293284
917.585 -342.634 0.292717
917.618 -342.624 0.292141
917.65 -342.614 0.291556
917.682 -342.604 0.290961
917.714 -342.593 0.290357
917.747 -342.583 0.289743
917.779 -342.573 0.289119
917.812 -342.563 0.288485
917.844 -342.552 0.287842
917.877 -342.542 0.287188
917.909 -342.532 0.286524
917.942 -342.521 0.28585
928.422 -362.447 -0.607648
928.715 -362.591 -0.620717
928.972 -362.66 -0.630574
929.066 -362.428 -0.626805
929.231 -362.328 -0.629103
929.419 -362.268 -0.633258
929.605 -362.204 -0.637316
929.829 -362.203 -0.644394
930.066 -362.221 -0.652494
930.314 -362.253 -0.661369
930.412 -362.038 -0.6586
930.479 -361.776 -0.653586
930.603 -361.609 -0.653056
930.744 -361.471 -0.653993
930.764 -361.149 -0.645897
930.791 -360.843 -0.63854
930.799 -360.516 -0.630039
930.608 -359.905 -0.607264
930.492 -359.418 -0.590367
930.309 -358.846 -0.568999
930.128 -358.291 -0.548182
930.075 -357.924 -0.536742
930.112 -357.688 -0.531908
929.956 -357.198 -0.513832
930.064 -357.067 -0.514296
930.179 -356.944 -0.515286
930.237 -356.75 -0.512461
930.406 -356.699 -0.517309
930.633 -356.717 -0.52601
930.766 -356.619 -0.52847
930.92 -356.544 -0.532311
931.1 -356.5 -0.537883
931.332 -356.514 -0.546847
931.538 -356.496 -0.55412
930.189 -354.702 -0.460513
930.275 -354.568 -0.460569
930.452 -354.536 -0.466563
930.637 -354.51 -0.473036
930.788 -354.446 -0.477346
930.904 -354.343 -0.479442
931.004 -354.224 -0.480614
931.11 -354.111 -0.482187
931.371 -354.157 -0.493438
931.544 -354.109 -0.499201
931.654 -353.998 -0.501117
931.76 -353.882 -0.502792
931.814 -353.717 -0.501406
931.878 -353.563 -0.500632
931.725 -353.206 -0.486886
931.622 -352.902 -0.476261
931.68 -352.75 -0.475449
931.775 -352.633 -0.476934
931.987 -352.619 -0.485333
907.502 -379.927 -0.990556
907.849 -379.69 -0.983551
908.33 -378.697 -0.949961
908.895 -377.134 -0.896248
909.3 -376.391 -0.871451
909.628 -376.051 -0.860942
909.925 -375.882 -0.85655
910.218 -375.715 -0.852311
910.509 -375.551 -0.848194
910.796 -375.387 -0.844138
911.08 -375.225 -0.840245
911.361 -375.064 -0.836403
911.639 -374.905 -0.832728
911.915 -374.747 -0.829123
912.188 -374.59 -0.825621
912.458 -374.435 -0.82222
912.725 -374.28 -0.818878
912.99 -374.128 -0.815711
913.253 -373.969 -0.812315
913.515 -373.792 -0.808337
913.772 -373.649 -0.805666
914.034 -373.355 -0.797519
914.293 -373.04 -0.788668
914.55 -372.637 -0.776616
914.802 -372.207 -0.763569
915.048 -371.787 -0.750903
915.287 -371.447 -0.741181
915.52 -371.281 -0.737879
915.75 -371.117 -0.734646
915.979 -370.952 -0.73146
916.205 -370.791 -0.728449
916.429 -370.622 -0.725166
916.647 -370.339 -0.717684
916.861 -370.036 -0.70947
917.071 -369.756 -0.702113
917.278 -369.47 -0.694545
917.48 -369.174 -0.686629
917.674 -368.821 -0.676528
917.862 -368.446 -0.665631
918.042 -368.032 -0.653231
918.223 -367.696 -0.643739
918.397 -367.329 -0.633067
918.527 -366.571 -0.607431
918.652 -365.861 -0.583515
918.861 -365.986 -0.591636
919.069 -366.083 -0.59878
919.257 -366.004 -0.599163
919.453 -365.991 -0.602207
919.638 -365.905 -0.60242
919.783 -365.551 -0.592209
919.916 -365.148 -0.580048
919.855 -363.595 -0.522492
919.922 -362.919 -0.499279
920.021 -362.474 -0.485097
920.156 -362.258 -0.479955
920.273 -361.959 -0.471523
920.423 -361.848 -0.470571
920.625 -361.995 -0.480039
920.884 -362.396 -0.499924
921.11 -362.618 -0.51269
921.308 -362.7 -0.519898
921.497 -362.74 -0.52547
921.655 -362.642 -0.525443
921.809 -362.536 -0.525134
921.961 -362.426 -0.524668
922.116 -362.329 -0.524815
917.899 -346.202 0.144202
917.941 -346.136 0.14553
917.995 -346.117 0.144909
918.049 -346.098 0.144272
918.104 -346.079 0.143618
918.158 -346.06 0.142948
918.212 -346.041 0.142261
918.266 -346.021 0.141558
918.32 -346.002 0.140838
918.374 -345.983 0.140102
918.429 -345.964 0.139349
917.38 -342.859 0.273919
917.355 -342.688 0.280487
917.386 -342.678 0.279972
917.418 -342.668 0.279447
917.45 -342.658 0.278912
917.482 -342.648 0.278368
917.514 -342.638 0.277813
917.546 -342.627 0.277249
917.578 -342.617 0.276674
917.61 -342.607 0.27609
917.642 -342.597 0.275495
917.674 -342.587 0.27489
917.707 -342.577 0.274275
917.739 -342.567 0.273649
917.771 -342.556 0.273013
917.803 -342.546 0.272366
917.836 -342.536 0.271708
917.868 -342.525 0.27104
917.901 -342.515 0.270361
917.933 -342.505 0.269671
917.966 -342.494 0.26897
927.835 -360.942 -0.636515
927.971 -360.815 -0.636849
928.102 -360.681 -0.636841
928.443 -360.924 -0.655702
928.858 -361.284 -0.680676
929.157 -361.431 -0.695215
929.43 -361.527 -0.707367
929.596 -361.435 -0.710113
929.729 -361.291 -0.710213
929.824 -361.086 -0.707169
929.836 -360.751 -0.697367
929.784 -360.323 -0.682564
929.696 -359.85 -0.665186
929.733 -359.577 -0.658284
929.72 -359.236 -0.647613
929.722 -358.925 -0.638471
929.696 -358.578 -0.627281
929.68 -358.254 -0.617165
929.729 -358.028 -0.612343
929.806 -357.844 -0.609843
929.827 -357.586 -0.60314
929.704 -357.138 -0.585709
929.758 -356.936 -0.581956
929.314 -356.081 -0.540991
929.242 -355.732 -0.52844
928.941 -355.096 -0.499113
928.904 -354.809 -0.489728
928.716 -354.34 -0.469508
928.799 -354.212 -0.469207
928.96 -354.181 -0.474633
929.062 -354.077 -0.475839
929.188 -354.002 -0.478786
929.314 -353.925 -0.48174
929.649 -354.087 -0.499415
929.86 -354.102 -0.508271
930.183 -354.239 -0.524905
930.45 -354.307 -0.537467
930.658 -354.308 -0.545985
930.762 -354.194 -0.547365
930.869 -354.085 -0.549001
930.987 -353.985 -0.551366
931.185 -353.968 -0.55919
931.429 -353.995 -0.570054
931.558 -353.905 -0.573301
931.61 -353.737 -0.571385
931.658 -353.568 -0.56935
931.524 -353.227 -0.555529
931.415 -352.917 -0.543492
931.458 -352.752 -0.541495
931.515 -352.601 -0.540413
931.598 -352.475 -0.541128
931.768 -352.426 -0.547453
932.04 -352.466 -0.56029
908.105 -378.33 -1.07843
908.595 -377.237 -1.03721
909.055 -376.217 -0.998804
909.399 -375.792 -0.983553
909.695 -375.625 -0.978426
909.988 -375.462 -0.973482
910.278 -375.299 -0.968636
910.565 -375.138 -0.963917
910.848 -374.978 -0.959318
911.129 -374.82 -0.954859
911.407 -374.663 -0.950477
911.682 -374.507 -0.946252
911.954 -374.353 -0.9421
912.229 -374.151 -0.936184
912.494 -374.01 -0.932694
912.771 -373.718 -0.923276
913.043 -373.415 -0.913516
913.312 -373.102 -0.90336
913.575 -372.793 -0.893411
913.834 -372.494 -0.883897
914.088 -372.195 -0.87442
914.342 -371.806 -0.861395
914.591 -371.397 -0.847569
914.831 -371.073 -0.837155
915.064 -370.911 -0.833238
915.294 -370.749 -0.829398
915.522 -370.588 -0.825636
915.748 -370.413 -0.82137
915.972 -370.226 -0.816624
916.192 -370.025 -0.811377
916.408 -369.746 -0.802982
916.62 -369.46 -0.794319
916.829 -369.178 -0.785856
917.033 -368.901 -0.777589
917.237 -368.675 -0.771416
917.439 -368.476 -0.766414
917.629 -368.143 -0.755893
917.816 -367.81 -0.74537
917.996 -367.454 -0.73388
918.172 -367.105 -0.722697
918.311 -366.41 -0.697071
918.457 -365.881 -0.678308
918.6 -365.387 -0.660924
918.764 -365.136 -0.653677
918.784 -363.718 -0.597304
918.979 -363.828 -0.605188
919.145 -363.711 -0.603542
919.295 -363.489 -0.597498
919.435 -363.215 -0.589225
919.38 -361.719 -0.528587
919.486 -361.334 -0.515337
919.565 -360.825 -0.496722
919.654 -360.411 -0.482099
919.791 -360.285 -0.479914
919.879 -359.91 -0.466899
920.06 -360.032 -0.475541
920.26 -360.228 -0.487538
920.578 -360.969 -0.523634
920.781 -361.133 -0.534545
920.933 -361.062 -0.535163
921.083 -360.987 -0.535615
921.229 -360.894 -0.535324
921.367 -360.774 -0.533853
921.506 -360.664 -0.532846
921.652 -360.583 -0.533187
918.021 -346.649 0.0948885
917.94 -346.136 0.116737
917.994 -346.117 0.116128
918.049 -346.097 0.115502
918.103 -346.078 0.114857
918.157 -346.059 0.114195
918.211 -346.04 0.113515
918.266 -346.021 0.112817
918.32 -346.002 0.112102
918.374 -345.983 0.111368
917.533 -343.401 0.231973
917.317 -342.681 0.265105
917.348 -342.671 0.264597
917.38 -342.661 0.264078
917.412 -342.651 0.263548
917.444 -342.641 0.263009
917.475 -342.631 0.262458
917.507 -342.621 0.261897
917.539 -342.611 0.261326
917.571 -342.601 0.260743
917.603 -342.591 0.26015
917.635 -342.581 0.259546
917.667 -342.57 0.258931
917.699 -342.56 0.258305
917.731 -342.55 0.257668
917.763 -342.54 0.257019
917.795 -342.53 0.25636
917.827 -342.519 0.255688
917.86 -342.509 0.255006
917.892 -342.499 0.254312
917.925 -342.488 0.253606
917.957 -342.478 0.252888
926.769 -358.944 -0.62076
927.04 -359.099 -0.63534
927.308 -359.243 -0.649508
927.492 -359.228 -0.655329
927.895 -359.595 -0.681975
928.078 -359.569 -0.687492
928.286 -359.583 -0.695316
928.506 -359.614 -0.704196
928.718 -359.627 -0.712226
928.749 -359.344 -0.703833
928.732 -358.991 -0.691386
928.752 -358.702 -0.682461
928.808 -358.476 -0.677032
928.911 -358.327 -0.675949
928.958 -358.094 -0.670074
928.994 -357.849 -0.663416
929.102 -357.714 -0.663151
929.158 -357.505 -0.658562
929.14 -357.195 -0.647916
929.15 -356.932 -0.639903
929.262 -356.811 -0.64041
929.034 -356.233 -0.613262
929.061 -356.008 -0.607256
928.748 -355.339 -0.573986
928.403 -354.646 -0.538721
928.468 -354.494 -0.536651
928.461 -354.252 -0.528947
928.02 -353.478 -0.48747
928.039 -353.284 -0.482423
928.076 -353.115 -0.478837
928.168 -353.015 -0.479669
928.365 -353.038 -0.488606
928.662 -353.173 -0.505055
929.266 -353.652 -0.544512
929.567 -353.774 -0.560804
929.907 -353.934 -0.579906
930.166 -353.998 -0.592872
930.48 -354.117 -0.60981
930.608 -354.032 -0.612976
930.716 -353.926 -0.614732
930.863 -353.859 -0.619281
931.045 -353.827 -0.626469
931.236 -353.803 -0.63429
931.411 -353.76 -0.6409
931.452 -353.584 -0.638036
930.736 -352.68 -0.581833
930.684 -352.43 -0.572907
930.807 -352.347 -0.576304
930.997 -352.326 -0.584427
931.195 -352.311 -0.593127
931.34 -352.244 -0.598132
931.577 -352.258 -0.60945
931.803 -352.259 -0.619943
932.102 -352.32 -0.635403
908.789 -376.164 -1.13045
909.171 -375.545 -1.10525
909.468 -375.372 -1.09901
909.761 -375.21 -1.09331
910.05 -375.05 -1.0878
910.337 -374.885 -1.08214
910.621 -374.723 -1.07667
910.904 -374.548 -1.0707
911.188 -374.341 -1.06346
911.473 -374.093 -1.05454
911.762 -373.776 -1.04272
912.046 -373.46 -1.03099
912.325 -373.148 -1.01945
912.598 -372.844 -1.00838
912.867 -372.543 -0.997429
913.13 -372.246 -0.986674
913.389 -371.956 -0.97632
913.644 -371.667 -0.966032
913.894 -371.374 -0.955595
914.143 -371.013 -0.942268
914.385 -370.715 -0.931663
914.618 -370.544 -0.926669
914.848 -370.38 -0.921993
915.077 -370.2 -0.916641
915.303 -370.012 -0.911034
915.526 -369.83 -0.905717
915.746 -369.648 -0.900458
915.964 -369.46 -0.89498
916.179 -369.204 -0.88653
916.389 -368.927 -0.877165
916.596 -368.656 -0.868118
916.801 -368.441 -0.86157
917.004 -368.257 -0.85643
917.205 -368.068 -0.851116
917.402 -367.847 -0.844372
917.59 -367.55 -0.834257
917.775 -367.251 -0.824115
917.952 -366.909 -0.81198
918.104 -366.32 -0.788753
918.257 -365.839 -0.770346
918.41 -365.414 -0.754379
918.229 -361.895 -0.597909
918.367 -361.633 -0.588944
918.528 -361.598 -0.59033
918.677 -361.465 -0.587298
918.825 -361.338 -0.584568
918.977 -361.245 -0.583433
918.925 -359.792 -0.519491
919 -359.281 -0.498849
919.101 -358.98 -0.487846
919.217 -358.784 -0.481793
919.323 -358.547 -0.473771
919.457 -358.479 -0.473663
919.603 -358.475 -0.476595
919.816 -358.808 -0.49554
920.012 -359.034 -0.509572
920.202 -359.213 -0.521495
920.386 -359.351 -0.53157
920.567 -359.463 -0.540506
920.704 -359.379 -0.540161
920.84 -359.298 -0.539963
920.977 -359.22 -0.539946
921.115 -359.15 -0.540342
921.252 -359.078 -0.54073
921.389 -359.009 -0.541246
918.06 -346.566 0.0667846
917.994 -346.116 0.0873505
918.048 -346.097 0.0867352
918.102 -346.078 0.0861003
918.157 -346.059 0.0854466
918.211 -346.04 0.0847733
918.265 -346.021 0.0840809
918.319 -346.002 0.0833691
918.373 -345.983 0.0826378
917.355 -342.893 0.238648
917.31 -342.664 0.249337
917.342 -342.654 0.248825
917.374 -342.644 0.248303
917.405 -342.634 0.247769
917.437 -342.624 0.247224
917.468 -342.614 0.246669
917.5 -342.605 0.24609
917.532 -342.595 0.245484
917.564 -342.586 0.244866
917.596 -342.576 0.244236
917.628 -342.566 0.243593
917.66 -342.557 0.242938
917.693 -342.547 0.242271
917.725 -342.538 0.24159
917.757 -342.528 0.240897
917.79 -342.518 0.240191
917.822 -342.509 0.239473
917.855 -342.499 0.238741
917.887 -342.489 0.237996
917.92 -342.48 0.237237
917.953 -342.47 0.236466
917.986 -342.46 0.23568
925.963 -357.114 -0.604778
926.343 -357.493 -0.632746
926.685 -357.788 -0.656227
927.107 -358.213 -0.68754
927.294 -358.217 -0.694586
927.477 -358.209 -0.701048
927.63 -358.148 -0.704516
927.779 -358.081 -0.707659
927.926 -358.012 -0.710713
928.058 -357.915 -0.712201
928.182 -357.808 -0.713085
928.301 -357.693 -0.713568
928.44 -357.61 -0.716025
928.529 -357.451 -0.713835
928.594 -357.26 -0.709642
928.641 -357.044 -0.703895
928.666 -356.8 -0.696294
928.69 -356.561 -0.688927
928.536 -356.076 -0.665772
928.306 -355.5 -0.636459
928.2 -355.104 -0.618453
928.153 -354.797 -0.60599
928.221 -354.647 -0.603749
928.25 -354.449 -0.598317
928.129 -354.062 -0.580213
927.882 -353.525 -0.551775
927.849 -353.266 -0.541763
927.857 -353.063 -0.535419
927.919 -352.927 -0.53364
928.016 -352.835 -0.534916
928.067 -352.689 -0.532465
928.113 -352.539 -0.529687
928.254 -352.499 -0.534711
928.273 -352.321 -0.529952
928.325 -352.181 -0.527867
928.35 -352.014 -0.523825
928.496 -351.979 -0.529392
928.696 -352.001 -0.539234
930.56 -353.764 -0.678677
930.704 -353.696 -0.683288
930.89 -353.671 -0.691215
930.042 -352.604 -0.619839
930.1 -352.462 -0.618381
930.212 -352.374 -0.621095
930.347 -352.307 -0.625549
930.497 -352.253 -0.631177
930.669 -352.219 -0.638458
930.767 -352.115 -0.640222
930.861 -352.007 -0.641753
931.044 -351.979 -0.649904
931.276 -351.993 -0.661649
931.58 -352.066 -0.678557
931.874 -352.124 -0.694597
932.147 -352.161 -0.70913
909.248 -375.098 -1.21732
909.536 -374.961 -1.21195
909.841 -374.7 -1.20094
910.14 -374.452 -1.19066
910.447 -374.128 -1.17693
910.747 -373.807 -1.16339
911.042 -373.495 -1.15033
911.331 -373.184 -1.13741
911.615 -372.88 -1.12488
911.893 -372.58 -1.11254
912.167 -372.287 -1.10063
912.435 -371.998 -1.08895
912.699 -371.711 -1.07742
912.958 -371.431 -1.06625
913.212 -371.155 -1.05536
913.462 -370.875 -1.0443
913.709 -370.597 -1.03336
913.95 -370.339 -1.02341
914.183 -370.163 -1.01738
914.414 -369.98 -1.01105
914.642 -369.8 -1.0049
914.868 -369.618 -0.998728
915.091 -369.441 -0.992871
915.311 -369.264 -0.987039
915.529 -369.089 -0.981336
915.744 -368.907 -0.975378
915.957 -368.676 -0.967107
916.166 -368.415 -0.957456
916.372 -368.209 -0.950507
916.576 -368.029 -0.944781
916.778 -367.852 -0.939262
916.978 -367.676 -0.933816
917.175 -367.494 -0.928138
917.366 -367.242 -0.919121
917.552 -366.972 -0.909259
917.735 -366.706 -0.899637
917.893 -366.162 -0.876499
918.057 -365.781 -0.861283
917.856 -361.484 -0.655403
917.989 -361.173 -0.643029
918.044 -360.164 -0.596564
918.167 -359.873 -0.585058
918.311 -359.795 -0.584098
918.455 -359.725 -0.583521
918.596 -359.641 -0.582303
918.556 -358.275 -0.517511
918.597 -357.593 -0.486409
918.713 -357.445 -0.481846
918.83 -357.322 -0.47857
918.953 -357.236 -0.477133
919.101 -357.299 -0.483223
919.255 -357.388 -0.490713
919.405 -357.445 -0.496636
919.554 -357.498 -0.502443
919.716 -357.6 -0.510884
919.88 -357.709 -0.519695
920.049 -357.825 -0.529019
920.216 -357.929 -0.537816
920.365 -357.944 -0.542088
920.493 -357.872 -0.541947
920.624 -357.816 -0.542653
920.756 -357.761 -0.54346
920.886 -357.702 -0.544124
917.963 -346.441 0.0445951
918.019 -346.422 0.0440018
917.993 -346.116 0.0585675
918.048 -346.097 0.0579628
918.102 -346.078 0.0573376
918.156 -346.058 0.0566918
918.21 -346.039 0.0560254
918.265 -346.02 0.0553383
918.319 -346.001 0.0546304
917.506 -343.441 0.192458
917.277 -342.67 0.233491
917.309 -342.66 0.232962
917.341 -342.651 0.232421
917.372 -342.642 0.231868
917.404 -342.632 0.231302
917.436 -342.623 0.230723
917.468 -342.613 0.230132
917.5 -342.604 0.229527
917.532 -342.594 0.22891
917.564 -342.585 0.22828
917.596 -342.575 0.227636
917.628 -342.566 0.22698
917.66 -342.556 0.22631
917.692 -342.546 0.225627
917.724 -342.537 0.22493
917.757 -342.527 0.22422
917.789 -342.518 0.223496
917.821 -342.508 0.222758
917.854 -342.498 0.222007
917.887 -342.489 0.221241
917.919 -342.479 0.220461
917.952 -342.469 0.219667
917.985 -342.459 0.218858
918.018 -342.449 0.218034
925.437 -355.85 -0.60864
925.678 -355.992 -0.623546
925.983 -356.24 -0.64524
926.674 -357.145 -0.708371
926.799 -357.057 -0.709661
926.936 -356.989 -0.712306
927.052 -356.886 -0.71281
927.169 -356.784 -0.713395
927.286 -356.685 -0.714179
927.054 -356.035 -0.679327
927.135 -355.89 -0.676977
927.22 -355.751 -0.675071
927.315 -355.63 -0.674295
927.45 -355.568 -0.677545
927.585 -355.507 -0.680841
927.72 -355.444 -0.684181
927.834 -355.351 -0.685443
927.843 -355.112 -0.676873
927.904 -354.95 -0.673442
927.976 -354.803 -0.671092
928.057 -354.67 -0.669723
928.004 -354.364 -0.656159
927.827 -353.903 -0.631486
927.731 -353.556 -0.614597
927.683 -353.276 -0.602354
927.716 -353.102 -0.597608
927.727 -352.905 -0.591079
927.814 -352.802 -0.591425
927.906 -352.705 -0.592215
927.964 -352.569 -0.590157
928.01 -352.422 -0.587222
928.029 -352.244 -0.581927
928.063 -352.086 -0.578175
928.002 -351.825 -0.566387
928.104 -351.746 -0.568586
928.228 -351.692 -0.572726
928.379 -351.665 -0.579135
928.641 -351.753 -0.594719
928.868 -351.799 -0.60726
929.093 -351.84 -0.619593
929.25 -351.809 -0.626356
929.719 -352.084 -0.658351
929.954 -352.122 -0.671232
930.169 -352.136 -0.682456
930.355 -352.119 -0.691268
930.532 -352.093 -0.6994
930.651 -352.009 -0.70285
930.764 -351.92 -0.705921
930.922 -351.871 -0.712543
931.107 -351.844 -0.72127
931.349 -351.865 -0.734417
931.584 -351.876 -0.746966
931.934 -351.981 -0.768283
932.206 -352.015 -0.783534
910.378 -369.946 -1.09398
910.615 -369.885 -1.0917
910.851 -369.824 -1.08952
911.087 -369.754 -1.087
911.32 -369.696 -1.0851
911.553 -369.623 -1.08259
911.784 -369.561 -1.08069
912.015 -369.487 -1.07822
912.245 -369.41 -1.07574
912.472 -369.343 -1.07382
912.695 -369.309 -1.07359
912.911 -369.334 -1.07645
913.126 -369.383 -1.08054
913.342 -369.431 -1.08468
913.558 -369.473 -1.08861
913.774 -369.515 -1.09265
913.999 -369.411 -1.08941
914.224 -369.288 -1.08531
914.447 -369.147 -1.08036
914.667 -369.017 -1.07605
914.887 -368.853 -1.07006
915.104 -368.693 -1.06436
915.319 -368.547 -1.05941
915.532 -368.369 -1.05288
915.742 -368.168 -1.04524
915.95 -367.979 -1.03826
916.155 -367.78 -1.03079
916.358 -367.619 -1.02532
916.557 -367.416 -1.01779
916.756 -367.255 -1.01245
916.949 -367.03 -1.00384
917.142 -366.846 -0.997391
917.325 -366.553 -0.985347
917.506 -366.268 -0.97373
917.673 -365.845 -0.954946
917.837 -365.468 -0.938589
917.453 -358.677 -0.588172
917.59 -358.597 -0.586487
917.725 -358.509 -0.584436
917.86 -358.433 -0.583024
917.995 -358.362 -0.581961
917.985 -357.093 -0.517727
918.079 -356.779 -0.503731
918.156 -356.368 -0.484536
918.26 -356.193 -0.477822
918.368 -356.053 -0.472964
918.491 -356.029 -0.474334
918.618 -356.025 -0.476837
918.754 -356.068 -0.481927
918.895 -356.143 -0.488781
919.059 -356.332 -0.501875
919.242 -356.603 -0.519553
919.401 -356.73 -0.529553
919.553 -356.813 -0.537252
919.691 -356.825 -0.541122
919.824 -356.81 -0.543625
919.95 -356.768 -0.544639
920.075 -356.719 -0.545348
920.2 -356.669 -0.546065
920.324 -356.619 -0.546786
920.447 -356.566 -0.547431
920.57 -356.513 -0.548077
917.953 -346.404 0.0168026
918.009 -346.385 0.0162247
918.065 -346.365 0.015626
918.047 -346.096 0.0291835
918.101 -346.077 0.0285683
918.156 -346.058 0.0279305
918.21 -346.039 0.0272707
918.264 -346.02 0.026589
918.318 -346.001 0.0258853
917.33 -342.927 0.203035
917.277 -342.669 0.216987
917.308 -342.66 0.216453
917.34 -342.65 0.215905
917.372 -342.641 0.215344
917.404 -342.631 0.21477
917.435 -342.622 0.214182
917.467 -342.612 0.213581
917.499 -342.603 0.212966
917.531 -342.593 0.212337
917.563 -342.584 0.211694
917.595 -342.574 0.211038
917.627 -342.565 0.210368
917.659 -342.555 0.209683
917.691 -342.546 0.208984
917.724 -342.536 0.208271
917.756 -342.526 0.207544
917.788 -342.517 0.206802
917.821 -342.507 0.206045
917.853 -342.497 0.205273
917.886 -342.488 0.204487
917.919 -342.478 0.203685
917.951 -342.468 0.202869
917.984 -342.458 0.202037
918.017 -342.449 0.201189
924.815 -354.722 -0.605183
925.072 -354.912 -0.623667
925.231 -354.921 -0.630373
925.842 -355.71 -0.689261
926.083 -355.841 -0.704689
926.244 -355.831 -0.710829
926.361 -355.749 -0.712159
926.465 -355.645 -0.712048
926.577 -355.554 -0.712895
926.687 -355.461 -0.713609
926.771 -355.327 -0.711542
926.873 -355.223 -0.711544
926.979 -355.126 -0.712153
927.088 -355.034 -0.713083
927.139 -354.858 -0.708066
927.2 -354.699 -0.704248
927.354 -354.673 -0.710023
927.452 -354.568 -0.710183
927.543 -354.455 -0.709785
927.655 -354.37 -0.711433
927.744 -354.255 -0.710939
927.549 -353.767 -0.68268
927.566 -353.566 -0.675559
927.524 -353.292 -0.662932
927.566 -353.129 -0.658557
927.598 -352.957 -0.653415
927.621 -352.777 -0.647629
927.716 -352.685 -0.648654
927.797 -352.577 -0.648511
927.865 -352.455 -0.647161
927.898 -352.293 -0.642723
927.899 -352.097 -0.635547
927.443 -351.39 -0.586958
927.556 -351.331 -0.590409
927.69 -351.295 -0.595821
927.777 -351.207 -0.597054
927.939 -351.198 -0.604921
928.148 -351.237 -0.616938
928.36 -351.275 -0.629109
928.663 -351.403 -0.649179
928.883 -351.441 -0.661859
929.061 -351.434 -0.670885
929.214 -351.4 -0.677671
929.334 -351.332 -0.681661
929.43 -351.242 -0.683736
929.534 -351.158 -0.686474
929.665 -351.098 -0.691463
929.838 -351.077 -0.700061
930.813 -351.774 -0.77516
930.984 -351.736 -0.783204
931.174 -351.713 -0.792789
931.376 -351.698 -0.803341
931.611 -351.709 -0.816624
931.968 -351.817 -0.839652
929.828 -349.858 -0.661002
 ] }
 color Color { color [
0.0791307 0 0.920869
0.0787837 0 0.921216
0.078745 0 0.921255
0.0787104 0 0.92129
0.0786798 0 0.92132
0.0786529 0 0.921347
0.0786299 0 0.92137
0.0786109 0 0.921389
0.0785959 0 0.921404
0.0785848 0 0.921415
0.0785779 0 0.921422
0.0786635 0 0.921336
0.0808377 0 0.919162
0.0788121 0 0.921188
0.0785333 0 0.921467
0.0785455 0 0.921455
0.0785618 0 0.921438
0.078582 0 0.921418
0.0786065 0 0.921394
0.0786348 0 0.921365
0.0786668 0 0.921333
0.0787026 0 0.921297
0.078743 0 0.921257
0.0787869 0 0.921213
0.0482335 0 0.951767
0.0812152 0 0.918785
0.142274 0 0.857726
0.14244 0 0.85756
0.142614 0 0.857386
0.142796 0 0.857204
0.0791203 0 0.92088
0.0787729 0 0.921227
0.0787343 0 0.921266
0.0786997 0 0.9213
0.0786687 0 0.921331
0.0786421 0 0.921358
0.0786191 0 0.921381
0.0786002 0 0.9214
0.0785851 0 0.921415
0.078574 0 0.921426
0.0785672 0 0.921433
0.078652 0 0.921348
0.0808268 0 0.919173
0.0788025 0 0.921198
0.0785226 0 0.921477
0.0785347 0 0.921465
0.078551 0 0.921449
0.0785537 0 0.921446
0.0785768 0 0.921423
0.0786045 0 0.921396
0.0786357 0 0.921364
0.0786712 0 0.921329
0.0787319 0 0.921268
0.0787758 0 0.921224
0.0482194 0 0.951781
0.081204 0 0.918796
0.142253 0 0.857747
0.14242 0 0.85758
0.142593 0 0.857407
0.142775 0 0.857225
0.0791111 0 0.920889
0.078763 0 0.921237
0.0787247 0 0.921275
0.0786898 0 0.92131
0.0784691 0 0.921531
0.0784406 0 0.921559
0.0784163 0 0.921584
0.0783962 0 0.921604
0.0783793 0 0.921621
0.0785642 0 0.921436
0.0785574 0 0.921443
0.0786412 0 0.921359
0.0808165 0 0.919183
0.0787937 0 0.921206
0.0785128 0 0.921487
0.0785249 0 0.921475
0.0785412 0 0.921459
0.0782564 0 0.921744
0.0782796 0 0.92172
0.0783065 0 0.921694
0.0783381 0 0.921662
0.078373 0 0.921627
0.0787221 0 0.921278
0.078766 0 0.921234
0.0482056 0 0.951794
0.0811937 0 0.918806
0.142234 0 0.857766
0.1424 0 0.8576
0.142575 0 0.857425
0.142756 0 0.857244
0.0791025 0 0.920897
0.0787542 0 0.921246
0.0787156 0 0.921284
0.078681 0 0.921319
0.0781741 0 0.921826
0.0781461 0 0.921854
0.0781215 0 0.921878
0.0781016 0 0.921898
0.078085 0 0.921915
0.0785555 0 0.921445
0.0785483 0 0.921452
0.0786317 0 0.921368
0.0808073 0 0.919193
0.0787856 0 0.921214
0.078504 0 0.921496
0.0785161 0 0.921484
0.0785328 0 0.921467
0.0779643 0 0.922036
0.0779884 0 0.922012
0.0780164 0 0.921984
0.0580635 0 0.941936
0.0780842 0 0.921916
0.0787133 0 0.921287
0.0787569 0 0.921243
0.0481924 0 0.951808
0.0811845 0 0.918816
0.142217 0 0.857783
0.142384 0 0.857616
0.142557 0 0.857442
0.142739 0 0.857261
0.0790951 0 0.920905
0.0787463 0 0.921254
0.078708 0 0.921292
0.0786731 0 0.921327
0.0780577 0 0.921942
0.0780311 0 0.921969
0.0780082 0 0.921992
0.0779895 0 0.922011
0.0779815 0 0.922019
0.0785476 0 0.921452
0.0785405 0 0.92146
0.0786231 0 0.921377
0.0807994 0 0.919201
0.0787785 0 0.921221
0.0784962 0 0.921504
0.0785083 0 0.921492
0.0785247 0 0.921475
0.0779565 0 0.922044
0.0779806 0 0.922019
0.0780086 0 0.921991
0.0780404 0 0.92196
0.0780761 0 0.921924
0.0787055 0 0.921295
0.0787494 0 0.921251
0.0481805 0 0.951819
0.0811763 0 0.918824
0.142202 0 0.857798
0.142368 0 0.857632
0.142542 0 0.857458
0.142724 0 0.857276
0.0790885 0 0.920912
0.0787397 0 0.92126
0.0787008 0 0.921299
0.0786663 0 0.921334
0.0780509 0 0.921949
0.0780239 0 0.921976
0.0780016 0 0.921998
0.0779826 0 0.922017
0.0779742 0 0.922026
0.0785411 0 0.921459
0.0785336 0 0.921466
0.0786156 0 0.921384
0.0807922 0 0.919208
0.0787727 0 0.921227
0.0784893 0 0.921511
0.0785015 0 0.921499
0.0785179 0 0.921482
0.0779497 0 0.92205
0.0779738 0 0.922026
0.0780018 0 0.921998
0.0780336 0 0.921966
0.0780693 0 0.921931
0.0786986 0 0.921301
0.0787426 0 0.921257
0.0481685 0 0.951831
0.0811694 0 0.918831
0.142188 0 0.857812
0.142354 0 0.857646
0.142528 0 0.857472
0.14271 0 0.857291
0.0790832 0 0.920917
0.0787338 0 0.921266
0.0786952 0 0.921305
0.0786606 0 0.921339
0.0780447 0 0.921955
0.0780181 0 0.921982
0.0779954 0 0.922005
0.0779768 0 0.922023
0.077968 0 0.922032
0.0785352 0 0.921465
0.0785278 0 0.921472
0.0786087 0 0.921391
0.0807863 0 0.919214
0.0787675 0 0.921232
0.0784835 0 0.921517
0.0784956 0 0.921504
0.078512 0 0.921488
0.0779442 0 0.922056
0.0779679 0 0.922032
0.0779959 0 0.922004
0.0780277 0 0.921972
0.0780634 0 0.921937
0.0786925 0 0.921308
0.0787364 0 0.921264
0.0481579 0 0.951842
0.0811632 0 0.918837
0.142176 0 0.857824
0.142342 0 0.857658
0.142516 0 0.857484
0.142698 0 0.857302
0.339401 0 0.660599
0.079079 0 0.920921
0.0787288 0 0.921271
0.07869 0 0.92131
0.0786554 0 0.921345
0.07804 0 0.92196
0.0780135 0 0.921987
0.0779908 0 0.922009
0.0779722 0 0.922028
0.0779624 0 0.922038
0.07853 0 0.92147
0.0785231 0 0.921477
0.0786031 0 0.921397
0.0807814 0 0.919219
0.0787636 0 0.921236
0.0784786 0 0.921521
0.0784907 0 0.921509
0.0785071 0 0.921493
0.0779393 0 0.922061
0.077963 0 0.922037
0.077991 0 0.922009
0.0780228 0 0.921977
0.0780586 0 0.921941
0.0786876 0 0.921312
0.0787315 0 0.921268
0.0481503 0 0.95185
0.081158 0 0.918842
0.142166 0 0.857834
0.142333 0 0.857667
0.142506 0 0.857494
0.142688 0 0.857312
0.352128 0 0.647872
0.347913 0 0.652087
0.344395 0 0.655605
0.340862 0 0.659138
0.332919 0 0.667081
0.33121 0 0.66879
0.331198 0 0.668802
0.331514 0 0.668486
0.320182 0 0.679818
0.32007 0 0.67993
0.320002 0 0.679998
0.332444 0 0.667556
0.334912 0 0.665088
0.335654 0 0.664346
0.240277 0 0.759723
0.0790751 0 0.920925
0.0787246 0 0.921275
0.0786863 0 0.921314
0.0786517 0 0.921348
0.0780364 0 0.921964
0.0780094 0 0.921991
0.0779869 0 0.922013
0.0779679 0 0.922032
0.0779581 0 0.922042
0.0785263 0 0.921474
0.0785192 0 0.921481
0.0785985 0 0.921402
0.0807772 0 0.919223
0.0787601 0 0.92124
0.0784743 0 0.921526
0.0784868 0 0.921513
0.0785032 0 0.921497
0.0779354 0 0.922065
0.0779591 0 0.922041
0.0779871 0 0.922013
0.0780189 0 0.921981
0.0479488 0 0.952051
0.0786837 0 0.921316
0.0787273 0 0.921273
0.0481433 0 0.951857
0.0811541 0 0.918846
0.142158 0 0.857842
0.142324 0 0.857676
0.142498 0 0.857502
0.142679 0 0.857321
0.340646 0 0.659354
0.336967 0 0.663033
0.337208 0 0.662792
0.31916 0 0.68084
0.320784 0 0.679216
0.330534 0 0.669466
0.328284 0 0.671716
0.323214 0 0.676786
0.320301 0 0.679699
0.280342 0 0.719658
0.278388 0 0.721612
0.27831 0 0.72169
0.274575 0 0.725425
0.316934 0 0.683066
0.319972 0 0.680028
0.329351 0 0.670649
0.240283 0 0.759717
0.240275 0 0.759725
0.0812264 0 0.918774
0.0787219 0 0.921278
0.0786833 0 0.921317
0.0786487 0 0.921351
0.0780333 0 0.921967
0.0780065 0 0.921993
0.0779839 0 0.922016
0.0779652 0 0.922035
0.0779544 0 0.922046
0.0785234 0 0.921477
0.0785162 0 0.921484
0.0785954 0 0.921405
0.0809806 0 0.919019
0.0809867 0 0.919013
0.0784714 0 0.921529
0.0784839 0 0.921516
0.0785002 0 0.9215
0.0779324 0 0.922068
0.0779562 0 0.922044
0.0779841 0 0.922016
0.078016 0 0.921984
0.0480026 0 0.951997
0.0786808 0 0.921319
0.0787247 0 0.921275
0.0481372 0 0.951863
0.0813789 0 0.918621
0.142152 0 0.857848
0.142318 0 0.857682
0.142491 0 0.857509
0.142673 0 0.857327
0.343032 0 0.656968
0.332844 0 0.667156
0.315294 0 0.684706
0.314472 0 0.685528
0.314216 0 0.685784
0.318216 0 0.681784
0.319557 0 0.680443
0.275958 0 0.724042
0.275001 0 0.724999
0.275775 0 0.724225
0.275874 0 0.724126
0.27418 0 0.72582
0.272388 0 0.727612
0.272246 0 0.727754
0.272648 0 0.727352
0.29226 0 0.70774
0.295643 0 0.704357
0.240293 0 0.759707
0.240283 0 0.759717
0.240286 0 0.759714
0.0815106 0 0.918489
0.0787198 0 0.92128
0.0786816 0 0.921318
0.0786464 0 0.921354
0.078043 0 0.921957
0.0780172 0 0.921983
0.0779956 0 0.922004
0.0779777 0 0.922022
0.0779639 0 0.922036
0.0785213 0 0.921479
0.0785143 0 0.921486
0.0799796 0 0.92002
0.0812631 0 0.918737
0.0812689 0 0.918731
0.0784697 0 0.92153
0.0784822 0 0.921518
0.0784982 0 0.921502
0.0780468 0 0.921953
0.0780723 0 0.921928
0.0781023 0 0.921898
0.0477722 0 0.952228
0.0478113 0 0.952189
0.0478531 0 0.952147
0.047897 0 0.952103
0.0479436 0 0.952056
0.0816637 0 0.918336
0.142147 0 0.857853
0.142313 0 0.857687
0.142487 0 0.857513
0.142668 0 0.857332
0.339774 0 0.660226
0.314438 0 0.685562
0.312853 0 0.687147
0.312268 0 0.687732
0.311198 0 0.688802
0.309813 0 0.690187
0.307939 0 0.692061
0.271632 0 0.728368
0.271432 0 0.728568
0.271896 0 0.728104
0.272602 0 0.727398
0.272107 0 0.727893
0.270899 0 0.729101
0.270199 0 0.729801
0.270407 0 0.729593
0.271219 0 0.728781
0.273025 0 0.726975
0.281824 0 0.718176
0.240305 0 0.759695
0.240296 0 0.759704
0.240298 0 0.759702
0.312631 0 0.687369
0.592212 0 0.407788
0.585753 0 0.414247
0.580602 0 0.419398
0.575774 0 0.424226
0.57043 0 0.42957
0.564394 0 0.435606
0.558978 0 0.441022
0.554591 0 0.445409
0.550358 0 0.449642
0.54587 0 0.45413
0.540131 0 0.459869
0.53127 0 0.46873
0.526256 0 0.473744
0.529491 0 0.470509
0.0820958 0 0.917904
0.078719 0 0.921281
0.0786805 0 0.92132
0.0786457 0 0.921354
0.0783173 0 0.921683
0.0782915 0 0.921708
0.0782693 0 0.921731
0.0782517 0 0.921748
0.0782377 0 0.921762
0.0785206 0 0.921479
0.0785132 0 0.921487
0.0818338 0 0.918166
0.0818345 0 0.918166
0.0818395 0 0.91816
0.0818484 0 0.918152
0.0784809 0 0.921519
0.0784973 0 0.921503
0.0783211 0 0.921679
0.0783468 0 0.921653
0.0783767 0 0.921623
0.0477337 0 0.952266
0.0477725 0 0.952228
0.0478144 0 0.952186
0.0478586 0 0.952141
0.0479052 0 0.952095
0.0822163 0 0.917784
0.142144 0 0.857856
0.14231 0 0.85769
0.142484 0 0.857516
0.142665 0 0.857335
0.560529 0 0.439471
0.531592 0 0.468408
0.558131 0 0.441869
0.556019 0 0.443981
0.554601 0 0.445399
0.554634 0 0.445366
0.502098 0 0.497902
0.502224 0 0.497776
0.509995 0 0.490005
0.502146 0 0.497854
0.504043 0 0.495957
0.504053 0 0.495947
0.504305 0 0.495695
0.501915 0 0.498085
0.499114 0 0.500886
0.497647 0 0.502353
0.502401 0 0.497599
0.50951 0 0.49049
0.510422 0 0.489578
0.516864 0 0.483136
0.518408 0 0.481592
0.358279 0 0.641721
0.353339 0 0.646661
0.335745 0 0.664255
0.307527 0 0.692473
0.305103 0 0.694897
0.301772 0 0.698228
0.300344 0 0.699656
0.301624 0 0.698376
0.296411 0 0.703589
0.266876 0 0.733124
0.264657 0 0.735343
0.265892 0 0.734108
0.268348 0 0.731652
0.267822 0 0.732178
0.267567 0 0.732433
0.259988 0 0.740012
0.257791 0 0.742209
0.256754 0 0.743246
0.258476 0 0.741524
0.268915 0 0.731085
0.269808 0 0.730192
0.270869 0 0.729131
0.271305 0 0.728695
0.24032 0 0.75968
0.240311 0 0.759689
0.240313 0 0.759687
0.240107 0 0.759893
0.237817 0 0.762183
0.595736 0 0.404264
0.591507 0 0.408493
0.587346 0 0.412654
0.583247 0 0.416753
0.574144 0 0.425856
0.568372 0 0.431628
0.560085 0 0.439915
0.555463 0 0.444537
0.551186 0 0.448814
0.546981 0 0.453019
0.542772 0 0.457228
0.538214 0 0.461786
0.533502 0 0.466498
0.528281 0 0.471719
0.524462 0 0.475538
0.498695 0 0.501305
0.49022 0 0.50978
0.487249 0 0.512751
0.485201 0 0.514799
0.483232 0 0.516768
0.481293 0 0.518707
0.479384 0 0.520616
0.477511 0 0.522489
0.475655 0 0.524345
0.473931 0 0.526069
0.47213 0 0.52787
0.470376 0 0.529624
0.468637 0 0.531363
0.466845 0 0.533155
0.464582 0 0.535418
0.0820956 0 0.917904
0.0820515 0 0.917948
0.0786804 0 0.92132
0.0786456 0 0.921354
0.0785948 0 0.921405
0.0785686 0 0.921431
0.0785465 0 0.921453
0.0785283 0 0.921472
0.0785144 0 0.921486
0.0785203 0 0.92148
0.0797393 0 0.920261
0.0818337 0 0.918166
0.0818346 0 0.918165
0.0818394 0 0.918161
0.0818482 0 0.918152
0.0784809 0 0.921519
0.0784972 0 0.921503
0.0785175 0 0.921483
0.0785417 0 0.921458
0.0785697 0 0.92143
0.0477263 0 0.952274
0.0477654 0 0.952235
0.047807 0 0.952193
0.0478512 0 0.952149
0.0478975 0 0.952102
0.0822159 0 0.917784
0.142143 0 0.857857
0.142309 0 0.857691
0.142483 0 0.857517
0.142664 0 0.857336
0.43736 0 0.56264
0.438575 0 0.561424
0.439669 0 0.560331
0.440194 0 0.559806
0.439786 0 0.560214
0.437746 0 0.562254
0.437356 0 0.562644
0.437207 0 0.562793
0.437179 0 0.562821
0.43685 0 0.56315
0.436085 0 0.563915
0.43691 0 0.56309
0.438256 0 0.561744
0.442035 0 0.557965
0.44425 0 0.55575
0.449049 0 0.550951
0.449343 0 0.550657
0.449219 0 0.550781
0.448183 0 0.551817
0.447369 0 0.552631
0.344287 0 0.655712
0.33697 0 0.66303
0.327163 0 0.672837
0.305223 0 0.694777
0.288555 0 0.711445
0.284864 0 0.715136
0.268049 0 0.731951
0.266508 0 0.733492
0.266318 0 0.733682
0.264524 0 0.735476
0.262499 0 0.737501
0.26269 0 0.73731
0.263352 0 0.736648
0.26338 0 0.73662
0.263444 0 0.736556
0.261606 0 0.738394
0.258591 0 0.741409
0.255521 0 0.744479
0.253995 0 0.746005
0.254886 0 0.745114
0.258049 0 0.741951
0.267903 0 0.732097
0.268092 0 0.731908
0.246683 0 0.753317
0.240338 0 0.759662
0.240329 0 0.759671
0.240332 0 0.759668
0.237648 0 0.762352
0.23613 0 0.76387
0.235278 0 0.764722
0.577711 0 0.422289
0.588912 0 0.411088
0.564186 0 0.435814
0.561469 0 0.438531
0.557285 0 0.442715
0.553159 0 0.446841
0.551145 0 0.448855
0.548783 0 0.451217
0.5466 0 0.4534
0.545373 0 0.454627
0.545828 0 0.454172
0.548364 0 0.451636
0.549927 0 0.450073
0.548112 0 0.451888
0.541149 0 0.458851
0.539757 0 0.460243
0.539858 0 0.460142
0.542838 0 0.457162
0.545612 0 0.454388
0.545914 0 0.454086
0.546165 0 0.453835
0.546597 0 0.453403
0.526541 0 0.473459
0.542341 0 0.457659
0.5381 0 0.4619
0.537085 0 0.462915
0.536538 0 0.463462
0.537124 0 0.462876
0.533718 0 0.466282
0.529712 0 0.470288
0.527243 0 0.472757
0.52427 0 0.47573
0.521106 0 0.478894
0.516546 0 0.483454
0.516946 0 0.483054
0.516234 0 0.483766
0.515534 0 0.484466
0.512509 0 0.487491
0.511206 0 0.488794
0.491557 0 0.508443
0.490452 0 0.509548
0.489466 0 0.510534
0.489629 0 0.510371
0.49296 0 0.50704
0.488911 0 0.511089
0.491991 0 0.508009
0.500335 0 0.499665
0.494823 0 0.505177
0.489501 0 0.510499
0.485265 0 0.514735
0.480425 0 0.519575
0.474859 0 0.525141
0.470858 0 0.529142
0.466945 0 0.533055
0.463707 0 0.536293
0.461306 0 0.538694
0.459486 0 0.540514
0.457692 0 0.542308
0.455938 0 0.544062
0.454218 0 0.545782
0.45173 0 0.54827
0.447914 0 0.552086
0.443962 0 0.556038
0.441829 0 0.558171
0.44035 0 0.55965
0.438816 0 0.561184
0.437323 0 0.562677
0.434963 0 0.565037
0.430933 0 0.569067
0.426961 0 0.573039
0.0820965 0 0.917904
0.0820524 0 0.917948
0.078681 0 0.921319
0.0786465 0 0.921354
0.078616 0 0.921384
0.078589 0 0.921411
0.0785662 0 0.921434
0.0785476 0 0.921452
0.0785323 0 0.921468
0.0785215 0 0.921478
0.081838 0 0.918162
0.0818346 0 0.918165
0.0818355 0 0.918164
0.0818403 0 0.91816
0.0818491 0 0.918151
0.081862 0 0.918138
0.0784982 0 0.921502
0.0785185 0 0.921481
0.0785427 0 0.921457
0.0785707 0 0.921429
0.0477202 0 0.95228
0.0477586 0 0.952241
0.0478001 0 0.9522
0.0478444 0 0.952156
0.0478911 0 0.952109
0.0822172 0 0.917783
0.142143 0 0.857857
0.142309 0 0.857691
0.142483 0 0.857517
0.142664 0 0.857336
0.404037 0 0.595963
0.394457 0 0.605543
0.386047 0 0.613953
0.38659 0 0.61341
0.388066 0 0.611934
0.388795 0 0.611205
0.389307 0 0.610693
0.390946 0 0.609054
0.392378 0 0.607622
0.397082 0 0.602918
0.399733 0 0.600267
0.400136 0 0.599864
0.39803 0 0.60197
0.396237 0 0.603763
0.395619 0 0.604381
0.393973 0 0.606027
0.393455 0 0.606545
0.392071 0 0.607929
0.391015 0 0.608985
0.345114 0 0.654886
0.32383 0 0.67617
0.307368 0 0.692631
0.281608 0 0.718392
0.280324 0 0.719676
0.267086 0 0.732914
0.263579 0 0.736421
0.262305 0 0.737695
0.261646 0 0.738354
0.261661 0 0.738339
0.260737 0 0.739263
0.2612 0 0.7388
0.261327 0 0.738673
0.261473 0 0.738527
0.261355 0 0.738645
0.260427 0 0.739573
0.259624 0 0.740376
0.257213 0 0.742787
0.252442 0 0.747558
0.250229 0 0.749771
0.248806 0 0.751194
0.246854 0 0.753146
0.244316 0 0.755684
0.243084 0 0.756916
0.243297 0 0.756703
0.240359 0 0.759641
0.24035 0 0.75965
0.237108 0 0.762892
0.234335 0 0.765665
0.233709 0 0.766291
0.233541 0 0.766459
0.233264 0 0.766736
0.493532 0 0.506468
0.497849 0 0.502151
0.493132 0 0.506868
0.46374 0 0.53626
0.459944 0 0.540056
0.457322 0 0.542678
0.456638 0 0.543362
0.447437 0 0.552563
0.43288 0 0.56712
0.419494 0 0.580506
0.413352 0 0.586648
0.411789 0 0.588211
0.412739 0 0.587261
0.415516 0 0.584484
0.420387 0 0.579613
0.424734 0 0.575266
0.430866 0 0.569134
0.436438 0 0.563562
0.439887 0 0.560113
0.441147 0 0.558853
0.455391 0 0.544609
0.449206 0 0.550794
0.394256 0 0.605744
0.391666 0 0.608334
0.389605 0 0.610395
0.387266 0 0.612734
0.385177 0 0.614823
0.383004 0 0.616996
0.381258 0 0.618742
0.379312 0 0.620688
0.377358 0 0.622642
0.375562 0 0.624438
0.373646 0 0.626354
0.372786 0 0.627214
0.373748 0 0.626252
0.375275 0 0.624725
0.377068 0 0.622932
0.46275 0 0.53725
0.460991 0 0.539009
0.459918 0 0.540082
0.458372 0 0.541628
0.45799 0 0.54201
0.455061 0 0.544939
0.452613 0 0.547387
0.451164 0 0.548836
0.449105 0 0.550895
0.447921 0 0.552079
0.376519 0 0.623481
0.374328 0 0.625672
0.373768 0 0.626232
0.376847 0 0.623152
0.381125 0 0.618875
0.391938 0 0.608062
0.397957 0 0.602043
0.39227 0 0.60773
0.420511 0 0.579489
0.416813 0 0.583187
0.413385 0 0.586615
0.409819 0 0.590181
0.406015 0 0.593985
0.400548 0 0.599452
0.396315 0 0.603685
0.392668 0 0.607332
0.389347 0 0.610653
0.386285 0 0.613715
0.382581 0 0.617419
0.377569 0 0.622431
0.373513 0 0.626487
0.369374 0 0.630626
0.0820986 0 0.917901
0.0817142 0 0.918286
0.081674 0 0.918326
0.0786917 0 0.921308
0.0786615 0 0.921339
0.0786353 0 0.921365
0.078613 0 0.921387
0.0785948 0 0.921405
0.0785805 0 0.92142
0.079476 0 0.920524
0.0814952 0 0.918505
0.0814911 0 0.918509
0.0814903 0 0.91851
0.0814936 0 0.918506
0.0815009 0 0.918499
0.0815123 0 0.918488
0.0786469 0 0.921353
0.0786692 0 0.921331
0.0786953 0 0.921305
0.0787255 0 0.921275
0.0477171 0 0.952283
0.0477524 0 0.952248
0.047794 0 0.952206
0.0478386 0 0.952161
0.0478905 0 0.95211
0.0818429 0 0.918157
0.142145 0 0.857855
0.142312 0 0.857688
0.142485 0 0.857515
0.142667 0 0.857333
0.363951 0 0.636049
0.363373 0 0.636627
0.357703 0 0.642297
0.357426 0 0.642574
0.358658 0 0.641342
0.358846 0 0.641154
0.358189 0 0.641811
0.357599 0 0.642401
0.356909 0 0.643091
0.356033 0 0.643967
0.355006 0 0.644994
0.354384 0 0.645616
0.353574 0 0.646426
0.351836 0 0.648165
0.350841 0 0.649159
0.350053 0 0.649947
0.349158 0 0.650842
0.347902 0 0.652098
0.331719 0 0.668281
0.324983 0 0.675017
0.308122 0 0.691878
0.279534 0 0.720466
0.273767 0 0.726233
0.260824 0 0.739176
0.259367 0 0.740633
0.25856 0 0.74144
0.25938 0 0.74062
0.259248 0 0.740752
0.258702 0 0.741298
0.25905 0 0.74095
0.259892 0 0.740108
0.259774 0 0.740226
0.259796 0 0.740204
0.259615 0 0.740385
0.258746 0 0.741254
0.257739 0 0.742261
0.255117 0 0.744883
0.249037 0 0.750963
0.247266 0 0.752734
0.245725 0 0.754275
0.243428 0 0.756572
0.241628 0 0.758372
0.240354 0 0.759646
0.240476 0 0.759524
0.240973 0 0.759027
0.228875 0 0.771125
0.228711 0 0.771289
0.227606 0 0.772394
0.22859 0 0.77141
0.229175 0 0.770825
0.230561 0 0.769439
0.231495 0 0.768505
0.457018 0 0.542982
0.455759 0 0.544241
0.454526 0 0.545474
0.453268 0 0.546732
0.451551 0 0.548449
0.445372 0 0.554628
0.430514 0 0.569486
0.416904 0 0.583096
0.406907 0 0.593093
0.399803 0 0.600197
0.393908 0 0.606092
0.390485 0 0.609515
0.387789 0 0.612211
0.386371 0 0.613629
0.384124 0 0.615876
0.382496 0 0.617504
0.380811 0 0.619189
0.379032 0 0.620968
0.377598 0 0.622402
0.375791 0 0.624209
0.374241 0 0.625759
0.372684 0 0.627316
0.371173 0 0.628827
0.369672 0 0.630328
0.368207 0 0.631793
0.366777 0 0.633223
0.365374 0 0.634626
0.363997 0 0.636003
0.362645 0 0.637355
0.361318 0 0.638682
0.359985 0 0.640015
0.355943 0 0.644057
0.350093 0 0.649907
0.345519 0 0.654481
0.343334 0 0.656666
0.341693 0 0.658307
0.340609 0 0.659391
0.338775 0 0.661225
0.338173 0 0.661827
0.337202 0 0.662798
0.336622 0 0.663378
0.336028 0 0.663972
0.335446 0 0.664554
0.334876 0 0.665124
0.334318 0 0.665682
0.333772 0 0.666228
0.333263 0 0.666737
0.332809 0 0.667191
0.333149 0 0.666852
0.335021 0 0.664979
0.338006 0 0.661994
0.362409 0 0.637591
0.36064 0 0.63936
0.356569 0 0.643431
0.346996 0 0.653004
0.344442 0 0.655558
0.343572 0 0.656428
0.339557 0 0.660443
0.339091 0 0.660909
0.345134 0 0.654866
0.351812 0 0.648188
0.349442 0 0.650558
0.346355 0 0.653645
0.343217 0 0.656783
0.34027 0 0.65973
0.336396 0 0.663604
0.332997 0 0.667003
0.330279 0 0.669721
0.0817842 0 0.918216
0.0815772 0 0.918423
0.081537 0 0.918463
0.0815009 0 0.918499
0.0789456 0 0.921054
0.0789194 0 0.921081
0.0788972 0 0.921103
0.0788789 0 0.921121
0.0788644 0 0.921136
0.0813715 0 0.918628
0.0813641 0 0.918636
0.0813608 0 0.918639
0.0813612 0 0.918639
0.081366 0 0.918634
0.0474231 0 0.952577
0.0474428 0 0.952557
0.0474649 0 0.952535
0.0474891 0 0.952511
0.0475159 0 0.952484
0.0475447 0 0.952455
0.0475759 0 0.952424
0.0476096 0 0.95239
0.0476459 0 0.952354
0.0476843 0 0.952316
0.047725 0 0.952275
0.0477682 0 0.952232
0.0478141 0 0.952186
0.0478621 0 0.952138
0.0479128 0 0.952087
0.0479652 0 0.952035
0.0480211 0 0.951979
0.326789 0 0.673211
0.325548 0 0.674452
0.325615 0 0.674385
0.325568 0 0.674432
0.325659 0 0.674341
0.326119 0 0.673881
0.325915 0 0.674085
0.32611 0 0.67389
0.326599 0 0.673401
0.326469 0 0.673531
0.326927 0 0.673073
0.325705 0 0.674295
0.321947 0 0.678053
0.321554 0 0.678446
0.319973 0 0.680027
0.318109 0 0.681891
0.316297 0 0.683703
0.312264 0 0.687736
0.299889 0 0.700111
0.291652 0 0.708348
0.265401 0 0.734599
0.256583 0 0.743417
0.253935 0 0.746065
0.251095 0 0.748905
0.249755 0 0.750245
0.24854 0 0.75146
0.247111 0 0.752889
0.252272 0 0.747728
0.256267 0 0.743733
0.256763 0 0.743237
0.258005 0 0.741995
0.257823 0 0.742177
0.257544 0 0.742456
0.257069 0 0.742931
0.255894 0 0.744106
0.252074 0 0.747926
0.247097 0 0.752903
0.245362 0 0.754638
0.24328 0 0.75672
0.240854 0 0.759146
0.239251 0 0.760749
0.237162 0 0.762838
0.229805 0 0.770195
0.226913 0 0.773087
0.226714 0 0.773286
0.226473 0 0.773527
0.226293 0 0.773707
0.226451 0 0.773549
0.227005 0 0.772995
0.227057 0 0.772943
0.228432 0 0.771568
0.229624 0 0.770376
0.447789 0 0.552211
0.446534 0 0.553466
0.445319 0 0.554681
0.443152 0 0.556848
0.43319 0 0.56681
0.418592 0 0.581408
0.405606 0 0.594394
0.397163 0 0.602837
0.389759 0 0.610241
0.387197 0 0.612803
0.385052 0 0.614948
0.382958 0 0.617042
0.380884 0 0.619116
0.378965 0 0.621035
0.37698 0 0.62302
0.375152 0 0.624848
0.37339 0 0.62661
0.371597 0 0.628403
0.369976 0 0.630024
0.36832 0 0.63168
0.366829 0 0.633171
0.365365 0 0.634635
0.363907 0 0.636093
0.36249 0 0.63751
0.361104 0 0.638896
0.359744 0 0.640256
0.358409 0 0.641591
0.357049 0 0.642951
0.353627 0 0.646373
0.348326 0 0.651674
0.345174 0 0.654826
0.342147 0 0.657853
0.339349 0 0.660651
0.337399 0 0.662601
0.33581 0 0.66419
0.333864 0 0.666136
0.332449 0 0.667551
0.330653 0 0.669347
0.328967 0 0.671033
0.327525 0 0.672475
0.325695 0 0.674305
0.323507 0 0.676493
0.322071 0 0.677929
0.320721 0 0.679279
0.3195 0 0.6805
0.31187 0 0.68813
0.307675 0 0.692325
0.305723 0 0.694278
0.304577 0 0.695423
0.310412 0 0.689588
0.315814 0 0.684186
0.319255 0 0.680745
0.315051 0 0.684949
0.312407 0 0.687593
0.307794 0 0.692206
0.306621 0 0.693379
0.301484 0 0.698516
0.296682 0 0.703318
0.293439 0 0.706561
0.29537 0 0.70463
0.304675 0 0.695325
0.30808 0 0.69192
0.307326 0 0.692674
0.306531 0 0.693469
0.306018 0 0.693982
0.30501 0 0.69499
0.303462 0 0.696538
0.0821058 0 0.917894
0.0815812 0 0.918419
0.0815409 0 0.918459
0.0815051 0 0.918495
0.0814735 0 0.918527
0.0814457 0 0.918554
0.081422 0 0.918578
0.0814027 0 0.918597
0.0813871 0 0.918613
0.0813756 0 0.918624
0.0813683 0 0.918632
0.081365 0 0.918635
0.0813657 0 0.918634
0.0483215 0 0.951678
0.0472447 0 0.952755
0.0472642 0 0.952736
0.0472861 0 0.952714
0.04731 0 0.95269
0.0473362 0 0.952664
0.0473651 0 0.952635
0.0473961 0 0.952604
0.0474295 0 0.95257
0.0474652 0 0.952535
0.0475036 0 0.952496
0.0475441 0 0.952456
0.0475869 0 0.952413
0.0476325 0 0.952367
0.0476802 0 0.95232
0.0477302 0 0.95227
0.0477827 0 0.952217
0.0478379 0 0.952162
0.0478955 0 0.952104
0.297427 0 0.702573
0.30013 0 0.69987
0.302184 0 0.697816
0.303137 0 0.696863
0.302735 0 0.697265
0.302103 0 0.697897
0.301936 0 0.698064
0.30106 0 0.69894
0.300088 0 0.699912
0.299204 0 0.700796
0.298289 0 0.701711
0.29735 0 0.70265
0.296289 0 0.703711
0.295392 0 0.704608
0.29352 0 0.70648
0.291437 0 0.708563
0.287264 0 0.712736
0.283618 0 0.716382
0.27488 0 0.72512
0.257729 0 0.742271
0.252939 0 0.747061
0.2464 0 0.7536
0.245334 0 0.754666
0.245665 0 0.754335
0.244722 0 0.755278
0.243149 0 0.756851
0.243339 0 0.756661
0.243907 0 0.756093
0.24533 0 0.75467
0.251049 0 0.748951
0.253118 0 0.746882
0.254142 0 0.745858
0.254599 0 0.745401
0.252758 0 0.747242
0.245479 0 0.754521
0.245088 0 0.754912
0.243459 0 0.756541
0.223942 0 0.776058
0.223854 0 0.776146
0.223528 0 0.776473
0.223361 0 0.776639
0.224466 0 0.775535
0.225347 0 0.774653
0.22515 0 0.77485
0.225087 0 0.774913
0.224997 0 0.775003
0.22513 0 0.77487
0.224579 0 0.775421
0.224482 0 0.775518
0.223801 0 0.776199
0.218063 0 0.781937
0.218705 0 0.781295
0.437703 0 0.562297
0.436436 0 0.563564
0.435242 0 0.564758
0.422979 0 0.577021
0.40634 0 0.59366
0.39583 0 0.60417
0.388011 0 0.611989
0.384976 0 0.615024
0.38284 0 0.61716
0.380744 0 0.619256
0.378686 0 0.621314
0.376666 0 0.623334
0.374687 0 0.625313
0.372738 0 0.627262
0.370831 0 0.629169
0.36896 0 0.63104
0.367117 0 0.632883
0.365427 0 0.634573
0.363598 0 0.636402
0.361987 0 0.638013
0.360127 0 0.639874
0.358658 0 0.641342
0.35722 0 0.64278
0.35584 0 0.64416
0.354274 0 0.645726
0.351578 0 0.648422
0.34789 0 0.65211
0.343506 0 0.656494
0.33916 0 0.66084
0.335685 0 0.664315
0.333898 0 0.666102
0.33225 0 0.66775
0.330517 0 0.669483
0.328824 0 0.671176
0.327167 0 0.672833
0.325496 0 0.674504
0.32352 0 0.67648
0.320413 0 0.679587
0.317379 0 0.682621
0.315107 0 0.684893
0.311011 0 0.688989
0.30698 0 0.69302
0.302039 0 0.697961
0.297126 0 0.702874
0.289348 0 0.710652
0.284381 0 0.715619
0.290123 0 0.709877
0.295249 0 0.704751
0.300974 0 0.699026
0.302705 0 0.697295
0.302411 0 0.697589
0.300374 0 0.699626
0.298055 0 0.701944
0.289899 0 0.710101
0.27209 0 0.72791
0.26753 0 0.73247
0.264209 0 0.735791
0.263147 0 0.736853
0.261834 0 0.738166
0.267178 0 0.732822
0.271044 0 0.728956
0.274182 0 0.725818
0.274783 0 0.725217
0.273422 0 0.726578
0.272431 0 0.727569
0.271624 0 0.728376
0.270874 0 0.729126
0.0815863 0 0.918414
0.081546 0 0.918454
0.0815104 0 0.91849
0.0814784 0 0.918522
0.0814508 0 0.918549
0.0814271 0 0.918573
0.0814076 0 0.918592
0.081392 0 0.918608
0.0813805 0 0.918619
0.0813732 0 0.918627
0.0813699 0 0.91863
0.0538951 0 0.946105
0.047051 0 0.952949
0.0470683 0 0.952932
0.0470872 0 0.952913
0.0471088 0 0.952891
0.0471328 0 0.952867
0.0471592 0 0.952841
0.0471876 0 0.952812
0.0472186 0 0.952781
0.0472516 0 0.952748
0.0472871 0 0.952713
0.0473249 0 0.952675
0.0473654 0 0.952635
0.047408 0 0.952592
0.0474529 0 0.952547
0.0474999 0 0.9525
0.04755 0 0.95245
0.0476021 0 0.952398
0.0476566 0 0.952343
0.0477139 0 0.952286
0.273021 0 0.726979
0.275672 0 0.724328
0.277504 0 0.722496
0.275914 0 0.724086
0.275848 0 0.724152
0.276247 0 0.723753
0.27662 0 0.72338
0.277742 0 0.722258
0.279112 0 0.720888
0.280669 0 0.719331
0.279349 0 0.720651
0.277483 0 0.722517
0.276726 0 0.723274
0.276333 0 0.723667
0.273736 0 0.726264
0.271332 0 0.728668
0.268661 0 0.731339
0.262537 0 0.737463
0.257866 0 0.742134
0.252136 0 0.747864
0.246564 0 0.753435
0.243274 0 0.756726
0.241585 0 0.758415
0.236732 0 0.763268
0.236334 0 0.763667
0.236062 0 0.763938
0.234885 0 0.765115
0.235536 0 0.764464
0.237099 0 0.762901
0.23718 0 0.76282
0.237588 0 0.762412
0.238403 0 0.761597
0.240014 0 0.759986
0.241221 0 0.758779
0.218816 0 0.781184
0.218379 0 0.781621
0.21933 0 0.78067
0.220389 0 0.779611
0.220943 0 0.779057
0.220983 0 0.779017
0.22081 0 0.77919
0.220732 0 0.779268
0.222885 0 0.777115
0.223768 0 0.776232
0.223767 0 0.776233
0.223713 0 0.776287
0.22296 0 0.77704
0.222351 0 0.777649
0.218795 0 0.781205
0.215962 0 0.784038
0.215366 0 0.784634
0.215293 0 0.784707
0.216784 0 0.783216
0.424734 0 0.575266
0.421747 0 0.578253
0.411101 0 0.588899
0.394708 0 0.605292
0.386687 0 0.613313
0.382792 0 0.617208
0.380659 0 0.619341
0.378576 0 0.621424
0.376534 0 0.623466
0.374515 0 0.625485
0.372548 0 0.627452
0.370601 0 0.629399
0.368707 0 0.631293
0.366837 0 0.633162
0.365003 0 0.634997
0.363202 0 0.636798
0.361423 0 0.638577
0.359698 0 0.640302
0.357914 0 0.642086
0.355974 0 0.644026
0.354402 0 0.645598
0.351323 0 0.648677
0.348062 0 0.651938
0.343934 0 0.656066
0.33955 0 0.66045
0.335288 0 0.664712
0.331847 0 0.668153
0.330167 0 0.669833
0.328512 0 0.671488
0.326875 0 0.673125
0.325291 0 0.674709
0.323639 0 0.67636
0.320864 0 0.679136
0.317902 0 0.682098
0.315182 0 0.684818
0.312416 0 0.687584
0.309569 0 0.690431
0.306153 0 0.693847
0.30254 0 0.69746
0.298544 0 0.701456
0.295333 0 0.704667
0.291825 0 0.708175
0.2844 0 0.7156
0.277459 0 0.722541
0.278929 0 0.721071
0.280136 0 0.719864
0.279576 0 0.720424
0.279709 0 0.720291
0.279106 0 0.720894
0.27581 0 0.72419
0.272025 0 0.727975
0.256576 0 0.743424
0.250015 0 0.749985
0.245796 0 0.754204
0.243906 0 0.756094
0.241186 0 0.758814
0.240379 0 0.759621
0.24222 0 0.75778
0.246688 0 0.753312
0.249337 0 0.750663
0.250573 0 0.749427
0.251391 0 0.748609
0.250801 0 0.7492
0.250141 0 0.749858
0.249446 0 0.750554
0.248905 0 0.751095
0.0820726 0 0.917927
0.0815522 0 0.918448
0.0815165 0 0.918483
0.0814845 0 0.918515
0.0814568 0 0.918543
0.0814334 0 0.918567
0.0814137 0 0.918586
0.0813983 0 0.918602
0.0813868 0 0.918613
0.0813795 0 0.918621
0.0813762 0 0.918624
0.0485764 0 0.951424
0.0468764 0 0.953124
0.0468934 0 0.953107
0.0469125 0 0.953088
0.0469339 0 0.953066
0.0469573 0 0.953043
0.0469834 0 0.953017
0.0470118 0 0.952988
0.0470423 0 0.952958
0.0470755 0 0.952925
0.0471106 0 0.952889
0.0471485 0 0.952852
0.0471884 0 0.952812
0.0472303 0 0.95277
0.0472749 0 0.952725
0.0473219 0 0.952678
0.0473717 0 0.952628
0.0474234 0 0.952577
0.0474776 0 0.952522
0.0475342 0 0.952466
0.0475932 0 0.952407
0.257009 0 0.742991
0.256535 0 0.743465
0.255984 0 0.744016
0.259774 0 0.740226
0.264952 0 0.735048
0.267719 0 0.732281
0.269929 0 0.730071
0.269987 0 0.730013
0.269443 0 0.730557
0.268188 0 0.731812
0.265408 0 0.734592
0.26151 0 0.73849
0.257048 0 0.742952
0.254963 0 0.745037
0.252042 0 0.747958
0.249475 0 0.750525
0.246462 0 0.753538
0.243701 0 0.756299
0.242132 0 0.757868
0.241087 0 0.758913
0.239114 0 0.760886
0.234774 0 0.765226
0.233476 0 0.766524
0.223973 0 0.776027
0.220766 0 0.779234
0.213885 0 0.786115
0.211406 0 0.788594
0.206567 0 0.793433
0.206099 0 0.793901
0.206882 0 0.793118
0.206744 0 0.793256
0.206986 0 0.793014
0.207231 0 0.792769
0.21066 0 0.78934
0.212172 0 0.787828
0.215357 0 0.784643
0.217654 0 0.782346
0.219075 0 0.780925
0.218962 0 0.781038
0.218906 0 0.781094
0.219007 0 0.780993
0.220272 0 0.779728
0.22218 0 0.77782
0.222465 0 0.777535
0.221656 0 0.778344
0.220826 0 0.779174
0.217508 0 0.782492
0.214582 0 0.785418
0.21378 0 0.78622
0.213176 0 0.786824
0.212948 0 0.787052
0.2139 0 0.7861
0.216212 0 0.783788
0.407947 0 0.592053
0.396302 0 0.603698
0.385439 0 0.614561
0.380659 0 0.619341
0.378532 0 0.621468
0.376458 0 0.623542
0.374414 0 0.625586
0.372409 0 0.627591
0.37044 0 0.62956
0.368513 0 0.631487
0.36661 0 0.63339
0.364752 0 0.635248
0.362918 0 0.637082
0.360639 0 0.639361
0.358984 0 0.641016
0.355825 0 0.644175
0.35259 0 0.64741
0.349266 0 0.650734
0.346006 0 0.653994
0.342867 0 0.657133
0.339748 0 0.660252
0.335748 0 0.664252
0.331562 0 0.668438
0.328246 0 0.671754
0.326564 0 0.673436
0.324906 0 0.675094
0.323272 0 0.676728
0.321519 0 0.678481
0.319652 0 0.680348
0.317667 0 0.682333
0.314914 0 0.685086
0.312104 0 0.687896
0.309354 0 0.690646
0.306662 0 0.693338
0.304491 0 0.695509
0.302614 0 0.697386
0.2994 0 0.7006
0.296198 0 0.703802
0.292774 0 0.707226
0.289438 0 0.710562
0.282631 0 0.717369
0.277503 0 0.722497
0.272728 0 0.727272
0.270401 0 0.729599
0.256334 0 0.743666
0.257662 0 0.742338
0.256713 0 0.743286
0.254723 0 0.745277
0.252211 0 0.747789
0.237319 0 0.762681
0.233679 0 0.766321
0.228789 0 0.771211
0.224858 0 0.775142
0.223861 0 0.776139
0.220333 0 0.779667
0.221878 0 0.778122
0.224198 0 0.775802
0.232113 0 0.767887
0.234148 0 0.765852
0.23379 0 0.76621
0.233394 0 0.766606
0.232828 0 0.767172
0.231993 0 0.768007
0.231268 0 0.768732
0.230853 0 0.769147
0.086731 0 0.913269
0.0815592 0 0.918441
0.0815235 0 0.918477
0.0814915 0 0.918509
0.0814639 0 0.918536
0.0814406 0 0.918559
0.0814207 0 0.918579
0.0814052 0 0.918595
0.0813938 0 0.918606
0.0813864 0 0.918614
0.0542076 0 0.945792
0.0466891 0 0.953311
0.0467036 0 0.953296
0.0467202 0 0.95328
0.0467394 0 0.953261
0.0467605 0 0.95324
0.046784 0 0.953216
0.0468099 0 0.95319
0.0468381 0 0.953162
0.0468683 0 0.953132
0.0469009 0 0.953099
0.0469358 0 0.953064
0.0469733 0 0.953027
0.0470129 0 0.952987
0.0470549 0 0.952945
0.0470995 0 0.9529
0.0471459 0 0.952854
0.0471949 0 0.952805
0.0472464 0 0.952754
0.0473002 0 0.9527
0.0473565 0 0.952644
0.0474147 0 0.952585
0.234375 0 0.765625
0.237025 0 0.762975
0.239577 0 0.760423
0.240343 0 0.759657
0.24553 0 0.75447
0.246218 0 0.753782
0.247392 0 0.752608
0.248785 0 0.751215
0.249994 0 0.750006
0.247744 0 0.752256
0.244652 0 0.755348
0.24231 0 0.75769
0.24071 0 0.75929
0.240023 0 0.759977
0.238341 0 0.761659
0.236504 0 0.763496
0.236001 0 0.763999
0.234605 0 0.765395
0.231963 0 0.768037
0.229874 0 0.770126
0.22955 0 0.77045
0.22354 0 0.77646
0.221893 0 0.778107
0.214668 0 0.785332
0.207061 0 0.792939
0.20626 0 0.79374
0.204314 0 0.795686
0.195507 0 0.804493
0.194129 0 0.805871
0.193052 0 0.806948
0.192874 0 0.807126
0.194334 0 0.805666
0.197303 0 0.802697
0.204892 0 0.795108
0.207803 0 0.792197
0.211267 0 0.788733
0.213492 0 0.786508
0.216504 0 0.783496
0.21676 0 0.78324
0.216736 0 0.783264
0.217267 0 0.782733
0.218322 0 0.781678
0.219499 0 0.780501
0.220435 0 0.779565
0.219498 0 0.780502
0.208054 0 0.791946
0.20595 0 0.79405
0.206275 0 0.793725
0.207527 0 0.792472
0.208889 0 0.791111
0.209525 0 0.790475
0.211393 0 0.788607
0.213095 0 0.786905
0.215758 0 0.784242
0.385438 0 0.614562
0.378666 0 0.621334
0.376453 0 0.623547
0.374375 0 0.625625
0.372345 0 0.627655
0.370287 0 0.629713
0.368276 0 0.631724
0.366153 0 0.633847
0.363736 0 0.636264
0.360925 0 0.639075
0.357442 0 0.642558
0.353991 0 0.646009
0.350597 0 0.649403
0.34732 0 0.65268
0.344084 0 0.655916
0.340903 0 0.659097
0.337825 0 0.662175
0.334772 0 0.665228
0.331695 0 0.668305
0.327958 0 0.672042
0.324863 0 0.675137
0.323071 0 0.676929
0.321358 0 0.678642
0.319495 0 0.680505
0.317578 0 0.682422
0.315733 0 0.684267
0.313907 0 0.686093
0.312037 0 0.687963
0.309497 0 0.690503
0.306757 0 0.693243
0.304098 0 0.695902
0.302013 0 0.697987
0.300253 0 0.699747
0.298459 0 0.701541
0.29635 0 0.70365
0.29349 0 0.70651
0.290636 0 0.709364
0.287345 0 0.712655
0.281594 0 0.718406
0.276937 0 0.723063
0.272838 0 0.727162
0.237613 0 0.762387
0.235156 0 0.764844
0.234992 0 0.765008
0.233855 0 0.766145
0.232789 0 0.767211
0.232075 0 0.767925
0.217608 0 0.782392
0.212662 0 0.787338
0.209837 0 0.790163
0.208101 0 0.791899
0.205943 0 0.794057
0.20551 0 0.79449
0.205735 0 0.794265
0.209418 0 0.790582
0.212027 0 0.787973
0.214172 0 0.785828
0.21591 0 0.78409
0.217397 0 0.782603
0.216893 0 0.783107
0.216422 0 0.783578
0.21599 0 0.78401
0.215648 0 0.784352
0.215305 0 0.784695
0.21499 0 0.78501
0.086041 0 0.913959
0.0815317 0 0.918468
0.0815001 0 0.9185
0.0814723 0 0.918528
0.0814485 0 0.918551
0.081429 0 0.918571
0.0814134 0 0.918587
0.081402 0 0.918598
0.0813946 0 0.918605
0.0488303 0 0.95117
0.0465179 0 0.953482
0.0465325 0 0.953467
0.0465492 0 0.953451
0.0465678 0 0.953432
0.0465891 0 0.953411
0.0466125 0 0.953388
0.0466405 0 0.953359
0.0466737 0 0.953326
0.0467096 0 0.95329
0.0467478 0 0.953252
0.0467887 0 0.953211
0.0468316 0 0.953168
0.0468776 0 0.953122
0.0469255 0 0.953075
0.0469755 0 0.953025
0.0470288 0 0.952971
0.0470842 0 0.952916
0.0471419 0 0.952858
0.0472028 0 0.952797
0.047266 0 0.952734
0.0473313 0 0.952669
0.0473993 0 0.952601
0.214452 0 0.785548
0.219608 0 0.780392
0.223857 0 0.776143
0.22964 0 0.77036
0.230611 0 0.769389
0.231465 0 0.768535
0.231727 0 0.768273
0.231924 0 0.768076
0.232104 0 0.767896
0.231977 0 0.768023
0.231734 0 0.768266
0.231413 0 0.768587
0.231479 0 0.768521
0.230642 0 0.769358
0.229421 0 0.770579
0.227903 0 0.772097
0.226034 0 0.773966
0.224217 0 0.775783
0.219367 0 0.780633
0.21335 0 0.78665
0.209526 0 0.790474
0.206776 0 0.793224
0.205992 0 0.794008
0.204601 0 0.795399
0.200802 0 0.799198
0.195051 0 0.804949
0.192818 0 0.807182
0.19129 0 0.80871
0.190631 0 0.809369
0.190553 0 0.809447
0.189772 0 0.810228
0.188934 0 0.811066
0.189566 0 0.810434
0.18836 0 0.811639
0.187661 0 0.812339
0.186598 0 0.813402
0.187334 0 0.812666
0.188866 0 0.811134
0.214521 0 0.785479
0.215034 0 0.784966
0.216161 0 0.783839
0.202593 0 0.797407
0.202002 0 0.797998
0.202185 0 0.797815
0.20269 0 0.79731
0.203409 0 0.796591
0.204432 0 0.795568
0.204439 0 0.795561
0.204406 0 0.795594
0.205584 0 0.794416
0.207417 0 0.792583
0.210187 0 0.789813
0.212791 0 0.787209
0.215115 0 0.784885
0.374187 0 0.625813
0.372344 0 0.627656
0.369262 0 0.630738
0.366349 0 0.633651
0.362684 0 0.637316
0.359073 0 0.640927
0.355575 0 0.644425
0.35212 0 0.64788
0.348758 0 0.651242
0.345448 0 0.654552
0.34224 0 0.65776
0.339091 0 0.660909
0.335985 0 0.664015
0.332965 0 0.667035
0.330012 0 0.669988
0.327033 0 0.672967
0.324089 0 0.675911
0.321366 0 0.678634
0.31949 0 0.68051
0.317554 0 0.682446
0.315662 0 0.684338
0.313771 0 0.686229
0.311952 0 0.688048
0.310144 0 0.689857
0.308367 0 0.691633
0.306541 0 0.693459
0.304232 0 0.695768
0.301639 0 0.698361
0.299623 0 0.700377
0.297869 0 0.702131
0.296164 0 0.703836
0.294478 0 0.705522
0.292749 0 0.707251
0.29033 0 0.70967
0.287742 0 0.712258
0.285212 0 0.714788
0.279889 0 0.720111
0.276223 0 0.723777
0.233197 0 0.766803
0.230215 0 0.769785
0.220228 0 0.779772
0.217457 0 0.782543
0.216857 0 0.783143
0.216337 0 0.783663
0.215687 0 0.784313
0.202078 0 0.797922
0.195375 0 0.804625
0.194086 0 0.805914
0.193062 0 0.806938
0.192413 0 0.807587
0.193287 0 0.806713
0.194439 0 0.805561
0.195271 0 0.804729
0.196076 0 0.803924
0.197406 0 0.802594
0.198805 0 0.801196
0.2003 0 0.7997
0.201685 0 0.798315
0.202163 0 0.797837
0.201763 0 0.798237
0.201532 0 0.798468
0.201321 0 0.798679
0.201082 0 0.798918
0.0845989 0 0.915401
0.0845589 0 0.915441
0.0815407 0 0.918459
0.0815091 0 0.918491
0.0814813 0 0.918519
0.0814575 0 0.918542
0.0814382 0 0.918562
0.0814227 0 0.918577
0.0814113 0 0.918589
0.0545188 0 0.945481
0.0464713 0 0.953529
0.0464882 0 0.953512
0.0465071 0 0.953493
0.0465284 0 0.953472
0.0465526 0 0.953447
0.0465788 0 0.953421
0.0466074 0 0.953393
0.0466383 0 0.953362
0.0466719 0 0.953328
0.0467078 0 0.953292
0.046746 0 0.953254
0.0467866 0 0.953213
0.0468299 0 0.95317
0.0468751 0 0.953125
0.0469234 0 0.953077
0.0469737 0 0.953026
0.0470271 0 0.952973
0.0470821 0 0.952918
0.0471402 0 0.95286
0.0472007 0 0.952799
0.047264 0 0.952736
0.0473293 0 0.952671
0.0473973 0 0.952603
0.0474681 0 0.952532
0.200863 0 0.799137
0.20328 0 0.79672
0.206946 0 0.793054
0.218253 0 0.781747
0.218119 0 0.781881
0.218235 0 0.781765
0.217958 0 0.782042
0.217697 0 0.782303
0.217474 0 0.782526
0.210736 0 0.789263
0.209955 0 0.790045
0.209257 0 0.790743
0.208768 0 0.791232
0.209012 0 0.790988
0.209264 0 0.790736
0.209524 0 0.790476
0.209408 0 0.790592
0.207519 0 0.792481
0.206562 0 0.793437
0.205804 0 0.794196
0.205225 0 0.794775
0.202462 0 0.797538
0.197721 0 0.802279
0.194387 0 0.805614
0.191893 0 0.808107
0.190742 0 0.809258
0.189279 0 0.810721
0.189042 0 0.810958
0.188884 0 0.811116
0.188225 0 0.811775
0.187413 0 0.812587
0.186188 0 0.813812
0.185239 0 0.814761
0.18288 0 0.81712
0.182986 0 0.817014
0.183433 0 0.816567
0.184277 0 0.815723
0.186722 0 0.813278
0.18863 0 0.81137
0.190496 0 0.809504
0.191389 0 0.808611
0.196665 0 0.803335
0.198609 0 0.801391
0.200261 0 0.799739
0.201492 0 0.798508
0.202603 0 0.797397
0.202904 0 0.797096
0.20314 0 0.79686
0.203987 0 0.796013
0.205194 0 0.794806
0.207156 0 0.792844
0.209013 0 0.790987
0.212364 0 0.787636
0.214671 0 0.785329
0.321491 0 0.678509
0.320497 0 0.679503
0.319525 0 0.680475
0.318485 0 0.681515
0.317572 0 0.682428
0.316537 0 0.683463
0.315627 0 0.684373
0.314602 0 0.685398
0.313575 0 0.686425
0.312664 0 0.687336
0.312096 0 0.687904
0.312148 0 0.687852
0.312446 0 0.687554
0.312751 0 0.687249
0.313012 0 0.686988
0.313291 0 0.686709
0.312115 0 0.687885
0.31077 0 0.68923
0.309258 0 0.690742
0.307877 0 0.692123
0.306166 0 0.693834
0.304516 0 0.695484
0.303018 0 0.696982
0.301214 0 0.698786
0.299194 0 0.700806
0.29731 0 0.70269
0.295334 0 0.704666
0.293757 0 0.706243
0.291779 0 0.708221
0.290235 0 0.709765
0.288056 0 0.711944
0.286306 0 0.713694
0.283474 0 0.716526
0.280732 0 0.719268
0.276611 0 0.723389
0.272972 0 0.727028
0.204883 0 0.795117
0.204204 0 0.795796
0.203455 0 0.796545
0.202832 0 0.797168
0.202277 0 0.797723
0.189638 0 0.810362
0.186636 0 0.813364
0.182653 0 0.817347
0.181058 0 0.818942
0.179821 0 0.820179
0.17977 0 0.82023
0.179932 0 0.820068
0.180582 0 0.819418
0.181563 0 0.818437
0.183715 0 0.816285
0.186721 0 0.813279
0.188276 0 0.811724
0.189393 0 0.810607
0.18979 0 0.81021
0.18993 0 0.81007
0.189791 0 0.810209
0.189596 0 0.810404
0.189402 0 0.810598
0.18921 0 0.81079
0.189004 0 0.810996
0.188798 0 0.811202
0.0842284 0 0.915772
0.0841889 0 0.915811
0.0841536 0 0.915846
0.0815191 0 0.918481
0.0814915 0 0.918509
0.0814675 0 0.918532
0.0814482 0 0.918552
0.0814327 0 0.918567
0.0814213 0 0.918579
0.0490863 0 0.950914
0.0464699 0 0.95353
0.0464869 0 0.953513
0.0465061 0 0.953494
0.0465274 0 0.953473
0.0465513 0 0.953449
0.0465776 0 0.953422
0.0466061 0 0.953394
0.0466374 0 0.953363
0.0466707 0 0.953329
0.0467065 0 0.953293
0.0467445 0 0.953256
0.0467854 0 0.953215
0.0468283 0 0.953172
0.0468739 0 0.953126
0.0469219 0 0.953078
0.0469725 0 0.953027
0.0470256 0 0.952974
0.0470806 0 0.952919
0.0471388 0 0.952861
0.0471993 0 0.952801
0.0472625 0 0.952738
0.0473278 0 0.952672
0.0473959 0 0.952604
0.0474667 0 0.952533
0.187999 0 0.812001
0.190914 0 0.809086
0.191772 0 0.808228
0.201683 0 0.798317
0.204034 0 0.795966
0.20477 0 0.79523
0.204674 0 0.795326
0.20433 0 0.79567
0.204152 0 0.795848
0.203953 0 0.796047
0.203277 0 0.796723
0.202959 0 0.797041
0.202746 0 0.797254
0.202588 0 0.797412
0.201418 0 0.798582
0.200456 0 0.799544
0.201128 0 0.798872
0.200846 0 0.799154
0.20047 0 0.79953
0.200443 0 0.799557
0.200054 0 0.799946
0.194982 0 0.805018
0.193488 0 0.806512
0.191073 0 0.808927
0.190051 0 0.809949
0.188904 0 0.811096
0.187653 0 0.812347
0.187547 0 0.812453
0.187245 0 0.812755
0.186744 0 0.813256
0.185731 0 0.814269
0.184268 0 0.815732
0.175934 0 0.824066
0.176251 0 0.823749
0.176893 0 0.823107
0.176842 0 0.823158
0.177887 0 0.822113
0.179614 0 0.820386
0.181362 0 0.818638
0.184404 0 0.815596
0.186225 0 0.813775
0.187444 0 0.812556
0.188293 0 0.811707
0.188684 0 0.811316
0.188761 0 0.811239
0.188948 0 0.811052
0.189502 0 0.810498
0.190641 0 0.809359
0.202569 0 0.797431
0.203599 0 0.796401
0.204878 0 0.795122
0.206309 0 0.793691
0.208179 0 0.791821
0.211616 0 0.788384
0.18258 0 0.81742
 ] }
}
